,date,open,close,volume
0,2019-08-16,2580,2635,1046664
1,2019-08-19,2665,2635,1022044
2,2019-08-20,2650,2755,3309573
3,2019-08-21,2725,2815,1910181
4,2019-08-22,2805,2810,2312174
5,2019-08-23,2790,2800,983543
6,2019-08-26,2710,2630,1440060
7,2019-08-27,2685,2675,1074939
8,2019-08-28,2675,2805,1247250
9,2019-08-29,2830,2795,959419
10,2019-08-30,2835,2800,983928
11,2019-09-02,2785,2835,584224
12,2019-09-03,2840,2875,1118560
13,2019-09-04,2855,2965,4903827
14,2019-09-05,2965,2935,1764651
15,2019-09-06,2955,2885,818051
16,2019-09-09,2880,2840,931359
17,2019-09-10,2830,2815,678758
18,2019-09-11,2820,2870,926858
19,2019-09-16,2890,2970,996412
20,2019-09-17,2970,3015,1593445
21,2019-09-18,3015,2955,963711
22,2019-09-19,2960,2975,723095
23,2019-09-20,3000,2940,664479
24,2019-09-23,2930,2880,655845
25,2019-09-24,2820,2895,799044
26,2019-09-25,2895,2780,1018092
27,2019-09-26,2790,2825,703711
28,2019-09-27,2825,2805,595722
29,2019-09-30,2805,2740,520632
30,2019-10-01,2735,2850,1179669
31,2019-10-02,2805,2780,488945
32,2019-10-04,2775,2740,607398
33,2019-10-07,2740,2880,1606366
34,2019-10-08,2850,2815,1115825
35,2019-10-10,2800,2850,684467
36,2019-10-11,2850,2880,4832558
37,2019-10-14,2925,2900,1734487
38,2019-10-15,2890,2970,1905044
39,2019-10-16,2970,3075,6092778
40,2019-10-17,3100,3010,2497334
41,2019-10-18,3030,3010,1135608
42,2019-10-21,2980,2910,1363035
43,2019-10-22,2910,2975,2276230
44,2019-10-23,2995,3055,3785434
45,2019-10-24,3100,3080,8500883
46,2019-10-25,3070,2995,2077482
47,2019-10-28,3000,3065,2742376
48,2019-10-29,3060,3130,7977292
49,2019-10-30,3135,3035,1942834
50,2019-10-31,3065,3030,1895113
51,2019-11-01,3020,3085,1213122
52,2019-11-04,3125,3135,3117214
53,2019-11-05,3140,3300,9261933
54,2019-11-06,3310,3220,4430521
55,2019-11-07,3210,3150,2094868
56,2019-11-08,3175,3200,1934209
57,2019-11-11,3255,3220,2175536
58,2019-11-12,3935,3420,47451618
59,2019-11-13,3475,4445,80941216
60,2019-11-14,4545,4490,102949973
61,2019-11-15,4445,4240,25075700
62,2019-11-18,4135,4290,56441608
63,2019-11-19,4480,4105,19999521
64,2019-11-20,4105,4090,12203679
65,2019-11-21,4075,3850,8139408
66,2019-11-22,3855,3985,33549761
67,2019-11-25,4035,4135,17646964
68,2019-11-26,4190,4090,6943912
69,2019-11-27,4090,3955,5527859
70,2019-11-28,3975,4060,9510948
71,2019-11-29,4060,3940,3805103
72,2019-12-02,3920,4035,6142815
73,2019-12-03,3990,4010,9350137
74,2019-12-04,4010,4010,5443593
75,2019-12-05,4030,3825,8459321
76,2019-12-06,3815,3745,5252088
77,2019-12-09,3785,3715,4683057
78,2019-12-10,3705,3840,4577885
79,2019-12-11,3870,3780,3195178
80,2019-12-12,3815,3860,5834540
81,2019-12-13,3920,3975,7304128
82,2019-12-16,4050,4020,3303494
83,2019-12-17,4050,4180,10659495
84,2019-12-18,4375,4060,23726079
85,2019-12-19,4060,4000,4841013
86,2019-12-20,4050,4050,3209423
87,2019-12-23,4050,4200,7687256
88,2019-12-24,4155,4000,6748747
89,2019-12-26,3975,3980,3342978
90,2019-12-27,4010,4080,4649590
91,2019-12-30,4125,4250,11685085
92,2020-01-02,4330,4400,19515587
93,2020-01-03,4390,4220,7365679
94,2020-01-06,4085,4020,4657027
95,2020-01-07,4070,4060,3023131
96,2020-01-08,4045,3870,5565585
97,2020-01-09,4000,3990,2895851
98,2020-01-10,4020,4030,1892689
99,2020-01-13,4030,4050,2195179
100,2020-01-14,4075,3990,1997064
101,2020-01-15,4010,3995,1330985
102,2020-01-16,4015,3985,1540835
103,2020-01-17,4025,3940,1864986
104,2020-01-20,3965,4000,3514186
105,2020-01-21,4005,3950,1858130
106,2020-01-22,3955,4045,4057176
107,2020-01-23,4095,4005,2026038
108,2020-01-28,3855,3935,2092035
109,2020-01-29,3950,3920,1183039
110,2020-01-30,3910,3740,2410644
111,2020-01-31,3730,3580,2423454
112,2020-02-03,3460,3795,5507178
113,2020-02-04,3790,3950,2466092
114,2020-02-05,4005,4115,11144087
115,2020-02-06,4170,4115,4130914
116,2020-02-07,4165,4150,9959603
117,2020-02-10,4155,4175,2007145
118,2020-02-11,4200,4155,1765981
119,2020-02-12,4160,4270,4753705
120,2020-02-13,4300,4185,3063499
121,2020-02-14,4190,4170,2254460
122,2020-02-17,4160,4175,1522291
123,2020-02-18,4175,4070,2051008
124,2020-02-19,4065,4220,3895280
125,2020-02-20,4225,4080,2693475
126,2020-02-21,4055,3930,2020412
127,2020-02-24,3815,3670,2792448
128,2020-02-25,3590,3915,2545995
129,2020-02-26,3810,3860,1652441
130,2020-02-27,3855,3760,2231863
131,2020-02-28,3710,3575,2680637
132,2020-03-02,3575,3710,2118961
133,2020-03-03,3820,3730,1822685
134,2020-03-04,3700,3865,1564174
135,2020-03-05,3935,3965,2285020
136,2020-03-06,3935,3915,2059869
137,2020-03-09,3830,3710,2144738
138,2020-03-10,3640,3805,2241650
139,2020-03-11,3860,3585,2636611
140,2020-03-12,3500,3450,3251810
141,2020-03-13,3230,3185,4700051
142,2020-03-16,3270,3035,2891689
143,2020-03-17,2835,3195,4028089
144,2020-03-18,3230,2950,3837456
145,2020-03-19,3020,2790,7311434
146,2020-03-20,2820,3030,3582879
147,2020-03-23,2885,2905,3788568
148,2020-03-24,3010,3080,4275997
149,2020-03-25,3205,3200,4034042
150,2020-03-26,3235,3265,5312519
151,2020-03-27,3400,3420,16419497
152,2020-03-30,3400,3630,5709098
153,2020-03-31,3730,3680,6447837
154,2020-04-01,3970,3595,7757637
155,2020-04-02,3595,3685,2953914
156,2020-04-03,3735,3775,4776489
157,2020-04-06,4005,3905,6183347
158,2020-04-07,3955,4010,6007687
159,2020-04-08,4040,4000,6483785
160,2020-04-09,4030,4055,3065891
161,2020-04-10,4080,3960,4270646
162,2020-04-13,3955,3955,3063903
163,2020-04-14,3990,3960,9648650
164,2020-04-16,3960,4030,2476299
165,2020-04-17,4070,4035,2755973
166,2020-04-20,4080,4045,3817883
167,2020-04-21,4050,3925,3919888
168,2020-04-22,3935,3970,1866497
169,2020-04-23,3970,4020,2472204
170,2020-04-24,4000,3915,2719381
171,2020-04-27,3965,3935,1370178
172,2020-04-28,3940,3870,1965109
173,2020-04-29,3850,3820,1709939
174,2020-05-04,3755,3810,1162826
175,2020-05-06,3810,3975,3341494
176,2020-05-07,3980,3945,1385838
177,2020-05-08,4000,4285,18975523
178,2020-05-11,4510,4200,25797830
179,2020-05-12,4200,4410,10069753
180,2020-05-13,4330,4295,7822792
181,2020-05-14,4240,4280,5068334
182,2020-05-15,4295,4405,11899639
183,2020-05-18,4640,4390,15130309
184,2020-05-19,4400,4290,3456830
185,2020-05-20,4260,4290,2049250
186,2020-05-21,4325,4255,1972636
187,2020-05-22,4285,4170,2031207
188,2020-05-25,4180,4230,1628817
189,2020-05-26,4240,4220,1621429
190,2020-05-27,4230,4190,1994343
191,2020-05-28,4220,4125,2868454
192,2020-05-29,4120,4075,1680061
193,2020-06-01,4080,4185,2048478
194,2020-06-02,4185,4480,14622904
195,2020-06-03,4270,4225,4685815
196,2020-06-04,4250,4245,2451435
197,2020-06-05,4210,4250,3420909
198,2020-06-08,4275,4320,3497658
199,2020-06-09,4350,4285,2624726
200,2020-06-10,4300,4400,8596143
201,2020-06-11,4450,4475,19421400
202,2020-06-12,4270,4390,4840869
203,2020-06-15,4395,4000,6080521
204,2020-06-16,4130,4210,3373113
205,2020-06-17,4390,4310,14862370
206,2020-06-18,4350,4300,2439679
207,2020-06-19,4330,4190,2590626
208,2020-06-22,4180,4155,1745772
209,2020-06-23,4180,4085,1837647
210,2020-06-24,4105,4165,2067034
211,2020-06-25,4105,4095,1733915
212,2020-06-26,4130,4060,1353083
213,2020-06-29,3995,3945,1912720
214,2020-06-30,4000,3975,1273612
215,2020-07-01,4020,3985,902603
216,2020-07-02,4010,4050,999963
217,2020-07-03,4080,4055,896509
218,2020-07-06,4050,4015,1005443
219,2020-07-07,4030,4100,1786502
220,2020-07-08,4090,4025,1356159
221,2020-07-09,4025,3995,1034442
222,2020-07-10,3995,3940,1389693
223,2020-07-13,3995,3985,815766
224,2020-07-14,3980,4010,1442246
225,2020-07-15,4020,3975,967058
226,2020-07-16,4015,3950,874813
227,2020-07-17,3930,3945,887480
228,2020-07-20,3950,3980,1411286
229,2020-07-21,3985,4170,5305247
230,2020-07-22,4170,4145,1986044
231,2020-07-23,4145,4275,5807446
232,2020-07-24,4250,4630,64716066
233,2020-07-27,4740,4365,11099700
234,2020-07-28,4450,4330,6242941
235,2020-07-29,4260,4345,4770563
236,2020-07-30,4330,4355,2311734
237,2020-07-31,4370,4355,3527586
238,2020-08-03,4360,4305,2752480
239,2020-08-04,4320,4490,6113031
240,2020-08-05,4585,4540,8440082
241,2020-08-06,4585,4790,20446503
242,2020-08-07,4860,4720,5786477
243,2020-08-10,4720,4670,4576077
244,2020-08-11,4675,4585,3344809
245,2020-08-12,4605,4460,3470936
246,2020-08-13,4490,4515,2274770
247,2020-08-14,4515,4600,4923655
248,2020-08-18,4655,4265,5157343
249,2020-08-19,4270,4380,2004502
250,2020-08-20,4350,4225,3775052
251,2020-08-21,4260,4200,2476395
252,2020-08-24,4235,4320,1869748
253,2020-08-25,4350,4485,3991012
254,2020-08-26,4500,4575,3296358
255,2020-08-27,4615,4395,3406717
256,2020-08-28,4400,4400,2995202
257,2020-08-31,4445,4490,2064351
258,2020-09-01,4475,4465,1908385
259,2020-09-02,4465,4540,3264328
260,2020-09-03,4590,4540,2622652
261,2020-09-04,4390,4415,2545444
262,2020-09-07,4420,4595,8929473
263,2020-09-08,4580,4560,3630389
264,2020-09-09,4480,4720,42591772
265,2020-09-10,4740,4680,5526054
266,2020-09-11,4670,4725,7278395
267,2020-09-14,4700,4690,2319360
268,2020-09-15,4750,4765,7979240
269,2020-09-16,4770,4685,3242708
270,2020-09-17,4660,4600,3033089
271,2020-09-18,4640,4605,1688838
272,2020-09-21,4600,4540,3432249
273,2020-09-22,4530,4370,2873865
274,2020-09-23,4420,4465,2264499
275,2020-09-24,4370,4250,2199516
276,2020-09-25,4300,4225,1372332
277,2020-09-28,4265,4350,1132753
278,2020-09-29,4410,4435,1400885
279,2020-10-05,4420,4545,1986483
280,2020-10-06,4575,4510,1874006
281,2020-10-07,4510,4535,973255
282,2020-10-08,4555,4630,3951518
283,2020-10-12,4635,4630,1407074
284,2020-10-13,4640,4675,1955939
285,2020-10-14,4685,4505,2248967
286,2020-10-15,4510,4410,1893660
287,2020-10-16,4410,4400,1961847
288,2020-10-19,4455,4540,2987477
289,2020-10-20,4530,4480,1824075
290,2020-10-21,4485,4605,2176198
291,2020-10-22,4580,4480,1521825
292,2020-10-23,4495,4685,3996937
293,2020-10-26,4640,4635,3893598
294,2020-10-27,4630,4560,8112626
295,2020-10-28,4575,4645,2221125
296,2020-10-29,4505,4900,14423859
297,2020-10-30,5170,4515,24818427
298,2020-11-02,4525,4445,4033259
299,2020-11-03,4485,4535,5191251
