,date,open,close,volume
0,2019-08-16,5250,5390,585963
1,2019-08-19,5380,5390,330332
2,2019-08-20,5500,5300,222634
3,2019-08-21,5310,5350,170692
4,2019-08-22,5350,5250,250776
5,2019-08-23,5230,5210,72640
6,2019-08-26,5080,4900,127192
7,2019-08-27,4905,4820,94612
8,2019-08-28,4800,4920,102866
9,2019-08-29,4925,4870,105629
10,2019-08-30,4880,4920,83941
11,2019-09-02,4890,4925,58583
12,2019-09-03,4930,5060,233489
13,2019-09-04,5050,5120,112390
14,2019-09-05,5150,5110,63785
15,2019-09-06,5140,5160,114237
16,2019-09-09,5150,5200,94275
17,2019-09-10,5170,5300,206614
18,2019-09-11,5260,5300,87658
19,2019-09-16,5290,5410,118689
20,2019-09-17,5410,5470,149517
21,2019-09-18,5480,5680,247750
22,2019-09-19,5710,5680,177695
23,2019-09-20,5680,5780,116094
24,2019-09-23,5730,5790,67527
25,2019-09-24,5740,5770,92136
26,2019-09-25,5780,5760,163465
27,2019-09-26,5750,5750,126087
28,2019-09-27,5710,5670,38386
29,2019-09-30,5760,5700,72718
30,2019-10-01,5770,5860,108751
31,2019-10-02,5870,5910,105910
32,2019-10-04,5910,5780,43542
33,2019-10-07,5810,5820,297884
34,2019-10-08,5870,5810,66912
35,2019-10-10,5810,5860,76034
36,2019-10-11,5860,5820,86808
37,2019-10-14,5810,5880,54403
38,2019-10-15,5880,5920,293642
39,2019-10-16,5930,5830,118207
40,2019-10-17,5890,5660,88019
41,2019-10-18,5750,5710,35147
42,2019-10-21,5750,5620,49859
43,2019-10-22,5570,5510,86326
44,2019-10-23,5480,5480,93357
45,2019-10-24,5590,5550,120610
46,2019-10-25,5550,5490,91160
47,2019-10-28,5450,5520,58204
48,2019-10-29,5540,5500,83874
49,2019-10-30,5540,5490,36026
50,2019-10-31,5490,5500,58837
51,2019-11-01,5550,5500,69035
52,2019-11-04,5470,5520,52055
53,2019-11-05,5530,5670,135387
54,2019-11-06,5770,5920,257419
55,2019-11-07,5960,6100,267844
56,2019-11-08,6100,6100,159417
57,2019-11-11,6130,6060,174513
58,2019-11-12,6070,6000,116342
59,2019-11-13,6060,5750,218770
60,2019-11-14,5850,5760,92099
61,2019-11-15,5830,5740,78117
62,2019-11-18,5810,5710,44271
63,2019-11-19,5700,5580,64155
64,2019-11-20,5550,5280,128655
65,2019-11-21,5430,5070,91703
66,2019-11-22,4990,5080,81887
67,2019-11-25,5080,5190,60772
68,2019-11-26,5260,5160,41270
69,2019-11-27,5160,5150,46842
70,2019-11-28,5100,5100,26266
71,2019-11-29,5070,4995,102335
72,2019-12-02,5030,4995,49117
73,2019-12-03,4995,4910,50067
74,2019-12-04,4910,4960,41705
75,2019-12-05,4880,4965,68742
76,2019-12-06,4940,4940,20724
77,2019-12-09,4945,4880,26244
78,2019-12-10,4920,4930,61434
79,2019-12-11,4900,4985,11420
80,2019-12-12,5000,5000,22400
81,2019-12-13,5020,5220,220748
82,2019-12-16,5250,5250,3130662
83,2019-12-17,5280,5400,559725
84,2019-12-18,5560,5350,239092
85,2019-12-19,5490,5350,109268
86,2019-12-20,5310,5270,98404
87,2019-12-23,5270,5270,36431
88,2019-12-24,5230,5230,129941
89,2019-12-26,5230,5190,193585
90,2019-12-27,5250,5290,117193
91,2019-12-30,5310,5350,62655
92,2020-01-02,5430,5390,65560
93,2020-01-03,5430,5350,91649
94,2020-01-06,5300,5210,71587
95,2020-01-07,5230,5210,51046
96,2020-01-08,5210,4970,141779
97,2020-01-09,5060,5120,100344
98,2020-01-10,5190,5100,82605
99,2020-01-13,5070,5290,62819
100,2020-01-14,5280,5260,113687
101,2020-01-15,5210,5170,58970
102,2020-01-16,5170,5160,77511
103,2020-01-17,5160,5180,26621
104,2020-01-20,5150,5090,80405
105,2020-01-21,5040,5090,81735
106,2020-01-22,5050,5120,54490
107,2020-01-23,5130,5050,61286
108,2020-01-28,5240,5570,1483108
109,2020-01-29,5670,5600,1433655
110,2020-01-30,5690,6230,6915875
111,2020-01-31,6020,5390,2334886
112,2020-02-03,5290,5080,1059010
113,2020-02-04,5090,5230,1878777
114,2020-02-05,5160,5370,1283881
115,2020-02-06,5380,5620,694075
116,2020-02-07,5600,5420,557040
117,2020-02-10,5420,5220,260432
118,2020-02-11,5200,5140,196003
119,2020-02-12,5140,5040,271311
120,2020-02-13,5140,5050,187187
121,2020-02-14,5060,5010,120654
122,2020-02-17,5010,4965,154201
123,2020-02-18,5000,5000,395315
124,2020-02-19,5010,5260,446567
125,2020-02-20,5240,5120,716507
126,2020-02-21,5200,4955,289063
127,2020-02-24,5090,4960,706241
128,2020-02-25,4940,5000,171474
129,2020-02-26,5000,5080,258393
130,2020-02-27,5150,5550,9579782
131,2020-02-28,6600,5500,6851282
132,2020-03-02,5900,5700,7928512
133,2020-03-03,5650,5630,2125487
134,2020-03-04,5610,5300,1546755
135,2020-03-05,5380,5680,5023980
136,2020-03-06,6000,6150,27901901
137,2020-03-09,6710,7990,28537103
138,2020-03-10,7930,6700,29104460
139,2020-03-11,7320,7170,11397993
140,2020-03-12,7160,8130,36532115
141,2020-03-13,7550,7410,15289024
142,2020-03-16,7840,8360,32312724
143,2020-03-17,8500,8790,25244688
144,2020-03-18,9660,7950,20598835
145,2020-03-19,8200,7640,19096600
146,2020-03-20,7840,7570,8634694
147,2020-03-23,7650,7010,11615481
148,2020-03-24,6710,6660,9495546
149,2020-03-25,7320,8650,33487495
150,2020-03-26,9880,11200,14280307
151,2020-03-27,13000,14550,38299072
152,2020-03-30,17000,18900,25978744
153,2020-03-31,19900,19800,24689924
154,2020-04-01,20950,17000,21382503
155,2020-04-02,16750,14850,18390386
156,2020-04-03,15100,15350,16125814
157,2020-04-06,15900,16500,13527301
158,2020-04-07,17750,16700,20966413
159,2020-04-08,17200,17600,9061868
160,2020-04-09,17100,16950,3886586
161,2020-04-10,16700,14900,6309696
162,2020-04-13,14350,12500,7875906
163,2020-04-14,13700,13000,12257679
164,2020-04-16,12700,12250,5471903
165,2020-04-17,12250,11600,4589868
166,2020-04-20,13050,15050,22748321
167,2020-04-21,15200,15700,35140580
168,2020-04-22,16350,15250,8426263
169,2020-04-23,15200,15050,15583620
170,2020-04-24,15150,15750,10865693
171,2020-04-27,15700,15750,5957457
172,2020-04-28,15850,14850,3437101
173,2020-04-29,14700,13850,3786452
174,2020-05-04,13350,12900,2311594
175,2020-05-06,12600,13150,5442755
176,2020-05-07,12850,12900,1857570
177,2020-05-08,13350,14800,24555480
178,2020-05-11,15650,14250,6491457
179,2020-05-12,14650,15150,16450911
180,2020-05-13,15600,14850,3730059
181,2020-05-14,15000,16650,43724771
182,2020-05-15,16900,15550,10317620
183,2020-05-18,14500,14300,4423778
184,2020-05-19,13400,13200,5180125
185,2020-05-20,13550,13600,7127926
186,2020-05-21,13500,13700,1675803
187,2020-05-22,14100,13650,1635320
188,2020-05-25,14550,14550,19758509
189,2020-05-26,14650,14400,4487784
190,2020-05-27,14500,14400,2896827
191,2020-05-28,14600,14300,2633871
192,2020-05-29,14500,14750,2031682
193,2020-06-01,14800,14650,1507221
194,2020-06-02,14500,14500,1497917
195,2020-06-03,14550,13450,1946690
196,2020-06-04,13200,13500,1801861
197,2020-06-05,13500,13550,786685
198,2020-06-08,13550,13650,1544617
199,2020-06-09,13700,13450,770204
200,2020-06-10,13550,13850,2445825
201,2020-06-11,14050,14150,3650520
202,2020-06-12,14900,14000,3347369
203,2020-06-15,14200,13200,2141341
204,2020-06-16,13600,13250,1529514
205,2020-06-17,12900,12600,1758609
206,2020-06-18,12500,11900,1786451
207,2020-06-19,11900,12250,1468304
208,2020-06-22,12400,12350,2011633
209,2020-06-23,12500,12000,920381
210,2020-06-24,12000,12800,4355997
211,2020-06-25,13050,12100,1932958
212,2020-06-26,12300,12300,3342074
213,2020-06-29,12500,12150,850818
214,2020-06-30,12200,11850,767432
215,2020-07-01,11850,11250,1029821
216,2020-07-02,11050,11400,654584
217,2020-07-03,11550,11900,5041001
218,2020-07-06,12050,11850,1331643
219,2020-07-07,11850,11700,905332
220,2020-07-08,11800,11700,1212585
221,2020-07-09,11750,11550,742000
222,2020-07-10,11600,15000,15972879
223,2020-07-13,15800,16100,35977059
224,2020-07-14,15900,15600,6719358
225,2020-07-15,14100,13050,8916418
226,2020-07-16,12950,12700,4574671
227,2020-07-17,12900,13000,2786325
228,2020-07-20,13100,13050,3066240
229,2020-07-21,12950,13250,5367489
230,2020-07-22,13250,13850,16130829
231,2020-07-23,14050,16350,39640067
232,2020-07-24,16050,15200,11492115
233,2020-07-27,15650,15200,6881073
234,2020-07-28,15250,14550,2696234
235,2020-07-29,14500,14700,5487134
236,2020-07-30,14850,16700,41108309
237,2020-07-31,17050,16400,10779434
238,2020-08-03,17000,19550,37617628
239,2020-08-04,19600,18100,9622849
240,2020-08-05,17650,18100,6264360
241,2020-08-06,18000,18000,4905160
242,2020-08-07,18100,17050,3566623
243,2020-08-10,17150,17550,4293015
244,2020-08-11,16250,16450,2960419
245,2020-08-12,16500,15850,3198054
246,2020-08-13,15850,15400,2549519
247,2020-08-14,15150,14950,3468829
248,2020-08-18,15700,16300,5412160
249,2020-08-19,16800,15100,4711811
250,2020-08-20,15400,15650,3691917
251,2020-08-21,15850,15000,1745003
252,2020-08-24,15200,15300,1262873
253,2020-08-25,15200,15700,1957932
254,2020-08-26,15800,15600,2379201
255,2020-08-27,15800,16850,6365002
256,2020-08-28,16900,16150,3328102
257,2020-08-31,16000,15500,1736313
258,2020-09-01,15500,15350,1134341
259,2020-09-02,15200,15050,1131498
260,2020-09-03,15300,14850,1697013
261,2020-09-04,14150,14550,1174221
262,2020-09-07,15000,14800,1412093
263,2020-09-08,14850,14500,1876738
264,2020-09-09,14350,14350,2147530
265,2020-09-10,14600,15050,1528821
266,2020-09-11,15050,15150,2019838
267,2020-09-14,15100,15000,1238380
268,2020-09-15,15000,14900,710161
269,2020-09-16,14900,15200,2521988
270,2020-09-17,15350,15500,1411748
271,2020-09-18,15600,15500,3502195
272,2020-09-21,15750,15550,3289565
273,2020-09-22,15750,15300,1897423
274,2020-09-23,15400,14700,1919173
275,2020-09-24,14350,13400,1471615
276,2020-09-25,13500,13600,2634660
277,2020-09-28,13450,13750,630186
278,2020-09-29,13850,13950,470016
279,2020-10-05,14000,14000,489488
280,2020-10-06,14050,14300,781553
281,2020-10-07,14250,14250,514948
282,2020-10-08,14300,14150,506175
283,2020-10-12,14100,14000,963740
284,2020-10-13,13900,13550,627357
285,2020-10-14,13550,13450,460897
286,2020-10-15,13550,12750,724843
287,2020-10-16,12750,12200,645833
288,2020-10-19,12250,12300,355773
289,2020-10-20,12050,12900,3561680
290,2020-10-21,12950,13000,1027729
291,2020-10-22,13000,13200,1188134
292,2020-10-23,13200,13250,728947
293,2020-10-26,13150,12100,568153
294,2020-10-27,11750,12200,635200
295,2020-10-28,12300,12450,459120
296,2020-10-29,12300,13350,2042432
297,2020-10-30,13250,13200,620815
298,2020-11-02,13500,13100,449763
299,2020-11-03,13250,13250,305171
