,date,open,close,volume
0,2019-08-16,6200,6210,16114
1,2019-08-19,6250,6550,68517
2,2019-08-20,6590,6550,50388
3,2019-08-21,6550,6620,25783
4,2019-08-22,6660,6610,34648
5,2019-08-23,6610,6440,34372
6,2019-08-26,6370,6240,29874
7,2019-08-27,6420,6380,21675
8,2019-08-28,6460,6250,11888
9,2019-08-29,6320,6190,18941
10,2019-08-30,6230,6320,28001
11,2019-09-02,6320,6360,11992
12,2019-09-03,6330,6350,17576
13,2019-09-04,6350,6380,16304
14,2019-09-05,6380,6430,11743
15,2019-09-06,6450,6380,12119
16,2019-09-09,6420,6420,7001
17,2019-09-10,6570,6630,46729
18,2019-09-11,6690,6710,45988
19,2019-09-16,6790,6910,46885
20,2019-09-17,6900,6940,36733
21,2019-09-18,6950,6880,13206
22,2019-09-19,6820,6830,19147
23,2019-09-20,6810,6780,8178
24,2019-09-23,6830,6750,11797
25,2019-09-24,6800,6800,20960
26,2019-09-25,6800,6710,27966
27,2019-09-26,6710,6650,24428
28,2019-09-27,6700,6650,13308
29,2019-09-30,6610,6710,20298
30,2019-10-01,6950,6720,19669
31,2019-10-02,6780,6730,20106
32,2019-10-04,6730,6710,8424
33,2019-10-07,6660,6500,36003
34,2019-10-08,6500,6450,25170
35,2019-10-10,6490,6350,18165
36,2019-10-11,6380,6420,6913
37,2019-10-14,6420,6500,7467
38,2019-10-15,6500,6520,7466
39,2019-10-16,6590,6550,11558
40,2019-10-17,6550,6570,4599
41,2019-10-18,6690,6650,20664
42,2019-10-21,6710,6500,9921
43,2019-10-22,6510,6540,15099
44,2019-10-23,6690,6390,25675
45,2019-10-24,6520,6390,12983
46,2019-10-25,6390,6390,6657
47,2019-10-28,6390,6380,26421
48,2019-10-29,6380,6360,14708
49,2019-10-30,6390,6310,6829
50,2019-10-31,6420,6340,5596
51,2019-11-01,6380,6350,9076
52,2019-11-04,6500,6440,12170
53,2019-11-05,6430,6460,29751
54,2019-11-06,6500,6650,43939
55,2019-11-07,6610,6660,10365
56,2019-11-08,6660,6670,12231
57,2019-11-11,6670,6750,17291
58,2019-11-12,6800,6750,8477
59,2019-11-13,6760,6720,8077
60,2019-11-14,6800,6730,4456
61,2019-11-15,6730,6730,13897
62,2019-11-18,6700,6600,20267
63,2019-11-19,6600,6600,13835
64,2019-11-20,6530,6520,19249
65,2019-11-21,6510,6360,27663
66,2019-11-22,6350,6390,14586
67,2019-11-25,6360,6460,12820
68,2019-11-26,6460,6590,26480
69,2019-11-27,6590,6470,28863
70,2019-11-28,6470,6470,67415
71,2019-11-29,6470,6480,14847
72,2019-12-02,6480,6460,11544
73,2019-12-03,6370,6440,47317
74,2019-12-04,6440,6360,51415
75,2019-12-05,6360,6290,30799
76,2019-12-06,6220,6250,56474
77,2019-12-09,6280,6280,20616
78,2019-12-10,6230,6160,69318
79,2019-12-11,6150,6300,44869
80,2019-12-12,6300,6420,18252
81,2019-12-13,6420,6450,49624
82,2019-12-16,6530,6480,9638
83,2019-12-17,6500,6580,35459
84,2019-12-18,6560,6480,22577
85,2019-12-19,6490,6410,23015
86,2019-12-20,6370,6510,16006
87,2019-12-23,6510,6500,10741
88,2019-12-24,6550,6490,12275
89,2019-12-26,6490,6510,47224
90,2019-12-27,6480,6510,5740
91,2019-12-30,6540,6500,12880
92,2020-01-02,6510,6480,20808
93,2020-01-03,6470,6440,16520
94,2020-01-06,6440,6360,24484
95,2020-01-07,6320,6400,26635
96,2020-01-08,6400,6180,46404
97,2020-01-09,6300,6240,30198
98,2020-01-10,6350,6280,21472
99,2020-01-13,6250,6390,19607
100,2020-01-14,6350,6400,16770
101,2020-01-15,6470,6420,23938
102,2020-01-16,6420,6430,15484
103,2020-01-17,6460,6400,22249
104,2020-01-20,6450,6430,22860
105,2020-01-21,6480,6410,15607
106,2020-01-22,6450,6420,25553
107,2020-01-23,6380,6350,16688
108,2020-01-28,6180,6130,27095
109,2020-01-29,6180,6230,20519
110,2020-01-30,6250,6230,47586
111,2020-01-31,6150,6030,24245
112,2020-02-03,5910,5930,64565
113,2020-02-04,5830,6050,35582
114,2020-02-05,6050,6000,18833
115,2020-02-06,5970,6170,26120
116,2020-02-07,6180,6130,6391
117,2020-02-10,6130,6230,9918
118,2020-02-11,6220,6170,16484
119,2020-02-12,6200,6150,15254
120,2020-02-13,6190,6190,29915
121,2020-02-14,6240,6110,27468
122,2020-02-17,6220,6040,35168
123,2020-02-18,6040,6020,24858
124,2020-02-19,6090,5910,45816
125,2020-02-20,5880,5870,20429
126,2020-02-21,5810,5850,39814
127,2020-02-24,5730,5600,70629
128,2020-02-25,5480,5550,74358
129,2020-02-26,5500,5550,28768
130,2020-02-27,5490,5460,45609
131,2020-02-28,5410,5190,150875
132,2020-03-02,5190,5250,49123
133,2020-03-03,5360,5260,40157
134,2020-03-04,5250,5320,16990
135,2020-03-05,5370,5500,50360
136,2020-03-06,5480,5400,42608
137,2020-03-09,5100,5000,94344
138,2020-03-10,4950,4940,116928
139,2020-03-11,4940,4900,66147
140,2020-03-12,4775,4450,129513
141,2020-03-13,4020,4240,180685
142,2020-03-16,4250,4060,86628
143,2020-03-17,3920,4075,78762
144,2020-03-18,4050,4015,38738
145,2020-03-19,4000,3600,125283
146,2020-03-20,3600,3900,59045
147,2020-03-23,3900,3940,155387
148,2020-03-24,4020,4175,82517
149,2020-03-25,4280,4455,80211
150,2020-03-26,4630,4815,104700
151,2020-03-27,5000,4835,85522
152,2020-03-30,4800,4710,70016
153,2020-03-31,4755,4850,56382
154,2020-04-01,4830,4795,37538
155,2020-04-02,4700,4780,37980
156,2020-04-03,4800,4760,22576
157,2020-04-06,4760,4890,45718
158,2020-04-07,4950,4955,50182
159,2020-04-08,4950,5280,84894
160,2020-04-09,5300,5260,51613
161,2020-04-10,5290,5310,49378
162,2020-04-13,5310,5140,32220
163,2020-04-14,5140,5250,33838
164,2020-04-16,5300,5240,51762
165,2020-04-17,5300,5540,152436
166,2020-04-20,5650,5740,197311
167,2020-04-21,5800,6010,355045
168,2020-04-22,6000,6080,540815
169,2020-04-23,6100,6060,194846
170,2020-04-24,6100,6060,131850
171,2020-04-27,6060,6070,65988
172,2020-04-28,6200,6050,86947
173,2020-04-29,6060,6040,39134
174,2020-05-04,6000,6000,39216
175,2020-05-06,6020,6010,67509
176,2020-05-07,6010,6030,41654
177,2020-05-08,6030,6060,46134
178,2020-05-11,6090,6030,45867
179,2020-05-12,6030,5990,86224
180,2020-05-13,5920,6040,48773
181,2020-05-14,5980,6040,43922
182,2020-05-15,6080,6020,50047
183,2020-05-18,6090,6040,53710
184,2020-05-19,6090,6250,135112
185,2020-05-20,6320,6380,97966
186,2020-05-21,6440,6390,78505
187,2020-05-22,6440,6250,60863
188,2020-05-25,6290,6280,37616
189,2020-05-26,6230,6400,61992
190,2020-05-27,6470,6460,71456
191,2020-05-28,6600,6530,155863
192,2020-05-29,6510,6730,129414
193,2020-06-01,6760,6710,77764
194,2020-06-02,6710,6800,65239
195,2020-06-03,6850,6900,132815
196,2020-06-04,6950,6920,66930
197,2020-06-05,6920,6880,60058
198,2020-06-08,6880,6850,46021
199,2020-06-09,6850,6660,59751
200,2020-06-10,6700,6600,59663
201,2020-06-11,6600,6590,52198
202,2020-06-12,6370,6410,57171
203,2020-06-15,6390,6050,96330
204,2020-06-16,6130,6310,31689
205,2020-06-17,6310,6300,26434
206,2020-06-18,6470,6260,18748
207,2020-06-19,6260,6280,30783
208,2020-06-22,6290,6230,23106
209,2020-06-23,6240,6210,26325
210,2020-06-24,6250,6300,23964
211,2020-06-25,6230,6130,26467
212,2020-06-26,6150,6230,21304
213,2020-06-29,6380,6230,236987
214,2020-06-30,6240,6260,30919
215,2020-07-01,6260,6300,26665
216,2020-07-02,6300,6350,19647
217,2020-07-03,6400,6370,23126
218,2020-07-06,6370,6420,17689
219,2020-07-07,6420,6370,18847
220,2020-07-08,6480,6410,20276
221,2020-07-09,6440,6370,24079
222,2020-07-10,6370,6350,26554
223,2020-07-13,6310,6400,19945
224,2020-07-14,6440,6420,23634
225,2020-07-15,6370,6500,53969
226,2020-07-16,6560,6580,39878
227,2020-07-17,6580,6760,96815
228,2020-07-20,6870,6720,42450
229,2020-07-21,6720,6760,37798
230,2020-07-22,6790,6920,76193
231,2020-07-23,6870,6870,30048
232,2020-07-24,6870,6740,42212
233,2020-07-27,6740,6840,46356
234,2020-07-28,6840,6820,36934
235,2020-07-29,6890,6800,28493
236,2020-07-30,6800,6830,26660
237,2020-07-31,6950,6880,43005
238,2020-08-03,6930,7140,170189
239,2020-08-04,7230,7630,575051
240,2020-08-05,7550,7470,136196
241,2020-08-06,7470,7510,55198
242,2020-08-07,7530,7750,110212
243,2020-08-10,7800,8050,152012
244,2020-08-11,8060,8120,110463
245,2020-08-12,8100,8100,100706
246,2020-08-13,8130,8020,54263
247,2020-08-14,8020,7800,76226
248,2020-08-18,7680,7250,176083
249,2020-08-19,7240,7350,54443
250,2020-08-20,7350,6900,69872
251,2020-08-21,6900,7010,57720
252,2020-08-24,7010,7010,40884
253,2020-08-25,7090,7290,52210
254,2020-08-26,7250,7430,51982
255,2020-08-27,7430,7150,49498
256,2020-08-28,7170,7370,74820
257,2020-08-31,7460,7540,88989
258,2020-09-01,7540,7530,26962
259,2020-09-02,7510,7600,46579
260,2020-09-03,7600,7850,94263
261,2020-09-04,7550,7730,65317
262,2020-09-07,7810,7850,77884
263,2020-09-08,8000,7730,63991
264,2020-09-09,7590,7680,45764
265,2020-09-10,7700,7740,65695
266,2020-09-11,7740,7750,38663
267,2020-09-14,7780,7730,61976
268,2020-09-15,7800,7760,45309
269,2020-09-16,7760,7690,52749
270,2020-09-17,7690,7680,50660
271,2020-09-18,7650,7640,33655
272,2020-09-21,7640,7300,104479
273,2020-09-22,7250,7070,70844
274,2020-09-23,7070,7050,66800
275,2020-09-24,6910,6790,67305
276,2020-09-25,6830,6960,28833
277,2020-09-28,7080,7120,24964
278,2020-09-29,7150,7180,17900
279,2020-10-05,7180,7280,27399
280,2020-10-06,7470,7400,36818
281,2020-10-07,7340,7410,25993
282,2020-10-08,7410,7410,22009
283,2020-10-12,7470,7390,13920
284,2020-10-13,7430,7420,18179
285,2020-10-14,7530,7330,17749
286,2020-10-15,7330,7280,36048
287,2020-10-16,7350,7340,30965
288,2020-10-19,7340,7320,13683
289,2020-10-20,7290,7210,19436
290,2020-10-21,7250,7230,10771
291,2020-10-22,7230,7200,13098
292,2020-10-23,7230,7230,10576
293,2020-10-26,7260,7190,25036
294,2020-10-27,7110,7180,21019
295,2020-10-28,7070,7220,10379
296,2020-10-29,7190,7190,67877
297,2020-10-30,7160,7050,15818
298,2020-11-02,7000,7060,5900
299,2020-11-03,7010,7120,13402
