,date,open,close,volume
0,2019-08-16,59700,59900,466335
1,2019-08-19,60300,60300,306761
2,2019-08-20,60400,60800,339259
3,2019-08-21,60600,60700,369160
4,2019-08-22,60700,60600,465946
5,2019-08-23,60600,60700,300527
6,2019-08-26,59800,59500,385090
7,2019-08-27,60000,59200,611051
8,2019-08-28,59500,60300,319818
9,2019-08-29,60500,59800,245916
10,2019-08-30,60300,61300,624060
11,2019-09-02,61100,61400,253018
12,2019-09-03,61400,61700,450012
13,2019-09-04,61300,62100,385424
14,2019-09-05,62300,62300,691827
15,2019-09-06,62700,62000,299704
16,2019-09-09,61800,61300,468845
17,2019-09-10,61300,64900,1293106
18,2019-09-11,65000,64500,1005230
19,2019-09-16,65700,66200,935319
20,2019-09-17,65400,65600,495985
21,2019-09-18,65800,66100,454311
22,2019-09-19,66600,65200,582024
23,2019-09-20,65200,65900,499133
24,2019-09-23,65800,65100,348446
25,2019-09-24,64800,66800,676438
26,2019-09-25,66400,66200,330788
27,2019-09-26,66600,67100,579805
28,2019-09-27,67300,66700,293599
29,2019-09-30,66300,67400,364683
30,2019-10-01,67200,66500,488507
31,2019-10-02,66500,66300,394430
32,2019-10-04,66100,66400,352541
33,2019-10-07,66400,69400,955986
34,2019-10-08,69600,68300,894099
35,2019-10-10,67900,68300,808616
36,2019-10-11,69100,68800,374565
37,2019-10-14,69600,68900,360306
38,2019-10-15,68900,69500,442758
39,2019-10-16,70000,70300,392730
40,2019-10-17,70300,68800,541697
41,2019-10-18,68600,68800,293636
42,2019-10-21,69300,69100,208431
43,2019-10-22,69100,69400,283529
44,2019-10-23,69200,68600,290288
45,2019-10-24,68800,69000,327266
46,2019-10-25,68600,68200,415169
47,2019-10-28,68700,68800,204867
48,2019-10-29,69400,69000,307860
49,2019-10-30,69300,68500,332728
50,2019-10-31,68800,66900,1094750
51,2019-11-01,66800,67200,404075
52,2019-11-04,67700,67100,450676
53,2019-11-05,67200,68300,549499
54,2019-11-06,68500,68700,417686
55,2019-11-07,68600,69100,427382
56,2019-11-08,69300,69400,353530
57,2019-11-11,69400,69300,278287
58,2019-11-12,69400,69000,311635
59,2019-11-13,69000,68800,366473
60,2019-11-14,68200,69000,305427
61,2019-11-15,69000,70500,728818
62,2019-11-18,70700,71500,609015
63,2019-11-19,71200,71900,538536
64,2019-11-20,71500,70900,479826
65,2019-11-21,70700,70400,475086
66,2019-11-22,70200,70100,267673
67,2019-11-25,70500,71400,380355
68,2019-11-26,71400,70900,697121
69,2019-11-27,71500,71500,292977
70,2019-11-28,71400,71000,259491
71,2019-11-29,71200,69900,350465
72,2019-12-02,70000,70300,237237
73,2019-12-03,69800,70500,217447
74,2019-12-04,69600,70000,294889
75,2019-12-05,70200,70000,295956
76,2019-12-06,69700,70200,272392
77,2019-12-09,70400,69100,436982
78,2019-12-10,69300,71200,575566
79,2019-12-11,71400,71200,339949
80,2019-12-12,71200,71700,979009
81,2019-12-13,72500,72200,405472
82,2019-12-16,72200,72000,271523
83,2019-12-17,72200,72400,455261
84,2019-12-18,72400,72500,399504
85,2019-12-19,72200,72500,302037
86,2019-12-20,72700,72500,403031
87,2019-12-23,72600,72500,257344
88,2019-12-24,72500,71900,220741
89,2019-12-26,72000,71300,372424
90,2019-12-27,71300,71800,498244
91,2019-12-30,71800,72100,283273
92,2020-01-02,71800,71000,284758
93,2020-01-03,71400,71100,369493
94,2020-01-06,70300,69900,337026
95,2020-01-07,69800,70300,265311
96,2020-01-08,70300,67500,937438
97,2020-01-09,68100,66600,1565867
98,2020-01-10,67000,66800,797710
99,2020-01-13,66900,66600,600906
100,2020-01-14,67200,68300,1081428
101,2020-01-15,68800,69600,698052
102,2020-01-16,69800,69900,440562
103,2020-01-17,69800,69200,464204
104,2020-01-20,69600,71200,894609
105,2020-01-21,71400,70100,379059
106,2020-01-22,69800,70400,546215
107,2020-01-23,69600,69000,604024
108,2020-01-28,66600,67100,729302
109,2020-01-29,67100,67200,585990
110,2020-01-30,67000,67200,549972
111,2020-01-31,67200,65900,697360
112,2020-02-03,65400,64900,797729
113,2020-02-04,64400,65100,716163
114,2020-02-05,65600,65200,657342
115,2020-02-06,65600,66800,635295
116,2020-02-07,66700,67300,519466
117,2020-02-10,67000,67000,364246
118,2020-02-11,67500,67200,462160
119,2020-02-12,67000,67900,487071
120,2020-02-13,68200,67100,699540
121,2020-02-14,67200,67000,354348
122,2020-02-17,66900,67000,560384
123,2020-02-18,67900,68900,1338368
124,2020-02-19,69300,68800,636116
125,2020-02-20,68700,67200,677402
126,2020-02-21,66000,66100,531902
127,2020-02-24,64800,63300,874557
128,2020-02-25,62200,63000,956415
129,2020-02-26,62100,63300,607215
130,2020-02-27,63000,62400,524379
131,2020-02-28,61400,60400,932828
132,2020-03-02,60300,60100,711979
133,2020-03-03,61500,60200,587763
134,2020-03-04,60100,60600,520867
135,2020-03-05,61300,61500,573595
136,2020-03-06,60900,60300,542438
137,2020-03-09,59000,57800,1001568
138,2020-03-10,58800,60000,1500440
139,2020-03-11,60000,59000,938290
140,2020-03-12,58900,55500,1649095
141,2020-03-13,51100,52500,1968749
142,2020-03-16,53100,50400,948845
143,2020-03-17,48000,49450,1004008
144,2020-03-18,50200,48000,886739
145,2020-03-19,48900,43650,1601945
146,2020-03-20,44600,45100,1539670
147,2020-03-23,42350,41850,1186795
148,2020-03-24,42700,44400,1316623
149,2020-03-25,48400,48500,1506779
150,2020-03-26,49450,49000,1377158
151,2020-03-27,51300,49400,1110394
152,2020-03-30,48400,48500,937027
153,2020-03-31,49100,48200,1106424
154,2020-04-01,48250,48100,1298461
155,2020-04-02,49100,49300,1071663
156,2020-04-03,50100,49850,963015
157,2020-04-06,50400,51100,868309
158,2020-04-07,52500,54500,2123508
159,2020-04-08,54800,53300,1593974
160,2020-04-09,54200,54200,926771
161,2020-04-10,54100,53800,687486
162,2020-04-13,53800,53200,626957
163,2020-04-14,53600,53600,922591
164,2020-04-16,53100,53500,788724
165,2020-04-17,54300,54500,1414373
166,2020-04-20,54700,53800,809110
167,2020-04-21,53400,52600,1029388
168,2020-04-22,52000,52400,727548
169,2020-04-23,52700,53300,702412
170,2020-04-24,52800,52600,529035
171,2020-04-27,52800,53400,561740
172,2020-04-28,53800,53600,712240
173,2020-04-29,53900,54900,1017067
174,2020-05-04,54000,55200,1119161
175,2020-05-06,56300,55500,805783
176,2020-05-07,55100,54700,754248
177,2020-05-08,55000,55200,632501
178,2020-05-11,55400,54500,536547
179,2020-05-12,54600,54500,707739
180,2020-05-13,53800,55000,577061
181,2020-05-14,54500,54200,593689
182,2020-05-15,54200,54400,504474
183,2020-05-18,54800,56400,1005066
184,2020-05-19,57800,58200,1138915
185,2020-05-20,57700,58000,552137
186,2020-05-21,58000,57200,709139
187,2020-05-22,57200,56300,518452
188,2020-05-25,56600,56100,478311
189,2020-05-26,56300,57100,674912
190,2020-05-27,57500,59500,1707086
191,2020-05-28,59700,58500,1094166
192,2020-05-29,57900,59300,900113
193,2020-06-01,59000,59200,550906
194,2020-06-02,59200,60000,846026
195,2020-06-03,60500,62100,1433963
196,2020-06-04,62800,62200,934862
197,2020-06-05,62200,63000,860924
198,2020-06-08,64500,64000,975466
199,2020-06-09,64800,66600,1897513
200,2020-06-10,67400,70100,2744224
201,2020-06-11,69500,69000,1942350
202,2020-06-12,65300,67800,1689624
203,2020-06-15,67000,62900,1545344
204,2020-06-16,65100,65200,1220699
205,2020-06-17,64700,68200,1576915
206,2020-06-18,68000,67800,946224
207,2020-06-19,68500,68800,861053
208,2020-06-22,67900,67500,632910
209,2020-06-23,68100,66600,849668
210,2020-06-24,66400,67000,622511
211,2020-06-25,65600,64700,798688
212,2020-06-26,65500,64700,528872
213,2020-06-29,63800,63500,756841
214,2020-06-30,64000,63200,648411
215,2020-07-01,64000,64400,564319
216,2020-07-02,64500,64600,451291
217,2020-07-03,65000,65000,494161
218,2020-07-06,65500,68100,1461414
219,2020-07-07,69400,65500,1720050
220,2020-07-08,66200,66400,1111546
221,2020-07-09,67500,67700,984866
222,2020-07-10,68100,68200,781290
223,2020-07-13,69200,68500,569857
224,2020-07-14,68700,70800,1780194
225,2020-07-15,71700,74900,2504840
226,2020-07-16,75100,74500,1184023
227,2020-07-17,75100,75700,1266762
228,2020-07-20,75600,76000,901831
229,2020-07-21,76200,74900,912127
230,2020-07-22,75000,75000,801570
231,2020-07-23,74800,74100,759138
232,2020-07-24,73400,74100,698830
233,2020-07-27,73700,73600,568984
234,2020-07-28,74000,72500,975596
235,2020-07-29,72500,72000,804210
236,2020-07-30,72700,72100,735701
237,2020-07-31,72200,70700,851076
238,2020-08-03,71300,74000,1183563
239,2020-08-04,74900,77900,1738014
240,2020-08-05,78900,78300,1197933
241,2020-08-06,78300,77200,899941
242,2020-08-07,77800,77200,759800
243,2020-08-10,77100,85700,3706582
244,2020-08-11,86300,83000,1684857
245,2020-08-12,82900,87300,2704977
246,2020-08-13,87700,87000,1950559
247,2020-08-14,87400,88700,1669303
248,2020-08-18,88300,84000,1462971
249,2020-08-19,84000,85000,1316003
250,2020-08-20,84700,84900,1424255
251,2020-08-21,86800,90300,2978055
252,2020-08-24,90000,90600,1265081
253,2020-08-25,90500,90300,1161120
254,2020-08-26,90200,87900,1571474
255,2020-08-27,87700,86200,1330067
256,2020-08-28,87100,85900,954228
257,2020-08-31,86100,84200,1388783
258,2020-09-01,85100,87700,1133236
259,2020-09-02,89300,86500,1170481
260,2020-09-03,86500,85700,764553
261,2020-09-04,83000,84000,974597
262,2020-09-07,83700,83800,629528
263,2020-09-08,84300,85800,1367597
264,2020-09-09,87200,90200,3555936
265,2020-09-10,91100,93200,2880767
266,2020-09-11,93200,92400,1507008
267,2020-09-14,93500,92100,1226790
268,2020-09-15,92000,91800,952767
269,2020-09-16,91200,90600,815205
270,2020-09-17,91000,90600,870174
271,2020-09-18,90700,89900,931059
272,2020-09-21,90100,90900,1050515
273,2020-09-22,90400,88900,1054942
274,2020-09-23,89500,91200,1121711
275,2020-09-24,89600,89500,1150871
276,2020-09-25,91000,92900,1625943
277,2020-09-28,93800,91700,905918
278,2020-09-29,92700,91700,808542
279,2020-10-05,91000,92100,1007727
280,2020-10-06,93500,94400,2733167
281,2020-10-07,94400,96100,1263545
282,2020-10-08,97000,93300,2181852
283,2020-10-12,93600,91900,1139080
284,2020-10-13,92500,91700,1015570
285,2020-10-14,92700,91400,847948
286,2020-10-15,91500,91400,678538
287,2020-10-16,91600,89900,749853
288,2020-10-19,90500,89100,487840
289,2020-10-20,87600,90700,498432
290,2020-10-21,91400,90400,502901
291,2020-10-22,90300,88400,598631
292,2020-10-23,89000,89600,453141
293,2020-10-26,89400,89100,397433
294,2020-10-27,88800,89400,523862
295,2020-10-28,88900,90000,375683
296,2020-10-29,88900,87200,786668
297,2020-10-30,87300,84000,981485
298,2020-11-02,85300,85500,510392
299,2020-11-03,85800,86300,405357
