,date,open,close,volume
0,2019-08-16,5310,5270,108153
1,2019-08-19,5320,5300,129724
2,2019-08-20,5310,5320,108376
3,2019-08-21,5390,5430,248861
4,2019-08-22,5470,5530,104116
5,2019-08-23,5530,5440,80019
6,2019-08-26,5400,6150,9351762
7,2019-08-27,6280,6100,1806156
8,2019-08-28,6170,6040,940164
9,2019-08-29,6010,5870,594084
10,2019-08-30,5900,6290,5997734
11,2019-09-02,6250,6180,614550
12,2019-09-03,6140,6250,1520752
13,2019-09-04,6120,6350,627083
14,2019-09-05,6350,6290,539197
15,2019-09-06,6330,6260,973824
16,2019-09-09,6270,6240,456187
17,2019-09-10,6350,6480,1610477
18,2019-09-11,7050,6420,2670613
19,2019-09-16,6470,6380,480805
20,2019-09-17,6400,6380,500007
21,2019-09-18,6380,6320,297807
22,2019-09-19,6380,6290,255125
23,2019-09-20,6340,6250,225773
24,2019-09-23,6250,6390,456714
25,2019-09-24,6350,6330,234206
26,2019-09-25,6330,6130,285608
27,2019-09-26,6200,6110,244944
28,2019-09-27,6110,6140,301156
29,2019-09-30,6150,6250,355178
30,2019-10-01,6250,6190,184428
31,2019-10-02,6130,6100,281907
32,2019-10-04,6100,6010,175730
33,2019-10-07,6020,6050,179533
34,2019-10-08,6000,6150,106626
35,2019-10-10,6150,6100,121420
36,2019-10-11,6130,6250,151460
37,2019-10-14,6350,6300,102492
38,2019-10-15,6350,6370,599217
39,2019-10-16,6400,6450,323475
40,2019-10-17,6550,6080,990464
41,2019-10-18,6130,6090,349858
42,2019-10-21,6070,6090,112832
43,2019-10-22,6090,6080,135929
44,2019-10-23,6140,6070,140849
45,2019-10-24,6070,6190,175936
46,2019-10-25,6160,6170,101695
47,2019-10-28,6180,6120,85577
48,2019-10-29,6180,6130,103728
49,2019-10-30,6100,6110,59553
50,2019-10-31,6150,6110,101181
51,2019-11-01,6130,6050,321057
52,2019-11-04,6100,6340,377709
53,2019-11-05,6360,6490,440014
54,2019-11-06,6560,6440,570140
55,2019-11-07,6350,6540,304637
56,2019-11-08,6500,6600,647312
57,2019-11-11,6970,6490,2841769
58,2019-11-12,6470,6270,726155
59,2019-11-13,6230,6220,231430
60,2019-11-14,6180,6190,282501
61,2019-11-15,6160,6290,250172
62,2019-11-18,6350,6330,293861
63,2019-11-19,6390,6480,357587
64,2019-11-20,6500,6470,214899
65,2019-11-21,6420,6400,267328
66,2019-11-22,6400,6330,147613
67,2019-11-25,6340,6330,146651
68,2019-11-26,6300,6420,289735
69,2019-11-27,6480,6420,193658
70,2019-11-28,6450,6310,157637
71,2019-11-29,6350,6290,128634
72,2019-12-02,6250,6100,177459
73,2019-12-03,6100,6090,105813
74,2019-12-04,6040,6060,104071
75,2019-12-05,6040,5900,150136
76,2019-12-06,5820,5770,245087
77,2019-12-09,5740,5740,245546
78,2019-12-10,5810,5760,196461
79,2019-12-11,5720,5840,123108
80,2019-12-12,5930,5940,112847
81,2019-12-13,5940,6020,236947
82,2019-12-16,6920,6310,2804799
83,2019-12-17,6330,6140,538957
84,2019-12-18,6130,6130,441718
85,2019-12-19,6100,6030,120747
86,2019-12-20,6040,6080,139449
87,2019-12-23,6070,6040,120502
88,2019-12-24,6040,6040,171172
89,2019-12-26,5980,6000,141466
90,2019-12-27,5990,6000,69895
91,2019-12-30,5960,6050,93412
92,2020-01-02,6050,6030,115801
93,2020-01-03,6040,5990,134186
94,2020-01-06,5970,5770,203262
95,2020-01-07,5810,5910,248986
96,2020-01-08,5950,5660,275163
97,2020-01-09,5750,5780,118832
98,2020-01-10,5830,5770,83344
99,2020-01-13,5730,5850,68259
100,2020-01-14,5870,5800,110366
101,2020-01-15,5840,5810,111734
102,2020-01-16,5780,5830,71313
103,2020-01-17,5840,5800,190188
104,2020-01-20,5820,5770,144918
105,2020-01-21,5800,5770,147515
106,2020-01-22,5790,5640,296643
107,2020-01-23,5670,5480,186592
108,2020-01-28,5340,5190,234359
109,2020-01-29,5190,5240,95550
110,2020-01-30,5210,5120,175444
111,2020-01-31,5110,5120,130403
112,2020-02-03,5050,5020,159013
113,2020-02-04,4990,5170,68947
114,2020-02-05,5200,5130,66471
115,2020-02-06,5200,5210,98264
116,2020-02-07,5250,5150,65299
117,2020-02-10,5100,5080,68532
118,2020-02-11,5130,5100,48063
119,2020-02-12,5100,5120,53424
120,2020-02-13,5190,5150,96292
121,2020-02-14,5210,5370,508714
122,2020-02-17,5420,5340,94669
123,2020-02-18,5430,5260,89679
124,2020-02-19,5350,5320,124206
125,2020-02-20,5300,5200,154485
126,2020-02-21,5230,5100,120659
127,2020-02-24,4960,4880,169726
128,2020-02-25,4830,4905,114559
129,2020-02-26,4785,4790,135194
130,2020-02-27,4800,4675,176551
131,2020-02-28,4550,4345,487560
132,2020-03-02,4280,4425,210332
133,2020-03-03,4540,4500,102893
134,2020-03-04,4415,4590,78588
135,2020-03-05,4685,4735,171397
136,2020-03-06,4660,4710,132858
137,2020-03-09,4605,4410,178874
138,2020-03-10,4200,4300,238342
139,2020-03-11,4300,4180,182315
140,2020-03-12,4035,3930,372897
141,2020-03-13,3500,3515,447828
142,2020-03-16,3460,3365,336908
143,2020-03-17,3070,3230,415999
144,2020-03-18,3230,3015,380295
145,2020-03-19,3000,2530,836998
146,2020-03-20,2490,2675,495149
147,2020-03-23,2465,2420,315431
148,2020-03-24,2500,2520,357654
149,2020-03-25,2570,2750,498502
150,2020-03-26,2790,2860,533054
151,2020-03-27,3020,2920,565498
152,2020-03-30,2885,2925,286618
153,2020-03-31,3010,3075,366261
154,2020-04-01,3120,3060,670673
155,2020-04-02,3060,3170,339461
156,2020-04-03,3200,3305,327666
157,2020-04-06,3340,3425,452302
158,2020-04-07,3525,3755,604939
159,2020-04-08,3970,3860,651191
160,2020-04-09,3890,3890,276724
161,2020-04-10,3965,3960,285004
162,2020-04-13,3960,3870,224261
163,2020-04-14,3945,3895,208361
164,2020-04-16,3960,4110,784606
165,2020-04-17,4250,4260,396501
166,2020-04-20,4265,4415,420932
167,2020-04-21,4425,4340,461008
168,2020-04-22,4270,4310,209300
169,2020-04-23,4400,4335,255704
170,2020-04-24,4335,4255,242251
171,2020-04-27,4255,4390,289599
172,2020-04-28,4450,4490,272635
173,2020-04-29,4520,4485,183294
174,2020-05-04,4480,4535,206603
175,2020-05-06,4570,4635,255934
176,2020-05-07,4780,4640,329586
177,2020-05-08,4650,4650,278763
178,2020-05-11,4670,4620,219230
179,2020-05-12,4670,4580,2427061
180,2020-05-13,4490,4495,344208
181,2020-05-14,4475,4375,323430
182,2020-05-15,4450,4320,192839
183,2020-05-18,4375,4320,144815
184,2020-05-19,4340,4435,201918
185,2020-05-20,4495,4515,215413
186,2020-05-21,4585,4515,218236
187,2020-05-22,4580,4390,169449
188,2020-05-25,4430,4430,70935
189,2020-05-26,4485,4430,117919
190,2020-05-27,4500,4515,169559
191,2020-05-28,4530,4435,210963
192,2020-05-29,4350,4355,218562
193,2020-06-01,4480,4410,111313
194,2020-06-02,4465,4520,245949
195,2020-06-03,4590,4510,271163
196,2020-06-04,4580,4480,256977
197,2020-06-05,4515,4505,139663
198,2020-06-08,4575,4485,242707
199,2020-06-09,4520,4455,139926
200,2020-06-10,4465,4455,116036
201,2020-06-11,4420,4350,174733
202,2020-06-12,4100,4240,167260
203,2020-06-15,4170,3935,284965
204,2020-06-16,3960,4055,111468
205,2020-06-17,4055,3985,151463
206,2020-06-18,4020,4085,105944
207,2020-06-19,4210,4110,89157
208,2020-06-22,4120,4040,108422
209,2020-06-23,4030,4105,103985
210,2020-06-24,4100,4055,66797
211,2020-06-25,4020,4020,57095
212,2020-06-26,4095,4015,106868
213,2020-06-29,3995,3940,56146
214,2020-06-30,3950,3990,69161
215,2020-07-01,3980,3990,47086
216,2020-07-02,3980,3995,65169
217,2020-07-03,3995,3990,61640
218,2020-07-06,3990,3990,60132
219,2020-07-07,4000,3985,94137
220,2020-07-08,4010,4005,95041
221,2020-07-09,4055,4070,74366
222,2020-07-10,4075,4020,84344
223,2020-07-13,4025,4000,81608
224,2020-07-14,4000,3980,86567
225,2020-07-15,3995,3990,155462
226,2020-07-16,4025,4000,83075
227,2020-07-17,4015,3960,128756
228,2020-07-20,3965,3980,139624
229,2020-07-21,3980,4115,319367
230,2020-07-22,4095,4130,134631
231,2020-07-23,4180,4020,139313
232,2020-07-24,4015,3970,105907
233,2020-07-27,3965,3960,104232
234,2020-07-28,3960,4005,150613
235,2020-07-29,4070,4005,59378
236,2020-07-30,4050,3990,80301
237,2020-07-31,3990,3970,104272
238,2020-08-03,3985,3990,77175
239,2020-08-04,3990,4035,116941
240,2020-08-05,4035,3995,100862
241,2020-08-06,3990,4005,104162
242,2020-08-07,4000,4015,120229
243,2020-08-10,4050,4005,218451
244,2020-08-11,4005,4065,295118
245,2020-08-12,4060,4070,140652
246,2020-08-13,4075,4395,1176092
247,2020-08-14,4395,4240,547916
248,2020-08-18,4205,4040,345309
249,2020-08-19,4110,4055,306761
250,2020-08-20,4015,3820,539287
251,2020-08-21,3825,3890,140545
252,2020-08-24,3920,3895,162467
253,2020-08-25,3950,3960,86199
254,2020-08-26,3965,4000,198566
255,2020-08-27,4010,3970,164125
256,2020-08-28,3970,3950,122509
257,2020-08-31,3950,3915,262195
258,2020-09-01,3915,3915,182332
259,2020-09-02,3920,3905,158833
260,2020-09-03,3930,3935,164929
261,2020-09-04,3840,3875,231234
262,2020-09-07,3850,3875,273674
263,2020-09-08,3885,3880,222818
264,2020-09-09,3845,3850,219582
265,2020-09-10,3850,3850,276949
266,2020-09-11,3850,3850,230713
267,2020-09-14,3855,3890,374983
268,2020-09-15,3890,3985,472104
269,2020-09-16,3995,3970,223572
270,2020-09-17,3980,3955,185419
271,2020-09-18,4005,4045,422059
272,2020-09-21,4065,4000,338966
273,2020-09-22,3995,3885,230250
274,2020-09-23,3890,3865,179269
275,2020-09-24,3780,3790,201235
276,2020-09-25,3820,3765,113910
277,2020-09-28,3765,3820,79622
278,2020-09-29,3840,3875,79899
279,2020-10-05,3910,3915,87262
280,2020-10-06,3940,3925,135115
281,2020-10-07,3925,3940,102932
282,2020-10-08,3945,3955,124023
283,2020-10-12,3955,3950,104833
284,2020-10-13,3945,3930,107384
285,2020-10-14,3935,3925,252885
286,2020-10-15,3930,3925,115155
287,2020-10-16,3950,3940,160701
288,2020-10-19,3945,3945,125886
289,2020-10-20,3905,3880,223728
290,2020-10-21,3880,3875,156660
291,2020-10-22,3850,3845,115836
292,2020-10-23,3845,3850,98834
293,2020-10-26,3850,3835,147847
294,2020-10-27,3800,3835,110462
295,2020-10-28,3835,3850,63534
296,2020-10-29,3810,3815,127217
297,2020-10-30,3835,3785,73986
298,2020-11-02,3755,3840,153692
299,2020-11-03,3860,3835,61547
