,date,open,close,volume
0,2019-08-16,28950,29100,323974
1,2019-08-19,29650,29450,379626
2,2019-08-20,30300,30400,346954
3,2019-08-21,30050,30350,235930
4,2019-08-22,30450,29400,378557
5,2019-08-23,29350,32600,1818803
6,2019-08-26,32200,32900,1292591
7,2019-08-27,33500,32500,772714
8,2019-08-28,32750,33150,541396
9,2019-08-29,33300,33350,389755
10,2019-08-30,34100,33300,690678
11,2019-09-02,33800,38500,2847798
12,2019-09-03,38700,39550,1431755
13,2019-09-04,39550,44500,3035412
14,2019-09-05,45700,44600,2712947
15,2019-09-06,45700,47400,1792710
16,2019-09-09,48300,42400,2161660
17,2019-09-10,42200,43700,1794893
18,2019-09-11,43400,44100,1005617
19,2019-09-16,44100,43050,685906
20,2019-09-17,42600,43500,902792
21,2019-09-18,43550,43900,685104
22,2019-09-19,45000,44700,656072
23,2019-09-20,45350,45350,760252
24,2019-09-23,45350,45200,467042
25,2019-09-24,44700,45150,432850
26,2019-09-25,44800,42600,706490
27,2019-09-26,43200,43600,637631
28,2019-09-27,43850,42900,471127
29,2019-09-30,42050,40700,1343162
30,2019-10-01,41200,41450,510813
31,2019-10-02,40950,40800,379768
32,2019-10-04,40600,41000,562202
33,2019-10-07,41650,40200,397073
34,2019-10-08,40050,41700,486826
35,2019-10-10,41800,43850,1473818
36,2019-10-11,44800,44700,670161
37,2019-10-14,45800,42100,1434497
38,2019-10-15,41600,41750,1001811
39,2019-10-16,41900,42050,475780
40,2019-10-17,42600,43100,781334
41,2019-10-18,43500,41600,447995
42,2019-10-21,40900,41000,471130
43,2019-10-22,39650,40750,1179305
44,2019-10-23,40300,40100,464581
45,2019-10-24,39750,39800,248885
46,2019-10-25,39600,36650,1510314
47,2019-10-28,37050,36550,426556
48,2019-10-29,36600,36650,377278
49,2019-10-30,36000,36100,394245
50,2019-10-31,36300,36600,383801
51,2019-11-01,36850,37000,712972
52,2019-11-04,38800,35100,1231870
53,2019-11-05,35550,35650,481517
54,2019-11-06,35750,35650,261040
55,2019-11-07,35700,35100,351956
56,2019-11-08,36000,35800,536333
57,2019-11-11,35550,35250,200555
58,2019-11-12,35400,34950,342168
59,2019-11-13,35100,34950,303532
60,2019-11-14,34550,33950,460246
61,2019-11-15,33550,34900,296144
62,2019-11-18,34900,35200,151969
63,2019-11-19,35200,34800,178165
64,2019-11-20,34550,34300,299715
65,2019-11-21,35050,34500,677987
66,2019-11-22,34900,34300,293450
67,2019-11-25,34600,35900,314709
68,2019-11-26,36300,35900,527309
69,2019-11-27,35900,34300,497058
70,2019-11-28,34000,33250,680243
71,2019-11-29,33200,33400,248780
72,2019-12-02,33200,32600,371622
73,2019-12-03,31900,32900,249046
74,2019-12-04,32600,31700,308751
75,2019-12-05,31650,31000,565714
76,2019-12-06,31000,33850,818018
77,2019-12-09,33950,34200,337926
78,2019-12-10,33850,32750,337977
79,2019-12-11,32350,33100,256148
80,2019-12-12,33300,34250,400059
81,2019-12-13,36200,35000,933046
82,2019-12-16,35100,35100,288408
83,2019-12-17,35450,35150,202045
84,2019-12-18,35150,35000,165782
85,2019-12-19,34850,34400,295976
86,2019-12-20,34700,35200,344821
87,2019-12-23,35600,35000,363449
88,2019-12-24,35800,34500,468611
89,2019-12-26,34200,35850,532525
90,2019-12-27,36000,35800,419142
91,2019-12-30,35950,36850,345566
92,2020-01-02,37500,39150,1201898
93,2020-01-03,38300,36250,2251274
94,2020-01-06,35150,35050,580002
95,2020-01-07,35100,33100,1333664
96,2020-01-08,32750,31300,862179
97,2020-01-09,32350,32700,626587
98,2020-01-10,32700,33300,463794
99,2020-01-13,33150,33850,387452
100,2020-01-14,34050,33400,349089
101,2020-01-15,33450,33500,270663
102,2020-01-16,33950,33550,259540
103,2020-01-17,33850,33200,244851
104,2020-01-20,33300,33200,258812
105,2020-01-21,33550,33800,493251
106,2020-01-22,34100,33800,269316
107,2020-01-23,33600,32900,346498
108,2020-01-28,30500,30900,470592
109,2020-01-29,31700,31850,306584
110,2020-01-30,31600,30500,317577
111,2020-01-31,30400,28450,659700
112,2020-02-03,27250,29250,610144
113,2020-02-04,29250,30400,316371
114,2020-02-05,30700,30200,234971
115,2020-02-06,30750,30800,195475
116,2020-02-07,30950,30600,242550
117,2020-02-10,30050,30100,249868
118,2020-02-11,30150,31800,395620
119,2020-02-12,32300,34500,1466528
120,2020-02-13,35450,33700,1113068
121,2020-02-14,32850,33950,581341
122,2020-02-17,34200,34100,432744
123,2020-02-18,34200,32700,402878
124,2020-02-19,32650,32100,519068
125,2020-02-20,32100,31250,298141
126,2020-02-21,30200,31050,257653
127,2020-02-24,30000,30450,412470
128,2020-02-25,30450,32400,379627
129,2020-02-26,31600,32450,498196
130,2020-02-27,32100,30550,523371
131,2020-02-28,29850,29750,427204
132,2020-03-02,30000,30050,358341
133,2020-03-03,31400,29700,302951
134,2020-03-04,29750,30950,308302
135,2020-03-05,32150,31700,377515
136,2020-03-06,31100,33300,1206250
137,2020-03-09,33000,32850,1153513
138,2020-03-10,32950,35750,2394968
139,2020-03-11,36000,36950,3235453
140,2020-03-12,36850,36600,2288520
141,2020-03-13,34700,37900,3330883
142,2020-03-16,38700,34450,2993111
143,2020-03-17,34000,38250,3540570
144,2020-03-18,38250,36100,3400987
145,2020-03-19,38400,38150,3769301
146,2020-03-20,39750,39300,2753632
147,2020-03-23,37850,38450,2189892
148,2020-03-24,39350,39950,2439763
149,2020-03-25,39750,39750,3521915
150,2020-03-26,39500,38050,2116446
151,2020-03-27,38850,37150,2892514
152,2020-03-30,36500,39150,1880430
153,2020-03-31,39550,39050,1740279
154,2020-04-01,38900,39150,5997284
155,2020-04-02,41150,42000,2830413
156,2020-04-03,42450,42850,2784231
157,2020-04-06,43350,43400,1287471
158,2020-04-07,43850,42500,1760964
159,2020-04-08,42500,42300,1655994
160,2020-04-09,43150,42400,873590
161,2020-04-10,42400,41750,998531
162,2020-04-13,41250,40050,826660
163,2020-04-14,40550,41800,1238009
164,2020-04-16,41250,42600,1064055
165,2020-04-17,43400,42450,934169
166,2020-04-20,42000,41700,654850
167,2020-04-21,41200,41000,1153744
168,2020-04-22,40250,41250,502051
169,2020-04-23,41900,41000,571373
170,2020-04-24,39650,38100,2207082
171,2020-04-27,38050,38300,649480
172,2020-04-28,38450,38650,601794
173,2020-04-29,38700,38550,343097
174,2020-05-04,37800,37250,481141
175,2020-05-06,37600,38450,382454
176,2020-05-07,38500,38800,382950
177,2020-05-08,39550,39200,625238
178,2020-05-11,39500,38350,425512
179,2020-05-12,38250,38850,347717
180,2020-05-13,38050,38600,294550
181,2020-05-14,38600,37700,337064
182,2020-05-15,38000,38350,345490
183,2020-05-18,37700,35900,1116533
184,2020-05-19,36500,37000,568366
185,2020-05-20,37100,38200,466121
186,2020-05-21,38850,39500,1487442
187,2020-05-22,39650,37850,933953
188,2020-05-25,37850,37650,507753
189,2020-05-26,37650,37800,481014
190,2020-05-27,37450,36700,815932
191,2020-05-28,37250,35700,616516
192,2020-05-29,35300,36050,346583
193,2020-06-01,36000,36650,347174
194,2020-06-02,36900,36550,275226
195,2020-06-03,36750,36300,285221
196,2020-06-04,36550,36000,518478
197,2020-06-05,36150,35700,448152
198,2020-06-08,36100,35450,385014
199,2020-06-09,35800,35000,461723
200,2020-06-10,35050,35300,443015
201,2020-06-11,35500,34600,445454
202,2020-06-12,33000,33850,407418
203,2020-06-15,33800,30950,591712
204,2020-06-16,31800,33700,490163
205,2020-06-17,34900,35050,948205
206,2020-06-18,35800,35400,442407
207,2020-06-19,35550,35100,322586
208,2020-06-22,35000,34650,300824
209,2020-06-23,34600,34000,299781
210,2020-06-24,34050,35150,402045
211,2020-06-25,34500,34050,338437
212,2020-06-26,35300,36900,2688635
213,2020-06-29,36500,36750,828546
214,2020-06-30,37500,36300,652943
215,2020-07-01,36600,35850,376314
216,2020-07-02,36100,37350,661157
217,2020-07-03,37600,37400,459331
218,2020-07-06,37500,37100,303432
219,2020-07-07,37800,38400,1166130
220,2020-07-08,38750,39400,1070736
221,2020-07-09,40000,39300,639858
222,2020-07-10,39400,38400,623389
223,2020-07-13,38750,38900,460281
224,2020-07-14,38250,38350,398151
225,2020-07-15,38500,39750,1302862
226,2020-07-16,40600,39250,1099010
227,2020-07-17,39150,39600,429954
228,2020-07-20,39950,40950,918532
229,2020-07-21,41300,40450,489774
230,2020-07-22,40700,39600,962718
231,2020-07-23,38800,38300,1700001
232,2020-07-24,37500,37600,539458
233,2020-07-27,37800,38400,405838
234,2020-07-28,38750,38350,334091
235,2020-07-29,38400,37800,329535
236,2020-07-30,37900,37250,406592
237,2020-07-31,37250,36300,534568
238,2020-08-03,36300,37200,298623
239,2020-08-04,37550,37000,209024
240,2020-08-05,36850,37400,376105
241,2020-08-06,37900,37500,254258
242,2020-08-07,37800,38600,767424
243,2020-08-10,39000,38600,689529
244,2020-08-11,39100,38750,880376
245,2020-08-12,39850,39650,1559698
246,2020-08-13,40150,39100,485405
247,2020-08-14,39050,38750,379146
248,2020-08-18,38450,36650,605316
249,2020-08-19,36400,35900,460945
250,2020-08-20,36200,33750,493081
251,2020-08-21,34250,34200,245629
252,2020-08-24,33700,36650,393756
253,2020-08-25,36450,36900,213971
254,2020-08-26,37150,37300,341829
255,2020-08-27,37500,36200,288583
256,2020-08-28,38450,38800,1557935
257,2020-08-31,39450,39250,612212
258,2020-09-01,39750,39150,356294
259,2020-09-02,40000,40000,664311
260,2020-09-03,40500,39850,354468
261,2020-09-04,38400,40000,899330
262,2020-09-07,40100,43200,2153725
263,2020-09-08,44500,42100,2260380
264,2020-09-09,41900,44000,1435813
265,2020-09-10,44700,43700,894693
266,2020-09-11,43850,44000,612371
267,2020-09-14,44350,43100,446114
268,2020-09-15,43650,44000,668783
269,2020-09-16,43900,43550,484354
270,2020-09-17,44000,44450,1073162
271,2020-09-18,44500,46000,1369146
272,2020-09-21,45600,43200,856215
273,2020-09-22,43450,41100,633279
274,2020-09-23,41800,41100,768854
275,2020-09-24,40600,38800,599012
276,2020-09-25,39450,38650,358104
277,2020-09-28,39150,41500,426505
278,2020-09-29,42150,41200,352111
279,2020-10-05,40950,40450,220992
280,2020-10-06,40850,39900,272173
281,2020-10-07,39400,40400,257557
282,2020-10-08,40650,39800,242095
283,2020-10-12,39500,38350,583025
284,2020-10-13,38450,37750,331172
285,2020-10-14,38050,37500,339349
286,2020-10-15,37450,36400,453111
287,2020-10-16,36550,37100,262973
288,2020-10-19,37050,36700,238482
289,2020-10-20,36250,36900,216355
290,2020-10-21,36950,37550,149897
291,2020-10-22,37500,35850,298924
292,2020-10-23,35500,34900,292690
293,2020-10-26,34900,33400,317000
294,2020-10-27,32750,33950,314159
295,2020-10-28,33950,34950,131193
296,2020-10-29,34000,35700,150809
297,2020-10-30,35700,34650,143696
298,2020-11-02,34550,34850,105982
299,2020-11-03,35000,36000,201289
