,date,open,close,volume
0,2019-08-16,5420,5660,1789015
1,2019-08-19,5660,5660,261981
2,2019-08-20,5700,5250,453045
3,2019-08-21,5240,5200,291821
4,2019-08-22,5300,5210,360897
5,2019-08-23,5180,5880,5489105
6,2019-08-26,5780,5910,2845803
7,2019-08-27,5910,5860,790063
8,2019-08-28,5960,5690,531030
9,2019-08-29,5700,5550,376741
10,2019-08-30,5570,5680,355172
11,2019-09-02,5670,5710,166315
12,2019-09-03,5750,7420,8724446
13,2019-09-04,7800,7970,7864466
14,2019-09-05,7910,7970,4347079
15,2019-09-06,7950,7880,1385675
16,2019-09-09,7770,7470,932964
17,2019-09-10,7450,7280,777895
18,2019-09-11,7280,7180,1161254
19,2019-09-16,7210,7330,707608
20,2019-09-17,7350,7050,404910
21,2019-09-18,7060,7130,366631
22,2019-09-19,7090,7410,575905
23,2019-09-20,7410,7290,315733
24,2019-09-23,7230,7430,685682
25,2019-09-24,7400,7250,246637
26,2019-09-25,7220,6660,551479
27,2019-09-26,6660,6700,306601
28,2019-09-27,6570,6570,218537
29,2019-09-30,6530,6490,254605
30,2019-10-01,6410,6540,286323
31,2019-10-02,6450,6390,171348
32,2019-10-04,6320,6330,304163
33,2019-10-07,6320,6320,210076
34,2019-10-08,6320,6300,220588
35,2019-10-10,6280,6480,156092
36,2019-10-11,6480,6450,138795
37,2019-10-14,6500,6390,111403
38,2019-10-15,6380,6570,174248
39,2019-10-16,6610,6510,192035
40,2019-10-17,6530,6490,112356
41,2019-10-18,6450,6470,93355
42,2019-10-21,6420,6430,248958
43,2019-10-22,6810,6410,1450630
44,2019-10-23,6420,6140,291902
45,2019-10-24,6060,5980,335980
46,2019-10-25,5930,5850,230186
47,2019-10-28,5850,5840,127178
48,2019-10-29,5840,5890,93070
49,2019-10-30,5900,5750,187926
50,2019-10-31,5780,5830,87498
51,2019-11-01,5830,5870,118299
52,2019-11-04,5940,6050,136303
53,2019-11-05,6100,6000,94939
54,2019-11-06,6000,6060,96807
55,2019-11-07,6000,5920,89204
56,2019-11-08,5920,5920,41920
57,2019-11-11,5920,5930,37641
58,2019-11-12,5840,5760,77721
59,2019-11-13,5800,5960,88194
60,2019-11-14,5930,5970,127027
61,2019-11-15,6450,6250,967612
62,2019-11-18,6500,7030,2502111
63,2019-11-19,6950,7110,567565
64,2019-11-20,7100,6710,468830
65,2019-11-21,6690,6480,350366
66,2019-11-22,6490,6620,305738
67,2019-11-25,6680,7130,746287
68,2019-11-26,7130,7030,354395
69,2019-11-27,7070,7300,641255
70,2019-11-28,7320,7090,318856
71,2019-11-29,7120,7060,230213
72,2019-12-02,7030,6900,233548
73,2019-12-03,6840,7010,161532
74,2019-12-04,6920,6920,230886
75,2019-12-05,6900,7090,236805
76,2019-12-06,7090,7230,384575
77,2019-12-09,7400,7230,571596
78,2019-12-10,7200,7300,205530
79,2019-12-11,7300,7700,747485
80,2019-12-12,7710,7700,441375
81,2019-12-13,7770,7730,316467
82,2019-12-16,7850,9240,7869963
83,2019-12-17,9310,9130,1886714
84,2019-12-18,9150,9000,1076259
85,2019-12-19,9000,8570,694752
86,2019-12-20,8600,8360,952887
87,2019-12-23,8390,8200,385042
88,2019-12-24,8190,8140,293797
89,2019-12-26,8090,8270,293587
90,2019-12-27,8270,8550,310419
91,2019-12-30,8550,8470,288292
92,2020-01-02,8510,8540,210974
93,2020-01-03,8550,8650,272938
94,2020-01-06,8590,8430,248987
95,2020-01-07,8510,8860,1027374
96,2020-01-08,8840,8340,694994
97,2020-01-09,8610,9390,1195565
98,2020-01-10,9620,9000,778199
99,2020-01-13,8850,8650,489999
100,2020-01-14,8710,8600,319432
101,2020-01-15,8600,8490,287799
102,2020-01-16,8480,8550,247409
103,2020-01-17,8600,8600,182973
104,2020-01-20,8630,8200,482566
105,2020-01-21,8170,8310,220491
106,2020-01-22,8270,8430,135608
107,2020-01-23,8400,8240,122170
108,2020-01-28,7850,7830,357806
109,2020-01-29,7950,8040,186035
110,2020-01-30,8020,7740,204133
111,2020-01-31,7720,7570,249086
112,2020-02-03,7380,7890,243832
113,2020-02-04,7950,7960,157409
114,2020-02-05,8060,7880,141168
115,2020-02-06,8000,8030,96894
116,2020-02-07,8050,8050,66106
117,2020-02-10,8070,8060,72847
118,2020-02-11,8060,8090,85473
119,2020-02-12,8190,8390,394846
120,2020-02-13,8410,8340,186775
121,2020-02-14,8360,8410,122235
122,2020-02-17,8550,8580,221562
123,2020-02-18,8550,8350,181298
124,2020-02-19,8350,8770,381472
125,2020-02-20,8770,9290,596361
126,2020-02-21,9110,10000,2311217
127,2020-02-24,9710,8780,1043200
128,2020-02-25,8680,9000,478647
129,2020-02-26,8650,8850,368277
130,2020-02-27,8800,8200,481627
131,2020-02-28,7800,7840,339392
132,2020-03-02,7750,7870,378420
133,2020-03-03,8150,7970,327620
134,2020-03-04,7840,8950,701314
135,2020-03-05,8960,8880,480356
136,2020-03-06,8660,8980,521043
137,2020-03-09,8780,8260,439886
138,2020-03-10,8110,8380,383346
139,2020-03-11,8340,7920,353088
140,2020-03-12,7690,6900,663344
141,2020-03-13,6000,6300,791051
142,2020-03-16,6360,5400,789102
143,2020-03-17,4925,5320,763316
144,2020-03-18,5420,4665,699990
145,2020-03-19,4900,4230,904194
146,2020-03-20,4400,4590,690787
147,2020-03-23,4210,4210,544882
148,2020-03-24,4380,4790,654055
149,2020-03-25,5010,4820,907764
150,2020-03-26,4870,4855,791851
151,2020-03-27,5040,4965,847465
152,2020-03-30,4800,5180,757030
153,2020-03-31,5280,5560,1024504
154,2020-04-01,5550,5300,692958
155,2020-04-02,5290,5430,481542
156,2020-04-03,5460,5400,463741
157,2020-04-06,5370,6040,1246641
158,2020-04-07,6390,6240,1353167
159,2020-04-08,6240,6220,422077
160,2020-04-09,6310,6230,447496
161,2020-04-10,6230,6100,348680
162,2020-04-13,6090,5720,405648
163,2020-04-14,5780,5900,274682
164,2020-04-16,5800,6120,296846
165,2020-04-17,6230,6380,484372
166,2020-04-20,6390,6300,362788
167,2020-04-21,6230,6090,472170
168,2020-04-22,6040,6140,207662
169,2020-04-23,6200,6290,268427
170,2020-04-24,6310,6020,228741
171,2020-04-27,6070,6200,162268
172,2020-04-28,6220,6080,165921
173,2020-04-29,6090,6190,208927
174,2020-05-04,6050,6120,125509
175,2020-05-06,6160,6370,289008
176,2020-05-07,6370,6590,496097
177,2020-05-08,6670,6520,368569
178,2020-05-11,6570,6450,703978
179,2020-05-12,6460,6400,268176
180,2020-05-13,6300,6490,174518
181,2020-05-14,6420,6260,200130
182,2020-05-15,6300,6160,230524
183,2020-05-18,6070,5830,431233
184,2020-05-19,5910,6120,287661
185,2020-05-20,6150,6470,343163
186,2020-05-21,6600,6840,1921888
187,2020-05-22,6850,6900,1031416
188,2020-05-25,6960,6900,291065
189,2020-05-26,6910,6990,303708
190,2020-05-27,7020,6780,313998
191,2020-05-28,6780,6620,323778
192,2020-05-29,6510,6640,157685
193,2020-06-01,6740,6730,164409
194,2020-06-02,6830,6730,137142
195,2020-06-03,6750,6680,213241
196,2020-06-04,6770,7200,653861
197,2020-06-05,7170,6850,596831
198,2020-06-08,6860,6790,236147
199,2020-06-09,6790,6750,154998
200,2020-06-10,6750,6690,104957
201,2020-06-11,6690,6480,200365
202,2020-06-12,6260,6210,243408
203,2020-06-15,6190,5600,261004
204,2020-06-16,5790,5850,108017
205,2020-06-17,5800,5960,88806
206,2020-06-18,5960,5890,57567
207,2020-06-19,5890,5990,81269
208,2020-06-22,6140,6000,178261
209,2020-06-23,6030,5950,62922
210,2020-06-24,6000,5880,134904
211,2020-06-25,5800,5700,202874
212,2020-06-26,5780,5680,129588
213,2020-06-29,5620,5470,114966
214,2020-06-30,5530,5400,156109
215,2020-07-01,5460,5470,148673
216,2020-07-02,5470,5470,136275
217,2020-07-03,5550,5610,71397
218,2020-07-06,5700,5670,72407
219,2020-07-07,5700,5570,98042
220,2020-07-08,5630,5570,43259
221,2020-07-09,5640,5610,61252
222,2020-07-10,5560,5590,86884
223,2020-07-13,5580,5570,64262
224,2020-07-14,5550,5580,64888
225,2020-07-15,5590,5880,223907
226,2020-07-16,5850,5830,127072
227,2020-07-17,5830,5930,110935
228,2020-07-20,5940,5870,78702
229,2020-07-21,5880,5930,91161
230,2020-07-22,5890,5780,109345
231,2020-07-23,5810,5640,98790
232,2020-07-24,5640,5530,65282
233,2020-07-27,5450,5610,66170
234,2020-07-28,5660,5810,151175
235,2020-07-29,5900,5920,117326
236,2020-07-30,5940,5810,70622
237,2020-07-31,5860,5720,78758
238,2020-08-03,5720,5670,47367
239,2020-08-04,5700,5770,65657
240,2020-08-05,5770,5830,79786
241,2020-08-06,5830,5860,123179
242,2020-08-07,5920,5720,112705
243,2020-08-10,5730,5750,56736
244,2020-08-11,5750,5680,71962
245,2020-08-12,5730,5580,84262
246,2020-08-13,5640,5630,68615
247,2020-08-14,5680,5680,54647
248,2020-08-18,5550,5150,177879
249,2020-08-19,5140,5000,107498
250,2020-08-20,5010,4670,131457
251,2020-08-21,4750,4660,99869
252,2020-08-24,4585,4740,53984
253,2020-08-25,4755,4945,69660
254,2020-08-26,4950,4960,43594
255,2020-08-27,4945,4740,91272
256,2020-08-28,4750,4705,103499
257,2020-08-31,4780,4720,74412
258,2020-09-01,4760,4845,91249
259,2020-09-02,4845,5010,124665
260,2020-09-03,5000,5000,51012
261,2020-09-04,4770,4805,150335
262,2020-09-07,4820,5000,118054
263,2020-09-08,4985,4955,75360
264,2020-09-09,4905,4960,44840
265,2020-09-10,4970,5110,99869
266,2020-09-11,5050,5320,189737
267,2020-09-14,5390,5250,116946
268,2020-09-15,5180,5240,96695
269,2020-09-16,5220,5190,71612
270,2020-09-17,5280,5090,116231
271,2020-09-18,5050,5060,34136
272,2020-09-21,5070,5140,122159
273,2020-09-22,5140,4950,69628
274,2020-09-23,4910,4885,58536
275,2020-09-24,4800,4675,67204
276,2020-09-25,4680,4710,30550
277,2020-09-28,4715,4825,48315
278,2020-09-29,4820,4990,60074
279,2020-10-05,4990,5080,50632
280,2020-10-06,5170,5060,28671
281,2020-10-07,4995,5060,41030
282,2020-10-08,5110,5060,31488
283,2020-10-12,5060,5070,35969
284,2020-10-13,5080,5060,32490
285,2020-10-14,5060,5020,37129
286,2020-10-15,5020,4930,34601
287,2020-10-16,4915,4950,39394
288,2020-10-19,4930,4925,20488
289,2020-10-20,4925,4920,62851
290,2020-10-21,4900,5060,73522
291,2020-10-22,5050,4975,48768
292,2020-10-23,4965,4875,35090
293,2020-10-26,4880,4725,55197
294,2020-10-27,4555,4670,62892
295,2020-10-28,4630,4685,36287
296,2020-10-29,4635,4670,34781
297,2020-10-30,4720,4575,31288
298,2020-11-02,4575,4610,25827
299,2020-11-03,4610,4670,11772
