,date,open,close,volume
0,2019-08-16,2590,2665,4851871
1,2019-08-19,2680,2595,3651174
2,2019-08-20,2635,2740,10336223
3,2019-08-21,2775,2735,4932502
4,2019-08-22,2795,2720,2759375
5,2019-08-23,2690,2665,2058763
6,2019-08-26,2580,2545,2061047
7,2019-08-27,2580,2545,2014967
8,2019-08-28,2550,2600,1817392
9,2019-08-29,2585,2470,3020935
10,2019-08-30,2540,2505,1765757
11,2019-09-02,2500,2565,1340361
12,2019-09-03,2600,2555,1478842
13,2019-09-04,2550,2650,1935930
14,2019-09-05,2670,2710,3224266
15,2019-09-06,2740,2695,2605369
16,2019-09-09,2695,2705,1474597
17,2019-09-10,2705,2710,1573037
18,2019-09-11,2700,2750,1341857
19,2019-09-16,2770,2710,1276495
20,2019-09-17,2680,2685,1283230
21,2019-09-18,2675,2690,1113324
22,2019-09-19,2700,2790,4016185
23,2019-09-20,2790,2760,1418884
24,2019-09-23,2770,2785,2462989
25,2019-09-24,2955,2780,5197715
26,2019-09-25,2760,2675,2510905
27,2019-09-26,2675,2620,1554704
28,2019-09-27,2625,2685,975710
29,2019-09-30,2675,2625,963611
30,2019-10-01,2635,2620,773754
31,2019-10-02,2620,2555,1118611
32,2019-10-04,2545,2570,667568
33,2019-10-07,2575,2595,774271
34,2019-10-08,2575,2805,6295791
35,2019-10-10,2820,2900,15783656
36,2019-10-11,2920,2900,3868393
37,2019-10-14,2935,2825,4198142
38,2019-10-15,2810,3040,12469205
39,2019-10-16,3045,3025,3592775
40,2019-10-17,3050,3025,4882577
41,2019-10-18,3045,3145,6376186
42,2019-10-21,3165,3135,3506102
43,2019-10-22,3165,3170,2596537
44,2019-10-23,3175,3075,3058761
45,2019-10-24,3090,3220,12902083
46,2019-10-25,3220,3270,3899524
47,2019-10-28,3310,3280,3872702
48,2019-10-29,3300,3290,2654950
49,2019-10-30,3310,3205,2919682
50,2019-10-31,3220,3500,14198548
51,2019-11-01,3455,3505,3496615
52,2019-11-04,3550,3320,5005964
53,2019-11-05,3335,3340,4406902
54,2019-11-06,3310,3260,2703114
55,2019-11-07,3260,3220,3043953
56,2019-11-08,3230,3110,4215203
57,2019-11-11,3120,3075,1840796
58,2019-11-12,3075,3150,1813590
59,2019-11-13,3160,3200,1378036
60,2019-11-14,3230,3210,2644101
61,2019-11-15,3235,3430,9873242
62,2019-11-18,3450,3575,6266784
63,2019-11-19,3555,3775,11282911
64,2019-11-20,3785,3655,6138050
65,2019-11-21,3625,3695,4347272
66,2019-11-22,3695,3580,3115125
67,2019-11-25,3595,3570,2788042
68,2019-11-26,3575,3740,6973820
69,2019-11-27,3740,3670,2083336
70,2019-11-28,3730,3540,6144063
71,2019-11-29,3500,3630,3121154
72,2019-12-02,3625,3655,3270637
73,2019-12-03,3620,3750,2820410
74,2019-12-04,3735,3675,1769758
75,2019-12-05,3715,3735,9951762
76,2019-12-06,3750,3620,5002568
77,2019-12-09,3590,3620,1781871
78,2019-12-10,3595,3575,2758268
79,2019-12-11,3530,3680,2473796
80,2019-12-12,3730,3565,6662148
81,2019-12-13,3610,3550,2766660
82,2019-12-16,3580,4040,50592337
83,2019-12-17,4030,4020,15425717
84,2019-12-18,4025,3880,7105879
85,2019-12-19,3930,3840,9660276
86,2019-12-20,3875,3845,4105600
87,2019-12-23,3845,3790,2946401
88,2019-12-24,3800,3700,2484107
89,2019-12-26,3720,3900,6186145
90,2019-12-27,3910,4240,31975431
91,2019-12-30,4285,4305,9134529
92,2020-01-02,4330,4325,6753417
93,2020-01-03,4420,4300,8563450
94,2020-01-06,4195,4345,6206986
95,2020-01-07,4340,4285,3517638
96,2020-01-08,4290,4180,6433943
97,2020-01-09,4440,4490,7262870
98,2020-01-10,4530,4400,4786792
99,2020-01-13,4410,4435,2668654
100,2020-01-14,4470,4500,8420286
101,2020-01-15,4530,4495,1974314
102,2020-01-16,4540,4605,2948580
103,2020-01-17,4625,4685,4998343
104,2020-01-20,4710,5390,40963234
105,2020-01-21,5400,5490,12487961
106,2020-01-22,5490,5610,9184660
107,2020-01-23,5620,5860,8928424
108,2020-01-28,5600,5870,9986438
109,2020-01-29,5950,5850,5538171
110,2020-01-30,5810,6210,27204275
111,2020-01-31,6230,5630,13690678
112,2020-02-03,5510,6030,16562758
113,2020-02-04,5950,5990,9986866
114,2020-02-05,6110,5930,8669005
115,2020-02-06,5980,6140,9124935
116,2020-02-07,6200,6090,4698311
117,2020-02-10,6030,6110,2699464
118,2020-02-11,6180,6340,9648039
119,2020-02-12,6450,6150,7017621
120,2020-02-13,6120,6200,6379876
121,2020-02-14,6180,6100,3838829
122,2020-02-17,6100,6280,5883740
123,2020-02-18,6290,6050,5311377
124,2020-02-19,6090,6110,4750487
125,2020-02-20,6200,6120,18379586
126,2020-02-21,5960,6210,9752274
127,2020-02-24,6100,5850,8194339
128,2020-02-25,5800,6120,7567677
129,2020-02-26,5990,5950,5068606
130,2020-02-27,6050,5650,5423517
131,2020-02-28,5500,5580,6831875
132,2020-03-02,5720,5760,5095612
133,2020-03-03,6020,5600,6258571
134,2020-03-04,5560,5870,4626716
135,2020-03-05,5970,5940,7952160
136,2020-03-06,5840,5780,6086006
137,2020-03-09,5600,5430,4567609
138,2020-03-10,5300,5590,6957864
139,2020-03-11,5590,5190,5858199
140,2020-03-12,5110,5180,8126329
141,2020-03-13,4850,4755,11903104
142,2020-03-16,4870,4385,7408692
143,2020-03-17,4200,4570,11421901
144,2020-03-18,4750,4300,14671112
145,2020-03-19,4555,3905,13075362
146,2020-03-20,4115,4195,11809158
147,2020-03-23,3980,3895,8119638
148,2020-03-24,4085,4340,16110303
149,2020-03-25,4490,4470,12899923
150,2020-03-26,4505,4475,10530342
151,2020-03-27,4700,4400,9469757
152,2020-03-30,4270,4570,6201746
153,2020-03-31,4660,4580,7168240
154,2020-04-01,4580,4500,9020745
155,2020-04-02,4625,4610,6255599
156,2020-04-03,4680,4600,3603000
157,2020-04-06,4650,4925,12887861
158,2020-04-07,5120,5210,17743702
159,2020-04-08,5220,5250,7609218
160,2020-04-09,5380,5250,6557177
161,2020-04-10,5190,5240,4237107
162,2020-04-13,5170,4905,4879395
163,2020-04-14,5000,5020,3346194
164,2020-04-16,4955,5250,4368707
165,2020-04-17,5440,5360,13821196
166,2020-04-20,5390,5290,3294859
167,2020-04-21,5240,5140,4821607
168,2020-04-22,5500,5330,11336897
169,2020-04-23,5410,5340,4466955
170,2020-04-24,5290,5170,2821925
171,2020-04-27,5250,5180,2133396
172,2020-04-28,5250,5250,2292557
173,2020-04-29,5250,5290,5299708
174,2020-05-04,5160,5160,2103534
175,2020-05-06,5260,5270,2252143
176,2020-05-07,5270,5690,19480661
177,2020-05-08,5850,5680,10830658
178,2020-05-11,5710,5650,3638557
179,2020-05-12,5650,5460,4163897
180,2020-05-13,5320,5520,3256701
181,2020-05-14,5410,5390,2320101
182,2020-05-15,5500,5570,10315950
183,2020-05-18,5590,5570,4044684
184,2020-05-19,5830,5580,9884377
185,2020-05-20,5580,5700,4171870
186,2020-05-21,5780,5870,11560876
187,2020-05-22,5870,5680,5154010
188,2020-05-25,5700,5830,4154813
189,2020-05-26,5890,5880,3975526
190,2020-05-27,5810,5660,4535646
191,2020-05-28,5720,5420,4787964
192,2020-05-29,5390,5530,2975546
193,2020-06-01,5490,5570,2482453
194,2020-06-02,5570,5500,3113206
195,2020-06-03,5530,5460,2831611
196,2020-06-04,5540,5480,2336029
197,2020-06-05,5490,5520,2117509
198,2020-06-08,5610,5500,1828010
199,2020-06-09,5530,5420,2098309
200,2020-06-10,5420,5430,2352530
201,2020-06-11,5430,5310,2733360
202,2020-06-12,5000,5090,3224847
203,2020-06-15,5060,4600,4129152
204,2020-06-16,4815,4885,2212118
205,2020-06-17,4790,4935,2579659
206,2020-06-18,4885,4940,1486164
207,2020-06-19,4950,5000,1674959
208,2020-06-22,5000,4975,1456879
209,2020-06-23,5030,4925,1553072
210,2020-06-24,4945,4970,1718177
211,2020-06-25,4875,4810,2016328
212,2020-06-26,4855,4860,1372781
213,2020-06-29,4800,4710,1505431
214,2020-06-30,4825,5010,5462801
215,2020-07-01,5100,4915,2028898
216,2020-07-02,4915,4980,1112200
217,2020-07-03,4975,4985,871049
218,2020-07-06,4990,5170,3174638
219,2020-07-07,5260,5040,2180485
220,2020-07-08,5030,5010,1140630
221,2020-07-09,5030,5070,1927450
222,2020-07-10,5080,5000,1539935
223,2020-07-13,5030,5100,1744109
224,2020-07-14,5080,5020,1204640
225,2020-07-15,5050,5350,7559274
226,2020-07-16,5330,5150,3656013
227,2020-07-17,5130,5210,2569935
228,2020-07-20,5310,5550,17376580
229,2020-07-21,5590,5610,7408407
230,2020-07-22,5620,5590,3075967
231,2020-07-23,5630,5600,8087900
232,2020-07-24,5540,5490,5223462
233,2020-07-27,5440,6070,34559811
234,2020-07-28,6150,6150,20689127
235,2020-07-29,6150,6210,13059041
236,2020-07-30,6390,6180,8229519
237,2020-07-31,6230,6120,4108096
238,2020-08-03,6130,6170,4545365
239,2020-08-04,6210,6010,5342752
240,2020-08-05,6070,6070,2793951
241,2020-08-06,6110,5900,3950670
242,2020-08-07,5880,5950,2976524
243,2020-08-10,5980,5900,3525652
244,2020-08-11,5890,5870,2904417
245,2020-08-12,5860,5720,3597463
246,2020-08-13,5850,6060,10674993
247,2020-08-14,6050,5750,6501010
248,2020-08-18,5710,5360,3846672
249,2020-08-19,5360,5400,2986888
250,2020-08-20,5320,4980,5297564
251,2020-08-21,5030,4935,2563521
252,2020-08-24,4900,4880,3148632
253,2020-08-25,4885,5040,2250949
254,2020-08-26,5040,5000,2084545
255,2020-08-27,5090,4885,2241445
256,2020-08-28,4900,4895,1911476
257,2020-08-31,4910,4990,1452711
258,2020-09-01,4990,5210,3586241
259,2020-09-02,5310,5210,2292509
260,2020-09-03,5340,5310,3346603
261,2020-09-04,4965,5160,2391163
262,2020-09-07,5200,5170,1962948
263,2020-09-08,5200,5400,4196393
264,2020-09-09,5290,5290,2125069
265,2020-09-10,5370,5640,9185204
266,2020-09-11,5610,5560,3205456
267,2020-09-14,5640,5630,4125827
268,2020-09-15,5710,5560,2225621
269,2020-09-16,5570,5420,2151411
270,2020-09-17,5380,5290,1614576
271,2020-09-18,5320,5330,1234252
272,2020-09-21,5310,5220,1589824
273,2020-09-22,5120,4995,2284682
274,2020-09-23,5060,5110,1766529
275,2020-09-24,4980,5010,1619790
276,2020-09-25,5110,5010,1131055
277,2020-09-28,5070,5110,924380
278,2020-09-29,5200,5090,1044647
279,2020-10-05,5090,5150,895992
280,2020-10-06,5190,5150,1140757
281,2020-10-07,5100,5200,1039471
282,2020-10-08,5270,5200,1419757
283,2020-10-12,5290,5240,991545
284,2020-10-13,5300,5270,1084048
285,2020-10-14,5280,5130,1202235
286,2020-10-15,5100,5030,1210344
287,2020-10-16,5020,5030,1268927
288,2020-10-19,5050,5020,756810
289,2020-10-20,5000,5040,1004942
290,2020-10-21,5060,5060,675353
291,2020-10-22,5070,4970,849244
292,2020-10-23,4995,4945,700685
293,2020-10-26,5080,4880,1191072
294,2020-10-27,4825,4880,1105670
295,2020-10-28,4880,4980,627258
296,2020-10-29,4870,5040,956386
297,2020-10-30,5060,4915,760677
298,2020-11-02,4915,4965,516647
299,2020-11-03,4965,4995,771690
