,date,open,close,volume
0,2019-08-16,2480,2435,82092
1,2019-08-19,2435,2500,93689
2,2019-08-20,2485,2520,132819
3,2019-08-21,2570,2550,35369
4,2019-08-22,2550,2545,36516
5,2019-08-23,2500,2550,61183
6,2019-08-26,2480,2650,274435
7,2019-08-27,2700,2800,251601
8,2019-08-28,2800,2750,71540
9,2019-08-29,2735,2660,141166
10,2019-08-30,2625,2655,94403
11,2019-09-02,2650,2800,79383
12,2019-09-03,2755,2845,194392
13,2019-09-04,2830,2765,138992
14,2019-09-05,2785,2765,45333
15,2019-09-06,2735,2700,38466
16,2019-09-09,2670,2695,39875
17,2019-09-10,2770,2720,32201
18,2019-09-11,2700,2770,35735
19,2019-09-16,2770,2875,76520
20,2019-09-17,2850,2850,49511
21,2019-09-18,2850,2830,42144
22,2019-09-19,2835,2830,23893
23,2019-09-20,2790,2860,30773
24,2019-09-23,2830,2900,33484
25,2019-09-24,2900,2970,65303
26,2019-09-25,2970,2860,67546
27,2019-09-26,2845,2840,67591
28,2019-09-27,2775,2840,18516
29,2019-09-30,2780,2825,18659
30,2019-10-01,2825,2840,23573
31,2019-10-02,2840,2880,18152
32,2019-10-04,2830,2835,9612
33,2019-10-07,2720,2785,25718
34,2019-10-08,2730,2730,26199
35,2019-10-10,2750,2690,19765
36,2019-10-11,2650,2635,38551
37,2019-10-14,2635,2655,32943
38,2019-10-15,2655,2840,29235
39,2019-10-16,2825,2830,17349
40,2019-10-17,2805,2885,9257
41,2019-10-18,2885,2895,36723
42,2019-10-21,2895,2835,12647
43,2019-10-22,2800,2820,14475
44,2019-10-23,2885,2810,10979
45,2019-10-24,2810,2825,8036
46,2019-10-25,2845,2845,16943
47,2019-10-28,2890,2870,26244
48,2019-10-29,2830,2865,52986
49,2019-10-30,2850,2875,37661
50,2019-10-31,2875,2875,13531
51,2019-11-01,2875,2870,19270
52,2019-11-04,2870,2875,14944
53,2019-11-05,2875,2875,13869
54,2019-11-06,2875,2875,15756
55,2019-11-07,2875,2890,16929
56,2019-11-08,2900,2905,33597
57,2019-11-11,2905,2910,21201
58,2019-11-12,2910,2930,8490
59,2019-11-13,2930,2910,5683
60,2019-11-14,2910,2875,26327
61,2019-11-15,2860,2800,51017
62,2019-11-18,2830,2795,18056
63,2019-11-19,2800,2780,47413
64,2019-11-20,2750,2665,40355
65,2019-11-21,2665,2640,45380
66,2019-11-22,2615,2670,18100
67,2019-11-25,2670,2700,17178
68,2019-11-26,2685,2665,25025
69,2019-11-27,2720,2665,11277
70,2019-11-28,2665,2670,15780
71,2019-11-29,2645,2660,20854
72,2019-12-02,2660,2685,10343
73,2019-12-03,2680,2670,11084
74,2019-12-04,2670,2650,8007
75,2019-12-05,2630,2610,20488
76,2019-12-06,2610,2665,5192
77,2019-12-09,2625,2695,5896
78,2019-12-10,2655,2695,6826
79,2019-12-11,2685,2655,8012
80,2019-12-12,2655,2690,8560
81,2019-12-13,2685,2665,11339
82,2019-12-16,2665,2725,13669
83,2019-12-17,2745,2760,10196
84,2019-12-18,2760,2765,19563
85,2019-12-19,2760,2765,7208
86,2019-12-20,2750,2800,12084
87,2019-12-23,2800,2805,40108
88,2019-12-24,2745,2790,22547
89,2019-12-26,2790,2795,10826
90,2019-12-27,2715,2715,30615
91,2019-12-30,2715,2720,7832
92,2020-01-02,2720,2680,35405
93,2020-01-03,2660,2695,34141
94,2020-01-06,2630,2665,12759
95,2020-01-07,2695,2695,11656
96,2020-01-08,2695,2570,39348
97,2020-01-09,2580,2660,21687
98,2020-01-10,2650,2750,14976
99,2020-01-13,2745,2755,21489
100,2020-01-14,2730,2750,21669
101,2020-01-15,2740,2740,8993
102,2020-01-16,2740,2740,11808
103,2020-01-17,2720,2720,7602
104,2020-01-20,2720,2730,13327
105,2020-01-21,2750,2685,17670
106,2020-01-22,2695,2690,17527
107,2020-01-23,2690,2670,8755
108,2020-01-28,2595,2515,48752
109,2020-01-29,2515,2515,28859
110,2020-01-30,2525,2500,8463
111,2020-01-31,2500,2455,18425
112,2020-02-03,2425,2540,13310
113,2020-02-04,2570,2650,17014
114,2020-02-05,2600,2625,13808
115,2020-02-06,2625,2615,17242
116,2020-02-07,2625,2580,25523
117,2020-02-10,2540,2565,12279
118,2020-02-11,2530,2550,26318
119,2020-02-12,2550,2545,32869
120,2020-02-13,2550,2560,18557
121,2020-02-14,2545,2520,103894
122,2020-02-17,2525,2515,35271
123,2020-02-18,2515,2495,49389
124,2020-02-19,2540,2500,48634
125,2020-02-20,2510,2485,16454
126,2020-02-21,2450,2460,19527
127,2020-02-24,2350,2400,59797
128,2020-02-25,2315,2400,17652
129,2020-02-26,2350,2420,33914
130,2020-02-27,2325,2420,17291
131,2020-02-28,2350,2315,59647
132,2020-03-02,2310,2230,46371
133,2020-03-03,2325,2285,8506
134,2020-03-04,2285,2370,15864
135,2020-03-05,2445,2415,26914
136,2020-03-06,2425,2410,2684
137,2020-03-09,2345,2345,31180
138,2020-03-10,2330,2375,22922
139,2020-03-11,2375,2300,11961
140,2020-03-12,2200,2030,39709
141,2020-03-13,1980,1745,230349
142,2020-03-16,1740,1490,187886
143,2020-03-17,1485,1420,194411
144,2020-03-18,1415,1390,99833
145,2020-03-19,1445,1215,115869
146,2020-03-20,1205,1330,78812
147,2020-03-23,1285,1085,202297
148,2020-03-24,1110,1140,140578
149,2020-03-25,1180,1245,110991
150,2020-03-26,1285,1270,109857
151,2020-03-27,1370,1325,67504
152,2020-03-30,1340,1410,35476
153,2020-03-31,1435,1430,38488
154,2020-04-01,1430,1420,73428
155,2020-04-02,1500,1490,13039
156,2020-04-03,1500,1595,73638
157,2020-04-06,1685,1595,28565
158,2020-04-07,1620,1665,43662
159,2020-04-08,1645,1675,60350
160,2020-04-09,1675,1745,23592
161,2020-04-10,1745,1745,82687
162,2020-04-13,1690,1610,93301
163,2020-04-14,1620,1645,16803
164,2020-04-16,1645,1650,22459
165,2020-04-17,1655,1700,79837
166,2020-04-20,1690,1770,75913
167,2020-04-21,1755,1715,28887
168,2020-04-22,1705,1725,29192
169,2020-04-23,1725,1720,18848
170,2020-04-24,1720,1710,31451
171,2020-04-27,1740,1720,21135
172,2020-04-28,1730,1730,16335
173,2020-04-29,1730,1760,36851
174,2020-05-04,1740,1760,22106
175,2020-05-06,1760,1810,34297
176,2020-05-07,1810,1830,16116
177,2020-05-08,1830,1840,30840
178,2020-05-11,1915,1870,34726
179,2020-05-12,1870,1850,14474
180,2020-05-13,1820,1890,25181
181,2020-05-14,1900,1850,21177
182,2020-05-15,1850,1885,41524
183,2020-05-18,1885,1840,65734
184,2020-05-19,1840,1860,35808
185,2020-05-20,1860,1880,32408
186,2020-05-21,1880,1905,24018
187,2020-05-22,1885,1855,28329
188,2020-05-25,1835,1850,8556
189,2020-05-26,1835,2405,5050138
190,2020-05-27,2475,2305,2948965
191,2020-05-28,2310,2205,472148
192,2020-05-29,2210,2075,601673
193,2020-06-01,2110,2175,396717
194,2020-06-02,2170,2115,240409
195,2020-06-03,2130,2125,3236839
196,2020-06-04,2125,2040,249150
197,2020-06-05,2055,2100,124316
198,2020-06-08,2135,2145,414265
199,2020-06-09,2155,2135,159646
200,2020-06-10,2130,2065,139471
201,2020-06-11,2100,2045,58224
202,2020-06-12,1965,1965,147440
203,2020-06-15,2005,1870,122791
204,2020-06-16,1880,1955,285017
205,2020-06-17,2000,2030,301485
206,2020-06-18,2075,2030,117814
207,2020-06-19,2030,2015,53133
208,2020-06-22,1995,2000,49924
209,2020-06-23,2010,1920,188188
210,2020-06-24,1920,1935,49293
211,2020-06-25,1900,1875,60501
212,2020-06-26,1865,1875,30361
213,2020-06-29,1875,1810,40412
214,2020-06-30,1935,1830,38368
215,2020-07-01,1870,1800,28180
216,2020-07-02,1805,1815,40868
217,2020-07-03,1855,1835,16198
218,2020-07-06,1900,1870,101574
219,2020-07-07,1910,1890,31056
220,2020-07-08,1890,1860,16409
221,2020-07-09,1845,1840,31780
222,2020-07-10,1840,1830,32533
223,2020-07-13,1830,1810,37837
224,2020-07-14,1830,1815,27258
225,2020-07-15,1855,1835,20145
226,2020-07-16,1835,1850,20570
227,2020-07-17,1850,1905,48055
228,2020-07-20,1885,1895,15720
229,2020-07-21,1890,1905,26265
230,2020-07-22,1910,1910,22429
231,2020-07-23,1900,1900,27331
232,2020-07-24,1905,1875,26686
233,2020-07-27,1875,1865,46465
234,2020-07-28,1885,1850,38427
235,2020-07-29,1850,1835,34190
236,2020-07-30,1835,1920,1570063
237,2020-07-31,1900,1920,132448
238,2020-08-03,1915,1930,207285
239,2020-08-04,1940,2060,190513
240,2020-08-05,2040,2090,346021
241,2020-08-06,2450,2345,15102395
242,2020-08-07,2310,2165,1371953
243,2020-08-10,2185,2425,1601442
244,2020-08-11,2350,2415,861290
245,2020-08-12,2340,2315,1172948
246,2020-08-13,2320,3005,4140027
247,2020-08-14,2760,3070,16053452
248,2020-08-18,3190,2960,6198188
249,2020-08-19,2920,3195,2849884
250,2020-08-20,3105,3245,2556984
251,2020-08-21,3245,3200,2240179
252,2020-08-24,3160,3020,834953
253,2020-08-25,2980,3535,10926212
254,2020-08-26,3520,3420,2384451
255,2020-08-27,3395,3195,939205
256,2020-08-28,3180,3220,2168155
257,2020-08-31,3240,3155,525887
258,2020-09-01,3145,3115,346345
259,2020-09-02,3185,3210,473274
260,2020-09-03,3190,3215,1051340
261,2020-09-04,3055,3150,332298
262,2020-09-07,3180,3215,371434
263,2020-09-08,3250,3205,5141671
264,2020-09-09,3150,3230,1158947
265,2020-09-10,3280,3315,745250
266,2020-09-11,3365,3340,377603
267,2020-09-14,3405,3285,318307
268,2020-09-15,3345,3270,256199
269,2020-09-16,3270,3245,229795
270,2020-09-17,3205,3440,16971366
271,2020-09-18,3405,3345,1754870
272,2020-09-21,3330,3420,4793980
273,2020-09-22,3385,4150,31170464
274,2020-09-23,4500,3885,16935076
275,2020-09-24,3760,3470,2205729
276,2020-09-25,3470,3330,4733325
277,2020-09-28,3335,3360,1124098
278,2020-09-29,3385,3500,1381664
279,2020-10-05,3530,3600,1226226
280,2020-10-06,3675,4455,28414473
281,2020-10-07,4365,4090,4592335
282,2020-10-08,4125,4090,7160766
283,2020-10-12,4160,4070,1325672
284,2020-10-13,4095,4030,1381409
285,2020-10-14,4010,3895,876390
286,2020-10-15,3930,3795,548250
287,2020-10-16,3760,3720,499166
288,2020-10-19,3720,3720,313628
289,2020-10-20,3650,3585,614521
290,2020-10-21,3600,3600,206446
291,2020-10-22,3575,3530,320684
292,2020-10-23,3600,3535,4961986
293,2020-10-26,3505,3270,808348
294,2020-10-27,3210,3250,696660
295,2020-10-28,3230,3350,311289
296,2020-10-29,3275,3295,304385
297,2020-10-30,3340,3325,5300073
298,2020-11-02,3335,3520,584454
299,2020-11-03,3585,3515,1544680
