,date,open,close,volume
0,2019-08-16,6350,6000,303349
1,2019-08-19,6090,6340,445070
2,2019-08-20,6390,6230,153255
3,2019-08-21,6300,6650,485617
4,2019-08-22,6630,5990,612587
5,2019-08-23,5990,5850,216215
6,2019-08-26,5700,5560,385310
7,2019-08-27,5610,5750,193537
8,2019-08-28,5750,5510,321307
9,2019-08-29,5550,5290,158974
10,2019-08-30,5350,5400,119550
11,2019-09-02,5640,5640,217737
12,2019-09-03,5640,5610,73080
13,2019-09-04,5610,5740,164552
14,2019-09-05,5850,5440,216478
15,2019-09-06,5550,5320,164622
16,2019-09-09,5320,5240,91710
17,2019-09-10,5200,5390,93453
18,2019-09-11,5500,5310,216242
19,2019-09-16,5380,5300,63466
20,2019-09-17,5280,5440,136514
21,2019-09-18,5440,5470,91283
22,2019-09-19,5520,5380,65460
23,2019-09-20,5430,5550,111200
24,2019-09-23,5550,5480,42413
25,2019-09-24,5480,5410,36324
26,2019-09-25,5360,5420,69917
27,2019-09-26,5540,5860,420806
28,2019-09-27,5860,5810,369117
29,2019-09-30,5810,5600,107891
30,2019-10-01,5610,5810,221987
31,2019-10-02,5720,5750,94430
32,2019-10-04,5650,5610,39414
33,2019-10-07,5510,5180,121365
34,2019-10-08,5150,5180,52208
35,2019-10-10,5080,5110,28841
36,2019-10-11,5100,5100,42032
37,2019-10-14,5100,5140,24264
38,2019-10-15,5140,5300,53960
39,2019-10-16,5310,5310,42700
40,2019-10-17,5350,5140,52970
41,2019-10-18,5150,5030,67771
42,2019-10-21,5030,4895,63170
43,2019-10-22,4890,4890,55353
44,2019-10-23,4870,4520,328598
45,2019-10-24,4570,4740,124195
46,2019-10-25,4715,4775,56218
47,2019-10-28,4755,4765,41368
48,2019-10-29,4795,4680,249361
49,2019-10-30,4680,4650,50834
50,2019-10-31,4530,4550,232050
51,2019-11-01,4510,4490,59207
52,2019-11-04,4535,4485,33235
53,2019-11-05,4565,4605,61919
54,2019-11-06,4690,4585,36124
55,2019-11-07,4585,4545,125906
56,2019-11-08,4640,4530,41504
57,2019-11-11,4530,4620,23266
58,2019-11-12,4620,4640,28502
59,2019-11-13,4600,4690,23198
60,2019-11-14,4690,4670,39868
61,2019-11-15,4670,4670,33930
62,2019-11-18,4670,4670,13639
63,2019-11-19,4750,4530,38962
64,2019-11-20,4500,4360,47017
65,2019-11-21,4435,4415,36413
66,2019-11-22,4300,4450,19653
67,2019-11-25,4500,4425,8134
68,2019-11-26,4420,4530,14713
69,2019-11-27,4530,4555,8490
70,2019-11-28,4490,4420,32374
71,2019-11-29,4420,4365,35748
72,2019-12-02,4365,4260,27648
73,2019-12-03,4190,4285,19312
74,2019-12-04,4165,4170,22403
75,2019-12-05,4145,4180,11196
76,2019-12-06,4120,4160,5447
77,2019-12-09,4105,4145,7651
78,2019-12-10,4170,4210,5857
79,2019-12-11,4125,4160,10110
80,2019-12-12,4160,4160,15164
81,2019-12-13,4165,4070,64390
82,2019-12-16,4145,4060,13994
83,2019-12-17,4060,4080,29720
84,2019-12-18,3980,4060,61091
85,2019-12-19,4060,4060,23706
86,2019-12-20,4095,4065,22257
87,2019-12-23,4105,3980,33840
88,2019-12-24,3980,3950,11191
89,2019-12-26,3950,4000,29754
90,2019-12-27,4050,3990,23350
91,2019-12-30,3990,4055,28322
92,2020-01-02,4085,4075,23783
93,2020-01-03,4040,4050,18419
94,2020-01-06,4090,3970,39334
95,2020-01-07,3960,4030,31485
96,2020-01-08,4030,3770,94143
97,2020-01-09,3815,3880,30180
98,2020-01-10,3935,3945,28533
99,2020-01-13,3945,4020,38093
100,2020-01-14,4065,4020,37361
101,2020-01-15,4020,4070,46545
102,2020-01-16,4080,4365,188577
103,2020-01-17,4370,4460,223216
104,2020-01-20,4560,4310,41903
105,2020-01-21,4485,4425,38360
106,2020-01-22,4425,4315,49709
107,2020-01-23,4325,4180,50666
108,2020-01-28,4115,4160,51924
109,2020-01-29,4160,4105,12483
110,2020-01-30,4105,4090,21600
111,2020-01-31,4080,3950,23166
112,2020-02-03,3925,3910,31984
113,2020-02-04,3910,3980,23373
114,2020-02-05,4025,4000,21138
115,2020-02-06,3995,4040,21712
116,2020-02-07,3975,4085,28309
117,2020-02-10,4095,4090,11408
118,2020-02-11,4185,4090,16308
119,2020-02-12,4170,4090,15853
120,2020-02-13,4090,4085,36150
121,2020-02-14,4040,4050,34591
122,2020-02-17,4070,4030,32508
123,2020-02-18,4010,4015,31002
124,2020-02-19,4015,4015,8794
125,2020-02-20,4015,3985,22063
126,2020-02-21,3985,3945,26663
127,2020-02-24,3955,3835,23805
128,2020-02-25,3735,3850,12900
129,2020-02-26,3800,3805,8221
130,2020-02-27,3805,3705,20420
131,2020-02-28,3660,3395,116908
132,2020-03-02,3415,3500,21085
133,2020-03-03,3580,3375,44008
134,2020-03-04,3370,3465,23813
135,2020-03-05,3560,3595,32277
136,2020-03-06,3540,3445,19616
137,2020-03-09,3435,3280,41142
138,2020-03-10,3195,3235,38338
139,2020-03-11,3255,3060,28196
140,2020-03-12,2950,2870,44782
141,2020-03-13,2610,2340,206403
142,2020-03-16,2310,2165,58675
143,2020-03-17,2070,2075,73551
144,2020-03-18,2110,2000,113298
145,2020-03-19,1960,1710,151863
146,2020-03-20,1655,1750,202407
147,2020-03-23,1695,1635,65939
148,2020-03-24,1605,1740,60257
149,2020-03-25,1760,1880,122010
150,2020-03-26,1920,1940,211166
151,2020-03-27,1970,2065,278354
152,2020-03-30,2220,2430,624159
153,2020-03-31,2495,2410,221168
154,2020-04-01,2375,2390,130444
155,2020-04-02,2450,2350,269893
156,2020-04-03,2350,2350,84571
157,2020-04-06,2350,2370,128453
158,2020-04-07,2485,2490,126092
159,2020-04-08,2545,2615,405090
160,2020-04-09,2655,2660,94084
161,2020-04-10,2675,2625,98221
162,2020-04-13,2680,2535,87705
163,2020-04-14,2545,2650,173648
164,2020-04-16,2650,2745,88626
165,2020-04-17,2765,2880,205841
166,2020-04-20,2975,2850,155832
167,2020-04-21,2850,2750,128013
168,2020-04-22,2640,2775,39057
169,2020-04-23,2780,3025,407020
170,2020-04-24,3025,2920,93921
171,2020-04-27,2920,3040,134888
172,2020-04-28,3095,3095,154620
173,2020-04-29,3145,3190,237546
174,2020-05-04,3190,3205,55890
175,2020-05-06,3205,3210,50098
176,2020-05-07,3330,3250,64680
177,2020-05-08,3225,3240,47847
178,2020-05-11,3250,3220,48252
179,2020-05-12,3180,3150,60220
180,2020-05-13,3160,3125,44994
181,2020-05-14,3160,3075,28549
182,2020-05-15,3075,3080,55845
183,2020-05-18,3080,3140,41133
184,2020-05-19,3140,3170,30598
185,2020-05-20,3195,3185,30788
186,2020-05-21,3200,3300,646369
187,2020-05-22,3325,3255,117462
188,2020-05-25,3285,3340,80086
189,2020-05-26,3390,3375,67541
190,2020-05-27,3400,3315,119102
191,2020-05-28,3290,3215,108927
192,2020-05-29,3185,3150,49374
193,2020-06-01,3150,3330,102465
194,2020-06-02,3335,3335,107163
195,2020-06-03,3335,3300,71074
196,2020-06-04,3360,3500,211748
197,2020-06-05,3500,3405,97519
198,2020-06-08,3405,3415,77792
199,2020-06-09,3415,3365,48051
200,2020-06-10,3365,3415,103181
201,2020-06-11,3425,3480,905324
202,2020-06-12,3270,3300,143183
203,2020-06-15,3225,2965,142677
204,2020-06-16,2975,3080,53855
205,2020-06-17,3080,3090,96850
206,2020-06-18,3100,3080,36161
207,2020-06-19,3175,3135,39023
208,2020-06-22,3195,3135,50047
209,2020-06-23,3435,4075,1947698
210,2020-06-24,4340,3910,2896327
211,2020-06-25,3910,3925,554036
212,2020-06-26,3905,3675,544780
213,2020-06-29,3550,3570,171149
214,2020-06-30,3600,3505,196977
215,2020-07-01,3515,3500,80293
216,2020-07-02,3540,3525,100958
217,2020-07-03,3590,3625,127072
218,2020-07-06,3640,3690,183585
219,2020-07-07,3730,3600,93029
220,2020-07-08,3665,3640,42328
221,2020-07-09,3640,3690,111129
222,2020-07-10,3760,3630,121661
223,2020-07-13,3615,3670,54701
224,2020-07-14,3725,3705,144910
225,2020-07-15,3720,3880,252256
226,2020-07-16,3895,3830,214898
227,2020-07-17,3805,3800,58915
228,2020-07-20,3800,3860,95974
229,2020-07-21,3860,3855,66148
230,2020-07-22,3875,3810,51954
231,2020-07-23,3845,3700,133936
232,2020-07-24,3690,3670,86203
233,2020-07-27,3635,3735,68234
234,2020-07-28,3775,3800,104650
235,2020-07-29,3830,3800,40215
236,2020-07-30,3800,3805,100942
237,2020-07-31,3810,3825,53579
238,2020-08-03,3825,3795,84930
239,2020-08-04,3795,3810,59354
240,2020-08-05,3790,3830,79706
241,2020-08-06,3805,3820,48110
242,2020-08-07,3830,3765,70971
243,2020-08-10,3765,3670,104068
244,2020-08-11,3670,3680,57113
245,2020-08-12,3680,3610,49594
246,2020-08-13,3610,3655,51071
247,2020-08-14,3705,3700,84928
248,2020-08-18,3740,3335,189778
249,2020-08-19,3340,3435,48402
250,2020-08-20,3430,3255,85486
251,2020-08-21,3255,3395,198785
252,2020-08-24,3375,3340,59465
253,2020-08-25,3340,3420,49206
254,2020-08-26,3420,3595,121711
255,2020-08-27,3580,3445,106782
256,2020-08-28,3445,3465,26716
257,2020-08-31,3465,3460,22331
258,2020-09-01,3460,3735,218720
259,2020-09-02,3750,3715,121490
260,2020-09-03,3715,3680,63819
261,2020-09-04,3520,3625,33767
262,2020-09-07,3625,3770,186126
263,2020-09-08,3720,3735,61499
264,2020-09-09,3650,3950,432937
265,2020-09-10,3930,4100,541207
266,2020-09-11,4100,4040,111994
267,2020-09-14,4020,3940,168698
268,2020-09-15,4000,3920,78165
269,2020-09-16,3960,3815,96893
270,2020-09-17,3815,4270,2019017
271,2020-09-18,4600,4420,3721589
272,2020-09-21,4320,4340,574401
273,2020-09-22,4300,4190,303043
274,2020-09-23,4160,4050,98180
275,2020-09-24,3960,3900,125545
276,2020-09-25,3900,3930,363751
277,2020-09-28,4350,4055,343924
278,2020-09-29,4095,4060,90394
279,2020-10-05,4100,4195,140202
280,2020-10-06,4195,4230,109605
281,2020-10-07,4200,4375,113918
282,2020-10-08,4410,4355,128049
283,2020-10-12,4355,4375,111132
284,2020-10-13,4375,4625,298161
285,2020-10-14,4625,4365,179184
286,2020-10-15,4365,4200,222644
287,2020-10-16,4200,4130,74611
288,2020-10-19,4090,3915,147243
289,2020-10-20,3900,4060,65033
290,2020-10-21,4030,4070,28505
291,2020-10-22,4070,3915,100892
292,2020-10-23,3950,4140,649507
293,2020-10-26,4230,3970,131405
294,2020-10-27,3970,3960,92244
295,2020-10-28,3980,4045,110042
296,2020-10-29,4000,3965,63919
297,2020-10-30,3990,3865,100761
298,2020-11-02,3865,3865,43506
299,2020-11-03,3870,3940,46432
