,date,open,close,volume
0,2019-08-16,29700,29800,37471
1,2019-08-19,29800,29550,24992
2,2019-08-20,29550,30350,34501
3,2019-08-21,30000,30800,21523
4,2019-08-22,30800,30600,20600
5,2019-08-23,30150,30050,21428
6,2019-08-26,29450,28450,34714
7,2019-08-27,28900,29300,16862
8,2019-08-28,29750,30450,14803
9,2019-08-29,30450,30000,14532
10,2019-08-30,30600,30800,16283
11,2019-09-02,30350,31750,28699
12,2019-09-03,31700,31100,14570
13,2019-09-04,30900,31400,11820
14,2019-09-05,31800,30600,19599
15,2019-09-06,30850,30550,10674
16,2019-09-09,30750,30200,14101
17,2019-09-10,30500,31050,15942
18,2019-09-11,30850,30800,17305
19,2019-09-16,30950,32050,22799
20,2019-09-17,31750,31800,18310
21,2019-09-18,31600,31700,17629
22,2019-09-19,31600,32300,20118
23,2019-09-20,32000,32000,17102
24,2019-09-23,31700,32100,10656
25,2019-09-24,32200,32000,12223
26,2019-09-25,32000,30950,16720
27,2019-09-26,31600,31000,16607
28,2019-09-27,30550,30600,15536
29,2019-09-30,30400,30150,12537
30,2019-10-01,30150,31000,12236
31,2019-10-02,30750,30300,14861
32,2019-10-04,29750,30050,19211
33,2019-10-07,30150,29850,12799
34,2019-10-08,29550,29450,51086
35,2019-10-10,29250,29200,15802
36,2019-10-11,29100,28700,29559
37,2019-10-14,28700,28950,15298
38,2019-10-15,29150,30000,27304
39,2019-10-16,30050,30150,12031
40,2019-10-17,30100,30800,19288
41,2019-10-18,30850,30250,14766
42,2019-10-21,30050,30500,15809
43,2019-10-22,30650,30800,38133
44,2019-10-23,30800,30150,17233
45,2019-10-24,30100,29750,25977
46,2019-10-25,30150,30650,18129
47,2019-10-28,30600,30900,34827
48,2019-10-29,31050,31050,15504
49,2019-10-30,31100,30200,43210
50,2019-10-31,30100,31350,55050
51,2019-11-01,31100,31000,28242
52,2019-11-04,31250,32200,35847
53,2019-11-05,31800,31900,21835
54,2019-11-06,31900,31800,34135
55,2019-11-07,31800,31950,36678
56,2019-11-08,32400,32300,38558
57,2019-11-11,32800,31400,33245
58,2019-11-12,31350,32750,61057
59,2019-11-13,32700,32700,23995
60,2019-11-14,33300,32450,19745
61,2019-11-15,32100,31350,82252
62,2019-11-18,31450,31450,14519
63,2019-11-19,31100,31250,31891
64,2019-11-20,31150,31800,74898
65,2019-11-21,31600,31000,42855
66,2019-11-22,31450,30200,64795
67,2019-11-25,30300,30750,56321
68,2019-11-26,30400,29650,180261
69,2019-11-27,30000,29900,39837
70,2019-11-28,29700,29950,47271
71,2019-11-29,29800,29900,53354
72,2019-12-02,29950,30500,25431
73,2019-12-03,30000,30700,23506
74,2019-12-04,30350,30250,10554
75,2019-12-05,30300,30100,23835
76,2019-12-06,30300,31100,28950
77,2019-12-09,31500,32150,49367
78,2019-12-10,32100,31800,38184
79,2019-12-11,31850,31800,21696
80,2019-12-12,31800,32400,252807
81,2019-12-13,33000,32400,64286
82,2019-12-16,32900,31100,41054
83,2019-12-17,31150,30750,27925
84,2019-12-18,30650,30050,29102
85,2019-12-19,30350,30150,14892
86,2019-12-20,30150,29900,32436
87,2019-12-23,29900,29650,61318
88,2019-12-24,29750,29250,35488
89,2019-12-26,29250,29650,38549
90,2019-12-27,29700,30100,23195
91,2019-12-30,29850,30250,18394
92,2020-01-02,30250,29700,24874
93,2020-01-03,29500,29750,18074
94,2020-01-06,29550,29250,35173
95,2020-01-07,29300,30150,31201
96,2020-01-08,29950,29000,38046
97,2020-01-09,29300,29350,17998
98,2020-01-10,29350,29850,31079
99,2020-01-13,29850,30450,38640
100,2020-01-14,30750,30650,38279
101,2020-01-15,30650,30750,13273
102,2020-01-16,30650,31650,78713
103,2020-01-17,31600,30750,35363
104,2020-01-20,30900,31950,155946
105,2020-01-21,31950,30900,49637
106,2020-01-22,30950,31900,71219
107,2020-01-23,31950,31450,25621
108,2020-01-28,30400,29950,51679
109,2020-01-29,30200,30050,23791
110,2020-01-30,30000,29300,36803
111,2020-01-31,29400,28050,56631
112,2020-02-03,27800,27250,40016
113,2020-02-04,27300,27450,45469
114,2020-02-05,27800,26950,34895
115,2020-02-06,27050,27350,35839
116,2020-02-07,27300,27400,24026
117,2020-02-10,27600,27400,20884
118,2020-02-11,27450,27600,27726
119,2020-02-12,27600,27650,25485
120,2020-02-13,27550,26650,77697
121,2020-02-14,26800,26150,61863
122,2020-02-17,26100,26150,18004
123,2020-02-18,26200,25300,47823
124,2020-02-19,25350,25100,36373
125,2020-02-20,24950,24900,23729
126,2020-02-21,24750,24600,24595
127,2020-02-24,23950,23300,36056
128,2020-02-25,23200,23900,25440
129,2020-02-26,23300,23600,30980
130,2020-02-27,23500,22900,26648
131,2020-02-28,22500,21300,43351
132,2020-03-02,21300,21800,51750
133,2020-03-03,22150,22500,23130
134,2020-03-04,22150,22950,16214
135,2020-03-05,23200,23550,19729
136,2020-03-06,23350,22500,29297
137,2020-03-09,22150,21500,27502
138,2020-03-10,21000,21500,37738
139,2020-03-11,21800,20600,34282
140,2020-03-12,20050,19350,69553
141,2020-03-13,17750,18350,114282
142,2020-03-16,19000,17000,47488
143,2020-03-17,16050,17250,44088
144,2020-03-18,17500,16200,29066
145,2020-03-19,16350,13900,83381
146,2020-03-20,14100,14650,74240
147,2020-03-23,14000,13700,48950
148,2020-03-24,14100,14400,192661
149,2020-03-25,15050,17100,205522
150,2020-03-26,17300,17200,50706
151,2020-03-27,18500,17300,80016
152,2020-03-30,16500,17450,30984
153,2020-03-31,17550,18450,45377
154,2020-04-01,18450,19350,90793
155,2020-04-02,19350,19850,49131
156,2020-04-03,20050,19850,38003
157,2020-04-06,19800,20100,65734
158,2020-04-07,20600,20300,31222
159,2020-04-08,20350,21000,59883
160,2020-04-09,21200,21550,38067
161,2020-04-10,21600,21600,39960
162,2020-04-13,21600,21650,32955
163,2020-04-14,21700,22150,31911
164,2020-04-16,22200,22350,20849
165,2020-04-17,22400,23500,49606
166,2020-04-20,23450,25000,64539
167,2020-04-21,25000,24850,86062
168,2020-04-22,24300,24900,43734
169,2020-04-23,25300,24800,20986
170,2020-04-24,24500,24800,41736
171,2020-04-27,24800,24750,40927
172,2020-04-28,24800,24750,24429
173,2020-04-29,24700,24700,17481
174,2020-05-04,24400,24650,35578
175,2020-05-06,25400,25600,38936
176,2020-05-07,25600,25200,16615
177,2020-05-08,25400,26150,29624
178,2020-05-11,26250,26700,46146
179,2020-05-12,27000,26850,44993
180,2020-05-13,26900,26950,39983
181,2020-05-14,30800,28800,216979
182,2020-05-15,29500,28300,56161
183,2020-05-18,28500,28350,40580
184,2020-05-19,28350,28500,28662
185,2020-05-20,28800,28500,27997
186,2020-05-21,28500,28500,43037
187,2020-05-22,28500,27850,20261
188,2020-05-25,27850,27700,26491
189,2020-05-26,27750,28700,40944
190,2020-05-27,28750,28350,25809
191,2020-05-28,28150,27550,22870
192,2020-05-29,27750,27200,8186
193,2020-06-01,27350,27500,16961
194,2020-06-02,27400,27800,21537
195,2020-06-03,27800,27750,27628
196,2020-06-04,28400,27600,16118
197,2020-06-05,27950,27600,15347
198,2020-06-08,28100,27500,14900
199,2020-06-09,27400,27800,19876
200,2020-06-10,28150,27550,18627
201,2020-06-11,27400,27250,20305
202,2020-06-12,26100,26350,27195
203,2020-06-15,26700,26100,41977
204,2020-06-16,26050,26700,20395
205,2020-06-17,26400,25900,20671
206,2020-06-18,26250,25900,11076
207,2020-06-19,26200,26000,13071
208,2020-06-22,26000,26000,7201
209,2020-06-23,25800,26450,21958
210,2020-06-24,26950,26400,14917
211,2020-06-25,26400,25600,11349
212,2020-06-26,26000,25700,7306
213,2020-06-29,25550,26350,32221
214,2020-06-30,26800,28400,94695
215,2020-07-01,28900,27300,40159
216,2020-07-02,27200,28900,87580
217,2020-07-03,28950,29150,31000
218,2020-07-06,29200,31450,135436
219,2020-07-07,31450,31550,73297
220,2020-07-08,31400,31400,42043
221,2020-07-09,31100,31000,36500
222,2020-07-10,32050,34750,281373
223,2020-07-13,35100,38900,330274
224,2020-07-14,38400,38000,97051
225,2020-07-15,37850,36000,99102
226,2020-07-16,35400,34600,67128
227,2020-07-17,34000,34400,55419
228,2020-07-20,34050,33550,44801
229,2020-07-21,33550,34150,56386
230,2020-07-22,34150,34150,36958
231,2020-07-23,33900,33250,36652
232,2020-07-24,33200,32850,29459
233,2020-07-27,32850,32100,51135
234,2020-07-28,32600,34150,87963
235,2020-07-29,34150,34500,41229
236,2020-07-30,34600,34300,41128
237,2020-07-31,34300,33500,21715
238,2020-08-03,34400,36300,88240
239,2020-08-04,36300,36000,33876
240,2020-08-05,36300,36350,39888
241,2020-08-06,36800,36100,24451
242,2020-08-07,36600,36300,34121
243,2020-08-10,36850,37850,55861
244,2020-08-11,39100,35200,259445
245,2020-08-12,35150,34500,61264
246,2020-08-13,34650,34800,74116
247,2020-08-14,34700,35300,46629
248,2020-08-18,35350,33000,65279
249,2020-08-19,32800,33000,48359
250,2020-08-20,33000,30850,62179
251,2020-08-21,30950,31650,24825
252,2020-08-24,31600,32600,22440
253,2020-08-25,33000,33100,29570
254,2020-08-26,33000,32700,29637
255,2020-08-27,32700,32000,35194
256,2020-08-28,32300,32650,49653
257,2020-08-31,32750,33700,61022
258,2020-09-01,34050,34150,33312
259,2020-09-02,34400,37400,178547
260,2020-09-03,37600,36800,115914
261,2020-09-04,36300,37250,159522
262,2020-09-07,38500,37750,98294
263,2020-09-08,38400,39100,271144
264,2020-09-09,39100,38850,150757
265,2020-09-10,39950,39450,66025
266,2020-09-11,39450,39650,69031
267,2020-09-14,40000,39700,59574
268,2020-09-15,40000,39450,43349
269,2020-09-16,39100,39400,59550
270,2020-09-17,39900,38300,35111
271,2020-09-18,38700,37350,38500
272,2020-09-21,37300,36950,42840
273,2020-09-22,36500,35150,48900
274,2020-09-23,35300,34450,24100
275,2020-09-24,33450,32300,44652
276,2020-09-25,32500,33100,27200
277,2020-09-28,33450,34700,18693
278,2020-09-29,35700,35100,19599
279,2020-10-05,35100,35800,17534
280,2020-10-06,35700,36050,21782
281,2020-10-07,35950,35400,16140
282,2020-10-08,35400,34950,15569
283,2020-10-12,34900,34850,18936
284,2020-10-13,34850,35200,20967
285,2020-10-14,35400,34450,13243
286,2020-10-15,34750,34650,28368
287,2020-10-16,34650,33800,32674
288,2020-10-19,33800,33050,16751
289,2020-10-20,33000,32650,23241
290,2020-10-21,33000,33300,9904
291,2020-10-22,33300,32500,9031
292,2020-10-23,32550,31800,22730
293,2020-10-26,31800,30450,33494
294,2020-10-27,30000,30300,23467
295,2020-10-28,30350,30750,16137
296,2020-10-29,30050,30600,19127
297,2020-10-30,30600,30100,9383
298,2020-11-02,29850,30850,13779
299,2020-11-03,31000,31550,15050
