,date,open,close,volume
0,2019-08-16,9960,9780,12469
1,2019-08-19,9690,9730,19711
2,2019-08-20,9620,9780,7965
3,2019-08-21,9880,9830,5138
4,2019-08-22,9800,9840,8961
5,2019-08-23,9800,9800,4271
6,2019-08-26,9800,9650,9896
7,2019-08-27,9650,9670,5696
8,2019-08-28,9680,9710,2966
9,2019-08-29,9720,9680,18685
10,2019-08-30,9680,9780,3800
11,2019-09-02,9790,9750,2543
12,2019-09-03,9780,9610,23164
13,2019-09-04,9620,9600,4179
14,2019-09-05,9600,9590,11715
15,2019-09-06,9620,9620,5542
16,2019-09-09,9630,9610,6863
17,2019-09-10,9610,9560,11832
18,2019-09-11,9650,9810,11219
19,2019-09-16,9820,9850,4471
20,2019-09-17,9900,9860,9317
21,2019-09-18,9890,9860,2540
22,2019-09-19,9890,9930,2300
23,2019-09-20,9980,9960,2889
24,2019-09-23,9990,9960,705
25,2019-09-24,9960,10000,2923
26,2019-09-25,10000,9930,1161
27,2019-09-26,9930,9940,5649
28,2019-09-27,10050,9780,5960
29,2019-09-30,9990,9800,3175
30,2019-10-01,9890,9880,1334
31,2019-10-02,9880,9870,2599
32,2019-10-04,9950,9820,3675
33,2019-10-07,9820,9770,1469
34,2019-10-08,9780,9980,6041
35,2019-10-10,9970,9980,2089
36,2019-10-11,9970,10050,2873
37,2019-10-14,10100,10050,4614
38,2019-10-15,9990,10000,6553
39,2019-10-16,10000,10200,2551
40,2019-10-17,10200,10200,5289
41,2019-10-18,10050,10250,5737
42,2019-10-21,10250,10100,4647
43,2019-10-22,10100,10200,1988
44,2019-10-23,10150,10000,1735
45,2019-10-24,10000,10000,764
46,2019-10-25,10000,10000,2518
47,2019-10-28,10150,10050,3996
48,2019-10-29,10150,10000,2023
49,2019-10-30,10050,10150,10491
50,2019-10-31,10150,10000,7297
51,2019-11-01,10000,10050,2789
52,2019-11-04,10050,10050,3175
53,2019-11-05,10050,10000,2654
54,2019-11-06,10050,9900,6101
55,2019-11-07,9960,9990,11008
56,2019-11-08,10000,9990,2913
57,2019-11-11,10050,10050,8773
58,2019-11-12,10050,9990,7242
59,2019-11-13,9990,9980,7043
60,2019-11-14,9980,9960,10278
61,2019-11-15,9900,9960,9969
62,2019-11-18,9940,9950,12128
63,2019-11-19,9950,9930,18300
64,2019-11-20,9970,9910,20811
65,2019-11-21,9960,9760,25371
66,2019-11-22,9720,9800,24280
67,2019-11-25,9810,9800,23038
68,2019-11-26,9800,9880,31745
69,2019-11-27,9880,9840,21238
70,2019-11-28,9840,9830,16709
71,2019-11-29,9830,9890,21160
72,2019-12-02,9890,9890,7283
73,2019-12-03,9890,9880,4607
74,2019-12-04,9870,9750,2798
75,2019-12-05,9760,9700,1909
76,2019-12-06,9800,9670,2173
77,2019-12-09,9720,9830,4637
78,2019-12-10,9720,9800,2792
79,2019-12-11,9870,9790,4244
80,2019-12-12,9790,9860,8902
81,2019-12-13,9850,9760,3220
82,2019-12-16,9700,9680,5042
83,2019-12-17,12550,9990,2210229
84,2019-12-18,10200,9900,257516
85,2019-12-19,9860,9690,123853
86,2019-12-20,9700,9600,64120
87,2019-12-23,9660,9600,27809
88,2019-12-24,9560,9470,62626
89,2019-12-26,9470,9560,49685
90,2019-12-27,9520,9410,54385
91,2019-12-30,9400,9280,84373
92,2020-01-02,9280,9580,51436
93,2020-01-03,9580,9590,23215
94,2020-01-06,9580,9540,22491
95,2020-01-07,9540,9560,25671
96,2020-01-08,9560,9270,24942
97,2020-01-09,9350,9340,11834
98,2020-01-10,9320,9370,10730
99,2020-01-13,9420,9360,18720
100,2020-01-14,9390,9360,8004
101,2020-01-15,9380,9430,15387
102,2020-01-16,9400,9390,12361
103,2020-01-17,9430,9390,6973
104,2020-01-20,9420,9420,12597
105,2020-01-21,9370,9440,12379
106,2020-01-22,9430,9320,75375
107,2020-01-23,9300,9290,10458
108,2020-01-28,9220,9130,28371
109,2020-01-29,9210,9140,23816
110,2020-01-30,9160,9040,22032
111,2020-01-31,9100,9120,46022
112,2020-02-03,9010,9050,13145
113,2020-02-04,9080,9100,14048
114,2020-02-05,9100,9180,11418
115,2020-02-06,9220,9400,20417
116,2020-02-07,9390,9360,16510
117,2020-02-10,9370,9380,13241
118,2020-02-11,9370,9450,11515
119,2020-02-12,9470,9410,10328
120,2020-02-13,9410,9430,12973
121,2020-02-14,9430,9500,19740
122,2020-02-17,9490,9550,29730
123,2020-02-18,9570,9510,7452
124,2020-02-19,9510,9450,10405
125,2020-02-20,9400,9340,10950
126,2020-02-21,9340,9220,11781
127,2020-02-24,9220,9000,26731
128,2020-02-25,8980,9340,23893
129,2020-02-26,9200,9370,19726
130,2020-02-27,9350,9280,38941
131,2020-02-28,9300,9140,36587
132,2020-03-02,9140,9210,27413
133,2020-03-03,9210,9310,14057
134,2020-03-04,9300,9430,16451
135,2020-03-05,9430,9550,23540
136,2020-03-06,9430,9480,11935
137,2020-03-09,9330,9260,28954
138,2020-03-10,9140,9400,25564
139,2020-03-11,9400,9370,47019
140,2020-03-12,9330,9270,25025
141,2020-03-13,9000,9040,54772
142,2020-03-16,9040,9020,51845
143,2020-03-17,8940,8900,33782
144,2020-03-18,8850,8750,26488
145,2020-03-19,8620,7210,53908
146,2020-03-20,7010,7280,53676
147,2020-03-23,7130,6850,27928
148,2020-03-24,6820,7030,7767
149,2020-03-25,7220,7340,8008
150,2020-03-26,7340,7630,7070
151,2020-03-27,7740,7260,28622
152,2020-03-30,7260,7560,12729
153,2020-03-31,7560,7780,11324
154,2020-04-01,7780,8000,11545
155,2020-04-02,8010,8000,5113
156,2020-04-03,8000,7680,15744
157,2020-04-06,7700,7830,19013
158,2020-04-07,7840,8050,22329
159,2020-04-08,8050,8120,6679
160,2020-04-09,9000,10550,952650
161,2020-04-10,12150,10800,1354728
162,2020-04-13,10500,9700,302944
163,2020-04-14,9720,9790,168065
164,2020-04-16,9850,9520,99918
165,2020-04-17,9360,10600,1795116
166,2020-04-20,10650,10400,285556
167,2020-04-21,10200,10750,424885
168,2020-04-22,10500,10500,114213
169,2020-04-23,10900,11100,308151
170,2020-04-24,10900,11000,317212
171,2020-04-27,11050,10650,114917
172,2020-04-28,10650,10450,97006
173,2020-04-29,10250,10000,113749
174,2020-05-04,9950,10000,39856
175,2020-05-06,10000,10250,71044
176,2020-05-07,10500,10650,149494
177,2020-05-08,10650,10500,42717
178,2020-05-11,10500,10200,54520
179,2020-05-12,10400,10250,39850
180,2020-05-13,10200,10150,57427
181,2020-05-14,10200,10400,120976
182,2020-05-15,10400,10550,47575
183,2020-05-18,10600,10300,67670
184,2020-05-19,10450,10600,92546
185,2020-05-20,10650,10850,87510
186,2020-05-21,11000,10850,84986
187,2020-05-22,10950,12850,895721
188,2020-05-25,12300,12150,242822
189,2020-05-26,12450,12550,217372
190,2020-05-27,12450,12950,249429
191,2020-05-28,13100,13000,204933
192,2020-05-29,13000,14000,478395
193,2020-06-01,14000,13550,183966
194,2020-06-02,13550,13250,93438
195,2020-06-03,13200,12350,212439
196,2020-06-04,12450,12900,176763
197,2020-06-05,12700,12600,59671
198,2020-06-08,12650,12550,86088
199,2020-06-09,12600,12950,149478
200,2020-06-10,12950,13100,68926
201,2020-06-11,13100,13300,89571
202,2020-06-12,12800,12700,67850
203,2020-06-15,12700,11500,84840
204,2020-06-16,11750,11950,67324
205,2020-06-17,11850,12150,62548
206,2020-06-18,12200,12050,41687
207,2020-06-19,12050,12600,82342
208,2020-06-22,12850,12350,40749
209,2020-06-23,12350,11950,58782
210,2020-06-24,11900,11950,26623
211,2020-06-25,11950,11900,8544
212,2020-06-26,12000,12300,76635
213,2020-06-29,12300,12200,13076
214,2020-06-30,12200,12100,16306
215,2020-07-01,12100,12100,28864
216,2020-07-02,12050,12100,14145
217,2020-07-03,12100,11700,36304
218,2020-07-06,11800,12000,29727
219,2020-07-07,11900,12050,18863
220,2020-07-08,12050,11950,11820
221,2020-07-09,12000,11600,28395
222,2020-07-10,11550,11550,28137
223,2020-07-13,11500,11950,34472
224,2020-07-14,11950,11500,21635
225,2020-07-15,11600,11250,29128
226,2020-07-16,11350,11350,11495
227,2020-07-17,11250,11500,18642
228,2020-07-20,11600,11750,12312
229,2020-07-21,11750,11400,52827
230,2020-07-22,11400,11200,24419
231,2020-07-23,11200,11350,40471
232,2020-07-24,11350,11450,22374
233,2020-07-27,11450,12000,84493
234,2020-07-28,12000,11700,23249
235,2020-07-29,11900,11750,11954
236,2020-07-30,11650,11500,11364
237,2020-07-31,11450,11400,13898
238,2020-08-03,11500,11300,17776
239,2020-08-04,11300,11200,14013
240,2020-08-05,11400,11400,20513
241,2020-08-06,11650,11450,35281
242,2020-08-07,11700,11700,28176
243,2020-08-10,11550,11700,33814
244,2020-08-11,11950,11750,18600
245,2020-08-12,11850,11900,13377
246,2020-08-13,11900,11950,39981
247,2020-08-14,12150,11850,16389
248,2020-08-18,11950,10900,26854
249,2020-08-19,10850,10800,39147
250,2020-08-20,10800,11250,59577
251,2020-08-21,11250,10850,14919
252,2020-08-24,10900,10800,10101
253,2020-08-25,10750,10900,8861
254,2020-08-26,10900,10950,5459
255,2020-08-27,10950,10500,21737
256,2020-08-28,10500,10500,9295
257,2020-08-31,10600,10550,23905
258,2020-09-01,10550,10300,31875
259,2020-09-02,10400,10550,14576
260,2020-09-03,10550,10850,25319
261,2020-09-04,10650,10900,9799
262,2020-09-07,10850,11100,18137
263,2020-09-08,11200,11350,23449
264,2020-09-09,11350,11550,58963
265,2020-09-10,13950,11500,1037214
266,2020-09-11,11700,11550,126596
267,2020-09-14,11550,11300,60208
268,2020-09-15,11350,11300,47367
269,2020-09-16,11300,11050,35712
270,2020-09-17,11050,10900,39029
271,2020-09-18,10800,10750,41647
272,2020-09-21,10750,10750,22695
273,2020-09-22,10650,10400,36960
274,2020-09-23,10500,10350,30315
275,2020-09-24,10100,11600,83665
276,2020-09-25,11000,10750,45163
277,2020-09-28,10850,10500,16347
278,2020-09-29,10650,10550,14608
279,2020-10-05,10650,10850,13607
280,2020-10-06,10900,10900,25591
281,2020-10-07,10900,10900,19761
282,2020-10-08,11000,11000,27465
283,2020-10-12,11000,11000,20713
284,2020-10-13,11000,10850,28665
285,2020-10-14,10850,10800,19586
286,2020-10-15,10700,10700,33281
287,2020-10-16,10800,10500,34692
288,2020-10-19,10550,10500,18750
289,2020-10-20,10450,10500,13707
290,2020-10-21,10550,10600,20095
291,2020-10-22,10700,11000,63126
292,2020-10-23,11050,10950,21438
293,2020-10-26,11150,10700,25391
294,2020-10-27,10700,10900,18826
295,2020-10-28,10900,10900,6068
296,2020-10-29,10800,10850,13767
297,2020-10-30,10850,10750,20136
298,2020-11-02,10650,10650,14740
299,2020-11-03,10800,10850,9097
