,date,open,close,volume
0,2019-08-16,905,886,110622
1,2019-08-19,887,985,473644
2,2019-08-20,985,1065,1143461
3,2019-08-21,1070,1070,299296
4,2019-08-22,1090,1080,69321
5,2019-08-23,1075,1020,134219
6,2019-08-26,1010,995,83700
7,2019-08-27,992,1010,74304
8,2019-08-28,1010,1015,97293
9,2019-08-29,1015,1005,32502
10,2019-08-30,1005,1040,69613
11,2019-09-02,1040,1055,41539
12,2019-09-03,1055,1060,43101
13,2019-09-04,1050,1055,49441
14,2019-09-05,1055,1035,43930
15,2019-09-06,1035,1050,67536
16,2019-09-09,1040,1115,323089
17,2019-09-10,1115,1305,2138452
18,2019-09-11,1260,1270,347609
19,2019-09-16,1270,1300,299196
20,2019-09-17,1290,1310,113985
21,2019-09-18,1320,1500,1716743
22,2019-09-19,1450,1380,419703
23,2019-09-20,1400,1410,153321
24,2019-09-23,1410,1340,133255
25,2019-09-24,1345,1375,105648
26,2019-09-25,1365,1380,99633
27,2019-09-26,1380,1350,79435
28,2019-09-27,1375,1330,105720
29,2019-09-30,1325,1325,69155
30,2019-10-01,1325,1335,44319
31,2019-10-02,1345,1355,56546
32,2019-10-04,1365,1345,90020
33,2019-10-07,1345,1340,144177
34,2019-10-08,1340,1350,52366
35,2019-10-10,1365,1350,57789
36,2019-10-11,1365,1390,157803
37,2019-10-14,1405,1390,66966
38,2019-10-15,1390,1380,55160
39,2019-10-16,1390,1400,71651
40,2019-10-17,1405,1395,54070
41,2019-10-18,1405,1400,156847
42,2019-10-21,1400,1395,53468
43,2019-10-22,1395,1380,73662
44,2019-10-23,1380,1370,109855
45,2019-10-24,1370,1375,39808
46,2019-10-25,1360,1370,60075
47,2019-10-28,1370,1385,96779
48,2019-10-29,1405,1390,45544
49,2019-10-30,1375,1380,31855
50,2019-10-31,1360,1390,22592
51,2019-11-01,1390,1365,17592
52,2019-11-04,1365,1365,40262
53,2019-11-05,1365,1380,39895
54,2019-11-06,1395,1380,42677
55,2019-11-07,1370,1385,43060
56,2019-11-08,1390,1400,101127
57,2019-11-11,1410,1380,110053
58,2019-11-12,1380,1385,53497
59,2019-11-13,1385,1400,45793
60,2019-11-14,1430,1410,66214
61,2019-11-15,1410,1405,94056
62,2019-11-18,1385,1370,188377
63,2019-11-19,1370,1350,51825
64,2019-11-20,1355,1350,30507
65,2019-11-21,1400,1355,74149
66,2019-11-22,1355,1345,52468
67,2019-11-25,1350,1355,59438
68,2019-11-26,1385,1370,59561
69,2019-11-27,1375,1350,63261
70,2019-11-28,1350,1360,51969
71,2019-11-29,1355,1320,51383
72,2019-12-02,1325,1300,69220
73,2019-12-03,1310,1300,49172
74,2019-12-04,1300,1245,104144
75,2019-12-05,1235,1265,64045
76,2019-12-06,1260,1280,9465
77,2019-12-09,1280,1305,69137
78,2019-12-10,1285,1290,60265
79,2019-12-11,1265,1290,47168
80,2019-12-12,1275,1295,19229
81,2019-12-13,1295,1295,39797
82,2019-12-16,1295,1285,28936
83,2019-12-17,1285,1265,89942
84,2019-12-18,1265,1255,108685
85,2019-12-19,1235,1260,66296
86,2019-12-20,1260,1320,187321
87,2019-12-23,1330,1290,168274
88,2019-12-24,1285,1295,33019
89,2019-12-26,1295,1270,84790
90,2019-12-27,1260,1270,74817
91,2019-12-30,1270,1280,57907
92,2020-01-02,1280,1290,69600
93,2020-01-03,1290,1265,91990
94,2020-01-06,1275,1270,59176
95,2020-01-07,1265,1275,24911
96,2020-01-08,1280,1240,62928
97,2020-01-09,1240,1245,23878
98,2020-01-10,1260,1265,43006
99,2020-01-13,1270,1260,40662
100,2020-01-14,1260,1260,43222
101,2020-01-15,1290,1260,52493
102,2020-01-16,1255,1255,42117
103,2020-01-17,1255,1245,87331
104,2020-01-20,1245,1215,95807
105,2020-01-21,1215,1225,38342
106,2020-01-22,1220,1190,219441
107,2020-01-23,1200,1175,99591
108,2020-01-28,1155,1115,126288
109,2020-01-29,1115,1105,60670
110,2020-01-30,1115,1130,44196
111,2020-01-31,1120,1115,50152
112,2020-02-03,1030,1075,58541
113,2020-02-04,1075,1070,46182
114,2020-02-05,1070,1060,41017
115,2020-02-06,1055,1035,75086
116,2020-02-07,1035,1040,112983
117,2020-02-10,1040,1015,83734
118,2020-02-11,1015,1030,48471
119,2020-02-12,1030,1125,734294
120,2020-02-13,1120,1100,106065
121,2020-02-14,1095,1105,71552
122,2020-02-17,1095,1100,17402
123,2020-02-18,1100,1100,125402
124,2020-02-19,1100,1070,109469
125,2020-02-20,1070,1030,77141
126,2020-02-21,1010,1020,47627
127,2020-02-24,1000,994,66313
128,2020-02-25,994,996,72817
129,2020-02-26,996,995,43483
130,2020-02-27,995,973,67325
131,2020-02-28,973,932,81883
132,2020-03-02,937,922,38943
133,2020-03-03,931,936,24832
134,2020-03-04,936,944,21333
135,2020-03-05,950,970,51297
136,2020-03-06,974,941,27326
137,2020-03-09,919,903,72439
138,2020-03-10,891,881,94221
139,2020-03-11,882,851,78471
140,2020-03-12,850,824,71298
141,2020-03-13,780,765,126532
142,2020-03-16,762,744,163073
143,2020-03-17,616,715,109894
144,2020-03-18,730,652,107649
145,2020-03-19,641,639,101176
146,2020-03-20,612,654,99123
147,2020-03-23,644,610,96124
148,2020-03-24,610,615,69294
149,2020-03-25,621,650,104426
150,2020-03-26,653,688,122566
151,2020-03-27,708,672,170425
152,2020-03-30,653,698,55139
153,2020-03-31,702,702,72565
154,2020-04-01,723,710,79616
155,2020-04-02,710,705,73094
156,2020-04-03,708,724,98237
157,2020-04-06,742,728,147030
158,2020-04-07,750,760,80837
159,2020-04-08,824,840,529546
160,2020-04-09,840,900,183139
161,2020-04-10,900,890,155933
162,2020-04-13,890,864,103832
163,2020-04-14,866,879,90704
164,2020-04-16,879,860,75037
165,2020-04-17,847,860,99048
166,2020-04-20,850,886,95626
167,2020-04-21,886,880,36437
168,2020-04-22,880,849,62139
169,2020-04-23,849,867,43519
170,2020-04-24,869,847,28860
171,2020-04-27,850,870,34209
172,2020-04-28,879,870,30083
173,2020-04-29,870,858,44051
174,2020-05-04,858,844,30582
175,2020-05-06,833,864,24849
176,2020-05-07,865,860,24141
177,2020-05-08,860,871,27368
178,2020-05-11,930,869,71718
179,2020-05-12,881,867,36905
180,2020-05-13,879,862,59005
181,2020-05-14,862,822,101970
182,2020-05-15,856,821,56020
183,2020-05-18,821,806,30196
184,2020-05-19,807,825,110125
185,2020-05-20,825,808,102170
186,2020-05-21,808,826,164140
187,2020-05-22,824,805,53192
188,2020-05-25,805,808,84470
189,2020-05-26,815,802,71265
190,2020-05-27,802,800,81322
191,2020-05-28,800,804,139150
192,2020-05-29,804,806,31177
193,2020-06-01,806,806,41697
194,2020-06-02,806,824,91660
195,2020-06-03,824,831,81860
196,2020-06-04,831,838,141972
197,2020-06-05,838,848,42529
198,2020-06-08,895,830,52270
199,2020-06-09,830,835,31098
200,2020-06-10,835,835,19171
201,2020-06-11,858,823,27351
202,2020-06-12,800,806,52288
203,2020-06-15,805,786,136360
204,2020-06-16,787,788,74832
205,2020-06-17,800,785,14316
206,2020-06-18,789,779,53377
207,2020-06-19,780,771,35959
208,2020-06-22,777,778,34038
209,2020-06-23,785,759,57595
210,2020-06-24,759,761,25141
211,2020-06-25,761,755,32980
212,2020-06-26,755,761,38764
213,2020-06-29,749,747,106283
214,2020-06-30,770,780,257487
215,2020-07-01,770,831,279305
216,2020-07-02,831,869,351268
217,2020-07-03,899,833,136882
218,2020-07-06,833,996,7721235
219,2020-07-07,990,969,976354
220,2020-07-08,960,955,456218
221,2020-07-09,938,995,572506
222,2020-07-10,1190,1020,8478327
223,2020-07-13,1010,1005,502776
224,2020-07-14,999,1050,1401086
225,2020-07-15,1040,1110,1106913
226,2020-07-16,1130,1140,720771
227,2020-07-17,1140,1115,424152
228,2020-07-20,1115,1135,325623
229,2020-07-21,1115,1110,183155
230,2020-07-22,1110,1100,137045
231,2020-07-23,1100,1050,217842
232,2020-07-24,1060,1040,190207
233,2020-07-27,1040,1020,177537
234,2020-07-28,1025,1015,72846
235,2020-07-29,1000,1005,129082
236,2020-07-30,1015,1070,123827
237,2020-07-31,1075,1060,102326
238,2020-08-03,1070,1060,36417
239,2020-08-04,1065,1050,45469
240,2020-08-05,1040,1035,82172
241,2020-08-06,1035,1010,107776
242,2020-08-07,1010,1010,74548
243,2020-08-10,1000,1030,204634
244,2020-08-11,1030,1050,158722
245,2020-08-12,1050,1065,143324
246,2020-08-13,1065,1175,1246980
247,2020-08-14,1175,1135,450136
248,2020-08-18,1135,1120,327537
249,2020-08-19,1175,1455,7477435
250,2020-08-20,1550,1600,17462214
251,2020-08-21,1555,1355,2260160
252,2020-08-24,1415,1340,1788098
253,2020-08-25,1335,1385,947565
254,2020-08-26,1380,1440,2999387
255,2020-08-27,1425,1490,767251
256,2020-08-28,1495,1520,857589
257,2020-08-31,1520,1560,541584
258,2020-09-01,1570,1580,389281
259,2020-09-02,1585,1540,569567
260,2020-09-03,1550,1555,456517
261,2020-09-04,1470,1560,970995
262,2020-09-07,1630,1710,1115000
263,2020-09-08,1700,1660,624615
264,2020-09-09,1590,1700,2859924
265,2020-09-10,1700,1900,2572748
266,2020-09-11,1860,1835,817278
267,2020-09-14,1875,1855,333896
268,2020-09-15,1840,1865,339031
269,2020-09-16,1940,1850,378066
270,2020-09-17,1885,1805,490693
271,2020-09-18,1805,1765,240892
272,2020-09-21,1765,1825,226656
273,2020-09-22,1825,1720,659436
274,2020-09-23,1730,1720,183485
275,2020-09-24,1650,1670,331812
276,2020-09-25,1770,1600,230045
277,2020-09-28,1605,1650,248145
278,2020-09-29,1645,1755,212115
279,2020-10-05,1800,1775,161105
280,2020-10-06,1765,1810,167458
281,2020-10-07,1810,1810,92755
282,2020-10-08,1810,1795,133286
283,2020-10-12,1780,1785,81488
284,2020-10-13,1775,1765,85850
285,2020-10-14,1765,1730,116652
286,2020-10-15,1730,1705,141308
287,2020-10-16,1705,1700,74992
288,2020-10-19,1700,1690,94102
289,2020-10-20,1735,1645,137590
290,2020-10-21,1615,1655,44767
291,2020-10-22,1655,1640,31138
292,2020-10-23,1640,1640,70012
293,2020-10-26,1675,1620,136574
294,2020-10-27,1570,1585,74070
295,2020-10-28,1515,1630,58276
296,2020-10-29,1605,1600,157576
297,2020-10-30,1590,1650,157301
298,2020-11-02,1650,1770,235391
299,2020-11-03,1770,1800,213188
