,date,open,close,volume
0,2019-08-16,3990,4030,64839
1,2019-08-19,4030,4115,184665
2,2019-08-20,4690,4210,5164960
3,2019-08-21,4185,4175,405484
4,2019-08-22,4170,4035,397397
5,2019-08-23,4010,4010,209085
6,2019-08-26,3950,3875,260824
7,2019-08-27,3880,3875,135001
8,2019-08-28,3870,3895,90402
9,2019-08-29,3895,3880,71755
10,2019-08-30,3875,3990,110280
11,2019-09-02,3990,4015,86605
12,2019-09-03,4000,4070,43926
13,2019-09-04,4065,4085,74687
14,2019-09-05,4065,4145,278894
15,2019-09-06,4140,4075,129800
16,2019-09-09,4075,4070,108800
17,2019-09-10,4040,4185,857426
18,2019-09-11,4160,4185,83228
19,2019-09-16,4185,4215,131694
20,2019-09-17,4185,4285,137005
21,2019-09-18,4245,4235,127884
22,2019-09-19,4225,4230,77439
23,2019-09-20,4240,4250,57662
24,2019-09-23,4250,4235,74685
25,2019-09-24,4200,4250,94228
26,2019-09-25,4290,4170,92298
27,2019-09-26,4250,4195,58561
28,2019-09-27,4200,4110,84210
29,2019-09-30,4070,4110,63643
30,2019-10-01,4100,4075,61245
31,2019-10-02,4050,4020,76524
32,2019-10-04,4065,3950,52966
33,2019-10-07,3950,3895,83367
34,2019-10-08,3865,3860,59313
35,2019-10-10,3870,3860,30060
36,2019-10-11,3910,4050,84011
37,2019-10-14,4040,4030,75984
38,2019-10-15,4065,4030,60548
39,2019-10-16,4045,4065,26315
40,2019-10-17,4080,4025,41749
41,2019-10-18,4055,4100,60993
42,2019-10-21,4100,4070,31470
43,2019-10-22,4040,4045,60967
44,2019-10-23,4045,3960,92018
45,2019-10-24,3955,3965,40051
46,2019-10-25,3955,3980,41240
47,2019-10-28,4005,3985,35249
48,2019-10-29,3965,3975,18192
49,2019-10-30,3975,3915,60521
50,2019-10-31,3915,3900,30328
51,2019-11-01,3975,3935,63904
52,2019-11-04,3995,3970,29541
53,2019-11-05,3955,3970,34278
54,2019-11-06,3970,3995,34759
55,2019-11-07,3995,4000,29817
56,2019-11-08,3975,4000,28660
57,2019-11-11,4005,4055,46594
58,2019-11-12,4065,4060,40167
59,2019-11-13,4075,4035,35026
60,2019-11-14,4035,4065,39757
61,2019-11-15,4065,4040,29480
62,2019-11-18,4045,4035,30407
63,2019-11-19,4060,3965,39491
64,2019-11-20,3925,3940,69518
65,2019-11-21,3940,3805,113952
66,2019-11-22,3810,3770,104968
67,2019-11-25,3800,3845,36186
68,2019-11-26,3870,3905,25380
69,2019-11-27,3950,3905,10903
70,2019-11-28,3960,3915,30574
71,2019-11-29,3890,3890,27676
72,2019-12-02,3950,3900,26532
73,2019-12-03,3870,3835,61841
74,2019-12-04,3755,3780,22101
75,2019-12-05,3800,3740,20049
76,2019-12-06,3800,3810,19445
77,2019-12-09,3840,3815,26254
78,2019-12-10,3800,3820,48496
79,2019-12-11,3820,3805,20551
80,2019-12-12,3805,3800,48213
81,2019-12-13,3905,3840,87560
82,2019-12-16,3840,3860,34712
83,2019-12-17,3830,3830,40016
84,2019-12-18,3830,3800,25621
85,2019-12-19,3800,3840,31123
86,2019-12-20,3830,3820,36961
87,2019-12-23,3820,3795,33996
88,2019-12-24,3800,3795,20811
89,2019-12-26,3795,3815,46449
90,2019-12-27,3815,3815,14863
91,2019-12-30,3815,3815,21590
92,2020-01-02,3840,3845,42641
93,2020-01-03,3845,3840,37710
94,2020-01-06,3840,3760,38263
95,2020-01-07,3800,3735,55489
96,2020-01-08,3750,3595,120254
97,2020-01-09,3605,3660,36776
98,2020-01-10,3785,3640,72375
99,2020-01-13,3650,3680,31018
100,2020-01-14,3670,3710,26363
101,2020-01-15,3675,3735,20836
102,2020-01-16,3735,3720,33996
103,2020-01-17,3760,3760,25558
104,2020-01-20,3835,3720,30527
105,2020-01-21,3720,3730,44143
106,2020-01-22,3730,3775,65420
107,2020-01-23,3770,3760,72724
108,2020-01-28,3665,3615,86307
109,2020-01-29,3640,3600,16214
110,2020-01-30,3560,3525,73735
111,2020-01-31,3515,3440,54565
112,2020-02-03,3365,3420,66511
113,2020-02-04,3490,3460,21454
114,2020-02-05,3490,3600,986944
115,2020-02-06,3600,3585,257395
116,2020-02-07,3585,3595,88330
117,2020-02-10,3550,3600,52269
118,2020-02-11,3585,3675,40777
119,2020-02-12,3675,3715,118502
120,2020-02-13,3715,3680,42799
121,2020-02-14,3670,3585,66335
122,2020-02-17,3585,3590,1265643
123,2020-02-18,3590,3530,118153
124,2020-02-19,3515,3510,133237
125,2020-02-20,3445,3505,87473
126,2020-02-21,3500,3405,78595
127,2020-02-24,3260,3215,185791
128,2020-02-25,3160,3260,44302
129,2020-02-26,3215,3270,35564
130,2020-02-27,3245,3200,44346
131,2020-02-28,3115,3000,165255
132,2020-03-02,3040,3040,80659
133,2020-03-03,3145,3060,61647
134,2020-03-04,3060,3090,28733
135,2020-03-05,3120,3170,40004
136,2020-03-06,3150,3065,46761
137,2020-03-09,3065,2935,75728
138,2020-03-10,2860,2880,74922
139,2020-03-11,2880,2715,134851
140,2020-03-12,2620,2580,190230
141,2020-03-13,2390,2420,316064
142,2020-03-16,2400,2295,76430
143,2020-03-17,2055,2250,98599
144,2020-03-18,2220,2185,108776
145,2020-03-19,2170,1925,212057
146,2020-03-20,2330,1965,234345
147,2020-03-23,1900,2005,137693
148,2020-03-24,2005,2140,82046
149,2020-03-25,2200,2260,462692
150,2020-03-26,2300,2310,60574
151,2020-03-27,2340,2310,100072
152,2020-03-30,2290,2425,62847
153,2020-03-31,2425,2550,59853
154,2020-04-01,2550,2540,75133
155,2020-04-02,2545,2555,42533
156,2020-04-03,2555,2540,47075
157,2020-04-06,2500,2640,72506
158,2020-04-07,2720,2715,117901
159,2020-04-08,2715,2765,79324
160,2020-04-09,2855,2800,60981
161,2020-04-10,2920,2820,61857
162,2020-04-13,2820,2775,34032
163,2020-04-14,2775,2855,375855
164,2020-04-16,2840,2875,61503
165,2020-04-17,2875,2940,70323
166,2020-04-20,2940,2935,51920
167,2020-04-21,2935,2875,82794
168,2020-04-22,2845,2875,61827
169,2020-04-23,2875,2930,77066
170,2020-04-24,2930,2860,61163
171,2020-04-27,2860,3400,2769083
172,2020-04-28,3340,3140,900135
173,2020-04-29,3140,3150,253885
174,2020-05-04,3150,3150,90175
175,2020-05-06,3165,3185,102171
176,2020-05-07,3180,3170,67305
177,2020-05-08,3170,3170,38021
178,2020-05-11,3140,3185,53493
179,2020-05-12,3230,3105,80886
180,2020-05-13,3060,3110,51288
181,2020-05-14,3115,3060,72971
182,2020-05-15,3060,3020,77303
183,2020-05-18,3075,3030,96108
184,2020-05-19,3050,3095,283318
185,2020-05-20,3050,3095,96537
186,2020-05-21,3190,3120,113111
187,2020-05-22,3130,3200,166870
188,2020-05-25,3240,3185,123716
189,2020-05-26,3180,3185,219319
190,2020-05-27,3240,3200,68744
191,2020-05-28,3240,3160,192033
192,2020-05-29,3230,3350,1392143
193,2020-06-01,3350,3320,238466
194,2020-06-02,3455,3410,223874
195,2020-06-03,3420,3425,186528
196,2020-06-04,3450,3675,3136716
197,2020-06-05,3600,3720,257220
198,2020-06-08,3685,3860,2103194
199,2020-06-09,3855,3715,402468
200,2020-06-10,3660,3550,198736
201,2020-06-11,3595,3620,150078
202,2020-06-12,3450,3435,243631
203,2020-06-15,3415,3170,239802
204,2020-06-16,3195,3430,618254
205,2020-06-17,3355,3345,174147
206,2020-06-18,3425,3385,53156
207,2020-06-19,3430,3355,69965
208,2020-06-22,3410,3320,82247
209,2020-06-23,3395,3270,50965
210,2020-06-24,3345,3275,68358
211,2020-06-25,3300,3220,46845
212,2020-06-26,3220,3220,47271
213,2020-06-29,3250,3135,58284
214,2020-06-30,3355,3205,60318
215,2020-07-01,3295,3220,39912
216,2020-07-02,3280,3415,304287
217,2020-07-03,3450,3410,45659
218,2020-07-06,3485,3420,55409
219,2020-07-07,3475,3420,25573
220,2020-07-08,3420,3425,28553
221,2020-07-09,3480,3485,121551
222,2020-07-10,3580,3495,38983
223,2020-07-13,3590,3485,26473
224,2020-07-14,3555,3450,37994
225,2020-07-15,3420,3565,343438
226,2020-07-16,3625,3570,38146
227,2020-07-17,3610,3580,76095
228,2020-07-20,3595,3660,286222
229,2020-07-21,3710,3640,107976
230,2020-07-22,3735,3675,126990
231,2020-07-23,3730,3585,56039
232,2020-07-24,3620,3575,226680
233,2020-07-27,3575,3605,65266
234,2020-07-28,3660,3565,59046
235,2020-07-29,3650,3645,59250
236,2020-07-30,3670,3620,45575
237,2020-07-31,3680,3600,59282
238,2020-08-03,3600,3540,44510
239,2020-08-04,3580,3600,71602
240,2020-08-05,3665,3500,88473
241,2020-08-06,3565,3545,85815
242,2020-08-07,3620,3605,150633
243,2020-08-10,3625,3780,219819
244,2020-08-11,3800,3745,71829
245,2020-08-12,3795,3720,111213
246,2020-08-13,3775,3725,114315
247,2020-08-14,3770,3810,732289
248,2020-08-18,3815,3500,290970
249,2020-08-19,3605,3600,73750
250,2020-08-20,3665,3500,141836
251,2020-08-21,3600,3535,49953
252,2020-08-24,3595,3545,57637
253,2020-08-25,3615,3590,55081
254,2020-08-26,3735,3670,207402
255,2020-08-27,3690,3590,110798
256,2020-08-28,3590,3575,54664
257,2020-08-31,3540,3625,123072
258,2020-09-01,3625,3610,52035
259,2020-09-02,3665,3620,63580
260,2020-09-03,3620,3635,44319
261,2020-09-04,3485,3650,90119
262,2020-09-07,3650,3715,155607
263,2020-09-08,3805,3695,114008
264,2020-09-09,3705,3675,44664
265,2020-09-10,3740,3715,67549
266,2020-09-11,3735,3715,88602
267,2020-09-14,3905,3790,583210
268,2020-09-15,3870,4000,305003
269,2020-09-16,4060,3840,281884
270,2020-09-17,3890,3890,61134
271,2020-09-18,3895,4000,177112
272,2020-09-21,4135,4030,365519
273,2020-09-22,4040,4000,182183
274,2020-09-23,4090,4000,117319
275,2020-09-24,3945,3855,164054
276,2020-09-25,3900,3835,55072
277,2020-09-28,3845,3960,74491
278,2020-09-29,3985,3975,76499
279,2020-10-05,4050,4130,203151
280,2020-10-06,4400,4285,331771
281,2020-10-07,4205,4215,81950
282,2020-10-08,4215,4215,173612
283,2020-10-12,4285,4230,67260
284,2020-10-13,4240,4250,115308
285,2020-10-14,4330,4345,272339
286,2020-10-15,4375,4490,333971
287,2020-10-16,4490,4490,171105
288,2020-10-19,4500,4485,152519
289,2020-10-20,4485,4405,108605
290,2020-10-21,4480,4370,73638
291,2020-10-22,4370,4315,150347
292,2020-10-23,4315,4285,70693
293,2020-10-26,4290,4290,117228
294,2020-10-27,4200,4295,64887
295,2020-10-28,4295,4355,65660
296,2020-10-29,4300,4375,57174
297,2020-10-30,4375,4295,59723
298,2020-11-02,4290,4295,36597
299,2020-11-03,4325,4330,47696
