,date,open,close,volume
0,2019-08-16,3755,3730,55384
1,2019-08-19,3700,3665,44618
2,2019-08-20,3630,3690,93401
3,2019-08-21,3675,3760,60076
4,2019-08-22,3760,3720,32400
5,2019-08-23,3670,3715,58192
6,2019-08-26,3650,3520,60214
7,2019-08-27,3520,3560,48600
8,2019-08-28,3570,3725,97610
9,2019-08-29,3725,3755,25950
10,2019-08-30,3750,3755,38297
11,2019-09-02,3755,3825,23253
12,2019-09-03,3820,3920,35011
13,2019-09-04,3835,3855,34011
14,2019-09-05,3865,4120,108331
15,2019-09-06,4120,4190,844029
16,2019-09-09,4190,4040,89317
17,2019-09-10,3965,4000,57643
18,2019-09-11,3960,4050,21560
19,2019-09-16,4050,4075,26151
20,2019-09-17,4110,4080,39552
21,2019-09-18,4080,3985,35552
22,2019-09-19,3985,4000,14421
23,2019-09-20,4010,3960,25599
24,2019-09-23,3930,4170,644719
25,2019-09-24,4155,4115,99099
26,2019-09-25,4075,4005,47381
27,2019-09-26,3985,3995,75171
28,2019-09-27,3995,3960,59647
29,2019-09-30,3965,3815,71342
30,2019-10-01,3755,3895,49908
31,2019-10-02,3840,3965,60165
32,2019-10-04,3915,3895,17503
33,2019-10-07,3850,3855,21119
34,2019-10-08,3860,3945,32826
35,2019-10-10,3870,4070,61745
36,2019-10-11,4040,4050,83947
37,2019-10-14,4175,4560,1254111
38,2019-10-15,4500,5170,3512713
39,2019-10-16,5090,4775,582665
40,2019-10-17,4720,4940,433313
41,2019-10-18,4805,4880,141202
42,2019-10-21,4880,4900,127175
43,2019-10-22,4950,5000,219871
44,2019-10-23,4920,4995,85248
45,2019-10-24,4995,5080,113261
46,2019-10-25,5010,5050,105028
47,2019-10-28,5050,5010,155119
48,2019-10-29,5180,5570,2197168
49,2019-10-30,5500,5190,352920
50,2019-10-31,5130,5170,85517
51,2019-11-01,5100,5230,55257
52,2019-11-04,5220,5440,202734
53,2019-11-05,5440,5430,135549
54,2019-11-06,5430,5400,87882
55,2019-11-07,5460,5330,68441
56,2019-11-08,5340,5400,81016
57,2019-11-11,5500,5530,165849
58,2019-11-12,5570,5840,311006
59,2019-11-13,5780,5800,224847
60,2019-11-14,5810,5890,190917
61,2019-11-15,5880,5800,91711
62,2019-11-18,5750,5760,120399
63,2019-11-19,6030,6290,2442533
64,2019-11-20,6830,6180,8008459
65,2019-11-21,6110,7940,13046760
66,2019-11-22,7680,7300,2658319
67,2019-11-25,7150,7100,2233896
68,2019-11-26,7530,6770,2379700
69,2019-11-27,6700,6560,728424
70,2019-11-28,6390,6420,852047
71,2019-11-29,6300,6040,400928
72,2019-12-02,6040,5960,390061
73,2019-12-03,5900,5850,465168
74,2019-12-04,5850,5740,364899
75,2019-12-05,5780,5450,248946
76,2019-12-06,5440,5470,121877
77,2019-12-09,5470,5480,147085
78,2019-12-10,5430,5280,135281
79,2019-12-11,5400,5570,273305
80,2019-12-12,5530,5570,139405
81,2019-12-13,5560,5640,223981
82,2019-12-16,5570,5590,99971
83,2019-12-17,5670,5570,135969
84,2019-12-18,5590,5500,114491
85,2019-12-19,5510,5580,171957
86,2019-12-20,5500,5470,92583
87,2019-12-23,5500,5180,135801
88,2019-12-24,5130,4555,559539
89,2019-12-26,4550,4730,341887
90,2019-12-27,5480,5680,9092331
91,2019-12-30,5620,5880,7491498
92,2020-01-02,5920,5800,1550212
93,2020-01-03,5840,5740,800577
94,2020-01-06,5610,5340,377552
95,2020-01-07,5140,5230,318997
96,2020-01-08,5240,4780,575372
97,2020-01-09,4880,4685,1582568
98,2020-01-10,4710,4680,361950
99,2020-01-13,4725,4820,491702
100,2020-01-14,4870,4790,274105
101,2020-01-15,4770,4800,186742
102,2020-01-16,4775,4805,130298
103,2020-01-17,4805,4795,128626
104,2020-01-20,4795,4640,254506
105,2020-01-21,4645,4600,185842
106,2020-01-22,4580,4600,92226
107,2020-01-23,4580,4580,77311
108,2020-01-28,4450,4315,188322
109,2020-01-29,4310,4340,106992
110,2020-01-30,4400,4155,236158
111,2020-01-31,4155,4130,245043
112,2020-02-03,4005,4210,259620
113,2020-02-04,4210,4270,108942
114,2020-02-05,4285,4335,174493
115,2020-02-06,4330,4385,73399
116,2020-02-07,4340,4340,80703
117,2020-02-10,4340,4365,93883
118,2020-02-11,4330,4355,88530
119,2020-02-12,4355,4360,249693
120,2020-02-13,4355,4310,93269
121,2020-02-14,4280,4340,90380
122,2020-02-17,4320,4340,65184
123,2020-02-18,4370,4215,93535
124,2020-02-19,4245,4235,63003
125,2020-02-20,4215,4170,89322
126,2020-02-21,4070,4040,109148
127,2020-02-24,3885,3835,169153
128,2020-02-25,3710,3925,90746
129,2020-02-26,3820,3950,47521
130,2020-02-27,3910,3850,82381
131,2020-02-28,3740,3635,174938
132,2020-03-02,3635,3745,124217
133,2020-03-03,3800,3890,60680
134,2020-03-04,3795,4005,69989
135,2020-03-05,4010,4050,50380
136,2020-03-06,4045,3910,53341
137,2020-03-09,3775,3720,84236
138,2020-03-10,3630,3700,107544
139,2020-03-11,3705,3590,154528
140,2020-03-12,3530,3225,213290
141,2020-03-13,2700,2930,259839
142,2020-03-16,3005,2840,134248
143,2020-03-17,2500,2725,185813
144,2020-03-18,2710,2450,240994
145,2020-03-19,2510,1850,387369
146,2020-03-20,1805,2045,330542
147,2020-03-23,2000,1905,147014
148,2020-03-24,1930,1980,218305
149,2020-03-25,2020,2570,1688165
150,2020-03-26,2750,2825,315474
151,2020-03-27,2890,2800,239412
152,2020-03-30,2690,2860,115601
153,2020-03-31,2985,3445,597665
154,2020-04-01,3765,3185,265710
155,2020-04-02,3185,3260,136682
156,2020-04-03,3275,3265,62891
157,2020-04-06,3290,3265,94850
158,2020-04-07,3265,3705,177839
159,2020-04-08,3780,3600,270479
160,2020-04-09,3615,3640,87135
161,2020-04-10,3640,3450,89662
162,2020-04-13,3450,3300,62544
163,2020-04-14,3565,3355,47697
164,2020-04-16,3305,3350,30709
165,2020-04-17,3380,3430,43967
166,2020-04-20,3515,3535,148668
167,2020-04-21,3540,3530,95446
168,2020-04-22,3605,3515,47086
169,2020-04-23,3640,3500,30893
170,2020-04-24,3500,3660,259902
171,2020-04-27,3660,3880,908838
172,2020-04-28,3885,3795,119769
173,2020-04-29,3795,3790,67063
174,2020-05-04,3770,3680,65150
175,2020-05-06,3750,3845,27559
176,2020-05-07,3850,3805,34978
177,2020-05-08,3780,3840,29118
178,2020-05-11,3825,3760,54017
179,2020-05-12,3760,3725,40145
180,2020-05-13,3710,3715,42755
181,2020-05-14,3715,3690,19215
182,2020-05-15,3820,3700,23723
183,2020-05-18,3720,3655,37225
184,2020-05-19,3685,3740,68209
185,2020-05-20,3730,3900,114350
186,2020-05-21,3965,3905,107942
187,2020-05-22,3890,3800,52085
188,2020-05-25,3765,3805,29719
189,2020-05-26,3775,3830,22798
190,2020-05-27,3830,3980,222672
191,2020-05-28,3995,4115,308260
192,2020-05-29,4020,4250,600278
193,2020-06-01,4250,4230,128430
194,2020-06-02,4300,4205,72172
195,2020-06-03,4190,4115,80572
196,2020-06-04,4115,4115,77480
197,2020-06-05,4115,4125,44237
198,2020-06-08,4125,4800,3004655
199,2020-06-09,4775,5000,922807
200,2020-06-10,4975,4970,345272
201,2020-06-11,5090,5150,516784
202,2020-06-12,4990,5210,375856
203,2020-06-15,5330,5130,479778
204,2020-06-16,5270,5820,1953909
205,2020-06-17,5870,6000,825472
206,2020-06-18,5930,6070,400738
207,2020-06-19,6180,6030,271196
208,2020-06-22,6080,6000,276310
209,2020-06-23,5930,5960,399577
210,2020-06-24,5970,5000,1515409
211,2020-06-25,5020,5030,455742
212,2020-06-26,4945,4480,976782
213,2020-06-29,4450,4275,246050
214,2020-06-30,4240,4600,581145
215,2020-07-01,4600,4700,2034164
216,2020-07-02,4750,4850,290778
217,2020-07-03,4890,5200,607924
218,2020-07-06,5210,5510,910270
219,2020-07-07,5510,5600,481445
220,2020-07-08,5610,5430,687673
221,2020-07-09,5450,5720,4799964
222,2020-07-10,5760,5360,913750
223,2020-07-13,5500,5360,855020
224,2020-07-14,5330,5250,418393
225,2020-07-15,5260,5500,570466
226,2020-07-16,5650,5500,360784
227,2020-07-17,5540,5680,422407
228,2020-07-20,5740,5940,749569
229,2020-07-21,5990,5910,586596
230,2020-07-22,5900,5710,654844
231,2020-07-23,2200,2385,5654258
232,2020-07-24,2385,2300,1090621
233,2020-07-27,2310,2750,8967321
234,2020-07-28,2785,2490,3067384
235,2020-07-29,2480,2305,3051239
236,2020-07-30,2230,2265,1475533
237,2020-07-31,2260,2240,1236235
238,2020-08-03,2245,2180,1208352
239,2020-08-04,2170,2145,621553
240,2020-08-05,2165,2085,909375
241,2020-08-06,2085,2070,1375529
242,2020-08-07,2070,2040,682546
243,2020-08-10,2060,2100,2099215
244,2020-08-11,2000,2035,1872610
245,2020-08-12,2020,1945,2787695
246,2020-08-13,1890,1965,3768117
247,2020-08-14,1940,1950,1907537
248,2020-08-18,1975,2125,14867843
249,2020-08-19,2235,2335,15760100
250,2020-08-20,2340,2510,11267397
251,2020-08-21,2445,2575,11178893
252,2020-08-24,2665,2705,5590623
253,2020-08-25,2750,2710,3477795
254,2020-08-26,2705,3055,11285373
255,2020-08-27,3060,3970,41686419
256,2020-08-28,4495,3500,80969955
257,2020-08-31,3570,4225,93120543
258,2020-09-01,4355,4205,76895512
259,2020-09-02,4400,4395,19697723
260,2020-09-03,4465,3995,24645233
261,2020-09-04,3650,3935,13439193
262,2020-09-07,3920,3940,8188958
263,2020-09-08,3940,3920,5367492
264,2020-09-09,3895,3820,3344966
265,2020-09-10,3860,3930,18410589
266,2020-09-11,3690,3565,10826232
267,2020-09-14,3505,3355,5029720
268,2020-09-15,3400,3600,8266104
269,2020-09-16,3635,3730,8664015
270,2020-09-17,3790,3865,9794210
271,2020-09-18,3865,3915,5056005
272,2020-09-21,3945,4040,8645340
273,2020-09-22,3980,3970,5105593
274,2020-09-23,4015,3695,5576862
275,2020-09-24,3600,3390,4830684
276,2020-09-25,3300,3300,7247465
277,2020-09-28,3400,3505,9413030
278,2020-09-29,3515,3580,3558701
279,2020-10-05,3635,3725,3604336
280,2020-10-06,3760,3975,12838551
281,2020-10-07,3945,3990,8275619
282,2020-10-08,4030,4120,9132446
283,2020-10-12,4130,3995,8390462
284,2020-10-13,3900,4080,6135488
285,2020-10-14,4135,4015,4038780
286,2020-10-15,4000,4050,6925078
287,2020-10-16,4065,4060,10797617
288,2020-10-19,4080,3950,5842343
289,2020-10-20,3955,4045,5792743
290,2020-10-21,4670,3455,55583921
291,2020-10-22,3410,2990,20316023
292,2020-10-23,2885,2800,14229404
293,2020-10-26,2785,2830,11037548
294,2020-10-27,2785,2625,7531653
295,2020-10-28,2565,2640,7258518
296,2020-10-29,2550,2655,6985350
297,2020-10-30,2690,2510,4448612
298,2020-11-02,2515,2530,3310757
299,2020-11-03,2565,2495,4036997
