,date,open,close,volume
0,2019-08-16,3155,3200,14473
1,2019-08-19,3220,3235,9959
2,2019-08-20,3190,3270,10436
3,2019-08-21,3195,3310,54357
4,2019-08-22,3285,3260,64421
5,2019-08-23,3310,3455,53828
6,2019-08-26,3380,3355,38382
7,2019-08-27,3390,3450,30019
8,2019-08-28,3400,3415,16927
9,2019-08-29,3400,3365,21260
10,2019-08-30,3365,3425,23066
11,2019-09-02,3420,3430,17992
12,2019-09-03,3445,3480,9001
13,2019-09-04,3495,3485,10327
14,2019-09-05,3500,3570,35908
15,2019-09-06,3590,3760,37563
16,2019-09-09,3770,3725,18573
17,2019-09-10,3675,3795,20300
18,2019-09-11,3815,3815,12968
19,2019-09-16,3835,3825,18705
20,2019-09-17,3845,3835,13085
21,2019-09-18,3835,3795,14457
22,2019-09-19,3830,3685,8885
23,2019-09-20,3685,3690,16675
24,2019-09-23,3690,3640,7469
25,2019-09-24,3590,3655,10616
26,2019-09-25,3640,3550,20698
27,2019-09-26,3580,3570,15237
28,2019-09-27,3610,3495,16808
29,2019-09-30,3510,3415,23546
30,2019-10-01,3370,3545,38491
31,2019-10-02,3540,3640,232481
32,2019-10-04,3640,3690,18171
33,2019-10-07,3710,3610,43181
34,2019-10-08,3645,3695,33613
35,2019-10-10,3695,3735,17164
36,2019-10-11,3705,3745,12943
37,2019-10-14,3755,3765,20303
38,2019-10-15,3785,3735,6637
39,2019-10-16,3755,3845,34718
40,2019-10-17,3900,3835,6088
41,2019-10-18,3835,3820,6313
42,2019-10-21,3815,3785,14995
43,2019-10-22,3775,3690,8642
44,2019-10-23,3685,3725,18539
45,2019-10-24,3725,3770,9681
46,2019-10-25,3770,3715,8150
47,2019-10-28,3715,3765,7648
48,2019-10-29,3720,3840,79431
49,2019-10-30,3900,3760,41864
50,2019-10-31,3810,3755,6455
51,2019-11-01,3715,3655,24930
52,2019-11-04,3655,3700,10149
53,2019-11-05,3710,3700,7595
54,2019-11-06,3700,3735,13167
55,2019-11-07,3750,3695,5888
56,2019-11-08,3730,3715,7549
57,2019-11-11,3715,3680,10322
58,2019-11-12,3710,3685,13891
59,2019-11-13,3640,3680,17390
60,2019-11-14,3680,3770,33132
61,2019-11-15,3840,3960,67452
62,2019-11-18,4000,4055,69237
63,2019-11-19,4100,4065,35353
64,2019-11-20,4065,3880,28145
65,2019-11-21,3845,3900,21781
66,2019-11-22,3900,4000,10447
67,2019-11-25,4005,4015,6429
68,2019-11-26,4015,3935,18840
69,2019-11-27,3930,3905,14798
70,2019-11-28,3905,3915,7277
71,2019-11-29,3915,3915,22031
72,2019-12-02,3910,3805,35945
73,2019-12-03,3770,3820,7042
74,2019-12-04,3820,3825,13758
75,2019-12-05,3775,3830,20101
76,2019-12-06,3720,3800,49861
77,2019-12-09,3800,4000,242948
78,2019-12-10,4020,4045,91757
79,2019-12-11,4050,4020,22676
80,2019-12-12,4030,4175,55569
81,2019-12-13,4195,4145,35986
82,2019-12-16,4145,4095,18010
83,2019-12-17,4095,4210,29482
84,2019-12-18,4235,4130,25737
85,2019-12-19,4125,4195,21405
86,2019-12-20,4150,4225,18255
87,2019-12-23,4250,4210,14821
88,2019-12-24,4210,4190,13589
89,2019-12-26,4200,4200,36192
90,2019-12-27,4195,4345,38510
91,2019-12-30,4350,4420,43696
92,2020-01-02,4495,4435,39303
93,2020-01-03,4435,4395,25964
94,2020-01-06,4380,4170,51376
95,2020-01-07,4200,4300,258276
96,2020-01-08,4300,4115,60887
97,2020-01-09,4115,4290,45521
98,2020-01-10,4300,4360,56647
99,2020-01-13,4365,4525,332721
100,2020-01-14,4555,4580,123946
101,2020-01-15,4650,4530,50528
102,2020-01-16,4530,4540,31095
103,2020-01-17,4540,4595,44335
104,2020-01-20,4600,4660,57334
105,2020-01-21,4670,4775,82931
106,2020-01-22,4795,4820,35522
107,2020-01-23,4820,4735,45334
108,2020-01-28,4505,4460,47952
109,2020-01-29,4490,4430,45239
110,2020-01-30,4430,4235,59625
111,2020-01-31,4220,4360,30310
112,2020-02-03,4325,4450,113350
113,2020-02-04,4455,4780,262625
114,2020-02-05,4800,4955,242530
115,2020-02-06,4965,4985,81642
116,2020-02-07,5000,5080,110688
117,2020-02-10,5070,5000,42226
118,2020-02-11,4950,5270,355584
119,2020-02-12,5270,5190,125852
120,2020-02-13,5210,5290,120805
121,2020-02-14,5200,5090,206722
122,2020-02-17,5070,5210,171364
123,2020-02-18,5160,5130,68877
124,2020-02-19,5130,5050,116440
125,2020-02-20,5050,4995,94498
126,2020-02-21,4880,4835,94396
127,2020-02-24,4700,4795,106578
128,2020-02-25,4700,4900,62856
129,2020-02-26,4895,4800,52008
130,2020-02-27,4795,4660,71284
131,2020-02-28,4530,4370,100618
132,2020-03-02,4260,4750,166974
133,2020-03-03,4845,4920,145138
134,2020-03-04,4910,5200,218901
135,2020-03-05,5180,5100,101095
136,2020-03-06,5010,4930,43135
137,2020-03-09,4815,4675,78126
138,2020-03-10,4670,4640,102413
139,2020-03-11,4630,4315,96105
140,2020-03-12,4320,3915,160416
141,2020-03-13,3430,3380,212884
142,2020-03-16,3600,3200,78480
143,2020-03-17,2950,3155,93323
144,2020-03-18,3190,2805,98249
145,2020-03-19,2770,1965,478078
146,2020-03-20,2100,2315,251802
147,2020-03-23,2085,2050,215461
148,2020-03-24,2150,2280,95238
149,2020-03-25,2425,2630,179907
150,2020-03-26,2690,2750,126139
151,2020-03-27,2850,2895,118142
152,2020-03-30,2870,2805,106474
153,2020-03-31,2970,2825,119193
154,2020-04-01,2990,2730,130276
155,2020-04-02,2685,2730,50149
156,2020-04-03,2790,2755,58008
157,2020-04-06,2755,2930,147820
158,2020-04-07,3000,3000,136197
159,2020-04-08,3005,3180,146703
160,2020-04-09,3215,3250,70070
161,2020-04-10,3250,3270,73839
162,2020-04-13,3200,3130,54933
163,2020-04-14,3210,3310,137106
164,2020-04-16,3310,3460,127412
165,2020-04-17,3550,3470,124962
166,2020-04-20,3475,3375,75700
167,2020-04-21,3375,3320,92653
168,2020-04-22,3235,3250,45722
169,2020-04-23,3290,3290,42622
170,2020-04-24,3285,3200,66010
171,2020-04-27,3280,3310,50622
172,2020-04-28,3295,3300,31443
173,2020-04-29,3300,3370,46349
174,2020-05-04,3335,3315,37311
175,2020-05-06,3315,3400,47929
176,2020-05-07,3400,3460,59559
177,2020-05-08,3460,3590,217296
178,2020-05-11,3620,3580,73305
179,2020-05-12,3580,3575,69171
180,2020-05-13,3570,3695,147513
181,2020-05-14,3650,3555,131025
182,2020-05-15,3565,3770,226425
183,2020-05-18,4450,4370,1395162
184,2020-05-19,4370,4640,356480
185,2020-05-20,4570,4665,202963
186,2020-05-21,4665,4615,251695
187,2020-05-22,4615,4580,151868
188,2020-05-25,4685,4750,165505
189,2020-05-26,4750,5070,457536
190,2020-05-27,5210,5080,274752
191,2020-05-28,5140,5020,889198
192,2020-05-29,4950,4880,141244
193,2020-06-01,4880,5350,541750
194,2020-06-02,5620,6070,4882415
195,2020-06-03,6700,6290,3053913
196,2020-06-04,6290,6450,872703
197,2020-06-05,6330,6260,488171
198,2020-06-08,6250,6490,712455
199,2020-06-09,6570,6480,336395
200,2020-06-10,6470,6650,266436
201,2020-06-11,6670,6610,406731
202,2020-06-12,6210,6520,593296
203,2020-06-15,6390,5650,446823
204,2020-06-16,5850,6020,403662
205,2020-06-17,5960,6470,937261
206,2020-06-18,6400,6190,347670
207,2020-06-19,6250,6400,500796
208,2020-06-22,6500,6400,1407311
209,2020-06-23,6440,6900,2255186
210,2020-06-24,6860,6600,517458
211,2020-06-25,6410,6300,417893
212,2020-06-26,6440,6250,264459
213,2020-06-29,6130,6070,246445
214,2020-06-30,6150,6090,112160
215,2020-07-01,6120,5810,245171
216,2020-07-02,5840,5880,224898
217,2020-07-03,6100,6600,3066395
218,2020-07-06,6560,6700,726423
219,2020-07-07,6800,7700,5397633
220,2020-07-08,7860,7460,1089156
221,2020-07-09,7420,7630,798176
222,2020-07-10,7520,7300,686723
223,2020-07-13,7320,7250,347801
224,2020-07-14,7150,6990,412522
225,2020-07-15,7000,7180,723093
226,2020-07-16,7300,7090,886143
227,2020-07-17,7450,7100,517403
228,2020-07-20,7200,7150,159525
229,2020-07-21,7210,7160,183332
230,2020-07-22,7170,6940,278270
231,2020-07-23,6970,7070,213740
232,2020-07-24,7030,6720,317493
233,2020-07-27,6700,6790,112310
234,2020-07-28,6850,7170,384173
235,2020-07-29,7230,7200,317698
236,2020-07-30,7290,7130,132839
237,2020-07-31,7210,7780,5205851
238,2020-08-03,7840,8400,2867237
239,2020-08-04,8490,8150,966443
240,2020-08-05,8130,8000,610817
241,2020-08-06,7980,8540,1583661
242,2020-08-07,8540,8340,991235
243,2020-08-10,8360,8590,971910
244,2020-08-11,8650,8200,964446
245,2020-08-12,8150,7900,489196
246,2020-08-13,8000,7810,722486
247,2020-08-14,7940,7870,382056
248,2020-08-18,7800,7240,708062
249,2020-08-19,7290,7350,465358
250,2020-08-20,7220,6720,464095
251,2020-08-21,6800,6970,237544
252,2020-08-24,6960,7100,405578
253,2020-08-25,7240,7170,279938
254,2020-08-26,7370,7340,565142
255,2020-08-27,7350,7290,402334
256,2020-08-28,7290,7220,281229
257,2020-08-31,7150,7040,293566
258,2020-09-01,7110,7180,156902
259,2020-09-02,7190,7150,143813
260,2020-09-03,7100,7230,266059
261,2020-09-04,6880,7020,230083
262,2020-09-07,7030,7010,215315
263,2020-09-08,7020,6970,140235
264,2020-09-09,6900,6780,149099
265,2020-09-10,6970,6870,117751
266,2020-09-11,6870,7100,201422
267,2020-09-14,7150,7470,552540
268,2020-09-15,7580,7470,440156
269,2020-09-16,7480,7230,177257
270,2020-09-17,7250,8490,19104606
271,2020-09-18,8470,8070,4185759
272,2020-09-21,8030,9260,22180383
273,2020-09-22,9700,12000,25001227
274,2020-09-23,13500,10800,11777217
275,2020-09-24,10450,9800,3291680
276,2020-09-25,10200,9970,13035453
277,2020-09-28,10050,10600,6308133
278,2020-09-29,11200,11000,3715013
279,2020-10-05,10750,10800,3093459
280,2020-10-06,11000,13700,27688925
281,2020-10-07,13200,12600,4903148
282,2020-10-08,12650,12400,5652840
283,2020-10-12,12150,12200,1600932
284,2020-10-13,12750,12200,4211666
285,2020-10-14,12050,11850,1240998
286,2020-10-15,11950,11100,1447862
287,2020-10-16,11100,10500,899838
288,2020-10-19,10850,10450,1277119
289,2020-10-20,10200,10700,987521
290,2020-10-21,10700,10350,651630
291,2020-10-22,10550,10600,2828546
292,2020-10-23,10600,11750,11148831
293,2020-10-26,11500,10750,1898143
294,2020-10-27,10550,10750,2557601
295,2020-10-28,10450,10850,1261103
296,2020-10-29,10500,10850,760881
297,2020-10-30,11200,11050,12373939
298,2020-11-02,11100,11150,1154395
299,2020-11-03,11300,11450,3582362
