,date,open,close,volume
0,2019-08-16,1880,1825,233781
1,2019-08-19,1825,1840,136323
2,2019-08-20,1880,1840,136631
3,2019-08-21,1840,1855,119202
4,2019-08-22,1885,1850,65233
5,2019-08-23,1870,1825,120469
6,2019-08-26,1765,1775,73836
7,2019-08-27,1780,1805,51697
8,2019-08-28,1835,1810,107498
9,2019-08-29,1810,1790,56455
10,2019-08-30,1790,1825,112515
11,2019-09-02,1825,1810,99214
12,2019-09-03,1795,1895,250867
13,2019-09-04,1870,1905,247514
14,2019-09-05,1905,1910,144873
15,2019-09-06,1910,1905,62612
16,2019-09-09,1930,1905,259860
17,2019-09-10,1905,1970,195798
18,2019-09-11,2000,2035,421894
19,2019-09-16,2030,2045,192549
20,2019-09-17,2030,2055,156088
21,2019-09-18,2040,2060,125449
22,2019-09-19,2085,2085,177550
23,2019-09-20,2105,2090,88822
24,2019-09-23,2085,2070,165767
25,2019-09-24,2075,2110,216418
26,2019-09-25,2110,2030,307920
27,2019-09-26,2030,2025,170151
28,2019-09-27,2045,2000,108216
29,2019-09-30,1995,2025,152682
30,2019-10-01,2025,2070,189112
31,2019-10-02,2070,2060,105721
32,2019-10-04,2040,2040,69261
33,2019-10-07,2035,1985,142813
34,2019-10-08,1985,1990,78585
35,2019-10-10,2005,1990,49758
36,2019-10-11,2005,2020,76931
37,2019-10-14,2060,2060,189842
38,2019-10-15,2065,2145,533807
39,2019-10-16,2165,2170,267495
40,2019-10-17,2175,2170,163929
41,2019-10-18,2170,2130,180190
42,2019-10-21,2220,2135,490506
43,2019-10-22,2115,2155,176146
44,2019-10-23,2155,2120,169438
45,2019-10-24,2120,2120,112613
46,2019-10-25,2120,2095,176386
47,2019-10-28,2095,2090,83147
48,2019-10-29,2150,2120,163907
49,2019-10-30,2105,2090,113641
50,2019-10-31,2110,2165,190603
51,2019-11-01,2165,2140,213504
52,2019-11-04,2170,2170,197198
53,2019-11-05,2150,2200,311428
54,2019-11-06,2200,2210,139803
55,2019-11-07,2230,2205,120603
56,2019-11-08,2205,2210,210332
57,2019-11-11,2230,2185,167360
58,2019-11-12,2195,2180,119965
59,2019-11-13,2180,2140,222538
60,2019-11-14,2140,2135,81740
61,2019-11-15,2130,2085,165471
62,2019-11-18,1965,2010,561297
63,2019-11-19,2025,2000,110672
64,2019-11-20,2000,1930,268274
65,2019-11-21,1930,1860,201847
66,2019-11-22,1870,1870,128813
67,2019-11-25,1880,1900,58411
68,2019-11-26,1910,1930,63055
69,2019-11-27,1930,1920,86401
70,2019-11-28,1925,1910,71272
71,2019-11-29,1910,1890,74114
72,2019-12-02,1890,1905,62882
73,2019-12-03,1900,1915,69557
74,2019-12-04,1900,1880,64429
75,2019-12-05,1875,1850,85345
76,2019-12-06,1850,1910,50316
77,2019-12-09,1920,1910,57524
78,2019-12-10,2000,1945,1442973
79,2019-12-11,1950,1925,160305
80,2019-12-12,1945,1920,192644
81,2019-12-13,1940,1955,95369
82,2019-12-16,1960,2005,176755
83,2019-12-17,1985,2005,125695
84,2019-12-18,1985,2010,115950
85,2019-12-19,2010,1995,90285
86,2019-12-20,1985,1995,90115
87,2019-12-23,2000,1995,92083
88,2019-12-24,1995,1985,97166
89,2019-12-26,1985,1975,85574
90,2019-12-27,1975,2035,83450
91,2019-12-30,2015,2030,56085
92,2020-01-02,2040,2060,139254
93,2020-01-03,2085,2040,220142
94,2020-01-06,2000,2010,159436
95,2020-01-07,1990,2010,110117
96,2020-01-08,2000,1900,432631
97,2020-01-09,1940,1970,148070
98,2020-01-10,1985,2015,137370
99,2020-01-13,2025,2055,252974
100,2020-01-14,2070,2060,188794
101,2020-01-15,2055,2085,140688
102,2020-01-16,2085,2090,198412
103,2020-01-17,2105,2105,178044
104,2020-01-20,2125,2110,250309
105,2020-01-21,2125,2125,241352
106,2020-01-22,2150,2180,272893
107,2020-01-23,2190,2205,304380
108,2020-01-28,2140,2375,3792250
109,2020-01-29,2410,2280,1508516
110,2020-01-30,2290,2200,610248
111,2020-01-31,2200,2140,616285
112,2020-02-03,2050,2060,910566
113,2020-02-04,2055,2120,217023
114,2020-02-05,2140,2095,209625
115,2020-02-06,2095,2095,203878
116,2020-02-07,2090,2140,228294
117,2020-02-10,2180,2140,159535
118,2020-02-11,2140,2115,260567
119,2020-02-12,2120,2115,196709
120,2020-02-13,2115,2075,235691
121,2020-02-14,2075,2085,156323
122,2020-02-17,2085,2085,144249
123,2020-02-18,2085,2070,129508
124,2020-02-19,2070,2075,138929
125,2020-02-20,2100,2065,189128
126,2020-02-21,2065,1980,408807
127,2020-02-24,1880,1865,571396
128,2020-02-25,1880,1900,169691
129,2020-02-26,1850,1875,182708
130,2020-02-27,1870,1770,294959
131,2020-02-28,1750,1645,474765
132,2020-03-02,1630,1670,267446
133,2020-03-03,1700,1740,244250
134,2020-03-04,1730,1765,79495
135,2020-03-05,1800,1805,127826
136,2020-03-06,1785,1780,114549
137,2020-03-09,1760,1640,303759
138,2020-03-10,1580,1665,167164
139,2020-03-11,1665,1555,288451
140,2020-03-12,1525,1455,373011
141,2020-03-13,1300,1300,582093
142,2020-03-16,1310,1195,485199
143,2020-03-17,1100,1180,290019
144,2020-03-18,1180,1115,294178
145,2020-03-19,1125,935,614266
146,2020-03-20,931,1005,261516
147,2020-03-23,960,900,261117
148,2020-03-24,905,930,444058
149,2020-03-25,965,1000,373374
150,2020-03-26,1030,1045,298922
151,2020-03-27,1090,1070,388189
152,2020-03-30,1030,1095,309411
153,2020-03-31,1100,1155,246587
154,2020-04-01,1155,1190,393252
155,2020-04-02,1180,1245,268459
156,2020-04-03,1310,1270,279316
157,2020-04-06,1280,1405,565901
158,2020-04-07,1415,1400,452261
159,2020-04-08,1400,1390,161642
160,2020-04-09,1410,1380,304383
161,2020-04-10,1400,1340,324361
162,2020-04-13,1340,1365,562152
163,2020-04-14,1525,1460,8689471
164,2020-04-16,1460,1430,667893
165,2020-04-17,1470,1480,544882
166,2020-04-20,1455,1505,660342
167,2020-04-21,1515,1455,642738
168,2020-04-22,1420,1455,349660
169,2020-04-23,1490,1480,281681
170,2020-04-24,1485,1425,439299
171,2020-04-27,1420,1450,165803
172,2020-04-28,1480,1425,190476
173,2020-04-29,1425,1480,310874
174,2020-05-04,1460,1535,537837
175,2020-05-06,1530,1525,210424
176,2020-05-07,1525,1505,307462
177,2020-05-08,1505,1510,267167
178,2020-05-11,1505,1480,240504
179,2020-05-12,1480,1455,220683
180,2020-05-13,1445,1460,131939
181,2020-05-14,1465,1440,120315
182,2020-05-15,1445,1450,135714
183,2020-05-18,1435,1450,115182
184,2020-05-19,1450,1510,410738
185,2020-05-20,1515,1560,948842
186,2020-05-21,1595,1580,619639
187,2020-05-22,1600,1570,451141
188,2020-05-25,1560,1605,242325
189,2020-05-26,1605,1605,215402
190,2020-05-27,1605,1610,205038
191,2020-05-28,1625,1560,618162
192,2020-05-29,1575,1575,141974
193,2020-06-01,1575,1630,409671
194,2020-06-02,1630,1670,613431
195,2020-06-03,1695,1670,258098
196,2020-06-04,1670,1645,300713
197,2020-06-05,1620,1620,281315
198,2020-06-08,1645,1630,258207
199,2020-06-09,1680,1615,169913
200,2020-06-10,1620,1595,150130
201,2020-06-11,1600,1570,185615
202,2020-06-12,1485,1510,279857
203,2020-06-15,1500,1390,272746
204,2020-06-16,1425,1445,245416
205,2020-06-17,1430,1445,134099
206,2020-06-18,1495,1455,218866
207,2020-06-19,1465,1530,428312
208,2020-06-22,1500,1500,176591
209,2020-06-23,1500,1460,154190
210,2020-06-24,1460,1470,190762
211,2020-06-25,1435,1440,137301
212,2020-06-26,1445,1445,81431
213,2020-06-29,1435,1395,150609
214,2020-06-30,1395,1390,97912
215,2020-07-01,1395,1410,170411
216,2020-07-02,1410,1430,100842
217,2020-07-03,1430,1425,87569
218,2020-07-06,1425,1465,225138
219,2020-07-07,1535,1460,485989
220,2020-07-08,1475,1450,167131
221,2020-07-09,1455,1455,145348
222,2020-07-10,1510,1450,185706
223,2020-07-13,1450,1460,114914
224,2020-07-14,1445,1485,168275
225,2020-07-15,1485,1480,113498
226,2020-07-16,1480,1500,334120
227,2020-07-17,1485,1500,161851
228,2020-07-20,1520,1480,113975
229,2020-07-21,1480,1505,166615
230,2020-07-22,1505,1525,124199
231,2020-07-23,1525,1605,896322
232,2020-07-24,1705,1560,1275579
233,2020-07-27,1555,1495,410149
234,2020-07-28,1500,1465,259859
235,2020-07-29,1465,1440,163474
236,2020-07-30,1440,1460,155416
237,2020-07-31,1455,1425,218827
238,2020-08-03,1415,1420,145328
239,2020-08-04,1420,1450,207456
240,2020-08-05,1450,1425,170170
241,2020-08-06,1425,1425,151620
242,2020-08-07,1425,1405,141820
243,2020-08-10,1390,1405,192705
244,2020-08-11,1410,1395,138496
245,2020-08-12,1395,1380,181742
246,2020-08-13,1380,1390,143551
247,2020-08-14,1390,1370,156653
248,2020-08-18,1365,1230,619918
249,2020-08-19,1230,1240,193301
250,2020-08-20,1240,1165,236761
251,2020-08-21,1165,1175,145485
252,2020-08-24,1170,1190,137389
253,2020-08-25,1190,1260,232931
254,2020-08-26,1260,1250,115968
255,2020-08-27,1230,1215,123893
256,2020-08-28,1215,1245,126408
257,2020-08-31,1240,1250,120440
258,2020-09-01,1250,1260,95881
259,2020-09-02,1250,1240,270104
260,2020-09-03,1245,1280,229734
261,2020-09-04,1255,1250,127701
262,2020-09-07,1250,1270,136467
263,2020-09-08,1275,1275,285287
264,2020-09-09,1270,1295,139958
265,2020-09-10,1310,1330,205159
266,2020-09-11,1340,1300,217063
267,2020-09-14,1305,1320,137454
268,2020-09-15,1320,1325,143282
269,2020-09-16,1345,1320,95634
270,2020-09-17,1320,1300,185940
271,2020-09-18,1300,1290,90963
272,2020-09-21,1290,1270,108688
273,2020-09-22,1255,1225,274776
274,2020-09-23,1230,1245,173412
275,2020-09-24,1225,1210,147791
276,2020-09-25,1210,1225,111773
277,2020-09-28,1225,1265,378484
278,2020-09-29,1350,1320,380970
279,2020-10-05,1320,1340,209793
280,2020-10-06,1350,1410,684564
281,2020-10-07,1375,1540,2631599
282,2020-10-08,1450,1490,1727339
283,2020-10-12,1510,1475,345813
284,2020-10-13,1485,1535,643763
285,2020-10-14,1535,1485,801249
286,2020-10-15,1495,1430,505612
287,2020-10-16,1430,1380,569322
288,2020-10-19,1390,1355,205383
289,2020-10-20,1340,1380,297031
290,2020-10-21,1380,1430,169409
291,2020-10-22,1435,1390,158740
292,2020-10-23,1390,1375,109490
293,2020-10-26,1390,1310,200407
294,2020-10-27,1300,1310,118019
295,2020-10-28,1310,1340,84470
296,2020-10-29,1300,1380,504684
297,2020-10-30,1570,1310,7667243
298,2020-11-02,1350,1335,641864
299,2020-11-03,1345,1350,520643
