,date,open,close,volume
0,2019-08-16,7510,7410,249257
1,2019-08-19,7440,7310,237726
2,2019-08-20,7260,7430,218391
3,2019-08-21,7400,7510,470535
4,2019-08-22,7520,7680,1182566
5,2019-08-23,7590,7370,382720
6,2019-08-26,7160,6840,476501
7,2019-08-27,7000,6890,214647
8,2019-08-28,6920,7300,1018124
9,2019-08-29,7250,7200,217763
10,2019-08-30,7240,7410,409170
11,2019-09-02,7350,7790,484761
12,2019-09-03,7760,7630,256611
13,2019-09-04,7620,7620,189593
14,2019-09-05,7710,7620,200261
15,2019-09-06,7630,7530,165975
16,2019-09-09,7630,7550,237649
17,2019-09-10,7630,7640,136905
18,2019-09-11,7670,7660,167742
19,2019-09-16,7640,7800,235611
20,2019-09-17,7800,7760,166431
21,2019-09-18,7760,7760,177197
22,2019-09-19,7730,7740,202442
23,2019-09-20,7740,7870,410167
24,2019-09-23,7930,7780,186012
25,2019-09-24,7700,7910,313973
26,2019-09-25,7970,7210,1988487
27,2019-09-26,7260,7120,283950
28,2019-09-27,7110,7040,185826
29,2019-09-30,6990,7030,186312
30,2019-10-01,7010,7170,168208
31,2019-10-02,7100,7140,172994
32,2019-10-04,7130,7070,97404
33,2019-10-07,7040,6980,165482
34,2019-10-08,6960,7090,155310
35,2019-10-10,7080,7110,210212
36,2019-10-11,7120,7110,140918
37,2019-10-14,7200,7380,238887
38,2019-10-15,7340,7280,143558
39,2019-10-16,7330,7190,141454
40,2019-10-17,7200,7200,117877
41,2019-10-18,7210,7100,142398
42,2019-10-21,7110,7000,190833
43,2019-10-22,7010,6940,222440
44,2019-10-23,6940,6860,269742
45,2019-10-24,6860,7310,6639117
46,2019-10-25,7390,7490,1731715
47,2019-10-28,7570,7410,978347
48,2019-10-29,7340,7190,492925
49,2019-10-30,7270,7250,3952394
50,2019-10-31,7290,7290,531605
51,2019-11-01,7300,7360,412637
52,2019-11-04,7360,7500,467119
53,2019-11-05,7550,7470,375544
54,2019-11-06,7470,7570,518736
55,2019-11-07,7580,7260,657417
56,2019-11-08,7270,7180,378152
57,2019-11-11,7230,7080,230087
58,2019-11-12,7100,7100,197429
59,2019-11-13,7090,6950,327178
60,2019-11-14,6950,6980,254741
61,2019-11-15,7380,6990,948261
62,2019-11-18,7040,7010,185305
63,2019-11-19,7020,6970,236036
64,2019-11-20,6980,6830,283628
65,2019-11-21,6870,6600,234096
66,2019-11-22,6630,6550,149994
67,2019-11-25,6550,6670,101190
68,2019-11-26,6680,6770,96031
69,2019-11-27,6800,6790,126380
70,2019-11-28,6740,6740,99280
71,2019-11-29,6740,6750,126537
72,2019-12-02,6700,6730,72731
73,2019-12-03,6690,6600,107429
74,2019-12-04,6530,6640,75829
75,2019-12-05,6620,6640,121854
76,2019-12-06,6640,6830,104198
77,2019-12-09,6840,6930,97769
78,2019-12-10,6870,6920,80870
79,2019-12-11,6860,6960,183921
80,2019-12-12,7080,7050,332920
81,2019-12-13,7070,7060,143908
82,2019-12-16,7020,7020,66643
83,2019-12-17,7020,6960,132570
84,2019-12-18,6940,7000,119725
85,2019-12-19,7010,6850,214162
86,2019-12-20,6850,6910,153674
87,2019-12-23,6950,6690,242955
88,2019-12-24,6650,6560,183096
89,2019-12-26,6530,6720,127140
90,2019-12-27,6660,6810,108740
91,2019-12-30,6850,6950,129348
92,2020-01-02,6990,7110,355603
93,2020-01-03,7110,6970,240239
94,2020-01-06,6860,6770,208638
95,2020-01-07,6850,6810,127824
96,2020-01-08,6720,6520,330907
97,2020-01-09,6620,6780,120118
98,2020-01-10,6770,6890,238429
99,2020-01-13,6950,7040,225243
100,2020-01-14,7020,7010,209170
101,2020-01-15,7010,7080,380342
102,2020-01-16,7090,7090,86401
103,2020-01-17,7090,7180,161306
104,2020-01-20,7170,6980,194663
105,2020-01-21,6980,6830,136796
106,2020-01-22,6830,6920,63622
107,2020-01-23,6850,6820,95545
108,2020-01-28,6620,6600,328538
109,2020-01-29,6620,6890,198329
110,2020-01-30,6890,6610,280652
111,2020-01-31,6610,6470,234558
112,2020-02-03,6410,6400,246139
113,2020-02-04,6360,6640,141160
114,2020-02-05,6700,6710,216244
115,2020-02-06,6720,6750,87767
116,2020-02-07,6710,6610,149972
117,2020-02-10,6570,6740,145891
118,2020-02-11,6730,6730,131064
119,2020-02-12,6720,6730,91440
120,2020-02-13,6750,6700,98511
121,2020-02-14,6700,6640,93885
122,2020-02-17,6670,6590,118463
123,2020-02-18,6570,6470,145035
124,2020-02-19,6460,6450,125525
125,2020-02-20,6430,6350,133636
126,2020-02-21,6310,6170,180176
127,2020-02-24,6120,5730,331341
128,2020-02-25,5620,6230,322290
129,2020-02-26,6080,6090,143793
130,2020-02-27,6140,5840,174016
131,2020-02-28,5620,5570,199000
132,2020-03-02,5470,5840,182015
133,2020-03-03,5910,5780,122131
134,2020-03-04,5650,5870,78708
135,2020-03-05,5910,6000,156836
136,2020-03-06,6000,5850,118339
137,2020-03-09,5790,5550,170106
138,2020-03-10,5500,5570,140812
139,2020-03-11,5580,5500,178227
140,2020-03-12,5500,4940,402539
141,2020-03-13,4310,4430,328707
142,2020-03-16,4430,4345,208597
143,2020-03-17,4000,4300,241313
144,2020-03-18,4275,3850,254170
145,2020-03-19,3850,3190,477947
146,2020-03-20,3145,3700,355178
147,2020-03-23,3400,3230,306754
148,2020-03-24,3250,3645,324545
149,2020-03-25,3710,4140,314642
150,2020-03-26,4170,4100,369515
151,2020-03-27,4420,4080,306989
152,2020-03-30,3865,4120,177620
153,2020-03-31,4165,4250,254732
154,2020-04-01,4165,4160,312344
155,2020-04-02,4150,4270,161206
156,2020-04-03,4300,4375,168384
157,2020-04-06,4590,4770,265821
158,2020-04-07,4925,4780,231828
159,2020-04-08,4755,4765,169711
160,2020-04-09,4870,4770,181433
161,2020-04-10,4800,4740,223910
162,2020-04-13,4770,4810,317563
163,2020-04-14,4810,4995,215628
164,2020-04-16,4985,5090,191885
165,2020-04-17,5150,5360,330340
166,2020-04-20,5410,5790,535250
167,2020-04-21,5830,5590,492031
168,2020-04-22,5410,5480,210407
169,2020-04-23,5470,5580,188850
170,2020-04-24,5670,5410,154601
171,2020-04-27,5650,7030,7598561
172,2020-04-28,7120,7600,21059867
173,2020-04-29,7650,7380,5002891
174,2020-05-04,7300,7360,5635713
175,2020-05-06,7380,7530,1546330
176,2020-05-07,7590,7830,6931579
177,2020-05-08,7890,7850,1386798
178,2020-05-11,7960,7990,1897882
179,2020-05-12,8200,8450,10131683
180,2020-05-13,8350,8410,1906314
181,2020-05-14,8260,8040,1387498
182,2020-05-15,8100,7820,879591
183,2020-05-18,8160,8030,2242354
184,2020-05-19,8030,8040,625545
185,2020-05-20,8040,7950,400697
186,2020-05-21,8020,8090,1252164
187,2020-05-22,8200,8280,2350178
188,2020-05-25,8390,8370,952745
189,2020-05-26,8420,8400,969494
190,2020-05-27,8400,8280,629544
191,2020-05-28,8260,7890,1040931
192,2020-05-29,7800,8070,614933
193,2020-06-01,8080,8160,565194
194,2020-06-02,8290,8400,1279823
195,2020-06-03,8650,9650,30802223
196,2020-06-04,9500,9660,8303611
197,2020-06-05,9740,9440,1618701
198,2020-06-08,9490,10050,8880041
199,2020-06-09,10050,10150,2661901
200,2020-06-10,10250,9800,1374893
201,2020-06-11,9860,9310,1741775
202,2020-06-12,8760,9140,1415983
203,2020-06-15,9180,9200,4011089
204,2020-06-16,9480,9680,2395801
205,2020-06-17,9550,9430,959829
206,2020-06-18,9580,9550,772809
207,2020-06-19,9490,9400,3550227
208,2020-06-22,9490,9740,1458956
209,2020-06-23,9770,10950,5883906
210,2020-06-24,10900,11000,12964674
211,2020-06-25,10700,11150,2777019
212,2020-06-26,11400,11050,1971397
213,2020-06-29,11200,11550,6637186
214,2020-06-30,11700,12200,11450306
215,2020-07-01,12250,12250,2261558
216,2020-07-02,12250,12500,3435099
217,2020-07-03,12600,12650,1244157
218,2020-07-06,12750,13300,2860519
219,2020-07-07,13200,13150,1395511
220,2020-07-08,13200,12950,1399530
221,2020-07-09,13000,12650,890004
222,2020-07-10,12600,12700,925075
223,2020-07-13,12750,12900,1157130
224,2020-07-14,12900,13100,1224250
225,2020-07-15,13350,12600,1106819
226,2020-07-16,12600,12250,838986
227,2020-07-17,12450,12450,1016102
228,2020-07-20,12500,12550,1131868
229,2020-07-21,12800,12600,538203
230,2020-07-22,12600,12350,498951
231,2020-07-23,12700,12400,1986948
232,2020-07-24,12200,12400,538284
233,2020-07-27,12500,13300,2830300
234,2020-07-28,13550,14200,17271097
235,2020-07-29,14200,14500,2771419
236,2020-07-30,14750,14950,2780576
237,2020-07-31,14950,15050,1289797
238,2020-08-03,15800,19000,16642953
239,2020-08-04,19350,19650,14489441
240,2020-08-05,19700,21150,7981261
241,2020-08-06,21300,20600,2506163
242,2020-08-07,21050,21150,3474939
243,2020-08-10,21500,21450,2487931
244,2020-08-11,20500,18650,5307854
245,2020-08-12,18000,19400,5502661
246,2020-08-13,19200,19100,1650506
247,2020-08-14,18950,19050,1433258
248,2020-08-18,18500,18500,1535476
249,2020-08-19,18500,18700,1588722
250,2020-08-20,18500,17200,1727642
251,2020-08-21,17300,17000,936644
252,2020-08-24,16800,17350,875300
253,2020-08-25,17350,17350,889578
254,2020-08-26,17400,18100,1368814
255,2020-08-27,17900,17550,1277029
256,2020-08-28,17450,18200,1184817
257,2020-08-31,18350,18450,1017000
258,2020-09-01,18700,19600,3179322
259,2020-09-02,19650,19200,902660
260,2020-09-03,19200,19100,905570
261,2020-09-04,18500,18950,838555
262,2020-09-07,18800,18100,760339
263,2020-09-08,18100,17950,609544
264,2020-09-09,17500,17750,432835
265,2020-09-10,18400,17900,572107
266,2020-09-11,17900,18000,273466
267,2020-09-14,18250,17850,388782
268,2020-09-15,17950,18000,550104
269,2020-09-16,17750,17350,396130
270,2020-09-17,17300,16800,597864
271,2020-09-18,16800,16200,724223
272,2020-09-21,16050,16350,474238
273,2020-09-22,16350,15350,880229
274,2020-09-23,15450,15350,1657198
275,2020-09-24,14650,14250,489201
276,2020-09-25,14300,14200,342186
277,2020-09-28,14250,15250,359708
278,2020-09-29,15500,15250,224037
279,2020-10-05,15250,15250,139601
280,2020-10-06,15400,15250,210283
281,2020-10-07,15250,15400,131821
282,2020-10-08,15450,15200,149263
283,2020-10-12,15150,14900,146524
284,2020-10-13,14850,14650,221061
285,2020-10-14,14550,14650,157936
286,2020-10-15,14650,13900,290870
287,2020-10-16,13750,13450,259395
288,2020-10-19,13450,13400,211782
289,2020-10-20,13200,13450,224173
290,2020-10-21,13550,13300,108391
291,2020-10-22,13200,12600,222179
292,2020-10-23,12900,12700,395819
293,2020-10-26,12700,11750,324321
294,2020-10-27,11650,12150,291848
295,2020-10-28,11950,12500,206663
296,2020-10-29,12100,12450,180734
297,2020-10-30,12500,11750,165631
298,2020-11-02,11700,12200,133677
299,2020-11-03,12200,12200,98993
