,date,open,close,volume
0,2019-08-16,8670,9090,229144
1,2019-08-19,9190,9220,105595
2,2019-08-20,9100,9340,113083
3,2019-08-21,9330,9310,107164
4,2019-08-22,9350,9100,118402
5,2019-08-23,9200,9120,105569
6,2019-08-26,9080,9160,75214
7,2019-08-27,9150,9030,70653
8,2019-08-28,9110,9300,136600
9,2019-08-29,9210,9430,113410
10,2019-08-30,9450,9330,121047
11,2019-09-02,9170,9440,92181
12,2019-09-03,9320,9320,65974
13,2019-09-04,9320,9340,87685
14,2019-09-05,9200,9240,93441
15,2019-09-06,9150,9120,63785
16,2019-09-09,9150,9050,77379
17,2019-09-10,9000,9140,58219
18,2019-09-11,9070,9300,178925
19,2019-09-16,9340,9250,85855
20,2019-09-17,9150,9140,68813
21,2019-09-18,9140,9110,93033
22,2019-09-19,9110,9090,42208
23,2019-09-20,9060,9090,50645
24,2019-09-23,9090,9120,57132
25,2019-09-24,9200,9190,40351
26,2019-09-25,9080,9050,83177
27,2019-09-26,9040,9080,42904
28,2019-09-27,9170,8960,59069
29,2019-09-30,9000,9040,78030
30,2019-10-01,8960,9150,83272
31,2019-10-02,9000,8920,69862
32,2019-10-04,8990,8930,107024
33,2019-10-07,8910,8620,88000
34,2019-10-08,8710,8520,88060
35,2019-10-10,8450,8340,145532
36,2019-10-11,8490,8580,125193
37,2019-10-14,8490,8500,91078
38,2019-10-15,8430,8850,297535
39,2019-10-16,8790,9250,267260
40,2019-10-17,9270,9380,162160
41,2019-10-18,9380,9250,151543
42,2019-10-21,9450,9560,147471
43,2019-10-22,9490,9460,110391
44,2019-10-23,9350,9430,86058
45,2019-10-24,9300,9470,131209
46,2019-10-25,9320,9540,80929
47,2019-10-28,9660,9610,88864
48,2019-10-29,9610,9460,63540
49,2019-10-30,9410,9350,93578
50,2019-10-31,9350,9360,70686
51,2019-11-01,9320,9450,117649
52,2019-11-04,9600,9820,223830
53,2019-11-05,9860,9820,173166
54,2019-11-06,9740,9720,77708
55,2019-11-07,9590,9800,72180
56,2019-11-08,9840,9740,64888
57,2019-11-11,9740,9550,58315
58,2019-11-12,9600,9640,55671
59,2019-11-13,9560,9500,55788
60,2019-11-14,9500,9600,108833
61,2019-11-15,9460,9220,217384
62,2019-11-18,9270,9120,129441
63,2019-11-19,9120,9080,121596
64,2019-11-20,9080,9020,130895
65,2019-11-21,9140,9010,96342
66,2019-11-22,9150,9020,48050
67,2019-11-25,9020,9130,62068
68,2019-11-26,9140,9050,82774
69,2019-11-27,9140,9010,77149
70,2019-11-28,9050,9000,45671
71,2019-11-29,9130,9130,123039
72,2019-12-02,9000,9070,66149
73,2019-12-03,9120,9100,69817
74,2019-12-04,9080,9080,78552
75,2019-12-05,9000,8950,57912
76,2019-12-06,8950,8840,64515
77,2019-12-09,8940,8660,106828
78,2019-12-10,8580,8920,71834
79,2019-12-11,8920,8850,60679
80,2019-12-12,8980,8950,202106
81,2019-12-13,9040,9110,103840
82,2019-12-16,9120,9160,73367
83,2019-12-17,9120,9100,69285
84,2019-12-18,9040,9070,54813
85,2019-12-19,9040,9180,61049
86,2019-12-20,9180,9090,64209
87,2019-12-23,9170,9090,64483
88,2019-12-24,9050,9090,73382
89,2019-12-26,9180,9100,69649
90,2019-12-27,8980,9110,84936
91,2019-12-30,9190,9130,64208
92,2020-01-02,9000,8900,132973
93,2020-01-03,8950,8950,97002
94,2020-01-06,8950,8890,69428
95,2020-01-07,8970,8790,76899
96,2020-01-08,8640,8560,106925
97,2020-01-09,8570,8720,99880
98,2020-01-10,8630,8560,85708
99,2020-01-13,8520,8540,66316
100,2020-01-14,8670,8590,68432
101,2020-01-15,8570,8680,49259
102,2020-01-16,8650,8650,46103
103,2020-01-17,8660,8640,63205
104,2020-01-20,8640,8580,49349
105,2020-01-21,8550,8450,81145
106,2020-01-22,8390,8390,90501
107,2020-01-23,8370,8380,63782
108,2020-01-28,8390,8190,124611
109,2020-01-29,8200,8200,70003
110,2020-01-30,8200,8080,81339
111,2020-01-31,8000,8110,57373
112,2020-02-03,8020,8050,81724
113,2020-02-04,8010,7930,104422
114,2020-02-05,7930,7800,197405
115,2020-02-06,7800,8000,146400
116,2020-02-07,7930,7840,122385
117,2020-02-10,7750,7830,60883
118,2020-02-11,7830,7980,81298
119,2020-02-12,7980,7900,221043
120,2020-02-13,7910,7790,256489
121,2020-02-14,7750,7770,118832
122,2020-02-17,7720,7790,78388
123,2020-02-18,7740,7740,134143
124,2020-02-19,7810,7620,246208
125,2020-02-20,7620,7460,179835
126,2020-02-21,7440,7290,185254
127,2020-02-24,7240,7000,211834
128,2020-02-25,7040,6840,462008
129,2020-02-26,6800,6660,474157
130,2020-02-27,6680,6650,249088
131,2020-02-28,6620,6420,303274
132,2020-03-02,6450,6330,303354
133,2020-03-03,6390,6300,285268
134,2020-03-04,6310,6270,596492
135,2020-03-05,6280,6320,344959
136,2020-03-06,6290,6210,320111
137,2020-03-09,6160,5850,412825
138,2020-03-10,5690,5920,325649
139,2020-03-11,5840,5780,235663
140,2020-03-12,5850,5400,503604
141,2020-03-13,5150,5000,538225
142,2020-03-16,5100,4940,333114
143,2020-03-17,4500,4885,361561
144,2020-03-18,4885,4670,271918
145,2020-03-19,4750,3890,753704
146,2020-03-20,3890,4625,455276
147,2020-03-23,4200,3900,483446
148,2020-03-24,3985,4090,386756
149,2020-03-25,4250,4475,704052
150,2020-03-26,4480,4400,549546
151,2020-03-27,4565,4500,633174
152,2020-03-30,4460,4560,359301
153,2020-03-31,4600,4675,481405
154,2020-04-01,4650,4675,566817
155,2020-04-02,4675,4750,418417
156,2020-04-03,4755,4845,324871
157,2020-04-06,4845,5030,435778
158,2020-04-07,5130,5130,594974
159,2020-04-08,5140,5110,397983
160,2020-04-09,5260,5310,555666
161,2020-04-10,5340,5790,1948841
162,2020-04-13,5840,5670,569029
163,2020-04-14,5740,5930,511903
164,2020-04-16,5910,5980,471943
165,2020-04-17,6000,6060,453445
166,2020-04-20,5940,5950,445787
167,2020-04-21,5890,5730,707192
168,2020-04-22,5600,5660,350075
169,2020-04-23,5660,5700,314326
170,2020-04-24,5650,5570,345402
171,2020-04-27,5590,5660,316244
172,2020-04-28,5680,5700,342050
173,2020-04-29,5730,5730,377330
174,2020-05-04,5680,5670,353738
175,2020-05-06,5760,5770,282315
176,2020-05-07,5740,5830,193809
177,2020-05-08,5890,5930,421969
178,2020-05-11,5980,6140,488955
179,2020-05-12,6140,5930,341206
180,2020-05-13,5800,5880,169030
181,2020-05-14,5830,5710,266112
182,2020-05-15,5770,5840,177162
183,2020-05-18,5830,5750,183278
184,2020-05-19,5940,6030,597443
185,2020-05-20,6020,5990,212974
186,2020-05-21,6020,5980,192912
187,2020-05-22,6030,5840,222572
188,2020-05-25,5840,5880,146421
189,2020-05-26,5950,6020,305985
190,2020-05-27,6040,6210,544952
191,2020-05-28,6210,5950,609355
192,2020-05-29,5950,5890,376845
193,2020-06-01,5890,6030,190835
194,2020-06-02,5990,6090,294539
195,2020-06-03,6150,6400,807031
196,2020-06-04,6600,6260,721429
197,2020-06-05,6220,6360,206646
198,2020-06-08,6490,6360,326007
199,2020-06-09,6410,6360,483412
200,2020-06-10,6400,6180,403976
201,2020-06-11,6150,6010,429312
202,2020-06-12,5750,5810,491667
203,2020-06-15,5800,5410,435442
204,2020-06-16,5430,5660,244994
205,2020-06-17,5660,5610,261663
206,2020-06-18,5610,5830,372618
207,2020-06-19,5880,5720,243297
208,2020-06-22,5720,5580,238810
209,2020-06-23,5590,5480,199682
210,2020-06-24,5440,5490,212054
211,2020-06-25,5370,5330,257627
212,2020-06-26,5400,5240,311339
213,2020-06-29,5100,5250,441015
214,2020-06-30,5250,5330,428514
215,2020-07-01,5340,5260,120535
216,2020-07-02,5200,5300,69666
217,2020-07-03,5320,5260,189236
218,2020-07-06,5260,5420,250688
219,2020-07-07,5490,5410,143579
220,2020-07-08,5350,5320,207008
221,2020-07-09,5400,5340,140305
222,2020-07-10,5140,5180,279782
223,2020-07-13,5180,5260,162247
224,2020-07-14,5240,5280,84064
225,2020-07-15,5330,5340,326746
226,2020-07-16,5370,5330,246468
227,2020-07-17,5380,5370,159266
228,2020-07-20,5370,5240,506510
229,2020-07-21,5240,5230,445119
230,2020-07-22,5250,5300,324371
231,2020-07-23,5300,5230,304817
232,2020-07-24,5190,5220,153238
233,2020-07-27,5210,5220,103207
234,2020-07-28,5250,5190,200167
235,2020-07-29,5150,5190,236194
236,2020-07-30,5190,5210,256275
237,2020-07-31,5210,5220,173502
238,2020-08-03,5220,5180,123859
239,2020-08-04,5180,5200,148020
240,2020-08-05,5200,5170,309933
241,2020-08-06,5190,5350,622530
242,2020-08-07,5350,5300,315754
243,2020-08-10,5280,5440,451212
244,2020-08-11,5460,5560,472170
245,2020-08-12,5560,5750,592018
246,2020-08-13,5750,6040,975688
247,2020-08-14,6060,5870,640178
248,2020-08-18,5610,5560,734679
249,2020-08-19,5570,5480,301170
250,2020-08-20,5420,5110,587721
251,2020-08-21,5120,5180,198224
252,2020-08-24,5200,5250,174925
253,2020-08-25,5230,5270,401155
254,2020-08-26,5270,5180,347639
255,2020-08-27,5150,5080,334122
256,2020-08-28,5090,5110,255312
257,2020-08-31,5110,5070,509083
258,2020-09-01,5070,5120,301924
259,2020-09-02,5140,5170,180782
260,2020-09-03,5190,5250,433702
261,2020-09-04,5120,5160,235694
262,2020-09-07,5200,5230,198322
263,2020-09-08,5300,5220,250999
264,2020-09-09,5150,5180,246127
265,2020-09-10,5200,5210,251119
266,2020-09-11,5160,5230,156047
267,2020-09-14,5230,5500,602903
268,2020-09-15,5530,5380,327843
269,2020-09-16,5380,5390,210299
270,2020-09-17,5390,5650,1170129
271,2020-09-18,5700,5600,600912
272,2020-09-21,5590,6020,1747707
273,2020-09-22,6000,5710,1209636
274,2020-09-23,5770,5590,586096
275,2020-09-24,5490,5350,459350
276,2020-09-25,5380,5260,366569
277,2020-09-28,5300,5310,265243
278,2020-09-29,5380,5350,293109
279,2020-10-05,5350,5510,304293
280,2020-10-06,5590,5480,222769
281,2020-10-07,5440,5570,228496
282,2020-10-08,5610,5580,252618
283,2020-10-12,5670,5590,199070
284,2020-10-13,5580,5510,194739
285,2020-10-14,5520,5410,324915
286,2020-10-15,5400,5400,187997
287,2020-10-16,5400,5340,235854
288,2020-10-19,5330,5370,213580
289,2020-10-20,5400,5360,141424
290,2020-10-21,5380,5490,220094
291,2020-10-22,5450,5460,213026
292,2020-10-23,5470,5500,199356
293,2020-10-26,5490,5410,260127
294,2020-10-27,5380,5370,191961
295,2020-10-28,5330,5400,142031
296,2020-10-29,5320,5270,378715
297,2020-10-30,5290,5230,202371
298,2020-11-02,5210,5260,120706
299,2020-11-03,5260,5320,111715
