,date,open,close,volume
0,2019-08-16,8240,8320,168629
1,2019-08-19,6600,7730,706428
2,2019-08-20,7580,7790,114255
3,2019-08-21,7700,8610,368193
4,2019-08-22,8610,9780,740894
5,2019-08-23,9710,9610,106663
6,2019-08-26,9380,9150,107472
7,2019-08-27,9210,9880,161769
8,2019-08-28,9890,10250,230498
9,2019-08-29,10250,10300,100245
10,2019-08-30,10500,10900,259328
11,2019-09-02,11100,11750,284975
12,2019-09-03,12000,10900,238051
13,2019-09-04,11100,10850,214753
14,2019-09-05,10950,11450,149650
15,2019-09-06,11350,11600,102621
16,2019-09-09,11600,11550,100569
17,2019-09-10,11800,11750,89292
18,2019-09-11,11600,12300,262508
19,2019-09-16,12450,12600,206515
20,2019-09-17,12450,12150,129080
21,2019-09-18,12050,12200,101941
22,2019-09-19,12350,12150,41577
23,2019-09-20,12000,12000,82006
24,2019-09-23,12250,12050,92300
25,2019-09-24,12050,11500,133051
26,2019-09-25,11300,11200,180082
27,2019-09-26,11200,11450,118291
28,2019-09-27,11600,11350,134071
29,2019-09-30,11450,11450,148497
30,2019-10-01,11500,11450,95473
31,2019-10-02,11500,11600,128072
32,2019-10-04,11600,11150,102358
33,2019-10-07,10900,10050,404758
34,2019-10-08,9950,10200,292517
35,2019-10-10,10500,10900,409207
36,2019-10-11,11050,10450,153734
37,2019-10-14,10550,10650,110428
38,2019-10-15,10600,10750,71756
39,2019-10-16,10650,10200,249034
40,2019-10-17,10300,10000,204696
41,2019-10-18,9910,10000,140370
42,2019-10-21,10000,10050,151493
43,2019-10-22,9960,9990,127169
44,2019-10-23,9990,9470,241978
45,2019-10-24,9310,9090,665027
46,2019-10-25,9080,8970,206939
47,2019-10-28,8850,9350,282965
48,2019-10-29,9450,10000,581578
49,2019-10-30,10200,11100,845816
50,2019-10-31,11250,11000,291979
51,2019-11-01,11050,11400,232028
52,2019-11-04,11700,11100,325913
53,2019-11-05,10950,10450,379994
54,2019-11-06,10650,11150,969993
55,2019-11-07,9510,8970,2199739
56,2019-11-08,8970,8980,1502086
57,2019-11-11,9370,9180,527238
58,2019-11-12,9170,8550,522816
59,2019-11-13,8550,7790,691506
60,2019-11-14,7790,8110,779141
61,2019-11-15,9900,8400,3207071
62,2019-11-18,8300,8020,397271
63,2019-11-19,8090,7760,284301
64,2019-11-20,7780,7580,175747
65,2019-11-21,7600,7350,144256
66,2019-11-22,7300,7340,103766
67,2019-11-25,7440,7500,106682
68,2019-11-26,7500,7770,121398
69,2019-11-27,8050,7800,584130
70,2019-11-28,7800,8310,382544
71,2019-11-29,8070,8160,155910
72,2019-12-02,8170,7970,82233
73,2019-12-03,8150,7920,67321
74,2019-12-04,7830,7880,47557
75,2019-12-05,7900,7650,82399
76,2019-12-06,7650,7650,69328
77,2019-12-09,7770,7540,72686
78,2019-12-10,7610,7700,84796
79,2019-12-11,7700,8010,142420
80,2019-12-12,7990,8080,95043
81,2019-12-13,8410,8190,162106
82,2019-12-16,8170,8020,89172
83,2019-12-17,8030,7950,65063
84,2019-12-18,7950,7830,76994
85,2019-12-19,7830,7820,72597
86,2019-12-20,7620,7750,49719
87,2019-12-23,7750,7630,129408
88,2019-12-24,7680,7600,57787
89,2019-12-26,7590,7500,136331
90,2019-12-27,7570,7410,89580
91,2019-12-30,7460,7520,58644
92,2020-01-02,7460,7540,70163
93,2020-01-03,7620,7490,61201
94,2020-01-06,7500,7310,74895
95,2020-01-07,7400,7310,60848
96,2020-01-08,7250,7060,159379
97,2020-01-09,7260,7310,92198
98,2020-01-10,7330,7500,76301
99,2020-01-13,7590,7500,73833
100,2020-01-14,7590,7520,53178
101,2020-01-15,7560,7490,47552
102,2020-01-16,7500,7560,45477
103,2020-01-17,7560,7440,46730
104,2020-01-20,7490,7360,66684
105,2020-01-21,7400,7370,33972
106,2020-01-22,7530,7690,137877
107,2020-01-23,7690,7800,74767
108,2020-01-28,7630,7540,130321
109,2020-01-29,7610,7400,76499
110,2020-01-30,7350,7270,61462
111,2020-01-31,7320,7270,68060
112,2020-02-03,7260,7490,112131
113,2020-02-04,7530,7850,95193
114,2020-02-05,7850,7680,51610
115,2020-02-06,7620,7680,32731
116,2020-02-07,7680,7600,20187
117,2020-02-10,7660,7450,198008
118,2020-02-11,7500,7500,95530
119,2020-02-12,7520,7560,178276
120,2020-02-13,7560,7360,204242
121,2020-02-14,7360,7720,155559
122,2020-02-17,7800,7820,114194
123,2020-02-18,7660,7560,102900
124,2020-02-19,7520,7600,83318
125,2020-02-20,7650,7650,94865
126,2020-02-21,7650,7680,64669
127,2020-02-24,7680,7570,106889
128,2020-02-25,7420,7700,105183
129,2020-02-26,7690,7690,52702
130,2020-02-27,7780,7480,84544
131,2020-02-28,7430,7280,81938
132,2020-03-02,7280,7310,47770
133,2020-03-03,7380,7380,57264
134,2020-03-04,7360,7660,77039
135,2020-03-05,7660,7670,61387
136,2020-03-06,7680,7550,27434
137,2020-03-09,7490,7300,75099
138,2020-03-10,7180,7310,75606
139,2020-03-11,7410,7250,46892
140,2020-03-12,7250,7060,125916
141,2020-03-13,6550,6910,167453
142,2020-03-16,6960,7010,73540
143,2020-03-17,6550,7300,58944
144,2020-03-18,7320,7000,69701
145,2020-03-19,6910,6190,175588
146,2020-03-20,6300,5900,200548
147,2020-03-23,5820,5370,96844
148,2020-03-24,5490,5530,80699
149,2020-03-25,5600,6080,161030
150,2020-03-26,6080,6500,154980
151,2020-03-27,6600,5900,290432
152,2020-03-30,5900,5780,112821
153,2020-03-31,5820,5890,100514
154,2020-04-01,5820,6200,215887
155,2020-04-02,6330,6800,259736
156,2020-04-03,7000,6620,151997
157,2020-04-06,6600,6620,124648
158,2020-04-07,6800,7050,282019
159,2020-04-08,7050,6750,127214
160,2020-04-09,6800,6780,106339
161,2020-04-10,6850,6670,75996
162,2020-04-13,6670,6600,73023
163,2020-04-14,6610,6700,88269
164,2020-04-16,6770,6810,59456
165,2020-04-17,6990,6880,111185
166,2020-04-20,6900,7110,296223
167,2020-04-21,7110,7040,237283
168,2020-04-22,7030,7070,67911
169,2020-04-23,7250,7220,183663
170,2020-04-24,7350,7160,129263
171,2020-04-27,7160,8290,2612713
172,2020-04-28,8160,8060,2754977
173,2020-04-29,7980,7810,292234
174,2020-05-04,7660,7540,365478
175,2020-05-06,7620,7860,177877
176,2020-05-07,7860,7870,218605
177,2020-05-08,7870,8040,110290
178,2020-05-11,8050,8060,163716
179,2020-05-12,8100,8470,506359
180,2020-05-13,8490,8330,241660
181,2020-05-14,8320,8440,231645
182,2020-05-15,8440,8600,329403
183,2020-05-18,8360,8030,492045
184,2020-05-19,8000,7650,341950
185,2020-05-20,7600,7750,97768
186,2020-05-21,7800,7700,112002
187,2020-05-22,7750,7590,226508
188,2020-05-25,7690,7590,110740
189,2020-05-26,7670,7550,100797
190,2020-05-27,7550,7460,146871
191,2020-05-28,7460,7190,222152
192,2020-05-29,7200,7050,109776
193,2020-06-01,7180,7380,106866
194,2020-06-02,7460,7340,42624
195,2020-06-03,7440,7690,6678597
196,2020-06-04,7710,7570,418445
197,2020-06-05,7570,7490,143263
198,2020-06-08,7560,7920,486537
199,2020-06-09,7920,7890,240434
200,2020-06-10,7860,7700,149357
201,2020-06-11,7700,7630,143785
202,2020-06-12,7370,7460,174148
203,2020-06-15,7470,7040,241099
204,2020-06-16,7120,7220,125415
205,2020-06-17,7070,7120,131527
206,2020-06-18,7150,7190,67016
207,2020-06-19,7280,7500,265642
208,2020-06-22,7500,7600,109591
209,2020-06-23,7570,7770,197603
210,2020-06-24,8070,8010,656604
211,2020-06-25,8000,7880,464147
212,2020-06-26,8030,8010,258061
213,2020-06-29,8050,8130,369934
214,2020-06-30,8260,8520,970890
215,2020-07-01,8520,8260,370933
216,2020-07-02,8220,9000,1544832
217,2020-07-03,9240,9140,1015240
218,2020-07-06,9190,9500,817563
219,2020-07-07,9560,9550,447214
220,2020-07-08,9550,9730,462763
221,2020-07-09,9800,9530,462617
222,2020-07-10,9480,9900,435774
223,2020-07-13,9900,9680,293168
224,2020-07-14,9670,9650,239447
225,2020-07-15,9810,9500,210644
226,2020-07-16,9470,8900,444278
227,2020-07-17,9010,9200,211348
228,2020-07-20,9210,9220,198371
229,2020-07-21,9290,9400,191592
230,2020-07-22,9320,9090,155262
231,2020-07-23,9100,8690,352694
232,2020-07-24,8690,9030,226003
233,2020-07-27,9010,9050,228547
234,2020-07-28,9160,9010,396154
235,2020-07-29,9040,8920,161842
236,2020-07-30,9000,8890,100523
237,2020-07-31,8860,8800,104407
238,2020-08-03,8890,9330,2629600
239,2020-08-04,9370,9400,719686
240,2020-08-05,9400,9990,655474
241,2020-08-06,10100,9610,453675
242,2020-08-07,9720,9840,844858
243,2020-08-10,9940,9730,260262
244,2020-08-11,9660,9360,605482
245,2020-08-12,9300,9340,160776
246,2020-08-13,9510,9560,217647
247,2020-08-14,9550,9400,166033
248,2020-08-18,9210,8760,257591
249,2020-08-19,8740,8840,140231
250,2020-08-20,8790,8300,289421
251,2020-08-21,8300,8200,131698
252,2020-08-24,8210,8330,96174
253,2020-08-25,8330,8510,105376
254,2020-08-26,8550,8400,119730
255,2020-08-27,8400,8560,129483
256,2020-08-28,8660,8860,174203
257,2020-08-31,8940,9000,193201
258,2020-09-01,9110,9000,141513
259,2020-09-02,9160,8970,123176
260,2020-09-03,9020,9060,160818
261,2020-09-04,8580,8900,132798
262,2020-09-07,9000,8960,101338
263,2020-09-08,9070,8880,183492
264,2020-09-09,8750,8820,130315
265,2020-09-10,8950,8750,132156
266,2020-09-11,8740,8840,101226
267,2020-09-14,8870,8850,81171
268,2020-09-15,8860,8930,115234
269,2020-09-16,8930,8930,125860
270,2020-09-17,8950,8860,138550
271,2020-09-18,8930,8890,57560
272,2020-09-21,8970,8740,112685
273,2020-09-22,8700,8400,137207
274,2020-09-23,8470,8620,126701
275,2020-09-24,8510,9320,844642
276,2020-09-25,9550,9160,1673943
277,2020-09-28,9060,8670,428687
278,2020-09-29,8660,8630,171724
279,2020-10-05,8600,8580,151183
280,2020-10-06,8580,8730,175805
281,2020-10-07,8700,8720,156527
282,2020-10-08,8840,8600,160713
283,2020-10-12,8600,8630,70976
284,2020-10-13,8640,8480,118058
285,2020-10-14,8440,8420,68235
286,2020-10-15,8360,8220,122250
287,2020-10-16,8220,8030,91591
288,2020-10-19,7860,7860,92579
289,2020-10-20,7800,7740,74195
290,2020-10-21,7740,7900,55299
291,2020-10-22,7900,7800,38819
292,2020-10-23,7760,7800,24855
293,2020-10-26,7710,7490,105703
294,2020-10-27,7280,7400,94884
295,2020-10-28,7460,7540,27189
296,2020-10-29,7400,7720,38279
297,2020-10-30,7770,7540,25273
298,2020-11-02,7700,7690,14155
299,2020-11-03,7690,7690,28505
