,date,open,close,volume
0,2019-08-16,106000,104500,13091
1,2019-08-19,105000,106500,19047
2,2019-08-20,108500,108000,18001
3,2019-08-21,107000,108500,18777
4,2019-08-22,110000,109000,18414
5,2019-08-23,107500,108000,18098
6,2019-08-26,105000,106000,14051
7,2019-08-27,107000,105000,18033
8,2019-08-28,106000,106500,20163
9,2019-08-29,107000,107500,17242
10,2019-08-30,108500,108000,23112
11,2019-09-02,109500,111000,28750
12,2019-09-03,111000,110000,16665
13,2019-09-04,111000,111000,13834
14,2019-09-05,110500,110500,17176
15,2019-09-06,110000,109500,11246
16,2019-09-09,110500,109000,17940
17,2019-09-10,109500,108500,15973
18,2019-09-11,109500,109500,26300
19,2019-09-16,112000,113000,32231
20,2019-09-17,114500,118500,70793
21,2019-09-18,120000,119000,31949
22,2019-09-19,119500,117500,30083
23,2019-09-20,117000,117500,18433
24,2019-09-23,118000,117000,14356
25,2019-09-24,116500,120000,26224
26,2019-09-25,119500,117500,22927
27,2019-09-26,118000,116000,23308
28,2019-09-27,115500,114000,16660
29,2019-09-30,114000,113500,12016
30,2019-10-01,113000,114500,21397
31,2019-10-02,114000,112500,13594
32,2019-10-04,112000,111000,15956
33,2019-10-07,111500,113500,26533
34,2019-10-08,114500,114500,27919
35,2019-10-10,113000,114000,28673
36,2019-10-11,115000,113500,31841
37,2019-10-14,114000,114500,13590
38,2019-10-15,114500,114000,13170
39,2019-10-16,115500,114500,19870
40,2019-10-17,115000,114000,19811
41,2019-10-18,115500,113000,16913
42,2019-10-21,113500,113500,8773
43,2019-10-22,113500,116500,39566
44,2019-10-23,116500,118500,66476
45,2019-10-24,118500,116000,25835
46,2019-10-25,116000,117000,32169
47,2019-10-28,118000,117500,12469
48,2019-10-29,118000,117000,15933
49,2019-10-30,116000,119000,25781
50,2019-10-31,121000,128500,190015
51,2019-11-01,128500,125500,51184
52,2019-11-04,125500,125500,40216
53,2019-11-05,125500,124500,21356
54,2019-11-06,124500,124000,22933
55,2019-11-07,123500,122500,26364
56,2019-11-08,123000,124000,17867
57,2019-11-11,123500,122500,19004
58,2019-11-12,123000,123000,28667
59,2019-11-13,122500,120500,29713
60,2019-11-14,120000,124500,37623
61,2019-11-15,124000,125500,28948
62,2019-11-18,125500,124500,19739
63,2019-11-19,124000,125500,22364
64,2019-11-20,125000,123500,16875
65,2019-11-21,124000,122500,29510
66,2019-11-22,123000,122500,15259
67,2019-11-25,123500,128000,45832
68,2019-11-26,128000,127000,25356
69,2019-11-27,128000,125500,17870
70,2019-11-28,126000,127500,30255
71,2019-11-29,127500,127000,27095
72,2019-12-02,127000,126500,16320
73,2019-12-03,126000,127000,14428
74,2019-12-04,125500,126000,12073
75,2019-12-05,126000,122500,23818
76,2019-12-06,122500,124000,9750
77,2019-12-09,124000,122000,20764
78,2019-12-10,121000,123500,15673
79,2019-12-11,124000,124000,10880
80,2019-12-12,124000,125000,25447
81,2019-12-13,125000,126000,17634
82,2019-12-16,125000,126000,17045
83,2019-12-17,125500,126000,17819
84,2019-12-18,125500,125000,14535
85,2019-12-19,124500,125500,11256
86,2019-12-20,126000,127000,17294
87,2019-12-23,126500,126000,25342
88,2019-12-24,126000,127500,24142
89,2019-12-26,127500,131000,83719
90,2019-12-27,130000,132000,24860
91,2019-12-30,131500,132500,13290
92,2020-01-02,132000,131000,15768
93,2020-01-03,132000,131500,32148
94,2020-01-06,129500,127500,20875
95,2020-01-07,128000,127500,28079
96,2020-01-08,126500,122500,58470
97,2020-01-09,124000,124500,30192
98,2020-01-10,124000,126000,35947
99,2020-01-13,126000,127500,22399
100,2020-01-14,128000,128000,29160
101,2020-01-15,127500,125500,45545
102,2020-01-16,125500,123500,30026
103,2020-01-17,123500,122500,51923
104,2020-01-20,122500,123000,25596
105,2020-01-21,124000,121500,25456
106,2020-01-22,123500,127000,53665
107,2020-01-23,128500,127000,43636
108,2020-01-28,132000,139000,271908
109,2020-01-29,136000,131500,99305
110,2020-01-30,132000,129000,65759
111,2020-01-31,129000,123500,60213
112,2020-02-03,124000,120500,58753
113,2020-02-04,120000,121000,42775
114,2020-02-05,121500,119500,56006
115,2020-02-06,120000,123500,48414
116,2020-02-07,123500,122500,27872
117,2020-02-10,121500,122000,22423
118,2020-02-11,123000,122500,22199
119,2020-02-12,120500,122000,49656
120,2020-02-13,121500,119000,81050
121,2020-02-14,119500,118500,40280
122,2020-02-17,118500,117500,32785
123,2020-02-18,117500,114500,53205
124,2020-02-19,115000,116000,41317
125,2020-02-20,116000,113500,32721
126,2020-02-21,113500,112000,24709
127,2020-02-24,113500,108000,53055
128,2020-02-25,108000,110000,31409
129,2020-02-26,109500,113000,67300
130,2020-02-27,113000,119000,74164
131,2020-02-28,118500,113500,64943
132,2020-03-02,113500,117000,45745
133,2020-03-03,119000,117000,36419
134,2020-03-04,117000,117000,27751
135,2020-03-05,117500,119000,43937
136,2020-03-06,119000,120500,60604
137,2020-03-09,122000,128000,228239
138,2020-03-10,126000,122000,123951
139,2020-03-11,123000,115500,103962
140,2020-03-12,114000,110000,99853
141,2020-03-13,104000,110000,204839
142,2020-03-16,117000,118000,164716
143,2020-03-17,118500,128000,202983
144,2020-03-18,129000,117500,165490
145,2020-03-19,120000,111000,118832
146,2020-03-20,113000,112500,124464
147,2020-03-23,104000,109500,108528
148,2020-03-24,113000,112000,85311
149,2020-03-25,115000,114000,111669
150,2020-03-26,116000,113000,117989
151,2020-03-27,116000,118500,233321
152,2020-03-30,121000,130000,230530
153,2020-03-31,135500,138000,296469
154,2020-04-01,144500,142500,332967
155,2020-04-02,150500,144000,230386
156,2020-04-03,142000,140500,147016
157,2020-04-06,147500,154000,706787
158,2020-04-07,156000,166000,1489111
159,2020-04-08,173500,158500,535276
160,2020-04-09,163500,157500,190633
161,2020-04-10,160000,158000,400373
162,2020-04-13,162000,159500,187016
163,2020-04-14,160000,154000,199506
164,2020-04-16,154000,153000,100500
165,2020-04-17,154000,148500,199818
166,2020-04-20,148500,148500,99033
167,2020-04-21,148500,144000,136109
168,2020-04-22,145500,149000,113362
169,2020-04-23,151000,150500,109418
170,2020-04-24,151000,151000,235536
171,2020-04-27,154000,151000,101505
172,2020-04-28,151500,148000,113636
173,2020-04-29,148000,148500,67816
174,2020-05-04,149000,143000,86594
175,2020-05-06,144000,143500,64845
176,2020-05-07,142000,144500,65035
177,2020-05-08,144500,148500,92821
178,2020-05-11,149500,149500,73750
179,2020-05-12,150500,150000,108887
180,2020-05-13,149000,149500,134249
181,2020-05-14,149500,150000,102546
182,2020-05-15,153500,151500,189955
183,2020-05-18,152500,158000,178766
184,2020-05-19,157500,150000,186180
185,2020-05-20,150000,149000,78848
186,2020-05-21,149000,153000,322872
187,2020-05-22,156000,149000,145303
188,2020-05-25,149000,146500,77624
189,2020-05-26,146500,147000,80144
190,2020-05-27,147000,146000,64781
191,2020-05-28,146000,142500,131085
192,2020-05-29,142000,141500,91391
193,2020-06-01,142000,143000,87824
194,2020-06-02,144000,143000,76879
195,2020-06-03,144500,142500,199831
196,2020-06-04,144000,144500,96427
197,2020-06-05,144500,149000,203805
198,2020-06-08,151000,147500,112151
199,2020-06-09,147500,153000,220592
200,2020-06-10,153000,153000,130301
201,2020-06-11,154000,154500,252736
202,2020-06-12,149000,153000,144693
203,2020-06-15,155000,148000,387818
204,2020-06-16,152500,155000,158629
205,2020-06-17,155000,154500,149296
206,2020-06-18,158500,160000,371500
207,2020-06-19,163500,155500,164055
208,2020-06-22,159500,159500,146497
209,2020-06-23,159500,156000,167173
210,2020-06-24,158500,155500,111203
211,2020-06-25,153500,154500,80639
212,2020-06-26,155500,152000,84276
213,2020-06-29,152000,150000,71517
214,2020-06-30,150500,148000,106386
215,2020-07-01,149500,150000,79323
216,2020-07-02,151000,152000,60278
217,2020-07-03,153500,151000,61043
218,2020-07-06,152500,152000,51979
219,2020-07-07,152500,151500,53848
220,2020-07-08,152000,150000,67515
221,2020-07-09,151000,151000,58221
222,2020-07-10,156500,169000,709550
223,2020-07-13,200000,195500,1553714
224,2020-07-14,197500,200000,883083
225,2020-07-15,200000,182000,479526
226,2020-07-16,181000,182000,256818
227,2020-07-17,186500,187000,199120
228,2020-07-20,191000,218500,2020473
229,2020-07-21,228000,210000,945444
230,2020-07-22,213500,233000,1022090
231,2020-07-23,229000,233500,824338
232,2020-07-24,228500,226000,387658
233,2020-07-27,231500,237500,698201
234,2020-07-28,240000,235500,305430
235,2020-07-29,235500,230000,998094
236,2020-07-30,233000,229500,228393
237,2020-07-31,229500,227000,205342
238,2020-08-03,232000,238500,532562
239,2020-08-04,241500,245500,319966
240,2020-08-05,253500,276500,1190258
241,2020-08-06,270500,273500,612699
242,2020-08-07,276500,277500,297708
243,2020-08-10,279500,291000,557323
244,2020-08-11,311500,301500,486683
245,2020-08-12,300000,295000,225981
246,2020-08-13,291500,286500,257875
247,2020-08-14,281000,299000,470456
248,2020-08-18,301500,281500,355437
249,2020-08-19,283000,301000,447985
250,2020-08-20,291500,283500,728878
251,2020-08-21,281000,272000,364127
252,2020-08-24,303000,279000,803654
253,2020-08-25,282500,276500,260265
254,2020-08-26,276500,274500,208524
255,2020-08-27,274500,267000,244314
256,2020-08-28,270500,264000,204125
257,2020-08-31,264500,265500,214026
258,2020-09-01,266500,264000,158793
259,2020-09-02,262000,257500,201960
260,2020-09-03,256500,256000,166555
261,2020-09-04,245500,248500,176352
262,2020-09-07,249000,251500,171076
263,2020-09-08,251500,287000,1477111
264,2020-09-09,275000,257500,737072
265,2020-09-10,262500,257000,201683
266,2020-09-11,253000,257500,333219
267,2020-09-14,257500,257500,128857
268,2020-09-15,261500,261000,107749
269,2020-09-16,266000,259500,115923
270,2020-09-17,260000,253000,107014
271,2020-09-18,253000,253500,130247
272,2020-09-21,260000,253500,136029
273,2020-09-22,250000,238000,183811
274,2020-09-23,240500,230500,204202
275,2020-09-24,221500,215000,223351
276,2020-09-25,218500,215500,139426
277,2020-09-28,217000,220500,71277
278,2020-09-29,224000,221500,74585
279,2020-10-05,222500,221500,56732
280,2020-10-06,222000,228000,132462
281,2020-10-07,225000,236000,146730
282,2020-10-08,239000,234000,101319
283,2020-10-12,234500,230500,65553
284,2020-10-13,230000,226000,92726
285,2020-10-14,225500,229000,122758
286,2020-10-15,228500,221500,98256
287,2020-10-16,223000,223500,77020
288,2020-10-19,227000,222500,65171
289,2020-10-20,218500,227000,698267
290,2020-10-21,226500,219500,148139
291,2020-10-22,230000,230000,889826
292,2020-10-23,233500,269000,2321642
293,2020-10-26,272500,268500,827089
294,2020-10-27,265000,256000,369537
295,2020-10-28,258000,270000,474301
296,2020-10-29,265500,291500,1020918
297,2020-10-30,300500,300000,1132208
298,2020-11-02,306500,301500,375865
299,2020-11-03,307500,378000,2824157
