,date,open,close,volume
0,2019-10-14,11900,12500,13152971
1,2019-10-14,11900,12500,13152971
2,2019-10-14,11900,12500,13152971
3,2019-10-14,11900,12500,13152971
4,2019-10-15,13050,12200,2976368
5,2019-10-15,13050,12200,2976368
6,2019-10-15,13050,12200,2976368
7,2019-10-15,13050,12200,2976368
8,2019-10-16,12350,11550,1745676
9,2019-10-16,12350,11550,1745676
10,2019-10-16,12350,11550,1745676
11,2019-10-16,12350,11550,1745676
12,2019-10-17,11350,11100,1180563
13,2019-10-18,11200,11750,7218711
14,2019-10-21,11750,11900,1368759
15,2019-10-22,12000,11500,1047912
16,2019-10-23,11500,11250,831592
17,2019-10-24,11400,11400,908561
18,2019-10-25,11200,11450,1927363
19,2019-10-28,11550,11450,531132
20,2019-10-29,11550,11400,565209
21,2019-10-30,11400,11200,366006
22,2019-10-31,11300,11200,407633
23,2019-11-01,11300,11050,293827
24,2019-11-04,11100,11050,312765
25,2019-11-05,11050,11150,277365
26,2019-11-06,11150,10750,328163
27,2019-11-07,10750,10250,428012
28,2019-11-08,10350,10250,180254
29,2019-11-11,10250,10000,173730
30,2019-11-12,10100,10200,370331
31,2019-11-13,10200,10000,174834
32,2019-11-14,10050,10000,212618
33,2019-11-15,10050,10400,444104
34,2019-11-18,10400,10400,136947
35,2019-11-19,10400,10200,147405
36,2019-11-20,10100,10000,161260
37,2019-11-21,10050,9880,205277
38,2019-11-22,9810,9810,111593
39,2019-11-25,9910,9950,127994
40,2019-11-26,10050,9950,98646
41,2019-11-27,10000,9980,163370
42,2019-11-28,10050,9950,112096
43,2019-11-29,9990,9700,129688
44,2019-12-02,9700,9740,100246
45,2019-12-03,9610,9580,120922
46,2019-12-04,9440,9300,168725
47,2019-12-05,9250,8930,217384
48,2019-12-06,8860,8950,73275
49,2019-12-09,9030,8990,61938
50,2019-12-10,9000,9070,38981
51,2019-12-11,9080,9260,101726
52,2019-12-12,9280,9180,64874
53,2019-12-13,9190,9220,68122
54,2019-12-16,9220,9220,66532
55,2019-12-17,9220,9540,256403
56,2019-12-18,9630,11050,8917471
57,2019-12-19,11100,10900,1391489
58,2019-12-20,11000,11050,1400009
59,2019-12-23,10900,10650,442958
60,2019-12-24,10700,10350,455810
61,2019-12-26,10300,10650,238823
62,2019-12-27,10650,10550,293422
63,2019-12-30,10550,10550,277906
64,2020-01-02,10600,10750,701659
65,2020-01-03,10850,10550,381458
66,2020-01-06,10350,10150,284254
67,2020-01-07,10250,10250,173742
68,2020-01-08,10100,9630,368514
69,2020-01-09,9900,10050,186303
70,2020-01-10,10150,9980,159341
71,2020-01-13,9990,10600,257984
72,2020-01-14,10600,10350,239299
73,2020-01-15,10350,10250,93802
74,2020-01-16,10350,10350,84613
75,2020-01-17,10450,10450,353230
76,2020-01-20,10600,10400,141777
77,2020-01-21,10450,10350,192469
78,2020-01-22,10300,10300,167014
79,2020-01-23,10350,10150,135651
80,2020-01-28,9910,9810,214132
81,2020-01-29,9900,9890,82664
82,2020-01-30,9860,9500,193239
83,2020-01-31,9800,9180,156788
84,2020-02-03,8900,9370,130144
85,2020-02-04,9530,9520,141183
86,2020-02-05,9580,9580,90898
87,2020-02-06,9620,9680,110586
88,2020-02-07,9680,9590,80837
89,2020-02-10,9600,9550,60312
90,2020-02-11,9500,9530,77539
91,2020-02-12,9530,9280,177717
92,2020-02-13,9240,9380,191582
93,2020-02-14,9400,9580,147728
94,2020-02-17,9620,9800,122916
95,2020-02-18,9840,9800,341535
96,2020-02-19,9800,9540,197741
97,2020-02-20,9670,9720,275032
98,2020-02-21,9880,10050,993501
99,2020-02-24,10350,9520,1090387
100,2020-02-25,9520,9480,226625
101,2020-02-26,9480,9320,197401
102,2020-02-27,9270,9120,175906
103,2020-02-28,9000,8780,203492
104,2020-03-02,8680,9010,194050
105,2020-03-03,9110,8940,158841
106,2020-03-04,8940,9170,128165
107,2020-03-05,9250,9170,122784
108,2020-03-06,9110,9110,142224
109,2020-03-09,8990,8700,170729
110,2020-03-10,8510,8500,133078
111,2020-03-11,8420,8180,206214
112,2020-03-12,8050,7350,278492
113,2020-03-13,6830,7880,951889
114,2020-03-16,7870,7200,290592
115,2020-03-17,6970,6970,252368
116,2020-03-18,7030,6490,169924
117,2020-03-19,6510,5200,373734
118,2020-03-20,5200,5660,185836
119,2020-03-23,5380,5400,163653
120,2020-03-24,5690,5840,108243
121,2020-03-25,6510,6290,190173
122,2020-03-26,6210,6310,192309
123,2020-03-27,7560,8200,1316939
124,2020-03-30,8390,8620,2332735
125,2020-03-31,8830,8380,867633
126,2020-04-01,8280,8240,700148
127,2020-04-02,8340,8240,251893
128,2020-04-03,8290,8200,176606
129,2020-04-06,8200,8390,314424
130,2020-04-07,8550,9360,3058639
131,2020-04-08,9530,9330,992870
132,2020-04-09,9430,9090,383760
133,2020-04-10,9140,8820,915745
134,2020-04-13,8810,8560,177598
135,2020-04-14,8670,8600,220909
136,2020-04-16,8700,9130,579009
137,2020-04-17,9290,9150,245362
138,2020-04-20,9200,9200,273664
139,2020-04-21,9200,9060,246541
140,2020-04-22,8800,9050,128509
141,2020-04-23,9000,9050,160252
142,2020-04-24,8960,9000,116076
143,2020-04-27,9060,9080,189714
144,2020-04-28,9160,8960,109674
145,2020-04-29,8960,8570,301377
146,2020-05-04,8490,8350,124944
147,2020-05-06,8450,8420,116693
148,2020-05-07,8440,8730,113283
149,2020-05-08,8770,8800,107096
150,2020-05-11,9000,9330,749491
151,2020-05-12,9370,9260,404096
152,2020-05-13,9250,12000,5178760
153,2020-05-14,13050,12200,6707578
154,2020-05-15,12150,11900,3661090
155,2020-05-18,11850,11900,1147721
156,2020-05-19,11800,10900,1038059
157,2020-05-20,11000,11150,509130
158,2020-05-21,11150,11700,4473114
159,2020-05-22,11650,11000,955254
160,2020-05-25,11000,10900,302732
161,2020-05-26,10850,11050,332095
162,2020-05-27,11000,10650,264626
163,2020-05-28,10700,10350,557609
164,2020-05-29,10150,10200,199127
165,2020-06-01,10250,10750,350091
166,2020-06-02,10750,10700,174060
167,2020-06-03,10850,11050,896056
168,2020-06-04,11150,11000,276895
169,2020-06-05,11000,10950,240366
170,2020-06-08,11000,10850,205940
171,2020-06-09,10950,11250,382022
172,2020-06-10,11150,11000,533327
173,2020-06-11,11050,13450,14886759
174,2020-06-12,12800,12500,3024454
175,2020-06-15,12600,11250,2206955
176,2020-06-16,11650,11700,1133644
177,2020-06-17,11600,11450,816678
178,2020-06-18,11500,11950,870047
179,2020-06-19,11900,11700,530764
180,2020-06-22,12050,11450,569565
181,2020-06-23,11600,11550,502606
182,2020-06-24,11500,11700,282635
183,2020-06-25,11500,11500,297878
184,2020-06-26,11550,11600,256502
185,2020-06-29,11650,11550,363722
186,2020-06-30,11700,11150,322903
187,2020-07-01,11200,10800,222773
188,2020-07-02,10750,11150,193139
189,2020-07-03,11150,11450,194752
190,2020-07-06,11500,11350,145647
191,2020-07-07,11200,11150,153722
192,2020-07-08,11200,11150,109819
193,2020-07-09,11200,11250,168879
194,2020-07-10,11350,11550,283032
195,2020-07-13,12100,11550,962998
196,2020-07-14,11600,11200,293031
197,2020-07-15,11200,11100,214635
198,2020-07-16,11100,11100,107761
199,2020-07-17,11100,11100,88964
200,2020-07-20,11100,11200,320451
201,2020-07-21,11450,11150,183694
202,2020-07-22,11200,11450,230337
203,2020-07-23,11400,11550,312373
204,2020-07-24,11550,11700,1154864
205,2020-07-27,11750,11550,293290
206,2020-07-28,11650,11450,243636
207,2020-07-29,11450,11500,177626
208,2020-07-30,11750,11500,272115
209,2020-07-31,11500,12300,922141
210,2020-08-03,12250,12300,998600
211,2020-08-04,12550,12250,694436
212,2020-08-05,12300,12650,906691
213,2020-08-06,12500,12100,436160
214,2020-08-07,12100,11950,386815
215,2020-08-10,12000,12200,279990
216,2020-08-11,12300,12250,1153646
217,2020-08-12,12150,11750,369047
218,2020-08-13,11850,11600,167877
219,2020-08-14,11650,11300,240109
220,2020-08-18,11250,10650,292677
221,2020-08-19,10650,10950,126410
222,2020-08-20,10750,10600,222556
223,2020-08-21,10600,10550,115326
224,2020-08-24,10800,10650,206081
225,2020-08-25,10700,10850,105021
226,2020-08-26,10750,11100,140669
227,2020-08-27,11200,10750,183413
228,2020-08-28,11100,10800,227406
229,2020-08-31,10900,11200,392124
230,2020-09-01,11400,11800,1972168
231,2020-09-02,11700,11450,303342
232,2020-09-03,11450,11600,156368
233,2020-09-04,11350,12650,1473009
234,2020-09-07,13000,16400,7081454
235,2020-09-08,17750,15900,11948534
236,2020-09-09,15150,14750,1346048
237,2020-09-10,14750,14800,1266634
238,2020-09-11,14550,15750,10940044
239,2020-09-14,15800,15450,854108
240,2020-09-15,16150,17100,14997557
241,2020-09-16,16750,16350,1960126
242,2020-09-17,16350,16750,2208095
243,2020-09-18,16400,16150,776116
244,2020-09-21,16350,16400,1462375
245,2020-09-22,16200,15100,981989
246,2020-09-23,15300,15400,761757
247,2020-09-24,14850,14000,786612
248,2020-09-25,14050,14200,468241
249,2020-09-28,14350,14200,554973
250,2020-09-29,14350,14250,296140
251,2020-10-05,14950,14650,1059005
252,2020-10-06,14700,15000,1473107
253,2020-10-07,14850,15200,354982
254,2020-10-08,15300,15050,360619
255,2020-10-12,15350,15500,346132
256,2020-10-13,15500,15150,298375
257,2020-10-14,15100,14750,271656
258,2020-10-15,14800,14350,226543
259,2020-10-16,14150,13900,289341
260,2020-10-19,14050,13950,218892
261,2020-10-20,14200,14000,557961
262,2020-10-21,14000,13650,150015
263,2020-10-22,13650,13050,424651
264,2020-10-23,13250,13450,396169
265,2020-10-26,13450,12650,273933
266,2020-10-27,12400,12400,183712
267,2020-10-28,12350,12800,110041
268,2020-10-29,12600,13000,188903
269,2020-10-30,13100,12600,134322
270,2020-11-02,12600,13150,105406
271,2020-11-03,13150,14150,1110062
