,date,open,close,volume
0,2019-08-16,3255,3525,10041845
1,2019-08-19,3535,3565,15112350
2,2019-08-20,3745,3575,9477699
3,2019-08-21,3545,3515,2934650
4,2019-08-22,3520,3340,2469128
5,2019-08-23,3320,3330,1430101
6,2019-08-26,3255,3285,2460521
7,2019-08-27,3320,3385,1987707
8,2019-08-28,3380,3390,1384323
9,2019-08-29,3380,3330,1012849
10,2019-08-30,3380,3400,1600112
11,2019-09-02,3400,3435,2135196
12,2019-09-03,3430,3380,1011218
13,2019-09-04,3365,3560,4653335
14,2019-09-05,3580,3490,1726225
15,2019-09-06,3565,3490,1924716
16,2019-09-09,3485,3430,1057964
17,2019-09-10,3475,3510,1667230
18,2019-09-11,3530,3540,1030395
19,2019-09-16,3530,3485,736516
20,2019-09-17,3475,3520,759272
21,2019-09-18,3535,3465,691049
22,2019-09-19,3515,3725,6721033
23,2019-09-20,3680,3620,2924388
24,2019-09-23,3625,3615,1797499
25,2019-09-24,3560,3560,1162779
26,2019-09-25,3540,3375,1342921
27,2019-09-26,3415,3345,864525
28,2019-09-27,3350,3365,575905
29,2019-09-30,3375,3310,569178
30,2019-10-01,3290,3360,425551
31,2019-10-02,3330,3295,371168
32,2019-10-04,3280,3285,355433
33,2019-10-07,3285,3185,807723
34,2019-10-08,3170,3315,570831
35,2019-10-10,3320,3285,340066
36,2019-10-11,3290,3280,235465
37,2019-10-14,3315,3360,439743
38,2019-10-15,3360,3380,316188
39,2019-10-16,3400,3370,478676
40,2019-10-17,3370,3375,485826
41,2019-10-18,3400,3390,450742
42,2019-10-21,3385,3310,316424
43,2019-10-22,3310,3400,770899
44,2019-10-23,3390,3350,378773
45,2019-10-24,3335,3275,437389
46,2019-10-25,3255,3295,433448
47,2019-10-28,3360,3440,1838551
48,2019-10-29,3475,3405,764363
49,2019-10-30,3450,3305,637617
50,2019-10-31,3320,3450,1560541
51,2019-11-01,3475,3440,1422895
52,2019-11-04,3470,3540,1183221
53,2019-11-05,3535,3515,675038
54,2019-11-06,3565,3525,920402
55,2019-11-07,3570,3760,6025763
56,2019-11-08,3730,3550,2582219
57,2019-11-11,3570,3560,1383195
58,2019-11-12,3575,3610,845747
59,2019-11-13,3615,3575,757688
60,2019-11-14,3620,3535,2615631
61,2019-11-15,3610,3600,1380679
62,2019-11-18,3625,3645,1143928
63,2019-11-19,3635,3525,865129
64,2019-11-20,3515,3470,963110
65,2019-11-21,3455,3360,714432
66,2019-11-22,3365,3305,694140
67,2019-11-25,3325,3340,417416
68,2019-11-26,3365,3350,407241
69,2019-11-27,3370,3285,811038
70,2019-11-28,3275,3235,636702
71,2019-11-29,3245,3205,495748
72,2019-12-02,3215,3175,393283
73,2019-12-03,3165,3120,474117
74,2019-12-04,3115,3125,332811
75,2019-12-05,3125,3035,526427
76,2019-12-06,3020,3130,449880
77,2019-12-09,3150,3150,284422
78,2019-12-10,3130,3155,205234
79,2019-12-11,3145,3155,362538
80,2019-12-12,3160,3170,309343
81,2019-12-13,3185,3190,365907
82,2019-12-16,3180,3205,240511
83,2019-12-17,3205,3185,289040
84,2019-12-18,3185,3220,366973
85,2019-12-19,3230,3190,272547
86,2019-12-20,3190,3195,251542
87,2019-12-23,3200,3115,399668
88,2019-12-24,3115,3105,206567
89,2019-12-26,3100,3100,325062
90,2019-12-27,3100,3140,295487
91,2019-12-30,3135,3165,243414
92,2020-01-02,3165,3180,273440
93,2020-01-03,3185,3150,339137
94,2020-01-06,3100,3040,672931
95,2020-01-07,3065,3070,269726
96,2020-01-08,3050,2905,958433
97,2020-01-09,2985,3015,371637
98,2020-01-10,3045,3135,618397
99,2020-01-13,3110,3160,317244
100,2020-01-14,3190,3150,307630
101,2020-01-15,3140,3195,389432
102,2020-01-16,3200,3190,343151
103,2020-01-17,3220,3180,260816
104,2020-01-20,3195,3165,261368
105,2020-01-21,3165,3120,197194
106,2020-01-22,3095,3120,180644
107,2020-01-23,3120,3105,240515
108,2020-01-28,3020,2970,744468
109,2020-01-29,3005,2985,281928
110,2020-01-30,2970,2935,369281
111,2020-01-31,2940,3020,676054
112,2020-02-03,2965,2995,753697
113,2020-02-04,2970,3055,401501
114,2020-02-05,3080,3110,737054
115,2020-02-06,3125,3110,336631
116,2020-02-07,3110,3080,316118
117,2020-02-10,3080,3115,432538
118,2020-02-11,3150,3220,4973966
119,2020-02-12,3225,3240,832130
120,2020-02-13,3255,3310,5419003
121,2020-02-14,3500,3320,7072576
122,2020-02-17,3340,3255,1693217
123,2020-02-18,3230,3155,788908
124,2020-02-19,3160,3275,1009732
125,2020-02-20,3260,3290,1302768
126,2020-02-21,3295,3430,4619234
127,2020-02-24,3580,3740,63229857
128,2020-02-25,3630,3380,8567134
129,2020-02-26,3450,3480,18804026
130,2020-02-27,3445,3550,7869527
131,2020-02-28,3595,3365,8072850
132,2020-03-02,3335,3455,4575018
133,2020-03-03,3535,3400,7342120
134,2020-03-04,3460,3655,6473531
135,2020-03-05,3695,3580,18197228
136,2020-03-06,3535,3610,4030967
137,2020-03-09,3580,3385,2867673
138,2020-03-10,3310,3340,2639244
139,2020-03-11,3330,3410,6480678
140,2020-03-12,3450,3120,4702475
141,2020-03-13,2885,2715,5085280
142,2020-03-16,2825,2600,2922296
143,2020-03-17,2400,2660,2696143
144,2020-03-18,2675,2510,3407736
145,2020-03-19,2610,2285,6028783
146,2020-03-20,2380,2425,3023106
147,2020-03-23,2290,2265,1997193
148,2020-03-24,2365,2420,2688649
149,2020-03-25,2505,2530,3504270
150,2020-03-26,2570,2550,3375248
151,2020-03-27,2655,2565,3620313
152,2020-03-30,2510,2785,7798872
153,2020-03-31,2995,2970,6599641
154,2020-04-01,3170,3200,28563897
155,2020-04-02,3305,3405,21030635
156,2020-04-03,3460,3415,12442566
157,2020-04-06,3480,3525,7243765
158,2020-04-07,3570,3470,4317630
159,2020-04-08,3515,3475,5543710
160,2020-04-09,3510,3700,9758317
161,2020-04-10,4035,3830,100794220
162,2020-04-13,3790,4075,41493513
163,2020-04-14,4035,3990,12119578
164,2020-04-16,4055,4250,17158906
165,2020-04-17,4185,4045,6260662
166,2020-04-20,4080,3940,4581372
167,2020-04-21,3995,3900,5153291
168,2020-04-22,3845,3920,3125977
169,2020-04-23,3975,4060,18672946
170,2020-04-24,4020,3985,4695159
171,2020-04-27,4040,4070,5049448
172,2020-04-28,4190,4250,17317128
173,2020-04-29,4430,4215,20613840
174,2020-05-04,4255,4255,4219689
175,2020-05-06,4320,4220,9698116
176,2020-05-07,4275,4170,6724937
177,2020-05-08,4210,4150,2829068
178,2020-05-11,4160,4345,10422167
179,2020-05-12,4525,4330,17714115
180,2020-05-13,4270,4255,3796268
181,2020-05-14,4255,4325,8192443
182,2020-05-15,4405,4175,4691624
183,2020-05-18,4200,4230,4246357
184,2020-05-19,4270,4025,5506025
185,2020-05-20,4040,4025,2418367
186,2020-05-21,4035,3960,2508105
187,2020-05-22,3950,3880,2468296
188,2020-05-25,3955,4050,6344770
189,2020-05-26,4070,4005,2270668
190,2020-05-27,4025,3965,1655951
191,2020-05-28,4000,3915,1826218
192,2020-05-29,3915,3885,1273786
193,2020-06-01,3890,3965,1977702
194,2020-06-02,3970,3955,1199331
195,2020-06-03,3995,3910,1385429
196,2020-06-04,3940,3870,990868
197,2020-06-05,3870,3960,11404420
198,2020-06-08,4000,4010,1588811
199,2020-06-09,4040,4025,3256911
200,2020-06-10,4030,4000,1970522
201,2020-06-11,4025,3920,1361317
202,2020-06-12,3700,3980,9732539
203,2020-06-15,3910,3660,3189008
204,2020-06-16,3740,3825,1664023
205,2020-06-17,3755,3805,1368069
206,2020-06-18,3820,3755,1090173
207,2020-06-19,3790,3780,1703088
208,2020-06-22,3820,3940,2935593
209,2020-06-23,3965,3860,2100257
210,2020-06-24,3900,3850,1153980
211,2020-06-25,3805,3750,1300002
212,2020-06-26,3765,3720,1179693
213,2020-06-29,3700,3605,955161
214,2020-06-30,3640,3625,603278
215,2020-07-01,3625,3625,733535
216,2020-07-02,3650,3645,645089
217,2020-07-03,3685,3750,934973
218,2020-07-06,3790,3800,2607442
219,2020-07-07,3835,3810,987227
220,2020-07-08,3815,3865,1519698
221,2020-07-09,3905,3930,2017371
222,2020-07-10,3970,3830,1646531
223,2020-07-13,3870,3950,1577629
224,2020-07-14,3970,3870,1315558
225,2020-07-15,3900,3880,1126582
226,2020-07-16,3910,3820,861367
227,2020-07-17,3825,3860,751446
228,2020-07-20,3885,3820,594794
229,2020-07-21,3835,3825,934094
230,2020-07-22,3820,3775,868382
231,2020-07-23,3795,3710,938948
232,2020-07-24,3705,3650,917251
233,2020-07-27,3655,3700,633652
234,2020-07-28,3800,3740,1246368
235,2020-07-29,3755,3695,497295
236,2020-07-30,3695,3695,505398
237,2020-07-31,3780,3810,2474927
238,2020-08-03,3845,3760,929565
239,2020-08-04,3770,3750,674581
240,2020-08-05,3730,3745,889136
241,2020-08-06,3785,3855,5159107
242,2020-08-07,3865,3970,4283543
243,2020-08-10,3985,3960,1769086
244,2020-08-11,3980,3910,1509108
245,2020-08-12,3910,3900,1388040
246,2020-08-13,3900,4025,3029098
247,2020-08-14,4035,3855,2309748
248,2020-08-18,3860,3750,1961823
249,2020-08-19,3720,3830,1040046
250,2020-08-20,3805,3820,1896333
251,2020-08-21,3820,3805,808407
252,2020-08-24,3850,4060,5918966
253,2020-08-25,4175,4145,12765600
254,2020-08-26,4175,4240,11008264
255,2020-08-27,4310,4185,4720908
256,2020-08-28,4280,4880,48809985
257,2020-08-31,5200,5180,69487047
258,2020-09-01,5490,5300,35064329
259,2020-09-02,5340,5390,26544876
260,2020-09-03,5550,5610,28993059
261,2020-09-04,5430,5820,41666653
262,2020-09-07,5890,5510,9841888
263,2020-09-08,5590,5350,8203480
264,2020-09-09,5250,5480,10145457
265,2020-09-10,5820,5350,11993674
266,2020-09-11,5360,5470,6953596
267,2020-09-14,5470,5190,4189899
268,2020-09-15,5190,5190,3489060
269,2020-09-16,5200,5230,6494606
270,2020-09-17,5230,5350,6621143
271,2020-09-18,5340,5190,2271987
272,2020-09-21,5180,4910,3325774
273,2020-09-22,4875,4695,2839372
274,2020-09-23,4720,4965,6713625
275,2020-09-24,4920,4675,2544911
276,2020-09-25,4680,4610,1656161
277,2020-09-28,4660,5010,4103511
278,2020-09-29,5180,4950,4529539
279,2020-10-05,4950,4950,1423046
280,2020-10-06,5050,5100,5950986
281,2020-10-07,5010,5030,1486390
282,2020-10-08,5090,5160,5109163
283,2020-10-12,5170,5070,1604983
284,2020-10-13,5150,5160,5674412
285,2020-10-14,5200,5380,6859947
286,2020-10-15,5320,5130,3766547
287,2020-10-16,5110,4880,2485266
288,2020-10-19,4890,4800,1231641
289,2020-10-20,4790,4805,1535496
290,2020-10-21,4825,4855,961638
291,2020-10-22,4905,4900,3059470
292,2020-10-23,4970,5010,2576632
293,2020-10-26,5010,4765,1484378
294,2020-10-27,4700,4880,2160265
295,2020-10-28,4890,5070,1731467
296,2020-10-29,5010,5070,5168391
297,2020-10-30,5180,4930,1905667
298,2020-11-02,5000,5010,1033590
299,2020-11-03,5060,4975,1293171
