,date,open,close,volume
0,2019-08-16,7820,7700,41651
1,2019-08-19,7800,7750,33214
2,2019-08-20,7870,7900,56023
3,2019-08-21,7900,8110,76581
4,2019-08-22,8180,8170,76935
5,2019-08-23,8160,8240,53379
6,2019-08-26,8180,8000,45070
7,2019-08-27,8080,8050,17077
8,2019-08-28,8050,8050,15125
9,2019-08-29,8080,8030,15039
10,2019-08-30,8040,8160,17225
11,2019-09-02,8240,8140,5701
12,2019-09-03,8100,8200,19037
13,2019-09-04,8250,8240,16584
14,2019-09-05,8330,8360,51274
15,2019-09-06,8390,8280,21051
16,2019-09-09,8280,8350,11136
17,2019-09-10,8350,8560,34448
18,2019-09-11,8570,8570,30854
19,2019-09-16,8600,8600,17838
20,2019-09-17,8580,8710,19245
21,2019-09-18,8710,8740,18613
22,2019-09-19,8760,8770,17450
23,2019-09-20,8830,8700,9150
24,2019-09-23,8590,8630,14657
25,2019-09-24,8630,8710,8428
26,2019-09-25,8760,8590,17047
27,2019-09-26,8590,8480,25213
28,2019-09-27,8500,8450,7572
29,2019-09-30,8370,8380,12810
30,2019-10-01,8350,8430,5930
31,2019-10-02,8500,8310,13401
32,2019-10-04,8310,8160,11414
33,2019-10-07,8250,8120,11303
34,2019-10-08,8210,8180,3299
35,2019-10-10,8200,8110,8844
36,2019-10-11,8240,8170,6820
37,2019-10-14,8230,8340,9076
38,2019-10-15,8340,8370,9795
39,2019-10-16,8410,8420,9614
40,2019-10-17,8470,8420,4959
41,2019-10-18,8420,8390,4081
42,2019-10-21,8390,8240,8426
43,2019-10-22,8210,8170,12824
44,2019-10-23,8280,8130,28021
45,2019-10-24,8140,8020,26073
46,2019-10-25,8100,8040,18504
47,2019-10-28,8120,8040,18959
48,2019-10-29,8070,7900,42349
49,2019-10-30,7910,7880,24570
50,2019-10-31,7950,7960,20248
51,2019-11-01,7960,7960,15946
52,2019-11-04,8000,8100,24046
53,2019-11-05,8100,8180,14071
54,2019-11-06,8180,8180,12387
55,2019-11-07,8180,8200,7689
56,2019-11-08,8210,8190,15461
57,2019-11-11,8210,8180,8183
58,2019-11-12,8180,8000,33676
59,2019-11-13,8080,8000,8931
60,2019-11-14,8020,8000,8560
61,2019-11-15,8030,8170,21876
62,2019-11-18,8220,8150,8944
63,2019-11-19,8150,8430,95967
64,2019-11-20,8400,8280,58836
65,2019-11-21,8450,8220,28563
66,2019-11-22,8230,8150,41916
67,2019-11-25,8150,8300,27409
68,2019-11-26,8220,8320,11994
69,2019-11-27,8310,8310,12320
70,2019-11-28,8310,8270,30976
71,2019-11-29,8270,8150,10883
72,2019-12-02,8140,8090,21643
73,2019-12-03,8080,7990,23154
74,2019-12-04,8030,7780,53883
75,2019-12-05,7900,7780,29219
76,2019-12-06,7830,7800,8602
77,2019-12-09,7810,7800,17785
78,2019-12-10,7760,7760,20824
79,2019-12-11,7850,7810,16275
80,2019-12-12,7820,7960,22859
81,2019-12-13,7970,8050,39349
82,2019-12-16,8030,8170,47305
83,2019-12-17,8280,8240,23676
84,2019-12-18,8240,8340,27309
85,2019-12-19,8340,8240,37207
86,2019-12-20,8200,8310,24234
87,2019-12-23,8310,8190,23750
88,2019-12-24,8240,8220,7722
89,2019-12-26,8220,8240,38451
90,2019-12-27,8180,8280,14945
91,2019-12-30,8330,8300,16775
92,2020-01-02,8340,8350,14713
93,2020-01-03,8400,8340,14510
94,2020-01-06,8250,8300,42806
95,2020-01-07,8270,8460,244004
96,2020-01-08,8600,8250,85560
97,2020-01-09,8310,8420,145258
98,2020-01-10,8500,8420,78738
99,2020-01-13,8480,8620,281152
100,2020-01-14,8620,8340,482607
101,2020-01-15,8390,8230,132920
102,2020-01-16,8260,8220,40098
103,2020-01-17,8250,8250,37556
104,2020-01-20,8280,8220,41409
105,2020-01-21,8230,8200,63858
106,2020-01-22,8230,8250,32072
107,2020-01-23,8220,8260,69392
108,2020-01-28,7850,8050,67237
109,2020-01-29,8150,8100,32030
110,2020-01-30,8150,8070,31992
111,2020-01-31,8060,7900,26937
112,2020-02-03,7840,7910,86175
113,2020-02-04,7960,8050,30095
114,2020-02-05,8080,8270,75590
115,2020-02-06,8310,8310,136495
116,2020-02-07,8390,8200,309033
117,2020-02-10,8230,8300,68287
118,2020-02-11,8350,8270,29163
119,2020-02-12,8270,8260,44385
120,2020-02-13,8270,8230,104561
121,2020-02-14,8240,8360,159750
122,2020-02-17,8360,8300,140480
123,2020-02-18,8280,8230,179657
124,2020-02-19,8210,8090,68018
125,2020-02-20,8200,7980,53281
126,2020-02-21,7960,7850,57293
127,2020-02-24,7570,7470,102850
128,2020-02-25,7360,7590,37552
129,2020-02-26,7420,7630,39865
130,2020-02-27,7680,7440,18608
131,2020-02-28,7700,7430,119674
132,2020-03-02,7330,7500,38271
133,2020-03-03,7700,7500,40855
134,2020-03-04,7440,7590,48548
135,2020-03-05,7700,7700,44814
136,2020-03-06,7590,7640,32108
137,2020-03-09,7600,7400,69382
138,2020-03-10,7100,7340,74759
139,2020-03-11,7360,6970,98296
140,2020-03-12,6850,6500,73262
141,2020-03-13,6000,5900,194055
142,2020-03-16,5900,5590,89538
143,2020-03-17,5100,5320,105070
144,2020-03-18,5340,4990,63281
145,2020-03-19,5000,4500,317854
146,2020-03-20,4525,5510,231508
147,2020-03-23,5200,5290,1002117
148,2020-03-24,5490,5500,62372
149,2020-03-25,5670,6040,285873
150,2020-03-26,6140,5950,105244
151,2020-03-27,6150,5960,58996
152,2020-03-30,5850,6010,104151
153,2020-03-31,6110,6200,100412
154,2020-04-01,6230,6190,164035
155,2020-04-02,6350,6890,403469
156,2020-04-03,6910,6770,101735
157,2020-04-06,6780,6900,117019
158,2020-04-07,7050,7120,284382
159,2020-04-08,7120,7080,76704
160,2020-04-09,7110,7290,161129
161,2020-04-10,7300,7240,94287
162,2020-04-13,7210,7110,82423
163,2020-04-14,7200,7240,69262
164,2020-04-16,7300,7310,76263
165,2020-04-17,7500,7730,179696
166,2020-04-20,7740,7650,1379164
167,2020-04-21,7650,7510,121835
168,2020-04-22,7500,7580,74385
169,2020-04-23,7730,7990,474019
170,2020-04-24,7900,8060,342827
171,2020-04-27,8080,8100,113207
172,2020-04-28,8130,8090,84089
173,2020-04-29,8190,8190,122110
174,2020-05-04,8030,8000,155819
175,2020-05-06,8190,8180,119350
176,2020-05-07,8230,10600,2682337
177,2020-05-08,11500,11700,11097423
178,2020-05-11,11950,12450,7464960
179,2020-05-12,12800,12850,742212
180,2020-05-13,12550,13050,588872
181,2020-05-14,13050,13550,806616
182,2020-05-15,13750,13700,6687562
183,2020-05-18,13300,14100,3122425
184,2020-05-19,13850,14400,1251881
185,2020-05-20,14200,14550,7185088
186,2020-05-21,14600,13850,1422097
187,2020-05-22,13700,13300,1148959
188,2020-05-25,13500,14450,2037099
189,2020-05-26,14600,14500,909083
190,2020-05-27,14400,14500,1004186
191,2020-05-28,15350,14350,9072833
192,2020-05-29,13900,13750,984965
193,2020-06-01,13800,13700,842256
194,2020-06-02,14000,13800,573038
195,2020-06-03,13850,13650,575977
196,2020-06-04,13650,12950,999742
197,2020-06-05,12950,13350,494240
198,2020-06-08,13450,13650,432155
199,2020-06-09,13700,14500,1075482
200,2020-06-10,14350,13950,774864
201,2020-06-11,14050,14000,1019591
202,2020-06-12,13200,13250,773724
203,2020-06-15,12950,11700,945256
204,2020-06-16,12100,12450,442710
205,2020-06-17,12150,12300,338637
206,2020-06-18,12150,12950,964793
207,2020-06-19,13100,13050,358372
208,2020-06-22,12900,13350,776904
209,2020-06-23,14300,13900,2466912
210,2020-06-24,14050,13900,688834
211,2020-06-25,13550,14050,609812
212,2020-06-26,14200,13450,483082
213,2020-06-29,13050,12650,419071
214,2020-06-30,12850,12550,328850
215,2020-07-01,12700,12600,195765
216,2020-07-02,12650,13000,198388
217,2020-07-03,13000,13050,193408
218,2020-07-06,13150,12950,199472
219,2020-07-07,12950,13850,932806
220,2020-07-08,13800,14000,484573
221,2020-07-09,14300,14650,2126149
222,2020-07-10,14450,14350,3692525
223,2020-07-13,14600,14750,954085
224,2020-07-14,14500,13950,723784
225,2020-07-15,14000,13900,429426
226,2020-07-16,13850,13750,417975
227,2020-07-17,13650,13800,266140
228,2020-07-20,13900,13500,300622
229,2020-07-21,13600,13900,671135
230,2020-07-22,13900,14600,1095897
231,2020-07-23,14500,14150,502356
232,2020-07-24,13850,13550,373807
233,2020-07-27,13600,14050,273596
234,2020-07-28,14100,14050,361371
235,2020-07-29,14100,14350,385104
236,2020-07-30,14400,15350,1598060
237,2020-07-31,15600,14550,10341411
238,2020-08-03,14800,16200,3496678
239,2020-08-04,16200,15700,1026831
240,2020-08-05,16000,15600,3344466
241,2020-08-06,15700,15200,567261
242,2020-08-07,15350,15100,436904
243,2020-08-10,15000,15700,580656
244,2020-08-11,16000,15700,490981
245,2020-08-12,15700,15200,415422
246,2020-08-13,15450,14950,318263
247,2020-08-14,14850,14400,442317
248,2020-08-18,14500,13400,809535
249,2020-08-19,13500,14050,419567
250,2020-08-20,13950,13050,555488
251,2020-08-21,13150,13200,410010
252,2020-08-24,13200,13250,273186
253,2020-08-25,13400,13650,249093
254,2020-08-26,13550,13450,241361
255,2020-08-27,13600,13250,254823
256,2020-08-28,13350,13250,259218
257,2020-08-31,13400,13550,297296
258,2020-09-01,13600,14100,580655
259,2020-09-02,14200,14250,275989
260,2020-09-03,14500,14050,297431
261,2020-09-04,13300,13850,389636
262,2020-09-07,14050,14850,1238645
263,2020-09-08,15350,15250,11499335
264,2020-09-09,14750,15650,1290783
265,2020-09-10,15600,15000,904336
266,2020-09-11,14950,15350,1699853
267,2020-09-14,15400,15150,550395
268,2020-09-15,15050,14650,450396
269,2020-09-16,14600,14400,476161
270,2020-09-17,14500,14200,371532
271,2020-09-18,14250,14300,241964
272,2020-09-21,14150,13650,318141
273,2020-09-22,13550,13100,350904
274,2020-09-23,13200,13400,294895
275,2020-09-24,13100,12550,389654
276,2020-09-25,12700,12750,167198
277,2020-09-28,12850,13050,187420
278,2020-09-29,13250,13200,124503
279,2020-10-05,13100,13600,144364
280,2020-10-06,13800,13600,138425
281,2020-10-07,13450,13550,93956
282,2020-10-08,13800,13500,154843
283,2020-10-12,13550,13300,139062
284,2020-10-13,13350,13350,126680
285,2020-10-14,13350,13000,160909
286,2020-10-15,12850,12550,288273
287,2020-10-16,12500,12350,233188
288,2020-10-19,12350,12250,112249
289,2020-10-20,12050,12000,224833
290,2020-10-21,12100,12350,96995
291,2020-10-22,12250,12000,93682
292,2020-10-23,12100,11950,94056
293,2020-10-26,11950,11000,623304
294,2020-10-27,10800,11000,271018
295,2020-10-28,11050,11400,173537
296,2020-10-29,11150,11500,161391
297,2020-10-30,11450,10800,241932
298,2020-11-02,10800,11450,221930
299,2020-11-03,11450,11750,179655
