,date,open,close,volume
0,2019-08-16,5730,5570,846
1,2019-08-19,5570,5550,1997
2,2019-08-20,5640,5550,4032
3,2019-08-21,5680,5610,951
4,2019-08-22,5730,5600,6894
5,2019-08-23,5660,5500,1418
6,2019-08-26,5500,5330,3237
7,2019-08-27,5330,5440,5696
8,2019-08-28,5440,5500,4592
9,2019-08-29,5500,5380,7000
10,2019-08-30,5440,5500,6245
11,2019-09-02,5600,5530,7292
12,2019-09-03,5490,5480,12478
13,2019-09-04,5450,5450,14281
14,2019-09-05,5580,5500,14198
15,2019-09-06,5500,5460,69070
16,2019-09-09,5460,5470,5921
17,2019-09-10,5420,5450,7216
18,2019-09-11,5500,5460,23551
19,2019-09-16,5510,5450,16372
20,2019-09-17,5440,5460,4332
21,2019-09-18,5460,5430,9620
22,2019-09-19,5480,5480,9860
23,2019-09-20,5450,5490,7232
24,2019-09-23,5460,6060,133995
25,2019-09-24,6060,5980,74670
26,2019-09-25,5980,5880,36643
27,2019-09-26,5720,5740,22667
28,2019-09-27,5710,5850,22771
29,2019-09-30,5820,5940,21972
30,2019-10-01,6240,6120,94421
31,2019-10-02,6100,6000,16599
32,2019-10-04,6060,5820,12242
33,2019-10-07,5880,5830,19254
34,2019-10-08,5750,5790,20527
35,2019-10-10,5790,5780,3119
36,2019-10-11,5800,5890,46488
37,2019-10-14,5900,6080,33155
38,2019-10-15,6280,6090,33330
39,2019-10-16,6090,5950,13926
40,2019-10-17,6000,5820,15890
41,2019-10-18,5820,5850,8215
42,2019-10-21,6000,5800,10301
43,2019-10-22,5760,5780,15770
44,2019-10-23,5850,5690,14243
45,2019-10-24,5700,5610,7060
46,2019-10-25,5690,5640,4423
47,2019-10-28,5640,5630,2007
48,2019-10-29,5660,5650,6759
49,2019-10-30,5690,5620,7416
50,2019-10-31,5570,5570,4986
51,2019-11-01,5550,5580,1844
52,2019-11-04,5580,5600,3199
53,2019-11-05,5600,5590,3928
54,2019-11-06,5590,5590,14217
55,2019-11-07,5560,5590,24370
56,2019-11-08,5680,5610,15586
57,2019-11-11,5630,5630,25322
58,2019-11-12,5580,5640,14197
59,2019-11-13,5680,5770,68422
60,2019-11-14,5920,5900,15429
61,2019-11-15,5960,5850,11567
62,2019-11-18,5850,5860,9185
63,2019-11-19,5900,5840,8174
64,2019-11-20,5970,5880,10053
65,2019-11-21,5930,5850,52496
66,2019-11-22,5950,5720,31079
67,2019-11-25,5800,5900,2975
68,2019-11-26,5780,5880,3215
69,2019-11-27,5720,5890,7262
70,2019-11-28,5890,5900,6403
71,2019-11-29,5930,5910,15487
72,2019-12-02,5940,5910,4802
73,2019-12-03,5920,5910,3389
74,2019-12-04,5750,5900,1817
75,2019-12-05,5920,5860,6151
76,2019-12-06,5860,5840,5093
77,2019-12-09,5750,5810,9130
78,2019-12-10,5900,5810,8018
79,2019-12-11,6050,5920,14597
80,2019-12-12,6020,6010,31729
81,2019-12-13,5950,5960,22135
82,2019-12-16,5970,6020,36986
83,2019-12-17,6150,6040,30970
84,2019-12-18,6120,6080,20267
85,2019-12-19,6080,5990,19666
86,2019-12-20,5990,5920,12079
87,2019-12-23,5940,6000,13408
88,2019-12-24,5910,6020,11893
89,2019-12-26,5970,5990,3958
90,2019-12-27,5940,5910,7356
91,2019-12-30,5940,5990,6531
92,2020-01-02,5990,5930,5932
93,2020-01-03,5950,5940,12539
94,2020-01-06,5880,5990,12563
95,2020-01-07,5990,6050,12817
96,2020-01-08,6110,5810,14403
97,2020-01-09,5820,5920,4131
98,2020-01-10,5920,6040,2875
99,2020-01-13,6090,5890,7004
100,2020-01-14,5890,5910,6928
101,2020-01-15,5910,5950,2405
102,2020-01-16,6000,6220,25049
103,2020-01-17,6230,6270,9687
104,2020-01-20,6280,6300,58737
105,2020-01-21,6300,6310,147367
106,2020-01-22,6390,6300,91055
107,2020-01-23,6370,6290,80010
108,2020-01-28,6250,6130,20301
109,2020-01-29,6280,5980,42660
110,2020-01-30,6050,5980,3592
111,2020-01-31,6050,6100,6232
112,2020-02-03,6010,6030,11998
113,2020-02-04,6070,6080,5470
114,2020-02-05,6130,6180,2458
115,2020-02-06,6190,6210,14037
116,2020-02-07,6260,6150,6921
117,2020-02-10,6190,6730,145836
118,2020-02-11,6730,6660,22261
119,2020-02-12,6570,6560,10142
120,2020-02-13,6560,6680,13867
121,2020-02-14,6670,6540,6475
122,2020-02-17,6540,6650,9465
123,2020-02-18,6540,6640,6519
124,2020-02-19,6540,6550,3996
125,2020-02-20,6550,6580,13047
126,2020-02-21,6510,6500,21071
127,2020-02-24,6460,6540,13460
128,2020-02-25,6570,6540,1116
129,2020-02-26,6590,6380,4725
130,2020-02-27,6360,6380,5704
131,2020-02-28,6390,6170,12165
132,2020-03-02,5910,6070,10393
133,2020-03-03,6050,6090,1514
134,2020-03-04,6090,6190,1757
135,2020-03-05,6230,6440,10968
136,2020-03-06,6350,6360,1321
137,2020-03-09,6230,6230,8121
138,2020-03-10,5830,6090,7515
139,2020-03-11,6090,6100,6149
140,2020-03-12,6240,5850,10584
141,2020-03-13,5300,5220,32815
142,2020-03-16,4980,5240,17956
143,2020-03-17,5000,5100,16998
144,2020-03-18,5140,5040,5514
145,2020-03-19,4955,4780,6746
146,2020-03-20,4460,4450,12447
147,2020-03-23,4450,4160,9464
148,2020-03-24,4255,4185,17396
149,2020-03-25,4180,4425,10335
150,2020-03-26,4425,4700,10372
151,2020-03-27,4850,4970,16093
152,2020-03-30,4565,5380,5094
153,2020-03-31,5280,5120,7722
154,2020-04-01,5060,5080,9997
155,2020-04-02,5080,5140,531
156,2020-04-03,5160,5140,667
157,2020-04-06,5140,5100,10380
158,2020-04-07,5110,5130,7320
159,2020-04-08,5130,5080,3116
160,2020-04-09,5070,5090,1808
161,2020-04-10,5240,5200,9262
162,2020-04-13,5230,5220,13620
163,2020-04-14,5200,5200,6716
164,2020-04-16,4965,5120,10253
165,2020-04-17,5170,5180,4507
166,2020-04-20,5200,5280,5935
167,2020-04-21,5370,5300,5924
168,2020-04-22,5050,5190,4564
169,2020-04-23,5130,5300,1528
170,2020-04-24,5300,5160,11626
171,2020-04-27,5210,5250,8643
172,2020-04-28,5250,5260,8711
173,2020-04-29,5270,5230,9938
174,2020-05-04,5160,5220,3709
175,2020-05-06,5010,5270,6311
176,2020-05-07,5200,5270,7008
177,2020-05-08,5200,5270,6112
178,2020-05-11,5270,5280,5461
179,2020-05-12,5300,5260,1686
180,2020-05-13,5130,5270,14459
181,2020-05-14,5200,5200,9497
182,2020-05-15,5280,5250,8913
183,2020-05-18,5190,5210,1563
184,2020-05-19,5170,5180,2635
185,2020-05-20,5180,5190,1919
186,2020-05-21,5250,5200,783
187,2020-05-22,5200,5190,406206
188,2020-05-25,5290,5240,3580
189,2020-05-26,5260,5200,19430
190,2020-05-27,5260,5160,12103
191,2020-05-28,5090,5050,15160
192,2020-05-29,5010,4995,98601
193,2020-06-01,4995,4910,85018
194,2020-06-02,4920,4900,68754
195,2020-06-03,4900,4920,48473
196,2020-06-04,4925,4900,55857
197,2020-06-05,4925,4915,23272
198,2020-06-08,4920,4920,26792
199,2020-06-09,4925,4965,25382
200,2020-06-10,4965,4950,30945
201,2020-06-11,4910,4960,30028
202,2020-06-12,4840,4910,32410
203,2020-06-15,4910,4890,17662
204,2020-06-16,4890,4880,21674
205,2020-06-17,4890,4835,21023
206,2020-06-18,4835,4770,12472
207,2020-06-19,4880,4735,22304
208,2020-06-22,4735,4730,9684
209,2020-06-23,4750,4615,56980
210,2020-06-24,4790,4610,25002
211,2020-06-25,4590,4630,1360
212,2020-06-26,4800,4615,3086
213,2020-06-29,4615,4615,33692
214,2020-06-30,4605,4620,17003
215,2020-07-01,4630,4625,6216
216,2020-07-02,4620,4630,1740
217,2020-07-03,4630,4645,3992
218,2020-07-06,4700,4660,7238
219,2020-07-07,4660,4640,12516
220,2020-07-08,4650,4750,93706
221,2020-07-09,4710,4800,85601
222,2020-07-10,4820,4685,5378
223,2020-07-13,4695,4800,2687
224,2020-07-14,4730,4705,742
225,2020-07-15,4700,4770,4906
226,2020-07-16,4795,4780,11331
227,2020-07-17,4780,4725,5366
228,2020-07-20,4800,4725,9120
229,2020-07-21,4725,4720,6155
230,2020-07-22,4745,4820,99063
231,2020-07-23,4820,4810,1789
232,2020-07-24,4810,4900,105874
233,2020-07-27,4850,4895,2125
234,2020-07-28,4900,4900,3774
235,2020-07-29,4900,4900,7383
236,2020-07-30,4900,5030,2949
237,2020-07-31,5030,5410,329750
238,2020-08-03,5320,5250,45496
239,2020-08-04,5170,5190,9540
240,2020-08-05,5180,5230,12819
241,2020-08-06,5180,5580,66437
242,2020-08-07,5580,5600,34617
243,2020-08-10,5520,5600,12680
244,2020-08-11,5710,5610,6908
245,2020-08-12,5520,5660,3303
246,2020-08-13,5660,5780,77961
247,2020-08-14,5780,5810,6939
248,2020-08-18,5720,5750,34002
249,2020-08-19,5800,5850,4773
250,2020-08-20,5930,5810,12594
251,2020-08-21,5820,5620,4541
252,2020-08-24,5540,5660,2736
253,2020-08-25,5620,5840,5875
254,2020-08-26,5970,5840,2057
255,2020-08-27,5840,5820,2192
256,2020-08-28,5810,5820,4644
257,2020-08-31,5810,6050,35734
258,2020-09-01,6160,6280,60089
259,2020-09-02,6280,6360,4709
260,2020-09-03,6380,6450,26173
261,2020-09-04,6040,6190,36896
262,2020-09-07,6190,6300,24499
263,2020-09-08,6280,6310,29634
264,2020-09-09,6210,6340,962
265,2020-09-10,6340,6410,4592
266,2020-09-11,6410,6490,6501
267,2020-09-14,6460,6490,7717
268,2020-09-15,6390,6530,29553
269,2020-09-16,6600,6970,62392
270,2020-09-17,6980,6990,19072
271,2020-09-18,6990,7650,71509
272,2020-09-21,7660,8120,84520
273,2020-09-22,8120,7360,36586
274,2020-09-23,7260,7290,21485
275,2020-09-24,7270,7210,8573
276,2020-09-25,7210,7250,21663
277,2020-09-28,7260,7350,3037
278,2020-09-29,7560,7570,3884
279,2020-10-05,7600,8020,37761
280,2020-10-06,8190,8070,6745
281,2020-10-07,8050,8100,8496
282,2020-10-08,8020,8120,51114
283,2020-10-12,8120,8230,7208
284,2020-10-13,8230,8220,4842
285,2020-10-14,8210,8120,4416
286,2020-10-15,8200,7950,44795
287,2020-10-16,7950,8130,9730
288,2020-10-19,8340,8150,10364
289,2020-10-20,8200,8120,64794
290,2020-10-21,8120,8010,61769
291,2020-10-22,8060,8150,16979
292,2020-10-23,8300,8210,7943
293,2020-10-26,8340,8920,51315
294,2020-10-27,9390,9190,31448
295,2020-10-28,9030,9570,33275
296,2020-10-29,9340,8900,25672
297,2020-10-30,8900,8900,14633
298,2020-11-02,8850,8810,4108
299,2020-11-03,9000,8970,2672
