,date,open,close,volume
0,2019-08-16,36150,36250,10180
1,2019-08-19,36600,36650,5397
2,2019-08-20,36650,38950,15891
3,2019-08-21,38850,38900,6178
4,2019-08-22,39100,39000,7992
5,2019-08-23,38900,38300,5858
6,2019-08-26,37000,35450,23772
7,2019-08-27,36400,36950,23555
8,2019-08-28,36950,37300,10193
9,2019-08-29,37350,37850,7709
10,2019-08-30,38750,37850,6998
11,2019-09-02,37800,37600,13490
12,2019-09-03,38700,38950,19441
13,2019-09-04,39000,40200,16036
14,2019-09-05,40900,40850,17184
15,2019-09-06,41600,41000,8800
16,2019-09-09,41600,41250,9716
17,2019-09-10,41300,41200,7378
18,2019-09-11,41200,41500,4887
19,2019-09-16,41700,42000,8610
20,2019-09-17,41650,42150,5054
21,2019-09-18,42500,41700,7235
22,2019-09-19,42000,42400,6386
23,2019-09-20,42450,42350,4032
24,2019-09-23,42350,41900,5064
25,2019-09-24,41900,41800,2763
26,2019-09-25,41700,40800,13200
27,2019-09-26,40800,40700,4888
28,2019-09-27,40700,40550,3969
29,2019-09-30,40200,40000,6413
30,2019-10-01,40350,40100,3582
31,2019-10-02,40000,39650,1658
32,2019-10-04,39900,38850,10175
33,2019-10-07,38850,38400,4146
34,2019-10-08,38300,39100,15784
35,2019-10-10,39100,38000,6428
36,2019-10-11,38050,38000,3770
37,2019-10-14,38600,38800,5402
38,2019-10-15,39400,39700,5521
39,2019-10-16,39550,41350,24963
40,2019-10-17,41700,40500,12836
41,2019-10-18,40500,43250,70311
42,2019-10-21,43400,43900,37315
43,2019-10-22,45700,45000,266153
44,2019-10-23,45700,48050,85626
45,2019-10-24,48100,47750,35517
46,2019-10-25,47800,49800,55991
47,2019-10-28,49800,52700,48838
48,2019-10-29,53100,52500,48545
49,2019-10-30,52500,51700,29312
50,2019-10-31,51200,49300,53070
51,2019-11-01,48800,50100,21571
52,2019-11-04,50000,51200,27044
53,2019-11-05,51200,50300,36991
54,2019-11-06,26400,24950,64560
55,2019-11-07,24800,24100,28514
56,2019-11-08,24600,24900,17068
57,2019-11-11,24550,23900,22113
58,2019-11-12,23800,25000,20160
59,2019-11-13,25500,24400,7363
60,2019-11-14,24900,24450,10859
61,2019-11-15,24400,23000,48686
62,2019-11-18,23250,23450,11739
63,2019-11-19,24500,23400,10951
64,2019-11-20,23450,23400,6969
65,2019-11-21,23000,22450,10031
66,2019-11-22,21800,21800,22005
67,2019-11-25,22050,22250,7707
68,2019-11-26,21850,22100,55210
69,2019-11-27,22100,21450,31313
70,2019-11-28,21100,20050,78296
71,2019-11-29,20100,21100,251010
72,2019-12-02,21200,20500,40843
73,2019-12-03,20100,20050,19391
74,2019-12-04,20050,19600,29900
75,2019-12-05,19750,19250,22668
76,2019-12-06,19400,19750,15570
77,2019-12-09,19950,19800,17366
78,2019-12-10,19950,19950,12094
79,2019-12-11,20300,20200,13083
80,2019-12-12,20850,20600,10427
81,2019-12-13,20650,20800,21577
82,2019-12-16,21200,20950,11129
83,2019-12-17,21000,20550,14070
84,2019-12-18,20550,20450,9604
85,2019-12-19,20900,21200,103148
86,2019-12-20,21250,20700,16617
87,2019-12-23,21100,20250,26712
88,2019-12-24,20250,20050,16319
89,2019-12-26,20000,20200,18732
90,2019-12-27,20500,20950,50014
91,2019-12-30,21200,22450,93891
92,2020-01-02,22400,22600,58571
93,2020-01-03,23000,22650,58073
94,2020-01-06,22000,22250,37407
95,2020-01-07,22300,23300,69863
96,2020-01-08,23000,22700,75103
97,2020-01-09,23400,23700,36153
98,2020-01-10,23700,24800,75108
99,2020-01-13,24900,25100,45721
100,2020-01-14,25450,24550,72424
101,2020-01-15,24600,24600,16528
102,2020-01-16,24600,25050,31172
103,2020-01-17,25000,25050,26203
104,2020-01-20,25500,25450,55724
105,2020-01-21,25600,24800,34568
106,2020-01-22,24950,25400,28919
107,2020-01-23,25500,25350,29149
108,2020-01-28,24000,24200,61223
109,2020-01-29,24600,25150,56042
110,2020-01-30,25100,25500,413662
111,2020-01-31,26100,23600,98663
112,2020-02-03,22700,24900,80991
113,2020-02-04,25750,26700,151022
114,2020-02-05,27950,27600,205821
115,2020-02-06,27000,27950,88565
116,2020-02-07,28200,28950,171272
117,2020-02-10,29200,29650,162148
118,2020-02-11,29750,29800,172062
119,2020-02-12,29850,30000,107867
120,2020-02-13,30000,29300,106294
121,2020-02-14,29650,30550,131367
122,2020-02-17,30700,32150,158623
123,2020-02-18,32500,32150,91058
124,2020-02-19,32500,31800,92717
125,2020-02-20,31800,31750,75843
126,2020-02-21,31150,30350,79921
127,2020-02-24,29000,30450,121300
128,2020-02-25,30000,30400,120072
129,2020-02-26,29350,29950,70755
130,2020-02-27,29850,28500,96377
131,2020-02-28,27450,26500,127467
132,2020-03-02,27400,28300,82738
133,2020-03-03,29600,28200,75069
134,2020-03-04,28100,29300,58343
135,2020-03-05,29450,29800,56931
136,2020-03-06,29550,28950,69470
137,2020-03-09,28050,27000,84586
138,2020-03-10,26050,27350,98987
139,2020-03-11,27500,26300,67062
140,2020-03-12,26000,24200,114969
141,2020-03-13,21500,23000,146235
142,2020-03-16,23900,21500,112877
143,2020-03-17,19500,21350,113840
144,2020-03-18,22000,19850,71962
145,2020-03-19,20050,15800,124692
146,2020-03-20,16850,17550,101459
147,2020-03-23,16000,16500,57579
148,2020-03-24,17300,18000,81074
149,2020-03-25,19050,20050,120554
150,2020-03-26,21300,20200,91490
151,2020-03-27,21000,20200,74874
152,2020-03-30,19450,20600,44734
153,2020-03-31,21200,20950,56028
154,2020-04-01,21500,20500,67555
155,2020-04-02,20500,21200,35438
156,2020-04-03,22500,21550,54541
157,2020-04-06,21500,22200,56524
158,2020-04-07,22850,22400,70546
159,2020-04-08,22500,23050,85520
160,2020-04-09,23550,23050,45776
161,2020-04-10,23450,22950,46465
162,2020-04-13,22500,21800,37573
163,2020-04-14,22400,22400,28817
164,2020-04-16,22400,23850,75175
165,2020-04-17,24850,24950,112007
166,2020-04-20,25900,24750,59886
167,2020-04-21,24700,24300,71960
168,2020-04-22,23450,23900,47596
169,2020-04-23,24400,23950,30187
170,2020-04-24,23850,23300,31472
171,2020-04-27,23200,23550,21515
172,2020-04-28,24300,23500,25276
173,2020-04-29,23800,23750,29433
174,2020-05-04,23200,23000,37332
175,2020-05-06,23300,23100,25301
176,2020-05-07,23150,23500,39562
177,2020-05-08,23500,23800,164369
178,2020-05-11,23950,23750,49389
179,2020-05-12,23700,23000,49868
180,2020-05-13,22350,23600,120623
181,2020-05-14,23500,22750,60987
182,2020-05-15,23000,22300,54659
183,2020-05-18,22000,22350,88817
184,2020-05-19,22700,24150,163887
185,2020-05-20,24100,24600,144299
186,2020-05-21,25150,24700,128974
187,2020-05-22,24700,24700,99654
188,2020-05-25,24950,27200,328474
189,2020-05-26,28750,30650,905633
190,2020-05-27,30950,30900,331790
191,2020-05-28,30850,28650,234261
192,2020-05-29,27700,28300,106060
193,2020-06-01,29000,29100,126864
194,2020-06-02,29100,28600,98485
195,2020-06-03,28800,27700,99007
196,2020-06-04,28000,28700,106765
197,2020-06-05,28800,28600,80406
198,2020-06-08,28800,28300,49888
199,2020-06-09,28600,28350,68211
200,2020-06-10,28300,27850,63031
201,2020-06-11,28050,29000,199461
202,2020-06-12,27000,28150,147332
203,2020-06-15,28300,25400,122836
204,2020-06-16,26300,26800,56635
205,2020-06-17,26300,27000,87793
206,2020-06-18,26850,27400,58142
207,2020-06-19,27900,28200,76507
208,2020-06-22,28200,29200,369525
209,2020-06-23,29450,29200,133492
210,2020-06-24,29200,29750,112966
211,2020-06-25,29200,30500,173597
212,2020-06-26,30800,29700,121079
213,2020-06-29,29050,28600,87816
214,2020-06-30,29300,28900,83882
215,2020-07-01,29250,28300,62340
216,2020-07-02,29150,28400,36752
217,2020-07-03,28700,29000,71723
218,2020-07-06,29450,29700,82792
219,2020-07-07,30250,29800,99761
220,2020-07-08,30000,31950,470011
221,2020-07-09,33250,34300,691137
222,2020-07-10,34600,34950,277620
223,2020-07-13,35200,35300,180114
224,2020-07-14,34700,33800,138098
225,2020-07-15,34450,34000,132692
226,2020-07-16,33750,33100,99794
227,2020-07-17,32750,33150,83675
228,2020-07-20,33150,34000,141686
229,2020-07-21,34650,33700,97150
230,2020-07-22,33700,34200,85595
231,2020-07-23,34950,34050,96036
232,2020-07-24,33300,32900,85931
233,2020-07-27,32400,32750,61638
234,2020-07-28,32750,33100,78721
235,2020-07-29,33000,32750,42819
236,2020-07-30,32750,32350,44687
237,2020-07-31,32350,33300,261310
238,2020-08-03,33650,35850,291234
239,2020-08-04,36000,34650,169617
240,2020-08-05,34800,35000,114545
241,2020-08-06,35200,34800,90036
242,2020-08-07,34850,36200,392338
243,2020-08-10,36400,36500,300330
244,2020-08-11,36600,35650,149881
245,2020-08-12,35550,34500,134269
246,2020-08-13,34600,34250,132236
247,2020-08-14,34000,33300,86813
248,2020-08-18,32950,30850,131501
249,2020-08-19,30850,32900,147053
250,2020-08-20,32900,31800,95846
251,2020-08-21,32000,33450,139504
252,2020-08-24,33450,33700,138139
253,2020-08-25,33750,33900,74760
254,2020-08-26,34000,33600,68213
255,2020-08-27,33950,32550,113041
256,2020-08-28,32550,32150,86277
257,2020-08-31,32700,39300,1036217
258,2020-09-01,38750,41900,1431436
259,2020-09-02,42300,44150,610357
260,2020-09-03,43700,42450,482589
261,2020-09-04,40600,40800,323803
262,2020-09-07,40300,40450,227930
263,2020-09-08,40450,41350,300985
264,2020-09-09,40400,40450,147769
265,2020-09-10,41500,40050,166632
266,2020-09-11,40050,39600,75355
267,2020-09-14,39900,43250,453359
268,2020-09-15,43500,41350,180402
269,2020-09-16,41500,40050,167465
270,2020-09-17,40100,40800,86082
271,2020-09-18,40600,41150,86969
272,2020-09-21,42000,42000,565996
273,2020-09-22,42300,43950,394741
274,2020-09-23,44150,37700,812388
275,2020-09-24,35900,30950,608590
276,2020-09-25,31650,31000,269239
277,2020-09-28,31700,32550,94243
278,2020-09-29,33800,34650,158809
279,2020-10-05,34100,34900,89625
280,2020-10-06,35100,34500,72761
281,2020-10-07,33450,33850,58594
282,2020-10-08,34050,34000,51112
283,2020-10-12,34300,33400,50200
284,2020-10-13,33800,32600,45072
285,2020-10-14,32600,31650,83499
286,2020-10-15,31750,30500,105235
287,2020-10-16,30500,30250,62964
288,2020-10-19,29850,28900,72153
289,2020-10-20,28300,29050,67866
290,2020-10-21,29400,29950,32261
291,2020-10-22,29950,29100,38795
292,2020-10-23,29100,29150,22211
293,2020-10-26,29150,27250,67487
294,2020-10-27,27000,27250,55194
295,2020-10-28,27100,29100,41351
296,2020-10-29,27450,29050,38683
297,2020-10-30,29050,29250,42882
298,2020-11-02,29600,28850,29087
299,2020-11-03,29300,29600,42364
