,date,open,close,volume
0,2019-08-16,11950,12100,25958
1,2019-08-19,12050,12000,33197
2,2019-08-20,12000,12400,21693
3,2019-08-21,12200,12400,22462
4,2019-08-22,12400,12350,31830
5,2019-08-23,12150,12050,20910
6,2019-08-26,11700,11500,28602
7,2019-08-27,11600,12400,206177
8,2019-08-28,12300,12350,20275
9,2019-08-29,12400,12450,20014
10,2019-08-30,12350,12250,11970
11,2019-09-02,12150,12050,19908
12,2019-09-03,12150,12250,11140
13,2019-09-04,12250,12250,7403
14,2019-09-05,12400,12150,21814
15,2019-09-06,12150,12900,108831
16,2019-09-09,12800,12550,28414
17,2019-09-10,12500,12500,15565
18,2019-09-11,12650,12550,23209
19,2019-09-16,12500,13200,64967
20,2019-09-17,13050,13250,137810
21,2019-09-18,13250,13250,26106
22,2019-09-19,13250,13100,18728
23,2019-09-20,13100,13000,19435
24,2019-09-23,12800,12750,18695
25,2019-09-24,12850,12850,12008
26,2019-09-25,12750,12500,21537
27,2019-09-26,12800,12350,19982
28,2019-09-27,12500,12200,12667
29,2019-09-30,12250,11950,18586
30,2019-10-01,11850,12000,20817
31,2019-10-02,11850,11550,21577
32,2019-10-04,11450,11250,24009
33,2019-10-07,11200,10900,38936
34,2019-10-08,10900,11400,34581
35,2019-10-10,11500,11250,9357
36,2019-10-11,11250,11300,13750
37,2019-10-14,11450,11350,11563
38,2019-10-15,11450,11450,6478
39,2019-10-16,11450,11600,8609
40,2019-10-17,11600,11600,10594
41,2019-10-18,11550,11500,8015
42,2019-10-21,11600,11500,10478
43,2019-10-22,11600,11350,25721
44,2019-10-23,11350,11000,29193
45,2019-10-24,11100,11200,15477
46,2019-10-25,11100,10950,19450
47,2019-10-28,11000,10850,13153
48,2019-10-29,10900,10900,35874
49,2019-10-30,11000,11700,80470
50,2019-10-31,11700,12050,77527
51,2019-11-01,12200,12100,14793
52,2019-11-04,11950,12350,15064
53,2019-11-05,12350,12300,10703
54,2019-11-06,12350,12300,9804
55,2019-11-07,12100,12200,5972
56,2019-11-08,12300,12100,11555
57,2019-11-11,12100,11950,16853
58,2019-11-12,11950,12350,19914
59,2019-11-13,12450,12450,10198
60,2019-11-14,12450,12350,6059
61,2019-11-15,12450,12100,12129
62,2019-11-18,12000,12100,13136
63,2019-11-19,12000,11950,11296
64,2019-11-20,11900,11900,17320
65,2019-11-21,11700,11500,26220
66,2019-11-22,11300,11400,19042
67,2019-11-25,11300,11650,17031
68,2019-11-26,11850,11650,5831
69,2019-11-27,11650,11450,8931
70,2019-11-28,11350,11550,9664
71,2019-11-29,11550,11350,11467
72,2019-12-02,11300,11350,9667
73,2019-12-03,11150,11300,13342
74,2019-12-04,11150,11250,10947
75,2019-12-05,11250,11500,20535
76,2019-12-06,11500,11750,29862
77,2019-12-09,11650,11800,8434
78,2019-12-10,11650,11500,9138
79,2019-12-11,11500,11500,3982
80,2019-12-12,11450,11550,5934
81,2019-12-13,11550,11500,15023
82,2019-12-16,11450,11550,4366
83,2019-12-17,11450,11450,7236
84,2019-12-18,11450,11450,6245
85,2019-12-19,11450,11350,8343
86,2019-12-20,11300,11300,7792
87,2019-12-23,11450,11250,3920
88,2019-12-24,11300,11300,5430
89,2019-12-26,11300,11350,9020
90,2019-12-27,11450,11200,8933
91,2019-12-30,11200,11200,4955
92,2020-01-02,11100,11050,13950
93,2020-01-03,11100,11100,13362
94,2020-01-06,10900,10800,16549
95,2020-01-07,10800,10750,16092
96,2020-01-08,10750,10250,29799
97,2020-01-09,10450,10950,19904
98,2020-01-10,10950,11000,9976
99,2020-01-13,10900,11100,20286
100,2020-01-14,11050,11150,22515
101,2020-01-15,11150,11000,12095
102,2020-01-16,11000,11050,11560
103,2020-01-17,10950,11150,17394
104,2020-01-20,11000,11200,16232
105,2020-01-21,11100,11150,11390
106,2020-01-22,11050,11250,10146
107,2020-01-23,11250,11350,22540
108,2020-01-28,11050,11050,20894
109,2020-01-29,11100,10950,12348
110,2020-01-30,10950,10900,15283
111,2020-01-31,11200,11250,44866
112,2020-02-03,11250,11550,42484
113,2020-02-04,11450,11950,56451
114,2020-02-05,12250,12400,66716
115,2020-02-06,12400,12500,16162
116,2020-02-07,12350,12400,31751
117,2020-02-10,12400,13400,106152
118,2020-02-11,13450,13300,48480
119,2020-02-12,13450,14700,144248
120,2020-02-13,14700,14800,46163
121,2020-02-14,14800,15350,100274
122,2020-02-17,15350,15300,57656
123,2020-02-18,15300,16650,165280
124,2020-02-19,16800,17300,103706
125,2020-02-20,17300,18150,154481
126,2020-02-21,17850,12750,575391
127,2020-02-24,12000,10350,561662
128,2020-02-25,10100,10600,316637
129,2020-02-26,10350,10250,114247
130,2020-02-27,10200,10200,95544
131,2020-02-28,10150,10250,77172
132,2020-03-02,10300,10100,50346
133,2020-03-03,10250,9900,79474
134,2020-03-04,9900,10100,33947
135,2020-03-05,10200,10150,46448
136,2020-03-06,10150,10650,90903
137,2020-03-09,10500,10300,42027
138,2020-03-10,10050,10200,41220
139,2020-03-11,10200,9970,42106
140,2020-03-12,9970,9240,61694
141,2020-03-13,8710,7510,228764
142,2020-03-16,7660,7110,127756
143,2020-03-17,6500,7270,67395
144,2020-03-18,7240,6810,48632
145,2020-03-19,6800,6460,109707
146,2020-03-20,6190,6510,69993
147,2020-03-23,6180,6230,37046
148,2020-03-24,6250,6560,87478
149,2020-03-25,6890,6820,46086
150,2020-03-26,6710,6720,86252
151,2020-03-27,7100,6870,45406
152,2020-03-30,6630,7780,44547
153,2020-03-31,7800,8370,85580
154,2020-04-01,8410,8970,113265
155,2020-04-02,9000,9480,76600
156,2020-04-03,9480,9420,45176
157,2020-04-06,9410,9740,55724
158,2020-04-07,9820,9530,37938
159,2020-04-08,9530,9330,27749
160,2020-04-09,9260,9100,42818
161,2020-04-10,9550,9800,103965
162,2020-04-13,10100,11000,303000
163,2020-04-14,11150,10900,229759
164,2020-04-16,11150,11450,176951
165,2020-04-17,12000,12100,248743
166,2020-04-20,12000,12100,134347
167,2020-04-21,12100,12050,210850
168,2020-04-22,11600,10400,278390
169,2020-04-23,10000,9440,292700
170,2020-04-24,8980,8630,422972
171,2020-04-27,8700,8750,127755
172,2020-04-28,8800,8630,112608
173,2020-04-29,8640,8620,51712
174,2020-05-04,8530,8630,27643
175,2020-05-06,8760,8950,56506
176,2020-05-07,9050,8960,29798
177,2020-05-08,8970,9040,50859
178,2020-05-11,9030,8850,42797
179,2020-05-12,8850,8800,26767
180,2020-05-13,8750,8730,34509
181,2020-05-14,8700,8680,15920
182,2020-05-15,8870,8790,33500
183,2020-05-18,8790,8700,20840
184,2020-05-19,8720,8790,57791
185,2020-05-20,8790,8950,45591
186,2020-05-21,9000,9450,134931
187,2020-05-22,9480,9010,61346
188,2020-05-25,8950,9200,822704
189,2020-05-26,9200,9120,54485
190,2020-05-27,9210,9210,31045
191,2020-05-28,9210,9090,65195
192,2020-05-29,9090,9020,23386
193,2020-06-01,9130,9040,32802
194,2020-06-02,9160,9150,48561
195,2020-06-03,9170,9310,93069
196,2020-06-04,9340,9300,47525
197,2020-06-05,9300,9460,85961
198,2020-06-08,9700,9510,46920
199,2020-06-09,9530,9370,45077
200,2020-06-10,9370,9280,38943
201,2020-06-11,9280,9080,53597
202,2020-06-12,8510,8790,39032
203,2020-06-15,8580,8180,65038
204,2020-06-16,8550,8710,25581
205,2020-06-17,8530,8660,22808
206,2020-06-18,8660,8650,19698
207,2020-06-19,8650,8700,18231
208,2020-06-22,8700,8690,13587
209,2020-06-23,8760,8660,17868
210,2020-06-24,8800,8630,31486
211,2020-06-25,8630,8700,28394
212,2020-06-26,8690,8710,19808
213,2020-06-29,8600,8530,13002
214,2020-06-30,8530,8580,12261
215,2020-07-01,8450,8530,8063
216,2020-07-02,8540,8590,10866
217,2020-07-03,8590,8590,7756
218,2020-07-06,8700,8880,14803
219,2020-07-07,8900,8990,35855
220,2020-07-08,8990,9010,16289
221,2020-07-09,9010,9010,31220
222,2020-07-10,9000,8780,8385
223,2020-07-13,8710,8770,10590
224,2020-07-14,8770,8750,19680
225,2020-07-15,8830,8680,12131
226,2020-07-16,8700,8480,49250
227,2020-07-17,8640,8540,10177
228,2020-07-20,8450,8550,10825
229,2020-07-21,8550,8540,13021
230,2020-07-22,8540,8530,10729
231,2020-07-23,8550,8520,27015
232,2020-07-24,8410,8550,8340
233,2020-07-27,8590,9320,182692
234,2020-07-28,9950,9160,749235
235,2020-07-29,9540,10350,1532871
236,2020-07-30,10150,9750,226556
237,2020-07-31,9890,10050,227153
238,2020-08-03,10100,10700,239325
239,2020-08-04,10600,10750,172064
240,2020-08-05,10650,10550,96430
241,2020-08-06,10550,10150,147792
242,2020-08-07,10150,10100,127159
243,2020-08-10,10050,10100,66431
244,2020-08-11,10100,9980,55659
245,2020-08-12,9980,9770,72957
246,2020-08-13,9780,9980,37650
247,2020-08-14,9980,9800,48227
248,2020-08-18,9570,8810,73095
249,2020-08-19,8810,8880,26176
250,2020-08-20,8750,8580,34928
251,2020-08-21,8600,8640,15063
252,2020-08-24,8520,8600,24025
253,2020-08-25,8600,8790,36089
254,2020-08-26,8790,8760,28760
255,2020-08-27,8820,8570,19090
256,2020-08-28,8570,8650,30864
257,2020-08-31,8570,8690,20810
258,2020-09-01,8690,8740,17067
259,2020-09-02,8720,8700,16951
260,2020-09-03,8660,8930,16146
261,2020-09-04,8670,8800,21577
262,2020-09-07,8730,8920,12304
263,2020-09-08,8900,8800,18644
264,2020-09-09,8770,8840,15272
265,2020-09-10,8850,8870,16919
266,2020-09-11,8920,8940,14444
267,2020-09-14,8960,9730,229954
268,2020-09-15,9990,10150,233760
269,2020-09-16,10700,10150,239860
270,2020-09-17,10150,10450,139637
271,2020-09-18,10450,10550,105553
272,2020-09-21,10450,10600,59715
273,2020-09-22,10700,10600,87023
274,2020-09-23,10800,10700,95749
275,2020-09-24,10650,10850,144647
276,2020-09-25,11050,10400,175000
277,2020-09-28,10350,10850,156338
278,2020-09-29,10850,11050,128467
279,2020-10-05,10950,11400,63316
280,2020-10-06,11400,11450,73817
281,2020-10-07,11350,11800,99663
282,2020-10-08,11700,12350,164888
283,2020-10-12,12500,12150,79025
284,2020-10-13,12050,12600,141269
285,2020-10-14,12500,12750,99548
286,2020-10-15,12600,10700,463932
287,2020-10-16,10500,9220,489451
288,2020-10-19,9220,9150,134436
289,2020-10-20,9060,9070,70992
290,2020-10-21,9110,9170,27961
291,2020-10-22,9100,9070,46075
292,2020-10-23,9090,9020,50033
293,2020-10-26,9030,8820,58617
294,2020-10-27,8780,8960,34653
295,2020-10-28,9040,9170,16453
296,2020-10-29,8950,9060,29559
297,2020-10-30,9070,8890,21775
298,2020-11-02,8900,8910,14200
299,2020-11-03,9060,8960,19808
