,date,open,close,volume
0,2019-08-16,1195,1190,827186
1,2019-08-19,1190,1175,1048460
2,2019-08-20,1180,1185,596269
3,2019-08-21,1180,1205,676605
4,2019-08-22,1205,1190,623056
5,2019-08-23,1180,1170,911790
6,2019-08-26,1145,1120,844230
7,2019-08-27,1140,1145,576042
8,2019-08-28,1150,1165,380150
9,2019-08-29,1165,1150,442034
10,2019-08-30,1150,1175,2098029
11,2019-09-02,1180,1200,936588
12,2019-09-03,1210,1200,996264
13,2019-09-04,1190,1195,537059
14,2019-09-05,1195,1190,919387
15,2019-09-06,1200,1215,2154699
16,2019-09-09,1220,1180,2217862
17,2019-09-10,1175,1200,4833257
18,2019-09-11,1215,1210,866133
19,2019-09-16,1210,1205,981140
20,2019-09-17,1200,1210,1191970
21,2019-09-18,1205,1220,1225903
22,2019-09-19,1230,1220,1099222
23,2019-09-20,1220,1260,2205152
24,2019-09-23,1270,1235,2763086
25,2019-09-24,1225,1240,1581743
26,2019-09-25,1240,1175,1986867
27,2019-09-26,1190,1175,1837910
28,2019-09-27,1170,1135,1592182
29,2019-09-30,1140,1115,604341
30,2019-10-01,1125,1105,773928
31,2019-10-02,1095,1105,475595
32,2019-10-04,1115,1075,1075827
33,2019-10-07,1085,1050,841272
34,2019-10-08,1045,1065,578732
35,2019-10-10,1065,1065,321001
36,2019-10-11,1070,1075,420902
37,2019-10-14,1085,1130,6469578
38,2019-10-15,1130,1115,1184456
39,2019-10-16,1120,1120,662518
40,2019-10-17,1125,1130,1422189
41,2019-10-18,1145,1125,549566
42,2019-10-21,1120,1100,699620
43,2019-10-22,1105,1110,727876
44,2019-10-23,1105,1070,875013
45,2019-10-24,1080,1090,2113324
46,2019-10-25,1085,1070,694446
47,2019-10-28,1070,1060,613973
48,2019-10-29,1065,1070,435844
49,2019-10-30,1075,1070,962820
50,2019-10-31,1070,1075,323038
51,2019-11-01,1065,1075,625581
52,2019-11-04,1075,1090,791581
53,2019-11-05,1095,1110,1007855
54,2019-11-06,1110,1120,688362
55,2019-11-07,1120,1110,420561
56,2019-11-08,1110,1100,356592
57,2019-11-11,1100,1145,1045481
58,2019-11-12,1135,1135,507819
59,2019-11-13,1130,1130,414087
60,2019-11-14,1130,1120,470045
61,2019-11-15,1115,1125,3536665
62,2019-11-18,1150,1125,691221
63,2019-11-19,1125,1160,3363596
64,2019-11-20,1180,1120,2853739
65,2019-11-21,1125,1170,4263027
66,2019-11-22,1180,1120,9860700
67,2019-11-25,1145,1130,1910279
68,2019-11-26,1130,1135,1123061
69,2019-11-27,1140,1155,1126007
70,2019-11-28,1150,1150,1452264
71,2019-11-29,1155,1115,1236888
72,2019-12-02,1115,1080,1206878
73,2019-12-03,1075,1095,606235
74,2019-12-04,1090,1065,1128670
75,2019-12-05,1070,1060,705867
76,2019-12-06,1060,1070,805964
77,2019-12-09,1085,1085,809025
78,2019-12-10,1080,1075,577325
79,2019-12-11,1075,1070,664167
80,2019-12-12,1065,1070,865040
81,2019-12-13,1075,1080,828851
82,2019-12-16,1080,1075,527135
83,2019-12-17,1075,1070,487442
84,2019-12-18,1070,1085,685149
85,2019-12-19,1085,1075,412429
86,2019-12-20,1080,1090,780247
87,2019-12-23,1090,1115,1479170
88,2019-12-24,1115,1100,655707
89,2019-12-26,1100,1105,739751
90,2019-12-27,1105,1105,382170
91,2019-12-30,1105,1110,352574
92,2020-01-02,1110,1125,809210
93,2020-01-03,1130,1125,746951
94,2020-01-06,1115,1100,485461
95,2020-01-07,1105,1110,554511
96,2020-01-08,1110,1040,1600651
97,2020-01-09,1070,1075,869797
98,2020-01-10,1085,1095,711143
99,2020-01-13,1095,1110,669676
100,2020-01-14,1115,1125,1517905
101,2020-01-15,1125,1135,985712
102,2020-01-16,1135,1145,731863
103,2020-01-17,1150,1130,581775
104,2020-01-20,1135,1125,843918
105,2020-01-21,1125,1105,530689
106,2020-01-22,1110,1145,1613645
107,2020-01-23,1145,1140,751080
108,2020-01-28,1120,1120,873499
109,2020-01-29,1130,1125,515573
110,2020-01-30,1125,1155,3834463
111,2020-01-31,1355,1410,115005327
112,2020-02-03,1350,1300,66608412
113,2020-02-04,1300,1360,55656972
114,2020-02-05,1380,1385,12663284
115,2020-02-06,1385,1330,10481532
116,2020-02-07,1320,1335,7101450
117,2020-02-10,1335,1270,5868321
118,2020-02-11,1275,1275,5138942
119,2020-02-12,1280,1270,3282193
120,2020-02-13,1280,1250,2948264
121,2020-02-14,1245,1235,4908988
122,2020-02-17,1220,1205,3855538
123,2020-02-18,1210,1215,1746545
124,2020-02-19,1215,1240,4274559
125,2020-02-20,1260,1235,30582460
126,2020-02-21,1265,1290,21140878
127,2020-02-24,1390,1220,45841343
128,2020-02-25,1265,1185,10879488
129,2020-02-26,1185,1205,11022371
130,2020-02-27,1210,1160,6335838
131,2020-02-28,1185,1075,10482145
132,2020-03-02,1070,1100,4778794
133,2020-03-03,1120,1100,3171164
134,2020-03-04,1090,1120,2555540
135,2020-03-05,1135,1135,2359624
136,2020-03-06,1125,1120,2995021
137,2020-03-09,1100,1055,3015404
138,2020-03-10,1045,1035,2986883
139,2020-03-11,1035,989,4687969
140,2020-03-12,972,949,4625659
141,2020-03-13,861,855,4027534
142,2020-03-16,860,824,3002683
143,2020-03-17,767,862,2986719
144,2020-03-18,875,807,3012054
145,2020-03-19,814,681,5132601
146,2020-03-20,690,723,3275722
147,2020-03-23,680,702,2350124
148,2020-03-24,732,753,2661426
149,2020-03-25,785,789,2521175
150,2020-03-26,807,808,3008349
151,2020-03-27,857,815,3841236
152,2020-03-30,810,857,3522270
153,2020-03-31,910,894,5985890
154,2020-04-01,890,912,6796463
155,2020-04-02,940,938,3879854
156,2020-04-03,950,949,2976055
157,2020-04-06,966,998,4486770
158,2020-04-07,1040,1020,3687523
159,2020-04-08,1030,1090,19296316
160,2020-04-09,1095,1095,3292731
161,2020-04-10,1100,1060,2756212
162,2020-04-13,1070,1080,11468956
163,2020-04-14,1095,1120,6758191
164,2020-04-16,1120,1190,50801866
165,2020-04-17,1165,1170,6610758
166,2020-04-20,1170,1150,3642331
167,2020-04-21,1150,1100,5627555
168,2020-04-22,1090,1125,2776289
169,2020-04-23,1140,1170,4257575
170,2020-04-24,1160,1120,2673784
171,2020-04-27,1120,1140,1603386
172,2020-04-28,1150,1170,12276814
173,2020-04-29,1170,1165,3082569
174,2020-05-04,1170,1165,4344931
175,2020-05-06,1185,1195,3361868
176,2020-05-07,1200,1205,3982395
177,2020-05-08,1215,1205,4498298
178,2020-05-11,1215,1185,2396666
179,2020-05-12,1180,1160,2219124
180,2020-05-13,1145,1155,1266532
181,2020-05-14,1150,1165,1714820
182,2020-05-15,1180,1140,1593826
183,2020-05-18,1140,1120,1593578
184,2020-05-19,1130,1135,1553130
185,2020-05-20,1130,1150,1342044
186,2020-05-21,1160,1135,1436164
187,2020-05-22,1135,1110,1547520
188,2020-05-25,1115,1090,2106327
189,2020-05-26,1095,1120,1469697
190,2020-05-27,1125,1105,1537090
191,2020-05-28,1110,1080,1700174
192,2020-05-29,1080,1105,4878680
193,2020-06-01,1105,1120,2464990
194,2020-06-02,1120,1125,1468729
195,2020-06-03,1135,1120,1679407
196,2020-06-04,1125,1130,1283576
197,2020-06-05,1130,1140,1044114
198,2020-06-08,1145,1135,801592
199,2020-06-09,1140,1120,1227360
200,2020-06-10,1125,1110,977911
201,2020-06-11,1115,1100,1032974
202,2020-06-12,1055,1060,2176761
203,2020-06-15,1055,987,2433415
204,2020-06-16,1000,1030,1402296
205,2020-06-17,1010,1025,1046063
206,2020-06-18,1020,1025,656619
207,2020-06-19,1030,1030,713198
208,2020-06-22,1040,1050,3097741
209,2020-06-23,1055,1030,625111
210,2020-06-24,1030,1035,519591
211,2020-06-25,1025,1025,386705
212,2020-06-26,1030,1020,571318
213,2020-06-29,1005,1000,614257
214,2020-06-30,1010,1015,460754
215,2020-07-01,1015,998,761199
216,2020-07-02,999,1025,850558
217,2020-07-03,1025,1010,478124
218,2020-07-06,1025,1035,639398
219,2020-07-07,1085,1085,9850784
220,2020-07-08,1080,1060,1521992
221,2020-07-09,1060,1065,1341021
222,2020-07-10,1060,1040,1838409
223,2020-07-13,1060,1070,1288878
224,2020-07-14,1075,1065,1026351
225,2020-07-15,1070,1070,1012921
226,2020-07-16,1065,1085,1221930
227,2020-07-17,1090,1095,5446832
228,2020-07-20,1105,1090,1200028
229,2020-07-21,1100,1095,994252
230,2020-07-22,1095,1070,1193763
231,2020-07-23,1070,1070,1168365
232,2020-07-24,1060,1055,951441
233,2020-07-27,1055,1055,692359
234,2020-07-28,1065,1060,758199
235,2020-07-29,1070,1085,1027829
236,2020-07-30,1095,1080,1671293
237,2020-07-31,1085,1060,783555
238,2020-08-03,1070,1050,569793
239,2020-08-04,1055,1075,1431924
240,2020-08-05,1075,1075,568784
241,2020-08-06,1070,1070,910754
242,2020-08-07,1065,1095,2426897
243,2020-08-10,1100,1080,955995
244,2020-08-11,1075,1070,1183659
245,2020-08-12,1070,1060,1243587
246,2020-08-13,1065,1070,811506
247,2020-08-14,1080,1090,7272337
248,2020-08-18,1070,1000,3625670
249,2020-08-19,1005,1010,1069848
250,2020-08-20,1005,985,1614494
251,2020-08-21,990,985,822921
252,2020-08-24,970,985,1059883
253,2020-08-25,986,1005,922569
254,2020-08-26,1010,991,884446
255,2020-08-27,998,986,947688
256,2020-08-28,1030,1085,32494007
257,2020-08-31,1125,1080,8038713
258,2020-09-01,1075,1070,2386769
259,2020-09-02,1080,1165,90156388
260,2020-09-03,1175,1135,8264312
261,2020-09-04,1090,1160,41574191
262,2020-09-07,1155,1115,5956997
263,2020-09-08,1130,1105,3755060
264,2020-09-09,1095,1125,20205843
265,2020-09-10,1140,1140,5964223
266,2020-09-11,1140,1150,2503149
267,2020-09-14,1150,1150,4386659
268,2020-09-15,1155,1160,2494737
269,2020-09-16,1165,1150,4045970
270,2020-09-17,1160,1130,6761310
271,2020-09-18,1135,1185,14176088
272,2020-09-21,1170,1140,4749631
273,2020-09-22,1135,1100,3883432
274,2020-09-23,1115,1130,5188605
275,2020-09-24,1105,1070,2746959
276,2020-09-25,1080,1070,2785634
277,2020-09-28,1075,1075,1509034
278,2020-09-29,1085,1070,1660841
279,2020-10-05,1075,1080,667414
280,2020-10-06,1090,1090,961517
281,2020-10-07,1080,1105,1422323
282,2020-10-08,1120,1110,1061190
283,2020-10-12,1115,1115,953406
284,2020-10-13,1120,1105,723769
285,2020-10-14,1105,1150,4790309
286,2020-10-15,1190,1145,48757067
287,2020-10-16,1150,1090,7447261
288,2020-10-19,1105,1105,3909889
289,2020-10-20,1110,1090,3507147
290,2020-10-21,1105,1095,3050229
291,2020-10-22,1090,1075,2251661
292,2020-10-23,1085,1110,4247683
293,2020-10-26,1120,1095,4368030
294,2020-10-27,1085,1090,1526664
295,2020-10-28,1085,1100,1455712
296,2020-10-29,1085,1105,1380186
297,2020-10-30,1105,1070,1541639
298,2020-11-02,1075,1130,4492447
299,2020-11-03,1140,1130,2982346
