,date,open,close,volume
0,2019-08-16,21500,21300,160385
1,2019-08-19,21300,21400,100839
2,2019-08-20,21400,21600,96358
3,2019-08-21,21500,21900,127642
4,2019-08-22,22100,21800,103950
5,2019-08-23,21600,21350,152918
6,2019-08-26,21000,21000,83207
7,2019-08-27,21000,20600,170229
8,2019-08-28,20600,20850,101120
9,2019-08-29,20850,21100,70636
10,2019-08-30,21200,21700,147166
11,2019-09-02,21700,21750,74450
12,2019-09-03,21550,21750,70002
13,2019-09-04,21700,22150,121644
14,2019-09-05,22100,21850,102173
15,2019-09-06,21800,21600,81194
16,2019-09-09,21500,21550,89272
17,2019-09-10,21600,21800,77443
18,2019-09-11,21800,22100,188080
19,2019-09-16,22050,22250,84087
20,2019-09-17,22250,22250,83073
21,2019-09-18,22450,22200,50934
22,2019-09-19,22200,22100,53165
23,2019-09-20,22050,22450,78539
24,2019-09-23,22500,22550,56306
25,2019-09-24,22550,22350,53417
26,2019-09-25,22400,22100,45981
27,2019-09-26,22100,22450,67251
28,2019-09-27,22550,22150,50911
29,2019-09-30,22100,22250,42060
30,2019-10-01,22100,22450,41058
31,2019-10-02,22150,21800,67113
32,2019-10-04,21800,21550,62251
33,2019-10-07,21550,21700,57136
34,2019-10-08,21700,21800,40954
35,2019-10-10,21600,21100,167658
36,2019-10-11,21250,21150,69722
37,2019-10-14,21250,21650,54975
38,2019-10-15,21650,21900,66957
39,2019-10-16,21900,21850,53353
40,2019-10-17,21950,22250,109294
41,2019-10-18,22350,22400,84193
42,2019-10-21,22350,22500,52731
43,2019-10-22,22450,22450,66948
44,2019-10-23,22300,21950,58392
45,2019-10-24,21850,22100,71669
46,2019-10-25,22200,22000,50297
47,2019-10-28,22050,21750,58403
48,2019-10-29,21750,21550,89589
49,2019-10-30,21550,21500,58211
50,2019-10-31,21550,21450,82925
51,2019-11-01,21400,21550,88470
52,2019-11-04,21700,21800,95402
53,2019-11-05,21800,21650,71652
54,2019-11-06,21700,22200,109614
55,2019-11-07,22100,22500,120430
56,2019-11-08,22550,22300,70867
57,2019-11-11,22350,22300,53361
58,2019-11-12,22200,22900,181413
59,2019-11-13,23400,23550,254745
60,2019-11-14,23550,23600,168992
61,2019-11-15,23500,23800,136806
62,2019-11-18,23700,23750,119697
63,2019-11-19,23600,23750,90579
64,2019-11-20,23600,23050,109405
65,2019-11-21,23200,22950,110178
66,2019-11-22,23150,23350,70408
67,2019-11-25,23400,23400,72894
68,2019-11-26,23600,23550,69364
69,2019-11-27,23800,23450,61024
70,2019-11-28,23350,23450,35970
71,2019-11-29,23500,23150,92738
72,2019-12-02,23050,23450,42801
73,2019-12-03,23400,23250,44019
74,2019-12-04,23000,22850,52724
75,2019-12-05,22800,22900,44157
76,2019-12-06,22800,23100,39012
77,2019-12-09,23000,22700,68121
78,2019-12-10,22600,23050,46025
79,2019-12-11,23200,23100,60371
80,2019-12-12,23200,23300,216739
81,2019-12-13,23500,23600,102373
82,2019-12-16,23600,23800,75065
83,2019-12-17,23650,23550,64985
84,2019-12-18,23450,23350,48196
85,2019-12-19,23350,23250,41605
86,2019-12-20,23350,23550,48487
87,2019-12-23,23700,23550,54109
88,2019-12-24,23450,23350,67575
89,2019-12-26,23450,23300,64107
90,2019-12-27,23000,23300,75637
91,2019-12-30,23350,23200,55550
92,2020-01-02,23200,22900,69146
93,2020-01-03,23050,22850,87767
94,2020-01-06,22450,22100,115857
95,2020-01-07,22150,22050,72138
96,2020-01-08,21900,21400,136773
97,2020-01-09,21550,21900,117051
98,2020-01-10,21800,21550,97967
99,2020-01-13,21650,21650,111700
100,2020-01-14,21750,22250,139476
101,2020-01-15,22250,22350,65901
102,2020-01-16,22400,22250,82234
103,2020-01-17,22200,22150,76127
104,2020-01-20,22150,22150,152292
105,2020-01-21,22100,22200,80561
106,2020-01-22,22150,22450,85953
107,2020-01-23,22400,22400,97680
108,2020-01-28,21750,21400,128362
109,2020-01-29,21500,21300,87578
110,2020-01-30,21300,21100,108395
111,2020-01-31,21050,20950,55023
112,2020-02-03,20500,20850,144480
113,2020-02-04,20700,20900,165127
114,2020-02-05,21000,20850,83644
115,2020-02-06,21000,21300,86928
116,2020-02-07,21300,21050,86163
117,2020-02-10,21000,21050,46763
118,2020-02-11,21200,21050,97036
119,2020-02-12,20950,21250,120114
120,2020-02-13,21300,21600,249345
121,2020-02-14,21750,21750,168358
122,2020-02-17,21700,22850,277673
123,2020-02-18,22750,22600,138606
124,2020-02-19,22600,22150,197775
125,2020-02-20,22150,21700,149152
126,2020-02-21,21550,21300,88644
127,2020-02-24,21200,20350,176404
128,2020-02-25,20150,20800,127181
129,2020-02-26,20550,20650,85155
130,2020-02-27,20450,20550,86363
131,2020-02-28,20500,19600,177166
132,2020-03-02,19950,19750,108889
133,2020-03-03,20050,19550,133328
134,2020-03-04,19400,19900,70949
135,2020-03-05,20050,20050,115492
136,2020-03-06,19850,19600,119450
137,2020-03-09,19700,18650,180410
138,2020-03-10,18750,18350,180833
139,2020-03-11,18300,17800,186155
140,2020-03-12,17750,16700,320258
141,2020-03-13,15050,15850,433117
142,2020-03-16,15950,15550,167786
143,2020-03-17,15050,15600,171533
144,2020-03-18,15550,14600,159198
145,2020-03-19,14650,13200,268920
146,2020-03-20,13250,14500,186267
147,2020-03-23,13700,13750,192251
148,2020-03-24,14000,14300,245561
149,2020-03-25,14650,15300,275624
150,2020-03-26,15400,15300,315636
151,2020-03-27,15950,15500,215432
152,2020-03-30,15250,16000,201885
153,2020-03-31,16350,16950,308498
154,2020-04-01,17100,17450,673708
155,2020-04-02,17950,18450,440707
156,2020-04-03,20100,18700,1037570
157,2020-04-06,19100,19200,375498
158,2020-04-07,19500,19100,312071
159,2020-04-08,18850,18800,222854
160,2020-04-09,19250,19100,353530
161,2020-04-10,18900,18850,226366
162,2020-04-13,18900,19650,368857
163,2020-04-14,19950,19550,220411
164,2020-04-16,19300,19550,229681
165,2020-04-17,19750,19450,272599
166,2020-04-20,19400,19200,192974
167,2020-04-21,19100,19050,283672
168,2020-04-22,18900,18900,164504
169,2020-04-23,19100,20000,240192
170,2020-04-24,19950,21350,686396
171,2020-04-27,21650,22450,501327
172,2020-04-28,22750,22400,245153
173,2020-04-29,22350,21900,191542
174,2020-05-04,21350,21500,253485
175,2020-05-06,21900,23200,430642
176,2020-05-07,23100,24000,579241
177,2020-05-08,24350,23750,476352
178,2020-05-11,23850,23600,220338
179,2020-05-12,23600,24400,468678
180,2020-05-13,24100,25850,605235
181,2020-05-14,25600,26350,534814
182,2020-05-15,27000,26450,924898
183,2020-05-18,25750,25750,743139
184,2020-05-19,25850,24650,702213
185,2020-05-20,25000,26250,756340
186,2020-05-21,26400,26400,397245
187,2020-05-22,26050,25950,306000
188,2020-05-25,26150,26150,257034
189,2020-05-26,26150,25500,367519
190,2020-05-27,25500,25600,173653
191,2020-05-28,25400,25450,350895
192,2020-05-29,25400,25100,239305
193,2020-06-01,25100,25550,164355
194,2020-06-02,25800,25850,226613
195,2020-06-03,25950,25000,439671
196,2020-06-04,25000,24700,296935
197,2020-06-05,24750,24800,225255
198,2020-06-08,25000,24550,186114
199,2020-06-09,24750,24450,175822
200,2020-06-10,24350,24550,255778
201,2020-06-11,24600,25000,638279
202,2020-06-12,23850,25000,515023
203,2020-06-15,25300,25250,1244574
204,2020-06-16,26300,26850,718039
205,2020-06-17,26650,26750,520749
206,2020-06-18,26750,27400,349274
207,2020-06-19,27750,27700,467401
208,2020-06-22,27600,26750,289683
209,2020-06-23,26650,28050,480170
210,2020-06-24,28450,28150,270867
211,2020-06-25,27550,27150,290200
212,2020-06-26,27300,26600,251153
213,2020-06-29,26250,25600,250781
214,2020-06-30,25950,25850,187043
215,2020-07-01,26200,25550,131508
216,2020-07-02,25600,26350,187136
217,2020-07-03,26700,26850,138310
218,2020-07-06,26900,26500,170205
219,2020-07-07,26700,26600,148723
220,2020-07-08,26600,26850,116263
221,2020-07-09,26950,27650,292128
222,2020-07-10,27850,27700,194470
223,2020-07-13,28400,28200,221331
224,2020-07-14,28150,27950,337474
225,2020-07-15,28450,27300,231771
226,2020-07-16,27400,26700,206305
227,2020-07-17,26700,26100,351492
228,2020-07-20,26200,26150,160213
229,2020-07-21,26150,25850,367808
230,2020-07-22,25800,26500,323362
231,2020-07-23,26600,26500,280316
232,2020-07-24,26500,26050,205164
233,2020-07-27,26000,25650,190424
234,2020-07-28,25650,25400,265523
235,2020-07-29,25400,25450,259428
236,2020-07-30,25450,25150,171215
237,2020-07-31,25150,25500,191349
238,2020-08-03,25650,25650,172203
239,2020-08-04,25850,26100,282874
240,2020-08-05,26200,25700,134803
241,2020-08-06,25800,25650,197443
242,2020-08-07,25650,25800,179983
243,2020-08-10,25850,26500,325523
244,2020-08-11,26650,26500,235463
245,2020-08-12,26800,27000,535304
246,2020-08-13,27000,26650,291248
247,2020-08-14,26650,26250,219145
248,2020-08-18,27750,28050,2222218
249,2020-08-19,28550,28250,946110
250,2020-08-20,28000,28000,1011434
251,2020-08-21,28550,26800,600943
252,2020-08-24,27000,27800,346124
253,2020-08-25,28200,28300,417738
254,2020-08-26,28300,28150,255789
255,2020-08-27,27950,28600,426052
256,2020-08-28,28700,29350,626544
257,2020-08-31,30000,28900,451362
258,2020-09-01,28800,28150,412680
259,2020-09-02,28500,28050,286013
260,2020-09-03,28100,27800,304172
261,2020-09-04,26950,27250,270415
262,2020-09-07,27350,26800,323755
263,2020-09-08,27000,27100,232306
264,2020-09-09,26800,26600,231206
265,2020-09-10,26900,27150,276015
266,2020-09-11,27100,27500,177257
267,2020-09-14,27700,27550,165393
268,2020-09-15,27550,27100,240494
269,2020-09-16,27050,27000,228667
270,2020-09-17,27000,26750,204381
271,2020-09-18,26950,26900,101025
272,2020-09-21,27150,27150,260438
273,2020-09-22,27400,26100,269158
274,2020-09-23,26300,25750,201798
275,2020-09-24,25400,24700,275165
276,2020-09-25,24900,24700,146157
277,2020-09-28,24900,25550,81871
278,2020-09-29,25750,26000,129946
279,2020-10-05,26300,26250,95693
280,2020-10-06,26150,26600,132225
281,2020-10-07,26400,26350,89184
282,2020-10-08,26350,26450,111217
283,2020-10-12,26700,26150,136679
284,2020-10-13,26250,25950,139097
285,2020-10-14,26150,25400,174358
286,2020-10-15,25400,25550,112320
287,2020-10-16,25600,25400,129016
288,2020-10-19,25150,25200,99016
289,2020-10-20,25050,25250,105968
290,2020-10-21,25250,25600,120723
291,2020-10-22,25600,25450,128746
292,2020-10-23,25350,25350,77221
293,2020-10-26,25350,24950,125055
294,2020-10-27,24650,24900,114926
295,2020-10-28,24750,25100,65683
296,2020-10-29,24750,24800,84311
297,2020-10-30,24750,24050,130775
298,2020-11-02,24050,24250,82643
299,2020-11-03,24200,24450,98587
