,date,open,close,volume
0,2019-08-16,178000,180000,948
1,2019-08-19,177000,181500,1270
2,2019-08-20,180000,183000,1192
3,2019-08-21,180500,182000,1291
4,2019-08-22,182000,180000,1004
5,2019-08-23,177000,179000,1537
6,2019-08-26,175500,179000,1389
7,2019-08-27,178000,177000,897
8,2019-08-28,177000,178000,1131
9,2019-08-29,177500,178000,1301
10,2019-08-30,178500,178000,650
11,2019-09-02,177500,177000,495
12,2019-09-03,176000,173500,1181
13,2019-09-04,173500,172000,1206
14,2019-09-05,172000,170500,2322
15,2019-09-06,170500,168500,2283
16,2019-09-09,168500,169000,1371
17,2019-09-10,169000,169000,1272
18,2019-09-11,168500,167500,2713
19,2019-09-16,167500,167500,3495
20,2019-09-17,167500,172500,1813
21,2019-09-18,172500,172000,1124
22,2019-09-19,170000,171000,2274
23,2019-09-20,171000,168000,1851
24,2019-09-23,167500,167000,1424
25,2019-09-24,167000,169000,1122
26,2019-09-25,168500,168500,583
27,2019-09-26,168000,166500,1044
28,2019-09-27,166500,165000,1273
29,2019-09-30,165000,164500,522
30,2019-10-01,165000,169500,779
31,2019-10-02,169000,165000,969
32,2019-10-04,165000,163500,685
33,2019-10-07,163500,166500,768
34,2019-10-08,164000,165000,129
35,2019-10-10,164500,162500,961
36,2019-10-11,163000,159500,2357
37,2019-10-14,159500,160500,1359
38,2019-10-15,160500,159000,1313
39,2019-10-16,160000,160500,833
40,2019-10-17,159500,158500,1615
41,2019-10-18,158500,157500,1684
42,2019-10-21,158000,158000,2098
43,2019-10-22,158500,157500,1323
44,2019-10-23,158500,155000,4220
45,2019-10-24,155000,155000,1435
46,2019-10-25,154000,153500,1232
47,2019-10-28,154000,154000,1133
48,2019-10-29,153500,153000,2484
49,2019-10-30,153000,153000,2827
50,2019-10-31,155500,153500,1981
51,2019-11-01,153000,153500,1164
52,2019-11-04,153500,156000,3556
53,2019-11-05,154000,157000,1971
54,2019-11-06,157000,154500,842
55,2019-11-07,155000,160000,3381
56,2019-11-08,160500,159500,1391
57,2019-11-11,159500,157000,658
58,2019-11-12,156500,156000,827
59,2019-11-13,156000,155000,775
60,2019-11-14,156000,157000,1916
61,2019-11-15,155000,153500,2504
62,2019-11-18,153000,155500,1479
63,2019-11-19,155500,156000,2174
64,2019-11-20,156500,156500,1269
65,2019-11-21,157500,156000,2011
66,2019-11-22,156500,156000,954
67,2019-11-25,156000,156000,382
68,2019-11-26,155500,155000,704
69,2019-11-27,156000,155000,1575
70,2019-11-28,156000,155500,286
71,2019-11-29,156000,153500,968
72,2019-12-02,153500,152000,935
73,2019-12-03,153000,151000,475
74,2019-12-04,151000,150000,348
75,2019-12-05,149000,148000,3031
76,2019-12-06,148000,150000,767
77,2019-12-09,150000,155000,2666
78,2019-12-10,156000,152000,1403
79,2019-12-11,152000,149000,1846
80,2019-12-12,148500,146000,4140
81,2019-12-13,146500,145000,5696
82,2019-12-16,145000,145500,1126
83,2019-12-17,146000,145500,1517
84,2019-12-18,146000,146000,2864
85,2019-12-19,146000,144500,4437
86,2019-12-20,145500,143500,2819
87,2019-12-23,143500,143000,1545
88,2019-12-24,144000,142000,4503
89,2019-12-26,142500,145500,2670
90,2019-12-27,145500,145500,1498
91,2019-12-30,147000,147500,932
92,2020-01-02,147000,149500,1876
93,2020-01-03,149500,149500,1077
94,2020-01-06,149500,145500,1622
95,2020-01-07,145000,145500,2230
96,2020-01-08,144500,143000,4324
97,2020-01-09,142500,144000,2043
98,2020-01-10,144000,144000,850
99,2020-01-13,144000,148500,1868
100,2020-01-14,148500,147000,834
101,2020-01-15,147000,147000,301
102,2020-01-16,147000,145500,1051
103,2020-01-17,145500,143000,2735
104,2020-01-20,143000,143000,5898
105,2020-01-21,142500,142500,639
106,2020-01-22,142500,141500,1198
107,2020-01-23,142000,139500,2453
108,2020-01-28,138000,135000,2753
109,2020-01-29,135000,135500,5101
110,2020-01-30,135000,134500,1527
111,2020-01-31,135500,135500,2337
112,2020-02-03,131000,134000,958
113,2020-02-04,134000,135000,1372
114,2020-02-05,134000,135500,1492
115,2020-02-06,136500,137500,1256
116,2020-02-07,138000,137500,3112
117,2020-02-10,137500,137000,1350
118,2020-02-11,136000,136500,446
119,2020-02-12,136500,136500,1255
120,2020-02-13,137000,137000,1055
121,2020-02-14,136500,137000,1001
122,2020-02-17,137000,138000,1677
123,2020-02-18,138000,136500,3038
124,2020-02-19,136000,136500,1030
125,2020-02-20,136500,136000,1432
126,2020-02-21,135000,135500,1786
127,2020-02-24,135000,131500,1846
128,2020-02-25,132000,132500,1137
129,2020-02-26,132500,133500,483
130,2020-02-27,132500,134000,1027
131,2020-02-28,133000,130000,2883
132,2020-03-02,128500,131500,961
133,2020-03-03,131500,133500,1761
134,2020-03-04,132500,136000,425
135,2020-03-05,136000,138000,1754
136,2020-03-06,138000,137500,821
137,2020-03-09,135000,133000,1831
138,2020-03-10,128000,131000,1215
139,2020-03-11,130500,134000,1310
140,2020-03-12,133000,128500,1288
141,2020-03-13,116500,116000,7368
142,2020-03-16,118000,110000,3507
143,2020-03-17,104000,103000,4286
144,2020-03-18,103000,100000,3879
145,2020-03-19,100000,92000,7256
146,2020-03-20,92000,94400,2105
147,2020-03-23,88200,91500,2540
148,2020-03-24,91000,91700,3637
149,2020-03-25,92800,95300,5536
150,2020-03-26,96400,99600,6053
151,2020-03-27,101500,101000,4904
152,2020-03-30,100000,101500,3301
153,2020-03-31,102500,112500,6427
154,2020-04-01,125000,125000,34536
155,2020-04-02,129000,124000,13792
156,2020-04-03,128000,119500,6181
157,2020-04-06,123500,124000,13643
158,2020-04-07,126500,121000,11733
159,2020-04-08,122500,119000,7775
160,2020-04-09,120000,117000,7673
161,2020-04-10,117000,121500,6392
162,2020-04-13,123500,124000,12329
163,2020-04-14,125500,127000,8775
164,2020-04-16,128000,125500,4688
165,2020-04-17,125500,125500,6407
166,2020-04-20,127000,124000,5177
167,2020-04-21,122500,123000,5543
168,2020-04-22,123000,122500,2899
169,2020-04-23,122500,125000,3980
170,2020-04-24,123500,125000,4021
171,2020-04-27,125000,127500,6722
172,2020-04-28,129000,126500,3782
173,2020-04-29,127000,130500,9299
174,2020-05-04,130500,130000,5522
175,2020-05-06,131500,129000,5127
176,2020-05-07,130500,129500,4828
177,2020-05-08,129500,129500,2972
178,2020-05-11,130500,128500,3494
179,2020-05-12,127500,126000,5344
180,2020-05-13,126000,126000,2831
181,2020-05-14,124000,126000,2694
182,2020-05-15,126500,129500,7488
183,2020-05-18,130500,138000,22278
184,2020-05-19,138000,137000,8797
185,2020-05-20,137000,137500,6524
186,2020-05-21,137500,136000,10009
187,2020-05-22,137000,135000,5504
188,2020-05-25,135500,135500,3377
189,2020-05-26,135500,135500,5374
190,2020-05-27,136000,135000,4532
191,2020-05-28,135000,133000,6274
192,2020-05-29,131500,133000,1712
193,2020-06-01,131000,135000,6161
194,2020-06-02,135500,135500,8217
195,2020-06-03,136500,133500,7885
196,2020-06-04,134000,134500,12855
197,2020-06-05,135500,136000,8201
198,2020-06-08,136000,134000,12020
199,2020-06-09,136000,154000,127101
200,2020-06-10,160000,165000,98543
201,2020-06-11,165000,157500,39892
202,2020-06-12,149000,152500,43177
203,2020-06-15,152500,150000,53276
204,2020-06-16,151500,156500,37704
205,2020-06-17,157500,165000,67494
206,2020-06-18,167500,173000,74096
207,2020-06-19,176000,171500,22080
208,2020-06-22,170500,164000,28576
209,2020-06-23,165000,161000,27299
210,2020-06-24,161500,168000,22621
211,2020-06-25,164500,167000,16168
212,2020-06-26,169500,166500,12019
213,2020-06-29,166500,165500,10944
214,2020-06-30,167000,165000,8148
215,2020-07-01,165000,162000,9862
216,2020-07-02,162500,162000,11300
217,2020-07-03,162000,165000,7723
218,2020-07-06,166500,165500,13764
219,2020-07-07,166500,164000,11671
220,2020-07-08,165500,164000,4833
221,2020-07-09,165000,164000,7225
222,2020-07-10,163000,161000,14333
223,2020-07-13,161000,158000,11234
224,2020-07-14,158000,157000,6665
225,2020-07-15,157500,154500,8313
226,2020-07-16,155500,151000,10234
227,2020-07-17,151000,155500,9699
228,2020-07-20,156500,154500,5724
229,2020-07-21,157500,154500,6007
230,2020-07-22,153500,154000,7304
231,2020-07-23,156000,154000,4806
232,2020-07-24,154500,153500,5353
233,2020-07-27,153500,154000,2734
234,2020-07-28,155000,156500,9065
235,2020-07-29,156500,160000,11340
236,2020-07-30,161000,165000,18208
237,2020-07-31,165000,165500,11030
238,2020-08-03,165500,160500,7920
239,2020-08-04,161000,164000,17222
240,2020-08-05,164000,165500,17239
241,2020-08-06,166000,165000,8838
242,2020-08-07,164000,164500,5018
243,2020-08-10,164500,166000,13654
244,2020-08-11,168500,169500,19594
245,2020-08-12,169000,182000,86174
246,2020-08-13,180000,180000,21080
247,2020-08-14,180000,179500,11307
248,2020-08-18,177000,169500,19716
249,2020-08-19,169500,172500,21035
250,2020-08-20,173500,164500,19866
251,2020-08-21,164500,162500,9996
252,2020-08-24,162500,167000,11137
253,2020-08-25,167500,169000,6649
254,2020-08-26,168000,171000,8364
255,2020-08-27,171500,170500,7761
256,2020-08-28,170500,170500,6476
257,2020-08-31,170500,171500,7407
258,2020-09-01,171000,171000,6784
259,2020-09-02,172000,171000,5899
260,2020-09-03,170500,167500,14855
261,2020-09-04,165000,167000,7122
262,2020-09-07,166000,167000,7069
263,2020-09-08,167000,166500,2276
264,2020-09-09,164000,164500,4636
265,2020-09-10,166000,164000,3201
266,2020-09-11,163000,163500,3569
267,2020-09-14,164000,163500,5337
268,2020-09-15,163500,163000,8909
269,2020-09-16,162500,163000,5505
270,2020-09-17,163000,160500,3620
271,2020-09-18,160500,161000,2850
272,2020-09-21,161000,158000,4894
273,2020-09-22,156500,154500,12390
274,2020-09-23,155000,159500,6759
275,2020-09-24,155000,156500,5710
276,2020-09-25,156500,156000,1394
277,2020-09-28,155500,157500,1986
278,2020-09-29,158500,158000,4577
279,2020-10-05,158000,158000,2676
280,2020-10-06,157500,156500,5000
281,2020-10-07,156000,156000,4734
282,2020-10-08,156500,157500,4088
283,2020-10-12,158000,157500,2080
284,2020-10-13,158500,157000,3297
285,2020-10-14,158000,156500,4268
286,2020-10-15,156500,152000,5576
287,2020-10-16,153000,152500,4067
288,2020-10-19,154000,152000,2117
289,2020-10-20,152000,150500,3358
290,2020-10-21,150500,150500,3817
291,2020-10-22,150500,148000,3140
292,2020-10-23,149000,148000,3437
293,2020-10-26,149000,144500,3584
294,2020-10-27,144500,143000,4063
295,2020-10-28,143000,143500,3529
296,2020-10-29,142000,141000,7851
297,2020-10-30,141500,138500,3685
298,2020-11-02,140000,139000,3943
299,2020-11-03,139500,142500,8173
