,date,open,close,volume
0,2019-08-16,964,928,275324
1,2019-08-19,927,897,361267
2,2019-08-20,890,929,249292
3,2019-08-21,929,925,359778
4,2019-08-22,1000,887,4565035
5,2019-08-23,887,887,732588
6,2019-08-26,876,866,340935
7,2019-08-27,870,874,801608
8,2019-08-28,877,872,497576
9,2019-08-29,872,889,474997
10,2019-08-30,897,909,486891
11,2019-09-02,904,915,308586
12,2019-09-03,925,897,429889
13,2019-09-04,883,874,208177
14,2019-09-05,872,860,210418
15,2019-09-06,861,869,233207
16,2019-09-09,842,867,294224
17,2019-09-10,855,826,357940
18,2019-09-11,845,839,320899
19,2019-09-16,842,855,923853
20,2019-09-17,832,851,226290
21,2019-09-18,851,862,311258
22,2019-09-19,861,893,391464
23,2019-09-20,900,888,181216
24,2019-09-23,888,888,108268
25,2019-09-24,875,865,175745
26,2019-09-25,865,839,134709
27,2019-09-26,839,879,465345
28,2019-09-27,868,862,388439
29,2019-09-30,862,862,172050
30,2019-10-01,846,850,83600
31,2019-10-02,835,848,382115
32,2019-10-04,833,828,160862
33,2019-10-07,828,826,142311
34,2019-10-08,826,811,295051
35,2019-10-10,796,800,195486
36,2019-10-11,801,810,171694
37,2019-10-14,797,796,75605
38,2019-10-15,794,787,186760
39,2019-10-16,787,788,130528
40,2019-10-17,789,787,59831
41,2019-10-18,782,777,159463
42,2019-10-21,777,776,192991
43,2019-10-22,766,747,476969
44,2019-10-23,719,724,394908
45,2019-10-24,724,728,271253
46,2019-10-25,728,758,770611
47,2019-10-28,766,741,163839
48,2019-10-29,741,774,714068
49,2019-10-30,784,805,921142
50,2019-10-31,800,741,6592598
51,2019-11-01,751,743,475412
52,2019-11-04,733,740,401803
53,2019-11-05,745,769,746583
54,2019-11-06,769,773,312938
55,2019-11-07,772,821,651950
56,2019-11-08,821,820,336126
57,2019-11-11,820,827,208323
58,2019-11-12,827,859,679445
59,2019-11-13,870,868,445044
60,2019-11-14,850,825,769395
61,2019-11-15,825,860,465779
62,2019-11-18,849,860,492221
63,2019-11-19,860,854,407740
64,2019-11-20,851,849,494693
65,2019-11-21,835,819,268971
66,2019-11-22,812,790,413735
67,2019-11-25,793,833,602419
68,2019-11-26,833,830,648171
69,2019-11-27,830,812,450819
70,2019-11-28,802,798,444335
71,2019-11-29,791,778,563993
72,2019-12-02,780,786,198660
73,2019-12-03,789,837,569602
74,2019-12-04,837,851,557549
75,2019-12-05,845,846,164782
76,2019-12-06,846,858,649643
77,2019-12-09,858,888,1059872
78,2019-12-10,990,920,1318385
79,2019-12-11,912,903,536030
80,2019-12-12,890,900,189875
81,2019-12-13,883,904,617535
82,2019-12-16,890,900,156192
83,2019-12-17,903,904,837859
84,2019-12-18,910,880,446730
85,2019-12-19,881,911,710279
86,2019-12-20,911,916,731532
87,2019-12-23,916,970,2040879
88,2019-12-24,973,1005,1828912
89,2019-12-26,1010,998,1502518
90,2019-12-27,998,1040,1013662
91,2019-12-30,1065,1040,895084
92,2020-01-02,1090,1175,1841858
93,2020-01-03,1180,1200,1272137
94,2020-01-06,1200,1200,1127635
95,2020-01-07,1225,1245,1400073
96,2020-01-08,1240,1185,1000982
97,2020-01-09,1200,1225,589484
98,2020-01-10,1220,1190,573859
99,2020-01-13,1195,1210,864244
100,2020-01-14,1180,1210,335745
101,2020-01-15,1230,1205,366990
102,2020-01-16,1180,1205,474265
103,2020-01-17,1205,1190,500528
104,2020-01-20,1190,1145,683736
105,2020-01-21,1155,1095,1061109
106,2020-01-22,1105,1115,875062
107,2020-01-23,1100,1090,676573
108,2020-01-28,1085,1050,1263720
109,2020-01-29,1200,1025,4008723
110,2020-01-30,1000,983,1106019
111,2020-01-31,983,969,535412
112,2020-02-03,937,969,658527
113,2020-02-04,958,951,220251
114,2020-02-05,937,952,290867
115,2020-02-06,950,952,137037
116,2020-02-07,952,950,220947
117,2020-02-10,948,947,526910
118,2020-02-11,949,947,436561
119,2020-02-12,965,941,261797
120,2020-02-13,941,985,899011
121,2020-02-14,987,989,575228
122,2020-02-17,988,990,478389
123,2020-02-18,999,988,394970
124,2020-02-19,984,963,405388
125,2020-02-20,956,908,672835
126,2020-02-21,889,906,405183
127,2020-02-24,903,875,645464
128,2020-02-25,875,891,306922
129,2020-02-26,874,870,479948
130,2020-02-27,869,855,172853
131,2020-02-28,847,856,325362
132,2020-03-02,855,855,209785
133,2020-03-03,855,850,108179
134,2020-03-04,850,841,215249
135,2020-03-05,841,870,315447
136,2020-03-06,869,885,387196
137,2020-03-09,885,857,297483
138,2020-03-10,838,848,239909
139,2020-03-11,848,816,267939
140,2020-03-12,848,793,511965
141,2020-03-13,717,825,418192
142,2020-03-16,815,816,216759
143,2020-03-17,804,858,195016
144,2020-03-18,867,845,223172
145,2020-03-19,821,800,389040
146,2020-03-20,800,800,430539
147,2020-03-23,784,776,399886
148,2020-03-24,746,726,514779
149,2020-03-25,706,839,1307323
150,2020-03-26,831,840,555932
151,2020-03-27,840,833,545299
152,2020-03-30,800,850,660137
153,2020-03-31,850,847,878160
154,2020-04-01,845,832,372826
155,2020-04-02,848,848,716733
156,2020-04-03,830,853,338095
157,2020-04-06,850,835,428254
158,2020-04-07,835,840,714154
159,2020-04-08,839,827,550150
160,2020-04-09,827,815,545473
161,2020-04-10,813,816,938269
162,2020-04-13,816,791,135039
163,2020-04-14,792,798,405230
164,2020-04-16,797,790,156968
165,2020-04-17,795,762,416685
166,2020-04-20,765,769,276282
167,2020-04-21,769,819,853749
168,2020-04-22,824,881,2670346
169,2020-04-23,868,917,1847059
170,2020-04-24,921,936,1602380
171,2020-04-27,965,928,2215774
172,2020-04-28,934,882,1285317
173,2020-04-29,879,907,1366268
174,2020-05-04,891,903,1165393
175,2020-05-06,874,875,684365
176,2020-05-07,873,891,528416
177,2020-05-08,897,891,1077090
178,2020-05-11,881,890,1203060
179,2020-05-12,890,891,1214624
180,2020-05-13,890,893,1167384
181,2020-05-14,891,896,759663
182,2020-05-15,930,887,1540016
183,2020-05-18,914,1020,6640113
184,2020-05-19,1065,1090,7011041
185,2020-05-20,1100,1010,8620751
186,2020-05-21,1030,1010,4749220
187,2020-05-22,1010,959,3963715
188,2020-05-25,964,972,3626725
189,2020-05-26,960,965,1844588
190,2020-05-27,950,986,2852853
191,2020-05-28,999,1000,3656144
192,2020-05-29,1000,988,1135645
193,2020-06-01,1000,1020,2834350
194,2020-06-02,1040,1010,2687364
195,2020-06-03,1015,1200,18100706
196,2020-06-04,1195,1240,12256038
197,2020-06-05,1200,1130,12685173
198,2020-06-08,1135,1000,7483757
199,2020-06-09,1010,1005,4986731
200,2020-06-10,999,1035,8080216
201,2020-06-11,1010,1040,2307806
202,2020-06-12,1020,1075,2383854
203,2020-06-15,1085,1005,3322832
204,2020-06-16,1015,1000,1832270
205,2020-06-17,1000,973,1986125
206,2020-06-18,975,941,2248396
207,2020-06-19,936,1020,2396602
208,2020-06-22,1025,1065,2495241
209,2020-06-23,1055,1045,1734241
210,2020-06-24,1060,1100,2723356
211,2020-06-25,1100,1210,8659989
212,2020-06-26,1545,1200,27759897
213,2020-06-29,1140,1165,5024457
214,2020-06-30,1155,1195,4945992
215,2020-07-01,1240,1150,5073020
216,2020-07-02,1150,1135,6081346
217,2020-07-03,1135,1110,5785174
218,2020-07-06,1110,1090,2401120
219,2020-07-07,1070,1055,2584007
220,2020-07-08,1040,999,4084055
221,2020-07-09,1000,1090,4546907
222,2020-07-10,1100,1080,4458782
223,2020-07-13,1085,1085,2367499
224,2020-07-14,1090,1130,6735027
225,2020-07-15,1195,1095,8904651
226,2020-07-16,1115,1045,4130924
227,2020-07-17,1030,1030,3745335
228,2020-07-20,1045,1010,2326701
229,2020-07-21,1000,990,7435325
230,2020-07-22,995,945,5922260
231,2020-07-23,950,869,6130266
232,2020-07-24,860,928,5212758
233,2020-07-27,915,720,18535991
234,2020-07-28,730,704,4510525
235,2020-07-29,680,661,4107248
236,2020-07-30,649,654,7144099
237,2020-07-31,640,696,4522274
238,2020-08-03,699,677,2155703
239,2020-08-04,680,667,2053912
240,2020-08-05,685,734,15171397
241,2020-08-06,752,729,4290045
242,2020-08-07,732,710,1934066
243,2020-08-10,710,680,2382710
244,2020-08-11,684,681,2400906
245,2020-08-12,685,690,1555899
246,2020-08-13,695,681,1608528
247,2020-08-14,684,680,1351541
248,2020-08-18,680,665,1843007
249,2020-08-19,664,645,1708990
250,2020-08-20,647,625,1585023
251,2020-08-21,624,636,1216294
252,2020-08-24,636,645,1598226
253,2020-08-25,655,700,5857347
254,2020-08-26,700,689,1904201
255,2020-08-27,689,701,2512771
256,2020-08-28,704,700,2432904
257,2020-08-31,710,701,838294
258,2020-09-01,703,695,1088971
259,2020-09-02,694,705,1398159
260,2020-09-03,708,698,1047993
261,2020-09-04,674,707,2641911
262,2020-09-07,721,869,23967748
263,2020-09-08,904,840,10025577
264,2020-09-09,838,845,3037542
265,2020-09-10,845,899,10323210
266,2020-09-11,886,915,4003425
267,2020-09-14,925,915,2029621
268,2020-09-15,916,921,2637688
269,2020-09-16,926,996,16884710
270,2020-09-17,990,1000,5223054
271,2020-09-18,999,1020,5423807
272,2020-09-21,1060,1015,11468887
273,2020-09-22,991,1015,3430175
274,2020-09-23,1025,990,2046911
275,2020-09-24,990,933,3145036
276,2020-09-25,933,900,2478423
277,2020-09-28,900,1020,4353550
278,2020-09-29,1020,1005,1813071
279,2020-10-05,996,1000,1978184
280,2020-10-06,1005,1000,1486008
281,2020-10-07,1000,1045,4121270
282,2020-10-08,1050,1050,4445880
283,2020-10-12,1065,1100,6931564
284,2020-10-13,1095,1120,5195271
285,2020-10-14,1120,1145,11799436
286,2020-10-15,1130,1180,12719642
287,2020-10-16,1160,1150,3208291
288,2020-10-19,1125,1160,2960551
289,2020-10-20,1160,1150,3491533
290,2020-10-21,1165,1145,4893500
291,2020-10-22,1125,1100,2302082
292,2020-10-23,1115,1100,1505246
293,2020-10-26,1100,1135,2293661
294,2020-10-27,1135,1150,4388573
295,2020-10-28,1160,1175,4045214
296,2020-10-29,1210,1155,8503191
297,2020-10-30,1135,1115,5995190
298,2020-11-02,1080,1030,3951676
299,2020-11-03,1030,1050,1707570
