,date,open,close,volume
0,2019-08-16,1850,1870,292376
1,2019-08-19,1870,1920,207879
2,2019-08-20,1920,1980,360358
3,2019-08-21,1980,2025,594472
4,2019-08-22,2015,2035,358506
5,2019-08-23,2015,2000,733287
6,2019-08-26,1935,1915,208420
7,2019-08-27,1925,1935,142311
8,2019-08-28,1935,1960,78993
9,2019-08-29,1975,1930,92553
10,2019-08-30,1950,1985,199735
11,2019-09-02,1980,1995,137966
12,2019-09-03,2025,2005,204418
13,2019-09-04,2015,2040,338243
14,2019-09-05,2075,2040,151579
15,2019-09-06,2050,2040,105779
16,2019-09-09,2040,2035,79380
17,2019-09-10,2030,2030,148325
18,2019-09-11,2025,2040,151660
19,2019-09-16,2085,2115,298837
20,2019-09-17,2115,2125,184737
21,2019-09-18,2115,2130,92573
22,2019-09-19,2130,2125,105533
23,2019-09-20,2125,2115,117304
24,2019-09-23,2130,2105,119757
25,2019-09-24,2120,2115,82984
26,2019-09-25,2100,2085,159545
27,2019-09-26,2115,2110,110487
28,2019-09-27,2100,2065,100676
29,2019-09-30,2050,2040,88697
30,2019-10-01,2050,2030,80245
31,2019-10-02,2020,2020,96308
32,2019-10-04,2030,2015,46868
33,2019-10-07,2015,1955,126778
34,2019-10-08,1970,1965,70160
35,2019-10-10,1950,1955,33025
36,2019-10-11,1975,1975,54107
37,2019-10-14,1995,2005,47297
38,2019-10-15,2000,2010,26156
39,2019-10-16,2010,2020,53916
40,2019-10-17,2020,2015,49629
41,2019-10-18,2010,2065,131421
42,2019-10-21,2050,2055,45268
43,2019-10-22,2060,2050,77881
44,2019-10-23,2050,2000,123345
45,2019-10-24,2000,1975,118199
46,2019-10-25,1980,1960,145519
47,2019-10-28,1960,1965,61323
48,2019-10-29,1960,1965,54678
49,2019-10-30,1950,1935,144897
50,2019-10-31,1940,1940,68732
51,2019-11-01,1950,1945,58357
52,2019-11-04,1960,2000,84432
53,2019-11-05,2000,2030,45383
54,2019-11-06,2030,2025,96717
55,2019-11-07,2025,2045,147592
56,2019-11-08,2055,2055,107035
57,2019-11-11,2070,2110,285165
58,2019-11-12,2100,2140,470309
59,2019-11-13,2150,2225,488017
60,2019-11-14,2270,2360,1878942
61,2019-11-15,2350,2375,1419534
62,2019-11-18,2500,2390,1490953
63,2019-11-19,2390,2435,520735
64,2019-11-20,2420,2340,559057
65,2019-11-21,2325,2300,333552
66,2019-11-22,2330,2280,255128
67,2019-11-25,2285,2330,340235
68,2019-11-26,2340,2375,231122
69,2019-11-27,2380,2350,223220
70,2019-11-28,2340,2285,228064
71,2019-11-29,2280,2310,75047
72,2019-12-02,2340,2310,100152
73,2019-12-03,2280,2260,132845
74,2019-12-04,2240,2245,85705
75,2019-12-05,2230,2230,147116
76,2019-12-06,2230,2240,79444
77,2019-12-09,2245,2250,82605
78,2019-12-10,2265,2230,160505
79,2019-12-11,2230,2220,98059
80,2019-12-12,2220,2245,179499
81,2019-12-13,2245,2245,139907
82,2019-12-16,2245,2275,82204
83,2019-12-17,2275,2285,154762
84,2019-12-18,2310,2280,131547
85,2019-12-19,2285,2345,346631
86,2019-12-20,2375,2360,152361
87,2019-12-23,2375,2455,10038783
88,2019-12-24,2490,2535,3423091
89,2019-12-26,2525,2615,1363298
90,2019-12-27,2565,2595,550513
91,2019-12-30,2600,2575,433527
92,2020-01-02,2585,2575,369732
93,2020-01-03,2550,2560,553139
94,2020-01-06,2520,2480,407952
95,2020-01-07,2490,2495,189325
96,2020-01-08,2460,2355,479485
97,2020-01-09,2420,2495,251634
98,2020-01-10,2495,2530,240267
99,2020-01-13,2530,2625,714268
100,2020-01-14,2640,2605,353195
101,2020-01-15,2605,2590,179453
102,2020-01-16,2615,2610,209824
103,2020-01-17,2610,2660,398330
104,2020-01-20,2685,2590,394078
105,2020-01-21,2600,2540,298701
106,2020-01-22,2540,2565,148304
107,2020-01-23,2565,2515,197545
108,2020-01-28,2395,2400,363678
109,2020-01-29,2410,2415,130475
110,2020-01-30,2415,2345,276392
111,2020-01-31,2325,2255,248744
112,2020-02-03,2200,2265,290677
113,2020-02-04,2295,2290,163418
114,2020-02-05,2350,2325,228235
115,2020-02-06,2325,2510,443162
116,2020-02-07,2490,2535,254061
117,2020-02-10,2530,2640,414297
118,2020-02-11,2685,2680,648438
119,2020-02-12,2705,2675,293965
120,2020-02-13,2680,2670,208986
121,2020-02-14,2650,2665,217753
122,2020-02-17,2665,2675,267944
123,2020-02-18,2675,2795,2222933
124,2020-02-19,2775,2785,525473
125,2020-02-20,2805,2835,627617
126,2020-02-21,2770,2725,461836
127,2020-02-24,2610,2575,476555
128,2020-02-25,2600,2695,444879
129,2020-02-26,2665,2785,546145
130,2020-02-27,2825,2685,363781
131,2020-02-28,2600,2535,419359
132,2020-03-02,2540,2560,253553
133,2020-03-03,2635,2555,263919
134,2020-03-04,2515,2500,756762
135,2020-03-05,2535,2600,357867
136,2020-03-06,2550,2505,433267
137,2020-03-09,2450,2295,691635
138,2020-03-10,2230,2275,397321
139,2020-03-11,2285,2125,581118
140,2020-03-12,2095,1935,670411
141,2020-03-13,1690,1775,840933
142,2020-03-16,1785,1675,738694
143,2020-03-17,1565,1670,575653
144,2020-03-18,1680,1575,437577
145,2020-03-19,1580,1330,730106
146,2020-03-20,1330,1365,688045
147,2020-03-23,1290,1195,481741
148,2020-03-24,1215,1325,472455
149,2020-03-25,1370,1485,722661
150,2020-03-26,1500,1490,503367
151,2020-03-27,1570,1500,467738
152,2020-03-30,1450,1580,389361
153,2020-03-31,1625,1700,544244
154,2020-04-01,1700,1695,398563
155,2020-04-02,1710,1780,515589
156,2020-04-03,1825,1815,689400
157,2020-04-06,1820,1900,412543
158,2020-04-07,1960,1915,431459
159,2020-04-08,1915,1920,302831
160,2020-04-09,1945,2045,660793
161,2020-04-10,2095,2060,385685
162,2020-04-13,2060,1980,260279
163,2020-04-14,1990,2030,184937
164,2020-04-16,2065,2120,433279
165,2020-04-17,2145,2220,597803
166,2020-04-20,2230,2230,377476
167,2020-04-21,2235,2150,462598
168,2020-04-22,2140,2170,276850
169,2020-04-23,2230,2190,319032
170,2020-04-24,2190,2115,230203
171,2020-04-27,2120,2170,186281
172,2020-04-28,2195,2150,152850
173,2020-04-29,2150,2165,183073
174,2020-05-04,2125,2160,179476
175,2020-05-06,2260,2195,205939
176,2020-05-07,2230,2210,185183
177,2020-05-08,2220,2505,3871397
178,2020-05-11,2505,2495,1621907
179,2020-05-12,2510,2465,755402
180,2020-05-13,2405,2465,710668
181,2020-05-14,2465,2635,6420833
182,2020-05-15,2635,2685,1314719
183,2020-05-18,2675,2750,1493739
184,2020-05-19,2755,2765,708949
185,2020-05-20,2790,2910,1599509
186,2020-05-21,3515,3780,5453314
187,2020-05-22,4130,3690,19667955
188,2020-05-25,3690,3765,7030708
189,2020-05-26,3790,3890,6155762
190,2020-05-27,4570,4410,20019503
191,2020-05-28,4410,4160,5240484
192,2020-05-29,4150,4440,6227297
193,2020-06-01,4395,4500,7148395
194,2020-06-02,4455,4435,2363948
195,2020-06-03,4525,4430,5545248
196,2020-06-04,4505,4360,1743414
197,2020-06-05,4360,4315,966865
198,2020-06-08,4345,4520,4424218
199,2020-06-09,4445,4385,1398963
200,2020-06-10,4310,4185,1381993
201,2020-06-11,4170,4120,1114019
202,2020-06-12,3800,4000,1616919
203,2020-06-15,4065,3620,1319654
204,2020-06-16,3800,3775,857556
205,2020-06-17,3720,3730,643009
206,2020-06-18,3755,3760,2708106
207,2020-06-19,3805,3940,1039928
208,2020-06-22,4095,4100,3314068
209,2020-06-23,4120,4310,2354567
210,2020-06-24,4280,4255,2409296
211,2020-06-25,4105,4090,934675
212,2020-06-26,4120,5310,69367804
213,2020-06-29,5600,5080,40040781
214,2020-06-30,5150,5400,14480899
215,2020-07-01,5300,5000,6699824
216,2020-07-02,4930,5040,5630176
217,2020-07-03,5040,5000,4655233
218,2020-07-06,5080,5060,2026500
219,2020-07-07,5100,5030,7695293
220,2020-07-08,5080,5280,6352518
221,2020-07-09,5570,6200,63740519
222,2020-07-10,6110,6420,13277369
223,2020-07-13,6340,6650,28068553
224,2020-07-14,6760,5930,18136486
225,2020-07-15,6110,5930,4236336
226,2020-07-16,5870,6280,32917369
227,2020-07-17,6280,6510,9113146
228,2020-07-20,6660,6750,23755965
229,2020-07-21,6750,7560,42846431
230,2020-07-22,7620,7340,19048090
231,2020-07-23,7430,7210,4198559
232,2020-07-24,7140,7210,4659702
233,2020-07-27,7110,7330,10540966
234,2020-07-28,7420,7380,3021522
235,2020-07-29,7410,7290,2768210
236,2020-07-30,7330,7250,2870214
237,2020-07-31,7250,7080,2238567
238,2020-08-03,7040,7130,1996620
239,2020-08-04,7160,7190,2776262
240,2020-08-05,7200,7120,1173424
241,2020-08-06,7170,7480,2503152
242,2020-08-07,7500,7300,2119758
243,2020-08-10,7350,7620,4172328
244,2020-08-11,7660,7490,4029929
245,2020-08-12,7490,7170,2732721
246,2020-08-13,7300,7050,1489297
247,2020-08-14,7050,6660,2013008
248,2020-08-18,6700,6180,1990999
249,2020-08-19,6270,6520,4500609
250,2020-08-20,6520,6110,1995734
251,2020-08-21,6200,6110,1462874
252,2020-08-24,6120,6310,5130459
253,2020-08-25,6300,6490,1664781
254,2020-08-26,6530,6600,2398169
255,2020-08-27,6680,6400,2083744
256,2020-08-28,6430,6670,12103072
257,2020-08-31,6880,7140,6973654
258,2020-09-01,7520,7110,4674780
259,2020-09-02,7140,7040,2289306
260,2020-09-03,7160,7260,9897186
261,2020-09-04,6800,9050,57970023
262,2020-09-07,9840,10100,47274815
263,2020-09-08,10400,9610,20073568
264,2020-09-09,9830,10100,13880611
265,2020-09-10,10100,10000,5091177
266,2020-09-11,10000,10650,9522887
267,2020-09-14,10450,9970,4730124
268,2020-09-15,9870,9640,4354115
269,2020-09-16,9550,9650,5057957
270,2020-09-17,9710,9250,2374404
271,2020-09-18,9350,9250,1670381
272,2020-09-21,9290,8730,2727692
273,2020-09-22,8660,8510,2716381
274,2020-09-23,8670,8100,2086064
275,2020-09-24,7860,8100,6148552
276,2020-09-25,8270,7720,1771625
277,2020-09-28,7940,8310,2861021
278,2020-09-29,8450,8320,1362960
279,2020-10-05,8630,8720,3881132
280,2020-10-06,8930,8750,1562170
281,2020-10-07,8640,8890,1983507
282,2020-10-08,9040,9390,4245286
283,2020-10-12,9510,9410,4287020
284,2020-10-13,9430,9510,5650460
285,2020-10-14,9500,9420,2554076
286,2020-10-15,9500,9160,22414350
287,2020-10-16,9130,8510,3394106
288,2020-10-19,8450,7930,2204673
289,2020-10-20,7930,8250,2116983
290,2020-10-21,8300,8070,1028914
291,2020-10-22,8050,7580,2066932
292,2020-10-23,7780,7560,1456885
293,2020-10-26,7500,7130,1927010
294,2020-10-27,7010,7530,2836479
295,2020-10-28,7540,8090,3130572
296,2020-10-29,7930,8100,1426293
297,2020-10-30,8020,7650,1503236
298,2020-11-02,7650,8070,1708801
299,2020-11-03,8250,8140,2042107
