,date,open,close,volume
0,2019-08-16,4250,4150,171672
1,2019-08-19,4160,4170,162441
2,2019-08-20,4200,4195,116842
3,2019-08-21,4195,4190,128279
4,2019-08-22,4190,4070,326826
5,2019-08-23,4065,4030,127317
6,2019-08-26,4000,4000,95342
7,2019-08-27,4000,4000,91237
8,2019-08-28,3950,4095,148580
9,2019-08-29,4095,4150,74552
10,2019-08-30,4150,4160,78676
11,2019-09-02,4150,4150,47954
12,2019-09-03,4150,4200,76571
13,2019-09-04,4165,4205,61369
14,2019-09-05,4185,4200,79050
15,2019-09-06,4195,4190,43595
16,2019-09-09,4185,4085,141677
17,2019-09-10,4085,4250,127543
18,2019-09-11,4225,4345,102051
19,2019-09-16,4320,4340,100367
20,2019-09-17,4340,4355,57078
21,2019-09-18,4340,4390,104257
22,2019-09-19,4385,4305,151375
23,2019-09-20,4315,4380,102155
24,2019-09-23,4430,4430,117570
25,2019-09-24,4430,4440,47797
26,2019-09-25,4430,4335,120924
27,2019-09-26,4340,4375,77984
28,2019-09-27,4340,4395,106018
29,2019-09-30,4390,4400,95879
30,2019-10-01,4410,4430,70070
31,2019-10-02,4405,4385,66224
32,2019-10-04,4385,4300,103384
33,2019-10-07,4300,4360,77063
34,2019-10-08,4340,4380,54742
35,2019-10-10,4305,4480,131138
36,2019-10-11,4450,4405,153502
37,2019-10-14,4380,4415,129585
38,2019-10-15,4400,4520,138551
39,2019-10-16,4500,4455,135153
40,2019-10-17,4465,4425,47580
41,2019-10-18,4425,4455,137530
42,2019-10-21,4440,4440,92978
43,2019-10-22,4420,4485,71560
44,2019-10-23,4460,4400,208928
45,2019-10-24,4350,4470,84273
46,2019-10-25,4470,4395,54710
47,2019-10-28,4440,4485,79148
48,2019-10-29,4470,4465,47806
49,2019-10-30,4465,4385,182748
50,2019-10-31,4355,4400,52121
51,2019-11-01,4400,4380,34506
52,2019-11-04,4380,4440,76857
53,2019-11-05,4400,4430,38458
54,2019-11-06,4460,4480,102936
55,2019-11-07,4480,4460,72706
56,2019-11-08,4500,4470,67696
57,2019-11-11,4470,4440,51222
58,2019-11-12,4410,4420,63546
59,2019-11-13,4430,4440,65393
60,2019-11-14,4425,4415,141037
61,2019-11-15,4330,4420,114346
62,2019-11-18,4395,4315,108757
63,2019-11-19,4315,4170,182721
64,2019-11-20,4175,4135,122626
65,2019-11-21,4185,4140,58159
66,2019-11-22,4160,4130,34651
67,2019-11-25,4125,4150,53319
68,2019-11-26,4190,4105,84550
69,2019-11-27,4120,4085,53505
70,2019-11-28,4085,4100,37615
71,2019-11-29,4100,4055,64665
72,2019-12-02,4065,4035,92466
73,2019-12-03,4030,4015,77384
74,2019-12-04,4005,4050,52891
75,2019-12-05,4000,4085,62134
76,2019-12-06,4050,4065,61742
77,2019-12-09,4090,4100,33674
78,2019-12-10,4100,4125,54178
79,2019-12-11,4090,4080,33235
80,2019-12-12,4065,4175,60392
81,2019-12-13,4155,4180,85873
82,2019-12-16,4180,4180,111547
83,2019-12-17,4180,4170,87840
84,2019-12-18,4130,4145,57916
85,2019-12-19,4140,4130,56592
86,2019-12-20,4130,4170,84502
87,2019-12-23,4170,4175,60929
88,2019-12-24,4175,4220,104681
89,2019-12-26,4225,4220,215203
90,2019-12-27,4125,4070,127931
91,2019-12-30,4070,4085,43244
92,2020-01-02,4085,4040,76609
93,2020-01-03,4025,3995,159558
94,2020-01-06,3995,4040,129032
95,2020-01-07,4005,4020,57297
96,2020-01-08,4005,3965,86995
97,2020-01-09,4020,4010,51565
98,2020-01-10,4000,3960,67144
99,2020-01-13,3930,4025,52507
100,2020-01-14,4025,4000,43093
101,2020-01-15,4060,4005,72014
102,2020-01-16,4000,4030,101871
103,2020-01-17,4030,4035,56158
104,2020-01-20,4035,4040,47402
105,2020-01-21,4015,4015,30134
106,2020-01-22,3990,4015,36947
107,2020-01-23,4010,4000,66680
108,2020-01-28,3930,3925,108816
109,2020-01-29,3905,3970,51701
110,2020-01-30,3940,3940,104187
111,2020-01-31,3925,3900,55279
112,2020-02-03,3855,3920,58502
113,2020-02-04,3950,3905,42053
114,2020-02-05,3975,3900,44692
115,2020-02-06,3900,3905,59315
116,2020-02-07,3890,3865,88936
117,2020-02-10,3865,3840,35541
118,2020-02-11,3830,3840,94788
119,2020-02-12,3805,3725,334002
120,2020-02-13,3740,3815,130719
121,2020-02-14,3815,3815,110890
122,2020-02-17,3815,3845,32754
123,2020-02-18,3815,3845,57431
124,2020-02-19,3800,3820,74754
125,2020-02-20,3805,3820,76196
126,2020-02-21,3805,3800,107326
127,2020-02-24,3700,3675,172395
128,2020-02-25,3645,3820,118926
129,2020-02-26,3775,3770,150123
130,2020-02-27,3860,3785,40450
131,2020-02-28,3760,3790,97635
132,2020-03-02,3800,3750,81242
133,2020-03-03,3755,3755,86037
134,2020-03-04,3755,3790,56573
135,2020-03-05,3790,3850,46684
136,2020-03-06,3840,3870,46588
137,2020-03-09,3865,3760,113738
138,2020-03-10,3665,3725,107401
139,2020-03-11,3660,3565,243022
140,2020-03-12,3470,3330,206374
141,2020-03-13,3160,3360,213316
142,2020-03-16,3370,3360,155975
143,2020-03-17,3200,3400,120149
144,2020-03-18,3400,3410,55909
145,2020-03-19,3355,3120,97234
146,2020-03-20,3075,3130,92762
147,2020-03-23,3060,2930,77914
148,2020-03-24,2970,2990,90829
149,2020-03-25,3070,3040,119164
150,2020-03-26,3070,3065,113310
151,2020-03-27,3160,3135,167744
152,2020-03-30,3100,3135,85734
153,2020-03-31,3140,3270,59654
154,2020-04-01,3285,3210,103103
155,2020-04-02,3250,3285,30344
156,2020-04-03,3390,3340,45153
157,2020-04-06,3365,3475,248365
158,2020-04-07,3480,3430,132959
159,2020-04-08,3445,3435,64211
160,2020-04-09,3490,3500,73702
161,2020-04-10,3550,3500,59129
162,2020-04-13,3500,3410,88107
163,2020-04-14,3405,3390,112747
164,2020-04-16,3450,3420,79772
165,2020-04-17,3420,3525,81608
166,2020-04-20,3585,3590,84137
167,2020-04-21,3610,3530,108050
168,2020-04-22,3450,3570,85359
169,2020-04-23,3550,3560,62667
170,2020-04-24,3560,3515,102944
171,2020-04-27,3490,3535,125529
172,2020-04-28,3500,3560,43162
173,2020-04-29,3565,3550,140155
174,2020-05-04,3560,3570,96444
175,2020-05-06,3570,3605,73560
176,2020-05-07,3590,3575,48510
177,2020-05-08,3570,3610,98665
178,2020-05-11,3580,3535,86248
179,2020-05-12,3540,3485,75554
180,2020-05-13,3425,3430,122164
181,2020-05-14,3440,3350,295732
182,2020-05-15,3320,3520,204083
183,2020-05-18,3620,3625,208431
184,2020-05-19,3680,3700,203807
185,2020-05-20,3690,3655,74036
186,2020-05-21,3650,3625,107781
187,2020-05-22,3595,3550,154841
188,2020-05-25,3550,3570,93729
189,2020-05-26,3570,3625,112195
190,2020-05-27,3625,3670,144504
191,2020-05-28,3675,3575,122574
192,2020-05-29,3585,3610,163947
193,2020-06-01,3600,3655,134413
194,2020-06-02,3650,3650,122601
195,2020-06-03,3605,3640,337029
196,2020-06-04,3670,3605,225237
197,2020-06-05,3605,3605,176610
198,2020-06-08,3620,3665,229458
199,2020-06-09,3695,3645,167170
200,2020-06-10,3655,3610,122771
201,2020-06-11,3600,3515,214629
202,2020-06-12,3415,3395,186066
203,2020-06-15,3465,3300,159114
204,2020-06-16,3335,3330,474713
205,2020-06-17,3325,3425,812728
206,2020-06-18,3435,3450,185022
207,2020-06-19,3655,3495,313086
208,2020-06-22,3495,3390,151510
209,2020-06-23,3410,3385,162594
210,2020-06-24,3385,3330,360964
211,2020-06-25,3320,3330,247501
212,2020-06-26,3330,3380,104416
213,2020-06-29,3385,3275,201205
214,2020-06-30,3290,3285,191730
215,2020-07-01,3320,3330,106389
216,2020-07-02,3325,3330,112659
217,2020-07-03,3330,3420,95369
218,2020-07-06,3395,3430,110997
219,2020-07-07,3420,3355,154846
220,2020-07-08,3425,3325,195716
221,2020-07-09,3335,3350,78950
222,2020-07-10,3350,3335,143624
223,2020-07-13,3335,3345,123659
224,2020-07-14,3350,3335,142250
225,2020-07-15,3335,3420,198859
226,2020-07-16,3430,3455,143096
227,2020-07-17,3470,3440,91596
228,2020-07-20,3435,3525,232436
229,2020-07-21,3540,3485,301824
230,2020-07-22,3465,3560,184243
231,2020-07-23,3560,3520,182546
232,2020-07-24,3520,3540,124713
233,2020-07-27,3540,3595,220480
234,2020-07-28,3595,3595,163537
235,2020-07-29,3570,3635,159235
236,2020-07-30,3610,3650,119378
237,2020-07-31,3625,3610,149356
238,2020-08-03,3610,3685,297513
239,2020-08-04,3690,3740,346488
240,2020-08-05,3705,3700,232336
241,2020-08-06,3715,3655,263206
242,2020-08-07,3650,3625,226536
243,2020-08-10,3625,3610,161623
244,2020-08-11,3625,3750,395659
245,2020-08-12,3750,3795,330682
246,2020-08-13,3800,3795,211755
247,2020-08-14,3795,3680,193509
248,2020-08-18,3670,3530,303268
249,2020-08-19,3540,3630,148919
250,2020-08-20,3630,3475,243069
251,2020-08-21,3480,3580,113288
252,2020-08-24,3580,3600,87180
253,2020-08-25,3615,3650,116786
254,2020-08-26,3650,3600,101276
255,2020-08-27,3605,3545,210640
256,2020-08-28,3565,3700,304488
257,2020-08-31,3725,3835,703413
258,2020-09-01,3850,4010,823655
259,2020-09-02,4010,3985,220045
260,2020-09-03,3995,4105,423778
261,2020-09-04,4040,3990,425864
262,2020-09-07,3990,4075,273610
263,2020-09-08,4050,4075,134911
264,2020-09-09,3995,4040,154884
265,2020-09-10,3990,4000,232216
266,2020-09-11,3990,4000,179314
267,2020-09-14,4010,4035,228548
268,2020-09-15,4065,4030,121955
269,2020-09-16,4030,4030,225281
270,2020-09-17,4045,3990,214709
271,2020-09-18,4005,3925,278539
272,2020-09-21,3930,3865,134359
273,2020-09-22,3890,3785,230869
274,2020-09-23,3800,3930,112321
275,2020-09-24,3800,3795,182550
276,2020-09-25,3810,3830,74575
277,2020-09-28,3870,3950,195676
278,2020-09-29,3950,3970,77504
279,2020-10-05,4000,4010,118490
280,2020-10-06,4050,3995,83570
281,2020-10-07,3940,3980,107684
282,2020-10-08,3985,3970,124279
283,2020-10-12,4005,4030,141145
284,2020-10-13,4060,4060,161315
285,2020-10-14,4060,4225,606187
286,2020-10-15,4225,4110,261738
287,2020-10-16,4120,4115,149717
288,2020-10-19,4110,4115,76716
289,2020-10-20,4115,4140,244731
290,2020-10-21,4140,4190,107032
291,2020-10-22,4180,4320,838968
292,2020-10-23,4330,4275,183892
293,2020-10-26,4245,4200,226300
294,2020-10-27,4210,4170,139543
295,2020-10-28,4170,4330,296156
296,2020-10-29,4280,4230,150669
297,2020-10-30,4235,4200,108955
298,2020-11-02,4180,4195,94942
299,2020-11-03,4195,4220,123622
