,date,open,close,volume
0,2019-08-16,5210,5040,160277
1,2019-08-19,5100,5230,97237
2,2019-08-20,5260,5340,85770
3,2019-08-21,5260,5600,104579
4,2019-08-22,5540,5450,60698
5,2019-08-23,5400,5490,54323
6,2019-08-26,5300,5070,167991
7,2019-08-27,5120,5140,54087
8,2019-08-28,5240,5380,81839
9,2019-08-29,5300,5370,68565
10,2019-08-30,5600,5570,73218
11,2019-09-02,5400,5690,74957
12,2019-09-03,5550,5590,44747
13,2019-09-04,5560,5700,51521
14,2019-09-05,5820,5720,48698
15,2019-09-06,5670,5640,44054
16,2019-09-09,5670,5560,53044
17,2019-09-10,5520,5510,54538
18,2019-09-11,5570,5510,100354
19,2019-09-16,5550,5790,92329
20,2019-09-17,5710,5770,55025
21,2019-09-18,5700,5750,59364
22,2019-09-19,5750,5780,66861
23,2019-09-20,5800,5790,49835
24,2019-09-23,5770,5690,45536
25,2019-09-24,5780,6080,390857
26,2019-09-25,5990,5880,109153
27,2019-09-26,5840,5910,117428
28,2019-09-27,5910,5870,64967
29,2019-09-30,5760,5740,94717
30,2019-10-01,5650,5720,95632
31,2019-10-02,5730,5570,76082
32,2019-10-04,5540,5590,63417
33,2019-10-07,5560,5500,67117
34,2019-10-08,5400,5200,189179
35,2019-10-10,5200,5070,87996
36,2019-10-11,5020,5120,46753
37,2019-10-14,5150,5240,45348
38,2019-10-15,5350,5320,91130
39,2019-10-16,5300,5270,45308
40,2019-10-17,5320,5300,53018
41,2019-10-18,5300,5180,58883
42,2019-10-21,5250,5080,133546
43,2019-10-22,5090,5080,119817
44,2019-10-23,5050,5060,78465
45,2019-10-24,5030,5080,129523
46,2019-10-25,5060,5080,63733
47,2019-10-28,5030,5510,685632
48,2019-10-29,5450,5900,457021
49,2019-10-30,5870,5630,176253
50,2019-10-31,5610,5700,86462
51,2019-11-01,5710,5790,62575
52,2019-11-04,5750,5800,69477
53,2019-11-05,5720,5810,44109
54,2019-11-06,5750,5960,402757
55,2019-11-07,5920,5880,70980
56,2019-11-08,5830,5930,50439
57,2019-11-11,5880,5800,54903
58,2019-11-12,5900,5920,49628
59,2019-11-13,5870,5770,48807
60,2019-11-14,5850,5800,49358
61,2019-11-15,5840,5800,45166
62,2019-11-18,5800,5670,47868
63,2019-11-19,5700,5520,74996
64,2019-11-20,5530,5500,58306
65,2019-11-21,5470,5160,172016
66,2019-11-22,5200,5150,196952
67,2019-11-25,5130,5140,149645
68,2019-11-26,5090,5160,91831
69,2019-11-27,5120,5120,213177
70,2019-11-28,5100,5140,60493
71,2019-11-29,5190,5130,43391
72,2019-12-02,5070,5150,65815
73,2019-12-03,5060,5040,83191
74,2019-12-04,5000,5040,73810
75,2019-12-05,5010,5040,149194
76,2019-12-06,5090,5190,91348
77,2019-12-09,5190,5100,130815
78,2019-12-10,5040,5070,57876
79,2019-12-11,5020,5090,62356
80,2019-12-12,5100,5280,313219
81,2019-12-13,5300,5530,162361
82,2019-12-16,5530,5470,61969
83,2019-12-17,5470,5600,63019
84,2019-12-18,5690,5530,42188
85,2019-12-19,5480,5560,62200
86,2019-12-20,5560,5540,31877
87,2019-12-23,5540,5600,72865
88,2019-12-24,5560,5600,58507
89,2019-12-26,5600,5900,168627
90,2019-12-27,5800,5930,91104
91,2019-12-30,5940,5970,71914
92,2020-01-02,5970,5810,101243
93,2020-01-03,5870,5630,98639
94,2020-01-06,5620,5470,109474
95,2020-01-07,5430,5540,50860
96,2020-01-08,5650,5460,129628
97,2020-01-09,5520,5770,130216
98,2020-01-10,5820,5850,91954
99,2020-01-13,5930,5880,131192
100,2020-01-14,5950,5710,232938
101,2020-01-15,5680,5610,107623
102,2020-01-16,5720,5950,390267
103,2020-01-17,6000,5940,211856
104,2020-01-20,6050,5710,277385
105,2020-01-21,5710,5640,109317
106,2020-01-22,5710,5770,72955
107,2020-01-23,5790,5700,104021
108,2020-01-28,5430,5490,166103
109,2020-01-29,5490,5510,63012
110,2020-01-30,5490,5300,158310
111,2020-01-31,5350,5550,157631
112,2020-02-03,5550,5700,237104
113,2020-02-04,5800,5710,128391
114,2020-02-05,5740,5570,121865
115,2020-02-06,5570,5740,220612
116,2020-02-07,5750,5630,120671
117,2020-02-10,5570,5890,195518
118,2020-02-11,5920,5940,179881
119,2020-02-12,5920,5940,100739
120,2020-02-13,5880,5970,127764
121,2020-02-14,5970,6240,501618
122,2020-02-17,6430,7240,7922404
123,2020-02-18,7620,7040,4958696
124,2020-02-19,7250,7080,1343533
125,2020-02-20,6860,7960,8688803
126,2020-02-21,7570,7400,5054719
127,2020-02-24,7100,6730,3440894
128,2020-02-25,6500,6730,1844564
129,2020-02-26,6520,6500,1869202
130,2020-02-27,6420,6160,872083
131,2020-02-28,6010,5860,755817
132,2020-03-02,5890,5890,373058
133,2020-03-03,6100,5770,603671
134,2020-03-04,5680,5770,344765
135,2020-03-05,5870,5660,386295
136,2020-03-06,5590,5390,465149
137,2020-03-09,5280,4970,496009
138,2020-03-10,4800,5060,400586
139,2020-03-11,5020,4780,315145
140,2020-03-12,4700,4300,616369
141,2020-03-13,4100,3955,708902
142,2020-03-16,4065,3770,380394
143,2020-03-17,3360,3835,281061
144,2020-03-18,3835,3500,299316
145,2020-03-19,3545,3320,625162
146,2020-03-20,3475,3530,317054
147,2020-03-23,3200,3075,312436
148,2020-03-24,3110,3445,232966
149,2020-03-25,3540,3780,375698
150,2020-03-26,3745,3680,296402
151,2020-03-27,3780,3640,331149
152,2020-03-30,3635,4000,514876
153,2020-03-31,4210,4740,1291130
154,2020-04-01,5000,4980,1652623
155,2020-04-02,5730,5760,3682301
156,2020-04-03,6060,5330,1455088
157,2020-04-06,5350,5450,827575
158,2020-04-07,5660,5590,1114826
159,2020-04-08,5610,5710,1915481
160,2020-04-09,5720,5530,666113
161,2020-04-10,5520,5250,708274
162,2020-04-13,5140,4850,388646
163,2020-04-14,4800,4980,271015
164,2020-04-16,4935,5040,198662
165,2020-04-17,5090,5040,274532
166,2020-04-20,5010,5010,163119
167,2020-04-21,4960,4995,288033
168,2020-04-22,4900,4900,152144
169,2020-04-23,4835,4915,118177
170,2020-04-24,4895,4810,184243
171,2020-04-27,4760,5010,168988
172,2020-04-28,5020,5360,984123
173,2020-04-29,5200,5050,334032
174,2020-05-04,5050,4935,165769
175,2020-05-06,5040,5210,358201
176,2020-05-07,5210,5200,206407
177,2020-05-08,5230,5300,209333
178,2020-05-11,5280,5350,307890
179,2020-05-12,5350,5200,195503
180,2020-05-13,5120,5180,99569
181,2020-05-14,5120,5140,117199
182,2020-05-15,5190,5190,156802
183,2020-05-18,5160,5180,139686
184,2020-05-19,5200,5260,198748
185,2020-05-20,5280,5300,196643
186,2020-05-21,5350,5330,202190
187,2020-05-22,5290,5220,186691
188,2020-05-25,5180,5390,234183
189,2020-05-26,5390,5360,204740
190,2020-05-27,5380,5400,1308274
191,2020-05-28,5420,5230,435306
192,2020-05-29,5210,5110,157459
193,2020-06-01,5070,5220,141182
194,2020-06-02,5200,5350,247252
195,2020-06-03,5360,5430,231998
196,2020-06-04,5380,5370,217085
197,2020-06-05,5390,5470,145331
198,2020-06-08,5480,5410,168281
199,2020-06-09,5480,5370,128631
200,2020-06-10,5380,5340,94274
201,2020-06-11,5320,5200,264543
202,2020-06-12,5000,5060,200877
203,2020-06-15,5010,4700,264328
204,2020-06-16,4710,5140,248060
205,2020-06-17,5120,4990,159070
206,2020-06-18,4850,4955,88550
207,2020-06-19,4960,4935,99783
208,2020-06-22,4880,4885,93691
209,2020-06-23,4850,4990,142456
210,2020-06-24,4970,5050,184733
211,2020-06-25,4955,4960,415710
212,2020-06-26,5000,5030,133604
213,2020-06-29,5010,4870,141804
214,2020-06-30,4930,5040,244989
215,2020-07-01,5010,5070,87801
216,2020-07-02,5030,5180,223527
217,2020-07-03,5210,5260,645822
218,2020-07-06,5180,5300,301538
219,2020-07-07,5310,5230,129248
220,2020-07-08,5150,5250,135524
221,2020-07-09,5410,5300,119579
222,2020-07-10,5300,5300,214741
223,2020-07-13,5300,5250,90786
224,2020-07-14,5150,5240,116477
225,2020-07-15,5150,5240,111622
226,2020-07-16,5240,5200,131995
227,2020-07-17,5150,5130,125342
228,2020-07-20,5140,5090,114490
229,2020-07-21,5090,5080,127221
230,2020-07-22,5070,5060,125687
231,2020-07-23,5050,5040,138232
232,2020-07-24,5040,5030,114224
233,2020-07-27,5040,5000,101384
234,2020-07-28,5000,4970,97680
235,2020-07-29,5000,4985,104164
236,2020-07-30,4940,4995,127430
237,2020-07-31,5000,4945,80824
238,2020-08-03,4930,4895,111346
239,2020-08-04,4850,4975,76212
240,2020-08-05,4990,5080,148527
241,2020-08-06,5090,5080,144369
242,2020-08-07,5080,5040,113537
243,2020-08-10,5010,5030,83397
244,2020-08-11,5050,5020,87533
245,2020-08-12,5040,4985,188274
246,2020-08-13,5000,5130,195137
247,2020-08-14,5090,5080,122955
248,2020-08-18,5100,4870,221494
249,2020-08-19,4950,4940,106873
250,2020-08-20,4895,4690,198252
251,2020-08-21,4825,4765,123223
252,2020-08-24,4795,4870,109926
253,2020-08-25,4870,4900,95542
254,2020-08-26,4930,4745,209147
255,2020-08-27,4770,4630,193728
256,2020-08-28,4635,4695,167140
257,2020-08-31,4720,4885,254346
258,2020-09-01,5320,4850,363805
259,2020-09-02,4935,4900,101513
260,2020-09-03,5100,4990,192325
261,2020-09-04,4850,4885,188172
262,2020-09-07,4920,4980,185382
263,2020-09-08,5070,5200,558116
264,2020-09-09,5110,5080,295305
265,2020-09-10,5120,5160,268048
266,2020-09-11,5210,5140,159824
267,2020-09-14,5160,5440,482922
268,2020-09-15,5310,5380,201489
269,2020-09-16,5350,5190,176057
270,2020-09-17,5170,5030,191886
271,2020-09-18,5120,5060,112229
272,2020-09-21,5020,4950,191002
273,2020-09-22,4995,4850,141458
274,2020-09-23,4910,4915,124231
275,2020-09-24,4890,5070,1403450
276,2020-09-25,5050,4910,201660
277,2020-09-28,5020,4930,173798
278,2020-09-29,4935,5140,347677
279,2020-10-05,5150,5200,221546
280,2020-10-06,5170,5100,167226
281,2020-10-07,5080,5120,98301
282,2020-10-08,5120,5120,98019
283,2020-10-12,5100,5190,121625
284,2020-10-13,5230,5220,169629
285,2020-10-14,5250,5080,158317
286,2020-10-15,5030,4965,222736
287,2020-10-16,4965,4850,161862
288,2020-10-19,4885,4865,87947
289,2020-10-20,4865,4915,94558
290,2020-10-21,4855,5020,87156
291,2020-10-22,4965,4935,58848
292,2020-10-23,4905,4850,115408
293,2020-10-26,4805,4770,67966
294,2020-10-27,4780,4855,79667
295,2020-10-28,4855,4900,132386
296,2020-10-29,4810,4930,207327
297,2020-10-30,4930,4800,63379
298,2020-11-02,4800,4855,50055
299,2020-11-03,4860,4855,72252
