,date,open,close,volume
0,2019-08-16,6700,6700,34952
1,2019-08-19,6700,6630,14603
2,2019-08-20,6690,6740,41265
3,2019-08-21,6740,6700,20073
4,2019-08-22,6780,6680,13559
5,2019-08-23,6530,6630,17643
6,2019-08-26,6450,6550,29315
7,2019-08-27,6690,6520,23119
8,2019-08-28,6520,6380,34546
9,2019-08-29,6320,6350,35441
10,2019-08-30,6360,6470,17490
11,2019-09-02,6390,6490,9744
12,2019-09-03,6490,6540,5159
13,2019-09-04,6560,6550,6719
14,2019-09-05,6550,6500,11617
15,2019-09-06,6500,6460,6855
16,2019-09-09,6540,6480,3178
17,2019-09-10,6300,6450,7069
18,2019-09-11,6540,6420,10320
19,2019-09-16,6380,6350,13299
20,2019-09-17,6380,6440,10955
21,2019-09-18,6500,6420,1630
22,2019-09-19,6380,6450,9996
23,2019-09-20,6450,6420,11477
24,2019-09-23,6410,6450,5213
25,2019-09-24,6470,6480,2624
26,2019-09-25,6490,6450,3586
27,2019-09-26,6450,6450,7636
28,2019-09-27,6450,6450,3636
29,2019-09-30,6450,6420,4721
30,2019-10-01,6420,6450,15012
31,2019-10-02,6450,6460,3505
32,2019-10-04,6480,6410,4299
33,2019-10-07,6370,6480,12465
34,2019-10-08,6620,6440,9112
35,2019-10-10,6450,6490,8756
36,2019-10-11,6500,6480,11524
37,2019-10-14,6480,6480,12508
38,2019-10-15,6480,6530,11558
39,2019-10-16,6750,6500,6810
40,2019-10-17,6500,6500,6206
41,2019-10-18,6500,6520,11827
42,2019-10-21,6590,6500,12589
43,2019-10-22,6460,6530,9752
44,2019-10-23,6570,6500,29729
45,2019-10-24,6470,6520,10956
46,2019-10-25,6520,6490,10212
47,2019-10-28,6490,6470,8354
48,2019-10-29,6400,6000,54529
49,2019-10-30,6000,6040,65155
50,2019-10-31,5810,6020,35974
51,2019-11-01,6020,6000,50738
52,2019-11-04,6000,6320,37118
53,2019-11-05,6320,6270,22129
54,2019-11-06,6380,6230,25904
55,2019-11-07,6380,6190,43117
56,2019-11-08,6330,6160,5200
57,2019-11-11,6060,6230,12727
58,2019-11-12,6210,6290,9765
59,2019-11-13,6240,6290,66768
60,2019-11-14,6220,6300,16168
61,2019-11-15,6230,6210,11823
62,2019-11-18,6210,6180,13749
63,2019-11-19,6180,5900,38005
64,2019-11-20,5940,5670,35687
65,2019-11-21,5490,5490,81534
66,2019-11-22,5480,5530,76830
67,2019-11-25,5530,5350,10878
68,2019-11-26,5140,5470,27588
69,2019-11-27,5470,5450,11378
70,2019-11-28,5490,5570,34051
71,2019-11-29,5550,5420,16928
72,2019-12-02,5420,5420,15565
73,2019-12-03,5420,5560,13494
74,2019-12-04,5350,5490,16413
75,2019-12-05,5410,5490,27179
76,2019-12-06,5490,5420,28566
77,2019-12-09,5700,5460,21148
78,2019-12-10,5360,5360,59844
79,2019-12-11,5490,5360,120289
80,2019-12-12,5400,5400,49568
81,2019-12-13,5400,5400,35175
82,2019-12-16,5400,5390,42799
83,2019-12-17,5390,5330,45976
84,2019-12-18,5400,5560,1385839
85,2019-12-19,5560,5590,71510
86,2019-12-20,5550,5540,54911
87,2019-12-23,5600,5460,28984
88,2019-12-24,5410,5400,45387
89,2019-12-26,5390,5400,27788
90,2019-12-27,5350,5600,19121
91,2019-12-30,5630,5800,30531
92,2020-01-02,5750,5640,16747
93,2020-01-03,5640,5640,22290
94,2020-01-06,5680,5600,14602
95,2020-01-07,5670,5610,5685
96,2020-01-08,5600,5490,13681
97,2020-01-09,5660,5520,17935
98,2020-01-10,5680,5500,9326
99,2020-01-13,5450,5440,28594
100,2020-01-14,5490,5600,27012
101,2020-01-15,5550,5600,4152
102,2020-01-16,5660,5490,17724
103,2020-01-17,5510,5570,7164
104,2020-01-20,5570,5540,6155
105,2020-01-21,5540,5550,6052
106,2020-01-22,5550,5520,9078
107,2020-01-23,5460,5450,15076
108,2020-01-28,5220,5620,258728
109,2020-01-29,5650,5460,67635
110,2020-01-30,5570,5690,353609
111,2020-01-31,6010,6210,1263474
112,2020-02-03,6400,5320,1897443
113,2020-02-04,5450,5170,565839
114,2020-02-05,5150,4960,352185
115,2020-02-06,5000,4965,163719
116,2020-02-07,4980,4965,75640
117,2020-02-10,4975,4970,43628
118,2020-02-11,4970,4895,154118
119,2020-02-12,4900,4900,32240
120,2020-02-13,4945,4880,73553
121,2020-02-14,4890,4855,44200
122,2020-02-17,4835,4830,48556
123,2020-02-18,4830,4970,79570
124,2020-02-19,4930,4935,77307
125,2020-02-20,4980,5020,267600
126,2020-02-21,5110,5040,235484
127,2020-02-24,5140,4880,159127
128,2020-02-25,4880,4845,67849
129,2020-02-26,4750,4840,18935
130,2020-02-27,4845,4825,55970
131,2020-02-28,4760,4785,85947
132,2020-03-02,4700,4795,35416
133,2020-03-03,4795,4830,44097
134,2020-03-04,4825,4940,51759
135,2020-03-05,4910,4945,65346
136,2020-03-06,5040,5100,380940
137,2020-03-09,5080,4950,103544
138,2020-03-10,4780,4850,66550
139,2020-03-11,4805,4700,83858
140,2020-03-12,4630,4555,81970
141,2020-03-13,4200,4200,123440
142,2020-03-16,4180,4380,113224
143,2020-03-17,3725,4240,55898
144,2020-03-18,4225,4360,55050
145,2020-03-19,4300,4040,35392
146,2020-03-20,4040,4375,49948
147,2020-03-23,4350,4350,15982
148,2020-03-24,4445,4500,57859
149,2020-03-25,4700,4590,51256
150,2020-03-26,4590,4630,34978
151,2020-03-27,4630,4665,70738
152,2020-03-30,4665,4650,21347
153,2020-03-31,4680,4735,38930
154,2020-04-01,4790,4735,35780
155,2020-04-02,4700,4695,24315
156,2020-04-03,4695,4660,33974
157,2020-04-06,4660,4750,70428
158,2020-04-07,4750,4775,56314
159,2020-04-08,4775,4705,36036
160,2020-04-09,4705,4725,30390
161,2020-04-10,4725,4755,33496
162,2020-04-13,4690,4650,13608
163,2020-04-14,4565,4650,7681
164,2020-04-16,4650,4660,13197
165,2020-04-17,4660,4795,49366
166,2020-04-20,4830,4850,40311
167,2020-04-21,4895,4850,38126
168,2020-04-22,4755,4850,19489
169,2020-04-23,4850,4810,26980
170,2020-04-24,4810,4850,9783
171,2020-04-27,4890,4775,14414
172,2020-04-28,4775,4965,68812
173,2020-04-29,4980,4925,14847
174,2020-05-04,4925,4925,23564
175,2020-05-06,4880,5020,20897
176,2020-05-07,5020,5010,56384
177,2020-05-08,5110,5110,9308
178,2020-05-11,5110,5110,5740
179,2020-05-12,5130,5070,13463
180,2020-05-13,5060,4920,15263
181,2020-05-14,4970,4890,11160
182,2020-05-15,4775,4870,15467
183,2020-05-18,4870,4905,6015
184,2020-05-19,4905,4945,16067
185,2020-05-20,4860,4905,26113
186,2020-05-21,4905,5140,46218
187,2020-05-22,5140,5090,25218
188,2020-05-25,5090,5140,129801
189,2020-05-26,5230,5110,92839
190,2020-05-27,5110,5080,99571
191,2020-05-28,5120,5010,52321
192,2020-05-29,5010,5000,14955
193,2020-06-01,5000,5020,13327
194,2020-06-02,5020,5190,67999
195,2020-06-03,5270,5170,37635
196,2020-06-04,5170,5120,45770
197,2020-06-05,5120,5130,34291
198,2020-06-08,5190,5200,31273
199,2020-06-09,5250,5190,17379
200,2020-06-10,5140,5100,34498
201,2020-06-11,5050,5020,62124
202,2020-06-12,4920,4895,13483
203,2020-06-15,4820,4650,38491
204,2020-06-16,4660,4790,16208
205,2020-06-17,4705,4740,30632
206,2020-06-18,4740,4735,23536
207,2020-06-19,4705,4740,20687
208,2020-06-22,4730,4680,14395
209,2020-06-23,4680,4610,18761
210,2020-06-24,4610,4615,7891
211,2020-06-25,4550,4570,32294
212,2020-06-26,4570,4700,15807
213,2020-06-29,4750,4715,5112
214,2020-06-30,4695,4680,5098
215,2020-07-01,4645,4680,8893
216,2020-07-02,4700,4640,4129
217,2020-07-03,4655,4695,1717
218,2020-07-06,4700,4705,14732
219,2020-07-07,4720,4720,12065
220,2020-07-08,4845,4715,14877
221,2020-07-09,4715,4735,8643
222,2020-07-10,4690,4690,13267
223,2020-07-13,4690,4845,41198
224,2020-07-14,4850,4855,12417
225,2020-07-15,4825,4815,13161
226,2020-07-16,4805,4850,32440
227,2020-07-17,4850,5170,166400
228,2020-07-20,5240,5190,27774
229,2020-07-21,5190,5130,13871
230,2020-07-22,5140,5200,31275
231,2020-07-23,5170,5220,29035
232,2020-07-24,5200,4975,61531
233,2020-07-27,4975,5010,9464
234,2020-07-28,5060,5000,11870
235,2020-07-29,5070,5030,8383
236,2020-07-30,5060,5020,10616
237,2020-07-31,5020,5010,7133
238,2020-08-03,4965,4990,10969
239,2020-08-04,4930,5000,22941
240,2020-08-05,5100,5110,49286
241,2020-08-06,5110,5300,100155
242,2020-08-07,5300,5200,36626
243,2020-08-10,5190,5190,16317
244,2020-08-11,5190,5180,26993
245,2020-08-12,5200,5190,16547
246,2020-08-13,5180,5210,26764
247,2020-08-14,5210,5100,14208
248,2020-08-18,5140,5040,38296
249,2020-08-19,5000,5040,13986
250,2020-08-20,5070,5250,105185
251,2020-08-21,5220,5190,66771
252,2020-08-24,5220,5360,71890
253,2020-08-25,5360,5930,389628
254,2020-08-26,5860,5970,73489
255,2020-08-27,5850,6700,446853
256,2020-08-28,6740,6660,251480
257,2020-08-31,6650,6370,57359
258,2020-09-01,6300,6880,150151
259,2020-09-02,6840,6750,110076
260,2020-09-03,6750,6500,201632
261,2020-09-04,6280,6560,49885
262,2020-09-07,6500,6700,61555
263,2020-09-08,6640,6780,31458
264,2020-09-09,6570,6620,27303
265,2020-09-10,6620,6720,37195
266,2020-09-11,6630,6700,16435
267,2020-09-14,6700,6580,25838
268,2020-09-15,6580,6420,40407
269,2020-09-16,6520,6420,16626
270,2020-09-17,6490,6390,12700
271,2020-09-18,6390,6420,19295
272,2020-09-21,6490,6400,10774
273,2020-09-22,6370,6060,35316
274,2020-09-23,6010,6130,42879
275,2020-09-24,6130,6050,31758
276,2020-09-25,5990,5920,11902
277,2020-09-28,6020,5990,8578
278,2020-09-29,6200,6100,13174
279,2020-10-05,6100,6100,11909
280,2020-10-06,6350,6020,18714
281,2020-10-07,6020,6040,12344
282,2020-10-08,6190,6040,25789
283,2020-10-12,6040,6000,13605
284,2020-10-13,6260,5890,25839
285,2020-10-14,5890,5970,25835
286,2020-10-15,5910,5970,10014
287,2020-10-16,5970,6630,3210816
288,2020-10-19,6630,6700,539528
289,2020-10-20,7010,8000,3237957
290,2020-10-21,7920,8290,1437496
291,2020-10-22,8210,8210,278355
292,2020-10-23,8210,9420,3690416
293,2020-10-26,9280,9430,527180
294,2020-10-27,9410,10350,2799586
295,2020-10-28,10250,10700,431637
296,2020-10-29,10700,9300,382095
297,2020-10-30,9130,8970,234100
298,2020-11-02,8910,9510,141234
299,2020-11-03,9510,9530,69899
