,date,open,close,volume
0,2019-08-16,523,501,118871
1,2019-08-19,491,522,287561
2,2019-08-20,522,560,273435
3,2019-08-21,560,598,816030
4,2019-08-22,599,587,367248
5,2019-08-23,587,596,415289
6,2019-08-26,595,579,223480
7,2019-08-27,580,581,191639
8,2019-08-28,581,578,91111
9,2019-08-29,588,555,220987
10,2019-08-30,550,565,109695
11,2019-09-02,565,561,60341
12,2019-09-03,561,545,169689
13,2019-09-04,547,550,92642
14,2019-09-05,550,550,35895
15,2019-09-06,567,547,48609
16,2019-09-09,547,539,153242
17,2019-09-10,540,531,81927
18,2019-09-11,531,543,37556
19,2019-09-16,543,547,42638
20,2019-09-17,547,557,29560
21,2019-09-18,557,559,25322
22,2019-09-19,548,555,41569
23,2019-09-20,555,549,145833
24,2019-09-23,543,558,76761
25,2019-09-24,558,556,16042
26,2019-09-25,545,544,32551
27,2019-09-26,544,540,31707
28,2019-09-27,534,518,81291
29,2019-09-30,518,531,65171
30,2019-10-01,531,540,146077
31,2019-10-02,540,530,82460
32,2019-10-04,530,535,69607
33,2019-10-07,535,530,85260
34,2019-10-08,530,534,134974
35,2019-10-10,533,525,103818
36,2019-10-11,522,525,47092
37,2019-10-14,525,532,158234
38,2019-10-15,545,528,107856
39,2019-10-16,530,534,87525
40,2019-10-17,559,538,188382
41,2019-10-18,531,544,149563
42,2019-10-21,544,541,84355
43,2019-10-22,541,546,152519
44,2019-10-23,553,541,181200
45,2019-10-24,541,545,111919
46,2019-10-25,548,549,133399
47,2019-10-28,548,550,99909
48,2019-10-29,554,527,104210
49,2019-10-30,527,519,226617
50,2019-10-31,518,527,148432
51,2019-11-01,527,525,142353
52,2019-11-04,520,525,233514
53,2019-11-05,515,524,113495
54,2019-11-06,524,524,58913
55,2019-11-07,529,528,62598
56,2019-11-08,518,525,61301
57,2019-11-11,525,523,72400
58,2019-11-12,512,536,136004
59,2019-11-13,541,613,6413916
60,2019-11-14,613,623,1110750
61,2019-11-15,615,590,633902
62,2019-11-18,588,638,3314324
63,2019-11-19,638,613,589908
64,2019-11-20,619,586,654446
65,2019-11-21,605,583,197609
66,2019-11-22,589,587,397599
67,2019-11-25,571,587,150463
68,2019-11-26,588,591,176931
69,2019-11-27,591,594,167832
70,2019-11-28,584,592,130571
71,2019-11-29,567,578,197169
72,2019-12-02,578,579,158615
73,2019-12-03,579,573,121182
74,2019-12-04,565,570,127161
75,2019-12-05,570,596,653297
76,2019-12-06,596,617,424592
77,2019-12-09,617,613,138084
78,2019-12-10,601,608,255577
79,2019-12-11,609,603,143046
80,2019-12-12,596,604,62885
81,2019-12-13,604,610,60709
82,2019-12-16,617,606,80547
83,2019-12-17,600,591,127051
84,2019-12-18,591,587,163905
85,2019-12-19,587,596,250330
86,2019-12-20,596,594,213136
87,2019-12-23,594,581,270202
88,2019-12-24,581,575,235252
89,2019-12-26,575,572,267532
90,2019-12-27,573,589,117385
91,2019-12-30,589,585,129107
92,2020-01-02,585,588,121481
93,2020-01-03,588,599,232446
94,2020-01-06,600,595,128045
95,2020-01-07,595,616,312448
96,2020-01-08,616,600,202082
97,2020-01-09,600,595,85999
98,2020-01-10,600,611,241264
99,2020-01-13,613,617,194385
100,2020-01-14,617,620,139087
101,2020-01-15,620,617,112320
102,2020-01-16,617,610,128623
103,2020-01-17,610,603,82465
104,2020-01-20,603,591,117039
105,2020-01-21,580,585,82559
106,2020-01-22,587,585,122701
107,2020-01-23,585,583,65703
108,2020-01-28,578,560,287308
109,2020-01-29,555,561,129150
110,2020-01-30,561,553,61830
111,2020-01-31,540,550,66015
112,2020-02-03,520,538,99423
113,2020-02-04,543,541,224686
114,2020-02-05,560,546,219471
115,2020-02-06,540,546,160725
116,2020-02-07,546,550,148442
117,2020-02-10,570,715,12663981
118,2020-02-11,748,709,17063338
119,2020-02-12,709,657,3141685
120,2020-02-13,657,616,2826087
121,2020-02-14,619,602,711387
122,2020-02-17,604,575,759564
123,2020-02-18,580,593,607929
124,2020-02-19,593,586,359682
125,2020-02-20,586,589,329279
126,2020-02-21,589,569,786672
127,2020-02-24,550,543,406246
128,2020-02-25,535,545,297448
129,2020-02-26,548,547,279011
130,2020-02-27,545,523,460534
131,2020-02-28,521,506,438960
132,2020-03-02,507,520,176829
133,2020-03-03,520,523,113824
134,2020-03-04,526,533,167792
135,2020-03-05,545,559,525239
136,2020-03-06,559,551,123661
137,2020-03-09,550,527,176951
138,2020-03-10,490,526,207039
139,2020-03-11,517,501,325297
140,2020-03-12,480,491,326361
141,2020-03-13,465,429,733568
142,2020-03-16,460,435,244200
143,2020-03-17,431,444,158091
144,2020-03-18,441,434,248904
145,2020-03-19,422,414,396967
146,2020-03-20,449,429,251610
147,2020-03-23,422,404,199077
148,2020-03-24,405,408,165796
149,2020-03-25,412,428,130308
150,2020-03-26,440,450,271364
151,2020-03-27,463,447,346864
152,2020-03-30,448,485,388484
153,2020-03-31,493,490,298407
154,2020-04-01,490,480,332512
155,2020-04-02,478,471,262606
156,2020-04-03,472,489,269923
157,2020-04-06,489,492,345483
158,2020-04-07,495,506,510288
159,2020-04-08,504,508,173424
160,2020-04-09,510,522,253063
161,2020-04-10,522,530,345111
162,2020-04-13,528,494,212949
163,2020-04-14,494,491,204962
164,2020-04-16,489,500,597805
165,2020-04-17,500,503,191643
166,2020-04-20,503,498,350912
167,2020-04-21,498,489,190896
168,2020-04-22,482,483,171425
169,2020-04-23,482,490,144808
170,2020-04-24,488,489,152806
171,2020-04-27,487,486,192193
172,2020-04-28,485,487,102499
173,2020-04-29,487,513,2451713
174,2020-05-04,505,506,352425
175,2020-05-06,501,509,208078
176,2020-05-07,508,510,351309
177,2020-05-08,509,515,314730
178,2020-05-11,515,504,162147
179,2020-05-12,502,498,215471
180,2020-05-13,498,487,131865
181,2020-05-14,483,488,256259
182,2020-05-15,487,512,302453
183,2020-05-18,511,503,213246
184,2020-05-19,503,501,179796
185,2020-05-20,501,503,212636
186,2020-05-21,503,499,126530
187,2020-05-22,495,494,202936
188,2020-05-25,492,509,301771
189,2020-05-26,503,495,236366
190,2020-05-27,498,496,425866
191,2020-05-28,498,485,242477
192,2020-05-29,484,484,112102
193,2020-06-01,484,481,139102
194,2020-06-02,481,483,172754
195,2020-06-03,482,484,164623
196,2020-06-04,484,486,124248
197,2020-06-05,486,488,137399
198,2020-06-08,488,491,180317
199,2020-06-09,491,490,84232
200,2020-06-10,495,488,157245
201,2020-06-11,485,483,110119
202,2020-06-12,477,474,183673
203,2020-06-15,471,444,206949
204,2020-06-16,444,450,195132
205,2020-06-17,450,448,197001
206,2020-06-18,448,445,22024
207,2020-06-19,445,439,173179
208,2020-06-22,441,442,108967
209,2020-06-23,446,438,98314
210,2020-06-24,434,433,191570
211,2020-06-25,428,422,287478
212,2020-06-26,422,431,119797
213,2020-06-29,430,431,138938
214,2020-06-30,426,432,98307
215,2020-07-01,440,428,140060
216,2020-07-02,428,433,31578
217,2020-07-03,433,436,79444
218,2020-07-06,458,445,79868
219,2020-07-07,448,477,5312013
220,2020-07-08,480,458,608251
221,2020-07-09,462,449,659999
222,2020-07-10,447,457,286154
223,2020-07-13,452,448,173887
224,2020-07-14,441,443,258570
225,2020-07-15,443,451,112284
226,2020-07-16,450,444,127467
227,2020-07-17,438,450,99001
228,2020-07-20,455,448,80195
229,2020-07-21,448,453,124209
230,2020-07-22,446,446,217370
231,2020-07-23,447,443,108376
232,2020-07-24,443,439,140676
233,2020-07-27,439,436,97759
234,2020-07-28,436,432,155036
235,2020-07-29,432,428,236663
236,2020-07-30,427,425,259236
237,2020-07-31,420,420,78859
238,2020-08-03,420,431,150019
239,2020-08-04,431,435,110564
240,2020-08-05,430,425,139219
241,2020-08-06,425,421,155622
242,2020-08-07,423,427,149665
243,2020-08-10,427,422,150422
244,2020-08-11,429,424,121605
245,2020-08-12,425,422,135578
246,2020-08-13,420,424,233920
247,2020-08-14,424,427,87099
248,2020-08-18,439,433,529394
249,2020-08-19,430,429,79493
250,2020-08-20,432,419,247318
251,2020-08-21,417,423,74356
252,2020-08-24,426,423,316723
253,2020-08-25,423,426,152897
254,2020-08-26,427,434,208929
255,2020-08-27,435,429,106843
256,2020-08-28,429,461,1398192
257,2020-08-31,462,501,1900181
258,2020-09-01,501,511,851476
259,2020-09-02,522,501,491573
260,2020-09-03,506,503,321492
261,2020-09-04,494,510,239597
262,2020-09-07,510,511,263953
263,2020-09-08,517,505,140403
264,2020-09-09,499,503,200333
265,2020-09-10,501,503,129542
266,2020-09-11,503,514,864101
267,2020-09-14,520,517,127875
268,2020-09-15,519,600,19885611
269,2020-09-16,639,572,5316269
270,2020-09-17,572,537,1635655
271,2020-09-18,537,515,554628
272,2020-09-21,515,508,433256
273,2020-09-22,500,486,558336
274,2020-09-23,486,477,654668
275,2020-09-24,469,457,476517
276,2020-09-25,459,465,237488
277,2020-09-28,468,503,347079
278,2020-09-29,503,493,271482
279,2020-10-05,493,513,526424
280,2020-10-06,522,520,197830
281,2020-10-07,519,547,418797
282,2020-10-08,556,544,273380
283,2020-10-12,547,521,139316
284,2020-10-13,525,520,83254
285,2020-10-14,523,537,171554
286,2020-10-15,533,511,338148
287,2020-10-16,511,507,127152
288,2020-10-19,507,516,151424
289,2020-10-20,510,523,16616636
290,2020-10-21,529,525,1333237
291,2020-10-22,525,525,522441
292,2020-10-23,523,532,803018
293,2020-10-26,532,515,446418
294,2020-10-27,511,513,419554
295,2020-10-28,514,535,466801
296,2020-10-29,531,558,1501980
297,2020-10-30,580,530,543428
298,2020-11-02,545,586,14870573
299,2020-11-03,588,578,2270500
