,date,open,close,volume
0,2019-08-16,8490,8500,24866
1,2019-08-19,8600,8450,13615
2,2019-08-20,8450,8700,37019
3,2019-08-21,8690,8660,13813
4,2019-08-22,8510,8600,19805
5,2019-08-23,8530,8530,9239
6,2019-08-26,8410,8200,22902
7,2019-08-27,8200,8390,23969
8,2019-08-28,8300,8590,26900
9,2019-08-29,8680,8440,36222
10,2019-08-30,8440,8740,22076
11,2019-09-02,8700,8810,12390
12,2019-09-03,8760,8830,19172
13,2019-09-04,8730,9230,55700
14,2019-09-05,9230,9060,16001
15,2019-09-06,9100,9300,43493
16,2019-09-09,9400,9510,92850
17,2019-09-10,9500,9450,48020
18,2019-09-11,9480,9470,43156
19,2019-09-16,9540,9470,22112
20,2019-09-17,9400,9500,36947
21,2019-09-18,9540,9470,38128
22,2019-09-19,9470,9390,111160
23,2019-09-20,9390,9310,35730
24,2019-09-23,9360,9590,56147
25,2019-09-24,9750,9590,40233
26,2019-09-25,9650,9500,30080
27,2019-09-26,9460,9370,52465
28,2019-09-27,9370,9380,22301
29,2019-09-30,9360,9340,11162
30,2019-10-01,9320,9250,30474
31,2019-10-02,9060,9120,28555
32,2019-10-04,9220,8910,21426
33,2019-10-07,9050,8990,21900
34,2019-10-08,9200,8850,34364
35,2019-10-10,8840,8900,43718
36,2019-10-11,8900,9300,32912
37,2019-10-14,9300,9320,23506
38,2019-10-15,9320,9430,17620
39,2019-10-16,9500,9430,22003
40,2019-10-17,9480,9400,16122
41,2019-10-18,9400,9290,25177
42,2019-10-21,9240,9200,19972
43,2019-10-22,9200,9140,27120
44,2019-10-23,9050,8920,30145
45,2019-10-24,9170,8980,13192
46,2019-10-25,9060,9020,17461
47,2019-10-28,9150,9080,7540
48,2019-10-29,8980,9000,18903
49,2019-10-30,9000,8940,11168
50,2019-10-31,8900,8950,14810
51,2019-11-01,8900,8790,31759
52,2019-11-04,8950,8850,13118
53,2019-11-05,8950,8900,15249
54,2019-11-06,8850,8720,12148
55,2019-11-07,8700,8750,27966
56,2019-11-08,8670,8610,14436
57,2019-11-11,8570,8700,15743
58,2019-11-12,8710,8630,12582
59,2019-11-13,8630,8630,16279
60,2019-11-14,8600,8520,24185
61,2019-11-15,8520,8570,15471
62,2019-11-18,8760,8690,28920
63,2019-11-19,8690,8600,32931
64,2019-11-20,8520,8470,30525
65,2019-11-21,8470,8260,23858
66,2019-11-22,8250,8340,6514
67,2019-11-25,8500,8330,15055
68,2019-11-26,8330,8480,17211
69,2019-11-27,8580,8380,12218
70,2019-11-28,8300,8380,11888
71,2019-11-29,8330,8200,28542
72,2019-12-02,8200,8010,25208
73,2019-12-03,8010,8010,16343
74,2019-12-04,8130,8080,41145
75,2019-12-05,8060,8080,19751
76,2019-12-06,7950,8110,10902
77,2019-12-09,8000,7970,24616
78,2019-12-10,7960,7900,7606
79,2019-12-11,7900,8000,33555
80,2019-12-12,8070,8030,28718
81,2019-12-13,8030,8030,54515
82,2019-12-16,8030,7980,43813
83,2019-12-17,8000,8240,50478
84,2019-12-18,8280,8200,22693
85,2019-12-19,8300,8160,29183
86,2019-12-20,8200,8140,22794
87,2019-12-23,8140,8210,17036
88,2019-12-24,8160,8120,35550
89,2019-12-26,8130,8300,29907
90,2019-12-27,8300,8340,35234
91,2019-12-30,8330,8460,22607
92,2020-01-02,8840,8710,97440
93,2020-01-03,8790,8570,31237
94,2020-01-06,8570,8390,20654
95,2020-01-07,8500,8400,18127
96,2020-01-08,8440,8190,68149
97,2020-01-09,8260,8360,32695
98,2020-01-10,8490,8550,40588
99,2020-01-13,8680,8530,13145
100,2020-01-14,8530,8450,31027
101,2020-01-15,8400,8470,14260
102,2020-01-16,8430,8490,22989
103,2020-01-17,8490,8450,108101
104,2020-01-20,8460,8690,133396
105,2020-01-21,8730,8610,52020
106,2020-01-22,8550,8600,22161
107,2020-01-23,8690,9000,143268
108,2020-01-28,8500,8670,49035
109,2020-01-29,8670,8860,38707
110,2020-01-30,8860,9050,147604
111,2020-01-31,9050,9150,212425
112,2020-02-03,9050,9170,90841
113,2020-02-04,9400,9740,216200
114,2020-02-05,10200,9790,666582
115,2020-02-06,9900,10000,221606
116,2020-02-07,10000,9940,90548
117,2020-02-10,9980,10050,175199
118,2020-02-11,10150,10000,177553
119,2020-02-12,10150,10150,343641
120,2020-02-13,10150,10000,158524
121,2020-02-14,10000,10100,90559
122,2020-02-17,10050,10050,107057
123,2020-02-18,10000,9820,105892
124,2020-02-19,9850,9830,93398
125,2020-02-20,9860,9860,132979
126,2020-02-21,9790,9350,119878
127,2020-02-24,9090,8960,112587
128,2020-02-25,8860,9040,103736
129,2020-02-26,8890,8800,108158
130,2020-02-27,8800,8400,110520
131,2020-02-28,8060,7920,181842
132,2020-03-02,7880,8190,70666
133,2020-03-03,8400,8140,82422
134,2020-03-04,8140,8420,41300
135,2020-03-05,8590,8540,39881
136,2020-03-06,8510,8220,88474
137,2020-03-09,8180,7800,94563
138,2020-03-10,7610,7850,53440
139,2020-03-11,7900,7440,89610
140,2020-03-12,7330,6720,130137
141,2020-03-13,6210,7020,251979
142,2020-03-16,7350,6570,125800
143,2020-03-17,6000,6570,75828
144,2020-03-18,6700,6370,80212
145,2020-03-19,6380,5490,198545
146,2020-03-20,5500,6100,112369
147,2020-03-23,5550,5640,94918
148,2020-03-24,5850,6100,71925
149,2020-03-25,6150,6380,100018
150,2020-03-26,6400,6310,91583
151,2020-03-27,6450,6070,156587
152,2020-03-30,5970,6130,61498
153,2020-03-31,6160,6320,71320
154,2020-04-01,6310,6170,100371
155,2020-04-02,6270,6230,34781
156,2020-04-03,6270,6400,80864
157,2020-04-06,6400,6700,94139
158,2020-04-07,6900,7160,110652
159,2020-04-08,7160,7200,110346
160,2020-04-09,7240,7200,40338
161,2020-04-10,7210,7090,67707
162,2020-04-13,7100,6730,68224
163,2020-04-14,6990,7080,61850
164,2020-04-16,7080,7240,53131
165,2020-04-17,7370,7410,78188
166,2020-04-20,7480,7310,60605
167,2020-04-21,7200,7070,111755
168,2020-04-22,7020,7000,61373
169,2020-04-23,7000,7190,61802
170,2020-04-24,7080,6880,82994
171,2020-04-27,6880,7000,65974
172,2020-04-28,7070,7020,40770
173,2020-04-29,7030,7090,53400
174,2020-05-04,7050,6860,53199
175,2020-05-06,6910,7160,33990
176,2020-05-07,7350,7370,60900
177,2020-05-08,7550,7430,39922
178,2020-05-11,7450,7270,75026
179,2020-05-12,7350,7180,43445
180,2020-05-13,7100,7180,23210
181,2020-05-14,7180,7070,22538
182,2020-05-15,7150,6870,65974
183,2020-05-18,6870,7000,74369
184,2020-05-19,7100,7250,73468
185,2020-05-20,7310,7360,34267
186,2020-05-21,7430,7500,86629
187,2020-05-22,7480,7410,56143
188,2020-05-25,7350,7330,33751
189,2020-05-26,7300,7400,66726
190,2020-05-27,7420,7330,84519
191,2020-05-28,7550,7420,302234
192,2020-05-29,7590,7500,83051
193,2020-06-01,7600,7560,54893
194,2020-06-02,7560,7480,63831
195,2020-06-03,7520,7450,54172
196,2020-06-04,7510,7490,67215
197,2020-06-05,7490,8010,260990
198,2020-06-08,8020,7770,120266
199,2020-06-09,7800,7750,92454
200,2020-06-10,7750,7690,51815
201,2020-06-11,7690,7400,88530
202,2020-06-12,6940,7080,83163
203,2020-06-15,7100,6720,76091
204,2020-06-16,6970,6970,41247
205,2020-06-17,6930,6910,44523
206,2020-06-18,6850,6890,26469
207,2020-06-19,6810,6890,22985
208,2020-06-22,6830,7010,25666
209,2020-06-23,7090,6920,46794
210,2020-06-24,6920,6900,34835
211,2020-06-25,6820,6640,66857
212,2020-06-26,6690,6660,18761
213,2020-06-29,6600,6640,29401
214,2020-06-30,6860,6860,27036
215,2020-07-01,6890,6970,35604
216,2020-07-02,6970,6910,16699
217,2020-07-03,6910,6900,38074
218,2020-07-06,6900,6910,40860
219,2020-07-07,7030,6870,27499
220,2020-07-08,6950,6910,32571
221,2020-07-09,6870,6950,28306
222,2020-07-10,6880,6830,34908
223,2020-07-13,6920,7010,57426
224,2020-07-14,6940,6860,36827
225,2020-07-15,6860,7000,16758
226,2020-07-16,7020,7040,39735
227,2020-07-17,7040,7010,34494
228,2020-07-20,7030,7030,42062
229,2020-07-21,6970,7040,28769
230,2020-07-22,7040,7090,43221
231,2020-07-23,7090,7030,47683
232,2020-07-24,7030,6870,48960
233,2020-07-27,6880,6920,20231
234,2020-07-28,6920,6930,64667
235,2020-07-29,7050,6930,28336
236,2020-07-30,7070,7070,43302
237,2020-07-31,7160,7070,63661
238,2020-08-03,7070,6930,36600
239,2020-08-04,6930,6950,34512
240,2020-08-05,6980,7010,65776
241,2020-08-06,7010,6980,59942
242,2020-08-07,6990,6880,31804
243,2020-08-10,6880,6930,34065
244,2020-08-11,7030,6940,33300
245,2020-08-12,6940,7100,89356
246,2020-08-13,7230,7230,210255
247,2020-08-14,7250,7020,111786
248,2020-08-18,7030,6490,155664
249,2020-08-19,6500,6610,90060
250,2020-08-20,6480,6180,119169
251,2020-08-21,6230,6460,68486
252,2020-08-24,6370,6520,28298
253,2020-08-25,6520,6540,20908
254,2020-08-26,6590,6500,21721
255,2020-08-27,6520,6310,39375
256,2020-08-28,6340,6320,26650
257,2020-08-31,6260,6360,28814
258,2020-09-01,6380,6370,15987
259,2020-09-02,6360,6370,39303
260,2020-09-03,6370,6340,41705
261,2020-09-04,6240,6200,52217
262,2020-09-07,6220,6330,26913
263,2020-09-08,6320,6240,46061
264,2020-09-09,6230,6220,41579
265,2020-09-10,6300,6340,24111
266,2020-09-11,6350,6300,35370
267,2020-09-14,6300,6370,26306
268,2020-09-15,6370,6800,109015
269,2020-09-16,6800,6660,84271
270,2020-09-17,6620,6490,52081
271,2020-09-18,6490,6470,18993
272,2020-09-21,6480,6480,32556
273,2020-09-22,6410,6330,21774
274,2020-09-23,6450,6330,18206
275,2020-09-24,6220,6180,28735
276,2020-09-25,6290,6200,19143
277,2020-09-28,6270,6240,12325
278,2020-09-29,6320,6240,17390
279,2020-10-05,6240,6270,7837
280,2020-10-06,6310,6470,28643
281,2020-10-07,6400,6430,16610
282,2020-10-08,6430,6400,26425
283,2020-10-12,6400,6350,17137
284,2020-10-13,6350,6350,19619
285,2020-10-14,6500,6350,11602
286,2020-10-15,6370,6240,20264
287,2020-10-16,6310,6370,23942
288,2020-10-19,6420,6330,12643
289,2020-10-20,6370,6430,16204
290,2020-10-21,6490,6380,11810
291,2020-10-22,6290,6310,20043
292,2020-10-23,6380,6270,23937
293,2020-10-26,6340,6110,48134
294,2020-10-27,6180,6160,13087
295,2020-10-28,6110,6270,13031
296,2020-10-29,6200,6190,6800
297,2020-10-30,6250,6170,3872
298,2020-11-02,6140,6180,6257
299,2020-11-03,6280,6210,10886
