,date,open,close,volume
0,2019-08-16,148000,150000,4070
1,2019-08-19,150000,151500,3974
2,2019-08-20,150500,153000,2100
3,2019-08-21,157000,153500,3192
4,2019-08-22,154000,151000,2752
5,2019-08-23,151000,150000,4382
6,2019-08-26,150000,155000,3293
7,2019-08-27,155500,151500,2613
8,2019-08-28,152500,152500,696
9,2019-08-29,152000,152500,552
10,2019-08-30,153000,151000,1719
11,2019-09-02,152000,150000,411
12,2019-09-03,151000,151000,1424
13,2019-09-04,151000,150000,3159
14,2019-09-05,150000,150000,4450
15,2019-09-06,150000,150000,3547
16,2019-09-09,149500,151000,2015
17,2019-09-10,151000,152000,1935
18,2019-09-11,153000,151000,2403
19,2019-09-16,152000,148500,6847
20,2019-09-17,148500,149000,2610
21,2019-09-18,149500,149500,1153
22,2019-09-19,149500,148000,2602
23,2019-09-20,147500,149500,1182
24,2019-09-23,149000,149500,1642
25,2019-09-24,150000,149500,1814
26,2019-09-25,149000,148500,1254
27,2019-09-26,149500,147500,945
28,2019-09-27,148500,146500,1145
29,2019-09-30,147000,147000,892
30,2019-10-01,147000,146500,1585
31,2019-10-02,146500,144000,1999
32,2019-10-04,144000,144000,4388
33,2019-10-07,144000,143500,734
34,2019-10-08,144000,148000,1492
35,2019-10-10,145000,144500,660
36,2019-10-11,144000,143000,3212
37,2019-10-14,143500,142500,3422
38,2019-10-15,142500,142000,2169
39,2019-10-16,143000,144500,1025
40,2019-10-17,143500,143500,829
41,2019-10-18,144000,144000,861
42,2019-10-21,144000,142500,1661
43,2019-10-22,143500,142500,730
44,2019-10-23,142500,142500,887
45,2019-10-24,142000,142500,368
46,2019-10-25,142500,141500,909
47,2019-10-28,141500,143000,410
48,2019-10-29,143500,142000,707
49,2019-10-30,142000,141000,1278
50,2019-10-31,141000,140500,3054
51,2019-11-01,141500,141000,1820
52,2019-11-04,142000,141000,1643
53,2019-11-05,141000,140500,1230
54,2019-11-06,141000,143500,2801
55,2019-11-07,144000,147000,8188
56,2019-11-08,147500,145500,750
57,2019-11-11,146000,146000,2473
58,2019-11-12,145500,143500,2063
59,2019-11-13,144000,143000,1061
60,2019-11-14,143000,142000,2007
61,2019-11-15,142500,148000,4488
62,2019-11-18,148000,146500,3249
63,2019-11-19,146500,148000,1835
64,2019-11-20,146500,150000,2979
65,2019-11-21,150500,149500,1894
66,2019-11-22,149000,149500,1852
67,2019-11-25,148500,151000,919
68,2019-11-26,151500,148000,1410
69,2019-11-27,148500,150000,1883
70,2019-11-28,149000,149000,318
71,2019-11-29,149000,150000,323
72,2019-12-02,150000,147500,650
73,2019-12-03,147500,145000,883
74,2019-12-04,145500,145000,1159
75,2019-12-05,146000,142500,1240
76,2019-12-06,143000,144500,2180
77,2019-12-09,145000,148500,1039
78,2019-12-10,149000,148500,833
79,2019-12-11,147500,149500,800
80,2019-12-12,149000,149500,1340
81,2019-12-13,149500,147000,745
82,2019-12-16,147000,147500,733
83,2019-12-17,147500,147500,1111
84,2019-12-18,147000,146000,630
85,2019-12-19,146000,149500,1830
86,2019-12-20,147500,147500,487
87,2019-12-23,147000,149000,1273
88,2019-12-24,149000,146500,1260
89,2019-12-26,147000,149000,2045
90,2019-12-27,147500,148500,1313
91,2019-12-30,149000,149500,782
92,2020-01-02,149000,149500,494
93,2020-01-03,149500,147500,2497
94,2020-01-06,146000,149000,2039
95,2020-01-07,148500,148500,1232
96,2020-01-08,148000,148000,1093
97,2020-01-09,148000,147000,892
98,2020-01-10,147000,148500,729
99,2020-01-13,147500,149000,708
100,2020-01-14,149500,149000,1197
101,2020-01-15,149500,149000,652
102,2020-01-16,149500,148500,292
103,2020-01-17,148500,145000,3612
104,2020-01-20,148500,144500,10669
105,2020-01-21,144500,146000,3713
106,2020-01-22,145500,148000,4112
107,2020-01-23,149000,148500,1182
108,2020-01-28,146000,147500,2188
109,2020-01-29,148500,142500,4936
110,2020-01-30,142500,139500,4279
111,2020-01-31,139500,137500,1895
112,2020-02-03,136500,140500,1985
113,2020-02-04,139000,139500,2286
114,2020-02-05,139500,140000,813
115,2020-02-06,140000,141500,1840
116,2020-02-07,140500,140500,4379
117,2020-02-10,141500,139500,2492
118,2020-02-11,140000,143000,2804
119,2020-02-12,142500,144000,1558
120,2020-02-13,144500,144500,2170
121,2020-02-14,145000,144000,4756
122,2020-02-17,144000,144000,1793
123,2020-02-18,143500,141500,1091
124,2020-02-19,140500,141500,610
125,2020-02-20,141000,143000,1755
126,2020-02-21,142500,143000,1166
127,2020-02-24,143000,140000,2197
128,2020-02-25,138000,142000,1659
129,2020-02-26,140000,143000,1927
130,2020-02-27,143000,138500,2903
131,2020-02-28,138500,135000,2633
132,2020-03-02,133000,134500,705
133,2020-03-03,141000,136500,2213
134,2020-03-04,138500,141500,4117
135,2020-03-05,141000,141000,2883
136,2020-03-06,138500,140500,1626
137,2020-03-09,138000,138500,705
138,2020-03-10,137000,137000,3478
139,2020-03-11,136000,130000,3457
140,2020-03-12,128000,125000,3761
141,2020-03-13,110500,116500,8526
142,2020-03-16,116500,117500,2474
143,2020-03-17,111500,113500,2928
144,2020-03-18,113000,106000,2739
145,2020-03-19,106500,99200,11937
146,2020-03-20,100000,101000,5132
147,2020-03-23,95500,90500,7087
148,2020-03-24,91900,96200,16739
149,2020-03-25,98400,98200,7478
150,2020-03-26,103000,101000,9053
151,2020-03-27,102500,104500,7941
152,2020-03-30,100500,103500,5115
153,2020-03-31,108000,105500,7743
154,2020-04-01,105500,107000,14415
155,2020-04-02,107000,107500,5331
156,2020-04-03,108000,115000,8079
157,2020-04-06,118500,124500,6913
158,2020-04-07,129000,129500,7591
159,2020-04-08,129500,127000,4706
160,2020-04-09,127000,125500,3578
161,2020-04-10,129500,129500,5353
162,2020-04-13,127500,125000,4000
163,2020-04-14,124000,125500,2709
164,2020-04-16,124000,121500,4183
165,2020-04-17,122500,121000,9069
166,2020-04-20,121500,120000,4121
167,2020-04-21,120000,118000,6500
168,2020-04-22,117000,115000,8325
169,2020-04-23,116500,118000,4001
170,2020-04-24,118000,117500,3269
171,2020-04-27,118000,121500,7155
172,2020-04-28,122500,124000,7531
173,2020-04-29,124000,128000,11941
174,2020-05-04,124500,124000,9789
175,2020-05-06,127500,129500,6742
176,2020-05-07,129000,130500,4129
177,2020-05-08,129000,130000,4610
178,2020-05-11,130500,137500,8051
179,2020-05-12,137500,137000,4980
180,2020-05-13,137000,135500,3671
181,2020-05-14,135500,135000,2998
182,2020-05-15,138500,138000,9892
183,2020-05-18,140000,136500,2498
184,2020-05-19,139000,136000,5928
185,2020-05-20,135500,136000,4479
186,2020-05-21,137000,135000,4786
187,2020-05-22,135000,130000,8987
188,2020-05-25,131500,129500,4575
189,2020-05-26,130500,129500,7324
190,2020-05-27,131000,128000,7825
191,2020-05-28,128000,123000,19314
192,2020-05-29,123500,121000,9017
193,2020-06-01,125000,125000,12616
194,2020-06-02,125000,125000,6150
195,2020-06-03,125500,125500,9690
196,2020-06-04,125500,124500,6987
197,2020-06-05,125000,124500,6183
198,2020-06-08,127000,126000,7931
199,2020-06-09,126500,126000,5287
200,2020-06-10,125000,124500,8241
201,2020-06-11,124000,121000,10316
202,2020-06-12,116000,121500,7684
203,2020-06-15,122000,115000,7745
204,2020-06-16,116000,119500,4398
205,2020-06-17,117500,119500,2905
206,2020-06-18,118500,116500,6802
207,2020-06-19,116500,113000,9624
208,2020-06-22,113000,115000,3731
209,2020-06-23,116500,115500,5971
210,2020-06-24,117000,113000,9919
211,2020-06-25,112500,109500,8728
212,2020-06-26,110000,109000,12228
213,2020-06-29,106000,104000,12976
214,2020-06-30,104500,105500,18207
215,2020-07-01,106000,104500,10476
216,2020-07-02,105000,105000,12428
217,2020-07-03,105000,105000,4960
218,2020-07-06,106000,108000,9468
219,2020-07-07,109500,106500,8627
220,2020-07-08,105500,107000,3672
221,2020-07-09,107000,107000,3072
222,2020-07-10,107000,108000,8179
223,2020-07-13,108000,108000,6219
224,2020-07-14,108000,107000,4502
225,2020-07-15,107000,107500,8871
226,2020-07-16,107000,107500,4005
227,2020-07-17,107500,109000,2937
228,2020-07-20,109000,109500,5887
229,2020-07-21,110000,108500,13120
230,2020-07-22,108000,108000,8105
231,2020-07-23,109000,107500,8839
232,2020-07-24,106500,107000,7270
233,2020-07-27,107000,106500,3349
234,2020-07-28,107000,105500,11976
235,2020-07-29,105000,106500,6987
236,2020-07-30,107000,108500,9055
237,2020-07-31,108000,110000,12843
238,2020-08-03,111500,111500,10832
239,2020-08-04,111500,112500,6829
240,2020-08-05,112500,110500,7228
241,2020-08-06,110500,110500,7472
242,2020-08-07,110000,107500,7840
243,2020-08-10,106000,107000,13744
244,2020-08-11,107500,108000,21741
245,2020-08-12,107500,110000,17510
246,2020-08-13,110500,110500,13011
247,2020-08-14,110500,110000,9902
248,2020-08-18,110000,106500,13457
249,2020-08-19,108000,106000,11723
250,2020-08-20,106000,101500,25120
251,2020-08-21,101500,102000,8958
252,2020-08-24,102000,101500,15011
253,2020-08-25,102500,103000,12342
254,2020-08-26,103000,101500,5742
255,2020-08-27,102000,102000,7592
256,2020-08-28,101500,101500,7285
257,2020-08-31,101500,100000,10682
258,2020-09-01,99100,101000,7308
259,2020-09-02,101000,101500,6721
260,2020-09-03,102500,104500,11441
261,2020-09-04,102000,105000,9594
262,2020-09-07,105000,104000,4863
263,2020-09-08,105500,105500,5168
264,2020-09-09,105000,103500,5469
265,2020-09-10,103500,102500,14296
266,2020-09-11,102000,103500,6753
267,2020-09-14,104000,104000,7597
268,2020-09-15,104000,105000,8828
269,2020-09-16,105000,103500,4756
270,2020-09-17,104000,103000,6615
271,2020-09-18,103000,101500,14588
272,2020-09-21,102000,101500,4129
273,2020-09-22,101000,100000,10068
274,2020-09-23,100000,99500,9133
275,2020-09-24,99100,97100,10575
276,2020-09-25,97700,97900,3379
277,2020-09-28,97700,98600,2527
278,2020-09-29,99500,101500,6150
279,2020-10-05,101000,101000,5794
280,2020-10-06,101000,99900,6659
281,2020-10-07,99900,99900,7346
282,2020-10-08,100500,101000,4321
283,2020-10-12,101000,101500,4536
284,2020-10-13,102500,100500,3730
285,2020-10-14,100500,100000,4951
286,2020-10-15,100000,99500,4098
287,2020-10-16,99900,99600,6324
288,2020-10-19,100500,100000,4429
289,2020-10-20,99900,99300,9882
290,2020-10-21,99800,99600,5235
291,2020-10-22,99600,99500,4221
292,2020-10-23,100000,99300,6135
293,2020-10-26,99300,98600,5258
294,2020-10-27,98500,98900,2582
295,2020-10-28,98500,99200,2321
296,2020-10-29,98700,99200,3946
297,2020-10-30,99200,98100,4129
298,2020-11-02,98200,99000,2875
299,2020-11-03,99000,98700,4462
