,date,open,close,volume
0,2019-08-16,6860,7050,64958
1,2019-08-19,7050,7010,60296
2,2019-08-20,7010,7360,89627
3,2019-08-21,7420,8080,631381
4,2019-08-22,8070,8820,743747
5,2019-08-23,8680,8530,279670
6,2019-08-26,8260,8000,204183
7,2019-08-27,8000,7990,154292
8,2019-08-28,8660,8230,217197
9,2019-08-29,8350,8470,218659
10,2019-08-30,8550,8660,236791
11,2019-09-02,8560,8500,124476
12,2019-09-03,8520,8540,95922
13,2019-09-04,8460,8550,81904
14,2019-09-05,8650,9160,343893
15,2019-09-06,9200,9110,107396
16,2019-09-09,9080,8860,116179
17,2019-09-10,9180,8750,152582
18,2019-09-11,8740,8550,162140
19,2019-09-16,8660,8790,86543
20,2019-09-17,8800,8950,84863
21,2019-09-18,8960,8900,47629
22,2019-09-19,8950,8960,68727
23,2019-09-20,9050,8830,66124
24,2019-09-23,8850,8890,66003
25,2019-09-24,8790,8770,47514
26,2019-09-25,8800,8520,76398
27,2019-09-26,8560,8460,84850
28,2019-09-27,8450,8180,69343
29,2019-09-30,8160,7990,90125
30,2019-10-01,8000,8350,77742
31,2019-10-02,8350,8280,25600
32,2019-10-04,8330,8250,77339
33,2019-10-07,8200,8400,60033
34,2019-10-08,8300,8400,87934
35,2019-10-10,8390,8370,63764
36,2019-10-11,8440,8340,34250
37,2019-10-14,8400,8400,31059
38,2019-10-15,8400,8590,65370
39,2019-10-16,8630,8670,66382
40,2019-10-17,8650,8520,60275
41,2019-10-18,8500,8250,76017
42,2019-10-21,8250,8140,49328
43,2019-10-22,8140,8150,87475
44,2019-10-23,8240,8390,51248
45,2019-10-24,8310,8440,65090
46,2019-10-25,8440,8290,50390
47,2019-10-28,8300,8350,35589
48,2019-10-29,8390,8300,36067
49,2019-10-30,8300,8170,56517
50,2019-10-31,8200,8180,34673
51,2019-11-01,8290,9040,694460
52,2019-11-04,8990,9080,244892
53,2019-11-05,9100,9350,305368
54,2019-11-06,9360,9490,170790
55,2019-11-07,9500,9250,135419
56,2019-11-08,9320,9020,126380
57,2019-11-11,9040,8910,68528
58,2019-11-12,8890,8700,111647
59,2019-11-13,8600,8330,283843
60,2019-11-14,8410,8210,146449
61,2019-11-15,8210,8050,244518
62,2019-11-18,8100,7910,232324
63,2019-11-19,7960,8010,161789
64,2019-11-20,7930,7750,240327
65,2019-11-21,7690,7640,119374
66,2019-11-22,7640,7560,91784
67,2019-11-25,7650,7800,85957
68,2019-11-26,7900,8500,330200
69,2019-11-27,8520,9770,4349562
70,2019-11-28,9860,10000,2840771
71,2019-11-29,9970,10250,813201
72,2019-12-02,10300,9970,557412
73,2019-12-03,9920,10850,2127556
74,2019-12-04,10750,9700,1619048
75,2019-12-05,9700,9000,799384
76,2019-12-06,9010,9090,280024
77,2019-12-09,9000,9070,172359
78,2019-12-10,9090,8800,226926
79,2019-12-11,8800,8870,121825
80,2019-12-12,8900,9160,216953
81,2019-12-13,9150,9100,169638
82,2019-12-16,9150,9140,93414
83,2019-12-17,9220,9780,1226644
84,2019-12-18,9780,9750,314328
85,2019-12-19,9840,9350,323890
86,2019-12-20,9350,9040,276769
87,2019-12-23,9130,9080,194564
88,2019-12-24,9090,8850,205094
89,2019-12-26,8850,8970,160010
90,2019-12-27,9050,9200,134077
91,2019-12-30,9280,9130,161470
92,2020-01-02,9100,9310,131023
93,2020-01-03,9320,9230,130578
94,2020-01-06,8410,8320,638739
95,2020-01-07,8310,7960,777239
96,2020-01-08,7900,7590,379047
97,2020-01-09,7820,8170,264635
98,2020-01-10,8170,7960,174025
99,2020-01-13,8000,8110,119965
100,2020-01-14,8110,8090,115176
101,2020-01-15,8110,8060,65993
102,2020-01-16,8060,8120,96827
103,2020-01-17,8150,8070,97279
104,2020-01-20,8070,8050,97755
105,2020-01-21,8020,8000,87525
106,2020-01-22,8000,8060,78660
107,2020-01-23,8060,7970,70209
108,2020-01-28,7700,7700,136849
109,2020-01-29,7800,7970,76861
110,2020-01-30,8040,7800,94108
111,2020-01-31,7750,7490,121110
112,2020-02-03,7310,7400,150826
113,2020-02-04,7400,7890,119295
114,2020-02-05,7940,7820,67922
115,2020-02-06,7890,8060,111024
116,2020-02-07,8070,8020,64217
117,2020-02-10,7970,8060,73900
118,2020-02-11,8060,8010,60695
119,2020-02-12,8020,8080,78818
120,2020-02-13,8080,8020,94273
121,2020-02-14,7960,7830,80327
122,2020-02-17,7850,7940,45246
123,2020-02-18,7880,7650,230417
124,2020-02-19,7590,7610,108778
125,2020-02-20,7520,7650,103364
126,2020-02-21,7650,7460,150801
127,2020-02-24,7350,6990,254631
128,2020-02-25,6900,7240,132026
129,2020-02-26,7170,7260,40779
130,2020-02-27,7200,7190,131698
131,2020-02-28,7000,6690,237235
132,2020-03-02,6700,7100,233904
133,2020-03-03,7170,7730,672022
134,2020-03-04,7730,7750,206749
135,2020-03-05,7890,7800,184299
136,2020-03-06,7730,7560,134454
137,2020-03-09,7490,7170,183499
138,2020-03-10,7000,7260,133107
139,2020-03-11,7260,6810,197001
140,2020-03-12,6750,5970,414816
141,2020-03-13,5400,5320,651877
142,2020-03-16,5360,5250,305573
143,2020-03-17,4920,5290,212999
144,2020-03-18,5290,4900,269156
145,2020-03-19,4910,3490,753522
146,2020-03-20,3520,4010,420975
147,2020-03-23,3750,3755,247633
148,2020-03-24,3980,4180,220688
149,2020-03-25,4395,4475,236494
150,2020-03-26,4680,5030,768452
151,2020-03-27,5300,5140,739588
152,2020-03-30,5000,5080,226732
153,2020-03-31,5180,5140,261035
154,2020-04-01,5050,4960,250488
155,2020-04-02,4970,4990,157510
156,2020-04-03,5030,5060,192678
157,2020-04-06,5060,5200,231718
158,2020-04-07,5360,5530,534229
159,2020-04-08,5530,5610,249284
160,2020-04-09,5690,5780,208771
161,2020-04-10,5830,5620,193419
162,2020-04-13,5600,5550,159427
163,2020-04-14,5560,5520,167909
164,2020-04-16,5420,5560,93044
165,2020-04-17,5610,5660,218616
166,2020-04-20,5740,5820,223269
167,2020-04-21,5820,5620,312176
168,2020-04-22,5450,5620,132542
169,2020-04-23,5710,5520,209197
170,2020-04-24,5460,5210,376871
171,2020-04-27,5300,5350,127795
172,2020-04-28,5410,5380,148303
173,2020-04-29,5390,5360,99548
174,2020-05-04,5290,5180,255258
175,2020-05-06,5280,5070,351201
176,2020-05-07,5020,5100,390132
177,2020-05-08,5190,5790,1422964
178,2020-05-11,5910,6120,1039341
179,2020-05-12,6050,6310,465014
180,2020-05-13,6200,6180,476316
181,2020-05-14,6090,6140,279373
182,2020-05-15,6140,6050,193001
183,2020-05-18,6050,6110,180440
184,2020-05-19,6190,6030,175162
185,2020-05-20,6050,6230,442984
186,2020-05-21,6240,6120,383906
187,2020-05-22,6140,5890,287229
188,2020-05-25,5980,6040,147048
189,2020-05-26,6020,6040,131038
190,2020-05-27,6070,6030,149567
191,2020-05-28,6050,5920,260616
192,2020-05-29,5870,5950,99515
193,2020-06-01,5950,6120,183647
194,2020-06-02,6200,6280,787734
195,2020-06-03,6360,6200,269374
196,2020-06-04,6320,6300,208932
197,2020-06-05,6320,6660,1047483
198,2020-06-08,6790,7070,763429
199,2020-06-09,7100,7080,490256
200,2020-06-10,7030,7010,265848
201,2020-06-11,7020,7490,2491566
202,2020-06-12,6950,7250,627012
203,2020-06-15,7200,6300,695005
204,2020-06-16,6510,6950,394459
205,2020-06-17,6980,6890,319615
206,2020-06-18,6890,6700,281950
207,2020-06-19,6700,6780,195883
208,2020-06-22,6750,6750,158937
209,2020-06-23,6770,6500,313503
210,2020-06-24,6490,6510,143968
211,2020-06-25,6460,6310,127035
212,2020-06-26,6410,6300,123264
213,2020-06-29,6170,6020,206697
214,2020-06-30,6100,6110,174669
215,2020-07-01,6130,6240,171056
216,2020-07-02,6240,6330,98936
217,2020-07-03,6360,6260,79401
218,2020-07-06,6210,6190,86779
219,2020-07-07,6230,6080,133408
220,2020-07-08,6040,6140,128410
221,2020-07-09,6160,6030,239516
222,2020-07-10,6030,6040,192542
223,2020-07-13,6000,6100,131748
224,2020-07-14,6110,5980,154132
225,2020-07-15,6050,6000,98224
226,2020-07-16,6050,6040,137803
227,2020-07-17,6010,6050,118449
228,2020-07-20,6050,5980,105273
229,2020-07-21,6030,6010,131443
230,2020-07-22,6010,6420,580605
231,2020-07-23,6390,6070,371634
232,2020-07-24,6090,6000,221217
233,2020-07-27,5970,6000,135938
234,2020-07-28,6010,6010,107863
235,2020-07-29,5970,6000,102566
236,2020-07-30,5980,5930,152490
237,2020-07-31,5940,5810,197284
238,2020-08-03,5860,5780,126635
239,2020-08-04,5770,5950,123255
240,2020-08-05,5980,6000,137250
241,2020-08-06,6010,6090,276752
242,2020-08-07,6130,5970,173577
243,2020-08-10,5960,6350,419360
244,2020-08-11,6390,6230,286757
245,2020-08-12,6210,6040,182484
246,2020-08-13,6030,6040,102078
247,2020-08-14,6150,6000,150638
248,2020-08-18,5860,5490,421029
249,2020-08-19,5470,5470,137513
250,2020-08-20,5630,5340,237883
251,2020-08-21,5360,5300,135342
252,2020-08-24,5310,5330,106308
253,2020-08-25,5350,5490,65960
254,2020-08-26,5560,5490,89100
255,2020-08-27,5450,5740,889447
256,2020-08-28,5870,5700,202493
257,2020-08-31,5700,5580,142334
258,2020-09-01,5590,5480,140709
259,2020-09-02,5480,5600,131789
260,2020-09-03,5610,5710,171574
261,2020-09-04,5450,5570,116929
262,2020-09-07,5570,5480,117907
263,2020-09-08,5540,5650,207609
264,2020-09-09,5560,5700,144359
265,2020-09-10,5750,5720,115697
266,2020-09-11,5770,5640,118247
267,2020-09-14,5640,5700,81753
268,2020-09-15,5690,5850,161543
269,2020-09-16,5870,5700,126594
270,2020-09-17,5700,5710,248804
271,2020-09-18,5900,5710,240051
272,2020-09-21,5680,5530,143645
273,2020-09-22,5540,5350,189201
274,2020-09-23,5390,5280,122839
275,2020-09-24,5150,5090,164771
276,2020-09-25,5100,5090,80033
277,2020-09-28,5150,5150,58621
278,2020-09-29,5180,5230,48398
279,2020-10-05,5240,5270,62732
280,2020-10-06,5280,5290,95237
281,2020-10-07,5340,5330,479174
282,2020-10-08,5380,5390,73724
283,2020-10-12,5360,5380,49250
284,2020-10-13,5410,5380,63606
285,2020-10-14,5370,5320,115915
286,2020-10-15,5320,5170,101862
287,2020-10-16,5170,5110,153456
288,2020-10-19,5180,5060,130543
289,2020-10-20,5060,5060,82328
290,2020-10-21,5090,5020,56271
291,2020-10-22,5010,5050,62589
292,2020-10-23,5050,5030,67176
293,2020-10-26,4995,4910,83314
294,2020-10-27,4900,4875,94679
295,2020-10-28,4885,4955,48310
296,2020-10-29,4900,4925,85216
297,2020-10-30,4910,4905,47744
298,2020-11-02,4905,4930,27182
299,2020-11-03,4950,5030,54344
