,date,open,close,volume
0,2019-12-19,40000,35900,5692722
1,2019-12-19,40000,35900,5692722
2,2019-12-19,40000,35900,5692722
3,2019-12-19,40000,35900,5692722
4,2019-12-19,40000,35900,5692722
5,2019-12-19,40000,35900,5692722
6,2019-12-19,40000,35900,5692722
7,2019-12-19,40000,35900,5692722
8,2019-12-19,40000,35900,5692722
9,2019-12-20,36250,35000,1001390
10,2019-12-20,36250,35000,1001390
11,2019-12-20,36250,35000,1001390
12,2019-12-20,36250,35000,1001390
13,2019-12-20,36250,35000,1001390
14,2019-12-20,36250,35000,1001390
15,2019-12-20,36250,35000,1001390
16,2019-12-20,36250,35000,1001390
17,2019-12-20,36250,35000,1001390
18,2019-12-23,35250,36200,1029379
19,2019-12-23,35250,36200,1029379
20,2019-12-23,35250,36200,1029379
21,2019-12-23,35250,36200,1029379
22,2019-12-23,35250,36200,1029379
23,2019-12-23,35250,36200,1029379
24,2019-12-23,35250,36200,1029379
25,2019-12-23,35250,36200,1029379
26,2019-12-23,35250,36200,1029379
27,2019-12-24,36900,35000,822513
28,2019-12-24,36900,35000,822513
29,2019-12-24,36900,35000,822513
30,2019-12-24,36900,35000,822513
31,2019-12-24,36900,35000,822513
32,2019-12-24,36900,35000,822513
33,2019-12-24,36900,35000,822513
34,2019-12-24,36900,35000,822513
35,2019-12-24,36900,35000,822513
36,2019-12-26,35100,38000,874284
37,2019-12-26,35100,38000,874284
38,2019-12-26,35100,38000,874284
39,2019-12-26,35100,38000,874284
40,2019-12-26,35100,38000,874284
41,2019-12-26,35100,38000,874284
42,2019-12-26,35100,38000,874284
43,2019-12-26,35100,38000,874284
44,2019-12-26,35100,38000,874284
45,2019-12-27,38400,42600,2610355
46,2019-12-30,42000,44250,1012950
47,2020-01-02,44700,44550,299702
48,2020-01-03,44100,44600,308424
49,2020-01-06,43450,40800,344021
50,2020-01-07,41050,38900,298572
51,2020-01-08,38200,36150,366193
52,2020-01-09,38500,37600,294938
53,2020-01-10,37600,37100,127758
54,2020-01-13,36600,37300,113057
55,2020-01-14,37700,36300,100961
56,2020-01-15,36450,37350,93457
57,2020-01-16,37350,39250,277543
58,2020-01-17,40000,40050,183350
59,2020-01-20,39750,39550,196645
60,2020-01-21,39500,39250,101570
61,2020-01-22,39200,40000,136501
62,2020-01-23,39500,37700,141423
63,2020-01-28,35850,34800,201961
64,2020-01-29,35350,34550,166120
65,2020-01-30,34550,33800,86565
66,2020-01-31,33500,31000,128586
67,2020-02-03,30500,30950,133134
68,2020-02-04,31650,33000,87445
69,2020-02-05,33500,33550,59068
70,2020-02-06,33500,35100,112478
71,2020-02-07,35000,38850,402372
72,2020-02-10,38850,39000,196187
73,2020-02-11,43600,40550,1120730
74,2020-02-12,40000,41100,399141
75,2020-02-13,41050,40850,142543
76,2020-02-14,40150,41700,187674
77,2020-02-17,42250,45000,537788
78,2020-02-18,44800,42850,285986
79,2020-02-19,43000,45000,294716
80,2020-02-20,44700,50100,829577
81,2020-02-21,48650,46400,645780
82,2020-02-24,45000,46600,489205
83,2020-02-25,45850,48600,250245
84,2020-02-26,47850,51500,698740
85,2020-02-27,51300,51200,484216
86,2020-02-28,50500,51100,377393
87,2020-03-02,51100,52100,252160
88,2020-03-03,53600,53100,292352
89,2020-03-04,52700,56200,285081
90,2020-03-05,56900,59100,537568
91,2020-03-06,58500,60400,243552
92,2020-03-09,60000,54600,367822
93,2020-03-10,53000,55700,509340
94,2020-03-11,55400,43950,970432
95,2020-03-12,43000,43000,460679
96,2020-03-13,39500,37800,735999
97,2020-03-16,39200,36500,459077
98,2020-03-17,33950,40000,478855
99,2020-03-18,41100,40600,959480
100,2020-03-19,44000,42600,755087
101,2020-03-20,45000,47250,484567
102,2020-03-23,43850,43950,404484
103,2020-03-24,46000,45300,325172
104,2020-03-25,47500,45900,363887
105,2020-03-26,46250,45150,427984
106,2020-03-27,46450,45350,451713
107,2020-03-30,45950,52600,846192
108,2020-03-31,56500,54100,856696
109,2020-04-01,54000,49850,374095
110,2020-04-02,49900,52000,350404
111,2020-04-03,52000,51300,210528
112,2020-04-06,51400,55300,341427
113,2020-04-07,56800,56000,262229
114,2020-04-08,56000,56700,283200
115,2020-04-09,57300,56700,417188
116,2020-04-10,57500,57000,736052
117,2020-04-13,57400,52100,472884
118,2020-04-14,53400,53600,172764
119,2020-04-16,53600,56200,217118
120,2020-04-17,58500,57800,250739
121,2020-04-20,58500,58600,522452
122,2020-04-21,57800,59300,310539
123,2020-04-22,58900,59500,339553
124,2020-04-23,60600,70000,1727246
125,2020-04-24,69500,69000,588953
126,2020-04-27,69000,70800,286024
127,2020-04-28,71500,71500,679989
128,2020-04-29,72500,72100,597660
129,2020-05-04,75700,82500,1633929
130,2020-05-06,84100,82000,409597
131,2020-05-07,82600,83100,222296
132,2020-05-08,84100,80500,377683
133,2020-05-11,80300,88800,693519
134,2020-05-12,91400,89000,651370
135,2020-05-13,47450,54000,2078137
136,2020-05-14,52800,49550,815693
137,2020-05-15,49900,49150,510221
138,2020-05-18,48600,47500,241542
139,2020-05-19,47500,49400,586916
140,2020-05-20,50400,54300,1725869
141,2020-05-21,56000,58100,1599443
142,2020-05-22,59200,65800,1336091
143,2020-05-25,69200,67900,838875
144,2020-05-26,70100,68600,809048
145,2020-05-27,66000,62100,787342
146,2020-05-28,62100,63900,736727
147,2020-05-29,62700,68300,671328
148,2020-06-01,66900,65400,710188
149,2020-06-02,61300,62700,1092266
150,2020-06-03,62400,58000,1126501
151,2020-06-04,60500,61100,803146
152,2020-06-05,62400,63100,585239
153,2020-06-08,63700,60300,630555
154,2020-06-09,58700,56700,1022895
155,2020-06-10,56200,58400,697071
156,2020-06-11,57900,56200,577607
157,2020-06-12,51800,56600,844569
158,2020-06-15,56600,52300,730909
159,2020-06-16,55200,57600,640149
160,2020-06-17,57200,57600,458740
161,2020-06-18,58200,58500,603119
162,2020-06-19,59200,63700,2388822
163,2020-06-22,62900,64200,769082
164,2020-06-23,64500,66300,1934329
165,2020-06-24,66300,62000,704209
166,2020-06-25,60500,59300,509924
167,2020-06-26,59700,57600,610264
168,2020-06-29,55900,54100,421805
169,2020-06-30,55300,53500,409491
170,2020-07-01,54000,52100,255569
171,2020-07-02,52100,53900,268064
172,2020-07-03,54100,56900,419995
173,2020-07-06,56900,56500,213425
174,2020-07-07,56100,56400,237064
175,2020-07-08,55900,57400,217672
176,2020-07-09,57700,57400,191782
177,2020-07-10,59000,60200,476668
178,2020-07-13,61100,61000,194928
179,2020-07-14,60800,65000,734460
180,2020-07-15,64800,61200,417573
181,2020-07-16,61900,63500,348561
182,2020-07-17,63500,63900,274506
183,2020-07-20,63600,67600,677470
184,2020-07-21,68400,68400,1163206
185,2020-07-22,69400,80800,2381365
186,2020-07-23,79900,80900,1213355
187,2020-07-24,80300,82000,825228
188,2020-07-27,82200,85700,1172887
189,2020-07-28,86300,87000,531665
190,2020-07-29,85100,86300,356626
191,2020-07-30,87300,90600,646496
192,2020-07-31,90100,95400,711390
193,2020-08-03,96400,83600,1521348
194,2020-08-04,86000,85700,730403
195,2020-08-05,86500,88700,288619
196,2020-08-06,88100,83700,562662
197,2020-08-07,86400,84900,949627
198,2020-08-10,84500,83000,377183
199,2020-08-11,84900,89900,1342855
200,2020-08-12,89900,88000,465167
201,2020-08-13,90800,93900,604980
202,2020-08-14,94500,91300,371021
203,2020-08-18,91300,85600,385930
204,2020-08-19,85600,86200,236476
205,2020-08-20,85300,87600,456096
206,2020-08-21,88600,86900,208872
207,2020-08-24,86500,88000,170507
208,2020-08-25,89800,100900,1580214
209,2020-08-26,100400,95400,731833
210,2020-08-27,94700,96900,560969
211,2020-08-28,98000,102900,898616
212,2020-08-31,102900,106000,408914
213,2020-09-01,107500,110000,660687
214,2020-09-02,111700,109600,359462
215,2020-09-03,113000,118500,921699
216,2020-09-04,113000,130500,1032243
217,2020-09-07,134000,129800,645566
218,2020-09-08,129800,121900,499349
219,2020-09-09,117600,118500,448355
220,2020-09-10,121300,117600,291031
221,2020-09-11,116200,118000,473941
222,2020-09-14,119900,118200,215906
223,2020-09-15,114800,118000,475397
224,2020-09-16,118800,118800,220391
225,2020-09-17,118000,114200,191331
226,2020-09-18,114000,114900,190159
227,2020-09-21,115700,104800,536942
228,2020-09-22,102000,103200,475739
229,2020-09-23,104100,98800,401214
230,2020-09-24,95000,93800,490660
231,2020-09-25,94800,98300,336998
232,2020-09-28,99300,105000,268177
233,2020-09-29,105800,114000,859085
234,2020-10-05,114500,116200,287603
235,2020-10-06,116300,111200,246187
236,2020-10-07,110000,109500,221610
237,2020-10-08,109500,110200,143635
238,2020-10-12,111500,110200,103441
239,2020-10-13,110200,119000,406382
240,2020-10-14,118900,116800,252817
241,2020-10-15,116800,117100,208610
242,2020-10-16,118300,120700,621425
243,2020-10-19,121500,121800,327377
244,2020-10-20,118000,118500,363763
245,2020-10-21,118600,119800,222721
246,2020-10-22,118600,114700,193488
247,2020-10-23,115500,107700,343526
248,2020-10-26,107300,96600,519401
249,2020-10-27,95500,98700,404153
250,2020-10-28,98800,104800,195703
251,2020-10-29,101400,107400,196092
252,2020-10-30,107400,106200,143892
253,2020-11-02,106200,105200,97209
254,2020-11-03,107900,109000,190204
