,date,open,close,volume
0,2019-08-16,4300,4155,3052354
1,2019-08-19,4140,3920,1986843
2,2019-08-20,3895,3865,1234756
3,2019-08-21,3880,3865,1163321
4,2019-08-22,3835,3650,1116725
5,2019-08-23,3825,3750,9790370
6,2019-08-26,3745,3730,2036373
7,2019-08-27,3770,3815,1381025
8,2019-08-28,3850,3655,1015545
9,2019-08-29,3660,3575,918618
10,2019-08-30,3555,3585,498155
11,2019-09-02,3550,3590,418161
12,2019-09-03,3590,3605,364314
13,2019-09-04,3615,3550,336961
14,2019-09-05,3575,3520,362692
15,2019-09-06,3530,3575,700817
16,2019-09-09,3575,3530,459884
17,2019-09-10,3510,3540,314683
18,2019-09-11,3585,3575,549423
19,2019-09-16,3590,3670,525327
20,2019-09-17,3660,3730,582225
21,2019-09-18,3730,3705,763386
22,2019-09-19,3705,3820,613824
23,2019-09-20,3815,3750,437625
24,2019-09-23,3740,3755,222886
25,2019-09-24,3730,3850,372714
26,2019-09-25,3840,3710,442022
27,2019-09-26,3710,3725,382921
28,2019-09-27,3690,3860,603138
29,2019-09-30,3860,3865,522069
30,2019-10-01,3865,3890,793589
31,2019-10-02,3850,3905,563737
32,2019-10-04,3890,3850,434599
33,2019-10-07,3870,3855,298887
34,2019-10-08,3820,3995,760032
35,2019-10-10,4000,3920,445103
36,2019-10-11,3910,3970,255227
37,2019-10-14,4000,4040,426948
38,2019-10-15,4045,4145,563372
39,2019-10-16,4145,4125,428624
40,2019-10-17,4135,4145,346690
41,2019-10-18,4150,4175,349333
42,2019-10-21,4400,4180,1758903
43,2019-10-22,4175,4070,530792
44,2019-10-23,4090,4055,296005
45,2019-10-24,4035,4175,370186
46,2019-10-25,4130,4125,165946
47,2019-10-28,4060,4070,196377
48,2019-10-29,4120,4240,637929
49,2019-10-30,4240,4150,288441
50,2019-10-31,4190,4320,677913
51,2019-11-01,4395,4210,724500
52,2019-11-04,4175,4190,201310
53,2019-11-05,4200,4155,280796
54,2019-11-06,4140,4160,289326
55,2019-11-07,4120,4110,149319
56,2019-11-08,4110,4135,159561
57,2019-11-11,4135,4000,355554
58,2019-11-12,4020,4005,166839
59,2019-11-13,4005,4000,118839
60,2019-11-14,4070,3915,371867
61,2019-11-15,3885,3985,180466
62,2019-11-18,3985,3965,135905
63,2019-11-19,3930,3865,300665
64,2019-11-20,3880,3795,181987
65,2019-11-21,3775,3750,198419
66,2019-11-22,3660,3750,200956
67,2019-11-25,3730,3840,108604
68,2019-11-26,3840,3845,104533
69,2019-11-27,3845,3790,64133
70,2019-11-28,3790,3725,159413
71,2019-11-29,3725,3710,105864
72,2019-12-02,3770,3675,119621
73,2019-12-03,3675,3645,103045
74,2019-12-04,3640,3610,87204
75,2019-12-05,3640,3515,132495
76,2019-12-06,3455,3590,161007
77,2019-12-09,3670,3725,158499
78,2019-12-10,3830,3685,358785
79,2019-12-11,3690,3685,291863
80,2019-12-12,3670,3675,88925
81,2019-12-13,3660,3690,119676
82,2019-12-16,3690,3695,104226
83,2019-12-17,3740,3680,77166
84,2019-12-18,3705,3650,115287
85,2019-12-19,3650,3615,96268
86,2019-12-20,3635,3615,62531
87,2019-12-23,3615,3580,108679
88,2019-12-24,3560,3515,200307
89,2019-12-26,3520,3565,87289
90,2019-12-27,3560,3615,84551
91,2019-12-30,3605,3630,99426
92,2020-01-02,3615,3685,150967
93,2020-01-03,3720,3720,130326
94,2020-01-06,3730,3650,351399
95,2020-01-07,3650,3805,357778
96,2020-01-08,3775,3600,825350
97,2020-01-09,3710,3700,442647
98,2020-01-10,3715,3750,223133
99,2020-01-13,3760,3820,327683
100,2020-01-14,3850,3830,201809
101,2020-01-15,3810,3900,416186
102,2020-01-16,3940,3975,849778
103,2020-01-17,3995,3980,400691
104,2020-01-20,4100,4430,9981519
105,2020-01-21,4530,4600,7740476
106,2020-01-22,5270,5980,32326565
107,2020-01-23,6100,6230,47188254
108,2020-01-28,7570,8090,12596098
109,2020-01-29,7710,7400,3545908
110,2020-01-30,7410,7420,1992699
111,2020-01-31,7820,9130,3906180
112,2020-02-03,8990,6520,18315153
113,2020-02-04,6370,5860,23404080
114,2020-02-05,5710,5910,13547551
115,2020-02-06,6180,5950,6162351
116,2020-02-07,5870,5760,3976070
117,2020-02-10,5820,5310,2962755
118,2020-02-11,5130,4820,5944319
119,2020-02-12,4670,4515,3082361
120,2020-02-13,4625,4705,10994432
121,2020-02-14,4685,4770,4329372
122,2020-02-17,5000,4890,2499623
123,2020-02-18,4820,5470,24257735
124,2020-02-19,5450,7110,37622764
125,2020-02-20,7230,8000,54612609
126,2020-02-21,9190,8220,30207851
127,2020-02-24,8520,6550,15251888
128,2020-02-25,6650,6720,12353351
129,2020-02-26,6810,6210,8320759
130,2020-02-27,6300,5660,8286411
131,2020-02-28,5850,6090,25529515
132,2020-03-02,6280,5890,6381897
133,2020-03-03,5930,5950,7630685
134,2020-03-04,6130,5970,3638455
135,2020-03-05,5900,5690,3706520
136,2020-03-06,5810,6100,25062760
137,2020-03-09,6230,5990,12682350
138,2020-03-10,5810,5700,5916666
139,2020-03-11,5850,5750,8282788
140,2020-03-12,5800,5690,5289445
141,2020-03-13,5300,4910,3801419
142,2020-03-16,4920,4700,2524603
143,2020-03-17,4300,4570,3126771
144,2020-03-18,4600,4700,11584045
145,2020-03-19,4900,3970,5429786
146,2020-03-20,3990,4095,2549988
147,2020-03-23,4075,3920,2463663
148,2020-03-24,3950,4025,3240102
149,2020-03-25,4150,4205,5549119
150,2020-03-26,4305,4410,5714285
151,2020-03-27,4645,4945,19665818
152,2020-03-30,5180,5550,12524676
153,2020-03-31,5750,5580,7178431
154,2020-04-01,5910,5450,8503277
155,2020-04-02,6200,6100,14058342
156,2020-04-03,6100,6870,14605263
157,2020-04-06,6740,8210,43664119
158,2020-04-07,8100,8050,21067288
159,2020-04-08,8140,8420,43969342
160,2020-04-09,8620,7990,9432054
161,2020-04-10,8050,7470,9215972
162,2020-04-13,7400,6950,5324864
163,2020-04-14,7020,7240,5057164
164,2020-04-16,7220,7170,3769259
165,2020-04-17,7210,7260,4392808
166,2020-04-20,7390,7180,4478318
167,2020-04-21,7100,6840,3640622
168,2020-04-22,6700,7010,5176291
169,2020-04-23,7130,7030,6080390
170,2020-04-24,7250,7540,24131040
171,2020-04-27,7700,7450,3741304
172,2020-04-28,7470,7110,2780056
173,2020-04-29,7110,7140,3114206
174,2020-05-04,6950,7260,3097667
175,2020-05-06,7280,7260,1692317
176,2020-05-07,7310,7390,5242811
177,2020-05-08,7450,7560,3721054
178,2020-05-11,8000,7720,6611462
179,2020-05-12,7840,7820,5411248
180,2020-05-13,8160,7730,8729879
181,2020-05-14,7700,7840,5157709
182,2020-05-15,7890,7570,2516083
183,2020-05-18,7410,7150,2211077
184,2020-05-19,6900,6970,2362558
185,2020-05-20,7020,7010,1424640
186,2020-05-21,7020,6980,949999
187,2020-05-22,6970,6780,1297646
188,2020-05-25,6920,7010,1571324
189,2020-05-26,7160,7020,1168171
190,2020-05-27,7090,6920,918706
191,2020-05-28,6930,7030,2232320
192,2020-05-29,7000,6870,1966297
193,2020-06-01,6900,6840,764428
194,2020-06-02,6880,6790,794918
195,2020-06-03,6830,6630,985094
196,2020-06-04,6620,6730,5413747
197,2020-06-05,6740,6620,952617
198,2020-06-08,6670,6740,1197111
199,2020-06-09,6760,6620,715472
200,2020-06-10,6660,6550,601330
201,2020-06-11,6550,6340,720083
202,2020-06-12,6410,6420,9822218
203,2020-06-15,6510,5810,1644398
204,2020-06-16,5850,6220,1585368
205,2020-06-17,6100,6050,940215
206,2020-06-18,6010,5950,621525
207,2020-06-19,5950,5960,1287154
208,2020-06-22,6020,5970,952634
209,2020-06-23,5990,5810,697426
210,2020-06-24,5770,5850,486616
211,2020-06-25,6000,5860,1107476
212,2020-06-26,5840,5830,547550
213,2020-06-29,5990,5850,600042
214,2020-06-30,5820,5850,483856
215,2020-07-01,5900,5750,466062
216,2020-07-02,5750,5780,346470
217,2020-07-03,5760,6000,1289916
218,2020-07-06,6120,5990,822189
219,2020-07-07,6030,6070,940723
220,2020-07-08,6150,6030,732459
221,2020-07-09,6040,5990,473913
222,2020-07-10,5960,6080,903650
223,2020-07-13,6190,6030,566809
224,2020-07-14,6020,6020,898925
225,2020-07-15,6020,5970,608061
226,2020-07-16,5930,5930,450953
227,2020-07-17,5930,5940,291163
228,2020-07-20,5960,5870,544554
229,2020-07-21,5910,5880,330595
230,2020-07-22,5920,5840,393752
231,2020-07-23,5830,6050,1083021
232,2020-07-24,6050,5870,659864
233,2020-07-27,5880,5980,909767
234,2020-07-28,5950,5900,437766
235,2020-07-29,5890,5890,390301
236,2020-07-30,5900,5880,566248
237,2020-07-31,5860,5840,361980
238,2020-08-03,5900,6200,2016616
239,2020-08-04,6240,6040,1178043
240,2020-08-05,6180,6010,1336716
241,2020-08-06,6010,6000,546776
242,2020-08-07,6000,5950,463683
243,2020-08-10,5930,5880,450900
244,2020-08-11,5880,5870,391375
245,2020-08-12,5850,5720,583391
246,2020-08-13,5760,5780,365326
247,2020-08-14,5840,5810,697322
248,2020-08-18,6080,7100,22224260
249,2020-08-19,6730,6490,11688324
250,2020-08-20,6700,6780,24446172
251,2020-08-21,7060,6630,7913616
252,2020-08-24,7060,6770,5181541
253,2020-08-25,6770,6740,2520816
254,2020-08-26,6780,6810,3984283
255,2020-08-27,6850,6810,4475625
256,2020-08-28,6740,6790,1792177
257,2020-08-31,6700,6540,1372149
258,2020-09-01,6550,6420,926776
259,2020-09-02,6480,6410,723198
260,2020-09-03,6420,6210,1325362
261,2020-09-04,5990,6000,1133215
262,2020-09-07,6000,6020,656049
263,2020-09-08,6020,5930,860353
264,2020-09-09,5920,5840,660632
265,2020-09-10,5850,5840,525917
266,2020-09-11,5850,5790,660782
267,2020-09-14,5790,5820,1099888
268,2020-09-15,5820,5760,582098
269,2020-09-16,5800,5720,413131
270,2020-09-17,5730,5740,989030
271,2020-09-18,5710,5680,361523
272,2020-09-21,5680,5430,601238
273,2020-09-22,5330,5120,697165
274,2020-09-23,5130,5170,358153
275,2020-09-24,5080,4910,380700
276,2020-09-25,4910,4930,259846
277,2020-09-28,4930,5090,253376
278,2020-09-29,5090,5140,240067
279,2020-10-05,5250,5200,257973
280,2020-10-06,5230,5360,436210
281,2020-10-07,5450,5400,481297
282,2020-10-08,5400,5340,230754
283,2020-10-12,5280,5220,238950
284,2020-10-13,5220,5240,140592
285,2020-10-14,5290,5460,554544
286,2020-10-15,5460,5290,317466
287,2020-10-16,5290,5180,199171
288,2020-10-19,5180,5140,125871
289,2020-10-20,5070,5240,12460345
290,2020-10-21,5390,5250,1493362
291,2020-10-22,5300,5450,2829410
292,2020-10-23,5430,5330,911684
293,2020-10-26,5270,5100,594632
294,2020-10-27,5010,5090,446194
295,2020-10-28,5070,5120,194635
296,2020-10-29,5030,5280,2819119
297,2020-10-30,5310,5270,385510
298,2020-11-02,5360,5220,283998
299,2020-11-03,5300,5240,352530
