,date,open,close,volume
0,2019-08-16,4185,4130,115928
1,2019-08-19,4180,4250,154304
2,2019-08-20,4275,4560,318711
3,2019-08-21,4505,4495,170961
4,2019-08-22,4475,4370,140943
5,2019-08-23,4360,4485,183133
6,2019-08-26,4385,4305,220481
7,2019-08-27,4355,4445,184373
8,2019-08-28,4480,4505,86520
9,2019-08-29,4490,4460,55173
10,2019-08-30,4475,4520,114401
11,2019-09-02,4480,4490,102694
12,2019-09-03,4460,4455,62907
13,2019-09-04,4455,4480,83690
14,2019-09-05,4480,4535,185292
15,2019-09-06,4550,4535,111143
16,2019-09-09,4515,4460,120844
17,2019-09-10,4470,4575,198619
18,2019-09-11,4560,4580,126832
19,2019-09-16,4590,4605,130132
20,2019-09-17,4610,4625,118553
21,2019-09-18,4625,4705,185092
22,2019-09-19,4735,4680,145321
23,2019-09-20,4720,4675,91994
24,2019-09-23,4675,4675,94198
25,2019-09-24,4675,4650,114075
26,2019-09-25,4650,4775,294562
27,2019-09-26,4760,4650,173703
28,2019-09-27,4650,4530,216424
29,2019-09-30,4555,4485,129717
30,2019-10-01,4465,4480,78712
31,2019-10-02,4480,4480,139207
32,2019-10-04,4465,4360,149882
33,2019-10-07,4365,4270,156962
34,2019-10-08,4300,4320,55360
35,2019-10-10,4320,4320,73308
36,2019-10-11,4320,4325,57270
37,2019-10-14,4370,4420,65137
38,2019-10-15,4415,4430,50656
39,2019-10-16,4415,4435,66956
40,2019-10-17,4435,4425,71496
41,2019-10-18,4420,4465,133640
42,2019-10-21,4485,4700,437065
43,2019-10-22,4750,4600,384744
44,2019-10-23,4560,4530,134982
45,2019-10-24,4530,4575,169042
46,2019-10-25,4555,4530,56829
47,2019-10-28,4550,4515,68761
48,2019-10-29,4525,4520,47786
49,2019-10-30,4510,4425,167662
50,2019-10-31,4490,4455,78428
51,2019-11-01,4435,4520,89002
52,2019-11-04,4515,4595,97937
53,2019-11-05,4590,4670,223721
54,2019-11-06,4600,4350,1015514
55,2019-11-07,4330,4405,212523
56,2019-11-08,4405,4450,132237
57,2019-11-11,4460,4460,124460
58,2019-11-12,4465,4690,1016557
59,2019-11-13,4730,4725,494783
60,2019-11-14,4735,4665,241961
61,2019-11-15,4745,4825,595524
62,2019-11-18,4835,4630,503879
63,2019-11-19,4630,4560,282388
64,2019-11-20,4560,4435,372454
65,2019-11-21,4405,4310,309706
66,2019-11-22,4305,4245,305981
67,2019-11-25,4260,4310,89148
68,2019-11-26,4270,4320,80535
69,2019-11-27,4360,4370,98492
70,2019-11-28,4340,4345,70581
71,2019-11-29,4330,4290,227586
72,2019-12-02,4315,4285,83568
73,2019-12-03,4285,4225,134137
74,2019-12-04,4225,4165,130128
75,2019-12-05,4175,4180,114508
76,2019-12-06,4170,4180,83092
77,2019-12-09,4185,4170,169526
78,2019-12-10,4170,4180,58218
79,2019-12-11,4160,4190,76988
80,2019-12-12,4185,4220,133091
81,2019-12-13,4225,4225,173371
82,2019-12-16,4240,4230,135590
83,2019-12-17,4225,4230,114405
84,2019-12-18,4240,4305,166566
85,2019-12-19,4320,4310,103262
86,2019-12-20,4320,4345,164913
87,2019-12-23,4370,4305,132902
88,2019-12-24,4295,4325,106834
89,2019-12-26,4350,4400,284565
90,2019-12-27,4300,4295,237986
91,2019-12-30,4285,4225,151081
92,2020-01-02,4225,4275,92704
93,2020-01-03,4275,4360,216888
94,2020-01-06,4300,4240,169430
95,2020-01-07,4240,4240,99799
96,2020-01-08,4235,4045,287261
97,2020-01-09,4140,4080,178374
98,2020-01-10,4085,4185,98520
99,2020-01-13,4230,4270,131590
100,2020-01-14,4240,4270,84124
101,2020-01-15,4305,4280,55835
102,2020-01-16,4280,4265,63602
103,2020-01-17,4270,4280,133733
104,2020-01-20,4300,4195,148651
105,2020-01-21,4170,4090,254611
106,2020-01-22,4090,4220,194556
107,2020-01-23,4215,4185,105583
108,2020-01-28,4120,4035,322848
109,2020-01-29,4000,4050,106669
110,2020-01-30,4040,3960,187641
111,2020-01-31,3960,3900,259039
112,2020-02-03,3800,3860,277091
113,2020-02-04,3850,3930,125878
114,2020-02-05,3980,3950,148645
115,2020-02-06,3955,4000,127667
116,2020-02-07,4000,3970,150920
117,2020-02-10,3970,3960,88282
118,2020-02-11,3940,3980,82080
119,2020-02-12,3995,4035,149624
120,2020-02-13,4095,4065,304417
121,2020-02-14,4065,4010,128311
122,2020-02-17,4005,3980,137756
123,2020-02-18,3995,4000,76961
124,2020-02-19,4000,4010,1261944
125,2020-02-20,4010,4015,229888
126,2020-02-21,4020,4170,902821
127,2020-02-24,4325,3925,1233446
128,2020-02-25,3870,3950,275780
129,2020-02-26,3935,3895,210957
130,2020-02-27,3895,3805,289557
131,2020-02-28,3750,3585,347811
132,2020-03-02,3600,3575,178145
133,2020-03-03,3615,3580,151188
134,2020-03-04,3580,3650,93227
135,2020-03-05,3665,3695,107251
136,2020-03-06,3650,3675,95638
137,2020-03-09,3665,3515,161679
138,2020-03-10,3450,3435,284545
139,2020-03-11,3450,3325,284821
140,2020-03-12,3265,3080,325664
141,2020-03-13,2775,2850,622848
142,2020-03-16,2870,2840,248139
143,2020-03-17,2615,2800,250018
144,2020-03-18,2805,2760,225117
145,2020-03-19,2770,2470,363878
146,2020-03-20,2470,2575,359628
147,2020-03-23,2395,2340,314920
148,2020-03-24,2355,2395,416652
149,2020-03-25,2480,2545,434482
150,2020-03-26,2565,2660,338484
151,2020-03-27,2780,2745,368447
152,2020-03-30,2670,2810,193067
153,2020-03-31,2870,2920,407802
154,2020-04-01,2915,2845,327481
155,2020-04-02,2815,2855,241624
156,2020-04-03,2890,2915,175675
157,2020-04-06,2950,3015,247939
158,2020-04-07,3250,3130,522863
159,2020-04-08,3130,3265,542449
160,2020-04-09,3300,3200,437095
161,2020-04-10,3235,3230,335397
162,2020-04-13,3240,3200,265354
163,2020-04-14,3200,3215,204638
164,2020-04-16,3220,3210,201656
165,2020-04-17,3240,3290,198719
166,2020-04-20,3290,3300,209563
167,2020-04-21,3300,3190,214330
168,2020-04-22,3125,3150,279703
169,2020-04-23,3175,3250,133069
170,2020-04-24,3250,3200,123056
171,2020-04-27,3200,3260,145816
172,2020-04-28,3265,3250,99404
173,2020-04-29,3250,3385,474368
174,2020-05-04,3385,3350,196837
175,2020-05-06,3370,3415,188232
176,2020-05-07,3410,3475,263356
177,2020-05-08,3485,3480,210851
178,2020-05-11,3485,3385,180437
179,2020-05-12,3400,3340,200536
180,2020-05-13,3285,3340,83487
181,2020-05-14,3340,3260,177933
182,2020-05-15,3265,3195,207673
183,2020-05-18,3130,3115,273572
184,2020-05-19,3155,3070,389867
185,2020-05-20,3075,3120,174758
186,2020-05-21,3120,3080,299652
187,2020-05-22,3080,2990,285215
188,2020-05-25,3000,3055,102040
189,2020-05-26,3065,3120,351264
190,2020-05-27,3120,3140,165576
191,2020-05-28,3150,3115,271729
192,2020-05-29,3090,3030,463646
193,2020-06-01,3075,3140,241294
194,2020-06-02,3125,3235,291880
195,2020-06-03,3240,3270,313770
196,2020-06-04,3300,3240,239049
197,2020-06-05,3250,3260,113094
198,2020-06-08,3310,3250,151034
199,2020-06-09,3250,3195,202206
200,2020-06-10,3195,3140,168817
201,2020-06-11,3150,3080,210139
202,2020-06-12,2970,3100,418644
203,2020-06-15,3100,2930,255920
204,2020-06-16,2970,3005,174821
205,2020-06-17,2960,2980,124515
206,2020-06-18,2985,2960,119794
207,2020-06-19,3030,2975,101386
208,2020-06-22,2970,2975,91620
209,2020-06-23,2980,2940,222493
210,2020-06-24,2950,2940,132938
211,2020-06-25,2905,2895,100349
212,2020-06-26,2900,2890,89304
213,2020-06-29,2890,2850,67741
214,2020-06-30,2855,2885,60701
215,2020-07-01,2925,2875,69037
216,2020-07-02,2875,2880,51731
217,2020-07-03,2900,2905,73115
218,2020-07-06,2915,2895,68586
219,2020-07-07,2910,2880,88511
220,2020-07-08,2870,2885,47471
221,2020-07-09,2880,2865,80088
222,2020-07-10,2865,2830,148479
223,2020-07-13,2830,2860,78281
224,2020-07-14,2865,3050,412878
225,2020-07-15,3070,3025,128777
226,2020-07-16,3025,3045,80016
227,2020-07-17,3050,3000,98120
228,2020-07-20,3000,2990,79673
229,2020-07-21,2995,3025,165196
230,2020-07-22,3035,3020,147816
231,2020-07-23,3035,2975,92284
232,2020-07-24,2975,2960,87516
233,2020-07-27,2965,2995,63706
234,2020-07-28,3000,2995,103686
235,2020-07-29,2995,2995,60927
236,2020-07-30,2990,2985,67716
237,2020-07-31,2970,2980,72515
238,2020-08-03,2955,2955,112430
239,2020-08-04,2945,2995,114966
240,2020-08-05,3005,2995,144829
241,2020-08-06,3000,3105,456749
242,2020-08-07,3125,3205,385288
243,2020-08-10,3235,3200,118494
244,2020-08-11,3190,3115,319606
245,2020-08-12,3115,3110,158605
246,2020-08-13,3125,3115,129387
247,2020-08-14,3145,3120,145659
248,2020-08-18,3115,3045,227067
249,2020-08-19,3045,3050,90795
250,2020-08-20,3050,2935,375704
251,2020-08-21,2990,2975,143343
252,2020-08-24,2950,2955,79728
253,2020-08-25,2970,3005,57118
254,2020-08-26,3015,3005,90327
255,2020-08-27,3005,2980,74180
256,2020-08-28,3000,3130,406966
257,2020-08-31,3165,3120,213761
258,2020-09-01,3125,3160,219658
259,2020-09-02,3185,3170,192897
260,2020-09-03,3180,3235,320645
261,2020-09-04,3150,3180,278729
262,2020-09-07,3180,3240,221173
263,2020-09-08,3255,3235,127793
264,2020-09-09,3180,3220,138003
265,2020-09-10,3265,3230,280641
266,2020-09-11,3240,3210,102803
267,2020-09-14,3225,3275,207395
268,2020-09-15,3310,3280,153097
269,2020-09-16,3280,3235,135578
270,2020-09-17,3215,3215,114763
271,2020-09-18,3250,3340,2207669
272,2020-09-21,3290,3200,679707
273,2020-09-22,3200,3065,289678
274,2020-09-23,3055,3065,211514
275,2020-09-24,3065,2995,161124
276,2020-09-25,3005,3050,72162
277,2020-09-28,3080,3065,69787
278,2020-09-29,3065,3080,72387
279,2020-10-05,3110,3170,105830
280,2020-10-06,3180,3190,94615
281,2020-10-07,3180,3220,135635
282,2020-10-08,3230,3335,514490
283,2020-10-12,3350,3285,343126
284,2020-10-13,3280,3280,95730
285,2020-10-14,3265,3250,212867
286,2020-10-15,3280,3220,121291
287,2020-10-16,3215,3190,118795
288,2020-10-19,3190,3175,77775
289,2020-10-20,3175,3205,142628
290,2020-10-21,3200,3280,196542
291,2020-10-22,3280,3225,164460
292,2020-10-23,3270,3285,155766
293,2020-10-26,3295,3230,141553
294,2020-10-27,3220,3195,116745
295,2020-10-28,3200,3210,115696
296,2020-10-29,3180,3180,421245
297,2020-10-30,3210,3115,325506
298,2020-11-02,3120,3130,47373
299,2020-11-03,3145,3175,66868
