,date,open,close,volume
0,2019-08-16,780,772,56554
1,2019-08-19,765,742,68850
2,2019-08-20,742,720,165854
3,2019-08-21,726,731,127135
4,2019-08-22,733,731,72370
5,2019-08-23,721,750,143033
6,2019-08-26,798,744,81241
7,2019-08-27,744,751,38582
8,2019-08-28,751,751,29471
9,2019-08-29,755,753,47199
10,2019-08-30,770,746,85258
11,2019-09-02,758,745,69398
12,2019-09-03,743,759,80954
13,2019-09-04,764,776,95845
14,2019-09-05,780,770,104381
15,2019-09-06,792,777,77002
16,2019-09-09,776,762,59373
17,2019-09-10,760,748,54411
18,2019-09-11,748,757,51880
19,2019-09-16,752,779,600666
20,2019-09-17,784,816,810617
21,2019-09-18,818,809,132730
22,2019-09-19,813,819,64509
23,2019-09-20,845,819,38544
24,2019-09-23,838,803,51756
25,2019-09-24,801,805,35658
26,2019-09-25,805,799,107116
27,2019-09-26,798,788,143762
28,2019-09-27,788,785,13011
29,2019-09-30,793,786,34946
30,2019-10-01,712,785,122797
31,2019-10-02,785,819,249829
32,2019-10-04,828,815,71368
33,2019-10-07,843,796,69663
34,2019-10-08,815,800,47808
35,2019-10-10,803,770,122580
36,2019-10-11,780,760,41915
37,2019-10-14,764,806,77802
38,2019-10-15,798,800,58889
39,2019-10-16,800,802,12105
40,2019-10-17,796,802,49846
41,2019-10-18,814,800,10637
42,2019-10-21,799,785,20803
43,2019-10-22,786,777,42874
44,2019-10-23,780,789,1314768
45,2019-10-24,795,771,226455
46,2019-10-25,780,771,146226
47,2019-10-28,771,793,207972
48,2019-10-29,800,778,75367
49,2019-10-30,767,783,57840
50,2019-10-31,778,780,79059
51,2019-11-01,775,774,45243
52,2019-11-04,785,774,81456
53,2019-11-05,798,777,219337
54,2019-11-06,777,776,27000
55,2019-11-07,779,768,155460
56,2019-11-08,765,760,88630
57,2019-11-11,765,766,68808
58,2019-11-12,763,754,101435
59,2019-11-13,764,754,67928
60,2019-11-14,754,760,127853
61,2019-11-15,760,754,67726
62,2019-11-18,754,760,245236
63,2019-11-19,774,776,2622208
64,2019-11-20,770,778,214690
65,2019-11-21,794,777,595212
66,2019-11-22,754,798,269210
67,2019-11-25,801,862,753667
68,2019-11-26,862,872,402372
69,2019-11-27,867,853,106600
70,2019-11-28,853,910,595987
71,2019-11-29,911,899,412487
72,2019-12-02,899,902,229111
73,2019-12-03,902,905,177221
74,2019-12-04,910,897,214292
75,2019-12-05,897,902,162470
76,2019-12-06,902,900,839070
77,2019-12-09,922,860,280040
78,2019-12-10,860,905,244822
79,2019-12-11,905,905,352705
80,2019-12-12,905,915,276972
81,2019-12-13,938,948,959310
82,2019-12-16,930,909,671696
83,2019-12-17,914,859,732033
84,2019-12-18,859,840,498764
85,2019-12-19,840,819,115187
86,2019-12-20,819,799,182565
87,2019-12-23,799,811,285101
88,2019-12-24,812,795,147908
89,2019-12-26,795,798,44798
90,2019-12-27,795,795,160019
91,2019-12-30,800,840,317701
92,2020-01-02,833,846,37053
93,2020-01-03,845,833,83240
94,2020-01-06,808,834,34103
95,2020-01-07,834,830,111411
96,2020-01-08,830,853,558167
97,2020-01-09,856,882,194275
98,2020-01-10,890,915,540575
99,2020-01-13,939,943,584310
100,2020-01-14,933,950,806838
101,2020-01-15,949,933,495989
102,2020-01-16,935,930,206556
103,2020-01-17,926,901,337593
104,2020-01-20,900,886,199640
105,2020-01-21,877,876,82046
106,2020-01-22,870,885,408514
107,2020-01-23,885,885,429946
108,2020-01-28,885,888,191640
109,2020-01-29,889,960,3875814
110,2020-01-30,962,969,386331
111,2020-01-31,967,915,399343
112,2020-02-03,899,957,268827
113,2020-02-04,957,958,145499
114,2020-02-05,957,921,158332
115,2020-02-06,921,927,202111
116,2020-02-07,940,927,203569
117,2020-02-10,935,998,1034816
118,2020-02-11,1000,1000,426244
119,2020-02-12,999,985,213495
120,2020-02-13,985,978,140786
121,2020-02-14,978,978,300909
122,2020-02-17,928,954,376355
123,2020-02-18,954,911,236041
124,2020-02-19,913,911,306094
125,2020-02-20,929,896,165942
126,2020-02-21,897,882,335037
127,2020-02-24,873,836,185697
128,2020-02-25,830,835,295894
129,2020-02-26,835,815,89222
130,2020-02-27,808,800,154679
131,2020-02-28,785,747,468549
132,2020-03-02,750,761,221562
133,2020-03-03,774,775,75185
134,2020-03-04,786,803,279225
135,2020-03-05,793,823,129580
136,2020-03-06,823,824,100342
137,2020-03-09,823,774,273489
138,2020-03-10,765,778,99294
139,2020-03-11,778,766,225937
140,2020-03-12,766,710,261201
141,2020-03-13,555,600,629766
142,2020-03-16,630,614,424748
143,2020-03-17,590,620,221076
144,2020-03-18,620,598,208519
145,2020-03-19,598,596,565984
146,2020-03-20,551,591,275152
147,2020-03-23,600,543,166804
148,2020-03-24,548,558,246323
149,2020-03-25,600,590,182762
150,2020-03-26,600,614,26618
151,2020-03-27,616,586,255247
152,2020-03-30,580,587,87193
153,2020-03-31,615,602,217900
154,2020-04-01,620,575,196956
155,2020-04-02,631,670,2903230
156,2020-04-03,641,637,472335
157,2020-04-06,644,645,216229
158,2020-04-07,646,685,346605
159,2020-04-08,690,677,118392
160,2020-04-09,680,700,183892
161,2020-04-10,700,690,136148
162,2020-04-13,690,672,136429
163,2020-04-14,673,685,63849
164,2020-04-16,700,699,66587
165,2020-04-17,749,708,154912
166,2020-04-20,732,710,85441
167,2020-04-21,710,704,179887
168,2020-04-22,709,690,108925
169,2020-04-23,703,688,49439
170,2020-04-24,694,683,43589
171,2020-04-27,683,684,42152
172,2020-04-28,687,678,90338
173,2020-04-29,680,691,138684
174,2020-05-04,689,699,34614
175,2020-05-06,699,702,103156
176,2020-05-07,702,722,237023
177,2020-05-08,716,737,332258
178,2020-05-11,745,754,179347
179,2020-05-12,736,748,142110
180,2020-05-13,748,831,7229876
181,2020-05-14,825,800,757826
182,2020-05-15,807,799,477842
183,2020-05-18,797,783,360796
184,2020-05-19,783,745,479970
185,2020-05-20,748,760,308479
186,2020-05-21,769,762,141015
187,2020-05-22,766,749,202171
188,2020-05-25,754,761,199548
189,2020-05-26,766,773,237952
190,2020-05-27,775,843,2242755
191,2020-05-28,858,847,1422265
192,2020-05-29,847,846,711308
193,2020-06-01,842,849,261906
194,2020-06-02,853,838,219858
195,2020-06-03,839,838,261031
196,2020-06-04,840,804,426069
197,2020-06-05,804,825,247318
198,2020-06-08,845,865,471076
199,2020-06-09,865,846,271498
200,2020-06-10,846,870,189597
201,2020-06-11,855,888,602160
202,2020-06-12,888,908,1908384
203,2020-06-15,895,830,930165
204,2020-06-16,831,897,587165
205,2020-06-17,887,945,1315458
206,2020-06-18,935,1010,4150366
207,2020-06-19,965,916,2287141
208,2020-06-22,932,908,934251
209,2020-06-23,900,954,1350312
210,2020-06-24,970,946,549263
211,2020-06-25,933,910,511303
212,2020-06-26,914,914,348317
213,2020-06-29,914,856,491747
214,2020-06-30,858,862,283968
215,2020-07-01,863,881,256425
216,2020-07-02,888,876,450098
217,2020-07-03,867,874,194878
218,2020-07-06,874,843,240548
219,2020-07-07,850,822,1013719
220,2020-07-08,822,862,310575
221,2020-07-09,862,856,302172
222,2020-07-10,870,859,249913
223,2020-07-13,847,854,108220
224,2020-07-14,854,821,217683
225,2020-07-15,828,825,160360
226,2020-07-16,845,830,90592
227,2020-07-17,835,829,121627
228,2020-07-20,821,812,256891
229,2020-07-21,827,808,243003
230,2020-07-22,810,796,171430
231,2020-07-23,795,791,386945
232,2020-07-24,791,800,116084
233,2020-07-27,807,799,148767
234,2020-07-28,807,790,240917
235,2020-07-29,794,783,131585
236,2020-07-30,783,791,129350
237,2020-07-31,791,793,122942
238,2020-08-03,793,794,141738
239,2020-08-04,801,803,89875
240,2020-08-05,803,804,141053
241,2020-08-06,804,791,196991
242,2020-08-07,786,782,171490
243,2020-08-10,782,765,226604
244,2020-08-11,765,779,71535
245,2020-08-12,779,778,112460
246,2020-08-13,778,772,72514
247,2020-08-14,772,790,168184
248,2020-08-18,793,749,387367
249,2020-08-19,748,736,250535
250,2020-08-20,736,700,259244
251,2020-08-21,700,709,125737
252,2020-08-24,709,714,61581
253,2020-08-25,714,710,132557
254,2020-08-26,718,695,243624
255,2020-08-27,696,701,297190
256,2020-08-28,701,683,343282
257,2020-08-31,683,689,131029
258,2020-09-01,695,696,142151
259,2020-09-02,700,723,200630
260,2020-09-03,723,719,62958
261,2020-09-04,705,716,55970
262,2020-09-07,723,726,143282
263,2020-09-08,722,718,225565
264,2020-09-09,718,716,53537
265,2020-09-10,716,712,100318
266,2020-09-11,711,708,152695
267,2020-09-14,708,705,61930
268,2020-09-15,703,708,40557
269,2020-09-16,720,707,123091
270,2020-09-17,709,700,168227
271,2020-09-18,702,705,65655
272,2020-09-21,698,696,117250
273,2020-09-22,696,673,138646
274,2020-09-23,668,693,66511
275,2020-09-24,693,693,241414
276,2020-09-25,693,682,74969
277,2020-09-28,695,690,42125
278,2020-09-29,690,687,94995
279,2020-10-05,687,694,62394
280,2020-10-06,694,705,133470
281,2020-10-07,711,727,62317
282,2020-10-08,726,740,208947
283,2020-10-12,732,738,45973
284,2020-10-13,738,756,97552
285,2020-10-14,756,781,307936
286,2020-10-15,774,813,1165891
287,2020-10-16,798,772,305659
288,2020-10-19,775,745,127871
289,2020-10-20,749,736,82976
290,2020-10-21,736,724,58057
291,2020-10-22,724,745,39735
292,2020-10-23,747,763,94783
293,2020-10-26,784,771,98256
294,2020-10-27,795,745,63986
295,2020-10-28,745,773,41090
296,2020-10-29,775,780,257022
297,2020-10-30,773,773,42519
298,2020-11-02,771,765,134535
299,2020-11-03,770,757,146653
