,date,open,close,volume
0,2019-08-16,15500,15200,13518
1,2019-08-19,15200,15150,17089
2,2019-08-20,15250,15350,22665
3,2019-08-21,15450,15350,19747
4,2019-08-22,15700,15800,34980
5,2019-08-23,15800,15200,35026
6,2019-08-26,14750,14500,35905
7,2019-08-27,14900,14500,22858
8,2019-08-28,14500,14350,32089
9,2019-08-29,14600,13900,93287
10,2019-08-30,14000,14000,41871
11,2019-09-02,14000,13950,27013
12,2019-09-03,14000,14100,14997
13,2019-09-04,14050,14650,38897
14,2019-09-05,14500,14450,27336
15,2019-09-06,14450,15100,99408
16,2019-09-09,15050,14650,30865
17,2019-09-10,14600,14500,24766
18,2019-09-11,14500,14500,16685
19,2019-09-16,14650,14450,19719
20,2019-09-17,14250,15000,45832
21,2019-09-18,14900,16000,388184
22,2019-09-19,16000,15300,89675
23,2019-09-20,15200,15000,55133
24,2019-09-23,15000,15050,25768
25,2019-09-24,14950,14950,33830
26,2019-09-25,14600,13900,125523
27,2019-09-26,13900,13950,15424
28,2019-09-27,13900,13900,45073
29,2019-09-30,13900,13900,27488
30,2019-10-01,13750,13900,28182
31,2019-10-02,13750,14350,80607
32,2019-10-04,14300,14350,20268
33,2019-10-07,14500,14700,37059
34,2019-10-08,14700,14750,18545
35,2019-10-10,14750,15600,148533
36,2019-10-11,15600,15450,22273
37,2019-10-14,15450,15350,22788
38,2019-10-15,15500,16400,242026
39,2019-10-16,16400,16250,73000
40,2019-10-17,16150,17350,1093199
41,2019-10-18,17750,17250,344103
42,2019-10-21,17200,17500,137708
43,2019-10-22,17400,16950,97549
44,2019-10-23,16950,16750,75969
45,2019-10-24,17050,17300,54360
46,2019-10-25,17500,16450,95182
47,2019-10-28,16300,16350,30066
48,2019-10-29,16250,16600,57495
49,2019-10-30,17050,17200,320942
50,2019-10-31,17550,17250,68296
51,2019-11-01,17250,17300,32499
52,2019-11-04,17750,16900,29868
53,2019-11-05,16800,17350,40132
54,2019-11-06,17300,17000,39231
55,2019-11-07,16900,16650,25003
56,2019-11-08,16650,16550,22600
57,2019-11-11,16550,16600,11907
58,2019-11-12,16700,16550,18601
59,2019-11-13,16450,16000,77525
60,2019-11-14,15850,16000,19722
61,2019-11-15,15900,15600,27619
62,2019-11-18,15600,15200,53621
63,2019-11-19,15200,14800,41478
64,2019-11-20,14800,14650,29393
65,2019-11-21,14500,14500,37760
66,2019-11-22,14450,14250,59496
67,2019-11-25,14350,14800,18851
68,2019-11-26,15000,15250,51911
69,2019-11-27,15500,15100,14705
70,2019-11-28,15100,15100,13882
71,2019-11-29,14850,14550,51951
72,2019-12-02,14700,14750,20902
73,2019-12-03,14750,14400,16342
74,2019-12-04,14400,14300,11806
75,2019-12-05,14300,14450,15683
76,2019-12-06,14300,15200,13607
77,2019-12-09,15350,15050,9236
78,2019-12-10,15000,14850,7429
79,2019-12-11,15050,14800,22416
80,2019-12-12,14750,14600,15597
81,2019-12-13,14700,14650,8514
82,2019-12-16,14500,14850,6014
83,2019-12-17,14900,15250,20434
84,2019-12-18,15400,14800,9929
85,2019-12-19,14800,14500,24896
86,2019-12-20,14500,14500,8110
87,2019-12-23,14600,14450,6061
88,2019-12-24,14450,13850,43855
89,2019-12-26,13550,13800,22224
90,2019-12-27,13900,13700,26814
91,2019-12-30,13700,13950,18598
92,2020-01-02,14000,14250,31770
93,2020-01-03,14250,13950,13821
94,2020-01-06,13950,13550,17846
95,2020-01-07,13600,13800,5680
96,2020-01-08,13750,13300,39153
97,2020-01-09,13500,13450,26021
98,2020-01-10,13350,13400,44475
99,2020-01-13,13400,14300,34655
100,2020-01-14,14450,14200,11906
101,2020-01-15,14200,14300,7991
102,2020-01-16,14650,14100,8698
103,2020-01-17,14050,13850,29520
104,2020-01-20,13900,13850,9089
105,2020-01-21,13850,13550,39400
106,2020-01-22,13350,13450,10181
107,2020-01-23,13450,13300,31730
108,2020-01-28,12900,12550,21465
109,2020-01-29,12700,12500,24625
110,2020-01-30,12550,12400,11438
111,2020-01-31,12500,11750,38648
112,2020-02-03,11300,12200,48110
113,2020-02-04,12450,12200,8400
114,2020-02-05,12250,12350,18240
115,2020-02-06,12400,12700,12565
116,2020-02-07,12900,12500,4390
117,2020-02-10,12500,12450,24153
118,2020-02-11,12600,12350,11231
119,2020-02-12,12350,12350,7572
120,2020-02-13,12400,12350,12009
121,2020-02-14,12150,12250,18998
122,2020-02-17,12250,12400,13590
123,2020-02-18,12500,12300,48375
124,2020-02-19,12300,12250,23334
125,2020-02-20,12200,12000,24165
126,2020-02-21,12000,12100,21526
127,2020-02-24,12000,11750,27740
128,2020-02-25,11400,11700,16795
129,2020-02-26,11600,11350,20563
130,2020-02-27,11500,11450,11669
131,2020-02-28,11400,10500,71912
132,2020-03-02,10500,10650,37940
133,2020-03-03,10700,10800,6734
134,2020-03-04,10750,10800,20320
135,2020-03-05,10950,11100,12173
136,2020-03-06,11150,10750,12087
137,2020-03-09,10450,10250,16080
138,2020-03-10,10050,10250,29829
139,2020-03-11,10350,9700,16381
140,2020-03-12,9210,8140,218212
141,2020-03-13,7000,7060,173546
142,2020-03-16,6810,6280,116572
143,2020-03-17,5510,6350,92386
144,2020-03-18,6250,5970,28786
145,2020-03-19,6000,4650,55432
146,2020-03-20,4610,5360,54665
147,2020-03-23,5010,5150,24016
148,2020-03-24,5200,5950,53132
149,2020-03-25,6090,6450,66760
150,2020-03-26,6460,6900,48680
151,2020-03-27,7690,7330,100781
152,2020-03-30,7010,8910,207716
153,2020-03-31,9380,9600,163344
154,2020-04-01,9600,9870,142578
155,2020-04-02,9790,10100,43210
156,2020-04-03,10100,9670,71272
157,2020-04-06,9640,9660,45356
158,2020-04-07,9890,9780,40568
159,2020-04-08,9780,9850,62704
160,2020-04-09,9900,9970,41193
161,2020-04-10,9970,9960,50669
162,2020-04-13,10750,10450,94646
163,2020-04-14,10250,10450,38927
164,2020-04-16,10300,10300,31524
165,2020-04-17,10350,10700,42846
166,2020-04-20,10900,11050,48299
167,2020-04-21,11050,10550,47366
168,2020-04-22,10650,10450,33151
169,2020-04-23,10600,10650,29805
170,2020-04-24,10650,10700,25610
171,2020-04-27,10800,10750,46010
172,2020-04-28,10750,10500,47208
173,2020-04-29,10400,10750,27446
174,2020-05-04,10550,10800,27029
175,2020-05-06,10800,11400,47133
176,2020-05-07,11450,12750,166159
177,2020-05-08,13000,12800,88949
178,2020-05-11,12800,13250,275931
179,2020-05-12,13700,13300,95042
180,2020-05-13,13250,13250,54081
181,2020-05-14,13250,12900,36631
182,2020-05-15,12900,12350,46011
183,2020-05-18,12350,12400,38523
184,2020-05-19,12400,12400,24306
185,2020-05-20,12450,12550,31218
186,2020-05-21,12400,12500,23050
187,2020-05-22,12500,12300,30510
188,2020-05-25,12300,12400,24434
189,2020-05-26,12200,12350,19523
190,2020-05-27,12350,12150,89564
191,2020-05-28,12300,12100,39366
192,2020-05-29,12100,12000,19207
193,2020-06-01,11900,12000,13398
194,2020-06-02,12000,12100,10634
195,2020-06-03,12250,12300,15419
196,2020-06-04,12200,12750,45486
197,2020-06-05,12600,12850,17878
198,2020-06-08,13000,12900,22997
199,2020-06-09,13050,12600,12981
200,2020-06-10,12800,12600,11412
201,2020-06-11,12400,11900,43890
202,2020-06-12,11550,12000,40279
203,2020-06-15,12000,10450,43207
204,2020-06-16,10900,11100,27370
205,2020-06-17,10750,11450,77786
206,2020-06-18,11500,12500,61978
207,2020-06-19,12700,12350,19113
208,2020-06-22,12050,12400,20346
209,2020-06-23,13150,13150,182736
210,2020-06-24,13150,13450,51040
211,2020-06-25,13200,13050,46411
212,2020-06-26,13150,13050,17442
213,2020-06-29,12700,12800,15521
214,2020-06-30,12750,13250,23153
215,2020-07-01,13550,13000,16037
216,2020-07-02,12950,13800,149124
217,2020-07-03,14050,14300,88928
218,2020-07-06,14350,13800,53188
219,2020-07-07,13800,13700,26988
220,2020-07-08,13700,13500,20335
221,2020-07-09,13500,13450,41596
222,2020-07-10,13450,13600,26325
223,2020-07-13,13600,13050,24952
224,2020-07-14,12850,12600,20311
225,2020-07-15,12550,12700,10247
226,2020-07-16,12800,12750,13185
227,2020-07-17,12550,12600,11944
228,2020-07-20,12500,12050,44628
229,2020-07-21,11950,12250,13122
230,2020-07-22,12300,12300,6379
231,2020-07-23,12500,12050,14807
232,2020-07-24,12150,11700,30737
233,2020-07-27,11700,12750,72144
234,2020-07-28,12600,12500,25795
235,2020-07-29,12400,13000,23131
236,2020-07-30,13350,13850,73998
237,2020-07-31,13800,13450,29751
238,2020-08-03,13300,13000,28044
239,2020-08-04,13000,13700,80347
240,2020-08-05,14000,14400,158858
241,2020-08-06,14550,14000,56599
242,2020-08-07,14150,13950,47103
243,2020-08-10,14000,13500,29568
244,2020-08-11,13450,13100,77182
245,2020-08-12,12950,12500,37971
246,2020-08-13,12600,12500,21088
247,2020-08-14,12550,12350,15713
248,2020-08-18,12150,11500,40764
249,2020-08-19,11400,11750,12495
250,2020-08-20,11900,10650,84578
251,2020-08-21,10600,10650,15895
252,2020-08-24,10650,11000,25355
253,2020-08-25,11050,11350,8970
254,2020-08-26,11500,11550,112115
255,2020-08-27,11400,11100,18817
256,2020-08-28,11000,11250,13395
257,2020-08-31,11150,11250,15029
258,2020-09-01,11500,11800,41070
259,2020-09-02,11950,12000,22278
260,2020-09-03,12000,11700,13031
261,2020-09-04,11050,11700,22100
262,2020-09-07,11750,11350,34057
263,2020-09-08,11400,11600,14192
264,2020-09-09,11300,11600,5502
265,2020-09-10,11950,11800,12375
266,2020-09-11,11750,12100,17382
267,2020-09-14,12150,11650,22520
268,2020-09-15,11650,11850,11853
269,2020-09-16,11900,11650,20130
270,2020-09-17,11600,11550,17808
271,2020-09-18,11450,11400,11017
272,2020-09-21,11400,10950,11802
273,2020-09-22,10950,10750,11726
274,2020-09-23,10750,10900,12258
275,2020-09-24,10400,10650,14880
276,2020-09-25,10650,10850,9850
277,2020-09-28,10850,11250,6020
278,2020-09-29,11500,11400,9838
279,2020-10-05,11200,11050,9258
280,2020-10-06,11050,10950,7392
281,2020-10-07,11000,11000,4808
282,2020-10-08,10950,10600,30010
283,2020-10-12,10600,10800,4146
284,2020-10-13,10850,10800,5527
285,2020-10-14,10700,10500,20539
286,2020-10-15,10400,10500,20705
287,2020-10-16,10350,10300,21935
288,2020-10-19,10100,9860,20823
289,2020-10-20,9520,9590,24105
290,2020-10-21,9340,9580,16578
291,2020-10-22,9580,9610,9299
292,2020-10-23,9680,9020,50575
293,2020-10-26,9030,8850,14440
294,2020-10-27,8600,9070,16440
295,2020-10-28,9100,9160,5178
296,2020-10-29,9050,9100,10398
297,2020-10-30,9280,8810,4719
298,2020-11-02,8810,8920,9662
299,2020-11-03,8920,9000,5819
