,date,open,close,volume
0,2019-08-16,13700,13800,3639
1,2019-08-19,13500,13600,3097
2,2019-08-20,14900,13500,5677
3,2019-08-21,13500,13800,671
4,2019-08-22,13800,13800,355
5,2019-08-23,15000,14500,203
6,2019-08-26,13600,14300,3579
7,2019-08-27,14300,13750,4556
8,2019-08-28,14200,13750,4380
9,2019-08-29,14250,13750,2251
10,2019-08-30,14200,14200,8
11,2019-09-02,14200,14200,45
12,2019-09-03,14200,14950,2438
13,2019-09-04,15250,14800,2618
14,2019-09-05,14800,14650,248
15,2019-09-06,14200,14600,168
16,2019-09-09,14500,15500,1359
17,2019-09-10,16000,16000,5136
18,2019-09-11,18350,16450,875
19,2019-09-16,16000,16300,3002
20,2019-09-17,15600,16250,3557
21,2019-09-18,16450,16450,3082
22,2019-09-19,16500,16350,3322
23,2019-09-20,16500,17900,1507
24,2019-09-23,18950,19500,2632
25,2019-09-24,21000,19050,4016
26,2019-09-25,19000,19100,3455
27,2019-09-26,19600,19100,122
28,2019-09-27,17350,18300,1491
29,2019-09-30,21000,19000,7
30,2019-10-01,19000,19000,512
31,2019-10-02,18900,20300,4209
32,2019-10-04,20650,19500,4389
33,2019-10-07,19500,18400,686
34,2019-10-08,17750,18700,360
35,2019-10-10,18700,19300,3750
36,2019-10-11,19500,19350,518
37,2019-10-14,19350,19250,556
38,2019-10-15,19450,19200,1453
39,2019-10-16,19500,19300,615
40,2019-10-17,19300,19300,1940
41,2019-10-18,18700,19100,2706
42,2019-10-21,20450,19250,624
43,2019-10-22,19600,19300,2104
44,2019-10-23,19450,19350,228
45,2019-10-24,19600,19250,1051
46,2019-10-25,19500,19100,3114
47,2019-10-28,19950,19100,1388
48,2019-10-29,20200,18900,238
49,2019-10-30,18900,19000,1790
50,2019-10-31,19000,18800,1118
51,2019-11-01,20000,19000,853
52,2019-11-04,19000,19500,486
53,2019-11-05,19500,18800,1043
54,2019-11-06,21550,19900,2868
55,2019-11-07,20850,19500,1790
56,2019-11-08,19500,18950,2452
57,2019-11-11,18950,18900,3388
58,2019-11-12,18750,18750,104
59,2019-11-13,18750,18750,254
60,2019-11-14,18750,19000,253
61,2019-11-15,20950,19250,377
62,2019-11-18,21800,19250,444
63,2019-11-19,19700,19200,443
64,2019-11-20,20300,19000,822
65,2019-11-21,20000,19000,656
66,2019-11-22,19000,18950,591
67,2019-11-25,19850,18400,2779
68,2019-11-26,18400,18950,1385
69,2019-11-27,19950,18100,236
70,2019-11-28,19000,18200,3549
71,2019-11-29,18200,18500,516
72,2019-12-02,18950,18750,616
73,2019-12-03,18750,18600,991
74,2019-12-04,19000,19400,313
75,2019-12-05,19750,19450,108
76,2019-12-06,20700,19750,266
77,2019-12-09,19750,19700,337
78,2019-12-10,20500,19700,4
79,2019-12-11,20500,19250,1571
80,2019-12-12,20350,19400,615
81,2019-12-13,20450,19350,185
82,2019-12-16,19950,19400,208
83,2019-12-17,18500,19300,441
84,2019-12-18,20350,19600,237
85,2019-12-19,19950,19350,190
86,2019-12-20,19150,19350,857
87,2019-12-23,19450,19500,179
88,2019-12-24,20500,19350,124
89,2019-12-26,19350,19200,485
90,2019-12-27,20500,19750,18
91,2019-12-30,20250,19300,972
92,2020-01-02,19900,19900,101
93,2020-01-03,20150,19900,969
94,2020-01-06,19900,19000,7985
95,2020-01-07,20400,19300,107
96,2020-01-08,19800,19700,5
97,2020-01-09,20450,19350,666
98,2020-01-10,19700,19350,3906
99,2020-01-13,19950,19300,576
100,2020-01-14,19000,19200,3450
101,2020-01-15,19600,18950,1596
102,2020-01-16,19000,18750,1278
103,2020-01-17,19000,18350,7390
104,2020-01-20,19000,18450,1157
105,2020-01-21,18950,18750,2110
106,2020-01-22,18850,18600,4388
107,2020-01-23,18600,18450,1593
108,2020-01-28,18350,18600,10
109,2020-01-29,19300,18600,720
110,2020-01-30,18950,18800,236
111,2020-01-31,19000,18550,4151
112,2020-02-03,18000,18950,1142
113,2020-02-04,19000,18700,398
114,2020-02-05,19000,18550,837
115,2020-02-06,18750,19000,1315
116,2020-02-07,19450,19300,6
117,2020-02-10,19500,19300,1472
118,2020-02-11,19000,19000,1213
119,2020-02-12,19100,19000,851
120,2020-02-13,18300,18900,992
121,2020-02-14,19000,19000,3379
122,2020-02-17,19500,19350,1404
123,2020-02-18,18800,19100,3520
124,2020-02-19,19050,18850,2778
125,2020-02-20,19100,19000,2445
126,2020-02-21,19450,19000,1998
127,2020-02-24,19400,18950,2777
128,2020-02-25,18400,19000,2050
129,2020-02-26,19450,19000,1405
130,2020-02-27,19000,19000,2063
131,2020-02-28,18500,17800,7067
132,2020-03-02,17800,18000,6048
133,2020-03-03,18500,18150,1576
134,2020-03-04,17600,18100,1331
135,2020-03-05,18350,18100,8128
136,2020-03-06,18300,18100,10989
137,2020-03-09,18000,18000,10852
138,2020-03-10,17600,18350,9404
139,2020-03-11,18000,17650,6229
140,2020-03-12,17950,17500,2316
141,2020-03-13,17000,16950,3001
142,2020-03-16,17550,16600,667
143,2020-03-17,17000,16950,470
144,2020-03-18,17000,16750,707
145,2020-03-19,17000,14950,2823
146,2020-03-20,15900,14950,2887
147,2020-03-23,14550,14550,0
148,2020-03-24,16000,14550,1199
149,2020-03-25,16000,15450,912
150,2020-03-26,15500,15400,322
151,2020-03-27,16000,15450,653
152,2020-03-30,16500,15350,1437
153,2020-03-31,15500,15950,953
154,2020-04-01,16500,17500,6437
155,2020-04-02,18000,17200,1211
156,2020-04-03,17450,18500,5141
157,2020-04-06,17950,17650,34
158,2020-04-07,17950,17400,2515
159,2020-04-08,17400,17300,2587
160,2020-04-09,17300,17000,16640
161,2020-04-10,17000,17350,8817
162,2020-04-13,17000,17850,1201
163,2020-04-14,18000,18050,3890
164,2020-04-16,18100,18100,2397
165,2020-04-17,18500,19400,336
166,2020-04-20,20000,18850,1120
167,2020-04-21,18850,21000,11604
168,2020-04-22,21050,20750,767
169,2020-04-23,20950,19550,986
170,2020-04-24,20000,19800,446
171,2020-04-27,20950,20400,1733
172,2020-04-28,20950,20400,929
173,2020-04-29,20350,20400,528
174,2020-05-04,21000,20900,2671
175,2020-05-06,22000,21200,2057
176,2020-05-07,20100,20800,806
177,2020-05-08,21300,20800,1456
178,2020-05-11,21500,21200,3977
179,2020-05-12,22000,20800,1414
180,2020-05-13,22000,20650,1185
181,2020-05-14,20600,20800,3024
182,2020-05-15,21900,20900,5718
183,2020-05-18,21000,20950,906
184,2020-05-19,21850,21600,1338
185,2020-05-20,21950,21500,1101
186,2020-05-21,21900,21150,2077
187,2020-05-22,21950,21500,5953
188,2020-05-25,21900,21500,1445
189,2020-05-26,21500,21200,3416
190,2020-05-27,21500,21350,4973
191,2020-05-28,21400,21150,2393
192,2020-05-29,21100,21150,1735
193,2020-06-01,21150,21750,3233
194,2020-06-02,21600,22800,8230
195,2020-06-03,23000,24400,5474
196,2020-06-04,25000,26350,3468
197,2020-06-05,27000,27750,3731
198,2020-06-08,27750,28350,4388
199,2020-06-09,28350,28000,1488
200,2020-06-10,28000,28200,1910
201,2020-06-11,28500,28250,2430
202,2020-06-12,28100,28500,2694
203,2020-06-15,28000,28200,3249
204,2020-06-16,28500,29200,8771
205,2020-06-17,29300,30900,6546
206,2020-06-18,31450,32000,2850
207,2020-06-19,32500,32400,902
208,2020-06-22,32400,32400,1935
209,2020-06-23,32650,31750,2247
210,2020-06-24,31750,31750,3772
211,2020-06-25,32000,34500,8305
212,2020-06-26,36500,34700,4494
213,2020-06-29,34700,34900,5181
214,2020-06-30,35000,34900,445
215,2020-07-01,35000,34850,1141
216,2020-07-02,35000,34900,1362
217,2020-07-03,35000,35050,3889
218,2020-07-06,35050,34850,859
219,2020-07-07,35000,34000,2341
220,2020-07-08,33500,33100,3894
221,2020-07-09,33950,33800,3333
222,2020-07-10,34550,34900,9376
223,2020-07-13,34600,34850,6761
224,2020-07-14,34950,38000,13002
225,2020-07-15,39000,38500,9465
226,2020-07-16,40750,40000,6129
227,2020-07-17,39850,40300,8297
228,2020-07-20,40800,40250,5109
229,2020-07-21,40800,40350,4184
230,2020-07-22,40800,40750,8307
231,2020-07-23,40900,42500,5916
232,2020-07-24,42500,41850,7866
233,2020-07-27,41900,40000,5008
234,2020-07-28,40850,39600,672
235,2020-07-29,40000,39800,21
236,2020-07-30,40000,35500,20814
237,2020-07-31,35500,35700,7047
238,2020-08-03,35000,34500,8778
239,2020-08-04,36450,35300,4238
240,2020-08-05,36900,35950,2368
241,2020-08-06,37400,37350,2748
242,2020-08-07,37850,37650,4939
243,2020-08-10,37650,40000,9717
244,2020-08-11,40150,40900,9928
245,2020-08-12,41000,40500,4033
246,2020-08-13,40500,40950,10572
247,2020-08-14,41050,40200,3464
248,2020-08-18,39750,37450,8405
249,2020-08-19,39000,39150,2901
250,2020-08-20,40400,39200,4457
251,2020-08-21,39950,40000,8652
252,2020-08-24,40200,39950,4650
253,2020-08-25,39850,40000,3114
254,2020-08-26,40000,42800,14356
255,2020-08-27,42850,47400,7429
256,2020-08-28,47650,50000,7992
257,2020-08-31,50000,50500,4719
258,2020-09-01,50500,54100,14325
259,2020-09-02,55600,59000,17514
260,2020-09-03,60000,58900,5732
261,2020-09-04,58000,57100,10428
262,2020-09-07,57000,58500,10415
263,2020-09-08,58700,57200,10915
264,2020-09-09,57400,56900,7466
265,2020-09-10,57200,57000,7888
266,2020-09-11,57700,65200,27484
267,2020-09-14,65600,62700,12472
268,2020-09-15,63000,62100,7934
269,2020-09-16,62800,58500,7115
270,2020-09-17,59700,57900,8704
271,2020-09-18,59000,57100,4247
272,2020-09-21,57000,53400,16491
273,2020-09-22,56400,49500,15027
274,2020-09-23,44000,40750,1029848
275,2020-09-24,39750,40650,180146
276,2020-09-25,41400,45450,384651
277,2020-09-28,47500,48500,178151
278,2020-09-29,49000,49600,103813
279,2020-10-05,50200,49350,102402
280,2020-10-06,49050,47500,98813
281,2020-10-07,46200,49550,92550
282,2020-10-08,49800,55900,455180
283,2020-10-12,56800,58500,379215
284,2020-10-13,59100,60500,202112
285,2020-10-14,60500,60700,208043
286,2020-10-15,61500,58500,128713
287,2020-10-16,57500,57400,116014
288,2020-10-19,58200,53200,133277
289,2020-10-20,52000,53400,142276
290,2020-10-21,53300,51900,43675
291,2020-10-22,51700,50900,58045
292,2020-10-23,50900,49650,105642
293,2020-10-26,49250,45500,112233
294,2020-10-27,44700,44450,96871
295,2020-10-28,44800,47250,91752
296,2020-10-29,46000,46450,58007
297,2020-10-30,46400,46900,70064
298,2020-11-02,47300,48800,94179
299,2020-11-03,49700,51200,124155
