,date,open,close,volume
0,2019-08-16,7600,7540,538218
1,2019-08-19,7590,7570,379768
2,2019-08-20,7810,7680,491322
3,2019-08-21,7710,7550,568066
4,2019-08-22,7450,7290,542758
5,2019-08-23,7280,7730,826405
6,2019-08-26,7730,7600,627529
7,2019-08-27,7730,7380,589683
8,2019-08-28,7420,7310,408290
9,2019-08-29,7270,7000,484473
10,2019-08-30,7060,7100,316067
11,2019-09-02,7150,7400,485173
12,2019-09-03,7650,8420,3517257
13,2019-09-04,8810,8280,1957808
14,2019-09-05,8220,8100,1208719
15,2019-09-06,8160,8370,792844
16,2019-09-09,8300,8230,527487
17,2019-09-10,8220,8300,335127
18,2019-09-11,8190,8330,401245
19,2019-09-16,8330,8710,851733
20,2019-09-17,8630,8700,630535
21,2019-09-18,8760,9250,1431562
22,2019-09-19,9280,9300,1984825
23,2019-09-20,9360,9670,759755
24,2019-09-23,9670,9480,495357
25,2019-09-24,9370,9500,536695
26,2019-09-25,9080,8400,1132276
27,2019-09-26,8860,8750,1088511
28,2019-09-27,8680,8650,545250
29,2019-09-30,8700,8830,508458
30,2019-10-01,8930,8940,398326
31,2019-10-02,8810,8770,357042
32,2019-10-04,8840,8650,234037
33,2019-10-07,8520,8230,707170
34,2019-10-08,8420,8890,556672
35,2019-10-10,9090,8810,518675
36,2019-10-11,8810,8700,243903
37,2019-10-14,8750,8530,231578
38,2019-10-15,8580,8420,223289
39,2019-10-16,8420,8490,255347
40,2019-10-17,8470,8820,580669
41,2019-10-18,8820,8620,568265
42,2019-10-21,8630,8430,282589
43,2019-10-22,8490,8810,926630
44,2019-10-23,8800,8930,411067
45,2019-10-24,8780,8910,375867
46,2019-10-25,8910,9200,614516
47,2019-10-28,10250,9660,6410234
48,2019-10-29,9500,9750,933971
49,2019-10-30,9750,10750,2240948
50,2019-10-31,11250,11750,2939200
51,2019-11-01,0,11750,0
52,2019-11-04,15250,15250,420258
53,2019-11-05,15000,12250,9858253
54,2019-11-06,13100,13300,8751038
55,2019-11-07,13400,12500,1736018
56,2019-11-08,12850,12100,1556276
57,2019-11-11,12050,11500,1073852
58,2019-11-12,11550,11600,1677756
59,2019-11-13,11750,11600,1312384
60,2019-11-14,11600,12450,2616058
61,2019-11-15,12350,12600,3549094
62,2019-11-18,12550,12650,886369
63,2019-11-19,12500,12600,1357207
64,2019-11-20,12600,12250,567999
65,2019-11-21,12350,13200,3520514
66,2019-11-22,13500,12950,1224152
67,2019-11-25,12650,10900,2527404
68,2019-11-26,11650,10500,2723840
69,2019-11-27,10550,10250,1279652
70,2019-11-28,10300,10300,929930
71,2019-11-29,10350,9210,1576540
72,2019-12-02,9200,9120,924724
73,2019-12-03,9000,8640,1093968
74,2019-12-04,8650,8800,629980
75,2019-12-05,8730,8510,726596
76,2019-12-06,8440,8530,404123
77,2019-12-09,8540,8450,281687
78,2019-12-10,8420,8700,476938
79,2019-12-11,8640,8370,605197
80,2019-12-12,8390,8380,348035
81,2019-12-13,8420,8360,353229
82,2019-12-16,8450,8430,530567
83,2019-12-17,8460,8040,1094790
84,2019-12-18,8020,8100,493128
85,2019-12-19,8300,7920,503889
86,2019-12-20,7920,7960,323209
87,2019-12-23,8050,7840,342403
88,2019-12-24,7820,7730,369715
89,2019-12-26,7710,7800,360120
90,2019-12-27,7850,7990,397518
91,2019-12-30,7620,7730,1161649
92,2020-01-02,7800,8150,574161
93,2020-01-03,8150,8050,529308
94,2020-01-06,8120,8530,2801924
95,2020-01-07,8690,8430,846954
96,2020-01-08,8600,8810,4597302
97,2020-01-09,8300,8330,1063584
98,2020-01-10,8420,8160,571501
99,2020-01-13,8230,8380,626921
100,2020-01-14,8380,8840,2139294
101,2020-01-15,9110,8770,1550565
102,2020-01-16,8800,8750,363864
103,2020-01-17,8800,9250,1575745
104,2020-01-20,9120,9000,774767
105,2020-01-21,8960,8770,480335
106,2020-01-22,8800,8640,352772
107,2020-01-23,0,8640,0
108,2020-01-28,8010,8260,678463
109,2020-01-29,8370,8300,272586
110,2020-01-30,8490,8000,383429
111,2020-01-31,8050,7600,623177
112,2020-02-03,7430,7750,542213
113,2020-02-04,7790,6820,4046049
114,2020-02-05,7100,7100,779694
115,2020-02-06,7290,7100,503983
116,2020-02-07,7180,7130,685657
117,2020-02-10,7250,7030,632320
118,2020-02-11,7060,6980,540200
119,2020-02-12,7020,7260,648728
120,2020-02-13,7390,7280,466151
121,2020-02-14,7240,7200,268392
122,2020-02-17,7130,7100,237098
123,2020-02-18,7150,6980,247442
124,2020-02-19,7090,7180,404066
125,2020-02-20,7100,6950,461337
126,2020-02-21,6880,6920,250162
127,2020-02-24,6730,6450,653775
128,2020-02-25,6240,6960,857238
129,2020-02-26,6890,6940,265539
130,2020-02-27,6880,6610,286241
131,2020-02-28,6470,6310,369476
132,2020-03-02,6280,6580,251865
133,2020-03-03,6620,6550,234331
134,2020-03-04,6450,6740,180017
135,2020-03-05,6990,6940,338508
136,2020-03-06,6960,6700,286612
137,2020-03-09,6430,6040,767361
138,2020-03-10,5930,6130,368173
139,2020-03-11,6140,5710,593146
140,2020-03-12,5550,5450,470406
141,2020-03-13,4625,5050,757305
142,2020-03-16,5080,4650,446606
143,2020-03-17,4055,4690,585451
144,2020-03-18,4665,4170,408024
145,2020-03-19,4275,3330,1277701
146,2020-03-20,3530,4325,1956902
147,2020-03-23,3975,4215,969052
148,2020-03-24,4500,4430,766935
149,2020-03-25,4600,4530,590138
150,2020-03-26,4535,4575,560278
151,2020-03-27,4720,4565,674319
152,2020-03-30,4355,4445,710235
153,2020-03-31,4700,4565,1365612
154,2020-04-01,4560,4610,810141
155,2020-04-02,4625,4780,798278
156,2020-04-03,4880,4840,637422
157,2020-04-06,4875,5430,1833192
158,2020-04-07,5600,6200,3567505
159,2020-04-08,6110,6020,1037271
160,2020-04-09,6150,6080,517468
161,2020-04-10,6080,5700,774675
162,2020-04-13,5670,5350,486863
163,2020-04-14,5400,5370,274038
164,2020-04-16,5230,5500,390791
165,2020-04-17,5630,5780,786959
166,2020-04-20,5780,5810,484920
167,2020-04-21,5730,5630,570828
168,2020-04-22,5600,5890,727179
169,2020-04-23,5980,6030,903054
170,2020-04-24,6370,5740,1800336
171,2020-04-27,5990,6030,740592
172,2020-04-28,6060,6750,8780046
173,2020-04-29,6790,6620,1384427
174,2020-05-04,6870,6780,2115861
175,2020-05-06,6860,6790,869253
176,2020-05-07,6950,7120,2661203
177,2020-05-08,7490,7460,2830359
178,2020-05-11,7150,6920,1472856
179,2020-05-12,6880,6850,839773
180,2020-05-13,6780,6810,334663
181,2020-05-14,6940,7120,1383991
182,2020-05-15,7290,7050,610956
183,2020-05-18,7120,7200,1218457
184,2020-05-19,7280,7180,521980
185,2020-05-20,7200,7220,501845
186,2020-05-21,7180,7070,437835
187,2020-05-22,6940,6820,750554
188,2020-05-25,6750,6680,446297
189,2020-05-26,6660,6870,445974
190,2020-05-27,6870,6730,308652
191,2020-05-28,6840,6720,751155
192,2020-05-29,6890,6830,358320
193,2020-06-01,6800,6850,352262
194,2020-06-02,7030,6990,972261
195,2020-06-03,6900,6810,429170
196,2020-06-04,6850,6810,285863
197,2020-06-05,6830,6880,370348
198,2020-06-08,6950,7040,454978
199,2020-06-09,7080,6800,607565
200,2020-06-10,6780,6730,508690
201,2020-06-11,6740,6370,858016
202,2020-06-12,5960,6160,891401
203,2020-06-15,6130,5350,979762
204,2020-06-16,5510,5640,480608
205,2020-06-17,5650,5700,369138
206,2020-06-18,5700,5830,273069
207,2020-06-19,5890,5800,240234
208,2020-06-22,5700,5840,538121
209,2020-06-23,5960,6130,831808
210,2020-06-24,6130,6650,5635150
211,2020-06-25,6400,6260,852150
212,2020-06-26,6310,6120,318592
213,2020-06-29,6060,6240,1423267
214,2020-06-30,6290,6130,353610
215,2020-07-01,6190,5960,286624
216,2020-07-02,5960,5970,208468
217,2020-07-03,6000,6090,205935
218,2020-07-06,6150,6220,444248
219,2020-07-07,6340,6250,251595
220,2020-07-08,6210,6200,393798
221,2020-07-09,6330,6250,292333
222,2020-07-10,6190,6140,336776
223,2020-07-13,6200,6230,294944
224,2020-07-14,6200,6060,385395
225,2020-07-15,6100,6060,249065
226,2020-07-16,6050,5900,428150
227,2020-07-17,5900,5950,171465
228,2020-07-20,5960,5930,237653
229,2020-07-21,5950,5980,239782
230,2020-07-22,6000,6050,253229
231,2020-07-23,6080,6020,294564
232,2020-07-24,6030,5940,259510
233,2020-07-27,6070,6300,1133727
234,2020-07-28,6800,6710,5386033
235,2020-07-29,6700,6800,791696
236,2020-07-30,7020,6830,803534
237,2020-07-31,6800,6740,492283
238,2020-08-03,6830,7070,1364876
239,2020-08-04,7030,7060,715396
240,2020-08-05,7070,6940,485598
241,2020-08-06,7110,7000,452547
242,2020-08-07,7250,7670,7047953
243,2020-08-10,7520,7700,1433358
244,2020-08-11,7700,7480,706989
245,2020-08-12,7300,6960,1105758
246,2020-08-13,7040,6980,440296
247,2020-08-14,7020,6950,433153
248,2020-08-18,7110,6710,1371685
249,2020-08-19,6750,6630,454574
250,2020-08-20,6630,6400,854876
251,2020-08-21,6400,6400,245562
252,2020-08-24,6210,6270,261551
253,2020-08-25,6300,6380,409371
254,2020-08-26,6370,6230,441706
255,2020-08-27,6250,6230,1052567
256,2020-08-28,6300,6240,311590
257,2020-08-31,6250,6300,318469
258,2020-09-01,6380,6500,746195
259,2020-09-02,6650,6480,511052
260,2020-09-03,6390,6260,717966
261,2020-09-04,6010,5990,989859
262,2020-09-07,6000,6010,380887
263,2020-09-08,6010,6000,386257
264,2020-09-09,5880,5880,557218
265,2020-09-10,5930,5920,294577
266,2020-09-11,5920,6090,533610
267,2020-09-14,6110,6010,464964
268,2020-09-15,6010,6030,287291
269,2020-09-16,6050,5980,257501
270,2020-09-17,6000,5980,435794
271,2020-09-18,5980,5900,281488
272,2020-09-21,5910,5810,225350
273,2020-09-22,5710,5660,417427
274,2020-09-23,5630,5550,201789
275,2020-09-24,5470,5570,299023
276,2020-09-25,5620,5860,609162
277,2020-09-28,5830,5810,256184
278,2020-09-29,5800,5850,158623
279,2020-10-05,5880,5800,116850
280,2020-10-06,5810,5870,183108
281,2020-10-07,5840,5940,276088
282,2020-10-08,6000,5920,223333
283,2020-10-12,6030,6080,949320
284,2020-10-13,6090,6100,336106
285,2020-10-14,6140,6080,533132
286,2020-10-15,6080,5940,278138
287,2020-10-16,5930,5990,265204
288,2020-10-19,5990,6060,2600968
289,2020-10-20,6100,5990,601177
290,2020-10-21,6120,6040,1210346
291,2020-10-22,6700,7080,28851731
292,2020-10-23,7000,6790,4222389
293,2020-10-26,6710,6330,2368515
294,2020-10-27,6480,6220,2323333
295,2020-10-28,6460,6620,2339293
296,2020-10-29,6410,6460,923154
297,2020-10-30,6510,6360,2522812
298,2020-11-02,6550,6870,9794506
299,2020-11-03,7000,6720,2070123
