,date,open,close,volume
0,2019-08-16,5210,5050,77460
1,2019-08-19,5130,5130,32590
2,2019-08-20,5110,5270,83107
3,2019-08-21,5200,5290,41480
4,2019-08-22,5250,5290,16565
5,2019-08-23,5250,5220,29384
6,2019-08-26,5090,5130,60268
7,2019-08-27,5130,5100,30072
8,2019-08-28,5050,5140,21019
9,2019-08-29,5150,5140,23285
10,2019-08-30,5150,5300,104595
11,2019-09-02,5280,5460,87201
12,2019-09-03,5480,5480,53166
13,2019-09-04,5500,5530,44862
14,2019-09-05,5540,5530,38595
15,2019-09-06,5590,5520,26693
16,2019-09-09,5520,5450,32579
17,2019-09-10,5420,5480,40671
18,2019-09-11,5490,5580,60632
19,2019-09-16,5690,5670,49385
20,2019-09-17,5650,5860,82852
21,2019-09-18,5800,5780,26808
22,2019-09-19,5820,5760,52608
23,2019-09-20,5760,5770,41494
24,2019-09-23,5770,5690,27950
25,2019-09-24,5670,5660,22254
26,2019-09-25,5650,5450,84699
27,2019-09-26,5480,5420,54739
28,2019-09-27,5480,5400,26462
29,2019-09-30,5430,5350,24355
30,2019-10-01,5350,5420,27582
31,2019-10-02,5430,5410,25097
32,2019-10-04,5350,5350,18840
33,2019-10-07,5420,5310,28450
34,2019-10-08,5350,5340,21550
35,2019-10-10,5340,5380,18338
36,2019-10-11,5380,5450,23225
37,2019-10-14,5470,5460,18431
38,2019-10-15,5440,5480,24546
39,2019-10-16,5530,5490,23003
40,2019-10-17,5480,5480,46056
41,2019-10-18,5480,5470,29327
42,2019-10-21,5490,5520,124992
43,2019-10-22,5530,5560,49612
44,2019-10-23,5560,5480,39275
45,2019-10-24,5470,5440,73534
46,2019-10-25,5440,5480,21291
47,2019-10-28,5490,5470,31075
48,2019-10-29,5520,5480,31533
49,2019-10-30,5470,5510,18923
50,2019-10-31,5550,5580,28991
51,2019-11-01,5580,5750,119293
52,2019-11-04,5770,5730,44107
53,2019-11-05,5730,5660,46255
54,2019-11-06,5660,5680,36019
55,2019-11-07,5650,5680,20961
56,2019-11-08,5680,5770,64813
57,2019-11-11,5770,5780,33509
58,2019-11-12,5780,5780,33188
59,2019-11-13,5750,5800,50077
60,2019-11-14,5850,5850,44657
61,2019-11-15,5880,6220,367044
62,2019-11-18,6160,6240,117778
63,2019-11-19,6280,6100,62901
64,2019-11-20,6150,6080,113165
65,2019-11-21,6070,5950,118292
66,2019-11-22,5970,6020,105123
67,2019-11-25,6030,6170,66279
68,2019-11-26,6190,6250,107552
69,2019-11-27,6380,6240,108545
70,2019-11-28,6240,6110,48274
71,2019-11-29,6110,6040,69546
72,2019-12-02,6030,6060,41070
73,2019-12-03,6000,6020,28842
74,2019-12-04,5990,5980,86897
75,2019-12-05,5950,5930,33350
76,2019-12-06,5870,6040,71310
77,2019-12-09,6100,6090,82912
78,2019-12-10,6010,6080,44717
79,2019-12-11,6090,6010,17433
80,2019-12-12,6020,6060,32180
81,2019-12-13,6070,6130,124223
82,2019-12-16,6220,6150,54778
83,2019-12-17,6230,6230,84172
84,2019-12-18,6260,6280,94798
85,2019-12-19,6320,6280,43874
86,2019-12-20,6280,6310,47958
87,2019-12-23,6320,6190,44115
88,2019-12-24,6200,6150,59779
89,2019-12-26,6150,6240,145026
90,2019-12-27,6240,6310,79304
91,2019-12-30,6320,6340,42379
92,2020-01-02,6350,6380,93879
93,2020-01-03,6400,6380,69643
94,2020-01-06,6290,6240,85841
95,2020-01-07,6300,6370,56753
96,2020-01-08,6350,6220,330365
97,2020-01-09,6270,6390,177471
98,2020-01-10,6460,6420,98369
99,2020-01-13,6480,6520,101014
100,2020-01-14,6520,6510,67772
101,2020-01-15,6550,6500,49891
102,2020-01-16,6500,6510,57766
103,2020-01-17,6570,6720,209940
104,2020-01-20,6800,6860,177070
105,2020-01-21,6860,6800,102693
106,2020-01-22,6840,6830,87585
107,2020-01-23,6890,6810,87226
108,2020-01-28,6560,6620,219551
109,2020-01-29,6770,6710,90674
110,2020-01-30,6730,6680,151435
111,2020-01-31,6680,6690,111509
112,2020-02-03,6530,6670,170400
113,2020-02-04,6750,6780,97615
114,2020-02-05,6940,6990,213622
115,2020-02-06,7020,6930,134042
116,2020-02-07,6980,6880,72302
117,2020-02-10,6880,6880,46308
118,2020-02-11,6790,6820,75177
119,2020-02-12,6820,6870,76606
120,2020-02-13,6890,6810,84488
121,2020-02-14,6850,6850,52786
122,2020-02-17,6850,6840,68086
123,2020-02-18,6860,6660,131955
124,2020-02-19,6680,6600,92450
125,2020-02-20,6670,6590,51789
126,2020-02-21,6520,6420,121669
127,2020-02-24,6210,6200,163159
128,2020-02-25,6200,6310,80056
129,2020-02-26,6200,6280,87499
130,2020-02-27,6280,6150,97761
131,2020-02-28,6030,5920,183572
132,2020-03-02,5910,6100,110445
133,2020-03-03,6230,6100,76821
134,2020-03-04,6080,6290,49410
135,2020-03-05,6360,6340,52955
136,2020-03-06,6290,6260,70112
137,2020-03-09,6150,5890,163302
138,2020-03-10,5720,5980,97665
139,2020-03-11,6010,5800,102062
140,2020-03-12,5700,5500,208392
141,2020-03-13,5010,4735,581937
142,2020-03-16,4740,4515,244900
143,2020-03-17,4265,4555,245927
144,2020-03-18,4555,4480,152924
145,2020-03-19,4450,3645,440092
146,2020-03-20,3670,3895,358305
147,2020-03-23,3600,3590,221434
148,2020-03-24,3660,4180,287737
149,2020-03-25,4340,4335,299053
150,2020-03-26,4325,4310,368607
151,2020-03-27,4435,4345,225485
152,2020-03-30,4290,4335,157707
153,2020-03-31,4470,4495,324472
154,2020-04-01,4495,4480,133881
155,2020-04-02,4405,4500,148553
156,2020-04-03,4520,4630,160042
157,2020-04-06,4680,5040,288510
158,2020-04-07,5180,5240,265834
159,2020-04-08,5240,5280,130470
160,2020-04-09,5320,5290,83824
161,2020-04-10,5360,5220,74365
162,2020-04-13,5200,5010,123843
163,2020-04-14,5050,5160,60984
164,2020-04-16,5150,5360,159226
165,2020-04-17,5400,5490,176313
166,2020-04-20,5510,5670,221528
167,2020-04-21,5670,5680,2949402
168,2020-04-22,5640,5730,366182
169,2020-04-23,5740,5950,335160
170,2020-04-24,6030,5990,524406
171,2020-04-27,5990,6090,511506
172,2020-04-28,6200,6040,225113
173,2020-04-29,6100,6350,1161901
174,2020-05-04,6280,6600,872315
175,2020-05-06,6790,6760,1211801
176,2020-05-07,6920,6650,1185282
177,2020-05-08,6700,6850,5109033
178,2020-05-11,6920,6540,871236
179,2020-05-12,6550,6380,497377
180,2020-05-13,6300,6370,257667
181,2020-05-14,6340,6120,253603
182,2020-05-15,6130,6350,317012
183,2020-05-18,6350,6170,228728
184,2020-05-19,6240,6260,167855
185,2020-05-20,6240,6620,455531
186,2020-05-21,6700,6560,499339
187,2020-05-22,6700,6380,289060
188,2020-05-25,6440,6540,177391
189,2020-05-26,6550,6560,166607
190,2020-05-27,6560,7010,1308628
191,2020-05-28,7670,7130,4921071
192,2020-05-29,7160,7220,987996
193,2020-06-01,7520,7030,826544
194,2020-06-02,7000,6890,385126
195,2020-06-03,6860,6690,348903
196,2020-06-04,6750,6800,236148
197,2020-06-05,6800,6760,132879
198,2020-06-08,6800,6800,129303
199,2020-06-09,6770,6720,139363
200,2020-06-10,6700,6660,128843
201,2020-06-11,6620,6420,230699
202,2020-06-12,5910,6210,240039
203,2020-06-15,6150,5850,249807
204,2020-06-16,6000,6450,7358044
205,2020-06-17,6710,6670,2231706
206,2020-06-18,6710,6880,1305868
207,2020-06-19,6910,6630,568872
208,2020-06-22,6650,6530,156125
209,2020-06-23,6530,6480,179705
210,2020-06-24,6500,6420,164187
211,2020-06-25,6450,6290,128563
212,2020-06-26,6300,6540,181968
213,2020-06-29,6450,6400,135683
214,2020-06-30,6470,6320,112126
215,2020-07-01,6400,6310,120466
216,2020-07-02,6290,6310,200706
217,2020-07-03,6320,6330,77376
218,2020-07-06,6260,6260,122985
219,2020-07-07,6310,6280,133263
220,2020-07-08,6270,6220,84677
221,2020-07-09,6220,6480,199912
222,2020-07-10,6510,6450,111415
223,2020-07-13,6480,6720,233158
224,2020-07-14,6650,6660,322448
225,2020-07-15,6700,6670,116103
226,2020-07-16,6670,6610,144162
227,2020-07-17,6610,6640,119491
228,2020-07-20,6640,6740,204194
229,2020-07-21,6780,6820,249319
230,2020-07-22,6820,6970,433183
231,2020-07-23,7020,6750,332812
232,2020-07-24,6650,6670,171492
233,2020-07-27,6670,6770,176659
234,2020-07-28,6800,7890,5246977
235,2020-07-29,9980,10250,6510676
236,2020-07-30,11300,10600,19347685
237,2020-07-31,10600,10600,10615144
238,2020-08-03,10400,9820,2282604
239,2020-08-04,9760,10150,4406169
240,2020-08-05,10050,9850,2023171
241,2020-08-06,10000,9780,2132663
242,2020-08-07,9780,9550,1263402
243,2020-08-10,9660,9530,634111
244,2020-08-11,9550,9700,639215
245,2020-08-12,9660,9260,670237
246,2020-08-13,9360,9360,448961
247,2020-08-14,9360,9300,448224
248,2020-08-18,9320,8720,758627
249,2020-08-19,8730,9180,473992
250,2020-08-20,9060,8570,578207
251,2020-08-21,8890,8450,458304
252,2020-08-24,8350,8540,250073
253,2020-08-25,8550,8850,342656
254,2020-08-26,8850,8750,226973
255,2020-08-27,8750,8330,314128
256,2020-08-28,8500,8600,500974
257,2020-08-31,8840,9100,411487
258,2020-09-01,9100,9200,465369
259,2020-09-02,9200,9400,559074
260,2020-09-03,9500,9260,276873
261,2020-09-04,8800,9370,347457
262,2020-09-07,9440,9550,586458
263,2020-09-08,9650,9370,277839
264,2020-09-09,9060,9130,269761
265,2020-09-10,9230,10250,4065893
266,2020-09-11,10000,9680,841179
267,2020-09-14,9680,9530,400355
268,2020-09-15,9480,9280,367538
269,2020-09-16,9290,9200,328619
270,2020-09-17,9170,8910,342395
271,2020-09-18,8960,8830,232927
272,2020-09-21,8780,8560,256381
273,2020-09-22,8560,8270,282584
274,2020-09-23,8270,8210,189888
275,2020-09-24,8010,7730,322901
276,2020-09-25,7750,7710,184277
277,2020-09-28,7830,8000,152077
278,2020-09-29,8100,7940,130300
279,2020-10-05,8160,8430,240505
280,2020-10-06,8530,8430,199205
281,2020-10-07,8420,8430,79641
282,2020-10-08,8450,8440,128587
283,2020-10-12,8490,8600,137032
284,2020-10-13,8600,8620,133806
285,2020-10-14,8650,8960,751007
286,2020-10-15,9030,8530,425798
287,2020-10-16,8530,8110,314962
288,2020-10-19,8020,7940,180981
289,2020-10-20,7900,7960,251314
290,2020-10-21,8080,8060,82906
291,2020-10-22,8010,8000,67865
292,2020-10-23,8000,8130,210098
293,2020-10-26,8050,7780,159677
294,2020-10-27,7600,7600,188362
295,2020-10-28,7610,7810,99725
296,2020-10-29,7650,7730,146227
297,2020-10-30,7710,7540,162140
298,2020-11-02,7530,7650,103967
299,2020-11-03,7580,7960,158850
