,date,open,close,volume
0,2019-08-16,6160,6230,52407
1,2019-08-19,6380,8090,1397081
2,2019-08-20,8870,8550,6875453
3,2019-08-21,8510,8430,1524765
4,2019-08-22,8360,7990,784269
5,2019-08-23,7950,7760,506127
6,2019-08-26,7540,7480,393173
7,2019-08-27,7700,7270,518765
8,2019-08-28,7390,7270,326533
9,2019-08-29,7320,7500,387942
10,2019-08-30,7420,7300,273327
11,2019-09-02,7240,7370,119738
12,2019-09-03,7330,7410,156537
13,2019-09-04,7440,7520,148630
14,2019-09-05,7520,7470,199171
15,2019-09-06,7530,7510,697579
16,2019-09-09,7570,7370,168667
17,2019-09-10,7320,7350,138949
18,2019-09-11,7360,7560,169032
19,2019-09-16,7540,7530,141903
20,2019-09-17,7520,7620,111030
21,2019-09-18,7650,7500,80778
22,2019-09-19,7510,7540,80519
23,2019-09-20,7510,7670,85937
24,2019-09-23,7630,7610,97143
25,2019-09-24,7610,7460,93103
26,2019-09-25,7400,7210,129937
27,2019-09-26,7220,7070,77176
28,2019-09-27,7110,7060,72123
29,2019-09-30,7060,7000,60766
30,2019-10-01,6920,7050,35452
31,2019-10-02,7040,6930,57804
32,2019-10-04,6950,7040,40496
33,2019-10-07,7010,6680,80180
34,2019-10-08,6650,6790,38087
35,2019-10-10,6680,6820,30004
36,2019-10-11,6820,6840,24207
37,2019-10-14,6900,6950,60016
38,2019-10-15,6970,7120,62845
39,2019-10-16,7120,7070,47039
40,2019-10-17,7080,7190,58375
41,2019-10-18,7190,7150,29058
42,2019-10-21,7150,6890,57950
43,2019-10-22,6890,6890,32267
44,2019-10-23,6810,6740,52009
45,2019-10-24,6670,6680,56198
46,2019-10-25,6660,6840,41953
47,2019-10-28,6810,6880,36997
48,2019-10-29,6890,6870,26214
49,2019-10-30,6800,6800,36846
50,2019-10-31,6750,6880,39240
51,2019-11-01,6880,6800,17137
52,2019-11-04,6810,6830,60372
53,2019-11-05,6890,6880,36130
54,2019-11-06,6900,7000,60969
55,2019-11-07,7020,7000,17857
56,2019-11-08,7000,7140,57556
57,2019-11-11,7040,6910,45697
58,2019-11-12,6910,7000,30506
59,2019-11-13,7000,7080,46969
60,2019-11-14,7100,7050,59577
61,2019-11-15,7050,6930,36333
62,2019-11-18,6980,6920,36808
63,2019-11-19,6920,6780,24809
64,2019-11-20,6830,6580,80014
65,2019-11-21,6520,6500,49669
66,2019-11-22,6420,6400,34341
67,2019-11-25,6400,6610,30896
68,2019-11-26,6580,6640,30458
69,2019-11-27,6610,6610,28976
70,2019-11-28,6640,6630,20096
71,2019-11-29,6580,6570,40173
72,2019-12-02,6510,6550,31052
73,2019-12-03,6520,6410,35599
74,2019-12-04,6410,6360,9798
75,2019-12-05,6350,6150,42066
76,2019-12-06,6100,6360,33882
77,2019-12-09,6360,6430,24788
78,2019-12-10,6370,6350,16338
79,2019-12-11,6410,6450,10987
80,2019-12-12,6500,6440,35851
81,2019-12-13,6510,6700,56006
82,2019-12-16,6700,6990,79230
83,2019-12-17,6990,6980,29993
84,2019-12-18,6990,6950,25467
85,2019-12-19,6950,6850,19801
86,2019-12-20,6850,6890,29970
87,2019-12-23,6890,6790,25922
88,2019-12-24,6700,6730,18855
89,2019-12-26,6830,6810,23838
90,2019-12-27,6810,6730,13344
91,2019-12-30,6810,6780,14339
92,2020-01-02,6760,6820,22168
93,2020-01-03,6820,6850,24242
94,2020-01-06,6830,6810,32322
95,2020-01-07,6810,6800,21866
96,2020-01-08,6790,6600,51182
97,2020-01-09,6690,6990,78002
98,2020-01-10,6930,7250,136156
99,2020-01-13,7210,7370,72780
100,2020-01-14,7400,7300,89885
101,2020-01-15,7300,7200,46687
102,2020-01-16,7260,7650,239486
103,2020-01-17,7690,7750,97773
104,2020-01-20,7820,7690,55500
105,2020-01-21,7680,8120,285919
106,2020-01-22,8140,8160,82831
107,2020-01-23,8160,8140,50052
108,2020-01-28,7960,8330,154642
109,2020-01-29,8360,8140,61509
110,2020-01-30,8100,7880,51049
111,2020-01-31,7840,7750,96250
112,2020-02-03,7680,7810,79103
113,2020-02-04,7820,8450,166519
114,2020-02-05,8500,8420,151209
115,2020-02-06,8520,8660,206397
116,2020-02-07,8700,8550,69091
117,2020-02-10,8530,8790,118520
118,2020-02-11,8790,8770,68589
119,2020-02-12,8770,8770,86226
120,2020-02-13,8800,8760,66002
121,2020-02-14,8720,8730,51869
122,2020-02-17,8830,8570,50728
123,2020-02-18,8560,8410,38950
124,2020-02-19,8420,8690,72046
125,2020-02-20,8700,8520,62458
126,2020-02-21,8350,8150,68823
127,2020-02-24,7850,7850,94625
128,2020-02-25,7800,8000,46186
129,2020-02-26,7780,7770,34895
130,2020-02-27,7770,7480,48025
131,2020-02-28,7340,7090,54538
132,2020-03-02,7040,7180,59976
133,2020-03-03,7350,7460,86848
134,2020-03-04,7460,7980,106619
135,2020-03-05,8030,8140,41724
136,2020-03-06,7990,7890,56818
137,2020-03-09,7620,7260,79771
138,2020-03-10,7100,7270,144314
139,2020-03-11,7270,6780,81906
140,2020-03-12,6770,6350,110588
141,2020-03-13,5750,5800,181326
142,2020-03-16,5980,5360,102712
143,2020-03-17,5000,5470,87539
144,2020-03-18,5480,5110,75103
145,2020-03-19,5280,4340,245039
146,2020-03-20,4235,4470,160732
147,2020-03-23,4250,3855,149204
148,2020-03-24,4050,4145,53122
149,2020-03-25,4210,4435,108437
150,2020-03-26,4440,4700,151202
151,2020-03-27,4835,4560,161719
152,2020-03-30,4345,4665,72817
153,2020-03-31,4725,4845,111733
154,2020-04-01,4795,4760,147876
155,2020-04-02,4760,4800,77943
156,2020-04-03,4855,5110,203270
157,2020-04-06,5150,5350,76823
158,2020-04-07,5470,5620,113024
159,2020-04-08,5680,5700,72195
160,2020-04-09,5750,5890,55901
161,2020-04-10,5960,5830,102822
162,2020-04-13,5810,5450,105796
163,2020-04-14,5530,5670,61054
164,2020-04-16,5670,5900,61936
165,2020-04-17,5970,6070,78928
166,2020-04-20,6110,6030,35089
167,2020-04-21,6080,5970,116190
168,2020-04-22,5840,6020,53261
169,2020-04-23,6070,6040,45142
170,2020-04-24,6000,5900,33336
171,2020-04-27,5910,5940,39514
172,2020-04-28,5940,5960,20870
173,2020-04-29,5910,6020,53043
174,2020-05-04,6000,5900,44198
175,2020-05-06,5920,6160,63863
176,2020-05-07,6450,6490,193698
177,2020-05-08,6660,6780,72101
178,2020-05-11,6780,7400,1999326
179,2020-05-12,7600,7710,663659
180,2020-05-13,7710,7700,190288
181,2020-05-14,7640,7480,93229
182,2020-05-15,7480,7650,118049
183,2020-05-18,7570,7900,120496
184,2020-05-19,7900,7890,97312
185,2020-05-20,7880,7940,73892
186,2020-05-21,7980,7920,116879
187,2020-05-22,8220,8140,338850
188,2020-05-25,8250,8110,131498
189,2020-05-26,8200,8280,100185
190,2020-05-27,8340,8210,102635
191,2020-05-28,8220,7920,130817
192,2020-05-29,7900,8010,75634
193,2020-06-01,8050,8140,73593
194,2020-06-02,8520,8650,1663467
195,2020-06-03,9000,9200,721436
196,2020-06-04,9280,8860,205487
197,2020-06-05,8800,8860,146989
198,2020-06-08,8880,8700,126533
199,2020-06-09,8660,8560,104913
200,2020-06-10,8540,8430,76376
201,2020-06-11,8430,8330,70406
202,2020-06-12,7930,8260,168786
203,2020-06-15,8200,7370,159062
204,2020-06-16,7460,7680,80628
205,2020-06-17,7600,7700,59709
206,2020-06-18,8000,8080,152479
207,2020-06-19,8250,8190,40952
208,2020-06-22,8180,8090,42465
209,2020-06-23,8150,8020,67101
210,2020-06-24,8100,8170,77836
211,2020-06-25,8080,8600,427367
212,2020-06-26,8590,8370,144944
213,2020-06-29,8280,8030,63763
214,2020-06-30,8100,8080,49320
215,2020-07-01,8200,8280,74455
216,2020-07-02,8610,8520,370638
217,2020-07-03,8540,8440,61621
218,2020-07-06,8440,8410,54886
219,2020-07-07,8460,8450,83599
220,2020-07-08,8490,8460,86956
221,2020-07-09,8460,8520,86967
222,2020-07-10,8520,8460,63735
223,2020-07-13,8580,8860,162696
224,2020-07-14,8760,8550,103813
225,2020-07-15,8560,8660,72362
226,2020-07-16,8710,9150,333435
227,2020-07-17,9140,8930,128140
228,2020-07-20,8930,9100,104486
229,2020-07-21,9070,8980,64430
230,2020-07-22,8990,8910,63647
231,2020-07-23,8870,8780,72997
232,2020-07-24,8680,8530,92234
233,2020-07-27,8520,8520,54228
234,2020-07-28,8530,8590,51036
235,2020-07-29,8590,8460,64679
236,2020-07-30,8580,8640,54358
237,2020-07-31,8670,8730,58880
238,2020-08-03,8730,8710,52892
239,2020-08-04,8830,8700,35452
240,2020-08-05,8700,8820,80284
241,2020-08-06,8850,8610,281912
242,2020-08-07,8900,9060,457952
243,2020-08-10,9200,8900,139158
244,2020-08-11,9050,8830,100109
245,2020-08-12,8950,9500,1356136
246,2020-08-13,9600,9360,353481
247,2020-08-14,9360,9000,127329
248,2020-08-18,8930,8060,271116
249,2020-08-19,8150,8050,125535
250,2020-08-20,8130,7440,221397
251,2020-08-21,7490,7700,119421
252,2020-08-24,7700,7760,64191
253,2020-08-25,7810,7970,52179
254,2020-08-26,8010,8100,69845
255,2020-08-27,8100,7780,61094
256,2020-08-28,7820,8130,96316
257,2020-08-31,8100,8100,46406
258,2020-09-01,8030,8150,34741
259,2020-09-02,8200,8190,79484
260,2020-09-03,8190,8240,67352
261,2020-09-04,7850,8070,83354
262,2020-09-07,8060,8550,369890
263,2020-09-08,8620,8500,115563
264,2020-09-09,8410,8860,311263
265,2020-09-10,8900,9110,283141
266,2020-09-11,9250,9180,245513
267,2020-09-14,9180,9560,461186
268,2020-09-15,9570,9470,241917
269,2020-09-16,9870,9950,1023337
270,2020-09-17,10000,9420,421346
271,2020-09-18,9420,9350,164455
272,2020-09-21,9350,8860,157994
273,2020-09-22,8710,8590,113793
274,2020-09-23,8600,8730,124201
275,2020-09-24,8440,8270,378148
276,2020-09-25,8310,8350,102311
277,2020-09-28,8410,8660,76951
278,2020-09-29,8800,8640,75119
279,2020-10-05,8640,8750,52305
280,2020-10-06,8800,8950,124806
281,2020-10-07,8950,9400,332110
282,2020-10-08,9400,9390,251530
283,2020-10-12,9600,9560,184862
284,2020-10-13,9560,9840,686152
285,2020-10-14,9950,9720,258851
286,2020-10-15,9660,9430,167763
287,2020-10-16,9420,9250,178740
288,2020-10-19,9250,8930,107029
289,2020-10-20,8800,9080,147012
290,2020-10-21,9050,9000,45037
291,2020-10-22,9000,8710,76996
292,2020-10-23,8710,8590,69487
293,2020-10-26,8590,8160,119117
294,2020-10-27,8150,8200,57720
295,2020-10-28,8090,8500,32985
296,2020-10-29,8300,8370,70258
297,2020-10-30,8270,8210,47569
298,2020-11-02,8240,8320,25503
299,2020-11-03,8400,8650,39164
