,date,open,close,volume
0,2019-08-16,21450,21500,9764
1,2019-08-19,21500,21350,7146
2,2019-08-20,21250,21700,9503
3,2019-08-21,21750,22200,49725
4,2019-08-22,22200,21850,20833
5,2019-08-23,21850,22000,10968
6,2019-08-26,21650,20850,15393
7,2019-08-27,21200,20600,7263
8,2019-08-28,20900,21900,19501
9,2019-08-29,21700,22050,19562
10,2019-08-30,22500,22550,25488
11,2019-09-02,22550,22650,13149
12,2019-09-03,22650,22700,8626
13,2019-09-04,22900,23850,27413
14,2019-09-05,24000,23300,15677
15,2019-09-06,23300,23200,9518
16,2019-09-09,23450,22650,6477
17,2019-09-10,22650,22650,7338
18,2019-09-11,22450,22750,4572
19,2019-09-16,23000,22800,8559
20,2019-09-17,22500,23750,24105
21,2019-09-18,23750,23450,15457
22,2019-09-19,23450,23350,11029
23,2019-09-20,23750,23100,12052
24,2019-09-23,22800,22300,10607
25,2019-09-24,22450,22650,7810
26,2019-09-25,22650,21950,28268
27,2019-09-26,21950,21650,13625
28,2019-09-27,21800,21500,2119
29,2019-09-30,21300,21050,5918
30,2019-10-01,21000,21300,4872
31,2019-10-02,21100,21300,4123
32,2019-10-04,21150,21500,5375
33,2019-10-07,21450,21800,13968
34,2019-10-08,21850,21900,7162
35,2019-10-10,21900,22400,12542
36,2019-10-11,22550,21900,7243
37,2019-10-14,22000,21900,6694
38,2019-10-15,22050,22350,8700
39,2019-10-16,22750,22450,7480
40,2019-10-17,22500,22800,11274
41,2019-10-18,22900,22950,9028
42,2019-10-21,22950,22750,10220
43,2019-10-22,22750,22600,10016
44,2019-10-23,22450,24550,82017
45,2019-10-24,24550,23900,29358
46,2019-10-25,23950,23150,19611
47,2019-10-28,23150,23350,14928
48,2019-10-29,23200,22950,19474
49,2019-10-30,22950,22500,17030
50,2019-10-31,22500,22800,11212
51,2019-11-01,22700,23000,7594
52,2019-11-04,23150,23250,11587
53,2019-11-05,23250,23850,28972
54,2019-11-06,23850,23100,20447
55,2019-11-07,23100,27350,1266444
56,2019-11-08,26600,26400,227543
57,2019-11-11,26950,27900,1168399
58,2019-11-12,27500,28000,131020
59,2019-11-13,27750,26650,93786
60,2019-11-14,26550,26200,219226
61,2019-11-15,26050,26550,55799
62,2019-11-18,26300,25950,29127
63,2019-11-19,26100,25500,54184
64,2019-11-20,25450,25400,275111
65,2019-11-21,25750,25550,234153
66,2019-11-22,25400,25600,66638
67,2019-11-25,25750,26100,60617
68,2019-11-26,26000,26550,50439
69,2019-11-27,27100,25650,49636
70,2019-11-28,25350,24300,65340
71,2019-11-29,24200,24450,27029
72,2019-12-02,24300,24450,25265
73,2019-12-03,24450,23800,39376
74,2019-12-04,23600,22950,40264
75,2019-12-05,22950,22050,38935
76,2019-12-06,22050,22900,25895
77,2019-12-09,23150,23450,33264
78,2019-12-10,23500,23000,17402
79,2019-12-11,22900,23450,27392
80,2019-12-12,23250,23650,51493
81,2019-12-13,24050,23850,19470
82,2019-12-16,23650,23600,18963
83,2019-12-17,23650,23400,12858
84,2019-12-18,23250,23500,13248
85,2019-12-19,23350,23500,17442
86,2019-12-20,23400,23150,15651
87,2019-12-23,23150,22450,29423
88,2019-12-24,22800,22200,17632
89,2019-12-26,22100,22400,24788
90,2019-12-27,22600,22900,27213
91,2019-12-30,23200,23150,21952
92,2020-01-02,23200,23400,34918
93,2020-01-03,23300,23800,65603
94,2020-01-06,23600,22900,62056
95,2020-01-07,23100,23150,24419
96,2020-01-08,23150,21750,52489
97,2020-01-09,22150,22600,17649
98,2020-01-10,22600,22700,12454
99,2020-01-13,23100,25700,1173525
100,2020-01-14,25500,25500,175336
101,2020-01-15,25700,25050,156965
102,2020-01-16,25200,24600,45441
103,2020-01-17,24900,24500,31534
104,2020-01-20,24400,24350,43884
105,2020-01-21,24550,23700,33117
106,2020-01-22,23550,24200,23805
107,2020-01-23,24200,24200,16638
108,2020-01-28,23350,24500,59296
109,2020-01-29,24500,24400,36040
110,2020-01-30,24100,23950,36994
111,2020-01-31,23650,22550,34156
112,2020-02-03,21750,22800,36919
113,2020-02-04,22600,23600,22911
114,2020-02-05,23900,23500,34534
115,2020-02-06,23600,24600,40791
116,2020-02-07,24700,24500,16937
117,2020-02-10,24500,23800,14346
118,2020-02-11,23700,24500,21784
119,2020-02-12,24450,24950,65470
120,2020-02-13,25150,24000,24570
121,2020-02-14,23950,23900,15202
122,2020-02-17,23900,24500,17831
123,2020-02-18,24200,24000,15173
124,2020-02-19,23850,23650,21638
125,2020-02-20,23550,23350,15626
126,2020-02-21,22750,22500,14971
127,2020-02-24,22300,21700,27776
128,2020-02-25,21300,22450,24118
129,2020-02-26,21800,22200,9271
130,2020-02-27,22250,21800,77681
131,2020-02-28,21500,20800,54956
132,2020-03-02,20550,21100,14953
133,2020-03-03,21350,21200,21555
134,2020-03-04,20900,21350,11442
135,2020-03-05,21350,22700,70308
136,2020-03-06,22300,21800,18184
137,2020-03-09,21550,20400,23365
138,2020-03-10,19900,20250,22604
139,2020-03-11,20250,19500,31192
140,2020-03-12,18950,17650,44350
141,2020-03-13,15000,15400,89038
142,2020-03-16,15200,14750,34521
143,2020-03-17,13100,14900,79363
144,2020-03-18,15000,15150,308981
145,2020-03-19,16300,12750,256130
146,2020-03-20,12800,13950,164423
147,2020-03-23,13050,13750,52309
148,2020-03-24,14250,15300,90613
149,2020-03-25,16000,15650,86205
150,2020-03-26,15800,16000,68788
151,2020-03-27,16550,15750,57126
152,2020-03-30,15750,16400,34475
153,2020-03-31,16700,16750,59611
154,2020-04-01,17250,17050,47637
155,2020-04-02,17050,17350,15778
156,2020-04-03,17450,17300,23150
157,2020-04-06,17200,18250,40557
158,2020-04-07,18500,18400,27322
159,2020-04-08,18750,18850,25789
160,2020-04-09,18850,19250,21405
161,2020-04-10,19400,19150,25836
162,2020-04-13,19000,18800,11487
163,2020-04-14,18700,18800,16381
164,2020-04-16,18800,18900,13605
165,2020-04-17,18900,19750,27022
166,2020-04-20,19800,20450,37397
167,2020-04-21,20200,19300,54402
168,2020-04-22,18550,19000,24216
169,2020-04-23,19500,19700,36614
170,2020-04-24,19800,19200,21586
171,2020-04-27,19350,19600,17367
172,2020-04-28,19600,19300,11039
173,2020-04-29,19100,19200,13547
174,2020-05-04,18900,19150,11483
175,2020-05-06,19050,20400,44553
176,2020-05-07,20550,20450,15505
177,2020-05-08,20500,21000,32707
178,2020-05-11,21000,20850,18993
179,2020-05-12,21250,20650,11920
180,2020-05-13,20600,20650,12473
181,2020-05-14,20600,20300,14722
182,2020-05-15,20450,20500,17704
183,2020-05-18,20250,21200,30170
184,2020-05-19,21000,21650,18089
185,2020-05-20,21650,21200,21437
186,2020-05-21,21250,21000,33274
187,2020-05-22,20750,20650,18090
188,2020-05-25,20650,20250,11308
189,2020-05-26,20150,20900,26658
190,2020-05-27,20900,20400,27518
191,2020-05-28,20550,20800,216485
192,2020-05-29,20900,20600,24211
193,2020-06-01,20850,21800,67688
194,2020-06-02,21850,22600,72069
195,2020-06-03,22600,22350,49072
196,2020-06-04,22500,22350,40498
197,2020-06-05,22550,22250,22314
198,2020-06-08,22250,22500,29456
199,2020-06-09,22500,22600,47173
200,2020-06-10,22750,22700,25384
201,2020-06-11,22650,21850,45583
202,2020-06-12,20400,21200,32639
203,2020-06-15,21200,19000,36591
204,2020-06-16,19600,19950,15267
205,2020-06-17,19950,19900,24118
206,2020-06-18,19950,19950,11993
207,2020-06-19,20050,20750,29644
208,2020-06-22,20700,20550,22066
209,2020-06-23,20550,20100,15513
210,2020-06-24,20250,20700,26482
211,2020-06-25,20050,19900,22162
212,2020-06-26,20000,20000,10255
213,2020-06-29,19950,19600,10376
214,2020-06-30,19650,19750,7000
215,2020-07-01,19850,19650,13227
216,2020-07-02,19400,20000,10363
217,2020-07-03,20000,19900,7254
218,2020-07-06,19700,20100,8550
219,2020-07-07,20100,19600,12364
220,2020-07-08,19450,19650,9778
221,2020-07-09,19600,19550,9392
222,2020-07-10,19500,19800,15272
223,2020-07-13,19800,19900,11270
224,2020-07-14,19800,19700,7505
225,2020-07-15,19800,19700,7992
226,2020-07-16,19700,19150,33072
227,2020-07-17,19150,19150,9212
228,2020-07-20,19000,18800,23530
229,2020-07-21,18900,18700,10399
230,2020-07-22,18700,18500,11379
231,2020-07-23,18600,18300,13486
232,2020-07-24,18300,18200,19768
233,2020-07-27,18200,18100,8853
234,2020-07-28,18100,18750,171280
235,2020-07-29,18750,18300,13445
236,2020-07-30,18300,18150,17890
237,2020-07-31,18150,17800,13555
238,2020-08-03,17950,18000,14750
239,2020-08-04,18000,18050,11358
240,2020-08-05,18100,18850,47425
241,2020-08-06,18850,18750,19360
242,2020-08-07,18750,18900,14585
243,2020-08-10,18850,18900,14317
244,2020-08-11,18950,19200,76161
245,2020-08-12,19400,18750,20108
246,2020-08-13,18750,18500,27235
247,2020-08-14,18500,18150,8830
248,2020-08-18,18250,17100,31615
249,2020-08-19,17400,17450,12528
250,2020-08-20,17200,16500,15684
251,2020-08-21,16650,16500,16870
252,2020-08-24,16200,16850,11729
253,2020-08-25,16650,17900,22356
254,2020-08-26,17950,17850,13011
255,2020-08-27,17750,17650,4847
256,2020-08-28,17750,17300,6803
257,2020-08-31,17450,17550,7258
258,2020-09-01,17350,17350,5263
259,2020-09-02,17400,17600,5367
260,2020-09-03,17500,18000,12893
261,2020-09-04,17150,17350,21698
262,2020-09-07,17450,17400,8831
263,2020-09-08,17300,17350,8287
264,2020-09-09,17400,17450,8839
265,2020-09-10,17450,17450,5662
266,2020-09-11,17450,18150,23321
267,2020-09-14,18150,18250,22625
268,2020-09-15,18250,18750,21089
269,2020-09-16,18800,18600,17578
270,2020-09-17,18600,18250,11355
271,2020-09-18,18200,18250,8402
272,2020-09-21,18250,18600,117927
273,2020-09-22,18600,18650,59141
274,2020-09-23,18650,18400,15582
275,2020-09-24,18150,17300,19105
276,2020-09-25,17400,17400,7621
277,2020-09-28,17400,17400,4031
278,2020-09-29,17400,17750,10480
279,2020-10-05,18750,20100,857401
280,2020-10-06,20100,20950,170432
281,2020-10-07,21650,21300,312966
282,2020-10-08,21500,20900,91493
283,2020-10-12,20900,20900,62639
284,2020-10-13,20650,20950,88765
285,2020-10-14,21000,20600,27526
286,2020-10-15,20400,20000,45555
287,2020-10-16,20000,19150,30897
288,2020-10-19,19050,19050,18730
289,2020-10-20,19000,19100,29514
290,2020-10-21,19400,19050,14499
291,2020-10-22,18900,19000,12438
292,2020-10-23,19000,18800,10574
293,2020-10-26,18800,17950,23328
294,2020-10-27,17700,18000,13872
295,2020-10-28,18000,18900,29460
296,2020-10-29,18250,18750,8745
297,2020-10-30,18550,18350,9163
298,2020-11-02,18350,18350,13487
299,2020-11-03,18200,18200,14396
