,date,open,close,volume
0,2019-08-16,16600,16950,12697
1,2019-08-19,17050,16750,7774
2,2019-08-20,16700,16950,8831
3,2019-08-21,16950,17000,6724
4,2019-08-22,17050,16950,6804
5,2019-08-23,16950,16850,16794
6,2019-08-26,16550,16350,10826
7,2019-08-27,16400,16300,5327
8,2019-08-28,16300,16750,9133
9,2019-08-29,16800,16600,5829
10,2019-08-30,16700,16550,4722
11,2019-09-02,16550,16550,4419
12,2019-09-03,16550,16400,7858
13,2019-09-04,16450,16500,10439
14,2019-09-05,16600,16450,13872
15,2019-09-06,16400,16500,13341
16,2019-09-09,16550,16500,8106
17,2019-09-10,16500,16650,13230
18,2019-09-11,16650,16700,18829
19,2019-09-16,16700,16550,13656
20,2019-09-17,16550,16550,9021
21,2019-09-18,16550,16550,4968
22,2019-09-19,16600,16750,11249
23,2019-09-20,16800,16700,4387
24,2019-09-23,16500,16650,11653
25,2019-09-24,16650,16700,8258
26,2019-09-25,16650,16550,21731
27,2019-09-26,16500,16500,7012
28,2019-09-27,16550,16350,12378
29,2019-09-30,16300,16350,8499
30,2019-10-01,16350,16400,3883
31,2019-10-02,16350,16450,7559
32,2019-10-04,16450,16350,3560
33,2019-10-07,16500,16350,4252
34,2019-10-08,16250,16200,14015
35,2019-10-10,16150,16100,13157
36,2019-10-11,16100,16100,15021
37,2019-10-14,16150,16100,4772
38,2019-10-15,16150,16200,8609
39,2019-10-16,16200,16200,4985
40,2019-10-17,16150,16100,14195
41,2019-10-18,16000,16100,3567
42,2019-10-21,16000,16100,4435
43,2019-10-22,16000,15900,16564
44,2019-10-23,15900,15950,9828
45,2019-10-24,15950,15800,18278
46,2019-10-25,15750,15650,22415
47,2019-10-28,15700,15700,24143
48,2019-10-29,15700,15800,11286
49,2019-10-30,15750,16050,14071
50,2019-10-31,16000,15850,13920
51,2019-11-01,15850,16600,96275
52,2019-11-04,16900,16650,30756
53,2019-11-05,16700,16350,104402
54,2019-11-06,16400,16750,20528
55,2019-11-07,16850,16600,22955
56,2019-11-08,16500,16550,7951
57,2019-11-11,16550,16600,11040
58,2019-11-12,16600,16550,7329
59,2019-11-13,16450,16300,9085
60,2019-11-14,16300,16400,8582
61,2019-11-15,16300,16550,11153
62,2019-11-18,16600,16300,13096
63,2019-11-19,16400,16450,10234
64,2019-11-20,16500,16100,25917
65,2019-11-21,16050,15700,27696
66,2019-11-22,15750,16100,29104
67,2019-11-25,16200,16050,17224
68,2019-11-26,16000,16200,13293
69,2019-11-27,16250,16200,9376
70,2019-11-28,16150,15750,74795
71,2019-11-29,15750,15800,11537
72,2019-12-02,15800,15700,10325
73,2019-12-03,15650,15800,4940
74,2019-12-04,15800,15800,13147
75,2019-12-05,15900,15850,12619
76,2019-12-06,15850,15750,16986
77,2019-12-09,15750,15750,9380
78,2019-12-10,15750,15600,24736
79,2019-12-11,15550,15500,25847
80,2019-12-12,15450,15550,17251
81,2019-12-13,15550,15650,19599
82,2019-12-16,15550,15650,14969
83,2019-12-17,15700,15800,21217
84,2019-12-18,15700,15800,14112
85,2019-12-19,15800,15800,11115
86,2019-12-20,15800,15800,25517
87,2019-12-23,15800,15900,18263
88,2019-12-24,15850,15750,23104
89,2019-12-26,15800,15950,65089
90,2019-12-27,15650,15650,24766
91,2019-12-30,15650,15750,183544
92,2020-01-02,15700,15750,20425
93,2020-01-03,15750,15900,30364
94,2020-01-06,15800,15600,14788
95,2020-01-07,15550,15350,26443
96,2020-01-08,15350,14900,38937
97,2020-01-09,15050,15750,49884
98,2020-01-10,15750,15850,46858
99,2020-01-13,15750,15950,59713
100,2020-01-14,15850,15850,28490
101,2020-01-15,15850,15550,26904
102,2020-01-16,15650,16050,44576
103,2020-01-17,16150,16450,46821
104,2020-01-20,16650,16700,79602
105,2020-01-21,16850,16600,43848
106,2020-01-22,16650,16700,28057
107,2020-01-23,16750,16700,26476
108,2020-01-28,16300,16200,32227
109,2020-01-29,16250,16300,12542
110,2020-01-30,16150,16050,16265
111,2020-01-31,16000,16050,19597
112,2020-02-03,15800,15850,12278
113,2020-02-04,15850,16600,48616
114,2020-02-05,16900,16700,67284
115,2020-02-06,16900,17050,64856
116,2020-02-07,17150,17050,10202
117,2020-02-10,16850,17100,15732
118,2020-02-11,17150,17050,15392
119,2020-02-12,16850,16600,38473
120,2020-02-13,16600,16550,46654
121,2020-02-14,16550,16700,13124
122,2020-02-17,16800,16700,19509
123,2020-02-18,16700,16400,27543
124,2020-02-19,16400,16500,31787
125,2020-02-20,16500,16400,25246
126,2020-02-21,16300,16200,36382
127,2020-02-24,16050,15550,41515
128,2020-02-25,15400,15900,26132
129,2020-02-26,15750,15800,31625
130,2020-02-27,15850,15800,42014
131,2020-02-28,15450,15300,39165
132,2020-03-02,15300,15450,15553
133,2020-03-03,15600,15700,28190
134,2020-03-04,15650,15650,11912
135,2020-03-05,15650,15700,16863
136,2020-03-06,15600,15600,12920
137,2020-03-09,15500,15300,23599
138,2020-03-10,15000,15300,28724
139,2020-03-11,15500,15150,26303
140,2020-03-12,15200,15800,155930
141,2020-03-13,15250,14500,73767
142,2020-03-16,14400,14450,53574
143,2020-03-17,14000,14900,77048
144,2020-03-18,15000,14600,43291
145,2020-03-19,14500,12900,83826
146,2020-03-20,12950,13150,34749
147,2020-03-23,12350,11900,61082
148,2020-03-24,11950,12500,27271
149,2020-03-25,13300,13050,19949
150,2020-03-26,13050,13150,18001
151,2020-03-27,13500,13400,24088
152,2020-03-30,13000,13400,16825
153,2020-03-31,13600,13900,35797
154,2020-04-01,14050,13800,18139
155,2020-04-02,13700,13950,16061
156,2020-04-03,14100,13800,23948
157,2020-04-06,13950,14200,35531
158,2020-04-07,14350,14450,26469
159,2020-04-08,14300,14450,17625
160,2020-04-09,14500,14850,18424
161,2020-04-10,14850,15150,43025
162,2020-04-13,15150,15050,18493
163,2020-04-14,15050,15500,26111
164,2020-04-16,15250,15500,12333
165,2020-04-17,15500,15500,20942
166,2020-04-20,15500,15600,40834
167,2020-04-21,15800,15600,34412
168,2020-04-22,15600,16150,101779
169,2020-04-23,16150,16350,22332
170,2020-04-24,16100,15900,26687
171,2020-04-27,15900,16400,34826
172,2020-04-28,16700,16400,16290
173,2020-04-29,16350,16500,20148
174,2020-05-04,16500,16650,28593
175,2020-05-06,16650,16600,28107
176,2020-05-07,16950,17300,93716
177,2020-05-08,17500,18200,126376
178,2020-05-11,18450,17800,61063
179,2020-05-12,17650,18000,47305
180,2020-05-13,17700,18050,39916
181,2020-05-14,18250,18000,27416
182,2020-05-15,17950,18150,37695
183,2020-05-18,18050,18200,39015
184,2020-05-19,18200,18100,44638
185,2020-05-20,18050,17950,53721
186,2020-05-21,17950,18000,26181
187,2020-05-22,18000,17500,48698
188,2020-05-25,17650,17600,24315
189,2020-05-26,17700,17900,28328
190,2020-05-27,18000,17900,32256
191,2020-05-28,17900,17500,51864
192,2020-05-29,17500,17500,15369
193,2020-06-01,17550,17600,24778
194,2020-06-02,17500,17550,21262
195,2020-06-03,17650,17750,53327
196,2020-06-04,18000,18050,48009
197,2020-06-05,18100,18100,22459
198,2020-06-08,18100,17950,35605
199,2020-06-09,18000,19200,198117
200,2020-06-10,19200,18750,52557
201,2020-06-11,18900,18250,45566
202,2020-06-12,17700,18800,77339
203,2020-06-15,18800,17750,50793
204,2020-06-16,17800,18450,34810
205,2020-06-17,18350,17950,38093
206,2020-06-18,17950,17850,19395
207,2020-06-19,17850,17500,33902
208,2020-06-22,17300,17550,6044
209,2020-06-23,17600,17550,18268
210,2020-06-24,17450,17750,11253
211,2020-06-25,17750,17600,12965
212,2020-06-26,17550,17600,20817
213,2020-06-29,17600,17450,25706
214,2020-06-30,17300,17400,10241
215,2020-07-01,17500,17250,15837
216,2020-07-02,17150,17900,31752
217,2020-07-03,17900,18000,20635
218,2020-07-06,18000,17800,13033
219,2020-07-07,17800,17850,12668
220,2020-07-08,17850,17750,12012
221,2020-07-09,17650,17750,26537
222,2020-07-10,18000,17350,31837
223,2020-07-13,17300,17500,18980
224,2020-07-14,17550,17600,12154
225,2020-07-15,17700,17600,17402
226,2020-07-16,17700,17750,8362
227,2020-07-17,17650,17750,6603
228,2020-07-20,17800,17750,16331
229,2020-07-21,18450,17750,150203
230,2020-07-22,18100,18000,66304
231,2020-07-23,18150,17900,19030
232,2020-07-24,17900,18450,52630
233,2020-07-27,18250,18500,45597
234,2020-07-28,18400,18400,15266
235,2020-07-29,18300,18150,46530
236,2020-07-30,18150,18450,25136
237,2020-07-31,18250,18300,21342
238,2020-08-03,18300,18250,19195
239,2020-08-04,18350,19200,171380
240,2020-08-05,19300,18850,71774
241,2020-08-06,18750,18650,37870
242,2020-08-07,18600,19200,71793
243,2020-08-10,19250,19200,37622
244,2020-08-11,19200,18800,41995
245,2020-08-12,19200,18850,23662
246,2020-08-13,19050,19100,36955
247,2020-08-14,19100,18950,20872
248,2020-08-18,19000,18250,53873
249,2020-08-19,18150,18600,38362
250,2020-08-20,18600,17850,28042
251,2020-08-21,18000,17850,9535
252,2020-08-24,17850,17700,24878
253,2020-08-25,17700,17950,21961
254,2020-08-26,18950,18850,156667
255,2020-08-27,18750,20750,440821
256,2020-08-28,20750,21500,289744
257,2020-08-31,21500,21000,109931
258,2020-09-01,20700,21800,167171
259,2020-09-02,21800,21800,62239
260,2020-09-03,22100,21750,50003
261,2020-09-04,20900,21550,41674
262,2020-09-07,21950,21800,66723
263,2020-09-08,21700,21750,27970
264,2020-09-09,21600,21450,33786
265,2020-09-10,21550,21450,21372
266,2020-09-11,21250,21400,23992
267,2020-09-14,21500,21400,29495
268,2020-09-15,21500,21400,50846
269,2020-09-16,21600,22150,103398
270,2020-09-17,22600,22250,100809
271,2020-09-18,22300,22800,35478
272,2020-09-21,23000,21650,64259
273,2020-09-22,21500,20700,47061
274,2020-09-23,21000,21800,41716
275,2020-09-24,21450,20500,259290
276,2020-09-25,20550,20400,9475
277,2020-09-28,20500,20550,20782
278,2020-09-29,20500,20350,10678
279,2020-10-05,20500,20600,14867
280,2020-10-06,20800,20800,14208
281,2020-10-07,20500,20300,17239
282,2020-10-08,20400,20300,23119
283,2020-10-12,20650,20150,15356
284,2020-10-13,20150,20100,13098
285,2020-10-14,20400,19900,16630
286,2020-10-15,20100,19750,19359
287,2020-10-16,19750,19500,15610
288,2020-10-19,19750,20100,9742
289,2020-10-20,20000,19950,13534
290,2020-10-21,20000,20000,11711
291,2020-10-22,20000,20050,33501
292,2020-10-23,20200,20400,9124
293,2020-10-26,20550,19950,21106
294,2020-10-27,19800,19950,15301
295,2020-10-28,19900,19800,35598
296,2020-10-29,19650,19800,26137
297,2020-10-30,19800,19650,7987
298,2020-11-02,19500,19950,6861
299,2020-11-03,20000,19950,15032
