,date,open,close,volume
0,2019-08-16,3030,2960,18737
1,2019-08-19,2960,2985,15426
2,2019-08-20,2985,3030,11607
3,2019-08-21,3030,3055,22420
4,2019-08-22,3050,3055,23471
5,2019-08-23,3055,3025,11275
6,2019-08-26,2940,3010,10582
7,2019-08-27,2995,3015,18444
8,2019-08-28,3015,3005,6342
9,2019-08-29,3005,3010,5742
10,2019-08-30,3025,3005,6665
11,2019-09-02,3000,3010,51107
12,2019-09-03,3010,3050,18230
13,2019-09-04,3085,3055,2777
14,2019-09-05,3055,3050,51178
15,2019-09-06,3050,3050,4796
16,2019-09-09,3050,3150,68548
17,2019-09-10,3175,3135,40098
18,2019-09-11,3135,3210,32487
19,2019-09-16,3225,3220,31710
20,2019-09-17,3220,3220,29808
21,2019-09-18,3225,3205,18233
22,2019-09-19,3240,3220,11306
23,2019-09-20,3200,3200,27332
24,2019-09-23,3185,3195,15679
25,2019-09-24,3230,3195,13262
26,2019-09-25,3195,3110,32333
27,2019-09-26,3115,3075,27380
28,2019-09-27,3100,3090,20000
29,2019-09-30,3140,3140,82462
30,2019-10-01,3285,3390,8846771
31,2019-10-02,3325,3410,1087899
32,2019-10-04,3380,3465,996764
33,2019-10-07,3400,3225,534941
34,2019-10-08,3220,3215,197795
35,2019-10-10,3215,3315,578156
36,2019-10-11,3315,3285,167831
37,2019-10-14,3285,3320,248485
38,2019-10-15,3320,3290,126143
39,2019-10-16,3290,3280,196404
40,2019-10-17,3320,3400,271354
41,2019-10-18,3385,3410,200408
42,2019-10-21,3415,3265,401009
43,2019-10-22,3270,3265,103662
44,2019-10-23,3250,3170,119374
45,2019-10-24,3170,3190,64927
46,2019-10-25,3190,3160,38976
47,2019-10-28,3110,3165,59154
48,2019-10-29,3200,3270,67258
49,2019-10-30,3270,3265,49058
50,2019-10-31,3240,3285,35561
51,2019-11-01,3285,3300,49010
52,2019-11-04,3300,3325,70834
53,2019-11-05,3330,3355,91419
54,2019-11-06,3360,3400,152438
55,2019-11-07,3400,3400,158801
56,2019-11-08,3450,3365,80105
57,2019-11-11,3350,3430,173495
58,2019-11-12,3430,3370,121698
59,2019-11-13,3370,3450,115054
60,2019-11-14,3460,3320,144752
61,2019-11-15,3315,3345,90777
62,2019-11-18,3345,3360,72423
63,2019-11-19,3360,3395,91392
64,2019-11-20,3380,3390,124682
65,2019-11-21,3380,3265,67852
66,2019-11-22,3250,3340,51206
67,2019-11-25,3340,3455,211751
68,2019-11-26,3505,3465,241162
69,2019-11-27,3500,3500,112896
70,2019-11-28,3500,3505,81098
71,2019-11-29,3505,3475,166905
72,2019-12-02,3475,3425,91711
73,2019-12-03,3420,3555,277479
74,2019-12-04,3545,3455,135908
75,2019-12-05,3425,3380,85350
76,2019-12-06,3385,3445,65145
77,2019-12-09,3515,3445,85921
78,2019-12-10,3440,3400,72499
79,2019-12-11,3365,3380,45478
80,2019-12-12,3380,3370,60814
81,2019-12-13,3370,3395,46329
82,2019-12-16,3400,3355,64734
83,2019-12-17,3355,3355,225034
84,2019-12-18,3355,3355,122868
85,2019-12-19,3390,3365,39329
86,2019-12-20,3375,3350,95188
87,2019-12-23,3350,3365,67517
88,2019-12-24,3365,3380,70630
89,2019-12-26,3385,3490,282825
90,2019-12-27,3480,3480,89592
91,2019-12-30,3475,3605,234548
92,2020-01-02,3630,3635,246041
93,2020-01-03,3630,3645,295141
94,2020-01-06,3645,3640,161400
95,2020-01-07,3615,3660,223722
96,2020-01-08,3600,3520,196087
97,2020-01-09,3550,3635,86256
98,2020-01-10,3635,3590,70725
99,2020-01-13,3590,3570,88362
100,2020-01-14,3570,3565,82852
101,2020-01-15,3550,3600,91577
102,2020-01-16,3600,3605,72639
103,2020-01-17,3625,3555,67407
104,2020-01-20,3555,3370,238271
105,2020-01-21,3370,3370,133963
106,2020-01-22,3370,3405,109725
107,2020-01-23,3400,3385,67960
108,2020-01-28,3280,3210,105172
109,2020-01-29,3295,3230,86430
110,2020-01-30,3230,3130,145747
111,2020-01-31,3130,3055,102460
112,2020-02-03,2990,3140,96161
113,2020-02-04,3140,3160,100135
114,2020-02-05,3160,3180,41061
115,2020-02-06,3150,3270,86670
116,2020-02-07,3265,3270,77145
117,2020-02-10,3050,3170,405570
118,2020-02-11,3160,3140,46824
119,2020-02-12,3140,3105,59949
120,2020-02-13,3110,3150,169524
121,2020-02-14,3150,3140,63059
122,2020-02-17,3125,3125,50216
123,2020-02-18,3130,3085,76041
124,2020-02-19,3085,3120,52651
125,2020-02-20,3090,3065,32609
126,2020-02-21,3065,3020,55291
127,2020-02-24,2900,2920,87398
128,2020-02-25,2900,2930,140841
129,2020-02-26,2910,2935,39997
130,2020-02-27,2935,2880,79330
131,2020-02-28,2850,2730,134603
132,2020-03-02,2670,2810,65970
133,2020-03-03,2815,2855,37471
134,2020-03-04,2855,2900,24601
135,2020-03-05,2900,2925,21101
136,2020-03-06,2885,2875,61052
137,2020-03-09,2840,2755,94324
138,2020-03-10,2680,2740,104419
139,2020-03-11,2740,2685,51442
140,2020-03-12,2685,2465,157970
141,2020-03-13,2300,2170,230528
142,2020-03-16,2085,2110,131454
143,2020-03-17,1850,2105,114696
144,2020-03-18,2195,2085,42576
145,2020-03-19,2085,1720,263197
146,2020-03-20,1720,1835,55265
147,2020-03-23,1670,1680,189818
148,2020-03-24,1705,1750,203503
149,2020-03-25,1845,1900,78232
150,2020-03-26,1915,1905,207932
151,2020-03-27,1995,1995,101517
152,2020-03-30,1995,2110,134773
153,2020-03-31,2120,2195,216141
154,2020-04-01,2200,2205,98763
155,2020-04-02,2200,2300,101324
156,2020-04-03,2300,2315,110861
157,2020-04-06,2340,2420,152551
158,2020-04-07,2475,2450,82387
159,2020-04-08,2440,2530,48547
160,2020-04-09,2595,2545,59869
161,2020-04-10,2550,2535,68026
162,2020-04-13,2535,2570,127996
163,2020-04-14,2630,2600,93906
164,2020-04-16,2670,2605,85403
165,2020-04-17,2605,2670,81057
166,2020-04-20,2685,2665,94053
167,2020-04-21,2665,2665,138224
168,2020-04-22,2565,2850,236914
169,2020-04-23,2850,2810,68155
170,2020-04-24,2790,2840,160930
171,2020-04-27,2840,2860,91809
172,2020-04-28,2860,2795,147988
173,2020-04-29,2870,2830,46031
174,2020-05-04,2795,2830,49626
175,2020-05-06,2815,2820,27976
176,2020-05-07,2820,2845,25016
177,2020-05-08,2845,2830,178191
178,2020-05-11,2855,2805,34739
179,2020-05-12,2805,2775,37684
180,2020-05-13,2720,2735,46880
181,2020-05-14,2730,2710,32808
182,2020-05-15,2710,2720,26966
183,2020-05-18,2725,2715,39102
184,2020-05-19,2720,2745,35893
185,2020-05-20,2765,2760,73743
186,2020-05-21,2800,2845,108313
187,2020-05-22,2845,2825,63082
188,2020-05-25,2820,2780,28497
189,2020-05-26,2790,2840,295697
190,2020-05-27,3090,2880,5149001
191,2020-05-28,2905,2770,542383
192,2020-05-29,2770,2820,283845
193,2020-06-01,2820,2880,121687
194,2020-06-02,2900,2885,113641
195,2020-06-03,2885,2855,212455
196,2020-06-04,2865,2880,99553
197,2020-06-05,2880,2920,101384
198,2020-06-08,2910,2905,95688
199,2020-06-09,2930,2915,80462
200,2020-06-10,2915,2865,83871
201,2020-06-11,2845,2835,127888
202,2020-06-12,2685,2730,149799
203,2020-06-15,2700,2500,195582
204,2020-06-16,2515,2610,96224
205,2020-06-17,2610,2595,89422
206,2020-06-18,2535,2600,57401
207,2020-06-19,2600,2700,111464
208,2020-06-22,2700,2650,72344
209,2020-06-23,2670,2580,84557
210,2020-06-24,2580,2595,25789
211,2020-06-25,2595,2550,47496
212,2020-06-26,2550,2630,114695
213,2020-06-29,2630,2550,31961
214,2020-06-30,2550,2575,47033
215,2020-07-01,2575,2560,26264
216,2020-07-02,2560,2590,21183
217,2020-07-03,2685,2620,18395
218,2020-07-06,2620,2630,52247
219,2020-07-07,2635,2625,40625
220,2020-07-08,2625,2695,80106
221,2020-07-09,2740,2775,122005
222,2020-07-10,2920,2830,163418
223,2020-07-13,2830,2870,104552
224,2020-07-14,2930,2900,87427
225,2020-07-15,2900,2900,80639
226,2020-07-16,2900,2885,37873
227,2020-07-17,2860,2860,32339
228,2020-07-20,2860,2820,41270
229,2020-07-21,2820,2810,28752
230,2020-07-22,2810,2820,50143
231,2020-07-23,2820,2785,44542
232,2020-07-24,2830,2795,53573
233,2020-07-27,2795,2790,27556
234,2020-07-28,2790,2770,65906
235,2020-07-29,2770,2790,22375
236,2020-07-30,2795,2815,38764
237,2020-07-31,2820,2800,46414
238,2020-08-03,2825,2880,230415
239,2020-08-04,2925,2935,177953
240,2020-08-05,2935,2905,97936
241,2020-08-06,2905,2905,73622
242,2020-08-07,2900,2905,74534
243,2020-08-10,2900,2925,59897
244,2020-08-11,2925,2945,69133
245,2020-08-12,2935,2925,65960
246,2020-08-13,2920,2935,95388
247,2020-08-14,2935,2930,98926
248,2020-08-18,2930,2750,210829
249,2020-08-19,2750,2835,90386
250,2020-08-20,2835,2690,106964
251,2020-08-21,2690,2660,69155
252,2020-08-24,2670,2700,38145
253,2020-08-25,2700,2735,109486
254,2020-08-26,2740,2750,59901
255,2020-08-27,2725,2700,48388
256,2020-08-28,2700,2720,43918
257,2020-08-31,2720,2740,99295
258,2020-09-01,2740,2740,37735
259,2020-09-02,2740,2755,32353
260,2020-09-03,2760,2815,83283
261,2020-09-04,2770,2830,123528
262,2020-09-07,2830,2930,282280
263,2020-09-08,2930,2930,143136
264,2020-09-09,2910,2925,93527
265,2020-09-10,2880,2935,132852
266,2020-09-11,2930,2935,121443
267,2020-09-14,3010,3055,230911
268,2020-09-15,3160,3075,373905
269,2020-09-16,3075,3050,577577
270,2020-09-17,3260,2970,940743
271,2020-09-18,2955,2990,166756
272,2020-09-21,3035,3180,7519099
273,2020-09-22,3095,2965,718947
274,2020-09-23,2965,3145,2232854
275,2020-09-24,3120,3055,643282
276,2020-09-25,3055,3185,1142138
277,2020-09-28,3185,3185,238689
278,2020-09-29,3185,3200,223036
279,2020-10-05,3220,3305,380037
280,2020-10-06,3305,3260,892624
281,2020-10-07,3260,3285,144643
282,2020-10-08,3290,3240,170281
283,2020-10-12,3310,3475,1346636
284,2020-10-13,3475,3535,408657
285,2020-10-14,3525,3530,380645
286,2020-10-15,3530,3450,266819
287,2020-10-16,3430,3575,601441
288,2020-10-19,3570,3385,304146
289,2020-10-20,3385,3355,119790
290,2020-10-21,3355,3435,77984
291,2020-10-22,3435,3380,99409
292,2020-10-23,3380,3420,117322
293,2020-10-26,3420,3260,181571
294,2020-10-27,3185,3235,137710
295,2020-10-28,3235,3235,65332
296,2020-10-29,3215,3235,55602
297,2020-10-30,3215,3235,72207
298,2020-11-02,3230,3235,51350
299,2020-11-03,3295,3390,240122
