,date,open,close,volume
0,2019-08-16,226000,225000,107818
1,2019-08-19,225000,230000,150318
2,2019-08-20,228000,230000,87381
3,2019-08-21,228000,229500,81097
4,2019-08-22,229500,228500,75647
5,2019-08-23,229000,227500,47250
6,2019-08-26,224500,226000,74384
7,2019-08-27,226000,225500,118221
8,2019-08-28,227000,226500,66811
9,2019-08-29,225500,225500,52639
10,2019-08-30,225000,229000,173190
11,2019-09-02,226500,227000,44754
12,2019-09-03,225500,223500,90229
13,2019-09-04,224000,226000,102336
14,2019-09-05,225000,227500,79437
15,2019-09-06,226500,226000,74178
16,2019-09-09,225000,227000,87181
17,2019-09-10,227500,233000,151153
18,2019-09-11,233500,232000,157854
19,2019-09-16,233500,233500,126050
20,2019-09-17,232000,233500,71125
21,2019-09-18,232500,235000,74561
22,2019-09-19,235500,230000,114548
23,2019-09-20,227000,227000,208386
24,2019-09-23,226500,228500,80337
25,2019-09-24,229000,230000,106261
26,2019-09-25,231000,235000,148864
27,2019-09-26,233000,228500,160550
28,2019-09-27,230000,227500,78678
29,2019-09-30,225500,223000,122461
30,2019-10-01,223500,227000,130554
31,2019-10-02,224500,221000,103322
32,2019-10-04,218500,215500,152428
33,2019-10-07,215000,215500,67084
34,2019-10-08,218000,217000,80591
35,2019-10-10,213000,213000,233973
36,2019-10-11,215000,221000,159970
37,2019-10-14,223000,222000,102426
38,2019-10-15,220000,219500,92627
39,2019-10-16,220000,222000,99748
40,2019-10-17,219500,223500,110097
41,2019-10-18,224500,222000,110543
42,2019-10-21,223500,224000,52549
43,2019-10-22,222500,223000,89241
44,2019-10-23,221000,225000,101499
45,2019-10-24,224000,226500,122377
46,2019-10-25,221500,222500,105486
47,2019-10-28,223000,221000,65138
48,2019-10-29,221000,221000,74180
49,2019-10-30,221500,218000,98981
50,2019-10-31,218000,216500,97730
51,2019-11-01,218500,219000,53381
52,2019-11-04,219000,224500,81466
53,2019-11-05,225500,227500,91650
54,2019-11-06,227500,225000,63628
55,2019-11-07,223000,229000,79766
56,2019-11-08,233000,235500,141249
57,2019-11-11,234500,236000,101094
58,2019-11-12,235000,235000,76850
59,2019-11-13,233000,227500,129211
60,2019-11-14,227500,224500,145910
61,2019-11-15,224000,234000,125167
62,2019-11-18,232500,233000,104999
63,2019-11-19,230500,233500,122325
64,2019-11-20,233500,237000,186915
65,2019-11-21,237500,234000,138954
66,2019-11-22,237500,235500,82916
67,2019-11-25,235500,237000,72710
68,2019-11-26,235000,234000,171352
69,2019-11-27,237000,238500,108592
70,2019-11-28,237000,240000,72254
71,2019-11-29,237000,232500,110610
72,2019-12-02,234500,234500,87516
73,2019-12-03,233500,232500,70894
74,2019-12-04,228000,229500,130006
75,2019-12-05,229000,231500,89716
76,2019-12-06,233500,234500,83040
77,2019-12-09,235000,236000,65715
78,2019-12-10,234500,236000,38847
79,2019-12-11,236000,238000,68123
80,2019-12-12,239500,249500,321849
81,2019-12-13,251000,253000,154476
82,2019-12-16,252500,251000,113147
83,2019-12-17,251000,251500,117068
84,2019-12-18,251000,252000,112325
85,2019-12-19,251000,252000,54138
86,2019-12-20,247500,252500,165174
87,2019-12-23,253000,252500,98300
88,2019-12-24,252500,249500,76927
89,2019-12-26,250000,247000,80369
90,2019-12-27,240500,243000,125558
91,2019-12-30,244500,243500,58219
92,2020-01-02,243500,238500,120193
93,2020-01-03,239000,237000,143182
94,2020-01-06,234500,234000,66855
95,2020-01-07,232500,237000,69122
96,2020-01-08,233000,232500,100556
97,2020-01-09,232500,230500,189115
98,2020-01-10,229000,229000,87093
99,2020-01-13,227000,224500,165498
100,2020-01-14,226500,230000,101264
101,2020-01-15,229500,229000,78735
102,2020-01-16,229500,231500,112400
103,2020-01-17,229500,227000,84300
104,2020-01-20,227500,228000,75095
105,2020-01-21,228500,228000,80589
106,2020-01-22,228500,227000,76605
107,2020-01-23,226500,225000,88403
108,2020-01-28,222000,217500,90649
109,2020-01-29,217000,214000,105021
110,2020-01-30,214500,210500,105170
111,2020-01-31,212000,211000,123969
112,2020-02-03,213000,210000,94615
113,2020-02-04,209000,204500,269824
114,2020-02-05,205000,207500,214582
115,2020-02-06,210000,211000,107741
116,2020-02-07,210000,212000,118562
117,2020-02-10,210000,212500,89014
118,2020-02-11,210500,213500,87983
119,2020-02-12,211500,213000,122303
120,2020-02-13,212000,211000,191819
121,2020-02-14,211500,211500,65672
122,2020-02-17,211500,211500,98359
123,2020-02-18,209000,206000,115559
124,2020-02-19,207500,204000,120651
125,2020-02-20,206500,205000,233276
126,2020-02-21,205000,206000,118751
127,2020-02-24,206000,202500,216885
128,2020-02-25,204500,203500,143368
129,2020-02-26,200000,200000,137971
130,2020-02-27,200000,202000,140617
131,2020-02-28,202000,198000,220401
132,2020-03-02,200500,197500,130885
133,2020-03-03,198000,196500,133050
134,2020-03-04,196500,192000,154977
135,2020-03-05,192000,197000,113703
136,2020-03-06,193000,191500,111718
137,2020-03-09,187500,186000,127806
138,2020-03-10,187500,182000,153309
139,2020-03-11,178500,179000,137445
140,2020-03-12,179500,175000,237392
141,2020-03-13,159000,167500,224625
142,2020-03-16,163000,158500,178133
143,2020-03-17,150500,149500,229767
144,2020-03-18,147000,138000,261880
145,2020-03-19,139000,126000,325928
146,2020-03-20,129000,129500,239608
147,2020-03-23,120000,137500,243535
148,2020-03-24,134500,145000,168219
149,2020-03-25,149000,153000,271935
150,2020-03-26,150500,145500,192964
151,2020-03-27,151000,151500,189973
152,2020-03-30,147000,146500,192605
153,2020-03-31,148000,154000,203980
154,2020-04-01,156500,150000,192567
155,2020-04-02,157000,173000,365885
156,2020-04-03,167000,170000,168436
157,2020-04-06,171500,174000,118249
158,2020-04-07,173500,173000,180438
159,2020-04-08,171500,174000,169370
160,2020-04-09,175000,175500,161809
161,2020-04-10,174500,183000,199766
162,2020-04-13,178500,187000,138039
163,2020-04-14,188000,193000,104558
164,2020-04-16,190000,191500,135375
165,2020-04-17,191000,191500,134314
166,2020-04-20,189500,189000,113496
167,2020-04-21,189000,186500,138565
168,2020-04-22,186000,185000,117665
169,2020-04-23,183500,190000,103621
170,2020-04-24,186000,184500,105139
171,2020-04-27,184500,191500,194174
172,2020-04-28,190500,191000,82929
173,2020-04-29,192000,190500,98142
174,2020-05-04,185000,182500,170388
175,2020-05-06,189500,185500,92176
176,2020-05-07,182500,182500,73563
177,2020-05-08,183500,186500,73324
178,2020-05-11,185500,186000,80185
179,2020-05-12,185000,183500,86672
180,2020-05-13,182000,189000,101716
181,2020-05-14,189000,197000,195699
182,2020-05-15,193500,196500,135037
183,2020-05-18,198500,196500,86680
184,2020-05-19,197000,196000,86943
185,2020-05-20,199000,197000,108999
186,2020-05-21,196000,194000,92197
187,2020-05-22,197000,193000,137305
188,2020-05-25,194500,192500,57286
189,2020-05-26,193000,193000,118214
190,2020-05-27,191000,193000,98444
191,2020-05-28,192000,189500,170336
192,2020-05-29,187500,182500,337176
193,2020-06-01,183500,186500,97485
194,2020-06-02,185000,203000,301777
195,2020-06-03,203000,206000,130289
196,2020-06-04,206000,204000,123653
197,2020-06-05,200500,202000,199260
198,2020-06-08,206000,198500,170262
199,2020-06-09,198500,199000,115087
200,2020-06-10,202000,198000,122628
201,2020-06-11,195500,193000,217527
202,2020-06-12,186500,184000,171353
203,2020-06-15,180500,178000,232634
204,2020-06-16,182000,187500,126935
205,2020-06-17,187000,191000,139024
206,2020-06-18,187000,187500,67752
207,2020-06-19,191000,186000,116563
208,2020-06-22,183500,185000,59217
209,2020-06-23,185000,188500,98898
210,2020-06-24,187000,186500,81807
211,2020-06-25,183000,178000,123282
212,2020-06-26,180000,179500,71421
213,2020-06-29,179000,176000,72248
214,2020-06-30,176000,176000,83108
215,2020-07-01,177000,180000,57461
216,2020-07-02,179000,181000,61061
217,2020-07-03,181000,183000,40387
218,2020-07-06,185000,187500,82337
219,2020-07-07,191000,187500,85226
220,2020-07-08,191000,185500,71506
221,2020-07-09,185500,185500,91334
222,2020-07-10,187500,178000,113945
223,2020-07-13,180500,182500,84562
224,2020-07-14,182000,180500,73438
225,2020-07-15,182000,180500,95956
226,2020-07-16,181000,185000,124634
227,2020-07-17,186500,185500,77182
228,2020-07-20,185000,182000,63137
229,2020-07-21,182500,183500,86932
230,2020-07-22,182500,183000,75776
231,2020-07-23,183000,179000,123044
232,2020-07-24,177000,177000,67862
233,2020-07-27,176500,177000,80894
234,2020-07-28,177000,175500,177633
235,2020-07-29,174000,178500,172710
236,2020-07-30,179000,175500,97472
237,2020-07-31,175000,171500,197887
238,2020-08-03,171500,167000,122085
239,2020-08-04,166000,167000,197838
240,2020-08-05,166000,164500,155241
241,2020-08-06,163000,166500,187204
242,2020-08-07,166000,164500,127567
243,2020-08-10,163500,165500,319365
244,2020-08-11,165000,174500,311788
245,2020-08-12,173500,178500,212097
246,2020-08-13,180000,187000,563113
247,2020-08-14,188000,189000,315731
248,2020-08-18,186500,179500,197936
249,2020-08-19,179000,187500,225856
250,2020-08-20,185500,177500,177302
251,2020-08-21,180500,178500,102036
252,2020-08-24,178000,178500,101751
253,2020-08-25,180500,184500,130220
254,2020-08-26,183000,182000,86680
255,2020-08-27,180500,180000,132017
256,2020-08-28,182000,184000,146839
257,2020-08-31,185500,187000,226029
258,2020-09-01,185500,191000,281291
259,2020-09-02,192500,191500,106307
260,2020-09-03,189500,188000,74969
261,2020-09-04,184000,182000,112624
262,2020-09-07,181000,183500,97572
263,2020-09-08,183500,184000,84396
264,2020-09-09,183000,186000,90418
265,2020-09-10,185000,185000,122392
266,2020-09-11,183000,189000,110083
267,2020-09-14,189500,189000,93087
268,2020-09-15,188000,189500,67965
269,2020-09-16,191000,190000,73719
270,2020-09-17,189500,187500,85350
271,2020-09-18,188000,186500,78831
272,2020-09-21,187000,184000,46811
273,2020-09-22,184000,180000,78330
274,2020-09-23,180000,179500,98253
275,2020-09-24,179000,182500,119219
276,2020-09-25,184000,178500,74906
277,2020-09-28,180000,179500,45915
278,2020-09-29,182000,182000,80896
279,2020-10-05,180500,185000,97162
280,2020-10-06,184000,185000,50288
281,2020-10-07,183000,187500,75003
282,2020-10-08,188000,186500,119669
283,2020-10-12,186000,183000,87284
284,2020-10-13,183000,182000,72992
285,2020-10-14,182000,181500,104462
286,2020-10-15,181000,180000,73613
287,2020-10-16,180500,180500,80437
288,2020-10-19,182000,187000,204000
289,2020-10-20,185500,186000,86008
290,2020-10-21,186000,185500,121923
291,2020-10-22,185000,191500,176072
292,2020-10-23,192500,195500,198980
293,2020-10-26,200000,193500,196330
294,2020-10-27,191500,191500,130761
295,2020-10-28,189000,190000,96099
296,2020-10-29,187500,185500,97191
297,2020-10-30,185500,179000,162617
298,2020-11-02,181000,185500,125818
299,2020-11-03,184500,187000,101739
