,date,open,close,volume
0,2019-08-16,1850,1850,69510
1,2019-08-19,1855,1840,77167
2,2019-08-20,1855,1870,57990
3,2019-08-21,1865,1905,98050
4,2019-08-22,1910,1900,53752
5,2019-08-23,1900,1890,114601
6,2019-08-26,1845,1785,72375
7,2019-08-27,1795,1795,50215
8,2019-08-28,1820,1850,61770
9,2019-08-29,1885,1870,67987
10,2019-08-30,1910,1980,443998
11,2019-09-02,2080,1985,494558
12,2019-09-03,1965,2000,148736
13,2019-09-04,1975,2125,879378
14,2019-09-05,2370,2040,2089436
15,2019-09-06,2055,2015,288935
16,2019-09-09,2015,2000,95589
17,2019-09-10,1965,1960,222867
18,2019-09-11,1960,2000,119482
19,2019-09-16,2010,2040,135674
20,2019-09-17,2040,2180,942185
21,2019-09-18,2175,2170,241271
22,2019-09-19,2195,2190,188267
23,2019-09-20,2185,2200,144724
24,2019-09-23,2175,2175,166493
25,2019-09-24,2195,2190,124526
26,2019-09-25,2190,2150,129187
27,2019-09-26,2145,2125,102926
28,2019-09-27,2150,2120,59413
29,2019-09-30,2100,2120,87893
30,2019-10-01,2155,2115,72005
31,2019-10-02,2095,2125,156732
32,2019-10-04,2150,2065,119759
33,2019-10-07,2055,2060,161807
34,2019-10-08,2040,2030,151776
35,2019-10-10,2030,2040,213687
36,2019-10-11,2020,2105,192905
37,2019-10-14,2095,2080,176446
38,2019-10-15,2080,2065,80536
39,2019-10-16,2065,2080,176783
40,2019-10-17,2085,2060,55170
41,2019-10-18,2050,2085,114538
42,2019-10-21,2070,2040,92822
43,2019-10-22,2050,2025,128674
44,2019-10-23,2015,1985,152005
45,2019-10-24,1995,2005,373006
46,2019-10-25,1985,2015,116265
47,2019-10-28,2015,2050,364654
48,2019-10-29,2065,2100,190974
49,2019-10-30,2100,2035,159330
50,2019-10-31,2060,2085,222813
51,2019-11-01,2065,2060,79250
52,2019-11-04,2060,2065,122549
53,2019-11-05,2065,2130,441223
54,2019-11-06,2110,2095,136251
55,2019-11-07,2100,2070,63673
56,2019-11-08,2110,2070,68474
57,2019-11-11,2070,2165,539762
58,2019-11-12,2165,2135,359142
59,2019-11-13,2135,2170,204077
60,2019-11-14,2145,2125,340222
61,2019-11-15,2115,2115,108465
62,2019-11-18,2135,2190,1009065
63,2019-11-19,2175,2145,236281
64,2019-11-20,2140,2070,258123
65,2019-11-21,2065,1990,540365
66,2019-11-22,2070,2000,256364
67,2019-11-25,2025,2030,126787
68,2019-11-26,2035,2120,378855
69,2019-11-27,2135,2100,145407
70,2019-11-28,2095,2115,261392
71,2019-11-29,2080,2020,254023
72,2019-12-02,2010,2035,195902
73,2019-12-03,2035,2015,69223
74,2019-12-04,2015,2050,139439
75,2019-12-05,2050,2015,81571
76,2019-12-06,2005,2025,76432
77,2019-12-09,2045,2055,57365
78,2019-12-10,2040,2045,72443
79,2019-12-11,2045,2070,93912
80,2019-12-12,2070,2075,80334
81,2019-12-13,2115,2155,157155
82,2019-12-16,2120,2120,113153
83,2019-12-17,2120,2190,296063
84,2019-12-18,2225,2150,12426002
85,2019-12-19,2150,2115,853327
86,2019-12-20,2180,2245,19755298
87,2019-12-23,2245,2210,1418205
88,2019-12-24,2210,2130,1047942
89,2019-12-26,2140,2155,428851
90,2019-12-27,2145,2160,485105
91,2019-12-30,2155,2205,474298
92,2020-01-02,2210,2165,574033
93,2020-01-03,2185,2225,984588
94,2020-01-06,2195,2145,481963
95,2020-01-07,2165,2195,285446
96,2020-01-08,2170,2045,1170457
97,2020-01-09,2100,2120,708535
98,2020-01-10,2135,2170,450882
99,2020-01-13,2180,2195,286330
100,2020-01-14,2220,2200,765538
101,2020-01-15,2230,2255,734735
102,2020-01-16,2275,2435,4821928
103,2020-01-17,2435,2425,1217597
104,2020-01-20,2440,2385,603299
105,2020-01-21,2395,2415,538661
106,2020-01-22,2400,2495,1183957
107,2020-01-23,2515,2485,653575
108,2020-01-28,2355,2410,641917
109,2020-01-29,2405,2600,2648249
110,2020-01-30,2560,2520,1030147
111,2020-01-31,2585,2455,1692768
112,2020-02-03,2395,2530,658913
113,2020-02-04,2600,2575,880303
114,2020-02-05,2645,2650,859247
115,2020-02-06,2650,2650,414137
116,2020-02-07,2625,2575,600737
117,2020-02-10,2580,2660,341504
118,2020-02-11,2665,2635,385278
119,2020-02-12,2640,2610,258765
120,2020-02-13,2610,2595,283848
121,2020-02-14,2595,2670,470114
122,2020-02-17,2670,2635,280824
123,2020-02-18,2625,2590,194043
124,2020-02-19,2590,2620,315477
125,2020-02-20,2620,2600,304388
126,2020-02-21,2605,2590,294685
127,2020-02-24,2530,2495,390163
128,2020-02-25,2435,2540,381618
129,2020-02-26,2520,2565,306494
130,2020-02-27,2580,2435,327338
131,2020-02-28,2360,2270,370093
132,2020-03-02,2270,2350,174317
133,2020-03-03,2420,2390,291239
134,2020-03-04,2350,2475,222310
135,2020-03-05,2500,2515,330557
136,2020-03-06,2465,2500,239552
137,2020-03-09,2465,2300,454923
138,2020-03-10,2225,2285,306079
139,2020-03-11,2290,2105,267750
140,2020-03-12,2010,1970,465837
141,2020-03-13,1710,1700,635203
142,2020-03-16,1690,1615,476691
143,2020-03-17,1450,1575,428332
144,2020-03-18,1600,1450,425326
145,2020-03-19,1460,1180,748225
146,2020-03-20,1180,1295,517879
147,2020-03-23,1175,1190,357660
148,2020-03-24,1220,1280,216551
149,2020-03-25,1350,1410,394823
150,2020-03-26,1435,1460,303174
151,2020-03-27,1505,1505,361271
152,2020-03-30,1450,1605,431399
153,2020-03-31,1700,1695,400894
154,2020-04-01,1700,1700,304832
155,2020-04-02,1685,1730,254845
156,2020-04-03,1750,1785,325874
157,2020-04-06,1810,1810,235168
158,2020-04-07,1865,1820,175279
159,2020-04-08,1830,1890,256813
160,2020-04-09,1900,1910,152080
161,2020-04-10,1930,1870,194281
162,2020-04-13,1870,1780,148875
163,2020-04-14,1790,1820,118427
164,2020-04-16,1830,1850,111288
165,2020-04-17,1895,1930,414898
166,2020-04-20,1975,2025,324619
167,2020-04-21,2005,1950,435593
168,2020-04-22,1940,1930,126686
169,2020-04-23,1960,1940,121697
170,2020-04-24,1965,1910,179158
171,2020-04-27,1945,1910,103312
172,2020-04-28,1920,1920,121256
173,2020-04-29,1940,1955,116016
174,2020-05-04,1940,1915,67236
175,2020-05-06,1950,1925,87238
176,2020-05-07,1945,1965,224405
177,2020-05-08,1975,1975,106854
178,2020-05-11,1995,1970,139459
179,2020-05-12,1980,1900,233983
180,2020-05-13,1875,2470,3579986
181,2020-05-14,2580,2630,19802754
182,2020-05-15,2625,2630,4760050
183,2020-05-18,2630,2570,9009787
184,2020-05-19,2570,3325,16119273
185,2020-05-20,2970,3100,2943095
186,2020-05-21,3100,3075,1142338
187,2020-05-22,3065,2950,1649294
188,2020-05-25,2935,3065,8610681
189,2020-05-26,3090,2995,7238582
190,2020-05-27,3060,2940,1999100
191,2020-05-28,2965,2815,2346351
192,2020-05-29,2815,2690,4005274
193,2020-06-01,2695,2875,5507442
194,2020-06-02,2875,2805,996830
195,2020-06-03,2800,2755,653253
196,2020-06-04,2770,2870,1752963
197,2020-06-05,2875,2855,1022744
198,2020-06-08,2870,2850,706098
199,2020-06-09,2850,2810,1956762
200,2020-06-10,2810,2720,695398
201,2020-06-11,2815,2785,4883468
202,2020-06-12,2600,2660,1477822
203,2020-06-15,2700,2500,9755434
204,2020-06-16,2560,2610,954163
205,2020-06-17,2575,2565,762727
206,2020-06-18,2530,2570,517968
207,2020-06-19,2600,2725,1419071
208,2020-06-22,2685,2610,985333
209,2020-06-23,2650,2790,10173187
210,2020-06-24,2750,2835,1726676
211,2020-06-25,2755,2750,813849
212,2020-06-26,2790,2835,2256430
213,2020-06-29,2775,2710,823726
214,2020-06-30,2745,2655,555378
215,2020-07-01,2665,2655,1016208
216,2020-07-02,2705,2780,520056
217,2020-07-03,2820,2720,1125625
218,2020-07-06,2720,2830,3002683
219,2020-07-07,3275,2830,11301381
220,2020-07-08,2860,2860,1641892
221,2020-07-09,2850,2780,1333241
222,2020-07-10,2785,2700,3751625
223,2020-07-13,2720,2695,1131328
224,2020-07-14,2700,2630,650704
225,2020-07-15,2665,2705,2004885
226,2020-07-16,2885,2780,3464202
227,2020-07-17,2780,2995,7225542
228,2020-07-20,3010,3140,6777853
229,2020-07-21,3215,2980,4329834
230,2020-07-22,2945,2850,1865387
231,2020-07-23,2865,2925,1928605
232,2020-07-24,2925,2825,1212796
233,2020-07-27,2830,2810,923291
234,2020-07-28,2855,2880,2747905
235,2020-07-29,2885,2925,5575395
236,2020-07-30,2925,2860,1031936
237,2020-07-31,2860,2970,1951938
238,2020-08-03,3015,2940,2569129
239,2020-08-04,2965,2980,1063704
240,2020-08-05,2980,2970,2392153
241,2020-08-06,3000,3195,6816480
242,2020-08-07,3150,3100,2637584
243,2020-08-10,3105,3800,49505996
244,2020-08-11,3995,3850,13549622
245,2020-08-12,3775,3785,4137628
246,2020-08-13,3785,3555,15235473
247,2020-08-14,3480,3460,2354139
248,2020-08-18,3415,3110,2422950
249,2020-08-19,3150,3180,1435333
250,2020-08-20,3170,2965,1991055
251,2020-08-21,3020,2990,1034621
252,2020-08-24,2950,2965,824414
253,2020-08-25,3030,3085,1016690
254,2020-08-26,3090,3125,1107097
255,2020-08-27,3170,3320,6684701
256,2020-08-28,3340,3205,1824932
257,2020-08-31,3200,3215,746776
258,2020-09-01,3265,3265,1344925
259,2020-09-02,3330,3250,725861
260,2020-09-03,3250,3240,837871
261,2020-09-04,3040,3200,801148
262,2020-09-07,3200,3240,875254
263,2020-09-08,3285,3165,634815
264,2020-09-09,3195,3215,5080074
265,2020-09-10,3240,3405,2685464
266,2020-09-11,3375,3330,1072503
267,2020-09-14,3350,3510,3204795
268,2020-09-15,3510,3470,1471094
269,2020-09-16,3495,3335,1440556
270,2020-09-17,3375,3460,23850734
271,2020-09-18,3410,3345,1940943
272,2020-09-21,3375,3355,7664543
273,2020-09-22,3395,3725,26845212
274,2020-09-23,3670,3505,6555097
275,2020-09-24,3375,3165,2944120
276,2020-09-25,3175,2990,1533811
277,2020-09-28,3005,3070,470011
278,2020-09-29,3090,3235,1015044
279,2020-10-05,3200,3230,574746
280,2020-10-06,3270,3210,563056
281,2020-10-07,3155,3200,521652
282,2020-10-08,3215,3235,891628
283,2020-10-12,3285,3360,2716087
284,2020-10-13,3360,3395,1330659
285,2020-10-14,3380,3350,986322
286,2020-10-15,3370,3210,849607
287,2020-10-16,3215,3105,527064
288,2020-10-19,3070,3050,358156
289,2020-10-20,3020,3025,417631
290,2020-10-21,3030,3030,205608
291,2020-10-22,3030,2965,333425
292,2020-10-23,2980,3005,1017694
293,2020-10-26,2980,2790,496374
294,2020-10-27,2730,2770,280770
295,2020-10-28,2765,2885,157002
296,2020-10-29,2835,2855,202902
297,2020-10-30,2895,3305,48323464
298,2020-11-02,3250,3360,5307347
299,2020-11-03,3535,3260,31334413
