,date,open,close,volume
0,2019-08-16,11150,11400,4782341
1,2019-08-19,11550,11400,1312683
2,2019-08-20,11600,11950,2687402
3,2019-08-21,12000,11950,1379978
4,2019-08-22,12100,11600,1595368
5,2019-08-23,11400,11800,1260942
6,2019-08-26,11550,11450,1289863
7,2019-08-27,11700,11400,1127447
8,2019-08-28,11500,11400,1035708
9,2019-08-29,11500,11750,1511580
10,2019-08-30,11850,11700,1533387
11,2019-09-02,11650,12200,1649243
12,2019-09-03,12250,12150,900990
13,2019-09-04,12150,12750,1973936
14,2019-09-05,12950,13150,3070428
15,2019-09-06,12950,12600,2513821
16,2019-09-09,12500,12200,1589663
17,2019-09-10,12100,12100,669583
18,2019-09-11,12250,12700,1062003
19,2019-09-16,12700,13100,884879
20,2019-09-17,12950,12950,589617
21,2019-09-18,13000,12850,620690
22,2019-09-19,12950,12700,585514
23,2019-09-20,12700,13100,666938
24,2019-09-23,13000,13050,568437
25,2019-09-24,13000,13350,721139
26,2019-09-25,13250,13250,452714
27,2019-09-26,13300,12650,611271
28,2019-09-27,12600,12950,415633
29,2019-09-30,12900,12850,316849
30,2019-10-01,12800,12950,400088
31,2019-10-02,12800,13200,735426
32,2019-10-04,13050,12700,552880
33,2019-10-07,12650,12700,615706
34,2019-10-08,12750,13100,805951
35,2019-10-10,12900,12550,802943
36,2019-10-11,12550,11450,1292646
37,2019-10-14,11700,12050,1195963
38,2019-10-15,12150,12200,459997
39,2019-10-16,12350,12550,497742
40,2019-10-17,12450,12300,380990
41,2019-10-18,12300,12350,412465
42,2019-10-21,12400,12100,411563
43,2019-10-22,12100,12350,515795
44,2019-10-23,12400,12000,430105
45,2019-10-24,11950,12200,365590
46,2019-10-25,12250,11850,334586
47,2019-10-28,11800,11900,241823
48,2019-10-29,11550,11300,896364
49,2019-10-30,10900,11450,886784
50,2019-10-31,11450,12100,766970
51,2019-11-01,12000,11900,181296
52,2019-11-04,11900,11700,276524
53,2019-11-05,11450,11700,362464
54,2019-11-06,11700,11900,398760
55,2019-11-07,11800,12250,337290
56,2019-11-08,12350,12100,178981
57,2019-11-11,12200,12300,170907
58,2019-11-12,12300,10150,3679979
59,2019-11-13,10250,10450,1367825
60,2019-11-14,10550,10750,801709
61,2019-11-15,10950,10700,543792
62,2019-11-18,10650,10750,388152
63,2019-11-19,10550,10450,439513
64,2019-11-20,10400,10450,316436
65,2019-11-21,10250,7840,6181910
66,2019-11-22,7760,8030,2605892
67,2019-11-25,8000,8380,928161
68,2019-11-26,8450,8530,544854
69,2019-11-27,8460,8370,368981
70,2019-11-28,8370,8380,337135
71,2019-11-29,8350,8200,344312
72,2019-12-02,8290,8460,785890
73,2019-12-03,8330,8300,375833
74,2019-12-04,8350,8390,575243
75,2019-12-05,8400,8130,543036
76,2019-12-06,8140,8160,515857
77,2019-12-09,8170,8160,744927
78,2019-12-10,8290,7910,1473876
79,2019-12-11,7880,8110,529989
80,2019-12-12,8200,8100,455362
81,2019-12-13,8120,8550,1055823
82,2019-12-16,8530,8450,523259
83,2019-12-17,8500,8390,404256
84,2019-12-18,8410,9330,5291545
85,2019-12-19,9400,8900,1534706
86,2019-12-20,8980,8990,910996
87,2019-12-23,8890,8590,769463
88,2019-12-24,8590,8180,879074
89,2019-12-26,8150,8460,1852070
90,2019-12-27,8560,8710,804486
91,2019-12-30,8720,8670,577127
92,2020-01-02,8680,8500,1301198
93,2020-01-03,8530,8550,386139
94,2020-01-06,8470,8270,512561
95,2020-01-07,8290,8360,238070
96,2020-01-08,8260,8000,566468
97,2020-01-09,8240,8500,614972
98,2020-01-10,8480,8330,380092
99,2020-01-13,8330,8150,1033978
100,2020-01-14,8170,8630,4819648
101,2020-01-15,8600,8620,590452
102,2020-01-16,8670,8550,604650
103,2020-01-17,8570,9060,1298789
104,2020-01-20,9100,9330,1639613
105,2020-01-21,9290,9240,614274
106,2020-01-22,9120,9000,1157114
107,2020-01-23,9050,8790,538379
108,2020-01-28,8400,8310,811893
109,2020-01-29,8410,8410,425350
110,2020-01-30,8380,8290,457366
111,2020-01-31,8210,8050,639943
112,2020-02-03,7870,8060,674116
113,2020-02-04,8150,8280,378358
114,2020-02-05,8220,8300,362296
115,2020-02-06,8310,8530,438112
116,2020-02-07,8530,8530,578228
117,2020-02-10,8560,8460,172903
118,2020-02-11,8560,8840,524088
119,2020-02-12,8900,8800,409623
120,2020-02-13,8870,8770,207478
121,2020-02-14,8800,8770,363277
122,2020-02-17,8760,8580,286234
123,2020-02-18,8560,8420,278078
124,2020-02-19,8500,8500,378563
125,2020-02-20,8530,8290,309490
126,2020-02-21,8210,8200,213464
127,2020-02-24,7990,7970,558091
128,2020-02-25,7900,8250,334676
129,2020-02-26,8100,8130,233064
130,2020-02-27,8100,7990,322437
131,2020-02-28,7830,7750,661270
132,2020-03-02,7660,7780,317670
133,2020-03-03,7940,7760,383236
134,2020-03-04,7740,7870,236827
135,2020-03-05,7940,7900,228499
136,2020-03-06,7870,7690,544057
137,2020-03-09,7680,7350,565270
138,2020-03-10,7160,7380,532334
139,2020-03-11,7430,7020,462322
140,2020-03-12,6860,6470,894903
141,2020-03-13,6030,6000,1375308
142,2020-03-16,6120,5830,946663
143,2020-03-17,5650,5940,621247
144,2020-03-18,5940,5460,409771
145,2020-03-19,5510,4750,988524
146,2020-03-20,4800,5560,987616
147,2020-03-23,5210,5120,654709
148,2020-03-24,5220,5300,497076
149,2020-03-25,5500,5460,714504
150,2020-03-26,5510,5620,717266
151,2020-03-27,5910,5640,598120
152,2020-03-30,5390,5840,743450
153,2020-03-31,5980,6100,1175611
154,2020-04-01,6050,6130,1241749
155,2020-04-02,6130,6220,524055
156,2020-04-03,6280,6070,918888
157,2020-04-06,6030,6200,684659
158,2020-04-07,6340,6290,627221
159,2020-04-08,6340,6480,747132
160,2020-04-09,6570,6850,1024967
161,2020-04-10,6850,6780,483453
162,2020-04-13,6820,6840,441278
163,2020-04-14,7050,7020,427120
164,2020-04-16,7090,7240,758754
165,2020-04-17,7320,8030,1805242
166,2020-04-20,8030,8230,799532
167,2020-04-21,8240,8050,1115265
168,2020-04-22,7800,7860,641067
169,2020-04-23,8000,7800,505368
170,2020-04-24,7730,7520,708938
171,2020-04-27,7540,7670,553287
172,2020-04-28,7750,7770,1044357
173,2020-04-29,7750,7830,403586
174,2020-05-04,7680,7830,511776
175,2020-05-06,7950,7980,728214
176,2020-05-07,8150,8120,489078
177,2020-05-08,8240,8070,1430209
178,2020-05-11,8100,7870,624193
179,2020-05-12,7910,7700,481821
180,2020-05-13,7550,7750,275696
181,2020-05-14,7660,7500,460567
182,2020-05-15,7500,7740,349076
183,2020-05-18,7550,7550,491127
184,2020-05-19,7740,7600,416458
185,2020-05-20,7570,7730,464895
186,2020-05-21,7910,8320,2132638
187,2020-05-22,8320,7730,1870019
188,2020-05-25,7750,7750,450776
189,2020-05-26,7850,8040,1081620
190,2020-05-27,8100,8020,555205
191,2020-05-28,8120,7910,3162740
192,2020-05-29,7850,7630,770921
193,2020-06-01,7700,7710,639993
194,2020-06-02,7780,7810,534408
195,2020-06-03,7970,8100,884550
196,2020-06-04,8150,7880,888181
197,2020-06-05,7880,8010,555067
198,2020-06-08,8110,8100,694012
199,2020-06-09,8130,8380,1716011
200,2020-06-10,8390,8170,1193860
201,2020-06-11,8140,7920,2615701
202,2020-06-12,7600,7650,820162
203,2020-06-15,7530,6990,881258
204,2020-06-16,7150,7400,475456
205,2020-06-17,7270,7380,361031
206,2020-06-18,7150,7360,483977
207,2020-06-19,7330,7770,635102
208,2020-06-22,7370,7180,916865
209,2020-06-23,7130,6560,1499747
210,2020-06-24,6560,6550,325569
211,2020-06-25,6440,6190,584538
212,2020-06-26,6190,6280,378810
213,2020-06-29,6150,6110,302624
214,2020-06-30,6150,6140,308603
215,2020-07-01,6180,6050,318237
216,2020-07-02,6050,5900,471351
217,2020-07-03,5920,5850,343083
218,2020-07-06,5840,6060,448304
219,2020-07-07,6110,6040,305932
220,2020-07-08,6090,6300,789101
221,2020-07-09,6120,6760,1042014
222,2020-07-10,6610,6430,435617
223,2020-07-13,6430,6470,217411
224,2020-07-14,6490,6330,217673
225,2020-07-15,6280,6340,217014
226,2020-07-16,6380,6230,305555
227,2020-07-17,6230,6230,146413
228,2020-07-20,6230,6150,164117
229,2020-07-21,6160,6310,328281
230,2020-07-22,6270,6430,318865
231,2020-07-23,6380,6250,267560
232,2020-07-24,6200,6100,349316
233,2020-07-27,6050,6030,256742
234,2020-07-28,6050,6020,292175
235,2020-07-29,6030,5930,283140
236,2020-07-30,5890,5840,305823
237,2020-07-31,5890,5610,501494
238,2020-08-03,5560,5400,450204
239,2020-08-04,5430,5870,750133
240,2020-08-05,5880,5850,229604
241,2020-08-06,5840,5980,383818
242,2020-08-07,5990,5900,198003
243,2020-08-10,5860,5740,277074
244,2020-08-11,5930,6380,3473967
245,2020-08-12,6350,6400,541585
246,2020-08-13,6400,6280,371026
247,2020-08-14,6230,6210,370925
248,2020-08-18,6210,6040,411529
249,2020-08-19,6000,6300,494641
250,2020-08-20,6220,5950,535251
251,2020-08-21,6050,6000,187706
252,2020-08-24,6000,6120,209762
253,2020-08-25,6170,6280,249325
254,2020-08-26,6240,6180,297278
255,2020-08-27,6140,5940,333644
256,2020-08-28,6000,6120,399150
257,2020-08-31,6080,5990,365142
258,2020-09-01,6010,6050,292929
259,2020-09-02,6020,6000,241552
260,2020-09-03,6050,6130,397196
261,2020-09-04,5950,5950,349545
262,2020-09-07,5950,5960,293578
263,2020-09-08,6000,5960,324228
264,2020-09-09,5940,5850,345073
265,2020-09-10,5870,5950,263131
266,2020-09-11,5900,5890,524044
267,2020-09-14,5890,5860,170023
268,2020-09-15,5870,5810,238129
269,2020-09-16,5800,5780,174134
270,2020-09-17,5780,5800,223577
271,2020-09-18,5780,5840,199874
272,2020-09-21,5880,5830,325072
273,2020-09-22,5860,5650,376504
274,2020-09-23,5710,5620,205603
275,2020-09-24,5550,5300,383169
276,2020-09-25,5310,5450,183618
277,2020-09-28,5500,5580,214478
278,2020-09-29,5560,5610,180749
279,2020-10-05,5610,5790,268863
280,2020-10-06,5810,5790,151405
281,2020-10-07,5750,5770,138805
282,2020-10-08,5790,5730,139641
283,2020-10-12,5730,5750,145450
284,2020-10-13,5800,5720,99975
285,2020-10-14,5750,5610,219381
286,2020-10-15,5600,5730,274337
287,2020-10-16,5730,5690,237627
288,2020-10-19,5670,5770,290914
289,2020-10-20,5760,5750,216133
290,2020-10-21,5720,5880,240557
291,2020-10-22,5810,5990,568684
292,2020-10-23,5920,5980,264071
293,2020-10-26,6020,5800,204006
294,2020-10-27,5760,5730,203523
295,2020-10-28,5710,5820,185523
296,2020-10-29,5690,5950,252553
297,2020-10-30,6000,5830,291397
298,2020-11-02,5830,5960,179004
299,2020-11-03,5960,6010,158516
