,date,open,close,volume
0,2019-08-16,1500,1540,239046
1,2019-08-19,1530,1540,172849
2,2019-08-20,1570,1560,147782
3,2019-08-21,1580,1550,59888
4,2019-08-22,1590,1525,73150
5,2019-08-23,1525,1535,92494
6,2019-08-26,1490,1455,157621
7,2019-08-27,1465,1480,81850
8,2019-08-28,1500,1495,99926
9,2019-08-29,1510,1515,36177
10,2019-08-30,1525,1520,46979
11,2019-09-02,1535,1540,131595
12,2019-09-03,1540,1520,70319
13,2019-09-04,1520,1550,78408
14,2019-09-05,1560,1950,4071109
15,2019-09-06,1910,1770,1344663
16,2019-09-09,1765,1845,1449007
17,2019-09-10,1850,1785,226514
18,2019-09-11,1790,1980,3413736
19,2019-09-16,1970,1960,383880
20,2019-09-17,1905,1930,188403
21,2019-09-18,1930,1900,251706
22,2019-09-19,1900,1950,789402
23,2019-09-20,1925,1945,161882
24,2019-09-23,1945,1915,211331
25,2019-09-24,1915,1900,72033
26,2019-09-25,1900,1905,104314
27,2019-09-26,1885,1890,64913
28,2019-09-27,1900,1855,64146
29,2019-09-30,1865,1845,80936
30,2019-10-01,1855,1850,75379
31,2019-10-02,1835,1820,114468
32,2019-10-04,1850,1725,185112
33,2019-10-07,1800,1745,131512
34,2019-10-08,1705,1800,127945
35,2019-10-10,1760,1700,411529
36,2019-10-11,1700,1625,308097
37,2019-10-14,1650,1650,419689
38,2019-10-15,1650,1690,120427
39,2019-10-16,1685,1695,90964
40,2019-10-17,1685,1665,87729
41,2019-10-18,1665,1630,63874
42,2019-10-21,1630,1660,73247
43,2019-10-22,1640,1685,89596
44,2019-10-23,1685,1650,49207
45,2019-10-24,1640,1650,149817
46,2019-10-25,1650,1625,58737
47,2019-10-28,1670,1620,33104
48,2019-10-29,1620,1515,612441
49,2019-10-30,1515,1530,346212
50,2019-10-31,1530,1560,151636
51,2019-11-01,1550,1565,92542
52,2019-11-04,1550,1590,96736
53,2019-11-05,1625,1610,30064
54,2019-11-06,1620,1570,76481
55,2019-11-07,1590,1565,96116
56,2019-11-08,1555,1575,88570
57,2019-11-11,1575,1610,83213
58,2019-11-12,1635,1520,446591
59,2019-11-13,1525,1495,265186
60,2019-11-14,1495,1545,98867
61,2019-11-15,1545,1495,103902
62,2019-11-18,1495,1495,169675
63,2019-11-19,1495,1445,192275
64,2019-11-20,1435,1440,196159
65,2019-11-21,1415,1295,726693
66,2019-11-22,1320,1320,446269
67,2019-11-25,1325,1370,144476
68,2019-11-26,1355,1365,101686
69,2019-11-27,1365,1345,92086
70,2019-11-28,1345,1320,59774
71,2019-11-29,1300,1315,103118
72,2019-12-02,1345,1335,87078
73,2019-12-03,1320,1305,76089
74,2019-12-04,1295,1295,94206
75,2019-12-05,1295,1270,55145
76,2019-12-06,1265,1265,34022
77,2019-12-09,1285,1250,83982
78,2019-12-10,1245,1255,33996
79,2019-12-11,1240,1245,26629
80,2019-12-12,1255,1260,50868
81,2019-12-13,1255,1335,104539
82,2019-12-16,1330,1345,36086
83,2019-12-17,1360,1340,52512
84,2019-12-18,1380,1470,1212415
85,2019-12-19,1475,1410,146684
86,2019-12-20,1445,1380,92511
87,2019-12-23,1380,1285,431936
88,2019-12-24,1300,1200,889639
89,2019-12-26,1225,1235,504042
90,2019-12-27,1240,1290,328410
91,2019-12-30,1305,1330,162044
92,2020-01-02,1325,1290,146940
93,2020-01-03,1295,1305,84024
94,2020-01-06,1305,1265,102983
95,2020-01-07,1265,1270,45118
96,2020-01-08,1250,1230,148852
97,2020-01-09,1235,1270,128392
98,2020-01-10,1260,1280,39071
99,2020-01-13,1280,1275,57142
100,2020-01-14,1300,1390,5324812
101,2020-01-15,1390,1390,603199
102,2020-01-16,1390,1355,172230
103,2020-01-17,1355,1455,1451782
104,2020-01-20,1450,1425,355106
105,2020-01-21,1425,1365,476335
106,2020-01-22,1370,1385,780343
107,2020-01-23,1405,1340,257306
108,2020-01-28,1270,1285,311037
109,2020-01-29,1285,1285,174822
110,2020-01-30,1290,1265,156749
111,2020-01-31,1265,1260,95212
112,2020-02-03,1245,1245,160530
113,2020-02-04,1245,1265,92894
114,2020-02-05,1265,1250,84921
115,2020-02-06,1260,1280,223948
116,2020-02-07,1295,1275,51821
117,2020-02-10,1260,1285,64019
118,2020-02-11,1275,1295,58737
119,2020-02-12,1305,1305,101965
120,2020-02-13,1325,1295,56361
121,2020-02-14,1295,1275,44686
122,2020-02-17,1265,1255,97304
123,2020-02-18,1250,1245,63044
124,2020-02-19,1245,1235,65458
125,2020-02-20,1240,1220,76766
126,2020-02-21,1215,1210,130532
127,2020-02-24,1210,1155,208927
128,2020-02-25,1125,1180,119014
129,2020-02-26,1175,1160,131239
130,2020-02-27,1155,1160,91649
131,2020-02-28,1185,1120,152846
132,2020-03-02,1085,1135,222327
133,2020-03-03,1160,1140,43972
134,2020-03-04,1135,1170,58960
135,2020-03-05,1170,1170,100530
136,2020-03-06,1170,1140,46143
137,2020-03-09,1140,1085,193072
138,2020-03-10,1040,1080,176305
139,2020-03-11,1065,1040,106276
140,2020-03-12,1040,1005,177903
141,2020-03-13,986,999,197266
142,2020-03-16,997,988,287214
143,2020-03-17,986,983,107266
144,2020-03-18,970,952,192851
145,2020-03-19,985,889,421542
146,2020-03-20,891,955,258609
147,2020-03-23,885,904,138619
148,2020-03-24,904,941,153701
149,2020-03-25,947,982,266554
150,2020-03-26,997,1000,181369
151,2020-03-27,1080,1025,199608
152,2020-03-30,1025,1085,153692
153,2020-03-31,1100,1115,126022
154,2020-04-01,1115,1095,148094
155,2020-04-02,1095,1100,74418
156,2020-04-03,1130,1065,129077
157,2020-04-06,1055,1080,338679
158,2020-04-07,1085,1085,124684
159,2020-04-08,1075,1080,114735
160,2020-04-09,1085,1115,225792
161,2020-04-10,1110,1130,225053
162,2020-04-13,1190,1100,152544
163,2020-04-14,1145,1130,96753
164,2020-04-16,1145,1145,101307
165,2020-04-17,1160,1175,555855
166,2020-04-20,1180,1185,250198
167,2020-04-21,1185,1150,179372
168,2020-04-22,1150,1120,91822
169,2020-04-23,1140,1140,77286
170,2020-04-24,1145,1125,89019
171,2020-04-27,1160,1135,98012
172,2020-04-28,1135,1120,78890
173,2020-04-29,1105,1160,448739
174,2020-05-04,1140,1200,231151
175,2020-05-06,1220,1285,383907
176,2020-05-07,1275,1290,111120
177,2020-05-08,1285,1290,2189424
178,2020-05-11,1315,1280,262036
179,2020-05-12,1270,1230,204345
180,2020-05-13,1230,1255,157730
181,2020-05-14,1245,1235,138673
182,2020-05-15,1280,1245,114047
183,2020-05-18,1255,1230,134312
184,2020-05-19,1245,1240,102095
185,2020-05-20,1215,1240,26444
186,2020-05-21,1280,1260,147679
187,2020-05-22,1275,1220,126930
188,2020-05-25,1215,1220,47569
189,2020-05-26,1245,1240,140458
190,2020-05-27,1245,1240,143508
191,2020-05-28,1240,1230,81082
192,2020-05-29,1235,1225,96178
193,2020-06-01,1230,1200,280416
194,2020-06-02,1200,1210,99951
195,2020-06-03,1230,1230,308060
196,2020-06-04,1245,1215,203209
197,2020-06-05,1220,1220,106051
198,2020-06-08,1230,1215,124540
199,2020-06-09,1215,1215,75075
200,2020-06-10,1210,1195,112204
201,2020-06-11,1210,1165,164112
202,2020-06-12,1130,1135,159477
203,2020-06-15,1130,1050,155535
204,2020-06-16,1130,1125,84674
205,2020-06-17,1115,1115,49410
206,2020-06-18,1115,1130,95059
207,2020-06-19,1130,1130,101458
208,2020-06-22,1100,1095,76049
209,2020-06-23,1095,1045,164918
210,2020-06-24,1055,1035,71586
211,2020-06-25,1030,1000,173496
212,2020-06-26,1015,1005,57766
213,2020-06-29,1005,995,72142
214,2020-06-30,1000,1000,58593
215,2020-07-01,998,1010,56534
216,2020-07-02,1005,1040,129537
217,2020-07-03,1055,1040,43815
218,2020-07-06,1050,1050,45248
219,2020-07-07,1045,1030,75409
220,2020-07-08,1025,1040,68918
221,2020-07-09,1030,1045,102760
222,2020-07-10,1040,1030,54437
223,2020-07-13,1040,1035,71157
224,2020-07-14,1040,1030,37002
225,2020-07-15,1035,1035,112479
226,2020-07-16,1040,1055,96457
227,2020-07-17,1055,1085,191938
228,2020-07-20,1110,1050,97370
229,2020-07-21,1075,1080,75065
230,2020-07-22,1080,1090,107793
231,2020-07-23,1090,1070,107449
232,2020-07-24,1070,1055,67705
233,2020-07-27,1055,1060,114429
234,2020-07-28,1060,1050,45867
235,2020-07-29,1050,1035,143943
236,2020-07-30,1035,1040,63178
237,2020-07-31,1030,1020,73680
238,2020-08-03,1015,997,174282
239,2020-08-04,1005,1020,165245
240,2020-08-05,1030,1030,206683
241,2020-08-06,1030,1065,233702
242,2020-08-07,1070,1030,300314
243,2020-08-10,1035,1050,243746
244,2020-08-11,1055,1090,1445081
245,2020-08-12,1090,1070,228883
246,2020-08-13,1070,1075,272628
247,2020-08-14,1085,1075,153369
248,2020-08-18,1075,1025,156134
249,2020-08-19,1025,1030,101348
250,2020-08-20,1030,1015,279556
251,2020-08-21,1020,1030,86806
252,2020-08-24,1030,1015,51814
253,2020-08-25,1025,1030,129358
254,2020-08-26,1040,1010,139173
255,2020-08-27,1010,998,166632
256,2020-08-28,998,1015,192846
257,2020-08-31,1015,1005,149323
258,2020-09-01,1010,1010,148611
259,2020-09-02,1010,1020,165876
260,2020-09-03,1035,1025,105940
261,2020-09-04,1005,1020,110791
262,2020-09-07,1010,1015,109306
263,2020-09-08,1020,1020,55717
264,2020-09-09,1015,1005,98195
265,2020-09-10,1010,1005,59369
266,2020-09-11,1005,1000,50505
267,2020-09-14,1005,1010,84528
268,2020-09-15,1010,1010,132006
269,2020-09-16,1005,1005,111747
270,2020-09-17,1010,1010,64418
271,2020-09-18,1010,1015,181587
272,2020-09-21,1020,999,169685
273,2020-09-22,997,999,121472
274,2020-09-23,997,999,68694
275,2020-09-24,995,970,141487
276,2020-09-25,994,980,24414
277,2020-09-28,997,980,67299
278,2020-09-29,986,981,95888
279,2020-10-05,992,1005,147367
280,2020-10-06,1020,1010,89371
281,2020-10-07,1010,1015,45411
282,2020-10-08,1020,1025,70540
283,2020-10-12,1035,1030,98957
284,2020-10-13,1040,1025,49431
285,2020-10-14,1035,1010,93756
286,2020-10-15,1025,1005,156578
287,2020-10-16,1005,1000,94015
288,2020-10-19,1010,1000,76273
289,2020-10-20,1000,1000,77909
290,2020-10-21,1005,1035,166289
291,2020-10-22,1035,1035,48969
292,2020-10-23,1035,1065,320093
293,2020-10-26,1065,1060,60933
294,2020-10-27,1050,1020,76257
295,2020-10-28,1020,1025,40973
296,2020-10-29,1015,1015,68455
297,2020-10-30,1020,1005,55008
298,2020-11-02,1005,1015,21357
299,2020-11-03,1010,1010,19639
