,date,open,close,volume
0,2019-08-16,5880,5750,55092
1,2019-08-19,5780,5770,73690
2,2019-08-20,5800,5920,62878
3,2019-08-21,5920,6130,138366
4,2019-08-22,6490,6050,205158
5,2019-08-23,5940,5990,54475
6,2019-08-26,5980,5680,61869
7,2019-08-27,5700,5690,33165
8,2019-08-28,5800,5700,47549
9,2019-08-29,5810,5850,81883
10,2019-08-30,5860,5850,51596
11,2019-09-02,5860,5850,39222
12,2019-09-03,5900,5910,80866
13,2019-09-04,5970,5970,61305
14,2019-09-05,5970,6090,232784
15,2019-09-06,6140,5970,119426
16,2019-09-09,5940,5860,115104
17,2019-09-10,5940,6160,1422014
18,2019-09-11,6200,6120,184659
19,2019-09-16,6120,6080,139038
20,2019-09-17,6080,6100,216262
21,2019-09-18,6130,6020,186910
22,2019-09-19,6030,6040,134952
23,2019-09-20,6070,6040,102009
24,2019-09-23,6000,5940,169505
25,2019-09-24,5940,5980,61865
26,2019-09-25,5980,5660,289944
27,2019-09-26,5700,5610,122261
28,2019-09-27,5560,5600,51248
29,2019-09-30,5580,5420,117439
30,2019-10-01,5340,5420,86307
31,2019-10-02,5370,5390,49444
32,2019-10-04,5350,5280,89560
33,2019-10-07,5290,5360,45327
34,2019-10-08,5310,5360,67716
35,2019-10-10,5350,5310,44419
36,2019-10-11,5300,5170,124882
37,2019-10-14,5200,5200,118618
38,2019-10-15,5180,5300,92627
39,2019-10-16,5340,5470,181391
40,2019-10-17,5480,5480,59843
41,2019-10-18,5500,5490,48096
42,2019-10-21,5480,5390,54363
43,2019-10-22,5430,5470,65056
44,2019-10-23,5500,5370,45571
45,2019-10-24,5320,5290,77989
46,2019-10-25,5290,5280,37298
47,2019-10-28,5250,5340,55656
48,2019-10-29,5400,5320,29060
49,2019-10-30,5270,5240,37917
50,2019-10-31,5270,5220,91431
51,2019-11-01,5190,5290,50846
52,2019-11-04,5290,5430,69339
53,2019-11-05,5450,5670,216950
54,2019-11-06,5670,5690,95261
55,2019-11-07,5700,5650,67786
56,2019-11-08,5660,5600,54308
57,2019-11-11,5600,5500,44891
58,2019-11-12,5550,5510,43510
59,2019-11-13,5500,5410,37934
60,2019-11-14,5400,5360,34297
61,2019-11-15,5360,5270,73856
62,2019-11-18,5310,5250,59892
63,2019-11-19,5330,5360,70069
64,2019-11-20,5410,5370,83531
65,2019-11-21,5320,5210,100602
66,2019-11-22,5140,5200,52531
67,2019-11-25,5440,5320,91681
68,2019-11-26,5340,5590,131998
69,2019-11-27,5570,5540,175831
70,2019-11-28,5600,5540,457464
71,2019-11-29,5540,5440,85686
72,2019-12-02,5390,5300,121396
73,2019-12-03,5280,5300,72175
74,2019-12-04,5290,5260,41550
75,2019-12-05,5260,5380,111586
76,2019-12-06,5280,5380,48496
77,2019-12-09,5420,5340,34386
78,2019-12-10,5330,5500,84515
79,2019-12-11,5510,5490,57747
80,2019-12-12,5490,5480,55080
81,2019-12-13,5560,5510,106824
82,2019-12-16,5540,5430,81557
83,2019-12-17,5470,5470,57040
84,2019-12-18,5470,5830,462160
85,2019-12-19,5920,5720,378531
86,2019-12-20,5720,5720,147955
87,2019-12-23,5720,5670,80168
88,2019-12-24,5670,5550,86679
89,2019-12-26,5540,5600,61902
90,2019-12-27,5600,5660,78115
91,2019-12-30,5640,5740,110549
92,2020-01-02,5730,5780,76712
93,2020-01-03,5780,5730,90941
94,2020-01-06,5690,5520,108465
95,2020-01-07,5540,5540,45107
96,2020-01-08,5520,5290,167416
97,2020-01-09,5310,5320,85192
98,2020-01-10,5330,5430,37016
99,2020-01-13,5430,5800,234753
100,2020-01-14,5820,6310,1562368
101,2020-01-15,6370,6210,438152
102,2020-01-16,6290,6330,227661
103,2020-01-17,6340,6520,476183
104,2020-01-20,6630,6590,389469
105,2020-01-21,6500,6310,388845
106,2020-01-22,6300,6320,162631
107,2020-01-23,6310,6100,200335
108,2020-01-28,5900,5950,272478
109,2020-01-29,6000,5880,102161
110,2020-01-30,5880,5620,139717
111,2020-01-31,5620,5580,123006
112,2020-02-03,5500,5600,256339
113,2020-02-04,5600,5900,286717
114,2020-02-05,6270,5730,1136395
115,2020-02-06,5750,6310,1140503
116,2020-02-07,6230,6350,565829
117,2020-02-10,6350,6210,286056
118,2020-02-11,6220,6260,199004
119,2020-02-12,6220,6110,176718
120,2020-02-13,6110,6000,350869
121,2020-02-14,6000,5900,103026
122,2020-02-17,5900,5900,117906
123,2020-02-18,5880,5780,139438
124,2020-02-19,5780,5760,75111
125,2020-02-20,5820,5510,193992
126,2020-02-21,5450,5350,134280
127,2020-02-24,5180,5060,168492
128,2020-02-25,5050,5200,110147
129,2020-02-26,5110,5100,109191
130,2020-02-27,5100,4990,163584
131,2020-02-28,4860,4680,216661
132,2020-03-02,4680,4830,82163
133,2020-03-03,4975,4960,74298
134,2020-03-04,4880,5020,57097
135,2020-03-05,5150,5070,74317
136,2020-03-06,5000,4930,104110
137,2020-03-09,4840,4610,106241
138,2020-03-10,4455,4555,104642
139,2020-03-11,4580,4285,93237
140,2020-03-12,4200,3970,271894
141,2020-03-13,3550,3800,350637
142,2020-03-16,3800,3800,148538
143,2020-03-17,3540,3800,99717
144,2020-03-18,3805,3770,64990
145,2020-03-19,3740,3100,198720
146,2020-03-20,2995,3235,236385
147,2020-03-23,3050,2930,150340
148,2020-03-24,2955,3160,110472
149,2020-03-25,3225,3390,121613
150,2020-03-26,3390,3470,153334
151,2020-03-27,3510,3475,151110
152,2020-03-30,3380,3530,78112
153,2020-03-31,3565,3700,105941
154,2020-04-01,3650,3590,75640
155,2020-04-02,3580,3650,67788
156,2020-04-03,3770,3700,107211
157,2020-04-06,3705,3905,139761
158,2020-04-07,3960,4020,194271
159,2020-04-08,4000,4150,83823
160,2020-04-09,4205,4200,91482
161,2020-04-10,4210,4140,164685
162,2020-04-13,4120,4015,112012
163,2020-04-14,4005,4200,114142
164,2020-04-16,4250,4155,77064
165,2020-04-17,4170,4410,733080
166,2020-04-20,4425,4410,147188
167,2020-04-21,4380,4275,169959
168,2020-04-22,4180,4275,62591
169,2020-04-23,4280,4345,72245
170,2020-04-24,4345,4225,79320
171,2020-04-27,4220,4405,219647
172,2020-04-28,4480,4430,125900
173,2020-04-29,4410,4455,59540
174,2020-05-04,4445,4360,50803
175,2020-05-06,4410,4560,114953
176,2020-05-07,4525,4555,84957
177,2020-05-08,4555,4680,99894
178,2020-05-11,4680,4630,70818
179,2020-05-12,4630,4470,63697
180,2020-05-13,4385,4470,80538
181,2020-05-14,4455,4300,68371
182,2020-05-15,4305,4145,97489
183,2020-05-18,4110,4220,118712
184,2020-05-19,4250,4270,748105
185,2020-05-20,4300,4370,94930
186,2020-05-21,4415,4440,116410
187,2020-05-22,4500,4360,88860
188,2020-05-25,4330,4330,100942
189,2020-05-26,4330,4425,85026
190,2020-05-27,4415,4400,68726
191,2020-05-28,4405,4290,137687
192,2020-05-29,4290,4400,376419
193,2020-06-01,4380,4520,238556
194,2020-06-02,4560,4510,142877
195,2020-06-03,4485,4615,217883
196,2020-06-04,4630,4710,324512
197,2020-06-05,4710,4715,112420
198,2020-06-08,4785,4650,92608
199,2020-06-09,4700,4550,125079
200,2020-06-10,4480,4500,86799
201,2020-06-11,4500,4495,73805
202,2020-06-12,4250,4300,106975
203,2020-06-15,4290,4010,185549
204,2020-06-16,4010,4135,94355
205,2020-06-17,4035,4140,41585
206,2020-06-18,4140,4155,46646
207,2020-06-19,4160,4095,70288
208,2020-06-22,4095,4070,44079
209,2020-06-23,4080,4065,64105
210,2020-06-24,4090,4065,39864
211,2020-06-25,4060,4020,49301
212,2020-06-26,4020,4010,59354
213,2020-06-29,4005,3950,42807
214,2020-06-30,4005,4050,34794
215,2020-07-01,4060,4140,79636
216,2020-07-02,4160,4210,91636
217,2020-07-03,4200,4270,60867
218,2020-07-06,4340,4330,58611
219,2020-07-07,4350,4260,78435
220,2020-07-08,4260,4255,35303
221,2020-07-09,4280,4205,46741
222,2020-07-10,4205,4180,59119
223,2020-07-13,4185,4145,23941
224,2020-07-14,4150,4115,39582
225,2020-07-15,4135,4295,106958
226,2020-07-16,4300,4250,52039
227,2020-07-17,4250,4220,23570
228,2020-07-20,4220,4170,48859
229,2020-07-21,4190,4255,52055
230,2020-07-22,4270,4365,122186
231,2020-07-23,4370,4325,58121
232,2020-07-24,4325,4215,56115
233,2020-07-27,4215,4200,43805
234,2020-07-28,4200,4270,43033
235,2020-07-29,4300,4210,48414
236,2020-07-30,4210,4170,57280
237,2020-07-31,4130,4105,78231
238,2020-08-03,4105,4030,76236
239,2020-08-04,4040,4075,40027
240,2020-08-05,4055,4100,49082
241,2020-08-06,4105,4110,51426
242,2020-08-07,4110,4200,144138
243,2020-08-10,4205,4155,86347
244,2020-08-11,4155,4185,156133
245,2020-08-12,4150,4140,159474
246,2020-08-13,4155,4400,298471
247,2020-08-14,4390,4530,469342
248,2020-08-18,4580,4400,263334
249,2020-08-19,4405,4290,156010
250,2020-08-20,4290,4100,249443
251,2020-08-21,4100,4070,89297
252,2020-08-24,4070,4160,87993
253,2020-08-25,4190,4205,99595
254,2020-08-26,4250,4385,262185
255,2020-08-27,4350,4355,86640
256,2020-08-28,4360,4310,70608
257,2020-08-31,4310,4360,81485
258,2020-09-01,4400,4420,74695
259,2020-09-02,4410,4350,58965
260,2020-09-03,4315,4410,75638
261,2020-09-04,4170,4360,149876
262,2020-09-07,4350,4390,47997
263,2020-09-08,4395,4360,24541
264,2020-09-09,4330,4350,103111
265,2020-09-10,4310,4900,2062930
266,2020-09-11,4920,5560,4308680
267,2020-09-14,5500,5300,1044667
268,2020-09-15,5380,5390,615203
269,2020-09-16,5330,5280,453645
270,2020-09-17,5300,5390,632089
271,2020-09-18,5340,5890,1552125
272,2020-09-21,5910,5600,868990
273,2020-09-22,5520,5250,410502
274,2020-09-23,5320,5170,305452
275,2020-09-24,5010,4795,325125
276,2020-09-25,4840,4750,306742
277,2020-09-28,4765,4975,197106
278,2020-09-29,5040,5040,112576
279,2020-10-05,5060,5100,131501
280,2020-10-06,5110,5090,163068
281,2020-10-07,5130,5080,119417
282,2020-10-08,5150,5050,125309
283,2020-10-12,5060,5370,311138
284,2020-10-13,5370,5290,143591
285,2020-10-14,5330,5050,191071
286,2020-10-15,5050,5010,95939
287,2020-10-16,5080,4905,82855
288,2020-10-19,4815,5010,86736
289,2020-10-20,4910,4860,100586
290,2020-10-21,4840,4870,41426
291,2020-10-22,4830,4775,96169
292,2020-10-23,4775,4705,63836
293,2020-10-26,4705,4590,98870
294,2020-10-27,4550,4560,152255
295,2020-10-28,4525,4700,91049
296,2020-10-29,4550,4555,271492
297,2020-10-30,4550,4485,85466
298,2020-11-02,4485,4675,107339
299,2020-11-03,4665,4725,87836
