,date,open,close,volume
0,2019-08-16,5420,5460,10951
1,2019-08-19,5380,5440,6732
2,2019-08-20,5440,5650,35936
3,2019-08-21,5760,6130,232337
4,2019-08-22,6130,5980,28227
5,2019-08-23,5950,5780,24468
6,2019-08-26,5650,6510,2481130
7,2019-08-27,6530,6150,298282
8,2019-08-28,6120,6270,200779
9,2019-08-29,6330,6060,126962
10,2019-08-30,6030,6100,77138
11,2019-09-02,6100,6270,117580
12,2019-09-03,6300,6350,34548
13,2019-09-04,6310,6310,21772
14,2019-09-05,6310,6450,302000
15,2019-09-06,6500,6330,47015
16,2019-09-09,6300,6310,53682
17,2019-09-10,6310,6390,505907
18,2019-09-11,6390,6540,62389
19,2019-09-16,6550,6750,52564
20,2019-09-17,6740,6720,274394
21,2019-09-18,6820,6680,44773
22,2019-09-19,6750,6750,19053
23,2019-09-20,6710,6710,25270
24,2019-09-23,6710,6600,23314
25,2019-09-24,6510,6630,14932
26,2019-09-25,6510,6350,28664
27,2019-09-26,6350,6320,18738
28,2019-09-27,6310,6270,14878
29,2019-09-30,6200,6260,5543
30,2019-10-01,6070,6380,40420
31,2019-10-02,6290,6200,14149
32,2019-10-04,6120,6110,22801
33,2019-10-07,6120,6260,18098
34,2019-10-08,6200,6370,17686
35,2019-10-10,6310,6410,18732
36,2019-10-11,6400,6470,58725
37,2019-10-14,6450,6530,14382
38,2019-10-15,6500,6500,27709
39,2019-10-16,6590,6610,50526
40,2019-10-17,6590,6630,20875
41,2019-10-18,6590,6530,12858
42,2019-10-21,6480,6440,8139
43,2019-10-22,6450,6370,6867
44,2019-10-23,6300,6490,17329
45,2019-10-24,6560,6410,15634
46,2019-10-25,6580,6430,10974
47,2019-10-28,6530,6490,10237
48,2019-10-29,6490,6500,6672
49,2019-10-30,6540,6490,12677
50,2019-10-31,6500,6590,24225
51,2019-11-01,6650,6600,13852
52,2019-11-04,6750,6660,14627
53,2019-11-05,6750,6940,141991
54,2019-11-06,7100,6920,66036
55,2019-11-07,6970,6860,30351
56,2019-11-08,6870,6820,19088
57,2019-11-11,6790,6810,22365
58,2019-11-12,7030,7240,3418535
59,2019-11-13,7220,7260,559911
60,2019-11-14,7260,7010,222672
61,2019-11-15,7020,6760,169689
62,2019-11-18,6770,6890,51946
63,2019-11-19,6930,6570,90640
64,2019-11-20,6570,6440,50693
65,2019-11-21,6350,6150,72513
66,2019-11-22,6300,6400,1371642
67,2019-11-25,6500,7250,4296047
68,2019-11-26,7290,7180,1337298
69,2019-11-27,7200,7110,514261
70,2019-11-28,7080,7010,333397
71,2019-11-29,7110,6850,271844
72,2019-12-02,7350,6800,345816
73,2019-12-03,6750,6620,85568
74,2019-12-04,6590,6600,59620
75,2019-12-05,6620,6320,101198
76,2019-12-06,6290,6500,44810
77,2019-12-09,6500,6350,58305
78,2019-12-10,6350,6830,1057953
79,2019-12-11,6780,6720,109741
80,2019-12-12,6710,6760,373257
81,2019-12-13,6810,6850,84464
82,2019-12-16,6850,6680,162928
83,2019-12-17,6700,6500,83269
84,2019-12-18,6500,6590,38468
85,2019-12-19,6530,6600,42140
86,2019-12-20,6720,6570,31440
87,2019-12-23,6660,6650,124184
88,2019-12-24,6640,6430,81395
89,2019-12-26,6400,6460,24858
90,2019-12-27,6540,6620,37441
91,2019-12-30,6610,6750,95189
92,2020-01-02,6750,6830,59107
93,2020-01-03,6850,6790,55810
94,2020-01-06,6810,6700,46015
95,2020-01-07,6750,6930,73560
96,2020-01-08,6970,6680,89759
97,2020-01-09,6770,6920,89029
98,2020-01-10,6990,7260,167327
99,2020-01-13,7270,7010,85196
100,2020-01-14,7020,7080,48768
101,2020-01-15,7090,6970,26602
102,2020-01-16,7010,7080,35365
103,2020-01-17,7050,7160,49287
104,2020-01-20,7220,7380,176169
105,2020-01-21,7490,7400,233171
106,2020-01-22,7410,7700,246502
107,2020-01-23,7760,7460,290629
108,2020-01-28,7700,7970,802724
109,2020-01-29,7780,7360,236785
110,2020-01-30,7390,7150,127956
111,2020-01-31,7150,6500,155091
112,2020-02-03,6500,6330,96275
113,2020-02-04,6370,6550,47231
114,2020-02-05,6600,6820,64344
115,2020-02-06,6850,6910,50240
116,2020-02-07,6870,6910,32616
117,2020-02-10,6840,6860,19022
118,2020-02-11,6900,6860,26988
119,2020-02-12,6860,6840,27809
120,2020-02-13,6930,6790,21561
121,2020-02-14,6790,6800,40920
122,2020-02-17,6800,6790,20760
123,2020-02-18,6740,6910,40987
124,2020-02-19,6930,6850,32473
125,2020-02-20,6880,6910,50658
126,2020-02-21,6910,6860,30334
127,2020-02-24,6820,6390,94305
128,2020-02-25,6260,6550,45630
129,2020-02-26,6500,6510,24282
130,2020-02-27,6510,6480,34836
131,2020-02-28,6480,5950,60038
132,2020-03-02,7250,7730,830125
133,2020-03-03,10000,9230,7992812
134,2020-03-04,9090,9300,9702761
135,2020-03-05,9160,8510,2373209
136,2020-03-06,8620,9000,5875507
137,2020-03-09,8960,8140,1820638
138,2020-03-10,7920,7770,1033049
139,2020-03-11,7850,7640,2744296
140,2020-03-12,7650,7760,1924526
141,2020-03-13,7500,7020,802464
142,2020-03-16,7220,6740,773443
143,2020-03-17,6310,6490,485044
144,2020-03-18,6690,6600,1387537
145,2020-03-19,6740,5350,752373
146,2020-03-20,5500,5770,336031
147,2020-03-23,5350,5980,558769
148,2020-03-24,6060,6860,2284539
149,2020-03-25,8090,8180,3579231
150,2020-03-26,8180,8400,2395387
151,2020-03-27,8660,8810,7475195
152,2020-03-30,9150,9740,3749576
153,2020-03-31,9800,9200,1536165
154,2020-04-01,9200,8790,1057586
155,2020-04-02,8700,8810,1194334
156,2020-04-03,8890,8690,648004
157,2020-04-06,8800,9450,824367
158,2020-04-07,9480,9380,699713
159,2020-04-08,9450,9070,520401
160,2020-04-09,9170,9900,6774078
161,2020-04-10,9800,9450,9529091
162,2020-04-13,9450,8520,1290796
163,2020-04-14,8540,8680,756920
164,2020-04-16,8510,8600,587502
165,2020-04-17,8690,8770,305069
166,2020-04-20,8840,9100,725006
167,2020-04-21,9150,8800,587478
168,2020-04-22,8580,8670,244137
169,2020-04-23,8740,8660,190794
170,2020-04-24,8580,8510,223661
171,2020-04-27,8590,8670,453216
172,2020-04-28,8700,8330,233804
173,2020-04-29,8340,8370,159218
174,2020-05-04,8130,8170,89839
175,2020-05-06,8130,8420,92452
176,2020-05-07,8420,8450,184409
177,2020-05-08,8460,8610,955467
178,2020-05-11,8610,8630,246299
179,2020-05-12,8650,8920,290391
180,2020-05-13,8920,8910,139728
181,2020-05-14,9050,9090,303942
182,2020-05-15,9160,8870,603535
183,2020-05-18,8900,9250,536507
184,2020-05-19,9350,8880,381096
185,2020-05-20,8820,8930,114355
186,2020-05-21,9010,8810,137023
187,2020-05-22,8830,8640,116326
188,2020-05-25,8640,8760,75660
189,2020-05-26,8800,8960,128444
190,2020-05-27,8990,8800,104990
191,2020-05-28,8810,8560,95397
192,2020-05-29,8560,8460,59698
193,2020-06-01,8450,8600,40740
194,2020-06-02,8620,8660,39810
195,2020-06-03,8760,8550,51316
196,2020-06-04,8680,8600,43390
197,2020-06-05,8600,8680,66699
198,2020-06-08,8680,8920,303976
199,2020-06-09,9000,9020,194219
200,2020-06-10,9090,9160,894350
201,2020-06-11,9180,9160,308260
202,2020-06-12,8640,8950,152555
203,2020-06-15,8980,8380,2701024
204,2020-06-16,8620,8680,227484
205,2020-06-17,8680,9240,387942
206,2020-06-18,9240,9130,236864
207,2020-06-19,9280,9200,598039
208,2020-06-22,9200,9210,242384
209,2020-06-23,9250,9040,148544
210,2020-06-24,9090,9550,356969
211,2020-06-25,9310,9280,265572
212,2020-06-26,9380,9190,191131
213,2020-06-29,9070,8840,141298
214,2020-06-30,9000,8690,116916
215,2020-07-01,8870,8550,90799
216,2020-07-02,8600,8580,68873
217,2020-07-03,8580,8870,120171
218,2020-07-06,9000,8830,55457
219,2020-07-07,8820,9000,76351
220,2020-07-08,8960,9290,221238
221,2020-07-09,9290,10500,1300895
222,2020-07-10,10550,10950,784759
223,2020-07-13,11400,11200,1051917
224,2020-07-14,11450,11250,461750
225,2020-07-15,11400,11700,405727
226,2020-07-16,11450,12400,536178
227,2020-07-17,12900,13550,1452605
228,2020-07-20,13550,14000,833311
229,2020-07-21,14450,11450,1725835
230,2020-07-22,11750,11150,1437885
231,2020-07-23,11100,11450,1801689
232,2020-07-24,11350,11300,704522
233,2020-07-27,11200,10200,764433
234,2020-07-28,10400,10200,286996
235,2020-07-29,10200,10450,204215
236,2020-07-30,10450,10400,118281
237,2020-07-31,10400,10600,231598
238,2020-08-03,10550,10500,107081
239,2020-08-04,10500,10850,242020
240,2020-08-05,10800,10900,231328
241,2020-08-06,10900,11050,195545
242,2020-08-07,11000,10600,171914
243,2020-08-10,10650,10600,124325
244,2020-08-11,10550,10550,110524
245,2020-08-12,10450,10250,123499
246,2020-08-13,10300,10250,75843
247,2020-08-14,10000,9990,164147
248,2020-08-18,9900,9320,167003
249,2020-08-19,9420,9810,109361
250,2020-08-20,9660,9420,151449
251,2020-08-21,9420,9450,59057
252,2020-08-24,9430,9530,47595
253,2020-08-25,9680,10550,1102336
254,2020-08-26,10450,10650,347236
255,2020-08-27,10800,10350,213831
256,2020-08-28,10350,10350,143349
257,2020-08-31,10350,10450,81408
258,2020-09-01,10300,10700,172193
259,2020-09-02,10850,10500,123990
260,2020-09-03,11050,13650,3983959
261,2020-09-04,14750,14200,11122243
262,2020-09-07,14150,13450,1911452
263,2020-09-08,13450,12850,1114241
264,2020-09-09,12450,12300,607122
265,2020-09-10,12300,12350,440752
266,2020-09-11,12250,11950,516657
267,2020-09-14,11950,12050,203403
268,2020-09-15,11950,11650,364906
269,2020-09-16,11700,11900,268382
270,2020-09-17,11900,11400,341348
271,2020-09-18,11350,11550,180355
272,2020-09-21,11400,10850,329036
273,2020-09-22,10650,10600,201908
274,2020-09-23,10600,10450,147790
275,2020-09-24,10250,9900,219475
276,2020-09-25,9920,9810,160853
277,2020-09-28,9850,10200,91909
278,2020-09-29,10300,10400,68213
279,2020-10-05,10600,10400,113830
280,2020-10-06,10500,10600,125718
281,2020-10-07,10500,10750,85933
282,2020-10-08,10950,11000,306645
283,2020-10-12,12650,11600,3468424
284,2020-10-13,11600,11150,379763
285,2020-10-14,11250,11600,704878
286,2020-10-15,11600,10950,317090
287,2020-10-16,10900,10300,210774
288,2020-10-19,10250,10800,3606430
289,2020-10-20,10500,10450,589471
290,2020-10-21,10500,11400,1121595
291,2020-10-22,11200,10750,335456
292,2020-10-23,10850,11600,1488479
293,2020-10-26,11450,11850,1092029
294,2020-10-27,11550,11350,404273
295,2020-10-28,11300,11900,1002813
296,2020-10-29,11550,12100,2054812
297,2020-10-30,12050,11550,621053
298,2020-11-02,11650,11200,244308
299,2020-11-03,11450,11250,213033
