,date,open,close,volume
0,2019-08-16,15600,15650,3539
1,2019-08-19,15800,15950,1287
2,2019-08-20,15950,15800,1292
3,2019-08-21,15700,15700,1578
4,2019-08-22,15700,15700,2608
5,2019-08-23,15800,15600,1159
6,2019-08-26,15900,15400,1515
7,2019-08-27,15700,15650,1149
8,2019-08-28,15800,15650,570
9,2019-08-29,15400,15600,883
10,2019-08-30,15600,15700,1331
11,2019-09-02,15700,15700,1078
12,2019-09-03,15700,15700,390
13,2019-09-04,15700,15700,2134
14,2019-09-05,15750,15550,9419
15,2019-09-06,15600,15550,1776
16,2019-09-09,15350,15400,4702
17,2019-09-10,15350,15650,2854
18,2019-09-11,15500,15700,699
19,2019-09-16,15700,15800,3610
20,2019-09-17,15600,15850,3666
21,2019-09-18,15850,15800,2547
22,2019-09-19,15750,15750,2520
23,2019-09-20,15850,15850,577
24,2019-09-23,15850,15700,508
25,2019-09-24,15700,15800,4313
26,2019-09-25,15600,15600,4654
27,2019-09-26,15650,15800,829
28,2019-09-27,15550,15600,1518
29,2019-09-30,15500,15500,1769
30,2019-10-01,15500,15650,3970
31,2019-10-02,15550,15650,1663
32,2019-10-04,15750,15550,476
33,2019-10-07,15550,15450,3636
34,2019-10-08,15550,15500,1373
35,2019-10-10,15550,15600,3856
36,2019-10-11,15550,15500,1238
37,2019-10-14,15400,15550,6005
38,2019-10-15,15550,15600,3758
39,2019-10-16,15500,15750,2962
40,2019-10-17,15750,15600,3302
41,2019-10-18,15600,15700,314
42,2019-10-21,15550,15550,2534
43,2019-10-22,15550,15600,1001
44,2019-10-23,15600,15600,2142
45,2019-10-24,15500,15600,1290
46,2019-10-25,15600,15600,1081
47,2019-10-28,15550,15550,5564
48,2019-10-29,15600,15600,3442
49,2019-10-30,15600,15650,2649
50,2019-10-31,15650,15650,1864
51,2019-11-01,15500,16950,33567
52,2019-11-04,17250,17250,95986
53,2019-11-05,17200,16500,41123
54,2019-11-06,16400,16500,19837
55,2019-11-07,16600,16100,17578
56,2019-11-08,16300,16150,8754
57,2019-11-11,16050,17250,54267
58,2019-11-12,17500,17250,18393
59,2019-11-13,17050,17400,19798
60,2019-11-14,17450,17350,13252
61,2019-11-15,17200,17200,12498
62,2019-11-18,17300,16950,6334
63,2019-11-19,16950,16700,8814
64,2019-11-20,16700,16650,7956
65,2019-11-21,16750,16500,5389
66,2019-11-22,16600,16550,8204
67,2019-11-25,16500,16650,7864
68,2019-11-26,16600,16600,8630
69,2019-11-27,16550,16600,5064
70,2019-11-28,16500,16600,7781
71,2019-11-29,16600,16400,4231
72,2019-12-02,16500,16400,7228
73,2019-12-03,16300,16400,9388
74,2019-12-04,16400,16100,8182
75,2019-12-05,16100,15950,9975
76,2019-12-06,16050,16050,2895
77,2019-12-09,15950,16050,1300
78,2019-12-10,15900,16050,3700
79,2019-12-11,16050,16000,5099
80,2019-12-12,15800,15900,25203
81,2019-12-13,15950,16150,3840
82,2019-12-16,16200,16200,6540
83,2019-12-17,16200,16450,21744
84,2019-12-18,16550,16500,7589
85,2019-12-19,16650,16250,2361
86,2019-12-20,16150,16700,21130
87,2019-12-23,16650,17200,73596
88,2019-12-24,17100,16700,14187
89,2019-12-26,16550,16700,30146
90,2019-12-27,16700,16600,10689
91,2019-12-30,16550,16600,8428
92,2020-01-02,16400,16650,6077
93,2020-01-03,16700,16800,8941
94,2020-01-06,16550,16400,5219
95,2020-01-07,16400,16500,3474
96,2020-01-08,16500,15650,19835
97,2020-01-09,15800,15950,1912
98,2020-01-10,15850,16100,5886
99,2020-01-13,16100,16450,10156
100,2020-01-14,16450,16400,1657
101,2020-01-15,16450,16300,7031
102,2020-01-16,16400,16300,3399
103,2020-01-17,16300,16900,166313
104,2020-01-20,16900,16700,34351
105,2020-01-21,16550,16600,12470
106,2020-01-22,16750,16600,9689
107,2020-01-23,16800,16500,12831
108,2020-01-28,16300,15750,25789
109,2020-01-29,15850,15850,3471
110,2020-01-30,16000,15450,10565
111,2020-01-31,15550,15500,4302
112,2020-02-03,15300,15350,7514
113,2020-02-04,15200,15450,5520
114,2020-02-05,15350,15700,5551
115,2020-02-06,15700,15850,5136
116,2020-02-07,16000,15850,1406
117,2020-02-10,16000,16000,4913
118,2020-02-11,16000,16050,4132
119,2020-02-12,16000,15950,4924
120,2020-02-13,15950,16000,6314
121,2020-02-14,16000,16300,6107
122,2020-02-17,16300,16300,3549
123,2020-02-18,16200,15950,2593
124,2020-02-19,15950,15850,2337
125,2020-02-20,15850,15950,5101
126,2020-02-21,15650,15450,6094
127,2020-02-24,15300,15100,9410
128,2020-02-25,15100,15150,4004
129,2020-02-26,15050,15050,6939
130,2020-02-27,15000,14900,2501
131,2020-02-28,14900,14150,13292
132,2020-03-02,13900,14350,4012
133,2020-03-03,14400,14500,3241
134,2020-03-04,14700,14500,4670
135,2020-03-05,14700,14750,1720
136,2020-03-06,14750,14400,2108
137,2020-03-09,14250,14150,4893
138,2020-03-10,13700,14050,8436
139,2020-03-11,14050,13700,20982
140,2020-03-12,13700,12900,18839
141,2020-03-13,12050,11850,64176
142,2020-03-16,11850,11550,17376
143,2020-03-17,10550,11600,10925
144,2020-03-18,11600,11300,18346
145,2020-03-19,11300,9980,31246
146,2020-03-20,10500,11050,43581
147,2020-03-23,10900,11150,15626
148,2020-03-24,11400,11650,6026
149,2020-03-25,12000,12150,19720
150,2020-03-26,12200,12500,19757
151,2020-03-27,12600,12950,18257
152,2020-03-30,12950,12950,8881
153,2020-03-31,13100,13100,9432
154,2020-04-01,13150,12900,7552
155,2020-04-02,12850,12900,2086
156,2020-04-03,12750,12900,2608
157,2020-04-06,12700,12900,7629
158,2020-04-07,13200,13050,11354
159,2020-04-08,13100,13450,22464
160,2020-04-09,13450,13450,18660
161,2020-04-10,13550,13950,13088
162,2020-04-13,13900,13450,11214
163,2020-04-14,13650,13950,19375
164,2020-04-16,13950,14100,7014
165,2020-04-17,14100,14100,16365
166,2020-04-20,14100,14500,11336
167,2020-04-21,14550,13900,20848
168,2020-04-22,13900,14100,3920
169,2020-04-23,14100,14200,4302
170,2020-04-24,14200,14200,5416
171,2020-04-27,14350,14500,5248
172,2020-04-28,14600,14550,6917
173,2020-04-29,14550,14550,5886
174,2020-05-04,14600,14350,3531
175,2020-05-06,14350,14500,3807
176,2020-05-07,14500,14500,3849
177,2020-05-08,14500,14550,2616
178,2020-05-11,14550,14400,3051
179,2020-05-12,14300,14400,4109
180,2020-05-13,14400,14450,3131
181,2020-05-14,14400,14250,2170
182,2020-05-15,14500,14550,4560
183,2020-05-18,14500,14500,3161
184,2020-05-19,14700,14550,3939
185,2020-05-20,14400,14550,876
186,2020-05-21,14550,14650,7079
187,2020-05-22,14650,14550,2881
188,2020-05-25,14400,14450,2399
189,2020-05-26,14400,14550,711
190,2020-05-27,14550,14650,5615
191,2020-05-28,14700,14750,6442
192,2020-05-29,14750,14700,3803
193,2020-06-01,14700,14900,7340
194,2020-06-02,15000,15100,3211
195,2020-06-03,15100,15050,10132
196,2020-06-04,15050,15100,7149
197,2020-06-05,15100,15300,9061
198,2020-06-08,15300,15800,19871
199,2020-06-09,15900,15700,24513
200,2020-06-10,15700,15950,10096
201,2020-06-11,15950,16350,24735
202,2020-06-12,15900,16100,22710
203,2020-06-15,16000,15950,23343
204,2020-06-16,15950,16000,11363
205,2020-06-17,15850,16000,16244
206,2020-06-18,16000,15850,9020
207,2020-06-19,15850,15950,9590
208,2020-06-22,15950,15950,7432
209,2020-06-23,15950,15900,9274
210,2020-06-24,16000,15950,8316
211,2020-06-25,15650,15300,27378
212,2020-06-26,15350,15600,4407
213,2020-06-29,15650,15500,7489
214,2020-06-30,15500,15600,6896
215,2020-07-01,15600,15500,8367
216,2020-07-02,15500,15650,9322
217,2020-07-03,15650,15700,7446
218,2020-07-06,15650,15650,11592
219,2020-07-07,15650,15700,7248
220,2020-07-08,15650,15700,6855
221,2020-07-09,15700,15650,6431
222,2020-07-10,15650,15650,6946
223,2020-07-13,15750,15850,5781
224,2020-07-14,15850,15850,10210
225,2020-07-15,15900,16100,11793
226,2020-07-16,16200,16600,29911
227,2020-07-17,16400,16350,12679
228,2020-07-20,16350,16250,9515
229,2020-07-21,16150,16150,12756
230,2020-07-22,16200,16300,10429
231,2020-07-23,16550,16400,7050
232,2020-07-24,16400,16200,10296
233,2020-07-27,16200,16350,6829
234,2020-07-28,16400,16400,9489
235,2020-07-29,16400,16600,14411
236,2020-07-30,16600,16550,12478
237,2020-07-31,16650,16600,7469
238,2020-08-03,16600,16550,4732
239,2020-08-04,16350,16550,6479
240,2020-08-05,16600,16700,6793
241,2020-08-06,16500,16600,5844
242,2020-08-07,16550,16550,7521
243,2020-08-10,16500,16500,11203
244,2020-08-11,16500,16600,5076
245,2020-08-12,16450,16550,5316
246,2020-08-13,16500,16500,9860
247,2020-08-14,16600,16400,7552
248,2020-08-18,16350,16050,12539
249,2020-08-19,15900,15500,26603
250,2020-08-20,15500,15050,141868
251,2020-08-21,15300,15200,3283
252,2020-08-24,15200,15250,5609
253,2020-08-25,15350,15450,1750
254,2020-08-26,15500,15700,12042
255,2020-08-27,15700,15600,2363
256,2020-08-28,15900,15750,4556
257,2020-08-31,16000,15800,7093
258,2020-09-01,15800,15900,2464
259,2020-09-02,15800,16000,4532
260,2020-09-03,16000,16000,3728
261,2020-09-04,16000,15800,8772
262,2020-09-07,15800,15850,2534
263,2020-09-08,15950,15950,4892
264,2020-09-09,16050,15900,3044
265,2020-09-10,15900,15950,1825
266,2020-09-11,16000,16000,8560
267,2020-09-14,16000,16300,5559
268,2020-09-15,16300,16200,2692
269,2020-09-16,16150,16300,3613
270,2020-09-17,16150,16100,8730
271,2020-09-18,16100,16600,26823
272,2020-09-21,16600,16800,18473
273,2020-09-22,16800,16750,9166
274,2020-09-23,16750,17250,15654
275,2020-09-24,17050,17350,9600
276,2020-09-25,17350,17600,10115
277,2020-09-28,17700,18000,32785
278,2020-09-29,18050,18150,10800
279,2020-10-05,18250,19000,26431
280,2020-10-06,18900,20150,62896
281,2020-10-07,20200,20250,22748
282,2020-10-08,20250,21000,207866
283,2020-10-12,20950,21300,81992
284,2020-10-13,21050,22200,62172
285,2020-10-14,22300,22200,60868
286,2020-10-15,22200,21750,49184
287,2020-10-16,21700,22000,58275
288,2020-10-19,22000,22100,100428
289,2020-10-20,22000,22700,82555
290,2020-10-21,22700,22950,28770
291,2020-10-22,22900,22750,25774
292,2020-10-23,22750,23250,32444
293,2020-10-26,23300,23500,102932
294,2020-10-27,23500,23700,41827
295,2020-10-28,23950,23800,22097
296,2020-10-29,23350,24100,40248
297,2020-10-30,24100,23550,19756
298,2020-11-02,23500,23700,99178
299,2020-11-03,23800,23850,73844
