,date,open,close,volume
0,2019-08-16,15050,14800,61155
1,2019-08-19,14800,14850,38191
2,2019-08-20,14850,15850,59749
3,2019-08-21,15800,15800,27448
4,2019-08-22,16150,15900,54032
5,2019-08-23,15700,15800,37885
6,2019-08-26,15150,15100,40084
7,2019-08-27,15150,15200,28194
8,2019-08-28,15200,15400,25120
9,2019-08-29,15450,15200,24991
10,2019-08-30,15200,15200,37359
11,2019-09-02,15200,15500,30330
12,2019-09-03,15600,15500,22951
13,2019-09-04,15500,15500,25966
14,2019-09-05,15800,15950,64024
15,2019-09-06,15950,15850,22733
16,2019-09-09,15950,15450,34694
17,2019-09-10,15450,15800,30429
18,2019-09-11,15650,16200,40190
19,2019-09-16,16250,15950,27769
20,2019-09-17,15800,16250,37869
21,2019-09-18,16250,16900,88290
22,2019-09-19,16700,16550,42957
23,2019-09-20,16650,16200,29604
24,2019-09-23,16100,16150,29977
25,2019-09-24,16150,16000,26280
26,2019-09-25,15900,15400,51793
27,2019-09-26,15500,15250,48945
28,2019-09-27,15200,14900,52105
29,2019-09-30,15000,15800,55342
30,2019-10-01,15700,15850,38146
31,2019-10-02,15650,15650,29095
32,2019-10-04,15800,18800,2606586
33,2019-10-07,18900,19550,553038
34,2019-10-08,19300,19600,376449
35,2019-10-10,19300,19050,165861
36,2019-10-11,18900,18200,199161
37,2019-10-14,18200,18250,122878
38,2019-10-15,18100,18550,120335
39,2019-10-16,18450,18300,94659
40,2019-10-17,18250,23750,4370465
41,2019-10-18,23400,22500,1451598
42,2019-10-21,22100,22500,1148924
43,2019-10-22,22350,21650,698406
44,2019-10-23,21450,20700,2885038
45,2019-10-24,20700,20650,723537
46,2019-10-25,20400,22600,2428760
47,2019-10-28,22400,21900,688568
48,2019-10-29,20850,20300,679586
49,2019-10-30,20600,19800,739565
50,2019-10-31,19800,20100,241710
51,2019-11-01,19900,19050,407250
52,2019-11-04,19400,19400,290828
53,2019-11-05,20300,20550,967181
54,2019-11-06,20500,21000,344966
55,2019-11-07,22900,22550,1581157
56,2019-11-08,22550,21900,261300
57,2019-11-11,21900,22950,337438
58,2019-11-12,23750,22700,458889
59,2019-11-13,23100,23400,339215
60,2019-11-14,23250,24650,478355
61,2019-11-15,24000,24300,555915
62,2019-11-18,24150,24300,189070
63,2019-11-19,24300,24300,134173
64,2019-11-20,24900,23700,811104
65,2019-11-21,23250,24200,289105
66,2019-11-22,23950,22900,165087
67,2019-11-25,23500,23500,119990
68,2019-11-26,23500,23750,181182
69,2019-11-27,24600,23000,300902
70,2019-11-28,22450,22100,257253
71,2019-11-29,21850,22150,94360
72,2019-12-02,21750,21850,133176
73,2019-12-03,21800,22250,100738
74,2019-12-04,22100,21450,158187
75,2019-12-05,21550,21600,91489
76,2019-12-06,21700,21850,99291
77,2019-12-09,21900,21900,87642
78,2019-12-10,21900,21650,61373
79,2019-12-11,21450,21250,90990
80,2019-12-12,21350,21400,84470
81,2019-12-13,21650,21400,90660
82,2019-12-16,21300,21350,65973
83,2019-12-17,21550,21200,94251
84,2019-12-18,21200,20500,142330
85,2019-12-19,20600,20550,67336
86,2019-12-20,20350,20450,101813
87,2019-12-23,20500,19750,131482
88,2019-12-24,20000,20150,73694
89,2019-12-26,19950,20000,94168
90,2019-12-27,20200,20700,78905
91,2019-12-30,20600,20600,33661
92,2020-01-02,20650,20550,86134
93,2020-01-03,20700,20450,42558
94,2020-01-06,20050,19700,86900
95,2020-01-07,19800,20300,32522
96,2020-01-08,20250,18750,143340
97,2020-01-09,19300,20050,60334
98,2020-01-10,19900,20200,59627
99,2020-01-13,20450,20800,80956
100,2020-01-14,20700,20900,83713
101,2020-01-15,21150,20900,30586
102,2020-01-16,21000,20850,36364
103,2020-01-17,20950,20850,35844
104,2020-01-20,21050,20200,45494
105,2020-01-21,20050,19900,31854
106,2020-01-22,20050,20600,82358
107,2020-01-23,20600,20700,32173
108,2020-01-28,19850,19450,89415
109,2020-01-29,19500,19450,43355
110,2020-01-30,19350,18700,71409
111,2020-01-31,18750,17950,62532
112,2020-02-03,17500,18500,51878
113,2020-02-04,18400,18750,37615
114,2020-02-05,19150,18700,52526
115,2020-02-06,18700,19250,73046
116,2020-02-07,19300,19150,22352
117,2020-02-10,19000,19300,31700
118,2020-02-11,20000,19750,141475
119,2020-02-12,19600,20100,41684
120,2020-02-13,20250,20050,60608
121,2020-02-14,20100,19900,34241
122,2020-02-17,19650,20300,51766
123,2020-02-18,20400,19800,41850
124,2020-02-19,19750,19900,38304
125,2020-02-20,20200,19050,68586
126,2020-02-21,19000,18950,42768
127,2020-02-24,18850,18100,107274
128,2020-02-25,18100,18550,46712
129,2020-02-26,18300,18550,29094
130,2020-02-27,18400,17800,95818
131,2020-02-28,17300,17050,104205
132,2020-03-02,17000,17700,79597
133,2020-03-03,18100,17850,53121
134,2020-03-04,17450,19050,78089
135,2020-03-05,19200,19150,34087
136,2020-03-06,19000,19300,42757
137,2020-03-09,18800,18650,64114
138,2020-03-10,17950,18750,64837
139,2020-03-11,18950,18050,69475
140,2020-03-12,17550,16750,128364
141,2020-03-13,15100,15000,309270
142,2020-03-16,15100,14250,249454
143,2020-03-17,13150,14550,148291
144,2020-03-18,14850,13450,129309
145,2020-03-19,13700,10500,484028
146,2020-03-20,10500,12000,417365
147,2020-03-23,11200,11800,256074
148,2020-03-24,12350,14000,269096
149,2020-03-25,14450,14700,220222
150,2020-03-26,14550,14900,156789
151,2020-03-27,15600,14800,138158
152,2020-03-30,13950,15300,106441
153,2020-03-31,15800,15450,109224
154,2020-04-01,15400,16650,174947
155,2020-04-02,16950,16700,97196
156,2020-04-03,17250,16650,75029
157,2020-04-06,16400,17250,101220
158,2020-04-07,17500,17250,78185
159,2020-04-08,17250,17150,68834
160,2020-04-09,17350,18100,93551
161,2020-04-10,18400,18050,76040
162,2020-04-13,17900,17650,85430
163,2020-04-14,17650,17700,68950
164,2020-04-16,17500,18550,51669
165,2020-04-17,18650,18500,85120
166,2020-04-20,18550,18550,44382
167,2020-04-21,18450,18200,85718
168,2020-04-22,17600,18600,46688
169,2020-04-23,18700,18150,45028
170,2020-04-24,18200,18100,34710
171,2020-04-27,18100,18400,18558
172,2020-04-28,18500,19000,67789
173,2020-04-29,19100,18900,37507
174,2020-05-04,18750,19250,64607
175,2020-05-06,19400,19900,66356
176,2020-05-07,19950,19900,61860
177,2020-05-08,19950,20100,35556
178,2020-05-11,19950,20800,126544
179,2020-05-12,21500,20550,228034
180,2020-05-13,20700,20550,148988
181,2020-05-14,20550,20750,78234
182,2020-05-15,21500,21950,429066
183,2020-05-18,22300,21650,125574
184,2020-05-19,21600,21000,127940
185,2020-05-20,20650,21100,62260
186,2020-05-21,21200,20850,54838
187,2020-05-22,20900,21050,169161
188,2020-05-25,21400,21600,94954
189,2020-05-26,22650,25250,1722507
190,2020-05-27,25450,25200,342757
191,2020-05-28,25050,24300,333941
192,2020-05-29,24550,25300,484830
193,2020-06-01,25300,25550,335442
194,2020-06-02,25400,26800,619723
195,2020-06-03,27350,28500,743759
196,2020-06-04,28100,27550,251972
197,2020-06-05,27600,27350,374653
198,2020-06-08,28550,28500,508685
199,2020-06-09,28500,27900,233688
200,2020-06-10,27650,27500,131720
201,2020-06-11,27750,27000,180717
202,2020-06-12,25550,27700,461779
203,2020-06-15,27550,26550,407073
204,2020-06-16,28100,28600,379613
205,2020-06-17,28350,29300,368718
206,2020-06-18,29300,28800,354125
207,2020-06-19,29050,28400,140034
208,2020-06-22,28350,27700,249520
209,2020-06-23,28150,30700,1832359
210,2020-06-24,30200,30250,460427
211,2020-06-25,29700,30000,292607
212,2020-06-26,30900,30600,500721
213,2020-06-29,30500,29100,340272
214,2020-06-30,29450,27550,895787
215,2020-07-01,28100,26950,354261
216,2020-07-02,27050,28850,650751
217,2020-07-03,29050,27900,283275
218,2020-07-06,28300,27250,299323
219,2020-07-07,27450,26450,379168
220,2020-07-08,26150,26750,234455
221,2020-07-09,26800,26950,147917
222,2020-07-10,26950,27500,230068
223,2020-07-13,27600,27500,147786
224,2020-07-14,27300,26450,130639
225,2020-07-15,26550,25750,200159
226,2020-07-16,25600,25250,218093
227,2020-07-17,24900,25700,114857
228,2020-07-20,25800,25000,136233
229,2020-07-21,25100,25200,120952
230,2020-07-22,25500,25450,91234
231,2020-07-23,25650,24900,112627
232,2020-07-24,24900,24650,130762
233,2020-07-27,24300,24250,80970
234,2020-07-28,24750,24500,82035
235,2020-07-29,24500,24050,82853
236,2020-07-30,24050,24250,111359
237,2020-07-31,24200,23850,73830
238,2020-08-03,24150,25400,238738
239,2020-08-04,25450,26500,298024
240,2020-08-05,27050,25950,157921
241,2020-08-06,26250,25900,99682
242,2020-08-07,25950,26350,297724
243,2020-08-10,26400,26400,130783
244,2020-08-11,25700,25900,203290
245,2020-08-12,26200,25700,131349
246,2020-08-13,26150,25700,86036
247,2020-08-14,25700,25550,114047
248,2020-08-18,25900,24500,158742
249,2020-08-19,24300,24850,87526
250,2020-08-20,24700,22600,164863
251,2020-08-21,23400,22900,84957
252,2020-08-24,23000,24250,102669
253,2020-08-25,24500,25200,146585
254,2020-08-26,25250,24850,71725
255,2020-08-27,24900,24700,140563
256,2020-08-28,24950,25350,135151
257,2020-08-31,26000,26800,434908
258,2020-09-01,27500,25850,467039
259,2020-09-02,26150,26050,127633
260,2020-09-03,26050,25650,135926
261,2020-09-04,24200,24850,175895
262,2020-09-07,25050,25050,140167
263,2020-09-08,25500,24850,100827
264,2020-09-09,24550,26150,269301
265,2020-09-10,26600,25150,300750
266,2020-09-11,24950,24900,90373
267,2020-09-14,24900,24600,75326
268,2020-09-15,24650,24300,59147
269,2020-09-16,24300,24350,79944
270,2020-09-17,24350,24000,64444
271,2020-09-18,24000,23800,52459
272,2020-09-21,23700,22750,73839
273,2020-09-22,22650,21900,86153
274,2020-09-23,22100,21450,73971
275,2020-09-24,21200,20350,106649
276,2020-09-25,20400,20350,68193
277,2020-09-28,20600,21600,56139
278,2020-09-29,21750,21700,38509
279,2020-10-05,22400,22750,73367
280,2020-10-06,22750,22750,45469
281,2020-10-07,22300,22700,23205
282,2020-10-08,22800,22450,25529
283,2020-10-12,22800,22700,31559
284,2020-10-13,23000,22650,27321
285,2020-10-14,22650,21850,41652
286,2020-10-15,22100,21400,23540
287,2020-10-16,21800,20850,39433
288,2020-10-19,20900,20600,35462
289,2020-10-20,20400,20850,21009
290,2020-10-21,21250,20850,18556
291,2020-10-22,20550,20200,28442
292,2020-10-23,20400,20250,27544
293,2020-10-26,20050,20200,40354
294,2020-10-27,20000,20050,25213
295,2020-10-28,19650,20300,51994
296,2020-10-29,19850,20000,37019
297,2020-10-30,20000,19350,41165
298,2020-11-02,19300,19450,39646
299,2020-11-03,19600,19750,41476
