,date,open,close,volume
0,2019-08-16,4400,4360,46799
1,2019-08-19,4415,4535,68894
2,2019-08-20,4590,4565,30813
3,2019-08-21,4560,4590,25405
4,2019-08-22,4600,4570,35707
5,2019-08-23,4560,4400,85780
6,2019-08-26,4250,4200,44516
7,2019-08-27,4500,4320,237681
8,2019-08-28,4330,4445,64248
9,2019-08-29,4445,4390,36015
10,2019-08-30,4480,4605,83086
11,2019-09-02,4580,4520,38587
12,2019-09-03,4515,4585,22572
13,2019-09-04,4575,4585,27973
14,2019-09-05,4585,4620,39694
15,2019-09-06,4620,4585,14725
16,2019-09-09,4555,4535,14023
17,2019-09-10,4705,4975,405580
18,2019-09-11,5080,5100,163564
19,2019-09-16,5300,5670,558851
20,2019-09-17,5550,5600,161356
21,2019-09-18,5590,5710,312729
22,2019-09-19,5680,5700,135072
23,2019-09-20,5710,5750,149700
24,2019-09-23,5900,6000,361338
25,2019-09-24,5950,5860,152286
26,2019-09-25,5830,5460,208155
27,2019-09-26,5630,5550,104164
28,2019-09-27,5500,5510,86902
29,2019-09-30,5460,5500,71534
30,2019-10-01,5410,5480,63688
31,2019-10-02,5740,5650,192141
32,2019-10-04,5650,5510,95102
33,2019-10-07,4985,4700,357828
34,2019-10-08,4710,4725,100498
35,2019-10-10,4725,4830,49162
36,2019-10-11,4815,4835,46087
37,2019-10-14,4880,5010,104535
38,2019-10-15,5010,5020,49764
39,2019-10-16,5020,5000,38026
40,2019-10-17,5000,4900,33128
41,2019-10-18,4900,4925,22041
42,2019-10-21,4920,4750,82256
43,2019-10-22,4750,4830,89377
44,2019-10-23,4720,4620,93985
45,2019-10-24,4625,4670,87288
46,2019-10-25,4655,4665,82529
47,2019-10-28,4615,4645,32953
48,2019-10-29,4650,4690,35914
49,2019-10-30,4650,4570,38677
50,2019-10-31,4605,4615,23781
51,2019-11-01,4610,4615,24642
52,2019-11-04,4615,4715,54912
53,2019-11-05,4800,4810,76884
54,2019-11-06,4805,4935,78573
55,2019-11-07,4930,4820,60034
56,2019-11-08,4825,4865,28647
57,2019-11-11,4860,4815,35429
58,2019-11-12,4785,4835,23782
59,2019-11-13,4850,4880,114221
60,2019-11-14,4910,4860,26681
61,2019-11-15,4870,4915,42791
62,2019-11-18,5010,5050,106649
63,2019-11-19,4900,4975,101754
64,2019-11-20,5090,5060,727142
65,2019-11-21,4940,4960,157695
66,2019-11-22,4910,4950,95472
67,2019-11-25,4950,5090,79836
68,2019-11-26,5160,5160,67120
69,2019-11-27,5160,5020,53329
70,2019-11-28,5010,5020,41929
71,2019-11-29,5040,4945,55785
72,2019-12-02,4950,4780,74627
73,2019-12-03,4765,4795,84367
74,2019-12-04,4760,4605,50999
75,2019-12-05,4610,4650,45416
76,2019-12-06,4560,4675,49200
77,2019-12-09,4635,4615,59608
78,2019-12-10,4610,4560,22539
79,2019-12-11,4535,4595,18415
80,2019-12-12,4600,4705,47857
81,2019-12-13,4705,4685,32010
82,2019-12-16,4660,4685,48273
83,2019-12-17,4750,4660,99427
84,2019-12-18,4630,4725,47012
85,2019-12-19,4740,4755,58671
86,2019-12-20,4770,4865,110506
87,2019-12-23,4855,4775,73173
88,2019-12-24,4755,4785,79792
89,2019-12-26,4785,4980,98841
90,2019-12-27,5070,4890,136270
91,2019-12-30,4925,4855,36804
92,2020-01-02,4860,4855,38134
93,2020-01-03,4855,4830,47980
94,2020-01-06,4790,4650,115377
95,2020-01-07,4655,4645,69442
96,2020-01-08,4650,4380,177096
97,2020-01-09,4505,4625,119165
98,2020-01-10,4645,4800,69906
99,2020-01-13,4760,4930,125903
100,2020-01-14,4985,4920,39825
101,2020-01-15,4900,5000,64760
102,2020-01-16,5000,4970,25444
103,2020-01-17,4970,4935,49635
104,2020-01-20,4940,4865,29977
105,2020-01-21,4805,4800,49936
106,2020-01-22,4800,4790,39520
107,2020-01-23,4755,4745,66195
108,2020-01-28,4505,4515,122752
109,2020-01-29,4495,4510,59108
110,2020-01-30,4510,4360,75108
111,2020-01-31,4365,4225,88448
112,2020-02-03,4110,4160,72638
113,2020-02-04,4235,4240,32572
114,2020-02-05,4245,4285,41556
115,2020-02-06,4315,4345,30910
116,2020-02-07,4375,4345,26387
117,2020-02-10,4395,4450,80876
118,2020-02-11,4390,4400,58848
119,2020-02-12,4400,4405,62696
120,2020-02-13,4415,4355,35844
121,2020-02-14,4355,4540,512342
122,2020-02-17,4540,4460,71791
123,2020-02-18,4420,4375,68824
124,2020-02-19,4370,4290,50552
125,2020-02-20,4300,4255,55392
126,2020-02-21,4240,4105,85739
127,2020-02-24,4000,3895,138820
128,2020-02-25,3830,4020,65125
129,2020-02-26,3900,4020,60196
130,2020-02-27,4020,3890,76253
131,2020-02-28,3870,3705,149647
132,2020-03-02,3685,3755,131914
133,2020-03-03,3825,3830,48563
134,2020-03-04,3815,3875,36247
135,2020-03-05,3890,4000,44396
136,2020-03-06,4035,3965,73160
137,2020-03-09,3920,3745,120234
138,2020-03-10,3635,3765,75760
139,2020-03-11,3765,3625,97521
140,2020-03-12,3530,3440,224845
141,2020-03-13,2990,2990,310643
142,2020-03-16,2900,2900,196268
143,2020-03-17,2830,2920,161523
144,2020-03-18,2920,2745,135541
145,2020-03-19,2760,2265,326525
146,2020-03-20,2265,2380,275225
147,2020-03-23,2220,2225,158151
148,2020-03-24,2260,2370,197410
149,2020-03-25,2490,2760,248328
150,2020-03-26,2765,2760,146368
151,2020-03-27,2850,2880,199036
152,2020-03-30,2830,2920,104706
153,2020-03-31,2960,3180,621435
154,2020-04-01,3160,3040,248230
155,2020-04-02,3010,3110,131808
156,2020-04-03,3185,3115,87776
157,2020-04-06,3100,3210,115139
158,2020-04-07,3275,3365,221788
159,2020-04-08,3310,3385,116757
160,2020-04-09,3500,3700,1180740
161,2020-04-10,3750,3645,251895
162,2020-04-13,3635,3595,110020
163,2020-04-14,3595,3810,278360
164,2020-04-16,3905,4150,623736
165,2020-04-17,4120,4125,255261
166,2020-04-20,4125,4580,2321110
167,2020-04-21,4660,4735,2725683
168,2020-04-22,4670,4790,891714
169,2020-04-23,4800,4750,1368114
170,2020-04-24,4800,4780,623450
171,2020-04-27,4900,4760,373793
172,2020-04-28,4840,4700,288882
173,2020-04-29,4775,4815,1408147
174,2020-05-04,5020,4770,401907
175,2020-05-06,4800,4865,344466
176,2020-05-07,4845,4860,223409
177,2020-05-08,4920,4875,255013
178,2020-05-11,4810,4570,395582
179,2020-05-12,4585,4510,222922
180,2020-05-13,4430,4475,107103
181,2020-05-14,4425,4380,141003
182,2020-05-15,4375,4245,132001
183,2020-05-18,4250,4260,101797
184,2020-05-19,4305,4350,131595
185,2020-05-20,4320,4410,68910
186,2020-05-21,4460,4390,100425
187,2020-05-22,4455,4375,163809
188,2020-05-25,4380,4360,68516
189,2020-05-26,4360,4475,164680
190,2020-05-27,4475,4490,91542
191,2020-05-28,4510,4370,289707
192,2020-05-29,4315,4330,126598
193,2020-06-01,4330,4380,54535
194,2020-06-02,4385,4440,141483
195,2020-06-03,4445,4460,80321
196,2020-06-04,4485,4450,59766
197,2020-06-05,4415,4500,85296
198,2020-06-08,4500,4365,148523
199,2020-06-09,4245,4200,203589
200,2020-06-10,4140,4130,114713
201,2020-06-11,4125,4050,88430
202,2020-06-12,3715,4010,143210
203,2020-06-15,3915,3630,220129
204,2020-06-16,3675,4020,127627
205,2020-06-17,3800,3830,141748
206,2020-06-18,3830,3805,56486
207,2020-06-19,3855,4000,228789
208,2020-06-22,4005,3865,65629
209,2020-06-23,3940,3770,96955
210,2020-06-24,4060,4135,420209
211,2020-06-25,4045,3955,122237
212,2020-06-26,4015,3945,47083
213,2020-06-29,3855,3855,48229
214,2020-06-30,3875,3870,76443
215,2020-07-01,3880,3935,99305
216,2020-07-02,3940,4000,43841
217,2020-07-03,4040,4230,158734
218,2020-07-06,4260,4185,116131
219,2020-07-07,4190,4125,91977
220,2020-07-08,4140,4170,64774
221,2020-07-09,4190,4095,58859
222,2020-07-10,4125,4060,59196
223,2020-07-13,4050,4070,86904
224,2020-07-14,4090,4055,56063
225,2020-07-15,4100,4125,214787
226,2020-07-16,4220,4065,293162
227,2020-07-17,4105,4080,75213
228,2020-07-20,4090,4080,53622
229,2020-07-21,4090,4080,52824
230,2020-07-22,4080,4080,40284
231,2020-07-23,4095,4020,113838
232,2020-07-24,4010,3950,82179
233,2020-07-27,3890,3960,69981
234,2020-07-28,3960,3995,56330
235,2020-07-29,3995,3965,56001
236,2020-07-30,3990,3995,45540
237,2020-07-31,4000,3985,29555
238,2020-08-03,3985,3950,43081
239,2020-08-04,3945,3960,45148
240,2020-08-05,3960,3930,54382
241,2020-08-06,3925,3990,73178
242,2020-08-07,4000,3925,46863
243,2020-08-10,3930,3925,61440
244,2020-08-11,3940,3980,70558
245,2020-08-12,3980,3915,79780
246,2020-08-13,3920,3970,103524
247,2020-08-14,3970,3995,88809
248,2020-08-18,3990,3830,106504
249,2020-08-19,3795,3830,57655
250,2020-08-20,3820,3690,77662
251,2020-08-21,3710,3800,66746
252,2020-08-24,3830,3780,42708
253,2020-08-25,3780,3820,36587
254,2020-08-26,3820,3790,52858
255,2020-08-27,3810,3760,57923
256,2020-08-28,3740,3745,38393
257,2020-08-31,3770,3780,64311
258,2020-09-01,3790,3820,19665
259,2020-09-02,3805,3810,38321
260,2020-09-03,3815,3835,116989
261,2020-09-04,3770,3815,76093
262,2020-09-07,3805,3925,130482
263,2020-09-08,3960,3930,44416
264,2020-09-09,3850,3935,33177
265,2020-09-10,3940,3900,48336
266,2020-09-11,3925,3920,139099
267,2020-09-14,3920,3980,66936
268,2020-09-15,3980,3995,44057
269,2020-09-16,4020,4005,107028
270,2020-09-17,4030,4005,55677
271,2020-09-18,3990,4015,45463
272,2020-09-21,4025,3930,31070
273,2020-09-22,3930,3870,66913
274,2020-09-23,3875,3850,24803
275,2020-09-24,3775,3770,70669
276,2020-09-25,3760,3850,88997
277,2020-09-28,3870,3925,48475
278,2020-09-29,3940,3975,51846
279,2020-10-05,3950,3880,42102
280,2020-10-06,3915,3890,48124
281,2020-10-07,3870,3905,17819
282,2020-10-08,3915,3905,21663
283,2020-10-12,3955,3925,101025
284,2020-10-13,3955,3905,66316
285,2020-10-14,3905,4045,164021
286,2020-10-15,4395,3995,670310
287,2020-10-16,4000,3920,86561
288,2020-10-19,3950,3860,40764
289,2020-10-20,3810,3800,100348
290,2020-10-21,3840,3900,26902
291,2020-10-22,3895,3915,23414
292,2020-10-23,3900,3885,25758
293,2020-10-26,3900,3810,61667
294,2020-10-27,3815,3770,57412
295,2020-10-28,3780,3785,32053
296,2020-10-29,3780,3785,117845
297,2020-10-30,3785,3775,35601
298,2020-11-02,3765,3775,25853
299,2020-11-03,3775,3815,26750
