,date,open,close,volume
0,2019-08-16,8450,8360,31693
1,2019-08-19,8320,8420,8574
2,2019-08-20,8420,8490,23543
3,2019-08-21,8460,8750,56577
4,2019-08-22,8800,8560,49619
5,2019-08-23,8360,8610,12764
6,2019-08-26,8310,8290,31301
7,2019-08-27,8310,8300,21649
8,2019-08-28,8230,8330,15228
9,2019-08-29,8350,8270,21542
10,2019-08-30,8270,8460,40247
11,2019-09-02,8460,8650,16399
12,2019-09-03,8570,8650,30228
13,2019-09-04,8560,8800,36239
14,2019-09-05,9140,9060,208998
15,2019-09-06,9130,8900,34335
16,2019-09-09,8900,8770,26445
17,2019-09-10,8800,8760,8076
18,2019-09-11,8760,8930,31116
19,2019-09-16,8930,9050,18587
20,2019-09-17,8930,9220,39647
21,2019-09-18,9220,9110,27381
22,2019-09-19,9120,9400,113243
23,2019-09-20,9450,9400,57377
24,2019-09-23,9360,9370,23389
25,2019-09-24,9280,9270,22262
26,2019-09-25,9270,9030,39794
27,2019-09-26,9010,8890,35325
28,2019-09-27,8810,8620,35284
29,2019-09-30,8550,8420,33805
30,2019-10-01,8380,8650,18362
31,2019-10-02,8650,8330,42066
32,2019-10-04,8330,8290,17603
33,2019-10-07,8220,8510,29934
34,2019-10-08,8490,8360,22018
35,2019-10-10,8370,8410,27241
36,2019-10-11,8420,8650,36424
37,2019-10-14,8850,8620,29849
38,2019-10-15,8600,8710,23485
39,2019-10-16,8710,8670,17579
40,2019-10-17,8620,8580,21793
41,2019-10-18,8510,8470,12876
42,2019-10-21,8470,8290,27454
43,2019-10-22,8210,8290,24870
44,2019-10-23,8240,8200,47717
45,2019-10-24,8130,8340,31823
46,2019-10-25,8420,8220,22660
47,2019-10-28,8220,8180,14428
48,2019-10-29,8090,8070,30520
49,2019-10-30,8070,8070,18234
50,2019-10-31,8020,8130,23009
51,2019-11-01,8050,8430,35493
52,2019-11-04,8430,8650,59779
53,2019-11-05,8580,8890,84103
54,2019-11-06,8890,8750,73278
55,2019-11-07,8750,8730,18270
56,2019-11-08,8730,8690,18496
57,2019-11-11,8690,8460,31155
58,2019-11-12,8460,8570,29777
59,2019-11-13,8570,8340,24690
60,2019-11-14,8340,8440,27408
61,2019-11-15,8430,8410,22709
62,2019-11-18,8410,8630,39838
63,2019-11-19,8630,8430,15554
64,2019-11-20,8350,8180,71883
65,2019-11-21,8180,7940,27768
66,2019-11-22,7940,7840,33900
67,2019-11-25,7880,7960,9150
68,2019-11-26,7980,8060,16540
69,2019-11-27,8100,7990,15746
70,2019-11-28,7990,7980,11959
71,2019-11-29,7960,7820,20131
72,2019-12-02,7820,7820,8218
73,2019-12-03,7820,7760,13058
74,2019-12-04,7750,7690,16833
75,2019-12-05,7690,7450,29452
76,2019-12-06,7650,7520,15585
77,2019-12-09,7550,7500,11534
78,2019-12-10,7380,7500,17119
79,2019-12-11,7510,7380,22052
80,2019-12-12,7400,7410,16619
81,2019-12-13,7410,7560,24656
82,2019-12-16,7560,7610,17957
83,2019-12-17,7610,7550,15178
84,2019-12-18,7550,7550,11755
85,2019-12-19,7560,7580,2720
86,2019-12-20,7600,7550,6914
87,2019-12-23,7620,7430,14773
88,2019-12-24,7410,7220,29739
89,2019-12-26,7280,7380,17324
90,2019-12-27,7380,7420,9870
91,2019-12-30,7420,7520,21426
92,2020-01-02,7550,7570,22087
93,2020-01-03,7520,7610,19297
94,2020-01-06,7600,7440,27949
95,2020-01-07,7440,7500,24583
96,2020-01-08,7490,7270,52653
97,2020-01-09,7290,7350,32597
98,2020-01-10,7400,7870,161664
99,2020-01-13,7870,7990,54994
100,2020-01-14,8040,8070,65000
101,2020-01-15,8070,8100,56240
102,2020-01-16,8060,8030,23705
103,2020-01-17,8090,8110,22640
104,2020-01-20,8010,8000,38307
105,2020-01-21,7980,7890,19546
106,2020-01-22,7890,8120,31069
107,2020-01-23,8120,7980,36580
108,2020-01-28,7900,7830,27324
109,2020-01-29,7900,8170,78793
110,2020-01-30,8170,7850,50741
111,2020-01-31,7830,7880,96024
112,2020-02-03,7760,7860,32204
113,2020-02-04,7800,7960,22625
114,2020-02-05,8020,8110,41135
115,2020-02-06,8170,8190,56729
116,2020-02-07,8160,8310,63718
117,2020-02-10,8320,8300,27826
118,2020-02-11,8240,8240,37324
119,2020-02-12,8280,8270,22533
120,2020-02-13,8250,8180,24398
121,2020-02-14,8220,8430,85275
122,2020-02-17,8430,8530,74027
123,2020-02-18,8460,8230,54748
124,2020-02-19,8230,8240,25465
125,2020-02-20,8280,8170,20821
126,2020-02-21,8090,7740,56416
127,2020-02-24,7520,7440,57910
128,2020-02-25,7310,7530,22169
129,2020-02-26,7520,7410,52891
130,2020-02-27,7480,7100,63741
131,2020-02-28,6920,6600,62245
132,2020-03-02,6700,6800,27149
133,2020-03-03,6950,7070,23054
134,2020-03-04,7000,7240,18691
135,2020-03-05,7240,7370,28643
136,2020-03-06,7360,7330,42669
137,2020-03-09,7320,7150,17978
138,2020-03-10,6930,7060,22100
139,2020-03-11,7060,6680,39651
140,2020-03-12,6610,6150,46494
141,2020-03-13,5700,5590,78948
142,2020-03-16,5590,5610,26704
143,2020-03-17,5300,5430,41523
144,2020-03-18,5350,5330,27420
145,2020-03-19,5270,4480,87182
146,2020-03-20,4480,4800,70882
147,2020-03-23,4480,4635,30633
148,2020-03-24,4665,4965,28870
149,2020-03-25,5340,5790,194058
150,2020-03-26,5880,5740,85621
151,2020-03-27,5840,5760,75303
152,2020-03-30,5750,5900,72344
153,2020-03-31,6080,6050,92059
154,2020-04-01,5970,5790,60846
155,2020-04-02,5750,5920,19298
156,2020-04-03,5990,6180,73011
157,2020-04-06,6200,6550,62867
158,2020-04-07,6580,6640,53040
159,2020-04-08,6780,7290,550324
160,2020-04-09,7290,7200,109196
161,2020-04-10,7200,7050,74461
162,2020-04-13,7050,7000,49214
163,2020-04-14,6930,6990,29201
164,2020-04-16,7000,7030,17998
165,2020-04-17,7090,7270,52678
166,2020-04-20,7280,7370,33073
167,2020-04-21,7370,7120,66908
168,2020-04-22,7040,7130,24467
169,2020-04-23,7180,7120,35515
170,2020-04-24,7130,6920,35524
171,2020-04-27,6930,7150,25791
172,2020-04-28,7270,7150,10446
173,2020-04-29,7150,7280,32918
174,2020-05-04,7200,7200,14124
175,2020-05-06,7270,7270,21133
176,2020-05-07,7250,7360,24834
177,2020-05-08,7420,7830,93751
178,2020-05-11,7850,7630,39085
179,2020-05-12,7640,7520,29136
180,2020-05-13,7380,8200,222183
181,2020-05-14,8270,8160,91443
182,2020-05-15,8050,8030,46037
183,2020-05-18,8030,7900,67151
184,2020-05-19,8000,7870,25322
185,2020-05-20,7980,7880,17323
186,2020-05-21,7880,7920,20481
187,2020-05-22,7960,7670,86024
188,2020-05-25,7670,7520,82107
189,2020-05-26,7550,7630,49901
190,2020-05-27,7640,7480,39708
191,2020-05-28,7670,7210,69708
192,2020-05-29,7290,7250,14349
193,2020-06-01,7460,7430,23372
194,2020-06-02,7490,7730,92142
195,2020-06-03,7810,7710,31286
196,2020-06-04,7710,7790,28675
197,2020-06-05,7790,7840,26314
198,2020-06-08,7890,7790,30494
199,2020-06-09,7790,7640,28203
200,2020-06-10,7780,7570,18830
201,2020-06-11,7670,7460,23195
202,2020-06-12,7260,7320,29438
203,2020-06-15,7260,7000,54656
204,2020-06-16,7000,7340,38836
205,2020-06-17,7330,7780,57397
206,2020-06-18,7670,7630,16023
207,2020-06-19,7640,7630,35668
208,2020-06-22,7640,7520,20881
209,2020-06-23,7520,7540,20622
210,2020-06-24,7600,7510,28123
211,2020-06-25,7420,7770,51935
212,2020-06-26,7780,7830,51261
213,2020-06-29,8120,10150,3058179
214,2020-06-30,11250,9460,2450969
215,2020-07-01,9860,9940,1376102
216,2020-07-02,10000,9840,637149
217,2020-07-03,9650,9630,238286
218,2020-07-06,9580,9690,182384
219,2020-07-07,9700,10200,267748
220,2020-07-08,10000,9850,259217
221,2020-07-09,9800,9610,120953
222,2020-07-10,9620,9770,700396
223,2020-07-13,9790,10450,491341
224,2020-07-14,11450,11600,7016270
225,2020-07-15,11750,11000,836317
226,2020-07-16,10950,11400,529470
227,2020-07-17,11150,11450,401832
228,2020-07-20,11400,11650,214952
229,2020-07-21,11600,12250,457317
230,2020-07-22,12150,12000,181618
231,2020-07-23,11950,11600,157132
232,2020-07-24,11350,11450,179749
233,2020-07-27,11450,11950,205923
234,2020-07-28,12200,13650,5139634
235,2020-07-29,13550,13000,611784
236,2020-07-30,13100,14500,2803291
237,2020-07-31,14400,14100,397877
238,2020-08-03,14150,14000,410949
239,2020-08-04,13950,14450,421811
240,2020-08-05,14200,14100,180872
241,2020-08-06,14100,13700,211908
242,2020-08-07,13700,13450,193785
243,2020-08-10,13450,14700,238156
244,2020-08-11,14700,14250,136565
245,2020-08-12,14450,14000,91644
246,2020-08-13,14000,13600,120287
247,2020-08-14,13600,14150,525584
248,2020-08-18,14300,13500,169614
249,2020-08-19,13600,12750,232686
250,2020-08-20,12900,12500,99110
251,2020-08-21,12450,12800,71521
252,2020-08-24,12800,13200,53165
253,2020-08-25,13250,13400,115531
254,2020-08-26,13400,13450,80047
255,2020-08-27,13300,13150,43641
256,2020-08-28,13200,15050,771641
257,2020-08-31,16550,15900,1457176
258,2020-09-01,16300,17450,2766891
259,2020-09-02,17450,16950,273566
260,2020-09-03,16900,18200,751282
261,2020-09-04,16950,18100,352565
262,2020-09-07,17950,17200,228338
263,2020-09-08,17200,16450,130720
264,2020-09-09,16100,16250,92691
265,2020-09-10,16200,16250,81346
266,2020-09-11,16200,15900,61225
267,2020-09-14,15900,16150,49513
268,2020-09-15,16150,16100,44833
269,2020-09-16,16250,15800,466351
270,2020-09-17,15900,15000,146256
271,2020-09-18,15000,15100,44229
272,2020-09-21,14850,13450,275626
273,2020-09-22,13550,13400,101147
274,2020-09-23,13800,13400,111591
275,2020-09-24,13000,12200,289974
276,2020-09-25,12700,12500,103577
277,2020-09-28,12600,12900,27651
278,2020-09-29,13050,13150,30030
279,2020-10-05,13150,13350,33701
280,2020-10-06,13250,13350,53468
281,2020-10-07,13100,13500,33228
282,2020-10-08,13450,13400,33570
283,2020-10-12,13450,13250,30053
284,2020-10-13,13500,13400,27740
285,2020-10-14,13250,13050,66072
286,2020-10-15,13250,12500,41924
287,2020-10-16,12350,12350,45967
288,2020-10-19,12150,12050,17278
289,2020-10-20,11800,11800,49209
290,2020-10-21,11800,11750,74915
291,2020-10-22,11750,11650,40398
292,2020-10-23,11750,11200,67712
293,2020-10-26,11100,10450,54126
294,2020-10-27,10300,11100,1209897
295,2020-10-28,10850,11350,212222
296,2020-10-29,11000,11200,51138
297,2020-10-30,11200,10800,48854
298,2020-11-02,10800,11050,43565
299,2020-11-03,11000,11200,51132
