,date,open,close,volume
0,2019-08-16,5600,5580,41175
1,2019-08-19,5580,5600,28491
2,2019-08-20,5690,5720,50921
3,2019-08-21,5700,5890,397858
4,2019-08-22,5890,5880,44176
5,2019-08-23,5870,5860,45022
6,2019-08-26,5750,5700,58983
7,2019-08-27,5720,5690,13142
8,2019-08-28,5620,5810,44394
9,2019-08-29,5750,5890,19528
10,2019-08-30,5920,5910,52563
11,2019-09-02,5810,5890,27342
12,2019-09-03,5850,5880,25788
13,2019-09-04,5930,5900,18327
14,2019-09-05,5960,5900,24034
15,2019-09-06,5980,6060,290294
16,2019-09-09,6000,5930,74525
17,2019-09-10,5930,6080,48046
18,2019-09-11,6010,6110,42123
19,2019-09-16,6110,6050,40475
20,2019-09-17,6050,6330,377047
21,2019-09-18,6330,6190,112395
22,2019-09-19,6260,6180,45670
23,2019-09-20,6240,6170,32293
24,2019-09-23,6130,6080,43153
25,2019-09-24,6020,6160,21675
26,2019-09-25,6170,5970,52886
27,2019-09-26,6080,5870,43100
28,2019-09-27,5990,5920,24272
29,2019-09-30,5820,5800,26958
30,2019-10-01,5990,5890,39100
31,2019-10-02,5830,5780,20554
32,2019-10-04,5780,5710,16827
33,2019-10-07,5710,5770,24840
34,2019-10-08,5710,5820,34350
35,2019-10-10,5800,5840,13942
36,2019-10-11,5800,6160,433925
37,2019-10-14,6210,6150,66403
38,2019-10-15,6190,6370,114110
39,2019-10-16,6430,6360,51050
40,2019-10-17,6440,6260,86693
41,2019-10-18,6260,6160,32558
42,2019-10-21,6090,6060,43635
43,2019-10-22,6030,6070,32098
44,2019-10-23,6340,6210,730425
45,2019-10-24,6150,6120,76813
46,2019-10-25,6130,6020,62604
47,2019-10-28,5980,6160,65857
48,2019-10-29,6180,6120,48744
49,2019-10-30,6140,6260,51550
50,2019-10-31,6220,6310,48925
51,2019-11-01,6220,6350,127874
52,2019-11-04,6460,6470,134978
53,2019-11-05,6470,7010,2124509
54,2019-11-06,6980,6900,367017
55,2019-11-07,7150,7410,6303515
56,2019-11-08,7450,7210,1019255
57,2019-11-11,7290,7100,666045
58,2019-11-12,7050,6970,350536
59,2019-11-13,6970,7070,172877
60,2019-11-14,7080,6990,321831
61,2019-11-15,6860,6910,207425
62,2019-11-18,7070,6950,86108
63,2019-11-19,6900,6710,114324
64,2019-11-20,6660,6540,164307
65,2019-11-21,6440,6480,173128
66,2019-11-22,6450,6330,80202
67,2019-11-25,6350,6530,58895
68,2019-11-26,6600,6530,52994
69,2019-11-27,6530,6910,667888
70,2019-11-28,7140,6710,1482129
71,2019-11-29,6710,6510,171708
72,2019-12-02,6470,6640,101128
73,2019-12-03,6530,6520,68196
74,2019-12-04,6630,6540,60227
75,2019-12-05,6540,6350,131429
76,2019-12-06,6350,6520,74567
77,2019-12-09,6520,6630,63392
78,2019-12-10,6570,6640,66642
79,2019-12-11,6640,6630,77753
80,2019-12-12,6650,6770,84800
81,2019-12-13,6810,6820,61467
82,2019-12-16,6820,6880,68126
83,2019-12-17,6850,6740,83566
84,2019-12-18,6890,6700,57806
85,2019-12-19,6700,6760,43800
86,2019-12-20,6780,6740,42620
87,2019-12-23,6740,6630,53900
88,2019-12-24,6640,6600,52930
89,2019-12-26,6680,6600,40838
90,2019-12-27,6590,6700,127378
91,2019-12-30,6690,6820,89370
92,2020-01-02,6890,6880,71290
93,2020-01-03,6880,6910,107077
94,2020-01-06,6810,6670,119433
95,2020-01-07,6670,6830,123136
96,2020-01-08,6820,6330,224282
97,2020-01-09,6540,6610,87172
98,2020-01-10,6600,6740,77859
99,2020-01-13,6780,6800,51031
100,2020-01-14,6780,6790,66658
101,2020-01-15,6780,6810,59729
102,2020-01-16,6850,6860,105109
103,2020-01-17,7120,6940,400958
104,2020-01-20,6990,7160,422451
105,2020-01-21,7180,7010,284476
106,2020-01-22,7130,7310,755602
107,2020-01-23,7370,7410,1423087
108,2020-01-28,7930,8030,2590653
109,2020-01-29,8500,7700,1739838
110,2020-01-30,7730,7280,492344
111,2020-01-31,7450,6750,470813
112,2020-02-03,6450,6340,354556
113,2020-02-04,6450,6440,201927
114,2020-02-05,6480,6680,393507
115,2020-02-06,6710,6790,272865
116,2020-02-07,6860,6650,139121
117,2020-02-10,6650,6560,108933
118,2020-02-11,6550,6470,129947
119,2020-02-12,6480,6510,85694
120,2020-02-13,6540,6450,99743
121,2020-02-14,6450,6420,74713
122,2020-02-17,6480,6390,85046
123,2020-02-18,6400,6440,95028
124,2020-02-19,6400,6650,231402
125,2020-02-20,6700,6470,211480
126,2020-02-21,6490,6370,109469
127,2020-02-24,6360,6110,173212
128,2020-02-25,6060,6220,77649
129,2020-02-26,6120,6140,45853
130,2020-02-27,6140,6040,96480
131,2020-02-28,6000,5560,139953
132,2020-03-02,5460,5610,91209
133,2020-03-03,5730,5820,49881
134,2020-03-04,5790,5890,29086
135,2020-03-05,6010,6140,89445
136,2020-03-06,6130,6010,60117
137,2020-03-09,5860,5800,74977
138,2020-03-10,5670,5700,81116
139,2020-03-11,5700,5440,112424
140,2020-03-12,5400,4955,265465
141,2020-03-13,4460,4310,349087
142,2020-03-16,4355,5600,1679351
143,2020-03-17,5890,7150,9142835
144,2020-03-18,7340,6510,4378023
145,2020-03-19,6620,6850,15376110
146,2020-03-20,6970,7000,3134368
147,2020-03-23,6930,6720,2208531
148,2020-03-24,6710,6860,2501157
149,2020-03-25,6930,6970,2358581
150,2020-03-26,7200,7540,8237399
151,2020-03-27,7740,7600,11830951
152,2020-03-30,7810,8400,3576016
153,2020-03-31,9050,8770,6281527
154,2020-04-01,8760,7920,1657334
155,2020-04-02,7780,8100,1463985
156,2020-04-03,8000,8260,2411733
157,2020-04-06,8650,8750,2473877
158,2020-04-07,9170,8520,2216722
159,2020-04-08,8500,8760,1200869
160,2020-04-09,8760,8530,724198
161,2020-04-10,8550,8220,1829453
162,2020-04-13,8170,7810,550212
163,2020-04-14,7890,8070,4587201
164,2020-04-16,8010,7670,856700
165,2020-04-17,7690,7610,446295
166,2020-04-20,7640,7790,446869
167,2020-04-21,7770,7550,715151
168,2020-04-22,7330,7510,247036
169,2020-04-23,7570,7640,368731
170,2020-04-24,7600,7470,556665
171,2020-04-27,7500,7590,184119
172,2020-04-28,7660,7420,252808
173,2020-04-29,7430,7420,186919
174,2020-05-04,7290,7340,178947
175,2020-05-06,7450,7340,134082
176,2020-05-07,7420,7350,121709
177,2020-05-08,7540,7550,374643
178,2020-05-11,7580,7490,171052
179,2020-05-12,7450,7630,339731
180,2020-05-13,7580,7670,388173
181,2020-05-14,7670,7810,421246
182,2020-05-15,7820,7810,777469
183,2020-05-18,7770,7640,306061
184,2020-05-19,7640,7500,468888
185,2020-05-20,7500,7740,4294278
186,2020-05-21,7800,7700,429941
187,2020-05-22,7700,7460,292091
188,2020-05-25,7440,7510,270536
189,2020-05-26,7520,7770,601970
190,2020-05-27,7770,7550,318663
191,2020-05-28,7550,7380,260303
192,2020-05-29,7330,7380,98574
193,2020-06-01,7440,7500,126360
194,2020-06-02,7470,7600,205850
195,2020-06-03,7680,7460,213274
196,2020-06-04,7450,7450,108160
197,2020-06-05,7540,7680,491837
198,2020-06-08,7750,7820,565874
199,2020-06-09,7930,7840,326536
200,2020-06-10,8270,8110,9655389
201,2020-06-11,8410,8090,1238374
202,2020-06-12,7500,7740,654032
203,2020-06-15,7760,7130,743710
204,2020-06-16,7280,7400,307610
205,2020-06-17,7550,7700,1207099
206,2020-06-18,7760,7820,605376
207,2020-06-19,7890,7520,384271
208,2020-06-22,7410,7450,210188
209,2020-06-23,7500,7260,326301
210,2020-06-24,7320,7550,400385
211,2020-06-25,7480,7370,264093
212,2020-06-26,7400,7350,132591
213,2020-06-29,7300,7290,152651
214,2020-06-30,7350,7270,165662
215,2020-07-01,7250,7190,212500
216,2020-07-02,7220,7270,159053
217,2020-07-03,7270,7500,2696493
218,2020-07-06,7850,7500,806903
219,2020-07-07,7440,7510,358930
220,2020-07-08,7510,7430,132732
221,2020-07-09,7490,7350,247162
222,2020-07-10,7430,7330,181413
223,2020-07-13,7330,7560,353162
224,2020-07-14,7500,7650,611369
225,2020-07-15,7780,7570,322496
226,2020-07-16,7500,7470,196278
227,2020-07-17,7520,7920,1511254
228,2020-07-20,8020,7920,998047
229,2020-07-21,8070,8030,3528070
230,2020-07-22,8140,8820,9738656
231,2020-07-23,9480,11450,5498137
232,2020-07-24,13400,13300,16686590
233,2020-07-27,12600,10100,6689007
234,2020-07-28,10400,9710,3708515
235,2020-07-29,9520,9580,3383555
236,2020-07-30,10000,9970,6779925
237,2020-07-31,9800,10100,2823820
238,2020-08-03,10250,10350,2098763
239,2020-08-04,10400,10600,4428738
240,2020-08-05,10650,10300,1647196
241,2020-08-06,10400,10500,816980
242,2020-08-07,10450,9980,992450
243,2020-08-10,10050,10400,736548
244,2020-08-11,10300,10100,631757
245,2020-08-12,10100,9990,1028856
246,2020-08-13,10200,9860,562115
247,2020-08-14,9870,9410,667012
248,2020-08-18,9370,9300,653091
249,2020-08-19,9310,9580,702753
250,2020-08-20,9580,9600,1042308
251,2020-08-21,9930,9290,922596
252,2020-08-24,9300,9520,501180
253,2020-08-25,9500,9870,2288145
254,2020-08-26,9990,10200,2852438
255,2020-08-27,10400,9740,901606
256,2020-08-28,9850,9800,1180089
257,2020-08-31,9880,10100,1039138
258,2020-09-01,10200,10000,825091
259,2020-09-02,10150,10650,3781644
260,2020-09-03,10650,11200,5794532
261,2020-09-04,10650,10750,1845392
262,2020-09-07,10700,10300,1660951
263,2020-09-08,10350,9900,966684
264,2020-09-09,9560,9510,635893
265,2020-09-10,9610,9510,348422
266,2020-09-11,9500,9800,384582
267,2020-09-14,9830,9610,248858
268,2020-09-15,9610,9570,234971
269,2020-09-16,9560,9570,168216
270,2020-09-17,9570,9280,256530
271,2020-09-18,9300,9490,458989
272,2020-09-21,9550,9020,259830
273,2020-09-22,9020,8370,478712
274,2020-09-23,8430,8440,202578
275,2020-09-24,8200,7800,318289
276,2020-09-25,7840,8140,247259
277,2020-09-28,8140,8320,144410
278,2020-09-29,8330,8460,129096
279,2020-10-05,8500,8420,118787
280,2020-10-06,8420,8610,195005
281,2020-10-07,8600,8850,189835
282,2020-10-08,8910,8840,129674
283,2020-10-12,8850,9170,358741
284,2020-10-13,9180,9020,164089
285,2020-10-14,9000,8750,169331
286,2020-10-15,8750,8440,167281
287,2020-10-16,8380,8450,200061
288,2020-10-19,8450,8500,158135
289,2020-10-20,8320,8430,121333
290,2020-10-21,8380,8570,75722
291,2020-10-22,8510,8240,93468
292,2020-10-23,8270,8160,110086
293,2020-10-26,8160,7880,95053
294,2020-10-27,7750,7870,105149
295,2020-10-28,7770,8150,84602
296,2020-10-29,8010,8190,61732
297,2020-10-30,8130,7930,58948
298,2020-11-02,7880,7990,59980
299,2020-11-03,7990,8030,81406
