,date,open,close,volume
0,2019-08-16,4770,4705,143305
1,2019-08-19,4750,4650,91707
2,2019-08-20,4650,4690,51584
3,2019-08-21,4700,4745,47304
4,2019-08-22,4745,4420,259774
5,2019-08-23,4400,4460,124597
6,2019-08-26,4600,4415,146790
7,2019-08-27,4400,4365,71755
8,2019-08-28,4320,4355,43478
9,2019-08-29,4355,4310,51769
10,2019-08-30,4305,4360,46604
11,2019-09-02,4365,4840,1410109
12,2019-09-03,4715,4530,384178
13,2019-09-04,4580,4745,531035
14,2019-09-05,4760,4665,455030
15,2019-09-06,4720,4590,102140
16,2019-09-09,4510,4515,451080
17,2019-09-10,4515,4440,95879
18,2019-09-11,4440,4485,64296
19,2019-09-16,4470,4470,63083
20,2019-09-17,4460,4500,113074
21,2019-09-18,4530,4415,129917
22,2019-09-19,4415,4430,70431
23,2019-09-20,4465,4435,58445
24,2019-09-23,4430,4400,62020
25,2019-09-24,4380,4430,42644
26,2019-09-25,4400,4390,67273
27,2019-09-26,4385,4620,468566
28,2019-09-27,4700,4535,147417
29,2019-09-30,4570,4635,252179
30,2019-10-01,4620,4525,167039
31,2019-10-02,4525,4325,177462
32,2019-10-04,4380,4250,82851
33,2019-10-07,4285,4165,74098
34,2019-10-08,4165,4190,46053
35,2019-10-10,4165,4200,13809
36,2019-10-11,4210,4195,24224
37,2019-10-14,4270,4100,121177
38,2019-10-15,4100,4100,25429
39,2019-10-16,4100,4125,30565
40,2019-10-17,4125,4080,18607
41,2019-10-18,4080,4155,21999
42,2019-10-21,4155,4185,28353
43,2019-10-22,4200,4230,39349
44,2019-10-23,4300,4215,45583
45,2019-10-24,4220,4255,72370
46,2019-10-25,4310,4265,156415
47,2019-10-28,4320,4170,41812
48,2019-10-29,4130,4085,149156
49,2019-10-30,4125,4055,64887
50,2019-10-31,4100,4125,35432
51,2019-11-01,4085,4125,15682
52,2019-11-04,4090,4120,83102
53,2019-11-05,4120,4115,51316
54,2019-11-06,4140,4155,35728
55,2019-11-07,4150,4245,27156
56,2019-11-08,4240,4220,48174
57,2019-11-11,4220,4210,54638
58,2019-11-12,4175,4225,26768
59,2019-11-13,4235,4245,19515
60,2019-11-14,4250,4215,49718
61,2019-11-15,4230,4200,51414
62,2019-11-18,4200,4200,41765
63,2019-11-19,4200,4220,74840
64,2019-11-20,4250,4180,72723
65,2019-11-21,4180,4165,71591
66,2019-11-22,4160,4075,82460
67,2019-11-25,4075,4100,53484
68,2019-11-26,4065,4095,38290
69,2019-11-27,4110,4085,103918
70,2019-11-28,4115,4095,56574
71,2019-11-29,4095,4075,42731
72,2019-12-02,4115,4110,23773
73,2019-12-03,4050,4060,35440
74,2019-12-04,4045,4060,23366
75,2019-12-05,4060,4045,53214
76,2019-12-06,4045,4050,29535
77,2019-12-09,4050,3975,62673
78,2019-12-10,3930,3880,55254
79,2019-12-11,3880,3845,69956
80,2019-12-12,3850,3885,47860
81,2019-12-13,3900,3900,71583
82,2019-12-16,3945,4000,66909
83,2019-12-17,4100,3975,39529
84,2019-12-18,3955,3950,41172
85,2019-12-19,3950,3955,24040
86,2019-12-20,3915,3960,32172
87,2019-12-23,3985,4015,54586
88,2019-12-24,4015,4010,10164
89,2019-12-26,3925,3975,14876
90,2019-12-27,4040,3950,12732
91,2019-12-30,3955,3980,14889
92,2020-01-02,3980,4040,29916
93,2020-01-03,4040,4035,14996
94,2020-01-06,4035,3965,10837
95,2020-01-07,3970,3970,8807
96,2020-01-08,3610,3850,22126
97,2020-01-09,3860,3905,12889
98,2020-01-10,3990,3825,53585
99,2020-01-13,3825,3830,35794
100,2020-01-14,3830,3950,146273
101,2020-01-15,4020,3965,10962
102,2020-01-16,3965,4000,13094
103,2020-01-17,3975,3930,22380
104,2020-01-20,3880,3940,22466
105,2020-01-21,3920,3895,48346
106,2020-01-22,3885,3930,73837
107,2020-01-23,3990,3850,44233
108,2020-01-28,3800,3745,39835
109,2020-01-29,3730,3795,6189
110,2020-01-30,3850,3580,149646
111,2020-01-31,3715,3725,675189
112,2020-02-03,3520,3570,156528
113,2020-02-04,3595,3655,101576
114,2020-02-05,3700,3600,66155
115,2020-02-06,3645,3670,19637
116,2020-02-07,3650,3635,25068
117,2020-02-10,3675,3660,23813
118,2020-02-11,3690,3680,27338
119,2020-02-12,3680,3655,24309
120,2020-02-13,3685,3685,24803
121,2020-02-14,3705,3725,9797
122,2020-02-17,3725,3740,61741
123,2020-02-18,3775,3695,24799
124,2020-02-19,3695,3695,17119
125,2020-02-20,3650,3580,49457
126,2020-02-21,3510,3525,48525
127,2020-02-24,3525,3570,72744
128,2020-02-25,3660,3840,206473
129,2020-02-26,4800,4250,8851668
130,2020-02-27,4150,3865,1191150
131,2020-02-28,3770,3700,768978
132,2020-03-02,3690,3540,353775
133,2020-03-03,3560,3480,196447
134,2020-03-04,3470,3480,132969
135,2020-03-05,3550,3530,118855
136,2020-03-06,3500,3470,120893
137,2020-03-09,3445,3180,220740
138,2020-03-10,3060,3085,98569
139,2020-03-11,3150,2995,74700
140,2020-03-12,2930,2840,84671
141,2020-03-13,2645,2500,214512
142,2020-03-16,2510,2730,664543
143,2020-03-17,2600,2845,131214
144,2020-03-18,2810,2665,114163
145,2020-03-19,2665,2495,156218
146,2020-03-20,2485,2670,83776
147,2020-03-23,2505,2665,77604
148,2020-03-24,2665,2795,44428
149,2020-03-25,2820,2935,83586
150,2020-03-26,2950,2960,91453
151,2020-03-27,2995,3090,85852
152,2020-03-30,3090,3280,102999
153,2020-03-31,3380,3280,54103
154,2020-04-01,3280,3165,345344
155,2020-04-02,3110,3200,54442
156,2020-04-03,3270,3240,40317
157,2020-04-06,3300,3300,44041
158,2020-04-07,3395,3325,36277
159,2020-04-08,3320,3350,14291
160,2020-04-09,3350,3370,22967
161,2020-04-10,3370,3360,29793
162,2020-04-13,3360,3790,535179
163,2020-04-14,3775,3610,78845
164,2020-04-16,3595,3540,31777
165,2020-04-17,3550,3645,109171
166,2020-04-20,3670,3530,89511
167,2020-04-21,3550,3585,34561
168,2020-04-22,3455,3555,13623
169,2020-04-23,3555,3610,15586
170,2020-04-24,3690,3610,45734
171,2020-04-27,3575,3610,20389
172,2020-04-28,3620,3705,46994
173,2020-04-29,3795,3770,47321
174,2020-05-04,3910,3885,435581
175,2020-05-06,3850,3875,100572
176,2020-05-07,3915,3885,41117
177,2020-05-08,3870,4025,339903
178,2020-05-11,4025,3940,84979
179,2020-05-12,3945,4025,153666
180,2020-05-13,3970,3980,32950
181,2020-05-14,3980,3930,13105
182,2020-05-15,3935,4030,737037
183,2020-05-18,4120,4055,137436
184,2020-05-19,4075,3985,66323
185,2020-05-20,4045,4090,74285
186,2020-05-21,4090,3990,64420
187,2020-05-22,4030,4155,269546
188,2020-05-25,4200,4115,66982
189,2020-05-26,4080,4110,39676
190,2020-05-27,4140,4210,181566
191,2020-05-28,4235,4325,2289407
192,2020-05-29,4550,4560,671714
193,2020-06-01,4330,4250,345475
194,2020-06-02,4710,4320,341189
195,2020-06-03,4250,4140,197045
196,2020-06-04,4180,4240,112944
197,2020-06-05,4260,4170,83815
198,2020-06-08,4170,4060,37413
199,2020-06-09,4135,4005,32882
200,2020-06-10,3985,4030,35322
201,2020-06-11,4030,3880,44998
202,2020-06-12,3585,3850,41109
203,2020-06-15,3810,3560,46994
204,2020-06-16,3600,3700,39322
205,2020-06-17,3700,3720,21109
206,2020-06-18,3770,3695,8110
207,2020-06-19,3720,3835,81615
208,2020-06-22,3840,3965,29981
209,2020-06-23,3965,3950,185477
210,2020-06-24,3950,3845,15676
211,2020-06-25,3820,3830,12054
212,2020-06-26,3925,3845,33946
213,2020-06-29,3750,3815,12070
214,2020-06-30,3865,3895,30649
215,2020-07-01,3895,3800,85656
216,2020-07-02,3725,3745,25104
217,2020-07-03,3780,3750,9899
218,2020-07-06,3760,3770,16730
219,2020-07-07,3800,3770,10301
220,2020-07-08,3780,3740,6710
221,2020-07-09,3790,3760,20879
222,2020-07-10,3835,3780,14091
223,2020-07-13,3795,3740,7705
224,2020-07-14,3740,3735,6224
225,2020-07-15,3780,3755,9293
226,2020-07-16,3770,3750,16263
227,2020-07-17,3810,3770,15579
228,2020-07-20,3735,3760,18429
229,2020-07-21,3760,3670,29959
230,2020-07-22,3695,3700,27518
231,2020-07-23,3840,3855,106534
232,2020-07-24,3855,3970,131318
233,2020-07-27,4105,3950,139787
234,2020-07-28,3950,3830,34044
235,2020-07-29,3825,3840,36912
236,2020-07-30,3835,3870,14126
237,2020-07-31,3870,3940,38956
238,2020-08-03,4000,3980,19207
239,2020-08-04,3980,3970,23606
240,2020-08-05,4000,4010,30143
241,2020-08-06,4000,4010,38264
242,2020-08-07,4010,4020,88043
243,2020-08-10,4020,4040,25002
244,2020-08-11,4040,4075,61230
245,2020-08-12,4070,3910,61484
246,2020-08-13,3910,4080,39789
247,2020-08-14,4080,3955,40665
248,2020-08-18,3960,3810,36392
249,2020-08-19,3745,3805,10295
250,2020-08-20,3890,3625,38061
251,2020-08-21,3785,3595,32171
252,2020-08-24,3695,3675,6864
253,2020-08-25,3675,3745,20980
254,2020-08-26,3695,3675,49193
255,2020-08-27,3660,3615,25297
256,2020-08-28,3650,3630,17277
257,2020-08-31,3655,3725,24236
258,2020-09-01,3725,3685,9144
259,2020-09-02,3685,3685,9449
260,2020-09-03,3685,3700,8664
261,2020-09-04,3645,3640,11861
262,2020-09-07,3640,3680,16606
263,2020-09-08,3680,3725,14206
264,2020-09-09,3725,3750,16095
265,2020-09-10,3750,3740,22727
266,2020-09-11,3700,3680,15191
267,2020-09-14,3680,3720,12053
268,2020-09-15,3725,3730,11749
269,2020-09-16,3725,3700,4098
270,2020-09-17,3705,3670,14926
271,2020-09-18,3665,3630,9180
272,2020-09-21,3630,3595,34167
273,2020-09-22,3595,3580,16109
274,2020-09-23,3560,3575,14293
275,2020-09-24,3545,3450,25275
276,2020-09-25,3450,3420,15254
277,2020-09-28,3420,3450,19423
278,2020-09-29,3450,3525,9318
279,2020-10-05,3525,3550,5986
280,2020-10-06,3555,3555,6922
281,2020-10-07,3510,3575,3784
282,2020-10-08,3575,3585,14836
283,2020-10-12,3600,3525,11213
284,2020-10-13,3525,3530,9037
285,2020-10-14,3535,3525,9288
286,2020-10-15,3525,3530,8509
287,2020-10-16,3505,3525,6802
288,2020-10-19,3525,3500,8873
289,2020-10-20,3480,3510,5491
290,2020-10-21,3480,3525,4200
291,2020-10-22,3525,3460,10975
292,2020-10-23,3430,3475,14214
293,2020-10-26,3475,3445,5469
294,2020-10-27,3445,3410,12234
295,2020-10-28,3410,3370,6189
296,2020-10-29,3370,3425,21989
297,2020-10-30,3425,3395,4723
298,2020-11-02,3345,3550,246817
299,2020-11-03,3550,3510,57879
