,date,open,close,volume
0,2019-08-16,8600,8510,13545
1,2019-08-19,8490,8400,12642
2,2019-08-20,8310,8500,20382
3,2019-08-21,8650,8970,23510
4,2019-08-22,8970,8800,21027
5,2019-08-23,8680,8920,7470
6,2019-08-26,8670,8520,14303
7,2019-08-27,8620,8440,14373
8,2019-08-28,8300,8700,22966
9,2019-08-29,8980,8640,9025
10,2019-08-30,8830,8830,18608
11,2019-09-02,8970,8880,10325
12,2019-09-03,8820,8880,10991
13,2019-09-04,8880,8990,13219
14,2019-09-05,9130,9030,15467
15,2019-09-06,8940,8830,18539
16,2019-09-09,8830,8770,8192
17,2019-09-10,8850,8780,11807
18,2019-09-11,8720,8850,19872
19,2019-09-16,9060,8920,8990
20,2019-09-17,9050,9250,18741
21,2019-09-18,9210,9310,11675
22,2019-09-19,9280,9330,12859
23,2019-09-20,9320,9300,12664
24,2019-09-23,9440,9190,8852
25,2019-09-24,9020,9190,9596
26,2019-09-25,9000,9000,10202
27,2019-09-26,8820,8880,4928
28,2019-09-27,8880,8930,14705
29,2019-09-30,8930,8860,8899
30,2019-10-01,8710,8960,19648
31,2019-10-02,8870,8690,20322
32,2019-10-04,8730,8500,33450
33,2019-10-07,10300,11050,1356071
34,2019-10-08,11950,11100,2167399
35,2019-10-10,11200,11400,1648406
36,2019-10-11,11450,10850,494149
37,2019-10-14,10850,10850,485047
38,2019-10-15,11350,10700,787792
39,2019-10-16,10700,10250,233366
40,2019-10-17,10250,10050,143314
41,2019-10-18,9950,9850,70817
42,2019-10-21,9760,9520,87736
43,2019-10-22,9600,12350,1284704
44,2019-10-23,12050,11950,1408777
45,2019-10-24,12200,14100,6675461
46,2019-10-25,13850,12700,965317
47,2019-10-28,12650,12900,4530707
48,2019-10-29,13200,13550,1315819
49,2019-10-30,13900,13850,1007002
50,2019-10-31,13850,13300,414486
51,2019-11-01,13300,13100,423510
52,2019-11-04,13350,12900,328444
53,2019-11-05,12950,13650,478157
54,2019-11-06,13600,13000,226014
55,2019-11-07,13100,12750,134220
56,2019-11-08,12700,12300,284699
57,2019-11-11,12450,12300,124669
58,2019-11-12,12500,12000,120458
59,2019-11-13,12200,12000,950302
60,2019-11-14,12100,11550,127501
61,2019-11-15,11600,11500,137274
62,2019-11-18,11650,11500,76848
63,2019-11-19,11500,11200,68729
64,2019-11-20,11150,10950,77909
65,2019-11-21,10850,11050,771243
66,2019-11-22,11100,11050,150416
67,2019-11-25,10950,11300,167168
68,2019-11-26,11300,11450,133373
69,2019-11-27,11550,11200,538248
70,2019-11-28,11250,10950,87846
71,2019-11-29,10950,10600,73997
72,2019-12-02,10500,10700,48315
73,2019-12-03,10450,10350,46110
74,2019-12-04,10250,10150,35816
75,2019-12-05,10250,10100,58331
76,2019-12-06,10100,10500,38871
77,2019-12-09,10450,10550,36441
78,2019-12-10,10500,10350,31510
79,2019-12-11,10350,10600,64745
80,2019-12-12,10750,11050,363623
81,2019-12-13,11100,11500,150039
82,2019-12-16,11650,11900,139075
83,2019-12-17,11900,11800,75861
84,2019-12-18,11800,11750,61847
85,2019-12-19,11900,11500,50411
86,2019-12-20,11550,11650,38700
87,2019-12-23,11650,11600,54397
88,2019-12-24,11700,11900,211553
89,2019-12-26,12300,11850,226185
90,2019-12-27,12000,12000,114338
91,2019-12-30,12150,12550,219460
92,2020-01-02,12700,12500,117289
93,2020-01-03,12500,11800,125732
94,2020-01-06,11550,10950,126060
95,2020-01-07,11050,11000,65978
96,2020-01-08,10850,10200,156675
97,2020-01-09,10700,10750,55320
98,2020-01-10,10850,10900,50705
99,2020-01-13,11050,11000,27939
100,2020-01-14,11050,11150,95736
101,2020-01-15,11150,11300,61813
102,2020-01-16,11250,11150,40325
103,2020-01-17,11250,10650,123616
104,2020-01-20,10600,10400,50148
105,2020-01-21,10500,10450,103757
106,2020-01-22,10600,10600,32785
107,2020-01-23,10700,10400,50862
108,2020-01-28,10100,10200,54833
109,2020-01-29,10150,10200,32676
110,2020-01-30,10150,9870,65446
111,2020-01-31,9830,9600,49870
112,2020-02-03,9310,9450,43612
113,2020-02-04,9500,9900,26050
114,2020-02-05,9840,9890,25954
115,2020-02-06,9990,10350,41131
116,2020-02-07,10350,10550,62490
117,2020-02-10,10900,11000,134845
118,2020-02-11,11000,11200,89398
119,2020-02-12,11100,11000,63518
120,2020-02-13,11050,11200,109090
121,2020-02-14,11300,11300,249545
122,2020-02-17,11300,11500,80788
123,2020-02-18,11400,11500,52656
124,2020-02-19,11500,11900,178927
125,2020-02-20,11950,12000,69238
126,2020-02-21,12000,12150,132871
127,2020-02-24,11900,11200,70562
128,2020-02-25,11200,11400,47323
129,2020-02-26,11100,11650,44576
130,2020-02-27,11650,11450,102664
131,2020-02-28,11000,10200,122411
132,2020-03-02,10100,10550,39482
133,2020-03-03,10650,10850,50876
134,2020-03-04,10850,11500,48608
135,2020-03-05,11550,12150,147873
136,2020-03-06,12400,12600,315862
137,2020-03-09,12500,11700,125270
138,2020-03-10,11300,11650,315142
139,2020-03-11,11800,10500,157524
140,2020-03-12,10300,9760,173778
141,2020-03-13,8130,8510,294754
142,2020-03-16,8560,8340,555075
143,2020-03-17,7790,8350,76600
144,2020-03-18,8350,8150,187543
145,2020-03-19,8150,6980,112892
146,2020-03-20,6950,7600,56346
147,2020-03-23,6900,7000,55116
148,2020-03-24,7350,7320,101377
149,2020-03-25,7530,7700,123511
150,2020-03-26,7800,8300,825671
151,2020-03-27,8640,8460,294849
152,2020-03-30,8200,8760,114232
153,2020-03-31,8820,8900,163266
154,2020-04-01,9080,8430,117294
155,2020-04-02,8300,8630,69546
156,2020-04-03,8560,8640,62435
157,2020-04-06,8600,9080,164029
158,2020-04-07,9180,9220,111188
159,2020-04-08,9220,9370,75674
160,2020-04-09,9420,9250,73295
161,2020-04-10,9240,9120,64256
162,2020-04-13,9130,8880,45563
163,2020-04-14,8900,8860,58613
164,2020-04-16,8860,8840,57374
165,2020-04-17,8870,9220,128757
166,2020-04-20,9220,9510,90078
167,2020-04-21,9510,9130,81361
168,2020-04-22,9080,9100,29527
169,2020-04-23,9100,11800,2224907
170,2020-04-24,12800,11250,2267254
171,2020-04-27,11800,11700,1006179
172,2020-04-28,11600,11350,328615
173,2020-04-29,11400,10900,233898
174,2020-05-04,10900,10750,134925
175,2020-05-06,10800,11100,288370
176,2020-05-07,11100,11100,89032
177,2020-05-08,11400,11150,130061
178,2020-05-11,11300,11400,210551
179,2020-05-12,11550,10900,144092
180,2020-05-13,10950,11250,107157
181,2020-05-14,11100,11550,327597
182,2020-05-15,11800,11950,532098
183,2020-05-18,11950,11700,151632
184,2020-05-19,11750,11350,137030
185,2020-05-20,11300,11700,104620
186,2020-05-21,11700,11600,115160
187,2020-05-22,11600,11750,146961
188,2020-05-25,11850,11750,173090
189,2020-05-26,11800,12200,188006
190,2020-05-27,12050,11700,128817
191,2020-05-28,11800,11300,134022
192,2020-05-29,11000,11400,88990
193,2020-06-01,11500,11650,1152236
194,2020-06-02,11750,11600,166780
195,2020-06-03,11750,11850,523838
196,2020-06-04,11850,11950,120339
197,2020-06-05,12200,12000,243483
198,2020-06-08,12150,12300,130049
199,2020-06-09,12350,12050,119831
200,2020-06-10,11950,12900,915905
201,2020-06-11,13000,13150,483761
202,2020-06-12,12250,12950,253753
203,2020-06-15,12900,11400,280395
204,2020-06-16,11800,12200,140925
205,2020-06-17,12000,12150,97463
206,2020-06-18,12250,12050,61490
207,2020-06-19,12200,12150,104905
208,2020-06-22,12050,11800,95397
209,2020-06-23,12200,12700,240195
210,2020-06-24,12550,13650,446095
211,2020-06-25,13350,13800,433768
212,2020-06-26,14050,13050,254470
213,2020-06-29,12700,12350,268981
214,2020-06-30,12400,12250,83721
215,2020-07-01,12250,11700,66557
216,2020-07-02,11800,12150,38346
217,2020-07-03,12050,11900,50855
218,2020-07-06,12250,12100,76938
219,2020-07-07,12000,11900,38968
220,2020-07-08,11850,11900,42413
221,2020-07-09,11900,12150,66047
222,2020-07-10,12150,11700,58789
223,2020-07-13,11650,12000,31469
224,2020-07-14,11850,11700,60352
225,2020-07-15,11800,11900,41332
226,2020-07-16,11850,11800,27691
227,2020-07-17,11850,11700,29974
228,2020-07-20,11850,11250,106174
229,2020-07-21,11250,11350,100840
230,2020-07-22,11250,11400,45063
231,2020-07-23,11600,11600,153221
232,2020-07-24,11800,11750,145455
233,2020-07-27,11750,11350,55030
234,2020-07-28,11400,11350,51326
235,2020-07-29,11350,11550,54614
236,2020-07-30,11450,11300,71038
237,2020-07-31,11200,11200,65855
238,2020-08-03,11100,11550,80747
239,2020-08-04,11450,11900,118440
240,2020-08-05,12000,11850,73551
241,2020-08-06,12050,11850,36871
242,2020-08-07,11950,11450,93443
243,2020-08-10,11600,11450,57368
244,2020-08-11,11350,11850,83541
245,2020-08-12,11650,11600,60807
246,2020-08-13,11600,11650,33426
247,2020-08-14,11800,11500,39862
248,2020-08-18,11450,11000,88321
249,2020-08-19,11300,11550,66241
250,2020-08-20,11550,11600,74542
251,2020-08-21,11800,12850,444393
252,2020-08-24,12650,12850,182457
253,2020-08-25,13050,14150,674271
254,2020-08-26,14100,15050,535753
255,2020-08-27,15050,15250,215454
256,2020-08-28,15250,16750,259487
257,2020-08-31,17500,18950,2196908
258,2020-09-01,18700,21850,1110916
259,2020-09-02,21700,20150,452782
260,2020-09-03,19900,20500,278065
261,2020-09-04,19000,20600,305296
262,2020-09-07,21400,20750,211097
263,2020-09-08,20550,20200,146783
264,2020-09-09,19750,22200,550739
265,2020-09-10,25800,28850,1565713
266,2020-09-11,31000,28000,1639801
267,2020-09-14,28550,28350,609038
268,2020-09-15,28350,27600,203653
269,2020-09-16,27400,27200,209796
270,2020-09-17,27300,34000,1847957
271,2020-09-18,31500,32750,599311
272,2020-09-21,32750,33050,185538
273,2020-09-22,32900,33900,419370
274,2020-09-23,35050,33550,163495
275,2020-09-24,32000,29450,255318
276,2020-09-25,29500,29450,147605
277,2020-09-28,29600,29600,85142
278,2020-09-29,29300,30350,90621
279,2020-10-05,30350,31850,71288
280,2020-10-06,31750,31800,57216
281,2020-10-07,32050,33250,83713
282,2020-10-08,33600,34550,121997
283,2020-10-12,34900,34250,210970
284,2020-10-13,33450,34950,69621
285,2020-10-14,35400,34300,68602
286,2020-10-15,34150,34600,152499
287,2020-10-16,34200,34550,105434
288,2020-10-19,34800,34700,83525
289,2020-10-20,34500,34700,47971
290,2020-10-21,34750,35000,79523
291,2020-10-22,35000,37000,228408
292,2020-10-23,37050,38200,165723
293,2020-10-26,38350,37300,107560
294,2020-10-27,36800,36600,119034
295,2020-10-28,36200,37000,100461
296,2020-10-29,36400,37000,48105
297,2020-10-30,37900,37050,57143
298,2020-11-02,37050,37050,29799
299,2020-11-03,37150,37150,46841
