,date,open,close,volume
0,2019-08-16,1665,1655,60284
1,2019-08-19,1645,1655,91923
2,2019-08-20,1650,1670,51290
3,2019-08-21,1660,1665,52526
4,2019-08-22,1665,1650,34884
5,2019-08-23,1650,1640,31783
6,2019-08-26,1630,1605,37508
7,2019-08-27,1600,1605,73974
8,2019-08-28,1590,1605,39295
9,2019-08-29,1605,1565,23006
10,2019-08-30,1575,1580,47112
11,2019-09-02,1580,1565,33519
12,2019-09-03,1565,1585,51200
13,2019-09-04,1585,1620,56390
14,2019-09-05,1620,1655,78360
15,2019-09-06,1650,1590,62575
16,2019-09-09,1580,1640,46752
17,2019-09-10,1630,1655,45282
18,2019-09-11,1655,1660,39013
19,2019-09-16,1660,1715,79377
20,2019-09-17,1715,1745,158274
21,2019-09-18,1750,1810,451991
22,2019-09-19,1800,1770,130276
23,2019-09-20,1765,1770,34743
24,2019-09-23,1755,1760,39869
25,2019-09-24,1775,1785,24332
26,2019-09-25,1780,1800,80751
27,2019-09-26,1800,1765,26870
28,2019-09-27,1770,1745,32859
29,2019-09-30,1730,1725,37277
30,2019-10-01,1725,1700,36602
31,2019-10-02,1700,1700,63554
32,2019-10-04,1675,1680,27107
33,2019-10-07,1680,1680,35939
34,2019-10-08,1660,1705,245976
35,2019-10-10,1700,1675,56344
36,2019-10-11,1675,1685,16955
37,2019-10-14,1715,1710,11093
38,2019-10-15,1710,1715,102111
39,2019-10-16,1715,1730,45263
40,2019-10-17,1730,1710,18219
41,2019-10-18,1705,1705,18064
42,2019-10-21,1690,1675,52607
43,2019-10-22,1690,1675,35043
44,2019-10-23,1675,1650,27470
45,2019-10-24,1655,1645,39668
46,2019-10-25,1630,1655,26585
47,2019-10-28,1675,1625,37384
48,2019-10-29,1605,1620,39401
49,2019-10-30,1625,1620,20808
50,2019-10-31,1630,1615,36173
51,2019-11-01,1615,1595,69340
52,2019-11-04,1610,1630,23111
53,2019-11-05,1630,1650,30605
54,2019-11-06,1645,1645,29044
55,2019-11-07,1650,1625,29183
56,2019-11-08,1640,1660,47804
57,2019-11-11,1660,1660,32227
58,2019-11-12,1655,1640,20544
59,2019-11-13,1640,1660,28473
60,2019-11-14,1655,1665,31701
61,2019-11-15,1665,1655,53995
62,2019-11-18,1665,1680,51343
63,2019-11-19,1655,1675,30581
64,2019-11-20,1675,1650,30921
65,2019-11-21,1650,1635,61872
66,2019-11-22,1600,1585,105655
67,2019-11-25,1600,1590,41899
68,2019-11-26,1590,1610,19512
69,2019-11-27,1610,1605,17280
70,2019-11-28,1595,1615,50380
71,2019-11-29,1605,1605,31638
72,2019-12-02,1605,1610,24539
73,2019-12-03,1610,1615,41571
74,2019-12-04,1610,1610,26929
75,2019-12-05,1610,1595,23136
76,2019-12-06,1580,1605,11247
77,2019-12-09,1585,1615,24531
78,2019-12-10,1590,1605,26454
79,2019-12-11,1605,1600,25262
80,2019-12-12,1595,1600,49220
81,2019-12-13,1600,1620,71400
82,2019-12-16,1620,1625,26010
83,2019-12-17,1615,1635,22165
84,2019-12-18,1645,1630,32377
85,2019-12-19,1625,1655,31844
86,2019-12-20,1665,1730,5521556
87,2019-12-23,1735,1670,394958
88,2019-12-24,1680,1845,16035653
89,2019-12-26,1905,1800,3093438
90,2019-12-27,1805,1885,4574383
91,2019-12-30,1870,1890,629882
92,2020-01-02,1890,1900,465060
93,2020-01-03,1910,1865,463836
94,2020-01-06,1845,1800,421634
95,2020-01-07,1805,1820,95888
96,2020-01-08,1795,1710,348876
97,2020-01-09,1765,1780,195929
98,2020-01-10,1800,1815,164956
99,2020-01-13,1815,1815,154971
100,2020-01-14,1820,1840,130994
101,2020-01-15,1860,1865,127642
102,2020-01-16,1865,1895,229211
103,2020-01-17,1895,1885,165202
104,2020-01-20,1885,1860,158442
105,2020-01-21,1855,1865,74607
106,2020-01-22,1850,1890,128781
107,2020-01-23,1890,1885,90043
108,2020-01-28,1820,1870,157013
109,2020-01-29,1860,1880,77947
110,2020-01-30,1865,1850,168726
111,2020-01-31,1805,1805,105161
112,2020-02-03,1750,1795,117425
113,2020-02-04,1775,1845,69568
114,2020-02-05,1860,1875,116326
115,2020-02-06,1875,2010,5401793
116,2020-02-07,2015,2030,660868
117,2020-02-10,2010,2040,411812
118,2020-02-11,2040,2160,10274864
119,2020-02-12,2150,2180,1340565
120,2020-02-13,2150,2050,1011907
121,2020-02-14,2045,2050,331366
122,2020-02-17,2050,2085,179639
123,2020-02-18,2085,2015,183241
124,2020-02-19,2030,2070,176981
125,2020-02-20,2060,1990,239248
126,2020-02-21,1980,1990,126493
127,2020-02-24,1950,1920,208152
128,2020-02-25,1895,1950,112725
129,2020-02-26,1945,1950,88225
130,2020-02-27,1950,1850,151956
131,2020-02-28,1800,1750,272424
132,2020-03-02,1750,1735,208033
133,2020-03-03,1755,1815,145698
134,2020-03-04,1830,1870,127260
135,2020-03-05,1875,1920,116170
136,2020-03-06,1900,1875,73356
137,2020-03-09,1835,1750,174855
138,2020-03-10,1750,1715,275622
139,2020-03-11,1720,1680,93941
140,2020-03-12,1670,1505,384889
141,2020-03-13,1400,1400,702937
142,2020-03-16,1500,1380,527705
143,2020-03-17,1250,1350,314557
144,2020-03-18,1360,1230,183249
145,2020-03-19,1260,1000,425099
146,2020-03-20,991,1095,454890
147,2020-03-23,1015,1090,134436
148,2020-03-24,1105,1190,128852
149,2020-03-25,1220,1305,166440
150,2020-03-26,1375,1305,276868
151,2020-03-27,1375,1300,181873
152,2020-03-30,1300,1350,130182
153,2020-03-31,1395,1375,207087
154,2020-04-01,1380,1425,206902
155,2020-04-02,1460,1430,189407
156,2020-04-03,1470,1480,202813
157,2020-04-06,1480,1540,399787
158,2020-04-07,1565,1540,244930
159,2020-04-08,1560,1555,99805
160,2020-04-09,1555,1590,139608
161,2020-04-10,1590,1600,73929
162,2020-04-13,1600,1600,38786
163,2020-04-14,1580,1620,115410
164,2020-04-16,1635,1660,140401
165,2020-04-17,1650,1675,155559
166,2020-04-20,1680,1695,144087
167,2020-04-21,1690,1655,345381
168,2020-04-22,1610,1790,361717
169,2020-04-23,1750,1800,212655
170,2020-04-24,1810,1735,318097
171,2020-04-27,1765,1720,101973
172,2020-04-28,1735,1735,54430
173,2020-04-29,1720,1750,98698
174,2020-05-04,1715,1750,79051
175,2020-05-06,1755,1765,77311
176,2020-05-07,1750,1790,116978
177,2020-05-08,1785,1775,144564
178,2020-05-11,1775,1775,36115
179,2020-05-12,1760,1750,78306
180,2020-05-13,1740,1725,54939
181,2020-05-14,1715,1735,85397
182,2020-05-15,1735,1770,152197
183,2020-05-18,1770,1750,66759
184,2020-05-19,1765,1740,116865
185,2020-05-20,1715,1735,54685
186,2020-05-21,1735,1755,140313
187,2020-05-22,1760,2200,1634649
188,2020-05-25,2035,1970,1450720
189,2020-05-26,1980,1920,768363
190,2020-05-27,1915,2000,937418
191,2020-05-28,1975,1910,512936
192,2020-05-29,1885,1910,230501
193,2020-06-01,1910,1905,266363
194,2020-06-02,1910,1945,221758
195,2020-06-03,1940,1930,277257
196,2020-06-04,1940,1930,203494
197,2020-06-05,1925,1935,128843
198,2020-06-08,1930,1950,163440
199,2020-06-09,1955,1950,132661
200,2020-06-10,1955,1945,558358
201,2020-06-11,1950,1950,302968
202,2020-06-12,1850,1915,466159
203,2020-06-15,1915,1740,423521
204,2020-06-16,1760,1845,121041
205,2020-06-17,1820,1815,57802
206,2020-06-18,1795,1865,89695
207,2020-06-19,1885,1895,120725
208,2020-06-22,1890,1880,68000
209,2020-06-23,1855,1860,92981
210,2020-06-24,1875,1850,79302
211,2020-06-25,1800,1800,114651
212,2020-06-26,1800,1895,193407
213,2020-06-29,1875,1880,60800
214,2020-06-30,1885,1945,282609
215,2020-07-01,1930,1940,151676
216,2020-07-02,1950,1945,130542
217,2020-07-03,1950,1920,106743
218,2020-07-06,1915,1880,104254
219,2020-07-07,1880,1850,115365
220,2020-07-08,1850,1860,32970
221,2020-07-09,1860,1905,66729
222,2020-07-10,1885,1910,335951
223,2020-07-13,1930,1915,166350
224,2020-07-14,1900,1935,218868
225,2020-07-15,1940,1995,1600717
226,2020-07-16,1995,1985,338820
227,2020-07-17,1965,1930,154974
228,2020-07-20,1930,1915,368598
229,2020-07-21,1940,1920,92175
230,2020-07-22,1930,1940,298698
231,2020-07-23,1920,1900,174280
232,2020-07-24,1875,1900,151310
233,2020-07-27,1900,1845,207556
234,2020-07-28,1840,1865,194033
235,2020-07-29,1865,1825,186597
236,2020-07-30,1825,1810,198707
237,2020-07-31,1795,1820,76564
238,2020-08-03,1820,1790,118439
239,2020-08-04,1795,1770,160572
240,2020-08-05,1785,1745,215117
241,2020-08-06,1735,1810,199919
242,2020-08-07,1820,1810,161162
243,2020-08-10,1795,1770,140055
244,2020-08-11,1770,1800,67172
245,2020-08-12,1795,1800,98839
246,2020-08-13,1805,1780,137952
247,2020-08-14,1780,1755,118827
248,2020-08-18,1750,1475,500293
249,2020-08-19,1530,1660,472257
250,2020-08-20,1675,1580,170819
251,2020-08-21,1560,1565,92974
252,2020-08-24,1565,1595,78651
253,2020-08-25,1580,1670,95584
254,2020-08-26,1670,1645,44927
255,2020-08-27,1640,1605,131383
256,2020-08-28,1600,1630,44563
257,2020-08-31,1640,1645,80329
258,2020-09-01,1645,1640,37307
259,2020-09-02,1640,1650,77200
260,2020-09-03,1650,1655,69297
261,2020-09-04,1580,1660,76811
262,2020-09-07,1640,1655,48784
263,2020-09-08,1665,1645,108882
264,2020-09-09,1610,1640,52954
265,2020-09-10,1640,1665,65730
266,2020-09-11,1685,1705,127626
267,2020-09-14,1700,1705,62731
268,2020-09-15,1705,1685,120874
269,2020-09-16,1685,1695,62198
270,2020-09-17,1690,1680,98747
271,2020-09-18,1665,1675,42180
272,2020-09-21,1675,1620,106123
273,2020-09-22,1635,1565,77810
274,2020-09-23,1555,1560,75616
275,2020-09-24,1510,1530,117641
276,2020-09-25,1550,1575,41313
277,2020-09-28,1575,1600,45491
278,2020-09-29,1615,1605,55392
279,2020-10-05,1605,1625,47668
280,2020-10-06,1615,1625,34677
281,2020-10-07,1620,1645,92614
282,2020-10-08,1655,1645,21800
283,2020-10-12,1660,1640,36950
284,2020-10-13,1640,1640,41384
285,2020-10-14,1630,1640,50787
286,2020-10-15,1635,1600,98764
287,2020-10-16,1585,1595,74262
288,2020-10-19,1585,1585,68822
289,2020-10-20,1560,1565,70416
290,2020-10-21,1565,1590,52094
291,2020-10-22,1635,1650,2495111
292,2020-10-23,1675,1615,272817
293,2020-10-26,1615,1655,277095
294,2020-10-27,1690,1675,273660
295,2020-10-28,1655,1670,607850
296,2020-10-29,1645,1755,664434
297,2020-10-30,1710,1685,297605
298,2020-11-02,1680,1680,188645
299,2020-11-03,1680,1780,884973
