,date,open,close,volume
0,2019-08-16,19250,19050,84013
1,2019-08-19,19250,18150,87662
2,2019-08-20,18500,19750,153801
3,2019-08-21,19600,19500,41739
4,2019-08-22,19650,20050,120766
5,2019-08-23,21200,21200,251052
6,2019-08-26,20850,21700,296573
7,2019-08-27,22000,21600,208994
8,2019-08-28,22000,21200,144934
9,2019-08-29,21550,21000,106763
10,2019-08-30,21250,20900,136875
11,2019-09-02,21050,21250,63877
12,2019-09-03,21350,21050,74276
13,2019-09-04,20950,20950,109962
14,2019-09-05,21150,21800,168675
15,2019-09-06,22050,21850,112564
16,2019-09-09,22150,22500,220456
17,2019-09-10,22450,22400,94967
18,2019-09-11,22400,21750,123768
19,2019-09-16,21750,21800,69327
20,2019-09-17,21800,21350,70590
21,2019-09-18,21350,21600,39663
22,2019-09-19,21800,21400,68212
23,2019-09-20,21400,20900,51574
24,2019-09-23,20700,20450,66819
25,2019-09-24,20400,20650,60499
26,2019-09-25,20650,19850,64025
27,2019-09-26,20100,19850,49299
28,2019-09-27,19950,19600,44747
29,2019-09-30,19450,19200,47647
30,2019-10-01,19450,20400,83182
31,2019-10-02,20000,20100,52979
32,2019-10-04,20050,19700,31294
33,2019-10-07,20000,20350,55175
34,2019-10-08,20150,21300,98414
35,2019-10-10,21150,21450,88009
36,2019-10-11,21300,21300,66023
37,2019-10-14,21300,21000,47925
38,2019-10-15,20850,21300,51707
39,2019-10-16,21300,21000,46744
40,2019-10-17,20900,21100,28373
41,2019-10-18,21100,20850,24442
42,2019-10-21,20850,20150,44317
43,2019-10-22,20200,19850,60242
44,2019-10-23,20150,20150,57588
45,2019-10-24,20350,19700,74595
46,2019-10-25,19600,20000,28040
47,2019-10-28,20100,19850,20922
48,2019-10-29,19850,19900,23973
49,2019-10-30,19900,20000,38427
50,2019-10-31,20050,19600,38426
51,2019-11-01,19600,19650,23340
52,2019-11-04,19600,19650,41349
53,2019-11-05,19650,19800,32430
54,2019-11-06,19700,19400,53227
55,2019-11-07,19250,19000,77038
56,2019-11-08,19000,19550,47460
57,2019-11-11,19550,19300,17111
58,2019-11-12,19400,18600,66558
59,2019-11-13,18650,18700,30308
60,2019-11-14,18750,18200,49782
61,2019-11-15,18250,18800,30662
62,2019-11-18,18800,18600,75997
63,2019-11-19,18550,18650,21415
64,2019-11-20,18450,18150,75286
65,2019-11-21,18200,17950,53399
66,2019-11-22,17950,17500,60811
67,2019-11-25,17500,18100,25084
68,2019-11-26,18500,18550,61312
69,2019-11-27,18600,18550,27787
70,2019-11-28,18550,18500,18843
71,2019-11-29,18450,18100,31507
72,2019-12-02,18100,18350,24870
73,2019-12-03,18200,18200,18438
74,2019-12-04,18000,17800,32790
75,2019-12-05,17700,18150,41515
76,2019-12-06,18150,18300,22544
77,2019-12-09,18300,18250,19826
78,2019-12-10,18250,18200,29067
79,2019-12-11,18200,18250,14217
80,2019-12-12,18250,18350,24428
81,2019-12-13,18450,18450,36291
82,2019-12-16,18500,18650,68018
83,2019-12-17,18850,18950,77866
84,2019-12-18,19000,19250,57299
85,2019-12-19,19200,18850,42454
86,2019-12-20,18950,18900,29374
87,2019-12-23,18800,18400,62785
88,2019-12-24,18400,18400,52152
89,2019-12-26,18500,19000,95969
90,2019-12-27,19000,19200,23762
91,2019-12-30,19250,19450,31037
92,2020-01-02,19450,20650,177577
93,2020-01-03,20600,20800,103028
94,2020-01-06,20500,20700,107358
95,2020-01-07,21000,20700,64095
96,2020-01-08,20450,19950,117421
97,2020-01-09,20400,20700,98471
98,2020-01-10,20450,20050,123475
99,2020-01-13,20100,20350,34403
100,2020-01-14,20300,20300,52015
101,2020-01-15,20350,21250,182580
102,2020-01-16,21350,20950,80587
103,2020-01-17,21100,21000,60419
104,2020-01-20,20900,20500,87098
105,2020-01-21,20500,20450,38147
106,2020-01-22,20450,20450,51412
107,2020-01-23,20450,19950,96298
108,2020-01-28,19050,19650,90441
109,2020-01-29,20100,20100,118792
110,2020-01-30,20100,19650,81775
111,2020-01-31,19600,18950,68506
112,2020-02-03,18300,19250,49250
113,2020-02-04,19300,19600,14713
114,2020-02-05,19650,19500,34786
115,2020-02-06,19500,19750,26224
116,2020-02-07,19850,19700,22657
117,2020-02-10,19600,20650,81773
118,2020-02-11,20800,21900,307489
119,2020-02-12,21850,23000,410184
120,2020-02-13,23250,23050,173748
121,2020-02-14,23250,23200,185736
122,2020-02-17,23250,23900,264258
123,2020-02-18,24100,24800,344740
124,2020-02-19,25500,24900,717740
125,2020-02-20,25050,26150,402730
126,2020-02-21,25450,26850,406628
127,2020-02-24,26250,25800,219917
128,2020-02-25,25700,26000,242843
129,2020-02-26,25650,25800,188887
130,2020-02-27,25550,23900,349326
131,2020-02-28,23450,22400,275576
132,2020-03-02,22550,23500,199148
133,2020-03-03,24300,22800,194888
134,2020-03-04,22450,22850,206949
135,2020-03-05,23300,22650,116525
136,2020-03-06,22400,21700,165366
137,2020-03-09,21200,20850,176720
138,2020-03-10,20700,21450,162152
139,2020-03-11,21600,20000,159033
140,2020-03-12,19700,18800,186752
141,2020-03-13,17200,16700,466264
142,2020-03-16,17150,15300,319285
143,2020-03-17,14100,15400,244292
144,2020-03-18,15750,14600,183902
145,2020-03-19,15250,12650,336895
146,2020-03-20,13300,14550,232059
147,2020-03-23,13650,13400,192201
148,2020-03-24,13900,14950,164718
149,2020-03-25,15900,16700,364275
150,2020-03-26,16950,16200,178579
151,2020-03-27,16900,16500,161847
152,2020-03-30,16000,16750,125463
153,2020-03-31,17200,17400,170472
154,2020-04-01,17400,16800,159394
155,2020-04-02,16800,16950,121387
156,2020-04-03,16950,17000,70563
157,2020-04-06,17100,17450,104294
158,2020-04-07,17900,17600,147364
159,2020-04-08,17550,17500,127983
160,2020-04-09,17900,18650,209737
161,2020-04-10,18800,19000,208668
162,2020-04-13,19000,17950,161499
163,2020-04-14,18200,18800,110466
164,2020-04-16,18650,20050,224635
165,2020-04-17,20450,21000,229962
166,2020-04-20,21600,20850,149331
167,2020-04-21,20900,21600,317930
168,2020-04-22,21250,21950,157093
169,2020-04-23,22300,22450,126093
170,2020-04-24,22200,22100,134378
171,2020-04-27,22250,21950,106689
172,2020-04-28,22100,21300,142864
173,2020-04-29,21350,21050,122249
174,2020-05-04,20800,21100,103236
175,2020-05-06,21250,23650,348896
176,2020-05-07,23400,23350,157522
177,2020-05-08,23500,23400,217499
178,2020-05-11,23500,23850,109603
179,2020-05-12,23850,22950,163144
180,2020-05-13,22450,23300,88277
181,2020-05-14,23200,22700,95368
182,2020-05-15,22900,22850,74020
183,2020-05-18,22950,23300,99799
184,2020-05-19,23450,24000,121192
185,2020-05-20,23950,23750,85570
186,2020-05-21,23850,23700,126594
187,2020-05-22,23700,23150,103086
188,2020-05-25,23350,23450,90212
189,2020-05-26,23600,25600,514124
190,2020-05-27,25400,25450,401832
191,2020-05-28,25350,24300,246449
192,2020-05-29,23900,23450,142928
193,2020-06-01,24850,23450,496254
194,2020-06-02,23550,23350,155386
195,2020-06-03,23350,23800,238008
196,2020-06-04,24150,23550,100177
197,2020-06-05,23600,23050,99889
198,2020-06-08,23000,22200,265176
199,2020-06-09,22250,22400,144526
200,2020-06-10,22250,22700,125468
201,2020-06-11,22700,22650,104525
202,2020-06-12,22000,22850,226410
203,2020-06-15,22850,21850,134357
204,2020-06-16,22050,22350,104014
205,2020-06-17,22700,22950,135905
206,2020-06-18,22950,22550,142176
207,2020-06-19,22700,22450,79754
208,2020-06-22,22500,22000,88565
209,2020-06-23,22600,22300,111172
210,2020-06-24,22400,22600,66844
211,2020-06-25,22450,22000,79245
212,2020-06-26,22150,22750,118421
213,2020-06-29,22250,22150,83443
214,2020-06-30,22700,22300,39655
215,2020-07-01,22550,22350,59303
216,2020-07-02,22500,22800,64389
217,2020-07-03,22900,22950,235435
218,2020-07-06,22950,22900,62962
219,2020-07-07,22900,22850,110368
220,2020-07-08,23000,23100,83559
221,2020-07-09,23200,22850,70893
222,2020-07-10,22800,22500,63622
223,2020-07-13,22700,22500,44163
224,2020-07-14,22500,22250,96862
225,2020-07-15,22350,22700,96788
226,2020-07-16,22550,22450,74843
227,2020-07-17,22300,22550,25286
228,2020-07-20,22600,22000,94597
229,2020-07-21,22650,22500,77059
230,2020-07-22,22700,22600,61579
231,2020-07-23,22900,22350,48653
232,2020-07-24,22500,24350,754887
233,2020-07-27,24550,24850,384022
234,2020-07-28,24650,25500,804469
235,2020-07-29,28500,25300,2096117
236,2020-07-30,25600,25150,345541
237,2020-07-31,24900,23850,308459
238,2020-08-03,23850,25700,327412
239,2020-08-04,25700,26000,155506
240,2020-08-05,26000,28550,823523
241,2020-08-06,28750,28750,446832
242,2020-08-07,28700,28600,244216
243,2020-08-10,28700,29350,278884
244,2020-08-11,29650,31550,457114
245,2020-08-12,31400,30400,485805
246,2020-08-13,30700,29500,294923
247,2020-08-14,29800,28250,388825
248,2020-08-18,28200,26600,342155
249,2020-08-19,26650,27600,326659
250,2020-08-20,27900,25200,388633
251,2020-08-21,25500,25250,238588
252,2020-08-24,25200,25900,141858
253,2020-08-25,26050,27000,120095
254,2020-08-26,27000,27850,139087
255,2020-08-27,27800,28000,165385
256,2020-08-28,28300,27200,789504
257,2020-08-31,27500,28200,223093
258,2020-09-01,28300,27950,117167
259,2020-09-02,28000,27950,86865
260,2020-09-03,28000,27350,167254
261,2020-09-04,26000,26950,184373
262,2020-09-07,26900,26600,182697
263,2020-09-08,26650,26450,130619
264,2020-09-09,25800,26200,98116
265,2020-09-10,26550,26750,68305
266,2020-09-11,26700,26600,53356
267,2020-09-14,26600,26700,76399
268,2020-09-15,27050,26350,68417
269,2020-09-16,26550,25900,78773
270,2020-09-17,25750,25250,171061
271,2020-09-18,25650,26450,136319
272,2020-09-21,26550,26150,81881
273,2020-09-22,25950,24950,134569
274,2020-09-23,25000,24700,99192
275,2020-09-24,24250,24100,101429
276,2020-09-25,24250,24300,62525
277,2020-09-28,24350,25000,34521
278,2020-09-29,25050,25050,37275
279,2020-10-05,25200,25500,47710
280,2020-10-06,25500,25800,110813
281,2020-10-07,25750,25700,48462
282,2020-10-08,25750,25600,52111
283,2020-10-12,25650,25650,33788
284,2020-10-13,25650,25700,48655
285,2020-10-14,25700,24900,58017
286,2020-10-15,24900,24200,86174
287,2020-10-16,24050,24250,31964
288,2020-10-19,24200,24100,32616
289,2020-10-20,24000,24100,54173
290,2020-10-21,24150,24350,27949
291,2020-10-22,24400,24350,25948
292,2020-10-23,24300,24100,28062
293,2020-10-26,24000,23050,100776
294,2020-10-27,22950,22600,57354
295,2020-10-28,22550,23650,38506
296,2020-10-29,23000,23850,29142
297,2020-10-30,23650,23500,33150
298,2020-11-02,23400,23350,22216
299,2020-11-03,23500,24000,21868
