,date,open,close,volume
0,2019-11-21,8400,8950,15928268
1,2019-11-21,8400,8950,15928268
2,2019-11-21,8400,8950,15928268
3,2019-11-21,8400,8950,15928268
4,2019-11-21,8400,8950,15928268
5,2019-11-21,8400,8950,15928268
6,2019-11-21,8400,8950,15928268
7,2019-11-22,8940,9300,10472231
8,2019-11-22,8940,9300,10472231
9,2019-11-22,8940,9300,10472231
10,2019-11-22,8940,9300,10472231
11,2019-11-22,8940,9300,10472231
12,2019-11-22,8940,9300,10472231
13,2019-11-22,8940,9300,10472231
14,2019-11-25,9250,8730,1941375
15,2019-11-25,9250,8730,1941375
16,2019-11-25,9250,8730,1941375
17,2019-11-25,9250,8730,1941375
18,2019-11-25,9250,8730,1941375
19,2019-11-25,9250,8730,1941375
20,2019-11-25,9250,8730,1941375
21,2019-11-26,8960,9630,9577714
22,2019-11-26,8960,9630,9577714
23,2019-11-26,8960,9630,9577714
24,2019-11-26,8960,9630,9577714
25,2019-11-26,8960,9630,9577714
26,2019-11-26,8960,9630,9577714
27,2019-11-26,8960,9630,9577714
28,2019-11-27,9680,9310,1718230
29,2019-11-27,9680,9310,1718230
30,2019-11-27,9680,9310,1718230
31,2019-11-27,9680,9310,1718230
32,2019-11-27,9680,9310,1718230
33,2019-11-27,9680,9310,1718230
34,2019-11-27,9680,9310,1718230
35,2019-11-28,9450,8860,1006835
36,2019-11-29,8850,8210,803545
37,2019-12-02,8340,7860,427832
38,2019-12-03,7860,7610,318532
39,2019-12-04,7600,7800,893310
40,2019-12-05,7830,7920,742764
41,2019-12-06,8030,8050,534676
42,2019-12-09,8350,8010,723898
43,2019-12-10,8000,7910,374106
44,2019-12-11,8030,8080,438405
45,2019-12-12,8200,7990,195496
46,2019-12-13,8020,8050,301516
47,2019-12-16,8070,8060,99635
48,2019-12-17,8100,8150,267098
49,2019-12-18,8140,7980,241181
50,2019-12-19,8100,8690,1409557
51,2019-12-20,8680,8700,264543
52,2019-12-23,8790,8850,1797463
53,2019-12-24,8850,8620,188909
54,2019-12-26,8700,8700,207351
55,2019-12-27,8620,8560,161137
56,2019-12-30,8550,8490,83960
57,2020-01-02,8550,8650,165273
58,2020-01-03,8680,8570,177648
59,2020-01-06,8490,8300,88846
60,2020-01-07,8350,8400,138854
61,2020-01-08,8720,7990,1012170
62,2020-01-09,8220,8310,111748
63,2020-01-10,8330,8160,134776
64,2020-01-13,8280,8100,111911
65,2020-01-14,8170,8070,85901
66,2020-01-15,8070,8060,62292
67,2020-01-16,8100,8080,84270
68,2020-01-17,8110,8150,98023
69,2020-01-20,8230,8060,106721
70,2020-01-21,8110,7970,64325
71,2020-01-22,7980,7880,52432
72,2020-01-23,7920,7860,38762
73,2020-01-28,7500,7400,138287
74,2020-01-29,7420,7300,82834
75,2020-01-30,7300,7060,63660
76,2020-01-31,7030,7020,51855
77,2020-02-03,6900,7190,45849
78,2020-02-04,7100,7210,39673
79,2020-02-05,7220,7430,59260
80,2020-02-06,7570,7550,34751
81,2020-02-07,7620,7540,31167
82,2020-02-10,7510,7440,16163
83,2020-02-11,7380,7430,19056
84,2020-02-12,7430,7420,50331
85,2020-02-13,7560,7690,92630
86,2020-02-14,7800,7720,94677
87,2020-02-17,7720,7660,59635
88,2020-02-18,7660,7380,41956
89,2020-02-19,7380,7600,40843
90,2020-02-20,7730,8180,277348
91,2020-02-21,8160,7940,124033
92,2020-02-24,7710,8270,501149
93,2020-02-25,8280,8300,291380
94,2020-02-26,8110,8150,78455
95,2020-02-27,8170,7850,97596
96,2020-02-28,7660,7190,127381
97,2020-03-02,7390,7990,188010
98,2020-03-03,8020,7970,133048
99,2020-03-04,8150,8050,77955
100,2020-03-05,8150,8540,203968
101,2020-03-06,8450,8260,120378
102,2020-03-09,8050,7700,113432
103,2020-03-10,7510,7710,83074
104,2020-03-11,7700,7200,169685
105,2020-03-12,7000,6260,201694
106,2020-03-13,5030,5950,363955
107,2020-03-16,5900,5300,96379
108,2020-03-17,4930,5040,160318
109,2020-03-18,5050,4460,270036
110,2020-03-19,4470,3345,245117
111,2020-03-20,3400,3980,222218
112,2020-03-23,3680,4085,147811
113,2020-03-24,4085,4475,106397
114,2020-03-25,4995,5010,261948
115,2020-03-26,5190,5120,160435
116,2020-03-27,5300,5120,139823
117,2020-03-30,4915,5520,88367
118,2020-03-31,5870,5580,87967
119,2020-04-01,5890,5680,99933
120,2020-04-02,5680,5850,125395
121,2020-04-03,6240,6240,84357
122,2020-04-06,6300,6310,57789
123,2020-04-07,6500,6290,66403
124,2020-04-08,6220,6300,73682
125,2020-04-09,6280,6240,114375
126,2020-04-10,6200,5940,123011
127,2020-04-13,5980,5550,100587
128,2020-04-14,5670,5800,54696
129,2020-04-16,5800,5860,36061
130,2020-04-17,5850,6190,104601
131,2020-04-20,6200,6210,82130
132,2020-04-21,6180,6100,83220
133,2020-04-22,5980,6000,64127
134,2020-04-23,6110,6160,36584
135,2020-04-24,6150,6140,43801
136,2020-04-27,6280,6310,51937
137,2020-04-28,6340,6580,215483
138,2020-04-29,6630,7240,679913
139,2020-05-04,7130,7030,120621
140,2020-05-06,7030,7200,81845
141,2020-05-07,7200,7610,89927
142,2020-05-08,7660,7660,61871
143,2020-05-11,7820,8010,155413
144,2020-05-12,8010,7950,139295
145,2020-05-13,7890,7800,48801
146,2020-05-14,7700,7810,67239
147,2020-05-15,7810,7900,68710
148,2020-05-18,7900,7960,49268
149,2020-05-19,8100,7920,84771
150,2020-05-20,8080,8070,288975
151,2020-05-21,8650,9250,1563713
152,2020-05-22,9090,8940,281112
153,2020-05-25,9060,9000,295634
154,2020-05-26,9000,9300,225116
155,2020-05-27,9500,9610,2340614
156,2020-05-28,9690,9330,526978
157,2020-05-29,9110,9130,151705
158,2020-06-01,9260,9440,191523
159,2020-06-02,9560,9910,417652
160,2020-06-03,10450,10100,518780
161,2020-06-04,10150,10200,254495
162,2020-06-05,10200,10200,159522
163,2020-06-08,10250,10000,183944
164,2020-06-09,10150,9890,174372
165,2020-06-10,9810,9650,136630
166,2020-06-11,9620,9580,128611
167,2020-06-12,8930,9250,227519
168,2020-06-15,9250,8490,214958
169,2020-06-16,8550,8810,118589
170,2020-06-17,8800,8780,69561
171,2020-06-18,8820,8600,84753
172,2020-06-19,8650,9080,134645
173,2020-06-22,9140,9020,85924
174,2020-06-23,9280,9920,486088
175,2020-06-24,10100,10100,549878
176,2020-06-25,9930,10050,247216
177,2020-06-26,10200,13050,4772177
178,2020-06-29,14000,14300,18302845
179,2020-06-30,14100,14300,5984480
180,2020-07-01,16000,13550,4793509
181,2020-07-02,13500,14450,3479905
182,2020-07-03,14500,15200,4891621
183,2020-07-06,15150,14700,749820
184,2020-07-07,15200,15600,2839766
185,2020-07-08,15650,17050,3271268
186,2020-07-09,16800,18850,8121240
187,2020-07-10,18550,18900,1202444
188,2020-07-13,18650,18650,1462493
189,2020-07-14,18300,17300,967675
190,2020-07-15,17600,18050,578777
191,2020-07-16,17800,18350,856362
192,2020-07-17,18300,18700,528704
193,2020-07-20,19000,21250,2913991
194,2020-07-21,21450,23600,2772477
195,2020-07-22,23900,23700,982059
196,2020-07-23,23800,23050,687718
197,2020-07-24,22250,21900,506096
198,2020-07-27,21800,22550,483705
199,2020-07-28,22700,24750,656904
200,2020-07-29,24250,23550,344363
201,2020-07-30,24000,25400,1107256
202,2020-07-31,25100,24500,557433
203,2020-08-03,23950,24200,244773
204,2020-08-04,24200,23500,457297
205,2020-08-05,23500,22800,407090
206,2020-08-06,22850,23800,378966
207,2020-08-07,23700,23100,328785
208,2020-08-10,22750,23650,386540
209,2020-08-11,23450,23100,581026
210,2020-08-12,23150,22350,344758
211,2020-08-13,22550,21650,467421
212,2020-08-14,21650,19450,544149
213,2020-08-18,19200,18200,401520
214,2020-08-19,18500,19500,375377
215,2020-08-20,19550,18650,335576
216,2020-08-21,19250,18950,210002
217,2020-08-24,18950,19800,417212
218,2020-08-25,20000,19950,194838
219,2020-08-26,20250,20100,282424
220,2020-08-27,20000,19800,295654
221,2020-08-28,20100,21550,1033157
222,2020-08-31,22200,24050,2368080
223,2020-09-01,24850,23850,625271
224,2020-09-02,23900,24200,573112
225,2020-09-03,24250,25550,1323357
226,2020-09-04,23850,29850,5657027
227,2020-09-07,30050,31600,5817187
228,2020-09-08,32200,29650,1904913
229,2020-09-09,28950,34000,1716662
230,2020-09-10,33350,33100,1158350
231,2020-09-11,32900,34400,853783
232,2020-09-14,33800,33200,616856
233,2020-09-15,33700,31350,734229
234,2020-09-16,31500,31000,439907
235,2020-09-17,31400,30300,269512
236,2020-09-18,30550,30800,257256
237,2020-09-21,30800,30300,491852
238,2020-09-22,30000,28000,407706
239,2020-09-23,28600,28150,279753
240,2020-09-24,27250,29000,798037
241,2020-09-25,29300,27900,284123
242,2020-09-28,28250,29550,285664
243,2020-09-29,30000,29250,174843
244,2020-10-05,30400,31350,659328
245,2020-10-06,32150,31500,468445
246,2020-10-07,31000,31650,250591
247,2020-10-08,32200,32250,362783
248,2020-10-12,32850,32350,341753
249,2020-10-13,32250,32750,343464
250,2020-10-14,32800,32000,888020
251,2020-10-15,32550,31000,1021284
252,2020-10-16,30900,29200,420899
253,2020-10-19,28700,27200,268844
254,2020-10-20,26200,28200,288850
255,2020-10-21,28150,28200,122888
256,2020-10-22,28150,26650,125806
257,2020-10-23,26800,27200,107359
258,2020-10-26,27200,25000,178184
259,2020-10-27,24850,25750,167854
260,2020-10-28,25750,27400,237117
261,2020-10-29,26400,27750,139559
262,2020-10-30,27500,26300,120470
263,2020-11-02,26450,28400,218849
264,2020-11-03,28700,29250,299818
