,date,open,close,volume
0,2019-08-16,11300,11300,1060967
1,2019-08-19,11500,12400,3046668
2,2019-08-20,12300,12400,1868067
3,2019-08-21,12250,12200,1659451
4,2019-08-22,11900,11800,2702130
5,2019-08-23,11750,11650,1304932
6,2019-08-26,11200,10950,1731212
7,2019-08-27,11350,11100,1536563
8,2019-08-28,11050,11450,1027178
9,2019-08-29,11550,11500,822323
10,2019-08-30,11600,12150,1641810
11,2019-09-02,11700,11700,1897484
12,2019-09-03,11700,11900,1520188
13,2019-09-04,11800,11900,907508
14,2019-09-05,12050,12150,1292621
15,2019-09-06,12150,11900,726241
16,2019-09-09,11950,11650,941216
17,2019-09-10,12350,12750,5815992
18,2019-09-11,13150,12800,4925884
19,2019-09-16,13300,14050,8603484
20,2019-09-17,13650,13950,3456718
21,2019-09-18,13800,14400,6216137
22,2019-09-19,14550,14550,2516925
23,2019-09-20,14750,14900,3179671
24,2019-09-23,15650,15150,4669962
25,2019-09-24,14600,15000,5001273
26,2019-09-25,14700,13900,5210499
27,2019-09-26,14350,14050,4336407
28,2019-09-27,13700,14000,2166487
29,2019-09-30,13750,13700,1756561
30,2019-10-01,13500,13400,2323896
31,2019-10-02,14250,13900,4560397
32,2019-10-04,14000,13750,2413645
33,2019-10-07,12150,11650,6273586
34,2019-10-08,11600,11800,3055502
35,2019-10-10,11650,11850,1806971
36,2019-10-11,12000,11900,1199468
37,2019-10-14,12050,12400,2419213
38,2019-10-15,12300,12400,889382
39,2019-10-16,12350,12450,1079604
40,2019-10-17,12400,12150,917653
41,2019-10-18,12250,12250,1227976
42,2019-10-21,12050,11700,1661008
43,2019-10-22,11900,12250,1700432
44,2019-10-23,11500,11250,6767891
45,2019-10-24,11350,11500,2845107
46,2019-10-25,11600,11400,2154097
47,2019-10-28,11200,11350,2404909
48,2019-10-29,11550,11750,2243804
49,2019-10-30,11350,11450,1445496
50,2019-10-31,11450,11400,1218962
51,2019-11-01,11350,11600,1041005
52,2019-11-04,11700,11650,1136891
53,2019-11-05,12050,11900,2441326
54,2019-11-06,12100,12150,2803669
55,2019-11-07,12050,11900,1536778
56,2019-11-08,11950,12500,2514788
57,2019-11-11,12200,12150,1668777
58,2019-11-12,12150,12150,889532
59,2019-11-13,12100,12100,989385
60,2019-11-14,12150,12300,1168929
61,2019-11-15,12150,11950,3050892
62,2019-11-18,12300,12500,5596219
63,2019-11-19,12300,12150,1809502
64,2019-11-20,12200,11900,1653756
65,2019-11-21,11850,11550,1515503
66,2019-11-22,11500,11650,1633588
67,2019-11-25,11650,11750,1042403
68,2019-11-26,11700,11650,1080103
69,2019-11-27,11650,11400,1281439
70,2019-11-28,11300,11050,1472741
71,2019-11-29,10950,10950,903344
72,2019-12-02,10950,10450,1919379
73,2019-12-03,10250,10750,3788969
74,2019-12-04,10450,10300,1594733
75,2019-12-05,10300,10200,1496624
76,2019-12-06,10050,10550,1141674
77,2019-12-09,10350,10400,937194
78,2019-12-10,10250,10000,1564045
79,2019-12-11,10050,10250,1079114
80,2019-12-12,10350,10500,1783738
81,2019-12-13,10450,10500,1100058
82,2019-12-16,10550,10500,2218821
83,2019-12-17,10650,10050,2524746
84,2019-12-18,10000,10500,2154624
85,2019-12-19,10450,10250,1086837
86,2019-12-20,10350,10550,1422445
87,2019-12-23,10350,10200,1135782
88,2019-12-24,10250,10100,1425724
89,2019-12-26,10200,10450,1192864
90,2019-12-27,10450,10500,1014709
91,2019-12-30,10400,10400,969382
92,2020-01-02,10400,10400,1010012
93,2020-01-03,10500,10550,1656653
94,2020-01-06,10450,10050,1800192
95,2020-01-07,10150,10150,1509305
96,2020-01-08,10100,9330,4103190
97,2020-01-09,9730,10100,3017589
98,2020-01-10,10250,10400,1468758
99,2020-01-13,10200,10700,3444817
100,2020-01-14,10800,10600,1574096
101,2020-01-15,10600,11150,6136717
102,2020-01-16,11200,10900,2752174
103,2020-01-17,10900,10750,2410467
104,2020-01-20,10700,10650,1478692
105,2020-01-21,10800,10500,4142297
106,2020-01-22,10400,10400,1280167
107,2020-01-23,10450,10350,870979
108,2020-01-28,9790,9770,2173376
109,2020-01-29,9890,9810,1231979
110,2020-01-30,9750,9400,1546128
111,2020-01-31,9400,9070,1689933
112,2020-02-03,8810,9100,1880710
113,2020-02-04,9170,9400,985707
114,2020-02-05,9500,9320,1122048
115,2020-02-06,9440,9510,830334
116,2020-02-07,9590,9770,1133713
117,2020-02-10,9900,9920,1290795
118,2020-02-11,9640,9670,1060716
119,2020-02-12,9660,9480,1106679
120,2020-02-13,9480,9460,997641
121,2020-02-14,9460,9520,758116
122,2020-02-17,9480,9390,9483116
123,2020-02-18,9230,8270,9815176
124,2020-02-19,8280,8030,3714268
125,2020-02-20,8000,7700,2989605
126,2020-02-21,7560,7600,2769988
127,2020-02-24,7300,7000,3344427
128,2020-02-25,6970,7420,2513424
129,2020-02-26,7170,7320,1416034
130,2020-02-27,7300,7120,1224194
131,2020-02-28,6970,6850,1669750
132,2020-03-02,6900,6970,1408838
133,2020-03-03,7110,7100,1168707
134,2020-03-04,7000,7260,937720
135,2020-03-05,7320,7270,1243194
136,2020-03-06,7540,7160,3823151
137,2020-03-09,6900,6740,1763789
138,2020-03-10,6570,6720,1762767
139,2020-03-11,6770,6480,1473005
140,2020-03-12,6330,5990,2749218
141,2020-03-13,5410,5200,6132841
142,2020-03-16,5210,4805,3359695
143,2020-03-17,4380,4780,3187845
144,2020-03-18,4820,4390,4631280
145,2020-03-19,4500,3840,4474055
146,2020-03-20,3905,4085,3060220
147,2020-03-23,3895,3895,2516089
148,2020-03-24,4015,4375,2961991
149,2020-03-25,4520,4570,3391259
150,2020-03-26,4595,4565,5353765
151,2020-03-27,4730,4610,4950357
152,2020-03-30,4430,4625,1999758
153,2020-03-31,4700,6010,25711525
154,2020-04-01,5870,6050,40650904
155,2020-04-02,6100,6350,23198110
156,2020-04-03,6450,6410,11217339
157,2020-04-06,6410,6720,12971796
158,2020-04-07,6920,7150,19814212
159,2020-04-08,7050,6930,5918020
160,2020-04-09,7090,7000,5189162
161,2020-04-10,7050,6810,5439123
162,2020-04-13,6780,6800,5698582
163,2020-04-14,6940,7940,73566715
164,2020-04-16,8450,10300,83279719
165,2020-04-17,10000,9850,41414379
166,2020-04-20,10000,10300,57113996
167,2020-04-21,10450,9920,46706888
168,2020-04-22,9980,10100,19184455
169,2020-04-23,10000,10000,16457406
170,2020-04-24,10300,10000,13893368
171,2020-04-27,10350,10200,13746825
172,2020-04-28,10300,10000,7868045
173,2020-04-29,10100,10000,4661839
174,2020-05-04,10800,10100,9007042
175,2020-05-06,10200,10400,6795543
176,2020-05-07,10500,10950,28499024
177,2020-05-08,11250,12300,45357478
178,2020-05-11,11700,11050,16795685
179,2020-05-12,11000,10600,11275466
180,2020-05-13,10250,10450,6743772
181,2020-05-14,10300,10350,5475645
182,2020-05-15,10400,10000,5292011
183,2020-05-18,10000,9980,3425416
184,2020-05-19,10150,10300,7416831
185,2020-05-20,10250,10500,4361130
186,2020-05-21,10650,10300,2602494
187,2020-05-22,10350,10300,3328739
188,2020-05-25,10150,10100,2371221
189,2020-05-26,10100,10600,20746480
190,2020-05-27,10700,10600,5777152
191,2020-05-28,10650,10150,8517068
192,2020-05-29,10100,10350,2921737
193,2020-06-01,10400,10450,2700032
194,2020-06-02,10500,10700,5403082
195,2020-06-03,10800,10550,3176742
196,2020-06-04,10400,10600,3603179
197,2020-06-05,10650,10950,6760135
198,2020-06-08,10600,10400,4920872
199,2020-06-09,9750,10100,6686532
200,2020-06-10,10000,9770,4466549
201,2020-06-11,9850,9540,4003611
202,2020-06-12,9040,9680,7626624
203,2020-06-15,9290,8680,6759350
204,2020-06-16,9000,9460,10234777
205,2020-06-17,8700,8530,9391299
206,2020-06-18,8530,8400,15730196
207,2020-06-19,8430,9350,68483080
208,2020-06-22,9310,9270,19022602
209,2020-06-23,9420,8820,6614267
210,2020-06-24,10300,10450,46815064
211,2020-06-25,10050,9970,8576348
212,2020-06-26,10150,9600,6828635
213,2020-06-29,9350,9450,3712616
214,2020-06-30,9560,9650,6672109
215,2020-07-01,9870,10050,10825856
216,2020-07-02,10100,10150,5255884
217,2020-07-03,10500,10950,10751467
218,2020-07-06,10800,10750,7858378
219,2020-07-07,10600,10350,5462214
220,2020-07-08,10300,10400,13554645
221,2020-07-09,10450,10250,4464320
222,2020-07-10,10400,10100,4465554
223,2020-07-13,10150,9990,2803016
224,2020-07-14,10000,9920,2067028
225,2020-07-15,10000,10100,2439951
226,2020-07-16,10100,10050,2470093
227,2020-07-17,10250,10350,3238603
228,2020-07-20,10300,10350,5143810
229,2020-07-21,10400,10550,3511407
230,2020-07-22,10550,10550,3037657
231,2020-07-23,10500,10150,2920227
232,2020-07-24,10150,10100,1887903
233,2020-07-27,10050,10250,1686368
234,2020-07-28,10300,10250,3284133
235,2020-07-29,10200,10350,1766016
236,2020-07-30,10400,10350,6450211
237,2020-07-31,10400,10400,1867135
238,2020-08-03,10700,10450,3301464
239,2020-08-04,10300,10400,2418605
240,2020-08-05,10350,10350,1924119
241,2020-08-06,10500,10650,5711665
242,2020-08-07,10650,10350,2871266
243,2020-08-10,10350,10200,2581591
244,2020-08-11,10200,10200,1875807
245,2020-08-12,10200,10000,2386176
246,2020-08-13,10150,10250,2426394
247,2020-08-14,10150,10300,2042325
248,2020-08-18,9900,9280,4533722
249,2020-08-19,9280,9310,2154364
250,2020-08-20,9260,8670,3529437
251,2020-08-21,8850,9180,11412038
252,2020-08-24,9050,9070,1892751
253,2020-08-25,9150,9250,1829355
254,2020-08-26,9250,9250,1504207
255,2020-08-27,9200,8980,1907868
256,2020-08-28,9030,9040,2851715
257,2020-08-31,9080,9100,1218293
258,2020-09-01,9040,9070,872254
259,2020-09-02,9170,9080,959444
260,2020-09-03,9120,9080,1524792
261,2020-09-04,8700,8930,1658054
262,2020-09-07,8900,8950,1093624
263,2020-09-08,8950,8990,1772674
264,2020-09-09,8870,8860,1109250
265,2020-09-10,8950,8870,949369
266,2020-09-11,9180,9100,5284642
267,2020-09-14,9160,9310,3890311
268,2020-09-15,9350,9320,2628725
269,2020-09-16,9510,9370,8559688
270,2020-09-17,9420,9360,1669002
271,2020-09-18,9400,9290,1332243
272,2020-09-21,9230,8990,1421247
273,2020-09-22,8990,8830,1390347
274,2020-09-23,9000,8820,1392984
275,2020-09-24,8700,8610,2113234
276,2020-09-25,8490,9330,19921065
277,2020-09-28,9100,9320,11732317
278,2020-09-29,9460,9370,2433335
279,2020-10-05,9010,9070,2383596
280,2020-10-06,9120,8910,2094114
281,2020-10-07,8870,8910,1333210
282,2020-10-08,8960,8960,1227132
283,2020-10-12,9420,9150,3467597
284,2020-10-13,9170,9030,1246779
285,2020-10-14,9030,8880,1211898
286,2020-10-15,8910,8910,1625536
287,2020-10-16,8930,8800,998666
288,2020-10-19,8760,8730,1019101
289,2020-10-20,8640,8620,1041984
290,2020-10-21,8630,8760,729494
291,2020-10-22,8790,8640,603319
292,2020-10-23,8640,8580,1210050
293,2020-10-26,8540,8390,1555712
294,2020-10-27,8270,8270,747455
295,2020-10-28,8240,8380,570228
296,2020-10-29,8230,8460,649512
297,2020-10-30,8500,8320,618952
298,2020-11-02,8270,8290,482845
299,2020-11-03,8300,8480,870528
