,date,open,close,volume
0,2019-08-16,4560,4630,294157
1,2019-08-19,4670,4675,313011
2,2019-08-20,4730,5000,507770
3,2019-08-21,5090,5000,343511
4,2019-08-22,5030,4925,294191
5,2019-08-23,4820,4700,434622
6,2019-08-26,4545,4420,491199
7,2019-08-27,4495,4385,217071
8,2019-08-28,4375,4505,132899
9,2019-08-29,4505,4390,161362
10,2019-08-30,4495,4520,150172
11,2019-09-02,4490,4825,325118
12,2019-09-03,4770,4775,177838
13,2019-09-04,4775,4935,273672
14,2019-09-05,4940,4955,257987
15,2019-09-06,4960,4850,187201
16,2019-09-09,4860,4820,207219
17,2019-09-10,4820,4745,163405
18,2019-09-11,4745,4835,103519
19,2019-09-16,4845,4835,89817
20,2019-09-17,4785,4735,162169
21,2019-09-18,4825,4840,178479
22,2019-09-19,4810,4835,288041
23,2019-09-20,4845,4835,107024
24,2019-09-23,4775,4640,206007
25,2019-09-24,4620,4730,116229
26,2019-09-25,4700,4540,159708
27,2019-09-26,4555,4510,144989
28,2019-09-27,4510,4745,200255
29,2019-09-30,4700,4755,148343
30,2019-10-01,4720,4750,100329
31,2019-10-02,4740,4600,156732
32,2019-10-04,4600,4665,87008
33,2019-10-07,4660,4645,94023
34,2019-10-08,4655,5050,1030789
35,2019-10-10,5040,4995,333280
36,2019-10-11,4970,4980,436853
37,2019-10-14,5040,5090,357896
38,2019-10-15,5100,5060,148098
39,2019-10-16,5080,5100,266071
40,2019-10-17,5100,5000,171617
41,2019-10-18,5030,5270,449319
42,2019-10-21,5320,5160,368247
43,2019-10-22,5190,5540,1288830
44,2019-10-23,5500,5450,439981
45,2019-10-24,5450,5560,407766
46,2019-10-25,5560,5540,310063
47,2019-10-28,5540,5550,369756
48,2019-10-29,5600,5510,343041
49,2019-10-30,5460,5340,488894
50,2019-10-31,5340,5400,179400
51,2019-11-01,5400,5460,174363
52,2019-11-04,5500,5350,242639
53,2019-11-05,5350,5280,196187
54,2019-11-06,5330,5440,651242
55,2019-11-07,4900,4950,1592926
56,2019-11-08,5040,4950,656010
57,2019-11-11,4955,4945,202085
58,2019-11-12,4950,4930,183989
59,2019-11-13,4930,4795,178802
60,2019-11-14,4785,4860,173062
61,2019-11-15,4815,4895,140329
62,2019-11-18,4895,5180,455356
63,2019-11-19,5140,5110,179445
64,2019-11-20,5110,4940,164378
65,2019-11-21,4935,4870,240434
66,2019-11-22,4870,4850,87896
67,2019-11-25,4850,4865,86272
68,2019-11-26,4850,4945,90787
69,2019-11-27,4980,5050,145542
70,2019-11-28,5020,5000,135424
71,2019-11-29,5000,5030,168655
72,2019-12-02,5030,5110,113974
73,2019-12-03,5050,5100,56278
74,2019-12-04,5030,4945,85992
75,2019-12-05,4970,4945,80328
76,2019-12-06,4945,4900,85494
77,2019-12-09,4900,4825,112720
78,2019-12-10,4825,4730,103145
79,2019-12-11,4720,4690,148304
80,2019-12-12,4670,4700,101179
81,2019-12-13,4760,4880,156906
82,2019-12-16,4895,5040,656452
83,2019-12-17,5040,5050,179564
84,2019-12-18,5050,5100,118618
85,2019-12-19,5130,5040,133905
86,2019-12-20,5040,4980,145828
87,2019-12-23,4980,5250,621261
88,2019-12-24,5260,5130,339360
89,2019-12-26,5110,5180,366222
90,2019-12-27,5180,5270,423099
91,2019-12-30,5280,5270,253789
92,2020-01-02,5300,5290,186252
93,2020-01-03,5370,5210,229927
94,2020-01-06,5130,5180,230286
95,2020-01-07,5180,5000,242017
96,2020-01-08,4930,4660,375578
97,2020-01-09,4800,4865,202913
98,2020-01-10,4865,4830,152007
99,2020-01-13,4780,4965,171327
100,2020-01-14,4985,5040,129889
101,2020-01-15,5060,5150,1336655
102,2020-01-16,5160,5190,220012
103,2020-01-17,5250,5230,410285
104,2020-01-20,5240,5240,437732
105,2020-01-21,5240,5270,233186
106,2020-01-22,5280,5690,4224125
107,2020-01-23,5690,5770,1268977
108,2020-01-28,5460,5620,652027
109,2020-01-29,5700,5620,510173
110,2020-01-30,5620,5370,455248
111,2020-01-31,5370,5180,425731
112,2020-02-03,5010,5230,382015
113,2020-02-04,5250,5390,229550
114,2020-02-05,5480,5210,292532
115,2020-02-06,5230,5230,168414
116,2020-02-07,5230,5150,214985
117,2020-02-10,5110,5130,218942
118,2020-02-11,5150,5350,884991
119,2020-02-12,5310,5240,397337
120,2020-02-13,5300,5190,485597
121,2020-02-14,5200,5280,360084
122,2020-02-17,5320,5230,311944
123,2020-02-18,5210,4960,446259
124,2020-02-19,4965,4965,270846
125,2020-02-20,5020,4800,296129
126,2020-02-21,4750,4685,288665
127,2020-02-24,4450,4380,429842
128,2020-02-25,4330,4445,209328
129,2020-02-26,4320,4325,234630
130,2020-02-27,4325,4200,160236
131,2020-02-28,4075,3915,340999
132,2020-03-02,3920,4110,171296
133,2020-03-03,4170,4160,298961
134,2020-03-04,4160,4145,252510
135,2020-03-05,4175,4150,179297
136,2020-03-06,4070,4030,162877
137,2020-03-09,4000,3770,176102
138,2020-03-10,3705,3885,236363
139,2020-03-11,3885,3725,172375
140,2020-03-12,3620,3500,273977
141,2020-03-13,3205,3085,298901
142,2020-03-16,3085,2905,205688
143,2020-03-17,2605,2995,221262
144,2020-03-18,3000,2800,97928
145,2020-03-19,2815,2360,456754
146,2020-03-20,2360,2450,490583
147,2020-03-23,2300,2275,213959
148,2020-03-24,2310,2430,163815
149,2020-03-25,2560,2710,400449
150,2020-03-26,2785,2785,240717
151,2020-03-27,2880,2810,276930
152,2020-03-30,2755,2790,111610
153,2020-03-31,2870,2935,283034
154,2020-04-01,2935,3095,429631
155,2020-04-02,3060,3230,182754
156,2020-04-03,3235,3220,162384
157,2020-04-06,3270,3360,112915
158,2020-04-07,3600,3475,251991
159,2020-04-08,3475,3665,253500
160,2020-04-09,3740,3750,207410
161,2020-04-10,3800,3765,216399
162,2020-04-13,3750,3615,262319
163,2020-04-14,3640,3705,134545
164,2020-04-16,3710,3870,1078533
165,2020-04-17,3895,3970,351417
166,2020-04-20,4080,3970,308157
167,2020-04-21,3965,3840,250276
168,2020-04-22,3705,3815,253876
169,2020-04-23,3860,3850,178288
170,2020-04-24,3850,3775,194398
171,2020-04-27,3770,3820,137605
172,2020-04-28,3825,3800,223801
173,2020-04-29,3755,3845,110505
174,2020-05-04,3705,3760,129338
175,2020-05-06,3765,3920,231544
176,2020-05-07,3950,4030,324896
177,2020-05-08,4095,4045,250378
178,2020-05-11,4085,4015,221257
179,2020-05-12,4070,3960,147752
180,2020-05-13,3835,3910,128436
181,2020-05-14,3855,3800,164659
182,2020-05-15,3805,3820,95684
183,2020-05-18,3820,3730,186847
184,2020-05-19,3730,3795,141385
185,2020-05-20,3795,3920,146213
186,2020-05-21,4000,4030,537611
187,2020-05-22,4260,4050,789702
188,2020-05-25,4045,4000,188727
189,2020-05-26,4070,4030,288606
190,2020-05-27,4050,4100,267772
191,2020-05-28,4130,4010,344012
192,2020-05-29,3930,3975,135897
193,2020-06-01,3990,4175,461562
194,2020-06-02,4255,4740,5011151
195,2020-06-03,4700,4945,2755682
196,2020-06-04,5020,5080,2779230
197,2020-06-05,5180,5100,1186995
198,2020-06-08,5100,5270,1219268
199,2020-06-09,5240,5290,762788
200,2020-06-10,5270,5120,557453
201,2020-06-11,5130,5060,373813
202,2020-06-12,4725,5200,694424
203,2020-06-15,5200,4760,607260
204,2020-06-16,4905,4960,492724
205,2020-06-17,4950,4895,281899
206,2020-06-18,4890,4930,230465
207,2020-06-19,5000,4960,357270
208,2020-06-22,4955,4900,235274
209,2020-06-23,4850,4735,493430
210,2020-06-24,4870,5090,3800533
211,2020-06-25,4980,4850,472083
212,2020-06-26,4860,4880,323395
213,2020-06-29,4810,4615,409644
214,2020-06-30,4620,4665,200711
215,2020-07-01,4690,4490,318043
216,2020-07-02,4510,4505,88691
217,2020-07-03,4505,4435,143143
218,2020-07-06,4435,4560,219498
219,2020-07-07,4600,4440,135181
220,2020-07-08,4450,4360,212670
221,2020-07-09,4350,4430,225709
222,2020-07-10,4455,4400,388091
223,2020-07-13,4450,4320,312331
224,2020-07-14,4350,4195,339535
225,2020-07-15,4220,4320,230124
226,2020-07-16,4320,4185,328095
227,2020-07-17,4185,4335,383767
228,2020-07-20,4465,4725,12076005
229,2020-07-21,4760,4795,1443995
230,2020-07-22,4715,4855,1125072
231,2020-07-23,4780,4745,564936
232,2020-07-24,4670,4710,536674
233,2020-07-27,4665,4700,569698
234,2020-07-28,4710,4615,267359
235,2020-07-29,4615,4570,231755
236,2020-07-30,4570,4650,246548
237,2020-07-31,4700,4530,310079
238,2020-08-03,4530,4360,376368
239,2020-08-04,4370,4360,190498
240,2020-08-05,4360,4595,434808
241,2020-08-06,4600,4535,201924
242,2020-08-07,4535,4625,556237
243,2020-08-10,4650,4590,218622
244,2020-08-11,4590,4565,160848
245,2020-08-12,4535,4485,232594
246,2020-08-13,4550,4805,2231053
247,2020-08-14,4915,5030,3430238
248,2020-08-18,5010,4940,2598617
249,2020-08-19,4970,5340,9860915
250,2020-08-20,5260,5410,2143659
251,2020-08-21,5470,5560,5398749
252,2020-08-24,5510,5120,1729088
253,2020-08-25,5080,5160,832231
254,2020-08-26,5120,5170,615352
255,2020-08-27,5150,4950,752073
256,2020-08-28,4930,5030,643636
257,2020-08-31,4975,4890,337075
258,2020-09-01,4960,5090,717764
259,2020-09-02,5090,5120,398179
260,2020-09-03,5130,5030,281574
261,2020-09-04,4795,5000,426334
262,2020-09-07,5000,5250,1032165
263,2020-09-08,5400,5130,1671284
264,2020-09-09,5100,5360,1705837
265,2020-09-10,5500,5800,3095653
266,2020-09-11,5750,5630,1944099
267,2020-09-14,5690,5620,563018
268,2020-09-15,5620,5480,901449
269,2020-09-16,5560,5420,1481604
270,2020-09-17,5380,5070,869785
271,2020-09-18,5130,5070,455551
272,2020-09-21,5060,4965,407563
273,2020-09-22,4895,4620,703428
274,2020-09-23,4745,4710,214730
275,2020-09-24,4620,4465,455646
276,2020-09-25,4470,4535,166102
277,2020-09-28,4555,4690,120321
278,2020-09-29,4755,4775,151805
279,2020-10-05,4765,4765,88583
280,2020-10-06,4875,4690,219206
281,2020-10-07,4620,4695,148858
282,2020-10-08,4750,4840,263756
283,2020-10-12,4850,4780,165629
284,2020-10-13,4785,4720,148611
285,2020-10-14,4745,4615,138543
286,2020-10-15,4665,4450,387614
287,2020-10-16,4520,4365,197847
288,2020-10-19,4445,4240,185061
289,2020-10-20,4170,4130,151013
290,2020-10-21,4135,4290,165834
291,2020-10-22,4285,4130,143310
292,2020-10-23,4225,4130,122407
293,2020-10-26,4270,3885,203766
294,2020-10-27,3805,3795,150313
295,2020-10-28,3795,3935,85073
296,2020-10-29,3880,3985,109716
297,2020-10-30,3985,3910,128967
298,2020-11-02,3835,4000,113216
299,2020-11-03,4040,4140,108445
