,date,open,close,volume
0,2019-08-16,17500,17350,131330
1,2019-08-19,17400,17450,44871
2,2019-08-20,17600,17500,30943
3,2019-08-21,17650,18000,49734
4,2019-08-22,18050,17800,24059
5,2019-08-23,17900,17900,43745
6,2019-08-26,17150,17000,73266
7,2019-08-27,17250,17000,34042
8,2019-08-28,17100,17300,13240
9,2019-08-29,17300,17150,16238
10,2019-08-30,17300,17600,23883
11,2019-09-02,17800,17550,13469
12,2019-09-03,17450,18050,44281
13,2019-09-04,18100,18150,35845
14,2019-09-05,18250,18250,45042
15,2019-09-06,18300,18650,54683
16,2019-09-09,18650,18300,51472
17,2019-09-10,18200,18300,25045
18,2019-09-11,18300,18250,20615
19,2019-09-16,18250,18100,29977
20,2019-09-17,18050,18250,26497
21,2019-09-18,18300,18400,24008
22,2019-09-19,18400,18450,29916
23,2019-09-20,18600,19000,66556
24,2019-09-23,19100,19100,29501
25,2019-09-24,19250,19300,94822
26,2019-09-25,19300,18600,70928
27,2019-09-26,18750,18800,52980
28,2019-09-27,18800,18900,28887
29,2019-09-30,18750,18650,38206
30,2019-10-01,18950,18700,16839
31,2019-10-02,18500,19250,86752
32,2019-10-04,19150,18950,41776
33,2019-10-07,19000,18900,23081
34,2019-10-08,18900,18900,20242
35,2019-10-10,18650,18850,20856
36,2019-10-11,18950,18800,23219
37,2019-10-14,19150,18900,19219
38,2019-10-15,19000,19150,29601
39,2019-10-16,19250,19250,30151
40,2019-10-17,19250,19150,21648
41,2019-10-18,19150,18850,36520
42,2019-10-21,18700,18100,54202
43,2019-10-22,18100,18350,21052
44,2019-10-23,18350,18350,27763
45,2019-10-24,18450,18150,22942
46,2019-10-25,18150,17600,69994
47,2019-10-28,17550,17700,41741
48,2019-10-29,18000,17700,19768
49,2019-10-30,17800,17500,27500
50,2019-10-31,17500,17350,22119
51,2019-11-01,17400,17450,14550
52,2019-11-04,17450,17400,23520
53,2019-11-05,17450,17550,28172
54,2019-11-06,17600,17700,21162
55,2019-11-07,17700,17450,16890
56,2019-11-08,17500,17200,26264
57,2019-11-11,17050,17200,25253
58,2019-11-12,17200,17350,25178
59,2019-11-13,17350,17000,19771
60,2019-11-14,17000,16850,26436
61,2019-11-15,17000,16700,25099
62,2019-11-18,16900,17100,28405
63,2019-11-19,16950,16750,22061
64,2019-11-20,16700,16200,79217
65,2019-11-21,16250,16050,34265
66,2019-11-22,15800,16100,19848
67,2019-11-25,16300,16300,15537
68,2019-11-26,16200,16500,14555
69,2019-11-27,16650,16850,25316
70,2019-11-28,16850,17400,63545
71,2019-11-29,17550,17350,44851
72,2019-12-02,17350,18700,218700
73,2019-12-03,18300,18600,40968
74,2019-12-04,18600,18350,34079
75,2019-12-05,18300,18200,36036
76,2019-12-06,18050,19600,185981
77,2019-12-09,19400,19600,88847
78,2019-12-10,19600,19500,88734
79,2019-12-11,19350,19700,26263
80,2019-12-12,19900,20000,66254
81,2019-12-13,20000,19650,69034
82,2019-12-16,19500,19800,55412
83,2019-12-17,20100,20050,40427
84,2019-12-18,20100,20200,107868
85,2019-12-19,20200,20300,58930
86,2019-12-20,20250,21300,194644
87,2019-12-23,22000,22900,691318
88,2019-12-24,23000,21950,296988
89,2019-12-26,21950,21350,160041
90,2019-12-27,21300,21700,117535
91,2019-12-30,21900,21900,85472
92,2020-01-02,21900,22500,130814
93,2020-01-03,22500,21300,139179
94,2020-01-06,21200,22650,255346
95,2020-01-07,22600,22600,207274
96,2020-01-08,22600,23000,330535
97,2020-01-09,23350,22700,219518
98,2020-01-10,22800,22250,146535
99,2020-01-13,22250,22300,101437
100,2020-01-14,22350,21950,155927
101,2020-01-15,22050,21300,134602
102,2020-01-16,21200,20750,187461
103,2020-01-17,20950,21550,113573
104,2020-01-20,21350,21300,75249
105,2020-01-21,21200,21450,167328
106,2020-01-22,21950,21350,79520
107,2020-01-23,21350,20900,55244
108,2020-01-28,20700,20750,222177
109,2020-01-29,20900,20600,57030
110,2020-01-30,20700,21100,118012
111,2020-01-31,22150,20000,362931
112,2020-02-03,19900,20400,225490
113,2020-02-04,20600,20550,118676
114,2020-02-05,20550,20300,107352
115,2020-02-06,20450,20150,95874
116,2020-02-07,20400,20000,64651
117,2020-02-10,20200,19800,74570
118,2020-02-11,19750,19950,78408
119,2020-02-12,19950,20500,114407
120,2020-02-13,20500,20400,81993
121,2020-02-14,20350,20650,110661
122,2020-02-17,20750,20850,84757
123,2020-02-18,20850,20400,75396
124,2020-02-19,20550,20900,119423
125,2020-02-20,20950,20800,154061
126,2020-02-21,20750,20800,176572
127,2020-02-24,21650,21200,835943
128,2020-02-25,21000,20200,271269
129,2020-02-26,20350,19900,179283
130,2020-02-27,19650,18650,222035
131,2020-02-28,18150,17700,154949
132,2020-03-02,17750,18000,78601
133,2020-03-03,18500,17900,74508
134,2020-03-04,17600,18600,76205
135,2020-03-05,18750,18900,66260
136,2020-03-06,18500,18350,112301
137,2020-03-09,18000,17150,154011
138,2020-03-10,16600,17500,106711
139,2020-03-11,17550,17550,119576
140,2020-03-12,17400,18300,238530
141,2020-03-13,17100,16800,301417
142,2020-03-16,17700,16800,410379
143,2020-03-17,15550,17000,158691
144,2020-03-18,17050,15700,241209
145,2020-03-19,15800,13450,337390
146,2020-03-20,14050,14350,144799
147,2020-03-23,13550,12650,124654
148,2020-03-24,13150,13150,111675
149,2020-03-25,13450,13800,202562
150,2020-03-26,14150,13900,174730
151,2020-03-27,14400,14300,191831
152,2020-03-30,15650,18550,618579
153,2020-03-31,20050,19200,907566
154,2020-04-01,19200,17550,353300
155,2020-04-02,17400,17250,220743
156,2020-04-03,17350,17700,156644
157,2020-04-06,17950,17850,156838
158,2020-04-07,18050,17800,150141
159,2020-04-08,17750,17950,183270
160,2020-04-09,18200,18600,461752
161,2020-04-10,18950,17800,197761
162,2020-04-13,18400,18000,145392
163,2020-04-14,18200,18300,264247
164,2020-04-16,18100,18650,218913
165,2020-04-17,18650,18300,206365
166,2020-04-20,18650,18550,204038
167,2020-04-21,19050,18750,1031343
168,2020-04-22,18800,20050,502750
169,2020-04-23,20800,20050,272244
170,2020-04-24,20050,19700,236179
171,2020-04-27,20200,20700,433670
172,2020-04-28,21350,21550,373431
173,2020-04-29,22000,21550,215965
174,2020-05-04,21600,22500,350850
175,2020-05-06,22600,24200,471931
176,2020-05-07,24500,24400,239418
177,2020-05-08,24900,25500,278257
178,2020-05-11,26250,26000,402894
179,2020-05-12,26100,29000,614781
180,2020-05-13,28500,28850,441400
181,2020-05-14,28850,29200,423729
182,2020-05-15,26700,23950,1642772
183,2020-05-18,23550,24100,497435
184,2020-05-19,24100,25100,536067
185,2020-05-20,24850,25100,276101
186,2020-05-21,25100,25400,231938
187,2020-05-22,25050,24450,182849
188,2020-05-25,24400,24450,167106
189,2020-05-26,24850,25150,220316
190,2020-05-27,25200,24100,225960
191,2020-05-28,24050,23550,304340
192,2020-05-29,23050,22950,145118
193,2020-06-01,23000,23550,106614
194,2020-06-02,23750,23550,102218
195,2020-06-03,23600,22800,160861
196,2020-06-04,22850,23000,109022
197,2020-06-05,23250,23000,62193
198,2020-06-08,23050,22400,170108
199,2020-06-09,22650,22150,113329
200,2020-06-10,22400,22200,91375
201,2020-06-11,22250,21750,112318
202,2020-06-12,20650,21900,161291
203,2020-06-15,22250,20300,171765
204,2020-06-16,20600,21050,149609
205,2020-06-17,22000,21550,286510
206,2020-06-18,21700,21450,82996
207,2020-06-19,21850,22700,241152
208,2020-06-22,22600,22150,105920
209,2020-06-23,22350,22050,135851
210,2020-06-24,22450,21850,139795
211,2020-06-25,21200,21200,146471
212,2020-06-26,21500,21350,124802
213,2020-06-29,21150,20900,71844
214,2020-06-30,21100,21350,102013
215,2020-07-01,21600,21250,58639
216,2020-07-02,21100,21700,69686
217,2020-07-03,21950,22500,135267
218,2020-07-06,22700,22400,67940
219,2020-07-07,22500,21650,95829
220,2020-07-08,21850,21700,77245
221,2020-07-09,21650,21650,75647
222,2020-07-10,21700,21400,102035
223,2020-07-13,21400,22550,224334
224,2020-07-14,22400,22300,93522
225,2020-07-15,22550,24050,362226
226,2020-07-16,24500,23250,293232
227,2020-07-17,23450,23450,118848
228,2020-07-20,24000,23100,93761
229,2020-07-21,23300,23200,116409
230,2020-07-22,23200,23200,72139
231,2020-07-23,23450,22800,92358
232,2020-07-24,22450,22400,103288
233,2020-07-27,22400,22600,60543
234,2020-07-28,22600,22700,93858
235,2020-07-29,22850,23400,995232
236,2020-07-30,23500,23450,148970
237,2020-07-31,23750,24350,326806
238,2020-08-03,24500,24700,200787
239,2020-08-04,24900,24600,126442
240,2020-08-05,24800,23900,290787
241,2020-08-06,24000,23550,236379
242,2020-08-07,23650,23650,144081
243,2020-08-10,23650,24100,208874
244,2020-08-11,24100,25950,645049
245,2020-08-12,25650,25100,422799
246,2020-08-13,26250,25850,469246
247,2020-08-14,26550,25800,272817
248,2020-08-18,25900,24300,304879
249,2020-08-19,24350,24150,136145
250,2020-08-20,24250,22550,270845
251,2020-08-21,22900,22400,120094
252,2020-08-24,22300,23000,124896
253,2020-08-25,23050,23300,104341
254,2020-08-26,23500,23150,123587
255,2020-08-27,23150,23600,230193
256,2020-08-28,24200,23650,165650
257,2020-08-31,23700,23550,131431
258,2020-09-01,23550,23600,106276
259,2020-09-02,23600,24150,93978
260,2020-09-03,24450,23650,119306
261,2020-09-04,22600,22950,148908
262,2020-09-07,22750,23650,150159
263,2020-09-08,23700,23900,207191
264,2020-09-09,23550,23300,115536
265,2020-09-10,23500,23950,86885
266,2020-09-11,23950,23600,102643
267,2020-09-14,23800,24700,314780
268,2020-09-15,25100,24250,232584
269,2020-09-16,24750,24250,325515
270,2020-09-17,24400,23900,145225
271,2020-09-18,24050,24450,135752
272,2020-09-21,24600,23650,123759
273,2020-09-22,23500,23000,140565
274,2020-09-23,23550,24350,408778
275,2020-09-24,23700,23000,247456
276,2020-09-25,23300,22800,81008
277,2020-09-28,23150,23350,82141
278,2020-09-29,23550,24800,642684
279,2020-10-05,25100,24900,365808
280,2020-10-06,24900,24600,164675
281,2020-10-07,24100,25000,506129
282,2020-10-08,25300,25050,421068
283,2020-10-12,25250,26000,267520
284,2020-10-13,26150,26400,404167
285,2020-10-14,26250,25300,294043
286,2020-10-15,25300,24800,203025
287,2020-10-16,24800,24300,97822
288,2020-10-19,24300,23900,89724
289,2020-10-20,23550,24450,90528
290,2020-10-21,24450,24200,40970
291,2020-10-22,24200,23350,106349
292,2020-10-23,23400,22900,105947
293,2020-10-26,22750,21700,181763
294,2020-10-27,21450,21900,84910
295,2020-10-28,21950,21950,48373
296,2020-10-29,21400,22000,76019
297,2020-10-30,22100,21450,53237
298,2020-11-02,21350,21650,41535
299,2020-11-03,21650,21800,56324
