,date,open,close,volume
0,2019-08-16,34100,33250,68159
1,2019-08-19,33100,31750,63190
2,2019-08-20,31950,31700,24815
3,2019-08-21,31550,31400,20814
4,2019-08-22,31650,30950,44995
5,2019-08-23,30950,30850,19844
6,2019-08-26,30200,29950,44949
7,2019-08-27,30250,29950,19733
8,2019-08-28,30200,31350,51427
9,2019-08-29,31300,32200,27316
10,2019-08-30,32250,33000,57649
11,2019-09-02,33200,32700,33709
12,2019-09-03,32500,31550,32439
13,2019-09-04,31800,31050,47889
14,2019-09-05,31050,31000,36189
15,2019-09-06,31100,31250,33188
16,2019-09-09,31050,30300,52792
17,2019-09-10,30100,30600,32289
18,2019-09-11,30750,30650,41406
19,2019-09-16,31000,31000,33378
20,2019-09-17,31000,31000,40120
21,2019-09-18,31400,30950,38680
22,2019-09-19,31000,31000,26245
23,2019-09-20,31100,30650,23960
24,2019-09-23,30650,30250,22627
25,2019-09-24,30100,30450,22439
26,2019-09-25,30300,30200,38970
27,2019-09-26,30250,30500,14231
28,2019-09-27,30200,30450,13807
29,2019-09-30,29950,29700,29975
30,2019-10-01,29700,30300,17141
31,2019-10-02,30100,30000,15112
32,2019-10-04,29950,29400,28437
33,2019-10-07,29800,29100,30790
34,2019-10-08,29100,29250,19714
35,2019-10-10,29100,29000,13226
36,2019-10-11,29300,29100,10731
37,2019-10-14,29400,30450,33537
38,2019-10-15,30350,30200,10349
39,2019-10-16,30200,30050,13539
40,2019-10-17,30000,29900,12543
41,2019-10-18,29800,30600,19421
42,2019-10-21,30700,30050,12389
43,2019-10-22,30200,30500,18676
44,2019-10-23,30200,29900,26916
45,2019-10-24,29900,29800,14132
46,2019-10-25,29800,29400,12498
47,2019-10-28,29450,29400,12483
48,2019-10-29,29400,29450,15963
49,2019-10-30,29450,29400,21114
50,2019-10-31,29500,29200,19568
51,2019-11-01,29300,29350,6599
52,2019-11-04,29500,29450,17020
53,2019-11-05,29300,29200,15176
54,2019-11-06,29300,29200,15269
55,2019-11-07,29100,29300,16916
56,2019-11-08,29250,30350,61606
57,2019-11-11,30400,30600,23082
58,2019-11-12,30650,30550,17766
59,2019-11-13,30450,30350,14491
60,2019-11-14,29900,29900,13136
61,2019-11-15,30100,30100,26096
62,2019-11-18,30100,30000,27347
63,2019-11-19,30200,30200,18756
64,2019-11-20,30300,29100,37067
65,2019-11-21,29050,28850,57328
66,2019-11-22,28500,30250,59528
67,2019-11-25,30250,30350,23742
68,2019-11-26,30000,30200,20228
69,2019-11-27,30200,30050,9361
70,2019-11-28,30050,29500,14387
71,2019-11-29,29750,29150,16750
72,2019-12-02,29150,28750,24367
73,2019-12-03,28550,28700,16724
74,2019-12-04,28700,27950,29293
75,2019-12-05,27950,27750,21338
76,2019-12-06,27800,28500,16087
77,2019-12-09,28850,28750,17537
78,2019-12-10,28900,28550,5037
79,2019-12-11,28350,28300,8228
80,2019-12-12,28300,28600,11780
81,2019-12-13,28700,28750,20337
82,2019-12-16,28600,28800,12464
83,2019-12-17,28800,29750,41121
84,2019-12-18,29800,30450,40415
85,2019-12-19,30200,30050,13342
86,2019-12-20,30250,30500,31404
87,2019-12-23,30550,29900,13292
88,2019-12-24,29800,30000,10471
89,2019-12-26,30400,30450,15561
90,2019-12-27,30000,30200,16747
91,2019-12-30,30200,30000,10550
92,2020-01-02,30200,32500,106730
93,2020-01-03,32800,32350,41443
94,2020-01-06,32050,31850,32029
95,2020-01-07,31850,31800,25349
96,2020-01-08,31550,31900,64573
97,2020-01-09,32100,31850,24935
98,2020-01-10,31850,32650,28027
99,2020-01-13,32800,32500,17583
100,2020-01-14,32850,32000,25933
101,2020-01-15,32250,32300,11287
102,2020-01-16,32600,32350,7978
103,2020-01-17,32350,31800,14090
104,2020-01-20,32150,31950,14537
105,2020-01-21,32000,34150,95986
106,2020-01-22,33900,36600,151802
107,2020-01-23,36700,35900,54444
108,2020-01-28,34900,35400,98721
109,2020-01-29,35450,35350,33403
110,2020-01-30,35350,34600,40856
111,2020-01-31,35100,34850,93628
112,2020-02-03,35550,34550,126739
113,2020-02-04,35550,34900,75377
114,2020-02-05,35500,34900,52029
115,2020-02-06,35000,34750,34194
116,2020-02-07,35050,34950,32632
117,2020-02-10,35050,34400,26251
118,2020-02-11,34400,34950,30701
119,2020-02-12,35150,34100,56678
120,2020-02-13,34300,33600,63765
121,2020-02-14,33800,33050,41479
122,2020-02-17,33050,33150,32746
123,2020-02-18,33150,32700,27282
124,2020-02-19,32700,34550,66604
125,2020-02-20,35200,34450,59603
126,2020-02-21,35000,35750,149773
127,2020-02-24,37000,35200,222870
128,2020-02-25,35350,34100,72129
129,2020-02-26,34100,32850,65129
130,2020-02-27,33050,31600,52896
131,2020-02-28,31300,30200,107955
132,2020-03-02,29850,31150,78289
133,2020-03-03,31900,30650,44023
134,2020-03-04,30300,30700,39387
135,2020-03-05,30750,31050,30279
136,2020-03-06,30700,30300,33682
137,2020-03-09,29850,29300,58189
138,2020-03-10,29000,28500,48942
139,2020-03-11,28600,27250,61134
140,2020-03-12,26600,25700,72836
141,2020-03-13,23100,24200,118642
142,2020-03-16,25100,23250,71723
143,2020-03-17,21800,23400,63116
144,2020-03-18,24500,22650,67930
145,2020-03-19,22750,20600,114565
146,2020-03-20,20850,22950,48077
147,2020-03-23,21100,21650,34044
148,2020-03-24,22300,23050,47747
149,2020-03-25,23850,23900,38116
150,2020-03-26,24000,24750,76220
151,2020-03-27,25750,24550,60855
152,2020-03-30,23350,25050,35935
153,2020-03-31,26000,27000,62797
154,2020-04-01,27000,27550,77802
155,2020-04-02,27500,27150,69559
156,2020-04-03,27150,26850,43649
157,2020-04-06,26950,28100,89626
158,2020-04-07,28600,28450,55291
159,2020-04-08,28500,29500,98732
160,2020-04-09,29700,30000,87101
161,2020-04-10,30100,30200,58765
162,2020-04-13,30250,29750,37708
163,2020-04-14,29750,30000,52373
164,2020-04-16,29650,29450,66678
165,2020-04-17,29500,29600,61387
166,2020-04-20,29650,29200,33126
167,2020-04-21,29000,28750,61811
168,2020-04-22,28650,28600,34283
169,2020-04-23,28650,30050,59488
170,2020-04-24,29750,29900,37223
171,2020-04-27,29700,29900,53594
172,2020-04-28,30000,30250,112111
173,2020-04-29,30450,32850,237803
174,2020-05-04,33150,33700,130493
175,2020-05-06,33700,34150,62122
176,2020-05-07,34000,34200,48974
177,2020-05-08,34200,34800,55626
178,2020-05-11,34800,34450,34037
179,2020-05-12,34250,34300,73891
180,2020-05-13,34000,33950,26151
181,2020-05-14,33850,34500,56494
182,2020-05-15,35050,35450,85140
183,2020-05-18,34000,32900,179540
184,2020-05-19,33000,32250,92695
185,2020-05-20,32200,32100,50380
186,2020-05-21,32350,31950,35051
187,2020-05-22,31850,31650,85193
188,2020-05-25,31700,31100,58857
189,2020-05-26,31250,31250,87871
190,2020-05-27,31400,31300,69381
191,2020-05-28,31450,31000,67200
192,2020-05-29,31000,31100,45409
193,2020-06-01,31800,31800,87095
194,2020-06-02,32100,31950,48686
195,2020-06-03,32350,31800,62500
196,2020-06-04,32050,31100,75867
197,2020-06-05,31250,31400,60751
198,2020-06-08,31400,31450,47337
199,2020-06-09,31800,31150,33909
200,2020-06-10,31150,31150,38543
201,2020-06-11,31150,30850,26617
202,2020-06-12,29100,30150,42758
203,2020-06-15,30150,29550,59654
204,2020-06-16,30500,30300,38103
205,2020-06-17,30350,30600,26377
206,2020-06-18,31000,30900,19353
207,2020-06-19,31200,30950,18897
208,2020-06-22,30950,31250,55240
209,2020-06-23,31650,31050,39024
210,2020-06-24,31150,30900,30151
211,2020-06-25,30700,30150,41423
212,2020-06-26,30200,30400,23579
213,2020-06-29,29650,29800,21545
214,2020-06-30,30300,29900,24951
215,2020-07-01,30100,29300,34838
216,2020-07-02,29200,29350,18322
217,2020-07-03,29500,29200,33016
218,2020-07-06,29450,28850,51193
219,2020-07-07,28900,28750,54284
220,2020-07-08,28250,27600,177941
221,2020-07-09,27900,27400,113757
222,2020-07-10,27300,26800,81416
223,2020-07-13,26900,27100,61437
224,2020-07-14,27100,27950,58445
225,2020-07-15,28400,28400,42853
226,2020-07-16,28450,28750,56127
227,2020-07-17,28850,28250,39460
228,2020-07-20,28250,27600,58478
229,2020-07-21,27550,27550,64788
230,2020-07-22,27550,27400,44512
231,2020-07-23,27350,27200,49620
232,2020-07-24,27200,27650,63522
233,2020-07-27,28150,28950,225192
234,2020-07-28,30100,28650,87403
235,2020-07-29,28650,28450,45779
236,2020-07-30,28800,28650,109021
237,2020-07-31,28650,28750,47286
238,2020-08-03,28900,29400,62951
239,2020-08-04,29650,29600,101143
240,2020-08-05,29600,29450,42273
241,2020-08-06,29500,29000,40789
242,2020-08-07,29000,28750,41159
243,2020-08-10,28750,28900,43429
244,2020-08-11,28850,29000,80638
245,2020-08-12,29100,29800,90868
246,2020-08-13,30000,30200,78443
247,2020-08-14,30200,29000,94030
248,2020-08-18,28600,26800,170500
249,2020-08-19,26950,26500,68622
250,2020-08-20,26500,25100,119056
251,2020-08-21,25250,25250,65029
252,2020-08-24,25250,25100,37126
253,2020-08-25,25200,25500,37970
254,2020-08-26,25500,25150,40399
255,2020-08-27,25200,24950,38968
256,2020-08-28,25200,26450,93771
257,2020-08-31,27000,26250,73695
258,2020-09-01,26250,26100,29203
259,2020-09-02,26300,26550,52115
260,2020-09-03,26600,26250,38069
261,2020-09-04,25500,25550,56348
262,2020-09-07,25550,25750,36384
263,2020-09-08,25750,25650,27418
264,2020-09-09,25500,25250,31251
265,2020-09-10,25500,25300,26084
266,2020-09-11,25350,25550,24967
267,2020-09-14,25650,25700,40147
268,2020-09-15,25800,25600,30411
269,2020-09-16,25800,25450,42160
270,2020-09-17,25450,25250,41072
271,2020-09-18,25250,25300,28832
272,2020-09-21,25300,24750,46158
273,2020-09-22,24750,24200,34476
274,2020-09-23,24200,24550,23348
275,2020-09-24,24100,23900,18796
276,2020-09-25,24000,23850,13339
277,2020-09-28,23900,24700,15555
278,2020-09-29,24750,24800,13003
279,2020-10-05,24800,24850,13618
280,2020-10-06,25000,25400,33002
281,2020-10-07,25250,25300,11867
282,2020-10-08,25550,25050,38441
283,2020-10-12,26500,28750,525289
284,2020-10-13,29650,28650,212013
285,2020-10-14,28700,28250,121070
286,2020-10-15,29700,30550,659618
287,2020-10-16,30700,30150,171490
288,2020-10-19,31050,31150,291587
289,2020-10-20,31100,31100,118254
290,2020-10-21,31400,30500,75928
291,2020-10-22,30200,29450,78730
292,2020-10-23,29800,30600,75102
293,2020-10-26,31000,29950,181006
294,2020-10-27,29700,30400,60239
295,2020-10-28,30650,30900,65418
296,2020-10-29,30500,30700,52394
297,2020-10-30,30700,30750,132256
298,2020-11-02,31350,31000,120943
299,2020-11-03,31050,31150,63809
