,date,open,close,volume
0,2019-09-03,3000,2550,123997
1,2019-09-03,3000,2550,123997
2,2019-09-04,2170,2550,133374
3,2019-09-04,2170,2550,133374
4,2019-09-05,2750,2475,39253
5,2019-09-05,2750,2475,39253
6,2019-09-06,2545,2200,78390
7,2019-09-06,2545,2200,78390
8,2019-09-09,2200,2295,21573
9,2019-09-09,2200,2295,21573
10,2019-09-10,2295,2405,14651
11,2019-09-10,2295,2405,14651
12,2019-09-11,2500,2505,37247
13,2019-09-11,2500,2505,37247
14,2019-09-16,2580,2590,18776
15,2019-09-16,2580,2590,18776
16,2019-09-17,2650,2550,43615
17,2019-09-18,2635,2510,24112
18,2019-09-19,2530,2475,21132
19,2019-09-20,2400,2500,32275
20,2019-09-23,2510,2490,20560
21,2019-09-24,2410,2355,20142
22,2019-09-25,2310,2435,13198
23,2019-09-26,2400,2350,12063
24,2019-09-27,2590,2380,347214
25,2019-09-30,2375,2330,20579
26,2019-10-01,2320,2100,24396
27,2019-10-02,2295,2350,24359
28,2019-10-04,2500,2400,10291
29,2019-10-07,2650,2400,13055
30,2019-10-08,2490,2400,5582
31,2019-10-10,2400,2340,11657
32,2019-10-11,2335,2385,22609
33,2019-10-14,2400,2250,24386
34,2019-10-15,2295,2175,15025
35,2019-10-16,2175,2165,15489
36,2019-10-17,2165,2125,12555
37,2019-10-18,2030,2140,2140
38,2019-10-21,2400,2280,17070
39,2019-10-22,2280,2190,10577
40,2019-10-23,2105,2115,13775
41,2019-10-24,2300,2140,1581
42,2019-10-25,2140,1985,19756
43,2019-10-28,2000,1855,11805
44,2019-10-29,1955,1900,922
45,2019-10-30,1900,1980,900
46,2019-10-31,2190,2000,242
47,2019-11-01,2190,2100,7200
48,2019-11-04,2195,2060,11323
49,2019-11-05,2280,1965,10585
50,2019-11-06,2170,1935,6350
51,2019-11-07,1930,1895,21775
52,2019-11-08,1895,1890,3945
53,2019-11-11,1980,1850,11899
54,2019-11-12,1850,1860,2606
55,2019-11-13,1800,1860,5961
56,2019-11-14,1860,1950,3857
57,2019-11-15,1985,1955,25559
58,2019-11-18,2000,1945,1498
59,2019-11-19,1900,1950,11294
60,2019-11-20,2155,1980,27716
61,2019-11-21,1980,1920,4203
62,2019-11-22,1990,2000,20043
63,2019-11-25,1925,1960,16216
64,2019-11-26,1955,2000,6401
65,2019-11-27,2085,1955,16846
66,2019-11-28,1955,1990,7161
67,2019-11-29,2190,2100,22069
68,2019-12-02,2100,2010,2983
69,2019-12-03,2195,2090,5209
70,2019-12-04,2080,2045,12732
71,2019-12-05,2030,1965,9612
72,2019-12-06,2000,1970,6527
73,2019-12-09,2045,1920,21783
74,2019-12-10,1950,1920,7526
75,2019-12-11,1915,1915,1042
76,2019-12-12,2035,1800,4338
77,2019-12-13,1990,1820,10369
78,2019-12-16,1995,1980,881
79,2019-12-17,1765,1945,15452
80,2019-12-18,1900,1865,12612
81,2019-12-19,1865,1940,9052
82,2019-12-20,1940,2000,5003
83,2019-12-23,2000,1810,17906
84,2019-12-24,1880,1850,21968
85,2019-12-26,1850,1825,4014
86,2019-12-27,1825,1800,1030
87,2019-12-30,1900,1895,5155
88,2020-01-02,1900,1895,1435
89,2020-01-03,1995,1995,5302
90,2020-01-06,1800,1950,1576
91,2020-01-07,1850,1950,2884
92,2020-01-08,1985,1750,13832
93,2020-01-09,1985,1830,3073
94,2020-01-10,1830,1970,4340
95,2020-01-13,1850,1910,4964
96,2020-01-14,1950,1820,156
97,2020-01-15,2000,1885,1316
98,2020-01-16,1985,1970,2
99,2020-01-17,2050,1925,3615
100,2020-01-20,1840,1880,5012
101,2020-01-21,1830,1915,19831
102,2020-01-22,1830,1830,6264
103,2020-01-23,1950,1895,5
104,2020-01-28,1800,1890,3709
105,2020-01-29,1950,1900,102
106,2020-01-30,1920,1890,3728
107,2020-01-31,1700,1890,9403
108,2020-02-03,1890,1850,46
109,2020-02-04,1890,1850,9371
110,2020-02-05,1840,1840,10530
111,2020-02-06,1820,1810,711
112,2020-02-07,1700,1840,9390
113,2020-02-10,1850,1830,8352
114,2020-02-11,1820,1870,18902
115,2020-02-12,1890,1850,18957
116,2020-02-13,1895,1860,19127
117,2020-02-14,1825,1860,6004
118,2020-02-17,1805,1855,1174
119,2020-02-18,1800,1850,7027
120,2020-02-19,1800,1830,3891
121,2020-02-20,1800,1780,3613
122,2020-02-21,1900,1800,3472
123,2020-02-24,1820,1790,9656
124,2020-02-25,1790,1765,4267
125,2020-02-26,1850,1800,15386
126,2020-02-27,1895,1900,6
127,2020-02-28,1895,1800,1103
128,2020-03-02,1700,1790,1312
129,2020-03-03,1725,1770,1112
130,2020-03-04,1750,1605,12100
131,2020-03-05,1750,1745,1231
132,2020-03-06,1730,1700,9045
133,2020-03-09,1700,1750,1731
134,2020-03-10,1800,1780,7196
135,2020-03-11,1600,1700,158
136,2020-03-12,1700,1645,8955
137,2020-03-13,1400,1495,18126
138,2020-03-16,1300,1400,15646
139,2020-03-17,1205,1400,7629
140,2020-03-18,1200,1280,7385
141,2020-03-19,1090,1195,63693
142,2020-03-20,1365,1350,8160
143,2020-03-23,1395,1225,34159
144,2020-03-24,1045,1300,1834
145,2020-03-25,1300,1270,13598
146,2020-03-26,1270,1225,1491
147,2020-03-27,1045,1135,26280
148,2020-03-30,1190,1190,6213
149,2020-03-31,1200,1230,4088
150,2020-04-01,1100,1195,500
151,2020-04-02,1200,1145,9446
152,2020-04-03,1180,1095,5979
153,2020-04-06,1200,1090,5671
154,2020-04-07,1105,1100,21403
155,2020-04-08,1195,1170,2006
156,2020-04-09,1200,1120,43782
157,2020-04-10,1180,1095,35519
158,2020-04-13,1190,1130,11673
159,2020-04-14,1200,1160,21562
160,2020-04-16,1200,1195,201
161,2020-04-17,1300,1315,14250
162,2020-04-20,1485,1390,3423
163,2020-04-21,1205,1375,245
164,2020-04-22,1360,1330,2979
165,2020-04-23,1395,1345,2310
166,2020-04-24,1200,1345,1084
167,2020-04-27,1300,1300,1090
168,2020-04-28,1300,1280,1109
169,2020-04-29,1400,1290,6005
170,2020-05-04,1475,1280,2295
171,2020-05-06,1300,1200,2830
172,2020-05-07,1200,1180,5001
173,2020-05-08,1150,1150,1003
174,2020-05-11,1150,1020,6415
175,2020-05-12,1150,1135,5395
176,2020-05-13,1050,1130,8954
177,2020-05-14,1185,1050,358
178,2020-05-15,1130,1130,1023
179,2020-05-18,1130,1105,23177
180,2020-05-19,1000,1050,832
181,2020-05-20,1100,1075,3110
182,2020-05-21,1075,1025,8451
183,2020-05-22,1070,1100,1604
184,2020-05-25,1200,1185,10001
185,2020-05-26,1200,1100,1041
186,2020-05-27,1180,1120,1409
187,2020-05-28,1150,1090,4079
188,2020-05-29,1150,1060,8777
189,2020-06-01,1100,1035,4357
190,2020-06-02,1100,1000,22759
191,2020-06-03,1000,980,9005
192,2020-06-04,990,970,18385
193,2020-06-05,910,936,7702
194,2020-06-08,835,917,8683
195,2020-06-09,1000,964,12649
196,2020-06-10,1095,979,228
197,2020-06-11,1090,1090,373
198,2020-06-12,930,1000,3527
199,2020-06-15,1000,1100,3519
200,2020-06-16,1100,1140,8066
201,2020-06-17,1165,1115,7056
202,2020-06-18,1110,1110,2060
203,2020-06-19,1165,1165,1
204,2020-06-22,1165,1165,1
205,2020-06-23,1150,1150,402
206,2020-06-24,1150,1100,21263
207,2020-06-25,1100,1170,11891
208,2020-06-26,1200,1255,28796
209,2020-06-29,1300,1320,14455
210,2020-06-30,1400,1400,5635
211,2020-07-01,1350,1610,65600
212,2020-07-02,1830,1790,24009
213,2020-07-03,1900,1830,15085
214,2020-07-06,1830,1940,19692
215,2020-07-07,1985,1970,17130
216,2020-07-08,1900,1980,7976
217,2020-07-09,1990,1910,8971
218,2020-07-10,1990,1980,10357
219,2020-07-13,2080,1935,18330
220,2020-07-14,1830,1890,7261
221,2020-07-15,1940,1700,14735
222,2020-07-16,1890,1700,1433
223,2020-07-17,1790,1730,3128
224,2020-07-20,1800,1710,9127
225,2020-07-21,1900,1695,3463
226,2020-07-22,1890,1600,6071
227,2020-07-23,1695,1570,14784
228,2020-07-24,1600,1635,1433
229,2020-07-27,1700,1750,11235
230,2020-07-28,1650,1650,764
231,2020-07-29,1690,1650,610
232,2020-07-30,1645,1645,1392
233,2020-07-31,1645,1600,1433
234,2020-08-03,1750,1680,19414
235,2020-08-04,1720,1680,20918
236,2020-08-05,1750,1670,15321
237,2020-08-06,1700,1690,7144
238,2020-08-07,1695,1620,43361
239,2020-08-10,1720,1700,1012
240,2020-08-11,1695,1700,1447
241,2020-08-12,1690,1600,15086
242,2020-08-13,1645,1600,28000
243,2020-08-14,1680,1610,19933
244,2020-08-18,1615,1580,8749
245,2020-08-19,1575,1560,10746
246,2020-08-20,1560,1530,8316
247,2020-08-21,1560,1675,14962
248,2020-08-24,1800,1615,907
249,2020-08-25,1800,1700,3279
250,2020-08-26,1795,1605,13180
251,2020-08-27,1510,1595,921
252,2020-08-28,1685,1515,9362
253,2020-08-31,1580,1500,13156
254,2020-09-01,1500,1445,6795
255,2020-09-02,1430,1380,35048
256,2020-09-03,1580,1490,11657
257,2020-09-04,1460,1390,9505
258,2020-09-07,1500,1390,16188
259,2020-09-08,1550,1400,9370
260,2020-09-09,1400,1400,1438
261,2020-09-10,1585,1375,27666
262,2020-09-11,1425,1390,9685
263,2020-09-14,1485,1455,8693
264,2020-09-15,1530,1470,1740
265,2020-09-16,1530,1480,5667
266,2020-09-17,1475,1465,4668
267,2020-09-18,1530,1500,15006
268,2020-09-21,1500,1380,1386
269,2020-09-22,1460,1430,796
270,2020-09-23,1585,1445,5838
271,2020-09-24,1380,1360,16039
272,2020-09-25,1400,1350,11915
273,2020-09-28,1425,1375,3449
274,2020-09-29,1550,1370,3828
275,2020-10-05,1490,1575,37889
276,2020-10-06,1810,1740,30674
277,2020-10-07,1795,1700,6138
278,2020-10-08,1795,1700,34060
279,2020-10-12,1690,1745,38844
280,2020-10-13,1745,1670,1776
281,2020-10-14,1750,1700,14577
282,2020-10-15,1695,1700,28065
283,2020-10-16,1690,1810,40017
284,2020-10-19,1990,1920,7426
285,2020-10-20,1980,1785,36421
286,2020-10-21,1800,1770,10409
287,2020-10-22,1770,1940,14365
288,2020-10-23,1995,1900,4586
289,2020-10-26,1880,1850,371
290,2020-10-27,1840,1790,5105
291,2020-10-28,1895,1860,2293
292,2020-10-29,1850,1710,414
293,2020-10-30,1845,1710,10304
294,2020-11-02,1840,1685,4054
295,2020-11-03,1500,1700,8676
