,date,open,close,volume
0,2019-08-16,8950,8650,47899
1,2019-08-19,8680,8720,25170
2,2019-08-20,11100,11300,283521
3,2019-08-21,13250,11950,3982327
4,2019-08-22,11950,11500,827669
5,2019-08-23,11300,11300,766575
6,2019-08-26,12200,11650,5914810
7,2019-08-27,11550,11000,1054577
8,2019-08-28,11150,11000,535256
9,2019-08-29,11000,11450,697338
10,2019-08-30,11350,11200,420760
11,2019-09-02,11000,10950,247197
12,2019-09-03,11000,11100,194205
13,2019-09-04,10300,10200,764257
14,2019-09-05,10300,10150,255995
15,2019-09-06,10200,10300,189113
16,2019-09-09,10400,12050,5123590
17,2019-09-10,11850,11900,838488
18,2019-09-11,11900,11450,496585
19,2019-09-16,11500,11800,218469
20,2019-09-17,11700,11550,227318
21,2019-09-18,11550,11450,122444
22,2019-09-19,11450,11600,81094
23,2019-09-20,11600,11650,136387
24,2019-09-23,11600,10950,247809
25,2019-09-24,10800,11000,91606
26,2019-09-25,10900,10550,85666
27,2019-09-26,10650,11000,307048
28,2019-09-27,10950,11150,69239
29,2019-09-30,11200,10850,54775
30,2019-10-01,10850,11050,93554
31,2019-10-02,10950,10950,55502
32,2019-10-04,10950,11150,41601
33,2019-10-07,11200,11550,217022
34,2019-10-08,11400,11100,121594
35,2019-10-10,11000,11150,83658
36,2019-10-11,11250,11400,175594
37,2019-10-14,11500,11350,113620
38,2019-10-15,11450,11350,86042
39,2019-10-16,11350,11750,132385
40,2019-10-17,11750,11500,105626
41,2019-10-18,11500,11300,72176
42,2019-10-21,11400,11250,72428
43,2019-10-22,11250,11350,180989
44,2019-10-23,11400,11550,99602
45,2019-10-24,11700,11250,91395
46,2019-10-25,11250,11150,46872
47,2019-10-28,11150,11250,72858
48,2019-10-29,11450,11550,86878
49,2019-10-30,11550,11550,50318
50,2019-10-31,11600,11800,159118
51,2019-11-01,11950,11700,93313
52,2019-11-04,11850,11800,58802
53,2019-11-05,12000,12450,301454
54,2019-11-06,12450,12050,135100
55,2019-11-07,11950,11800,86611
56,2019-11-08,11850,11350,123441
57,2019-11-11,11350,11350,46304
58,2019-11-12,11350,11450,42730
59,2019-11-13,11350,11200,74394
60,2019-11-14,11250,11150,38176
61,2019-11-15,11100,11050,65138
62,2019-11-18,11000,11150,32866
63,2019-11-19,11100,10800,53119
64,2019-11-20,10800,10450,65668
65,2019-11-21,10250,10250,53306
66,2019-11-22,10150,10150,45555
67,2019-11-25,10300,10200,37471
68,2019-11-26,10250,10600,42178
69,2019-11-27,10450,10800,273550
70,2019-11-28,10900,10450,36093
71,2019-11-29,10500,10450,27342
72,2019-12-02,10500,10350,24325
73,2019-12-03,10250,10350,34750
74,2019-12-04,10400,10250,28930
75,2019-12-05,10250,10000,61467
76,2019-12-06,10050,10250,30382
77,2019-12-09,10200,10250,25451
78,2019-12-10,10250,10350,29501
79,2019-12-11,10300,10450,27155
80,2019-12-12,10400,10550,16084
81,2019-12-13,10550,10550,30890
82,2019-12-16,10550,10700,17654
83,2019-12-17,10700,10650,35357
84,2019-12-18,10650,10600,20553
85,2019-12-19,10600,10800,26272
86,2019-12-20,10800,10550,27640
87,2019-12-23,10600,10650,27072
88,2019-12-24,10550,10500,19403
89,2019-12-26,10550,10700,39398
90,2019-12-27,10550,10700,25563
91,2019-12-30,10700,10750,45832
92,2020-01-02,10750,11050,64364
93,2020-01-03,11000,11050,54995
94,2020-01-06,10900,10750,45790
95,2020-01-07,10800,10800,19225
96,2020-01-08,10700,10150,98144
97,2020-01-09,10350,10500,28809
98,2020-01-10,10450,10600,31724
99,2020-01-13,10600,10800,35699
100,2020-01-14,10850,10750,40916
101,2020-01-15,10700,10800,15313
102,2020-01-16,10850,10950,31573
103,2020-01-17,10950,11000,17179
104,2020-01-20,11000,10950,28974
105,2020-01-21,10900,10950,26080
106,2020-01-22,10900,11300,97145
107,2020-01-23,11350,11550,165668
108,2020-01-28,11900,12050,350364
109,2020-01-29,12000,11400,104496
110,2020-01-30,11400,11000,75289
111,2020-01-31,10950,10450,55971
112,2020-02-03,10350,10400,42578
113,2020-02-04,10600,10600,27215
114,2020-02-05,10700,10650,24425
115,2020-02-06,10800,11100,50946
116,2020-02-07,11100,11150,24552
117,2020-02-10,11250,11000,31792
118,2020-02-11,11000,11050,19826
119,2020-02-12,11100,11000,12929
120,2020-02-13,11000,10900,19464
121,2020-02-14,10900,10850,10062
122,2020-02-17,10800,10850,18968
123,2020-02-18,10850,10700,21803
124,2020-02-19,10700,10800,23598
125,2020-02-20,10900,10600,32260
126,2020-02-21,10450,10550,36157
127,2020-02-24,10300,10200,70757
128,2020-02-25,10000,10200,42203
129,2020-02-26,10150,10050,91378
130,2020-02-27,9990,9820,58961
131,2020-02-28,9690,9250,60626
132,2020-03-02,9200,9670,39016
133,2020-03-03,9700,9880,45278
134,2020-03-04,9750,9890,18739
135,2020-03-05,10050,10000,48783
136,2020-03-06,10000,9970,16398
137,2020-03-09,9800,9550,30096
138,2020-03-10,9230,9350,31068
139,2020-03-11,9360,9080,41419
140,2020-03-12,8930,8220,82880
141,2020-03-13,7290,7560,102834
142,2020-03-16,7610,7500,154815
143,2020-03-17,7120,7550,53514
144,2020-03-18,7600,7580,57505
145,2020-03-19,7500,6340,105284
146,2020-03-20,6360,6870,278165
147,2020-03-23,6820,6910,209072
148,2020-03-24,7230,7400,139419
149,2020-03-25,7600,7850,90267
150,2020-03-26,8040,8000,111639
151,2020-03-27,8400,8480,187293
152,2020-03-30,8550,9000,107058
153,2020-03-31,9400,9490,425327
154,2020-04-01,9210,8990,201176
155,2020-04-02,8990,9070,63268
156,2020-04-03,9100,9050,47330
157,2020-04-06,9080,9550,104770
158,2020-04-07,9770,9550,75213
159,2020-04-08,9470,9560,51937
160,2020-04-09,9560,11150,2904670
161,2020-04-10,10950,10450,2747268
162,2020-04-13,10200,9580,453108
163,2020-04-14,9600,9520,184392
164,2020-04-16,9500,9420,92336
165,2020-04-17,9450,9570,81170
166,2020-04-20,9660,9630,58941
167,2020-04-21,9650,9700,337882
168,2020-04-22,9600,9610,51938
169,2020-04-23,9630,9760,79710
170,2020-04-24,9760,9570,65730
171,2020-04-27,9600,9710,75615
172,2020-04-28,9840,9690,37302
173,2020-04-29,9690,9710,40810
174,2020-05-04,9630,9490,52259
175,2020-05-06,9510,9700,42239
176,2020-05-07,9710,10950,2352324
177,2020-05-08,10900,11000,345745
178,2020-05-11,10950,10550,142614
179,2020-05-12,10550,11100,2616651
180,2020-05-13,10950,11100,239809
181,2020-05-14,10950,11150,163809
182,2020-05-15,11150,11200,747569
183,2020-05-18,11400,11350,162548
184,2020-05-19,11350,10900,269397
185,2020-05-20,10900,11300,1468029
186,2020-05-21,11400,11950,444045
187,2020-05-22,11900,11850,402716
188,2020-05-25,12100,11900,3603468
189,2020-05-26,11750,11900,556105
190,2020-05-27,11900,11550,210625
191,2020-05-28,11700,11100,240458
192,2020-05-29,11250,11450,132335
193,2020-06-01,11550,11650,78251
194,2020-06-02,11650,11500,85622
195,2020-06-03,11600,11250,99129
196,2020-06-04,11350,11350,52704
197,2020-06-05,11350,11700,215095
198,2020-06-08,11950,12200,302988
199,2020-06-09,12300,12300,245917
200,2020-06-10,12350,12500,286225
201,2020-06-11,12900,12350,412545
202,2020-06-12,11500,12050,191079
203,2020-06-15,12150,11050,390867
204,2020-06-16,11450,11850,205163
205,2020-06-17,12000,12450,693977
206,2020-06-18,12500,12600,258225
207,2020-06-19,12600,12150,138075
208,2020-06-22,12000,12250,83914
209,2020-06-23,12300,12000,85484
210,2020-06-24,12050,13150,1178352
211,2020-06-25,13600,12900,2570355
212,2020-06-26,13100,12700,351528
213,2020-06-29,12500,12250,209780
214,2020-06-30,12400,12600,487538
215,2020-07-01,12650,12150,175281
216,2020-07-02,12150,12300,264985
217,2020-07-03,12500,12350,110595
218,2020-07-06,12400,12950,273727
219,2020-07-07,13100,12650,150817
220,2020-07-08,12650,12900,104439
221,2020-07-09,12950,13250,188368
222,2020-07-10,13300,13250,160391
223,2020-07-13,13500,14400,919406
224,2020-07-14,14450,14500,587160
225,2020-07-15,14800,14350,227886
226,2020-07-16,14350,13500,186146
227,2020-07-17,13300,13500,103894
228,2020-07-20,13650,13700,226310
229,2020-07-21,13800,14100,198423
230,2020-07-22,14150,14550,1159253
231,2020-07-23,14550,15450,1305959
232,2020-07-24,15500,15300,1201453
233,2020-07-27,15100,14100,323867
234,2020-07-28,14250,14250,164692
235,2020-07-29,14100,14650,151374
236,2020-07-30,14800,14400,100305
237,2020-07-31,14250,13950,136950
238,2020-08-03,14000,13700,157482
239,2020-08-04,14750,14600,174670
240,2020-08-05,14650,15000,205083
241,2020-08-06,14950,14800,128796
242,2020-08-07,14800,15450,2387643
243,2020-08-10,15350,16650,818562
244,2020-08-11,17000,16400,737465
245,2020-08-12,16450,15500,290338
246,2020-08-13,15600,15600,266234
247,2020-08-14,15750,15950,261291
248,2020-08-18,15650,15200,981319
249,2020-08-19,15300,16350,377080
250,2020-08-20,16300,15700,270376
251,2020-08-21,15800,16300,381734
252,2020-08-24,16350,16350,213644
253,2020-08-25,16250,16300,179921
254,2020-08-26,16400,16800,611085
255,2020-08-27,16700,16200,232392
256,2020-08-28,16250,16500,220945
257,2020-08-31,16500,17200,402715
258,2020-09-01,17050,16950,188309
259,2020-09-02,17050,16950,413828
260,2020-09-03,17100,19100,2604125
261,2020-09-04,19700,19750,2231966
262,2020-09-07,19650,18450,439609
263,2020-09-08,18550,17550,362358
264,2020-09-09,17050,17550,267859
265,2020-09-10,17600,18150,690577
266,2020-09-11,18400,18400,310228
267,2020-09-14,18400,18200,305067
268,2020-09-15,18400,17950,115864
269,2020-09-16,17950,17500,118651
270,2020-09-17,17650,16650,401665
271,2020-09-18,16700,16600,124401
272,2020-09-21,16500,15850,140189
273,2020-09-22,16000,15250,218788
274,2020-09-23,15350,15000,136100
275,2020-09-24,14550,13900,162093
276,2020-09-25,13950,14150,191639
277,2020-09-28,14300,14500,75106
278,2020-09-29,14600,14550,61802
279,2020-10-05,14550,15150,82745
280,2020-10-06,15200,15350,74854
281,2020-10-07,15250,15000,66006
282,2020-10-08,15450,14850,78550
283,2020-10-12,14950,14300,161556
284,2020-10-13,14450,14150,69874
285,2020-10-14,14150,14300,83331
286,2020-10-15,14350,13250,161337
287,2020-10-16,13350,13250,115164
288,2020-10-19,13350,13200,41658
289,2020-10-20,13050,13200,56000
290,2020-10-21,13100,13200,28468
291,2020-10-22,13150,12800,48225
292,2020-10-23,12850,13200,68030
293,2020-10-26,13200,12050,103969
294,2020-10-27,12050,12050,72568
295,2020-10-28,11950,12650,58399
296,2020-10-29,12300,12800,98807
297,2020-10-30,12800,12200,40577
298,2020-11-02,12100,12200,47326
299,2020-11-03,12300,12750,101902
