,date,open,close,volume
0,2019-08-16,8450,8430,60676
1,2019-08-19,8570,10200,3440397
2,2019-08-20,10000,10100,694611
3,2019-08-21,10050,9810,494546
4,2019-08-22,9990,9760,327269
5,2019-08-23,9580,9520,286034
6,2019-08-26,9230,9100,258120
7,2019-08-27,9220,9100,163960
8,2019-08-28,9150,9450,296138
9,2019-08-29,9450,9190,111284
10,2019-08-30,9270,9370,98914
11,2019-09-02,9370,9450,72024
12,2019-09-03,9470,9450,186842
13,2019-09-04,9450,9530,107578
14,2019-09-05,9540,9680,138861
15,2019-09-06,9710,9580,68237
16,2019-09-09,9580,9300,86540
17,2019-09-10,9400,9440,60644
18,2019-09-11,9440,9500,55944
19,2019-09-16,9550,9550,74201
20,2019-09-17,9550,9770,102124
21,2019-09-18,9830,9660,125597
22,2019-09-19,9660,9650,95626
23,2019-09-20,9750,9670,46056
24,2019-09-23,9600,9610,34153
25,2019-09-24,9560,9810,120573
26,2019-09-25,9780,9400,104332
27,2019-09-26,9550,9440,90012
28,2019-09-27,9350,9540,37456
29,2019-09-30,9400,9350,35420
30,2019-10-01,9290,9350,52827
31,2019-10-02,9310,9270,30874
32,2019-10-04,9270,9180,72754
33,2019-10-07,9180,8820,99201
34,2019-10-08,8970,8990,52722
35,2019-10-10,8980,9370,69782
36,2019-10-11,9380,9360,31528
37,2019-10-14,9420,9470,69160
38,2019-10-15,9460,9740,159993
39,2019-10-16,9840,9700,71665
40,2019-10-17,9700,9680,41059
41,2019-10-18,9700,9650,85278
42,2019-10-21,9660,9590,53730
43,2019-10-22,9600,9660,66402
44,2019-10-23,9670,9500,111453
45,2019-10-24,9490,9480,69512
46,2019-10-25,9480,9460,65664
47,2019-10-28,9460,9850,236143
48,2019-10-29,9850,9750,181083
49,2019-10-30,9850,9610,231324
50,2019-10-31,9750,9550,86617
51,2019-11-01,9590,9690,72810
52,2019-11-04,9690,9990,199841
53,2019-11-05,10150,10050,184556
54,2019-11-06,10050,9980,158904
55,2019-11-07,9950,9890,106126
56,2019-11-08,9860,10100,117991
57,2019-11-11,9950,9880,125752
58,2019-11-12,9880,9810,46889
59,2019-11-13,9830,9770,64032
60,2019-11-14,9700,9830,77846
61,2019-11-15,9800,9770,99706
62,2019-11-18,9780,9700,45114
63,2019-11-19,9640,9670,69248
64,2019-11-20,9600,9500,118686
65,2019-11-21,9500,9000,157593
66,2019-11-22,8870,8820,67749
67,2019-11-25,8820,9000,38589
68,2019-11-26,8920,9120,40746
69,2019-11-27,9120,8960,34843
70,2019-11-28,8940,8980,20304
71,2019-11-29,8980,8790,64813
72,2019-12-02,8660,8690,70330
73,2019-12-03,8690,8570,45688
74,2019-12-04,8510,8460,47612
75,2019-12-05,8400,8360,29891
76,2019-12-06,8360,8710,61164
77,2019-12-09,8740,8800,77828
78,2019-12-10,8900,8920,146044
79,2019-12-11,8970,8900,64404
80,2019-12-12,9010,9030,43682
81,2019-12-13,9020,9090,40685
82,2019-12-16,9030,9120,22535
83,2019-12-17,9180,9130,35984
84,2019-12-18,9120,9090,27365
85,2019-12-19,9090,8970,33191
86,2019-12-20,8910,8930,38529
87,2019-12-23,8920,8820,31375
88,2019-12-24,8880,8800,30921
89,2019-12-26,8730,8810,20322
90,2019-12-27,8790,9030,53413
91,2019-12-30,9050,9130,33759
92,2020-01-02,9150,9390,77551
93,2020-01-03,9550,9390,120943
94,2020-01-06,9220,9080,60842
95,2020-01-07,9100,9230,34343
96,2020-01-08,9150,8930,88925
97,2020-01-09,8970,9190,68886
98,2020-01-10,9200,9540,107589
99,2020-01-13,9530,9570,54715
100,2020-01-14,9570,9570,47178
101,2020-01-15,9640,9500,48105
102,2020-01-16,9500,9480,23501
103,2020-01-17,9500,9660,133820
104,2020-01-20,9700,9480,62758
105,2020-01-21,9460,9280,86888
106,2020-01-22,9280,9300,28698
107,2020-01-23,9300,9220,37974
108,2020-01-28,8760,8830,95032
109,2020-01-29,8830,8940,26816
110,2020-01-30,8940,8740,37556
111,2020-01-31,8690,8450,49337
112,2020-02-03,8130,8290,64792
113,2020-02-04,8350,8500,32161
114,2020-02-05,8530,8520,34427
115,2020-02-06,8740,8670,27497
116,2020-02-07,8660,8770,55207
117,2020-02-10,8690,8870,21397
118,2020-02-11,8880,8870,32449
119,2020-02-12,8870,8990,26141
120,2020-02-13,8990,8950,29595
121,2020-02-14,8990,8900,49134
122,2020-02-17,8900,9140,57433
123,2020-02-18,9210,9070,41997
124,2020-02-19,9080,8950,57788
125,2020-02-20,8950,8880,24831
126,2020-02-21,8820,8690,73127
127,2020-02-24,8300,8250,64287
128,2020-02-25,8020,8450,60637
129,2020-02-26,8100,8460,31907
130,2020-02-27,8360,8330,36445
131,2020-02-28,8180,8020,179805
132,2020-03-02,7910,8000,59449
133,2020-03-03,8110,8120,42441
134,2020-03-04,7980,8320,33186
135,2020-03-05,8330,8520,41705
136,2020-03-06,8400,8460,48568
137,2020-03-09,8210,8090,81877
138,2020-03-10,7810,8040,79423
139,2020-03-11,8080,7840,54802
140,2020-03-12,7820,7210,136728
141,2020-03-13,6500,6230,223160
142,2020-03-16,6110,5930,127540
143,2020-03-17,5100,5860,136302
144,2020-03-18,5930,5460,109413
145,2020-03-19,5460,4300,247507
146,2020-03-20,4255,4480,236670
147,2020-03-23,3865,3840,208369
148,2020-03-24,3840,4010,220053
149,2020-03-25,4180,4450,178904
150,2020-03-26,4435,4640,144693
151,2020-03-27,4745,4700,117666
152,2020-03-30,4530,4685,100897
153,2020-03-31,4945,5130,150900
154,2020-04-01,5040,5170,110630
155,2020-04-02,5090,5250,88713
156,2020-04-03,5250,5450,85104
157,2020-04-06,5500,5910,131311
158,2020-04-07,6130,6140,128096
159,2020-04-08,6150,6900,244179
160,2020-04-09,6950,6820,112110
161,2020-04-10,6850,6850,110588
162,2020-04-13,6760,6610,88857
163,2020-04-14,6610,6720,76446
164,2020-04-16,6620,6790,68847
165,2020-04-17,6840,6950,104552
166,2020-04-20,6950,6950,58435
167,2020-04-21,6890,6750,109061
168,2020-04-22,6620,6670,53623
169,2020-04-23,6800,7200,177517
170,2020-04-24,7150,6970,77542
171,2020-04-27,6990,7050,59647
172,2020-04-28,7090,7100,90951
173,2020-04-29,7120,7140,60569
174,2020-05-04,7000,7120,48124
175,2020-05-06,7120,7600,157521
176,2020-05-07,7580,7630,69636
177,2020-05-08,7640,7840,80824
178,2020-05-11,7900,7830,77465
179,2020-05-12,7830,7600,71914
180,2020-05-13,7400,7600,40092
181,2020-05-14,7530,7460,77437
182,2020-05-15,7500,7380,63699
183,2020-05-18,7440,7330,60433
184,2020-05-19,7400,7630,79302
185,2020-05-20,7620,8030,155556
186,2020-05-21,8210,8840,1281715
187,2020-05-22,8840,8720,296799
188,2020-05-25,8690,8730,98617
189,2020-05-26,8760,9200,455277
190,2020-05-27,9240,9120,175707
191,2020-05-28,9120,8520,283255
192,2020-05-29,8520,8430,46201
193,2020-06-01,8430,9030,196319
194,2020-06-02,9030,8940,138685
195,2020-06-03,8910,8860,152479
196,2020-06-04,8860,8770,74236
197,2020-06-05,8850,8780,38721
198,2020-06-08,8800,8900,151137
199,2020-06-09,9020,8840,101489
200,2020-06-10,8840,8830,79658
201,2020-06-11,8830,8720,91873
202,2020-06-12,8240,8400,136202
203,2020-06-15,8390,7840,138170
204,2020-06-16,7930,7900,112548
205,2020-06-17,7730,7780,76251
206,2020-06-18,7730,7650,38695
207,2020-06-19,7800,7780,35900
208,2020-06-22,7700,7770,44753
209,2020-06-23,7770,8000,106231
210,2020-06-24,8010,8000,61821
211,2020-06-25,7810,7730,90982
212,2020-06-26,7730,7740,62079
213,2020-06-29,7680,7270,139445
214,2020-06-30,7400,7370,40032
215,2020-07-01,7450,7470,44117
216,2020-07-02,7490,7640,29597
217,2020-07-03,7700,7660,24653
218,2020-07-06,7660,7710,35248
219,2020-07-07,7790,7680,37049
220,2020-07-08,7680,7710,13935
221,2020-07-09,7790,7910,57744
222,2020-07-10,7830,7790,56600
223,2020-07-13,7980,7860,48763
224,2020-07-14,7860,7980,70908
225,2020-07-15,8050,8000,54326
226,2020-07-16,8000,7940,36092
227,2020-07-17,7970,7990,42358
228,2020-07-20,8000,8020,55835
229,2020-07-21,8050,8010,37719
230,2020-07-22,8010,8290,176969
231,2020-07-23,8390,8150,56510
232,2020-07-24,8090,8000,82983
233,2020-07-27,8000,7900,38693
234,2020-07-28,7980,7820,44397
235,2020-07-29,7850,7740,44834
236,2020-07-30,7700,7860,47407
237,2020-07-31,7870,8140,174413
238,2020-08-03,8280,8450,247706
239,2020-08-04,8550,8450,117344
240,2020-08-05,8450,8510,147103
241,2020-08-06,8650,8470,90336
242,2020-08-07,8470,8250,62832
243,2020-08-10,8300,8600,198196
244,2020-08-11,8600,8440,91086
245,2020-08-12,8440,8290,123059
246,2020-08-13,8240,8330,46383
247,2020-08-14,8330,8220,62117
248,2020-08-18,8160,7710,129899
249,2020-08-19,7850,7670,69068
250,2020-08-20,7530,7210,135773
251,2020-08-21,7230,7300,35447
252,2020-08-24,7300,7280,42164
253,2020-08-25,7230,7470,43415
254,2020-08-26,7470,7360,48403
255,2020-08-27,7360,7020,114784
256,2020-08-28,7150,7120,62142
257,2020-08-31,7190,7190,31517
258,2020-09-01,7190,7280,24824
259,2020-09-02,7260,7430,51147
260,2020-09-03,7430,7500,40841
261,2020-09-04,7190,7440,44830
262,2020-09-07,7530,8220,480615
263,2020-09-08,8230,8110,129923
264,2020-09-09,7960,8040,94036
265,2020-09-10,8050,8380,234839
266,2020-09-11,8340,8280,124498
267,2020-09-14,8280,8490,139476
268,2020-09-15,8390,8500,128947
269,2020-09-16,8500,8450,58008
270,2020-09-17,8450,8450,92312
271,2020-09-18,8380,8440,131368
272,2020-09-21,8430,8190,102635
273,2020-09-22,8190,7840,78764
274,2020-09-23,7900,7910,59146
275,2020-09-24,7650,7500,81123
276,2020-09-25,7670,7400,64684
277,2020-09-28,7410,7640,29392
278,2020-09-29,7640,7910,40784
279,2020-10-05,7690,8180,66679
280,2020-10-06,8180,8150,32668
281,2020-10-07,8100,8180,35509
282,2020-10-08,8180,8230,40569
283,2020-10-12,8230,9010,1601505
284,2020-10-13,9020,8870,434068
285,2020-10-14,8940,8840,256312
286,2020-10-15,8790,8610,214353
287,2020-10-16,8600,8410,116035
288,2020-10-19,8360,8410,100744
289,2020-10-20,8280,8360,84872
290,2020-10-21,8360,8430,50892
291,2020-10-22,8420,8220,72965
292,2020-10-23,8230,8260,48972
293,2020-10-26,8260,7900,96803
294,2020-10-27,7780,7910,43877
295,2020-10-28,7970,8320,106283
296,2020-10-29,8190,8160,121776
297,2020-10-30,8390,8120,159138
298,2020-11-02,8060,8010,48396
299,2020-11-03,8130,8300,101274
