,date,open,close,volume
0,2019-08-16,6200,6020,97178
1,2019-08-19,6070,6070,39544
2,2019-08-20,6030,6500,935142
3,2019-08-21,6470,6660,249891
4,2019-08-22,6680,6640,86114
5,2019-08-23,6770,6500,79296
6,2019-08-26,6220,6220,103002
7,2019-08-27,6250,6130,50062
8,2019-08-28,6130,6290,63381
9,2019-08-29,6290,6240,70023
10,2019-08-30,6240,6330,44498
11,2019-09-02,6280,6480,52939
12,2019-09-03,6480,6450,54677
13,2019-09-04,6440,6580,117370
14,2019-09-05,6590,6790,165408
15,2019-09-06,6870,6740,96580
16,2019-09-09,6690,6730,48458
17,2019-09-10,6650,6590,53470
18,2019-09-11,6590,7010,194152
19,2019-09-16,7000,7400,227497
20,2019-09-17,7380,7350,87904
21,2019-09-18,7450,7340,208299
22,2019-09-19,7300,7460,81144
23,2019-09-20,7440,7410,50260
24,2019-09-23,7490,7320,34414
25,2019-09-24,7060,7450,114829
26,2019-09-25,7530,7200,82539
27,2019-09-26,7200,7010,65307
28,2019-09-27,6950,7150,39753
29,2019-09-30,7150,6860,52422
30,2019-10-01,6870,6990,70143
31,2019-10-02,6950,6810,54741
32,2019-10-04,6810,6460,314733
33,2019-10-07,6390,6620,147399
34,2019-10-08,6660,6950,506667
35,2019-10-10,6850,6950,59761
36,2019-10-11,7140,6880,577158
37,2019-10-14,6880,7100,167390
38,2019-10-15,7150,7260,184683
39,2019-10-16,7260,7310,369175
40,2019-10-17,7320,7290,1222398
41,2019-10-18,7290,7130,130203
42,2019-10-21,7030,6980,145838
43,2019-10-22,7030,7050,255629
44,2019-10-23,7060,7270,208509
45,2019-10-24,7300,7130,145950
46,2019-10-25,7140,6900,99686
47,2019-10-28,7000,6830,126666
48,2019-10-29,6880,7220,253826
49,2019-10-30,7330,6900,224104
50,2019-10-31,6900,7100,131725
51,2019-11-01,7100,6940,105538
52,2019-11-04,6980,7210,291141
53,2019-11-05,7150,7340,245140
54,2019-11-06,7400,8190,2711446
55,2019-11-07,8180,8410,1341851
56,2019-11-08,8340,8430,851942
57,2019-11-11,8390,8060,657479
58,2019-11-12,8040,7730,350228
59,2019-11-13,7730,7620,214507
60,2019-11-14,7580,8100,741640
61,2019-11-15,8000,7900,315442
62,2019-11-18,7880,8060,197870
63,2019-11-19,8060,8150,193609
64,2019-11-20,8200,7880,213064
65,2019-11-21,7830,7650,217845
66,2019-11-22,7590,7580,133076
67,2019-11-25,7670,7960,262858
68,2019-11-26,8000,7970,178747
69,2019-11-27,8000,8100,302541
70,2019-11-28,8110,8060,190495
71,2019-11-29,7990,7850,2257813
72,2019-12-02,7790,8240,902701
73,2019-12-03,8250,8060,378618
74,2019-12-04,8000,8190,514266
75,2019-12-05,8250,8130,400747
76,2019-12-06,8220,8900,2061287
77,2019-12-09,8870,9090,1304840
78,2019-12-10,9010,9180,802498
79,2019-12-11,9010,8000,838335
80,2019-12-12,8010,8430,950634
81,2019-12-13,8890,8020,1347117
82,2019-12-16,7710,7500,852981
83,2019-12-17,7470,7240,583871
84,2019-12-18,7270,7240,337611
85,2019-12-19,7320,7120,251725
86,2019-12-20,7090,7120,166411
87,2019-12-23,7010,7070,239321
88,2019-12-24,7110,6660,342416
89,2019-12-26,6730,6710,147527
90,2019-12-27,6660,6720,203560
91,2019-12-30,6700,6820,138617
92,2020-01-02,6900,6970,140952
93,2020-01-03,6980,7210,345322
94,2020-01-06,7150,6970,177522
95,2020-01-07,6960,7040,105263
96,2020-01-08,6980,6680,226239
97,2020-01-09,6750,6830,170026
98,2020-01-10,6840,7000,105981
99,2020-01-13,7030,7020,143444
100,2020-01-14,7020,6960,180149
101,2020-01-15,7020,7130,204842
102,2020-01-16,7170,7220,113457
103,2020-01-17,7230,7070,116402
104,2020-01-20,7070,7150,114674
105,2020-01-21,7060,7000,147780
106,2020-01-22,6930,7000,94096
107,2020-01-23,6980,6900,87807
108,2020-01-28,6750,6750,140034
109,2020-01-29,6770,7020,104272
110,2020-01-30,7010,6730,200335
111,2020-01-31,6760,6600,179093
112,2020-02-03,6450,6420,162289
113,2020-02-04,6470,6590,69022
114,2020-02-05,6710,6980,348533
115,2020-02-06,6950,7070,128415
116,2020-02-07,7050,7010,72986
117,2020-02-10,6990,6890,69004
118,2020-02-11,6840,6850,407112
119,2020-02-12,7000,6830,110078
120,2020-02-13,6920,6790,99682
121,2020-02-14,6790,6690,115540
122,2020-02-17,6620,6640,61690
123,2020-02-18,6650,6520,129228
124,2020-02-19,6600,6400,130316
125,2020-02-20,6430,6270,131656
126,2020-02-21,6250,6190,101829
127,2020-02-24,6000,5830,192443
128,2020-02-25,5650,6270,143757
129,2020-02-26,6150,6350,169278
130,2020-02-27,6430,6100,168065
131,2020-02-28,5920,5720,107889
132,2020-03-02,5660,5730,84272
133,2020-03-03,5810,6040,141771
134,2020-03-04,5990,6400,192912
135,2020-03-05,6400,6400,92970
136,2020-03-06,6390,6310,57176
137,2020-03-09,6300,5900,111512
138,2020-03-10,5770,5890,88089
139,2020-03-11,5990,5740,146121
140,2020-03-12,5600,5370,181645
141,2020-03-13,4850,4655,522874
142,2020-03-16,4515,4350,265018
143,2020-03-17,3795,4305,213206
144,2020-03-18,4260,4095,130521
145,2020-03-19,4040,4000,664332
146,2020-03-20,3885,4090,837125
147,2020-03-23,4030,3725,187108
148,2020-03-24,3850,4260,362368
149,2020-03-25,4400,4310,343865
150,2020-03-26,4450,4390,334482
151,2020-03-27,4450,4280,607198
152,2020-03-30,4360,4420,364786
153,2020-03-31,4530,4670,334475
154,2020-04-01,4670,4505,260789
155,2020-04-02,4505,4665,202643
156,2020-04-03,5080,5120,882307
157,2020-04-06,5120,5170,238522
158,2020-04-07,5300,6720,4852076
159,2020-04-08,6330,6550,2758821
160,2020-04-09,6580,6750,1063103
161,2020-04-10,6690,6300,933196
162,2020-04-13,6300,5550,1036740
163,2020-04-14,5590,5660,480064
164,2020-04-16,5550,5680,383204
165,2020-04-17,5720,5860,476886
166,2020-04-20,5870,5800,318378
167,2020-04-21,5800,5970,741713
168,2020-04-22,5800,5760,297506
169,2020-04-23,5820,5770,596768
170,2020-04-24,5820,5700,535223
171,2020-04-27,5790,5790,206140
172,2020-04-28,5800,5690,202627
173,2020-04-29,5630,5470,278828
174,2020-05-04,5420,5500,125942
175,2020-05-06,5540,5740,331170
176,2020-05-07,5750,5640,506116
177,2020-05-08,5650,5730,161370
178,2020-05-11,5740,5620,186496
179,2020-05-12,5630,5490,208440
180,2020-05-13,5370,5260,443440
181,2020-05-14,5350,5230,882062
182,2020-05-15,5230,5230,1276592
183,2020-05-18,5230,4955,504827
184,2020-05-19,4990,5080,258534
185,2020-05-20,5290,5370,463061
186,2020-05-21,5450,5330,357921
187,2020-05-22,5390,5230,182539
188,2020-05-25,5230,5180,216591
189,2020-05-26,5210,5120,235596
190,2020-05-27,5190,5110,185481
191,2020-05-28,5150,5060,273261
192,2020-05-29,5110,4985,206033
193,2020-06-01,4990,5080,257102
194,2020-06-02,5160,5420,742183
195,2020-06-03,5490,5350,480763
196,2020-06-04,5400,5280,255022
197,2020-06-05,5160,5230,220450
198,2020-06-08,5290,5210,182255
199,2020-06-09,5250,5330,306826
200,2020-06-10,5350,5270,2112976
201,2020-06-11,5310,5120,337353
202,2020-06-12,4865,4930,284827
203,2020-06-15,4885,4700,382591
204,2020-06-16,4800,4795,166194
205,2020-06-17,4655,4570,463111
206,2020-06-18,4600,4425,310654
207,2020-06-19,4510,4725,365226
208,2020-06-22,4725,4570,190933
209,2020-06-23,4580,4445,615386
210,2020-06-24,4500,4580,489312
211,2020-06-25,4500,4470,195943
212,2020-06-26,4470,4450,113944
213,2020-06-29,4430,4300,214282
214,2020-06-30,4300,4265,145051
215,2020-07-01,4275,4210,115440
216,2020-07-02,4185,4220,76205
217,2020-07-03,4285,4245,78384
218,2020-07-06,4320,4330,100256
219,2020-07-07,4380,4300,95118
220,2020-07-08,4255,4265,49515
221,2020-07-09,4285,4280,135416
222,2020-07-10,4270,4220,230162
223,2020-07-13,4230,4170,93606
224,2020-07-14,4325,4495,929409
225,2020-07-15,4510,4380,220383
226,2020-07-16,4380,4235,281359
227,2020-07-17,4235,4285,106116
228,2020-07-20,4285,4255,79020
229,2020-07-21,4270,4380,170668
230,2020-07-22,4380,4390,114019
231,2020-07-23,4355,4380,115715
232,2020-07-24,4350,4580,527306
233,2020-07-27,4685,4830,1182239
234,2020-07-28,4810,4750,313484
235,2020-07-29,4750,4940,668308
236,2020-07-30,5100,4915,865508
237,2020-07-31,4855,4810,258069
238,2020-08-03,4810,4595,254401
239,2020-08-04,4600,4685,187684
240,2020-08-05,4750,4615,175978
241,2020-08-06,4580,5030,1043882
242,2020-08-07,4920,4770,429707
243,2020-08-10,4765,4610,312150
244,2020-08-11,4735,4630,127592
245,2020-08-12,4660,4510,164271
246,2020-08-13,4510,4470,163468
247,2020-08-14,4470,4440,128616
248,2020-08-18,4395,4120,197507
249,2020-08-19,4100,4185,125939
250,2020-08-20,4095,4380,448577
251,2020-08-21,4350,4465,548601
252,2020-08-24,4420,4420,93074
253,2020-08-25,4375,4610,241280
254,2020-08-26,4565,4595,164092
255,2020-08-27,4810,4795,1666052
256,2020-08-28,4710,4900,1498347
257,2020-08-31,4900,4765,386503
258,2020-09-01,4700,4700,191919
259,2020-09-02,4700,4720,341768
260,2020-09-03,4720,4795,147043
261,2020-09-04,4610,4615,135021
262,2020-09-07,4615,4590,112260
263,2020-09-08,4700,4900,568692
264,2020-09-09,4950,5050,1827865
265,2020-09-10,5060,5380,1438259
266,2020-09-11,5390,5210,529713
267,2020-09-14,5300,5220,260604
268,2020-09-15,5170,5160,489713
269,2020-09-16,5160,5070,247632
270,2020-09-17,5080,5060,226318
271,2020-09-18,5060,5100,182164
272,2020-09-21,5120,4880,219621
273,2020-09-22,4875,4720,260728
274,2020-09-23,4740,4585,246204
275,2020-09-24,4530,4355,259151
276,2020-09-25,4370,4465,175722
277,2020-09-28,4560,4475,111236
278,2020-09-29,4475,4700,431420
279,2020-10-05,4630,4600,138090
280,2020-10-06,4625,4605,122375
281,2020-10-07,4560,4695,208908
282,2020-10-08,4800,4650,207240
283,2020-10-12,4660,4635,290575
284,2020-10-13,4635,4570,191699
285,2020-10-14,4565,4460,195212
286,2020-10-15,4515,4380,183314
287,2020-10-16,4420,4335,125341
288,2020-10-19,4295,4215,128821
289,2020-10-20,4145,4215,113401
290,2020-10-21,4180,4315,78439
291,2020-10-22,4315,4245,38833
292,2020-10-23,4245,4330,114212
293,2020-10-26,4325,4110,121497
294,2020-10-27,4120,4115,90342
295,2020-10-28,4115,4220,252535
296,2020-10-29,4145,4265,112128
297,2020-10-30,4650,4155,374644
298,2020-11-02,4155,4190,141597
299,2020-11-03,4300,4230,69648
