,date,open,close,volume
0,2019-08-16,14050,13300,121570
1,2019-08-19,13350,13150,149531
2,2019-08-20,13050,12900,86822
3,2019-08-21,13000,12950,81093
4,2019-08-22,13150,12800,96841
5,2019-08-23,13200,13100,369394
6,2019-08-26,13100,12200,123520
7,2019-08-27,12250,12300,101035
8,2019-08-28,12300,12100,52599
9,2019-08-29,12350,11900,74078
10,2019-08-30,11900,11700,69251
11,2019-09-02,11800,11900,74527
12,2019-09-03,11900,11800,61712
13,2019-09-04,11900,12050,116013
14,2019-09-05,12050,11850,72609
15,2019-09-06,11850,11800,44965
16,2019-09-09,11900,12000,55878
17,2019-09-10,12100,12250,132071
18,2019-09-11,12250,12050,49323
19,2019-09-16,12200,12700,78497
20,2019-09-17,12650,12500,67640
21,2019-09-18,12400,12100,70401
22,2019-09-19,12000,12250,39851
23,2019-09-20,12100,12300,26657
24,2019-09-23,12250,12200,38168
25,2019-09-24,12050,12150,44430
26,2019-09-25,12000,10750,165676
27,2019-09-26,10400,10300,69016
28,2019-09-27,9720,10250,75512
29,2019-09-30,10500,10000,31665
30,2019-10-01,9800,10100,37424
31,2019-10-02,10000,10200,20719
32,2019-10-04,10050,9900,32873
33,2019-10-07,9790,10100,20412
34,2019-10-08,9940,10250,10164
35,2019-10-10,10250,10400,24833
36,2019-10-11,10400,10550,15216
37,2019-10-14,10800,10650,13339
38,2019-10-15,10750,10600,16729
39,2019-10-16,10850,10850,18824
40,2019-10-17,10850,11100,33885
41,2019-10-18,11300,11200,15474
42,2019-10-21,11200,10900,14311
43,2019-10-22,10850,11000,10620
44,2019-10-23,11200,10900,17598
45,2019-10-24,10700,10700,18266
46,2019-10-25,10600,10700,5933
47,2019-10-28,10550,10750,8426
48,2019-10-29,10650,10850,9647
49,2019-10-30,10650,11100,16037
50,2019-10-31,11300,11050,20878
51,2019-11-01,11350,11300,34180
52,2019-11-04,11300,12100,97060
53,2019-11-05,12350,11900,67507
54,2019-11-06,12050,12800,67648
55,2019-11-07,12950,13700,147100
56,2019-11-08,13700,13650,115101
57,2019-11-11,14550,12400,418539
58,2019-11-12,12150,11350,125247
59,2019-11-13,11300,11550,62111
60,2019-11-14,11600,10900,44693
61,2019-11-15,11000,11100,31850
62,2019-11-18,11150,10950,32696
63,2019-11-19,10850,10750,27945
64,2019-11-20,10700,11200,194361
65,2019-11-21,11250,11300,793311
66,2019-11-22,11450,11200,121817
67,2019-11-25,11200,11100,36830
68,2019-11-26,11200,11250,27575
69,2019-11-27,11200,11300,25059
70,2019-11-28,11250,11500,42751
71,2019-11-29,11550,11450,49580
72,2019-12-02,11350,11300,18749
73,2019-12-03,11200,11100,19620
74,2019-12-04,11150,11100,23708
75,2019-12-05,11100,10800,27927
76,2019-12-06,10750,10750,10254
77,2019-12-09,10700,10900,12171
78,2019-12-10,11000,10850,13671
79,2019-12-11,10950,10900,16319
80,2019-12-12,10900,10950,9900
81,2019-12-13,10950,10950,20565
82,2019-12-16,11000,10950,18588
83,2019-12-17,11050,11000,15722
84,2019-12-18,11000,11100,15705
85,2019-12-19,11200,11150,22324
86,2019-12-20,11150,11150,195553
87,2019-12-23,11200,11100,16594
88,2019-12-24,11100,11000,25360
89,2019-12-26,10900,10800,23594
90,2019-12-27,10900,11050,27971
91,2019-12-30,11100,11100,27763
92,2020-01-02,11250,11100,9790
93,2020-01-03,11250,11150,17283
94,2020-01-06,11150,11150,42362
95,2020-01-07,11200,11050,14525
96,2020-01-08,11050,10800,33957
97,2020-01-09,10800,10950,12281
98,2020-01-10,11000,11000,10416
99,2020-01-13,10950,11000,13770
100,2020-01-14,11000,11050,8177
101,2020-01-15,11050,11400,74079
102,2020-01-16,11500,11550,21162
103,2020-01-17,11600,11500,26570
104,2020-01-20,11500,11500,12324
105,2020-01-21,11500,11750,64726
106,2020-01-22,11850,11850,22225
107,2020-01-23,11800,11800,29091
108,2020-01-28,11600,11600,32889
109,2020-01-29,11650,11600,16080
110,2020-01-30,11650,11150,26939
111,2020-01-31,11150,10750,25087
112,2020-02-03,10100,10650,43930
113,2020-02-04,10650,10850,25327
114,2020-02-05,10950,10750,10669
115,2020-02-06,10750,10850,9621
116,2020-02-07,10900,10800,11313
117,2020-02-10,10700,10800,13368
118,2020-02-11,10850,10800,3828
119,2020-02-12,10700,10800,8983
120,2020-02-13,10650,10800,11747
121,2020-02-14,10800,10750,14869
122,2020-02-17,10800,10750,4134
123,2020-02-18,10800,10600,18595
124,2020-02-19,10450,10600,15932
125,2020-02-20,10600,10650,20665
126,2020-02-21,10700,10450,22855
127,2020-02-24,10050,9970,43941
128,2020-02-25,9800,10300,18512
129,2020-02-26,10150,10050,12781
130,2020-02-27,10000,9940,14291
131,2020-02-28,9850,9610,22887
132,2020-03-02,9700,9700,14052
133,2020-03-03,9700,9690,15382
134,2020-03-04,9620,9800,6949
135,2020-03-05,9970,9800,8738
136,2020-03-06,9800,9750,4022
137,2020-03-09,9750,9410,21304
138,2020-03-10,9170,9260,8697
139,2020-03-11,9230,9090,14713
140,2020-03-12,9090,8350,30671
141,2020-03-13,6640,7410,60719
142,2020-03-16,6900,7320,35883
143,2020-03-17,6610,7460,36048
144,2020-03-18,7220,7360,24416
145,2020-03-19,7400,6100,33108
146,2020-03-20,5900,6600,30017
147,2020-03-23,6200,6210,13734
148,2020-03-24,6350,6420,16693
149,2020-03-25,6530,7050,15705
150,2020-03-26,7800,7200,27636
151,2020-03-27,7360,7390,17897
152,2020-03-30,7430,7600,9396
153,2020-03-31,7700,8000,25627
154,2020-04-01,8000,8080,42536
155,2020-04-02,8180,8290,61516
156,2020-04-03,8310,8310,8210
157,2020-04-06,8500,8410,12690
158,2020-04-07,8450,8410,20258
159,2020-04-08,8300,8300,10777
160,2020-04-09,8490,8390,7111
161,2020-04-10,8540,8410,10479
162,2020-04-13,8410,8290,18845
163,2020-04-14,8290,8570,15430
164,2020-04-16,8570,8920,20215
165,2020-04-17,9000,9470,21017
166,2020-04-20,9700,9600,21882
167,2020-04-21,9680,9440,18192
168,2020-04-22,9300,9230,5732
169,2020-04-23,9270,9240,4309
170,2020-04-24,9250,9260,14960
171,2020-04-27,9230,9420,16678
172,2020-04-28,9440,9430,11410
173,2020-04-29,9450,9410,11172
174,2020-05-04,9430,9320,7193
175,2020-05-06,9400,9450,11369
176,2020-05-07,9450,9410,6684
177,2020-05-08,9410,9440,9245
178,2020-05-11,9580,9410,12095
179,2020-05-12,9450,9320,10672
180,2020-05-13,9420,9300,5472
181,2020-05-14,9350,9260,6476
182,2020-05-15,9330,9250,6322
183,2020-05-18,9250,9180,8024
184,2020-05-19,9050,9200,7573
185,2020-05-20,9290,9320,5435
186,2020-05-21,9320,9320,3857
187,2020-05-22,9350,9290,3876
188,2020-05-25,9290,9270,3238
189,2020-05-26,9300,9250,12827
190,2020-05-27,9290,9270,6721
191,2020-05-28,9300,9240,5875
192,2020-05-29,9060,9070,6998
193,2020-06-01,9070,9250,18574
194,2020-06-02,9150,9190,7926
195,2020-06-03,9200,9500,84299
196,2020-06-04,9450,9680,28399
197,2020-06-05,9710,9700,15066
198,2020-06-08,9760,9680,21159
199,2020-06-09,9710,9810,28866
200,2020-06-10,9850,9680,11260
201,2020-06-11,9710,9630,13064
202,2020-06-12,9420,9720,30495
203,2020-06-15,9720,9200,28907
204,2020-06-16,9580,9470,15118
205,2020-06-17,9470,10000,110771
206,2020-06-18,10200,11200,1289267
207,2020-06-19,11900,12150,1400334
208,2020-06-22,11900,10600,287315
209,2020-06-23,10650,10450,135675
210,2020-06-24,10350,10200,107521
211,2020-06-25,9990,10200,62974
212,2020-06-26,10200,10350,38277
213,2020-06-29,10100,9710,73477
214,2020-06-30,9800,9650,23210
215,2020-07-01,9550,9300,41720
216,2020-07-02,9300,9520,20816
217,2020-07-03,9570,9490,19796
218,2020-07-06,9600,9610,22533
219,2020-07-07,9550,9560,12501
220,2020-07-08,9650,9830,37663
221,2020-07-09,9850,9830,16955
222,2020-07-10,9920,9630,18278
223,2020-07-13,9780,9490,27597
224,2020-07-14,9490,9450,29254
225,2020-07-15,9500,9480,11768
226,2020-07-16,9480,9420,6861
227,2020-07-17,9480,9410,6772
228,2020-07-20,9390,9350,13250
229,2020-07-21,9440,9370,11234
230,2020-07-22,9370,9340,14145
231,2020-07-23,9400,9330,19304
232,2020-07-24,9350,9490,24094
233,2020-07-27,9510,9860,71065
234,2020-07-28,9870,9680,23801
235,2020-07-29,9680,9500,16251
236,2020-07-30,9690,9440,11064
237,2020-07-31,9570,9390,11669
238,2020-08-03,9350,9520,20585
239,2020-08-04,9510,9520,32095
240,2020-08-05,9660,9560,6002
241,2020-08-06,9540,9480,8375
242,2020-08-07,9410,9500,19316
243,2020-08-10,9540,9500,3936
244,2020-08-11,9540,9500,10750
245,2020-08-12,9500,9460,10016
246,2020-08-13,9500,9510,5439
247,2020-08-14,9660,9530,23016
248,2020-08-18,9530,9270,21569
249,2020-08-19,9350,9320,6532
250,2020-08-20,9380,9140,21159
251,2020-08-21,9140,9130,11068
252,2020-08-24,9270,9130,3341
253,2020-08-25,9330,9270,5923
254,2020-08-26,9300,9220,6754
255,2020-08-27,9300,9240,4982
256,2020-08-28,9240,9260,3439
257,2020-08-31,9300,9220,14329
258,2020-09-01,9250,9220,3764
259,2020-09-02,9310,9190,8675
260,2020-09-03,9270,9180,10741
261,2020-09-04,9180,9180,7739
262,2020-09-07,9180,9250,8641
263,2020-09-08,9320,9250,7234
264,2020-09-09,9260,9130,9074
265,2020-09-10,9220,9150,5384
266,2020-09-11,9110,9170,3976
267,2020-09-14,9250,9230,3182
268,2020-09-15,9210,9200,4807
269,2020-09-16,9310,9350,25837
270,2020-09-17,9350,9200,15340
271,2020-09-18,9200,9230,28926
272,2020-09-21,9900,9440,813518
273,2020-09-22,9310,9360,85248
274,2020-09-23,9580,9350,34909
275,2020-09-24,9290,9100,39860
276,2020-09-25,9200,9200,18438
277,2020-09-28,9270,9180,11887
278,2020-09-29,9210,9200,17662
279,2020-10-05,9220,9220,5749
280,2020-10-06,9220,9300,19794
281,2020-10-07,9390,9330,11919
282,2020-10-08,9350,9240,9598
283,2020-10-12,9240,9260,16848
284,2020-10-13,9300,9450,16811
285,2020-10-14,9550,9440,22112
286,2020-10-15,9440,9870,1146224
287,2020-10-16,9760,10700,3917836
288,2020-10-19,10800,10600,686706
289,2020-10-20,10650,11300,3969465
290,2020-10-21,11150,11250,655094
291,2020-10-22,11300,11150,2834923
292,2020-10-23,11300,11300,559653
293,2020-10-26,11450,10900,575810
294,2020-10-27,10950,11100,696776
295,2020-10-28,11150,10800,185983
296,2020-10-29,10950,10700,454300
297,2020-10-30,10750,10550,79996
298,2020-11-02,10550,10450,82705
299,2020-11-03,10550,10950,138169
