,date,open,close,volume
0,2019-08-16,2055,2075,1437788
1,2019-08-19,2075,2040,1003099
2,2019-08-20,2060,2275,22347534
3,2019-08-21,2280,2250,5286513
4,2019-08-22,2295,2225,2589349
5,2019-08-23,2190,2225,2203581
6,2019-08-26,2140,2000,3076179
7,2019-08-27,2055,2055,1829641
8,2019-08-28,2055,2130,2419535
9,2019-08-29,2130,2120,3378035
10,2019-08-30,2150,2160,1616277
11,2019-09-02,2160,2235,1978778
12,2019-09-03,2250,2190,1478042
13,2019-09-04,2195,2225,956554
14,2019-09-05,2245,2190,1252750
15,2019-09-06,2205,2135,1387162
16,2019-09-09,2155,2105,1141723
17,2019-09-10,2170,2160,2341319
18,2019-09-11,2160,2175,995687
19,2019-09-16,2185,2215,967808
20,2019-09-17,2215,2220,2070589
21,2019-09-18,2240,2170,1896154
22,2019-09-19,2185,2165,1170180
23,2019-09-20,2180,2160,1321181
24,2019-09-23,2160,2110,1274927
25,2019-09-24,2080,2085,1572086
26,2019-09-25,2095,1975,1971404
27,2019-09-26,1990,1915,1741126
28,2019-09-27,1900,1915,1232346
29,2019-09-30,1920,1820,1940854
30,2019-10-01,1820,1935,5881372
31,2019-10-02,1900,1900,1858071
32,2019-10-04,1910,2020,7930986
33,2019-10-07,2090,2060,4557465
34,2019-10-08,2060,2300,41098340
35,2019-10-10,2340,2655,65475752
36,2019-10-11,2685,2285,27314006
37,2019-10-14,2290,2290,10329908
38,2019-10-15,2260,2280,4805170
39,2019-10-16,2300,2315,4211810
40,2019-10-17,2320,2310,5689606
41,2019-10-18,2310,2240,4480665
42,2019-10-21,2240,2205,3037610
43,2019-10-22,2215,2220,7776912
44,2019-10-23,2240,2230,4455515
45,2019-10-24,2250,2115,4358885
46,2019-10-25,2125,2020,2911648
47,2019-10-28,2020,2050,2209884
48,2019-10-29,2070,2175,18156552
49,2019-10-30,2175,2180,3483050
50,2019-10-31,2180,2200,4313897
51,2019-11-01,2200,2245,4557100
52,2019-11-04,2260,2260,6707912
53,2019-11-05,2265,2230,3038982
54,2019-11-06,2265,2180,2916197
55,2019-11-07,2195,2310,3167340
56,2019-11-08,2315,2270,4695694
57,2019-11-11,2250,2190,2220677
58,2019-11-12,2195,2145,2513430
59,2019-11-13,2145,2095,2355946
60,2019-11-14,2115,2165,2704891
61,2019-11-15,2160,2155,1639698
62,2019-11-18,2155,2200,8726917
63,2019-11-19,2265,2685,100813310
64,2019-11-20,2745,2415,38656426
65,2019-11-21,2395,2445,42009588
66,2019-11-22,2420,2305,9191548
67,2019-11-25,2320,2400,9939357
68,2019-11-26,2435,2785,118449810
69,2019-11-27,2815,2610,28841787
70,2019-11-28,2740,2520,37356953
71,2019-11-29,2490,2660,33381368
72,2019-12-02,2665,2525,13817513
73,2019-12-03,2525,2550,7764316
74,2019-12-04,2510,2475,5895874
75,2019-12-05,2465,2335,7749606
76,2019-12-06,2325,2385,7422050
77,2019-12-09,2410,2525,20215775
78,2019-12-10,2505,3130,124370796
79,2019-12-11,3180,2950,136693017
80,2019-12-12,2925,2845,24540854
81,2019-12-13,2895,2775,25676682
82,2019-12-16,2830,2815,10912229
83,2019-12-17,2845,2890,25251032
84,2019-12-18,2900,2970,14331824
85,2019-12-19,2975,2860,12268420
86,2019-12-20,2860,2775,7604267
87,2019-12-23,2775,2720,6102845
88,2019-12-24,2715,2530,9791296
89,2019-12-26,2535,2590,6543712
90,2019-12-27,2590,2725,6549124
91,2019-12-30,2735,2725,6653477
92,2020-01-02,2760,2770,4688431
93,2020-01-03,2810,2815,13594720
94,2020-01-06,2750,2665,5043921
95,2020-01-07,2720,2695,3739310
96,2020-01-08,2655,2505,7557811
97,2020-01-09,2605,2620,4183235
98,2020-01-10,2655,2725,7507123
99,2020-01-13,2725,2685,3571000
100,2020-01-14,2685,2680,3432870
101,2020-01-15,2825,2695,13306868
102,2020-01-16,2740,2815,14355212
103,2020-01-17,2815,2745,4017959
104,2020-01-20,2765,2710,2970110
105,2020-01-21,2750,2725,6323012
106,2020-01-22,2740,2770,5676971
107,2020-01-23,2820,2800,7040373
108,2020-01-28,2800,2780,11107308
109,2020-01-29,2805,2695,4939789
110,2020-01-30,2685,2825,23474734
111,2020-01-31,2760,2610,12438858
112,2020-02-03,2485,2460,6473042
113,2020-02-04,2450,2530,3282516
114,2020-02-05,2550,2495,3361728
115,2020-02-06,2510,2975,107944705
116,2020-02-07,3040,2715,34514371
117,2020-02-10,2730,2725,9406386
118,2020-02-11,2765,2810,8938146
119,2020-02-12,2820,2820,6433150
120,2020-02-13,2830,2945,32955213
121,2020-02-14,2995,3020,18052832
122,2020-02-17,3035,2785,22998906
123,2020-02-18,2785,2750,10294715
124,2020-02-19,2765,2770,6126712
125,2020-02-20,2770,2720,4953250
126,2020-02-21,2690,2630,4769490
127,2020-02-24,2565,2530,6600831
128,2020-02-25,2480,2545,5321548
129,2020-02-26,2475,2520,2711295
130,2020-02-27,2550,2505,4757979
131,2020-02-28,2440,2385,4842805
132,2020-03-02,2350,2415,3022756
133,2020-03-03,2465,2470,3353213
134,2020-03-04,2510,2540,3141314
135,2020-03-05,2580,2565,3250682
136,2020-03-06,2490,2515,2249500
137,2020-03-09,2490,2325,3645874
138,2020-03-10,2260,2390,6184246
139,2020-03-11,2440,2325,7948343
140,2020-03-12,2285,2145,5501966
141,2020-03-13,1900,1895,11604549
142,2020-03-16,1950,1785,7516976
143,2020-03-17,1635,1850,6951740
144,2020-03-18,1930,1800,13063908
145,2020-03-19,1820,1415,10640375
146,2020-03-20,1425,1485,9688533
147,2020-03-23,1385,1370,7656000
148,2020-03-24,1420,1450,6862818
149,2020-03-25,1510,1560,16138156
150,2020-03-26,1595,1660,13202319
151,2020-03-27,1800,1855,31729305
152,2020-03-30,1800,1910,6877615
153,2020-03-31,2020,2030,20372883
154,2020-04-01,2065,1910,7169136
155,2020-04-02,1920,2035,7664211
156,2020-04-03,2115,2045,7234709
157,2020-04-06,2075,2190,7630828
158,2020-04-07,2250,2230,8522906
159,2020-04-08,2350,2280,12370265
160,2020-04-09,2340,2380,9595368
161,2020-04-10,2380,2335,6811160
162,2020-04-13,2325,2255,4313650
163,2020-04-14,2280,2340,6439493
164,2020-04-16,2320,2360,3834951
165,2020-04-17,2395,2335,7339194
166,2020-04-20,2115,2315,9101489
167,2020-04-21,2325,2195,6194470
168,2020-04-22,2150,2245,2897503
169,2020-04-23,2300,2320,3498074
170,2020-04-24,2320,3015,8795174
171,2020-04-27,3915,3915,19681117
172,2020-04-28,4395,3595,122510018
173,2020-04-29,3640,3560,40755530
174,2020-05-04,3465,3340,12997423
175,2020-05-06,3360,3405,10574883
176,2020-05-07,3405,3435,8855069
177,2020-05-08,3450,3470,5530943
178,2020-05-11,3470,3520,7377790
179,2020-05-12,3520,3595,55806328
180,2020-05-13,3490,3460,8989609
181,2020-05-14,3420,3240,7907910
182,2020-05-15,3270,3250,11603838
183,2020-05-18,3275,3200,4218083
184,2020-05-19,3260,3195,11292241
185,2020-05-20,3240,3210,7217650
186,2020-05-21,3230,3285,6014348
187,2020-05-22,3335,3150,5111416
188,2020-05-25,3160,3160,3570571
189,2020-05-26,3175,3155,3173756
190,2020-05-27,3190,3105,3493036
191,2020-05-28,3120,3110,8526220
192,2020-05-29,3070,3045,6061631
193,2020-06-01,3050,3120,3488498
194,2020-06-02,3145,3200,4457774
195,2020-06-03,3115,2960,13760805
196,2020-06-04,2960,2815,7092725
197,2020-06-05,2755,2840,4957449
198,2020-06-08,2855,2890,3753405
199,2020-06-09,2895,2870,3269286
200,2020-06-10,2840,2850,7239822
201,2020-06-11,2850,2805,3587199
202,2020-06-12,2675,2825,4396741
203,2020-06-15,2820,2650,19112640
204,2020-06-16,2700,2710,6217162
205,2020-06-17,2680,2595,4757863
206,2020-06-18,2630,2760,7351745
207,2020-06-19,2820,2805,6675608
208,2020-06-22,2815,2805,5151700
209,2020-06-23,2815,2670,5621512
210,2020-06-24,2655,2650,3896644
211,2020-06-25,2605,2980,147916488
212,2020-06-26,2990,2865,22496845
213,2020-06-29,2865,2935,32594231
214,2020-06-30,2965,2915,8423151
215,2020-07-01,2955,2865,12100804
216,2020-07-02,2850,2970,10597565
217,2020-07-03,2970,2990,5562492
218,2020-07-06,3010,3035,6061539
219,2020-07-07,3055,2915,7460834
220,2020-07-08,2940,2920,3729356
221,2020-07-09,2975,2880,3798084
222,2020-07-10,2850,2865,3371429
223,2020-07-13,2885,2910,3026481
224,2020-07-14,2900,2850,2780187
225,2020-07-15,2860,2780,3518713
226,2020-07-16,2780,2785,2059090
227,2020-07-17,2790,2815,1870984
228,2020-07-20,2800,2735,2380935
229,2020-07-21,2740,2815,3775910
230,2020-07-22,2815,2780,1974153
231,2020-07-23,2780,2825,5439886
232,2020-07-24,2800,2765,4537030
233,2020-07-27,2910,2800,6738790
234,2020-07-28,2810,2785,3020693
235,2020-07-29,2765,2745,2491110
236,2020-07-30,2765,2725,3683870
237,2020-07-31,2725,2700,1971836
238,2020-08-03,2700,2690,1960711
239,2020-08-04,2690,2820,7441604
240,2020-08-05,2800,2830,3879952
241,2020-08-06,2825,2780,2380783
242,2020-08-07,2780,2725,2404843
243,2020-08-10,2705,2710,2189294
244,2020-08-11,2710,2725,2130699
245,2020-08-12,2715,2700,1894964
246,2020-08-13,2800,2845,11197957
247,2020-08-14,2780,2765,3256041
248,2020-08-18,2745,2640,3629155
249,2020-08-19,2620,2670,1954450
250,2020-08-20,2670,2630,2637316
251,2020-08-21,2635,2740,4046976
252,2020-08-24,2735,2935,18979456
253,2020-08-25,2885,2970,30773704
254,2020-08-26,3015,3150,16397547
255,2020-08-27,3150,2965,15073432
256,2020-08-28,3000,2885,8657978
257,2020-08-31,2850,3065,18218508
258,2020-09-01,3070,2985,11079937
259,2020-09-02,3460,3070,70602680
260,2020-09-03,3020,3035,13330047
261,2020-09-04,2910,2935,7502716
262,2020-09-07,2905,2930,6862954
263,2020-09-08,2650,2515,38923498
264,2020-09-09,2150,2035,41117531
265,2020-09-10,2085,2090,21837531
266,2020-09-11,2070,2080,7429986
267,2020-09-14,2115,2080,5276148
268,2020-09-15,2090,2090,3787319
269,2020-09-16,2090,2040,4906729
270,2020-09-17,2045,1965,6509703
271,2020-09-18,1970,1945,4460887
272,2020-09-21,1945,1845,6916686
273,2020-09-22,1850,1790,5328885
274,2020-09-23,1810,1795,4774653
275,2020-09-24,1770,1690,5629551
276,2020-09-25,1690,1685,6881344
277,2020-09-28,1710,1815,4759793
278,2020-09-29,1830,1830,9555665
279,2020-10-05,1835,1800,3102304
280,2020-10-06,1825,1830,4712396
281,2020-10-07,1810,1870,2674616
282,2020-10-08,1895,1865,3939921
283,2020-10-12,1970,1880,4834097
284,2020-10-13,1915,1900,3208766
285,2020-10-14,1910,1950,5596020
286,2020-10-15,1950,1910,3426340
287,2020-10-16,1915,1870,2460537
288,2020-10-19,1870,1870,1416242
289,2020-10-20,1835,1815,2664539
290,2020-10-21,1815,1825,1748515
291,2020-10-22,1825,1780,3283825
292,2020-10-23,1810,1750,2277997
293,2020-10-26,1760,1710,1983505
294,2020-10-27,1680,1715,1799648
295,2020-10-28,1720,1770,1116282
296,2020-10-29,1720,1745,1382635
297,2020-10-30,1745,1700,1417616
298,2020-11-02,1715,1720,2461335
299,2020-11-03,1735,1815,2700483
