,date,open,close,volume
0,2019-08-16,6850,6790,23945
1,2019-08-19,6820,7090,44955
2,2019-08-20,7240,7150,18537
3,2019-08-21,7240,7240,24737
4,2019-08-22,7270,7200,17466
5,2019-08-23,7200,7150,22243
6,2019-08-26,6820,6660,29804
7,2019-08-27,7000,6890,428433
8,2019-08-28,7000,7210,103568
9,2019-08-29,7280,7230,29186
10,2019-08-30,7290,7510,65131
11,2019-09-02,7400,7480,34862
12,2019-09-03,7450,7640,40689
13,2019-09-04,7640,7910,68375
14,2019-09-05,7960,7900,29498
15,2019-09-06,8000,7870,20817
16,2019-09-09,7800,7690,22452
17,2019-09-10,7870,8180,142344
18,2019-09-11,8240,8270,113425
19,2019-09-16,8390,8510,131860
20,2019-09-17,8360,8450,51550
21,2019-09-18,8490,8590,48325
22,2019-09-19,8520,8580,44593
23,2019-09-20,8700,8740,66927
24,2019-09-23,8830,8800,72231
25,2019-09-24,8680,8610,58721
26,2019-09-25,8510,8070,66697
27,2019-09-26,8110,8250,34999
28,2019-09-27,8170,8270,32802
29,2019-09-30,8110,7840,83091
30,2019-10-01,7840,7880,23620
31,2019-10-02,8090,7960,60366
32,2019-10-04,7960,7970,26240
33,2019-10-07,7430,7280,102459
34,2019-10-08,7160,7330,22665
35,2019-10-10,7240,7270,16778
36,2019-10-11,7460,7310,9345
37,2019-10-14,7310,7470,28642
38,2019-10-15,7400,7570,22951
39,2019-10-16,7570,7460,18717
40,2019-10-17,7460,7370,18870
41,2019-10-18,7360,7320,19728
42,2019-10-21,7260,6990,57448
43,2019-10-22,7000,7370,402527
44,2019-10-23,7300,7260,39096
45,2019-10-24,7330,7380,28043
46,2019-10-25,7310,7440,49667
47,2019-10-28,7440,7400,26596
48,2019-10-29,7400,7620,43995
49,2019-10-30,7620,7480,20377
50,2019-10-31,7480,7610,31615
51,2019-11-01,7610,7520,17795
52,2019-11-04,7660,7540,27621
53,2019-11-05,7640,7620,28436
54,2019-11-06,7650,7850,80805
55,2019-11-07,7610,7730,45708
56,2019-11-08,7740,7750,24844
57,2019-11-11,7700,7590,27865
58,2019-11-12,7550,7580,12470
59,2019-11-13,7610,7550,10532
60,2019-11-14,7550,7490,23054
61,2019-11-15,7430,7470,26011
62,2019-11-18,7550,7570,54734
63,2019-11-19,7500,7420,36803
64,2019-11-20,7420,7170,57782
65,2019-11-21,7090,6920,43201
66,2019-11-22,6970,7020,38604
67,2019-11-25,7060,6980,32581
68,2019-11-26,6930,7040,9475
69,2019-11-27,7040,6960,27338
70,2019-11-28,6900,6930,58355
71,2019-11-29,6930,6890,15159
72,2019-12-02,6860,6800,20843
73,2019-12-03,6700,6870,32010
74,2019-12-04,6800,6690,35586
75,2019-12-05,6580,6570,23668
76,2019-12-06,6570,6690,6785
77,2019-12-09,6590,6650,11161
78,2019-12-10,6650,6600,10293
79,2019-12-11,6590,6630,11661
80,2019-12-12,6660,6750,11876
81,2019-12-13,6840,6820,25460
82,2019-12-16,6850,6780,12140
83,2019-12-17,6960,6750,40609
84,2019-12-18,6750,6820,27383
85,2019-12-19,6820,6750,23373
86,2019-12-20,6750,6750,13999
87,2019-12-23,6700,6660,20468
88,2019-12-24,6630,6600,19116
89,2019-12-26,6570,6610,18844
90,2019-12-27,6550,6670,14424
91,2019-12-30,6670,6660,31138
92,2020-01-02,6660,6670,19811
93,2020-01-03,6670,6670,37858
94,2020-01-06,6670,6580,27103
95,2020-01-07,6550,6600,24767
96,2020-01-08,6500,6210,90338
97,2020-01-09,6220,6510,97337
98,2020-01-10,6510,6500,12124
99,2020-01-13,6500,6570,46777
100,2020-01-14,6570,6500,25896
101,2020-01-15,6540,6750,78946
102,2020-01-16,6860,6680,57723
103,2020-01-17,6830,6710,22597
104,2020-01-20,6750,6600,24543
105,2020-01-21,6600,6570,22085
106,2020-01-22,6530,6530,18751
107,2020-01-23,6570,6550,14143
108,2020-01-28,6110,6180,50944
109,2020-01-29,6200,6140,23713
110,2020-01-30,6140,6040,41457
111,2020-01-31,6050,5890,45709
112,2020-02-03,5610,5700,49992
113,2020-02-04,5720,5790,35717
114,2020-02-05,5760,5760,27562
115,2020-02-06,5890,5840,17720
116,2020-02-07,5980,5840,16800
117,2020-02-10,5840,6080,307638
118,2020-02-11,6080,6200,83603
119,2020-02-12,6200,6180,26090
120,2020-02-13,6200,6060,21502
121,2020-02-14,6090,6040,20007
122,2020-02-17,6100,5920,40391
123,2020-02-18,5870,5820,25052
124,2020-02-19,5950,5730,46232
125,2020-02-20,5680,5650,46744
126,2020-02-21,5610,5590,28022
127,2020-02-24,5380,5130,112420
128,2020-02-25,4970,5270,60391
129,2020-02-26,5050,5350,30214
130,2020-02-27,5300,5380,231638
131,2020-02-28,5270,5090,68982
132,2020-03-02,5110,5100,40787
133,2020-03-03,5100,5150,18106
134,2020-03-04,5210,5270,12937
135,2020-03-05,5250,5390,20332
136,2020-03-06,5570,5240,19047
137,2020-03-09,5240,5000,56694
138,2020-03-10,4735,4970,37731
139,2020-03-11,4970,4850,35224
140,2020-03-12,4800,4330,113095
141,2020-03-13,3655,3830,236396
142,2020-03-16,3830,3895,107024
143,2020-03-17,3550,3805,75904
144,2020-03-18,3755,3830,50661
145,2020-03-19,3760,3010,146150
146,2020-03-20,3015,3200,76393
147,2020-03-23,2815,3050,71448
148,2020-03-24,3060,3220,78203
149,2020-03-25,3300,3355,84344
150,2020-03-26,3400,3530,103018
151,2020-03-27,3610,3535,72458
152,2020-03-30,3355,3695,71675
153,2020-03-31,3770,4180,165991
154,2020-04-01,4180,4140,52233
155,2020-04-02,4165,4355,87754
156,2020-04-03,4415,4385,19587
157,2020-04-06,4385,4445,30114
158,2020-04-07,4470,4830,83710
159,2020-04-08,4845,5030,68357
160,2020-04-09,5160,5230,177422
161,2020-04-10,5230,5220,57868
162,2020-04-13,5220,5010,90254
163,2020-04-14,5010,5100,36469
164,2020-04-16,5100,5410,165561
165,2020-04-17,5410,5440,59564
166,2020-04-20,5370,5900,403828
167,2020-04-21,6030,5640,383161
168,2020-04-22,5500,5760,75962
169,2020-04-23,5760,5970,140037
170,2020-04-24,6100,5930,120603
171,2020-04-27,6090,5900,77842
172,2020-04-28,6070,5880,70983
173,2020-04-29,6000,5850,28880
174,2020-05-04,6040,5730,41700
175,2020-05-06,5950,5750,41523
176,2020-05-07,6010,6000,187351
177,2020-05-08,6270,6190,145298
178,2020-05-11,6190,6150,93325
179,2020-05-12,6080,6050,60275
180,2020-05-13,5780,6150,138639
181,2020-05-14,6190,6110,92996
182,2020-05-15,6190,5990,53855
183,2020-05-18,6080,6130,58708
184,2020-05-19,6200,6150,71604
185,2020-05-20,6260,6180,77227
186,2020-05-21,6200,6190,26878
187,2020-05-22,6200,6130,74997
188,2020-05-25,6100,6100,35681
189,2020-05-26,6100,6150,44966
190,2020-05-27,6210,6130,34011
191,2020-05-28,6140,5960,47903
192,2020-05-29,6000,5930,28951
193,2020-06-01,5990,5820,35375
194,2020-06-02,5950,5790,65975
195,2020-06-03,5800,5740,62398
196,2020-06-04,5740,5800,40691
197,2020-06-05,5800,5730,37031
198,2020-06-08,5730,5640,31952
199,2020-06-09,5630,5480,65724
200,2020-06-10,5480,5300,63878
201,2020-06-11,5370,5240,52459
202,2020-06-12,4875,5040,60786
203,2020-06-15,5040,4750,62915
204,2020-06-16,4830,5000,38330
205,2020-06-17,4800,4850,39981
206,2020-06-18,4850,4810,33653
207,2020-06-19,4855,4865,65224
208,2020-06-22,4880,5590,923029
209,2020-06-23,5500,5180,150865
210,2020-06-24,5400,5270,139527
211,2020-06-25,5140,5020,67410
212,2020-06-26,5120,4960,47046
213,2020-06-29,4960,4825,41895
214,2020-06-30,5010,4895,32992
215,2020-07-01,5050,4900,15298
216,2020-07-02,5020,5020,39004
217,2020-07-03,5100,5400,80358
218,2020-07-06,5410,5500,80022
219,2020-07-07,5530,5400,34554
220,2020-07-08,5450,5420,32893
221,2020-07-09,5500,5330,43203
222,2020-07-10,5320,5240,21579
223,2020-07-13,5240,5290,31101
224,2020-07-14,5320,5370,47944
225,2020-07-15,5420,5350,26781
226,2020-07-16,5380,5270,34846
227,2020-07-17,5270,5390,42730
228,2020-07-20,5310,5430,29876
229,2020-07-21,5430,5400,28325
230,2020-07-22,5470,5330,29361
231,2020-07-23,5340,5230,37672
232,2020-07-24,5150,5100,33507
233,2020-07-27,5240,5070,26673
234,2020-07-28,5160,5060,65010
235,2020-07-29,5170,5200,86426
236,2020-07-30,5220,5270,47500
237,2020-07-31,5270,5280,29054
238,2020-08-03,5310,5170,20206
239,2020-08-04,5230,5120,29534
240,2020-08-05,5090,5330,96943
241,2020-08-06,5380,5430,112657
242,2020-08-07,5440,5780,839066
243,2020-08-10,5890,5660,100342
244,2020-08-11,5660,5680,68250
245,2020-08-12,5680,5850,147704
246,2020-08-13,5860,5750,56477
247,2020-08-14,5750,5600,48147
248,2020-08-18,5600,5250,128287
249,2020-08-19,5250,5290,41956
250,2020-08-20,5290,5090,63729
251,2020-08-21,5070,5070,15962
252,2020-08-24,5070,5070,27129
253,2020-08-25,5070,5200,24309
254,2020-08-26,5200,5180,19143
255,2020-08-27,5120,5080,44675
256,2020-08-28,5060,5140,35107
257,2020-08-31,5230,5370,95402
258,2020-09-01,5370,5490,72711
259,2020-09-02,5480,5560,46229
260,2020-09-03,5560,5560,30317
261,2020-09-04,5360,5710,107908
262,2020-09-07,5740,5700,70378
263,2020-09-08,5750,5740,59499
264,2020-09-09,5640,5670,28931
265,2020-09-10,5790,6040,125213
266,2020-09-11,6130,5900,126052
267,2020-09-14,5700,5430,296730
268,2020-09-15,5500,5500,66982
269,2020-09-16,5610,5440,50138
270,2020-09-17,5440,5360,65405
271,2020-09-18,5450,5310,109393
272,2020-09-21,5470,5260,39922
273,2020-09-22,5260,5080,53491
274,2020-09-23,5190,5550,540539
275,2020-09-24,5450,5370,178680
276,2020-09-25,5370,5590,148687
277,2020-09-28,5590,5770,124552
278,2020-09-29,5430,5290,58259
279,2020-10-05,5200,5600,74826
280,2020-10-06,5600,5530,49068
281,2020-10-07,5480,5620,28936
282,2020-10-08,5620,5830,270636
283,2020-10-12,5960,5740,77721
284,2020-10-13,5820,5870,41811
285,2020-10-14,6020,5980,315859
286,2020-10-15,5950,5740,80527
287,2020-10-16,5750,5520,63930
288,2020-10-19,5520,5520,16736
289,2020-10-20,5530,5300,58378
290,2020-10-21,5310,5310,32068
291,2020-10-22,5310,5140,32164
292,2020-10-23,5110,5000,114356
293,2020-10-26,5000,4770,45286
294,2020-10-27,4760,4600,94274
295,2020-10-28,4600,4800,45480
296,2020-10-29,4780,4990,105300
297,2020-10-30,4990,5100,77969
298,2020-11-02,5010,5240,134655
299,2020-11-03,5290,5640,189540
