,date,open,close,volume
0,2019-08-16,5450,5490,400703
1,2019-08-19,5590,6940,11415348
2,2019-08-20,6790,6940,12365060
3,2019-08-21,6910,7060,6025776
4,2019-08-22,7060,6820,3708301
5,2019-08-23,6810,6960,2849025
6,2019-08-26,6900,6640,2814241
7,2019-08-27,6770,6760,6623869
8,2019-08-28,6770,6850,1831558
9,2019-08-29,6910,6950,3163482
10,2019-08-30,7010,7170,3261721
11,2019-09-02,7070,7100,2131908
12,2019-09-03,7610,6670,9981261
13,2019-09-04,6550,6500,2315192
14,2019-09-05,6720,6550,1824642
15,2019-09-06,6530,6500,750590
16,2019-09-09,6510,6350,783365
17,2019-09-10,6370,6270,535651
18,2019-09-11,6210,6400,564586
19,2019-09-16,6310,6300,349213
20,2019-09-17,6210,6200,469288
21,2019-09-18,6170,6200,316926
22,2019-09-19,6210,6170,315061
23,2019-09-20,6120,6340,1998588
24,2019-09-23,6310,6350,510897
25,2019-09-24,6300,6380,535557
26,2019-09-25,6350,6270,446277
27,2019-09-26,6300,6200,302748
28,2019-09-27,6120,6300,309042
29,2019-09-30,6250,6240,285418
30,2019-10-01,6140,6150,297311
31,2019-10-02,6060,6110,290778
32,2019-10-04,6080,6180,348533
33,2019-10-07,6130,6070,468230
34,2019-10-08,6030,6140,336779
35,2019-10-10,6100,6150,606262
36,2019-10-11,6170,6280,768759
37,2019-10-14,6340,6420,788692
38,2019-10-15,6700,6440,1155960
39,2019-10-16,6540,6510,455038
40,2019-10-17,6500,6530,911415
41,2019-10-18,6480,6480,353743
42,2019-10-21,6370,6360,318011
43,2019-10-22,6340,6190,494546
44,2019-10-23,6150,6160,326642
45,2019-10-24,6170,6110,364965
46,2019-10-25,6050,6060,226997
47,2019-10-28,6040,6200,1008552
48,2019-10-29,6240,6200,786369
49,2019-10-30,6190,6220,841448
50,2019-10-31,6260,6430,663017
51,2019-11-01,6490,6510,722955
52,2019-11-04,6570,6580,1341827
53,2019-11-05,6670,6700,1858952
54,2019-11-06,6750,6430,1274116
55,2019-11-07,6450,6410,13840476
56,2019-11-08,6560,7150,30909250
57,2019-11-11,7170,7170,20594677
58,2019-11-12,7320,9320,56957199
59,2019-11-13,9990,8000,32817286
60,2019-11-14,7920,7420,8906538
61,2019-11-15,7300,7310,11198637
62,2019-11-18,7260,7090,2616375
63,2019-11-19,7090,6870,2399798
64,2019-11-20,6860,6920,32739991
65,2019-11-21,7080,6850,8706792
66,2019-11-22,6900,6450,3450807
67,2019-11-25,6670,6520,1559814
68,2019-11-26,6480,6760,7798393
69,2019-11-27,7070,6700,3732111
70,2019-11-28,6670,6710,3486157
71,2019-11-29,6620,6510,1063460
72,2019-12-02,6440,6260,1033968
73,2019-12-03,6140,6140,756608
74,2019-12-04,6040,6190,520405
75,2019-12-05,6270,6170,752090
76,2019-12-06,6140,6210,418526
77,2019-12-09,6170,6260,396915
78,2019-12-10,6290,6380,1291763
79,2019-12-11,6370,6540,2065807
80,2019-12-12,6530,6350,675313
81,2019-12-13,6520,6400,579782
82,2019-12-16,6420,6470,1101417
83,2019-12-17,6430,6370,379779
84,2019-12-18,6370,6340,738339
85,2019-12-19,6310,6310,265046
86,2019-12-20,6290,6330,313186
87,2019-12-23,6380,6320,720587
88,2019-12-24,6290,6140,512799
89,2019-12-26,6100,6150,823326
90,2019-12-27,6150,6040,1119104
91,2019-12-30,6040,5890,767106
92,2020-01-02,5840,5750,604450
93,2020-01-03,5750,5820,438583
94,2020-01-06,5710,5560,627156
95,2020-01-07,5560,5480,471605
96,2020-01-08,5410,5180,1033809
97,2020-01-09,5240,5310,432768
98,2020-01-10,5330,5380,328566
99,2020-01-13,5380,5380,264137
100,2020-01-14,5340,5370,309130
101,2020-01-15,5380,5350,300337
102,2020-01-16,5320,5350,228669
103,2020-01-17,5310,5430,287361
104,2020-01-20,5490,5710,2640616
105,2020-01-21,5680,5470,592229
106,2020-01-22,5440,5440,233892
107,2020-01-23,5410,5410,308794
108,2020-01-28,4920,5230,1867978
109,2020-01-29,5250,5320,356924
110,2020-01-30,5230,5280,483051
111,2020-01-31,5220,5160,320708
112,2020-02-03,4905,5060,441436
113,2020-02-04,5170,5200,211142
114,2020-02-05,5200,5300,308538
115,2020-02-06,5290,5350,199126
116,2020-02-07,5300,5310,204788
117,2020-02-10,5280,5210,148247
118,2020-02-11,5200,5200,213416
119,2020-02-12,5200,5120,310376
120,2020-02-13,5130,5090,292559
121,2020-02-14,5080,4995,326548
122,2020-02-17,5000,4900,401470
123,2020-02-18,4840,4730,365664
124,2020-02-19,4705,4640,270914
125,2020-02-20,4610,4490,377287
126,2020-02-21,4470,4375,462194
127,2020-02-24,4140,4220,612758
128,2020-02-25,4110,4380,335640
129,2020-02-26,4250,4350,199532
130,2020-02-27,4280,4315,258297
131,2020-02-28,4215,4100,568909
132,2020-03-02,4015,4165,463292
133,2020-03-03,4195,4300,4600810
134,2020-03-04,4225,4365,524755
135,2020-03-05,4425,4625,1846708
136,2020-03-06,4500,4520,1608616
137,2020-03-09,4430,4105,512682
138,2020-03-10,4015,4055,362606
139,2020-03-11,4060,3990,350749
140,2020-03-12,3890,3700,593909
141,2020-03-13,3270,3205,957881
142,2020-03-16,3205,3100,496516
143,2020-03-17,2700,3115,318286
144,2020-03-18,3060,2990,326187
145,2020-03-19,2990,2095,1083959
146,2020-03-20,2020,2445,2248310
147,2020-03-23,2240,2350,1122214
148,2020-03-24,2440,2430,737103
149,2020-03-25,2535,2715,2292884
150,2020-03-26,2870,2855,1564379
151,2020-03-27,3025,2865,688403
152,2020-03-30,2760,2935,290724
153,2020-03-31,2945,3000,747319
154,2020-04-01,3060,3100,1998790
155,2020-04-02,3090,3135,563968
156,2020-04-03,3160,3130,263614
157,2020-04-06,3090,3155,469628
158,2020-04-07,3305,3270,789374
159,2020-04-08,3275,3265,347119
160,2020-04-09,3385,3470,1928566
161,2020-04-10,3480,3700,1121406
162,2020-04-13,3700,3550,645939
163,2020-04-14,3530,3600,308640
164,2020-04-16,3600,3565,394571
165,2020-04-17,3590,3705,992711
166,2020-04-20,3815,3875,1251425
167,2020-04-21,3875,3880,691253
168,2020-04-22,4475,4000,2407179
169,2020-04-23,4100,4040,522173
170,2020-04-24,4040,3960,364700
171,2020-04-27,4025,3950,295316
172,2020-04-28,3950,3955,528893
173,2020-04-29,3950,3980,408509
174,2020-05-04,3920,3850,300650
175,2020-05-06,3850,3750,296014
176,2020-05-07,3715,3825,320650
177,2020-05-08,3825,3845,223457
178,2020-05-11,3845,3680,447256
179,2020-05-12,3700,3550,392766
180,2020-05-13,3415,3550,317566
181,2020-05-14,3455,3505,215395
182,2020-05-15,3495,3435,409575
183,2020-05-18,3405,3450,240590
184,2020-05-19,3715,3600,922558
185,2020-05-20,3540,3630,245438
186,2020-05-21,3745,3760,556732
187,2020-05-22,3800,3665,267393
188,2020-05-25,3665,3760,427330
189,2020-05-26,3800,3780,349047
190,2020-05-27,3890,3910,2407499
191,2020-05-28,3950,3825,893156
192,2020-05-29,3800,3855,547321
193,2020-06-01,3815,3795,291626
194,2020-06-02,3795,3815,308546
195,2020-06-03,3815,3925,1250222
196,2020-06-04,4015,3925,937102
197,2020-06-05,4050,3995,1427099
198,2020-06-08,4150,3975,797145
199,2020-06-09,4030,4370,3521975
200,2020-06-10,4350,4120,1386858
201,2020-06-11,4110,4290,1562875
202,2020-06-12,3910,4195,581523
203,2020-06-15,4205,3965,656692
204,2020-06-16,3925,4055,338597
205,2020-06-17,4000,3930,256913
206,2020-06-18,3835,4045,430002
207,2020-06-19,4070,3995,181502
208,2020-06-22,3835,3965,267821
209,2020-06-23,3970,3945,256132
210,2020-06-24,4005,3905,149713
211,2020-06-25,3800,3840,158751
212,2020-06-26,3845,3940,122935
213,2020-06-29,3830,3855,101131
214,2020-06-30,3865,3875,134055
215,2020-07-01,3875,3815,200748
216,2020-07-02,3750,3860,260826
217,2020-07-03,3860,3890,220778
218,2020-07-06,3870,3870,178726
219,2020-07-07,3910,3805,146113
220,2020-07-08,3770,3735,227903
221,2020-07-09,3795,3745,118920
222,2020-07-10,3735,3750,182981
223,2020-07-13,3795,3820,187023
224,2020-07-14,3775,3755,118219
225,2020-07-15,3810,3790,136840
226,2020-07-16,3800,3845,239200
227,2020-07-17,3880,3795,164449
228,2020-07-20,3780,3775,147923
229,2020-07-21,3775,3775,242307
230,2020-07-22,3770,3750,184303
231,2020-07-23,3780,3650,346078
232,2020-07-24,3600,3575,199657
233,2020-07-27,3490,3420,486055
234,2020-07-28,3430,3950,10417580
235,2020-07-29,4060,3895,2887218
236,2020-07-30,3895,3800,557004
237,2020-07-31,3800,3720,656072
238,2020-08-03,3820,3685,418230
239,2020-08-04,3920,3770,743126
240,2020-08-05,3800,3820,1037443
241,2020-08-06,3820,3835,313873
242,2020-08-07,3900,3900,696105
243,2020-08-10,4050,3995,718725
244,2020-08-11,3995,4155,1318162
245,2020-08-12,4150,4310,1637168
246,2020-08-13,4280,4160,599952
247,2020-08-14,4110,4070,425714
248,2020-08-18,3900,3695,754658
249,2020-08-19,3635,3655,369910
250,2020-08-20,3650,3455,480743
251,2020-08-21,3645,3525,171424
252,2020-08-24,3430,3515,179140
253,2020-08-25,3560,3510,240017
254,2020-08-26,3630,3795,900111
255,2020-08-27,3810,3700,319254
256,2020-08-28,3700,3650,262872
257,2020-08-31,3650,3665,228969
258,2020-09-01,3660,3735,285035
259,2020-09-02,3735,3770,697436
260,2020-09-03,3765,3780,1259117
261,2020-09-04,3690,3870,883956
262,2020-09-07,3950,3900,1039532
263,2020-09-08,3850,3830,605361
264,2020-09-09,3775,3815,461391
265,2020-09-10,3885,3860,380599
266,2020-09-11,3840,3900,1152896
267,2020-09-14,4315,3965,8211520
268,2020-09-15,4005,3905,718389
269,2020-09-16,3905,3815,526100
270,2020-09-17,3800,3785,300522
271,2020-09-18,3770,3740,375562
272,2020-09-21,3740,3680,269870
273,2020-09-22,3660,3580,238872
274,2020-09-23,3560,3580,167817
275,2020-09-24,3500,3450,231843
276,2020-09-25,3775,3600,13943619
277,2020-09-28,3620,3845,2233619
278,2020-09-29,3670,3760,1801981
279,2020-10-05,3670,3780,367015
280,2020-10-06,3740,3875,776422
281,2020-10-07,3840,3845,461662
282,2020-10-08,3865,3810,368915
283,2020-10-12,3845,3860,505332
284,2020-10-13,3800,3830,329800
285,2020-10-14,3835,3735,282089
286,2020-10-15,3740,3715,361973
287,2020-10-16,3700,3605,449959
288,2020-10-19,3525,3640,281866
289,2020-10-20,3370,3405,486068
290,2020-10-21,3355,3445,201922
291,2020-10-22,3445,3455,125379
292,2020-10-23,3500,3435,99815
293,2020-10-26,3405,3355,177798
294,2020-10-27,3335,3280,123585
295,2020-10-28,3280,3345,128641
296,2020-10-29,3275,3315,116303
297,2020-10-30,3285,3305,143182
298,2020-11-02,3275,3300,116291
299,2020-11-03,3340,3270,231791
