,date,open,close,volume
0,2019-08-16,917,933,69578
1,2019-08-19,935,932,100130
2,2019-08-20,932,943,100951
3,2019-08-21,965,956,62928
4,2019-08-22,952,963,77936
5,2019-08-23,955,960,115854
6,2019-08-26,943,911,106957
7,2019-08-27,908,914,67997
8,2019-08-28,920,949,57327
9,2019-08-29,952,932,38424
10,2019-08-30,932,940,32474
11,2019-09-02,940,946,34588
12,2019-09-03,945,942,48137
13,2019-09-04,943,937,99528
14,2019-09-05,952,950,24221
15,2019-09-06,955,945,63653
16,2019-09-09,936,937,51107
17,2019-09-10,925,927,43573
18,2019-09-11,922,927,96391
19,2019-09-16,932,929,84436
20,2019-09-17,925,942,78388
21,2019-09-18,935,943,39666
22,2019-09-19,939,948,70849
23,2019-09-20,942,944,53749
24,2019-09-23,960,945,52542
25,2019-09-24,940,939,69463
26,2019-09-25,938,922,116739
27,2019-09-26,939,927,81383
28,2019-09-27,939,919,63431
29,2019-09-30,910,892,124269
30,2019-10-01,885,899,79823
31,2019-10-02,898,880,96352
32,2019-10-04,862,889,36667
33,2019-10-07,882,870,82893
34,2019-10-08,874,852,96344
35,2019-10-10,856,841,122956
36,2019-10-11,841,859,75215
37,2019-10-14,860,873,69621
38,2019-10-15,872,888,24652
39,2019-10-16,903,888,81371
40,2019-10-17,909,889,50121
41,2019-10-18,893,891,36095
42,2019-10-21,905,880,27596
43,2019-10-22,880,851,145283
44,2019-10-23,851,844,59346
45,2019-10-24,864,850,140594
46,2019-10-25,845,835,79115
47,2019-10-28,834,843,45637
48,2019-10-29,842,840,31029
49,2019-10-30,840,843,34239
50,2019-10-31,833,844,32715
51,2019-11-01,838,848,20980
52,2019-11-04,847,837,127505
53,2019-11-05,845,848,139208
54,2019-11-06,839,846,38166
55,2019-11-07,846,849,23942
56,2019-11-08,847,880,224700
57,2019-11-11,891,875,52271
58,2019-11-12,878,872,39361
59,2019-11-13,872,872,56434
60,2019-11-14,872,859,156962
61,2019-11-15,859,846,99203
62,2019-11-18,843,849,49566
63,2019-11-19,850,847,32033
64,2019-11-20,847,830,63726
65,2019-11-21,835,819,65554
66,2019-11-22,825,829,44093
67,2019-11-25,830,828,24190
68,2019-11-26,832,834,40403
69,2019-11-27,846,840,23207
70,2019-11-28,821,837,43785
71,2019-11-29,837,826,27945
72,2019-12-02,830,821,36517
73,2019-12-03,823,829,56482
74,2019-12-04,815,811,57752
75,2019-12-05,812,851,2512114
76,2019-12-06,847,918,1492657
77,2019-12-09,970,964,14843828
78,2019-12-10,979,980,1656642
79,2019-12-11,975,980,945114
80,2019-12-12,985,944,566941
81,2019-12-13,945,955,403041
82,2019-12-16,957,945,229681
83,2019-12-17,945,1020,3389634
84,2019-12-18,1080,995,1693683
85,2019-12-19,1000,1015,667324
86,2019-12-20,1015,1005,290384
87,2019-12-23,1005,979,326157
88,2019-12-24,971,969,180876
89,2019-12-26,965,971,138417
90,2019-12-27,983,993,123227
91,2019-12-30,993,992,115118
92,2020-01-02,1005,1000,254697
93,2020-01-03,1010,997,205416
94,2020-01-06,997,995,184643
95,2020-01-07,995,995,82192
96,2020-01-08,1000,941,390362
97,2020-01-09,950,984,161748
98,2020-01-10,990,990,141073
99,2020-01-13,994,998,195515
100,2020-01-14,998,989,201546
101,2020-01-15,989,1010,293869
102,2020-01-16,1015,1015,174331
103,2020-01-17,1015,1015,93556
104,2020-01-20,1020,1000,151688
105,2020-01-21,1000,997,109889
106,2020-01-22,997,1030,340514
107,2020-01-23,1045,1040,348547
108,2020-01-28,999,1005,222032
109,2020-01-29,1005,1025,151451
110,2020-01-30,1015,1010,180393
111,2020-01-31,1010,992,227772
112,2020-02-03,990,980,148598
113,2020-02-04,980,1000,119215
114,2020-02-05,991,999,110835
115,2020-02-06,1005,1005,82754
116,2020-02-07,1010,1010,41884
117,2020-02-10,1010,1010,131479
118,2020-02-11,1005,1020,105915
119,2020-02-12,1015,1010,132400
120,2020-02-13,1015,1005,87305
121,2020-02-14,1005,1000,63955
122,2020-02-17,1000,1000,82211
123,2020-02-18,1010,1005,112321
124,2020-02-19,1010,995,172725
125,2020-02-20,995,989,121844
126,2020-02-21,989,977,146199
127,2020-02-24,911,922,209069
128,2020-02-25,911,958,54080
129,2020-02-26,911,949,120033
130,2020-02-27,949,912,189730
131,2020-02-28,896,870,263180
132,2020-03-02,884,903,103793
133,2020-03-03,905,956,485069
134,2020-03-04,953,1170,5324996
135,2020-03-05,1145,1215,5582870
136,2020-03-06,1165,1160,1501166
137,2020-03-09,1125,1065,1294508
138,2020-03-10,1035,1235,4808400
139,2020-03-11,1220,1220,8039126
140,2020-03-12,1185,1310,4038194
141,2020-03-13,1185,1190,2869574
142,2020-03-16,1225,1190,2469735
143,2020-03-17,1130,1275,3295075
144,2020-03-18,1330,1230,3302017
145,2020-03-19,1285,1095,3107788
146,2020-03-20,1150,1175,2070815
147,2020-03-23,1095,1115,1460894
148,2020-03-24,1145,1175,1503039
149,2020-03-25,1195,1210,1953180
150,2020-03-26,1230,1275,8153807
151,2020-03-27,1350,1325,5360539
152,2020-03-30,1280,1565,11480733
153,2020-03-31,1600,1695,8282259
154,2020-04-01,1665,1620,3675227
155,2020-04-02,1670,1600,2701962
156,2020-04-03,1600,1605,4739057
157,2020-04-06,1610,1625,8272482
158,2020-04-07,1640,1500,3567068
159,2020-04-08,1475,1390,3717524
160,2020-04-09,1425,1345,3159951
161,2020-04-10,1370,1250,3309010
162,2020-04-13,1285,1225,1832716
163,2020-04-14,1225,1245,3081066
164,2020-04-16,1300,1190,1626355
165,2020-04-17,1195,1260,1840740
166,2020-04-20,1260,1250,1406299
167,2020-04-21,1235,1280,2300038
168,2020-04-22,1280,1280,1623775
169,2020-04-23,1295,1355,3259218
170,2020-04-24,1350,1285,1851027
171,2020-04-27,1325,1295,1325964
172,2020-04-28,1295,1305,1598857
173,2020-04-29,1305,1285,1686620
174,2020-05-04,1280,1390,6823504
175,2020-05-06,1400,1410,4328242
176,2020-05-07,1410,1405,1284045
177,2020-05-08,1420,1405,1115619
178,2020-05-11,1425,1370,930471
179,2020-05-12,1390,1385,618071
180,2020-05-13,1370,1375,437743
181,2020-05-14,1380,1360,603642
182,2020-05-15,1360,1360,531303
183,2020-05-18,1350,1385,1196536
184,2020-05-19,1415,1400,1262458
185,2020-05-20,1410,1470,9010141
186,2020-05-21,1460,1445,3193509
187,2020-05-22,1455,1385,1562446
188,2020-05-25,1415,1405,1760613
189,2020-05-26,1425,1405,628370
190,2020-05-27,1405,1425,827782
191,2020-05-28,1425,1355,1068618
192,2020-05-29,1360,1380,550581
193,2020-06-01,1390,1390,591679
194,2020-06-02,1390,1420,3086344
195,2020-06-03,1430,1480,2727267
196,2020-06-04,1480,1460,2239796
197,2020-06-05,1475,1455,569782
198,2020-06-08,1475,1500,1594575
199,2020-06-09,1475,1450,1421911
200,2020-06-10,1450,1395,989638
201,2020-06-11,1405,1405,884786
202,2020-06-12,1305,1345,608421
203,2020-06-15,1345,1210,1227390
204,2020-06-16,1255,1270,531688
205,2020-06-17,1265,1230,548862
206,2020-06-18,1230,1260,220528
207,2020-06-19,1265,1260,272856
208,2020-06-22,1270,1290,447392
209,2020-06-23,1320,1255,238436
210,2020-06-24,1280,1260,227921
211,2020-06-25,1245,1210,690779
212,2020-06-26,1230,1260,592723
213,2020-06-29,1225,1240,410237
214,2020-06-30,1265,1220,300747
215,2020-07-01,1225,1195,409634
216,2020-07-02,1195,1215,263762
217,2020-07-03,1210,1205,298099
218,2020-07-06,1220,1200,360048
219,2020-07-07,1230,1220,1339730
220,2020-07-08,1220,1230,285336
221,2020-07-09,1230,1215,169092
222,2020-07-10,1215,1220,214170
223,2020-07-13,1220,1215,258132
224,2020-07-14,1225,1215,201637
225,2020-07-15,1235,1215,262965
226,2020-07-16,1220,1240,3285746
227,2020-07-17,1235,1265,783461
228,2020-07-20,1280,1335,4603320
229,2020-07-21,1330,1300,863532
230,2020-07-22,1305,1245,518643
231,2020-07-23,1255,1240,299856
232,2020-07-24,1225,1240,307325
233,2020-07-27,1235,1225,259888
234,2020-07-28,1245,1260,388350
235,2020-07-29,1260,1235,186316
236,2020-07-30,1235,1235,336625
237,2020-07-31,1235,1215,280602
238,2020-08-03,1210,1195,260803
239,2020-08-04,1190,1195,312720
240,2020-08-05,1195,1170,594923
241,2020-08-06,1185,1155,476997
242,2020-08-07,1150,1160,270215
243,2020-08-10,1150,1145,227715
244,2020-08-11,1155,1165,233660
245,2020-08-12,1165,1125,588055
246,2020-08-13,1130,1140,257473
247,2020-08-14,1170,1135,319247
248,2020-08-18,1130,1060,646068
249,2020-08-19,1060,1045,212145
250,2020-08-20,1015,1025,601263
251,2020-08-21,1030,1040,281372
252,2020-08-24,1040,1055,136123
253,2020-08-25,1065,1075,249515
254,2020-08-26,1075,1070,295654
255,2020-08-27,1070,1045,224144
256,2020-08-28,1050,1065,194555
257,2020-08-31,1065,1045,319021
258,2020-09-01,1035,1060,2692807
259,2020-09-02,1065,1085,405906
260,2020-09-03,1085,1105,372121
261,2020-09-04,1060,1065,348339
262,2020-09-07,1075,1105,300876
263,2020-09-08,1100,1095,219797
264,2020-09-09,1090,1140,367879
265,2020-09-10,1140,1120,289863
266,2020-09-11,1115,1120,190101
267,2020-09-14,1130,1135,241985
268,2020-09-15,1135,1140,430035
269,2020-09-16,1140,1125,249634
270,2020-09-17,1120,1130,290140
271,2020-09-18,1155,1120,274096
272,2020-09-21,1115,1100,245801
273,2020-09-22,1090,1075,332814
274,2020-09-23,1100,1065,148190
275,2020-09-24,1055,1045,233617
276,2020-09-25,1050,1040,102638
277,2020-09-28,1050,1070,109426
278,2020-09-29,1075,1110,205001
279,2020-10-05,1100,1110,138346
280,2020-10-06,1120,1110,176518
281,2020-10-07,1125,1130,116778
282,2020-10-08,1130,1135,186427
283,2020-10-12,1135,1135,205047
284,2020-10-13,1135,1120,156739
285,2020-10-14,1110,1095,142079
286,2020-10-15,1090,1095,143431
287,2020-10-16,1090,1110,263023
288,2020-10-19,1120,1100,120022
289,2020-10-20,1100,1095,195266
290,2020-10-21,1095,1100,56890
291,2020-10-22,1090,1080,90980
292,2020-10-23,1090,1075,214236
293,2020-10-26,1075,1035,156922
294,2020-10-27,1035,1020,228387
295,2020-10-28,1020,1060,75170
296,2020-10-29,1050,1050,129805
297,2020-10-30,1050,1020,73341
298,2020-11-02,1020,1035,93742
299,2020-11-03,1055,1035,78824
