,date,open,close,volume
0,2019-08-16,5100,4860,134317
1,2019-08-19,4860,4850,63883
2,2019-08-20,4860,4900,75725
3,2019-08-21,4950,4945,96640
4,2019-08-22,5020,4900,79655
5,2019-08-23,4900,4900,59420
6,2019-08-26,4710,4795,62257
7,2019-08-27,4815,4870,50222
8,2019-08-28,4870,5020,107202
9,2019-08-29,5020,4960,79290
10,2019-08-30,4960,5120,78752
11,2019-09-02,5160,5160,63257
12,2019-09-03,5160,5270,71820
13,2019-09-04,5240,5390,107819
14,2019-09-05,5480,5490,183371
15,2019-09-06,5650,5500,168338
16,2019-09-09,5540,5420,63681
17,2019-09-10,5380,5410,57558
18,2019-09-11,5390,5350,61119
19,2019-09-16,5490,5370,60251
20,2019-09-17,5300,5310,62726
21,2019-09-18,5280,5330,74413
22,2019-09-19,5310,5350,208981
23,2019-09-20,5360,5620,107258
24,2019-09-23,5680,5470,98806
25,2019-09-24,5390,5380,177466
26,2019-09-25,5370,5230,213902
27,2019-09-26,5230,5580,223261
28,2019-09-27,5580,5830,243103
29,2019-09-30,5880,5710,137582
30,2019-10-01,5640,5720,98233
31,2019-10-02,5700,5740,263644
32,2019-10-04,5620,5520,104146
33,2019-10-07,5520,5470,92737
34,2019-10-08,5420,5470,72917
35,2019-10-10,5480,5240,100519
36,2019-10-11,5300,5390,118015
37,2019-10-14,5410,5650,190784
38,2019-10-15,5750,5570,65928
39,2019-10-16,5630,5780,297741
40,2019-10-17,5780,5540,250241
41,2019-10-18,5570,5360,110351
42,2019-10-21,5360,5300,87873
43,2019-10-22,5410,5330,152750
44,2019-10-23,5340,5300,76730
45,2019-10-24,5260,5320,113392
46,2019-10-25,5400,5580,146200
47,2019-10-28,5580,5560,61667
48,2019-10-29,5600,5430,114014
49,2019-10-30,5380,5430,88752
50,2019-10-31,5410,5390,81839
51,2019-11-01,5400,5300,70554
52,2019-11-04,5310,5390,69333
53,2019-11-05,5460,5330,73744
54,2019-11-06,5330,5290,107872
55,2019-11-07,5330,5240,75125
56,2019-11-08,5250,5230,58274
57,2019-11-11,5230,5170,30553
58,2019-11-12,5170,5170,54804
59,2019-11-13,5180,5060,106956
60,2019-11-14,5090,5070,44909
61,2019-11-15,5070,5180,63210
62,2019-11-18,5180,5200,25803
63,2019-11-19,5190,5110,60429
64,2019-11-20,5110,5090,133451
65,2019-11-21,5050,4950,146985
66,2019-11-22,4845,4945,30065
67,2019-11-25,4945,5050,66515
68,2019-11-26,5050,5280,175158
69,2019-11-27,5330,5130,38841
70,2019-11-28,5120,4990,58924
71,2019-11-29,5010,5030,42278
72,2019-12-02,4985,5010,29581
73,2019-12-03,4950,5010,39930
74,2019-12-04,4950,4890,57055
75,2019-12-05,4965,4950,25076
76,2019-12-06,4925,5020,43529
77,2019-12-09,5140,5060,65042
78,2019-12-10,5090,5240,108734
79,2019-12-11,5190,5210,120871
80,2019-12-12,5250,5380,170727
81,2019-12-13,5460,5970,1003419
82,2019-12-16,5950,5960,398717
83,2019-12-17,5970,6110,426037
84,2019-12-18,6150,6060,396186
85,2019-12-19,6170,6000,226653
86,2019-12-20,6010,5970,386009
87,2019-12-23,5940,5700,380510
88,2019-12-24,5750,5650,176268
89,2019-12-26,5650,5670,317318
90,2019-12-27,5680,5910,189623
91,2019-12-30,6000,6240,343945
92,2020-01-02,6360,6130,218908
93,2020-01-03,6140,5980,167090
94,2020-01-06,5930,5750,146081
95,2020-01-07,5770,5890,163601
96,2020-01-08,5830,5750,330834
97,2020-01-09,5940,6360,487444
98,2020-01-10,6400,6290,202783
99,2020-01-13,6290,6350,192361
100,2020-01-14,6370,6260,228230
101,2020-01-15,6260,6320,201069
102,2020-01-16,6320,6800,439288
103,2020-01-17,6810,7010,428514
104,2020-01-20,7100,6780,237335
105,2020-01-21,6750,6590,207111
106,2020-01-22,6590,6980,239008
107,2020-01-23,6930,6950,219463
108,2020-01-28,6420,6610,347918
109,2020-01-29,6780,6920,394901
110,2020-01-30,6850,6600,205249
111,2020-01-31,6610,6610,304861
112,2020-02-03,6590,6690,345017
113,2020-02-04,6840,7310,708460
114,2020-02-05,7320,6860,702365
115,2020-02-06,6890,6820,230005
116,2020-02-07,6820,6740,188346
117,2020-02-10,6630,6800,94131
118,2020-02-11,6840,6890,97900
119,2020-02-12,6910,7080,216297
120,2020-02-13,7100,6950,201926
121,2020-02-14,6960,6970,138162
122,2020-02-17,6980,6970,106039
123,2020-02-18,6970,6820,191662
124,2020-02-19,6850,6700,192051
125,2020-02-20,6700,6760,262192
126,2020-02-21,6630,6700,194396
127,2020-02-24,6350,6240,400306
128,2020-02-25,6210,6420,167717
129,2020-02-26,6330,6170,220411
130,2020-02-27,6210,5900,276292
131,2020-02-28,5750,5430,389429
132,2020-03-02,5690,5710,347577
133,2020-03-03,5990,5780,188316
134,2020-03-04,5740,6040,189650
135,2020-03-05,6140,6000,170277
136,2020-03-06,5900,5800,137403
137,2020-03-09,5700,5500,324387
138,2020-03-10,5350,5550,277332
139,2020-03-11,5600,5250,312846
140,2020-03-12,5120,4870,496264
141,2020-03-13,4405,4200,1442824
142,2020-03-16,4195,3950,611387
143,2020-03-17,3595,4350,755652
144,2020-03-18,4350,4220,725213
145,2020-03-19,4335,3880,885588
146,2020-03-20,4380,4250,483503
147,2020-03-23,3815,3990,322515
148,2020-03-24,4280,4305,391211
149,2020-03-25,4625,4550,388108
150,2020-03-26,4565,4375,263179
151,2020-03-27,4580,4540,357440
152,2020-03-30,4430,4560,208171
153,2020-03-31,4745,5110,590190
154,2020-04-01,5090,5020,573334
155,2020-04-02,4950,5490,536288
156,2020-04-03,5530,5560,416259
157,2020-04-06,5570,5690,293075
158,2020-04-07,5900,5870,331493
159,2020-04-08,5870,5920,352306
160,2020-04-09,6110,5900,174323
161,2020-04-10,5900,5680,310552
162,2020-04-13,5640,5270,476673
163,2020-04-14,5350,5490,244700
164,2020-04-16,5570,5540,141822
165,2020-04-17,5600,5960,608228
166,2020-04-20,5970,5950,402640
167,2020-04-21,5950,5750,403378
168,2020-04-22,5680,5960,297294
169,2020-04-23,6290,6270,999529
170,2020-04-24,6200,6020,466096
171,2020-04-27,6090,6200,551842
172,2020-04-28,6250,6190,169949
173,2020-04-29,6190,6180,203326
174,2020-05-04,6140,6030,171930
175,2020-05-06,6050,6130,240054
176,2020-05-07,6130,6240,356989
177,2020-05-08,6350,6300,196120
178,2020-05-11,6310,6430,354355
179,2020-05-12,6470,6310,304892
180,2020-05-13,6260,6350,151996
181,2020-05-14,6250,6240,169513
182,2020-05-15,6380,6140,423631
183,2020-05-18,6070,5890,383198
184,2020-05-19,6030,5970,174329
185,2020-05-20,5970,6570,3644076
186,2020-05-21,6520,6290,606468
187,2020-05-22,6290,6230,347395
188,2020-05-25,6170,6450,410454
189,2020-05-26,6550,6340,298729
190,2020-05-27,6380,6220,312815
191,2020-05-28,6230,6050,560195
192,2020-05-29,6060,5960,202677
193,2020-06-01,6090,6370,560494
194,2020-06-02,6370,7240,2590771
195,2020-06-03,7180,6960,773030
196,2020-06-04,6980,6680,731667
197,2020-06-05,6690,6800,337752
198,2020-06-08,6820,6670,311494
199,2020-06-09,6620,6760,290399
200,2020-06-10,6760,6840,250145
201,2020-06-11,6840,7020,1169120
202,2020-06-12,6550,6850,730113
203,2020-06-15,6850,6300,620875
204,2020-06-16,6510,6400,428159
205,2020-06-17,6400,6210,339054
206,2020-06-18,6150,6190,163810
207,2020-06-19,6200,6240,200027
208,2020-06-22,6240,6050,285959
209,2020-06-23,6240,5880,323892
210,2020-06-24,5970,6000,256015
211,2020-06-25,5880,5820,324570
212,2020-06-26,5830,5780,257807
213,2020-06-29,5770,5860,573069
214,2020-06-30,6120,6300,1244278
215,2020-07-01,6290,6130,328798
216,2020-07-02,6140,6440,375762
217,2020-07-03,6450,7020,1982729
218,2020-07-06,6940,6800,771952
219,2020-07-07,6800,6830,428740
220,2020-07-08,6820,7250,1532968
221,2020-07-09,7220,7250,578286
222,2020-07-10,7310,6950,812804
223,2020-07-13,7000,6690,708836
224,2020-07-14,6680,6740,321960
225,2020-07-15,6740,6740,329852
226,2020-07-16,6640,7010,1096052
227,2020-07-17,7020,7800,2831895
228,2020-07-20,7790,7230,1422979
229,2020-07-21,7170,7240,634181
230,2020-07-22,7170,6950,545700
231,2020-07-23,6940,7000,837864
232,2020-07-24,6920,6700,649363
233,2020-07-27,6740,7090,398245
234,2020-07-28,7090,7120,443848
235,2020-07-29,7130,7030,254661
236,2020-07-30,7040,7260,404059
237,2020-07-31,7320,7270,352675
238,2020-08-03,7320,7100,275783
239,2020-08-04,7180,7100,168235
240,2020-08-05,7100,7130,191305
241,2020-08-06,7130,7100,185720
242,2020-08-07,7090,6920,261348
243,2020-08-10,6920,6770,416437
244,2020-08-11,6840,6700,439818
245,2020-08-12,6690,6550,269702
246,2020-08-13,6690,6550,212886
247,2020-08-14,6510,6310,349579
248,2020-08-18,6260,6160,339628
249,2020-08-19,6170,6260,173098
250,2020-08-20,6260,5900,483590
251,2020-08-21,6010,6000,161672
252,2020-08-24,5990,5970,139811
253,2020-08-25,6120,6260,243149
254,2020-08-26,6360,6500,308265
255,2020-08-27,6500,6850,1309712
256,2020-08-28,6930,6790,596389
257,2020-08-31,6800,6660,319939
258,2020-09-01,6660,6710,209728
259,2020-09-02,6750,6910,690420
260,2020-09-03,6930,7050,680486
261,2020-09-04,6820,6850,528757
262,2020-09-07,6870,6920,244603
263,2020-09-08,7000,7080,547117
264,2020-09-09,6940,6900,269649
265,2020-09-10,6930,6940,677453
266,2020-09-11,6940,7200,496452
267,2020-09-14,7350,7280,676069
268,2020-09-15,7370,7120,321725
269,2020-09-16,7240,7020,216837
270,2020-09-17,7020,6830,255147
271,2020-09-18,6880,6870,202713
272,2020-09-21,6810,6550,359576
273,2020-09-22,6500,6430,292093
274,2020-09-23,6480,6640,173295
275,2020-09-24,6480,6470,175946
276,2020-09-25,6680,6480,94527
277,2020-09-28,6500,6540,122731
278,2020-09-29,6700,6570,91787
279,2020-10-05,6550,6600,65247
280,2020-10-06,6650,6750,147729
281,2020-10-07,6750,6720,76032
282,2020-10-08,6800,6800,160674
283,2020-10-12,6890,6750,121558
284,2020-10-13,6800,6770,79931
285,2020-10-14,6800,6700,116704
286,2020-10-15,6600,6600,78584
287,2020-10-16,6650,6480,138485
288,2020-10-19,6470,6320,253659
289,2020-10-20,6510,6500,803493
290,2020-10-21,6570,6480,129627
291,2020-10-22,6460,6310,175772
292,2020-10-23,6310,6360,76058
293,2020-10-26,6250,6140,143075
294,2020-10-27,6100,6140,102594
295,2020-10-28,6060,6290,81131
296,2020-10-29,6130,6320,63560
297,2020-10-30,6320,6200,34091
298,2020-11-02,6150,6160,32414
299,2020-11-03,6160,6250,80267
