,date,open,close,volume
0,2019-08-16,7790,7840,367275
1,2019-08-19,7910,7910,235412
2,2019-08-20,7960,8050,348029
3,2019-08-21,8060,8020,461991
4,2019-08-22,8120,7820,286819
5,2019-08-23,7660,7780,306374
6,2019-08-26,7490,7280,428118
7,2019-08-27,7460,7490,297589
8,2019-08-28,7600,7760,636887
9,2019-08-29,7790,7390,470806
10,2019-08-30,7500,7400,516579
11,2019-09-02,7480,7600,404474
12,2019-09-03,7600,7510,378858
13,2019-09-04,7530,8230,3709842
14,2019-09-05,8280,8170,1853128
15,2019-09-06,8200,7990,543192
16,2019-09-09,8020,7630,605347
17,2019-09-10,7630,7520,269843
18,2019-09-11,7590,7610,197594
19,2019-09-16,7650,7400,402980
20,2019-09-17,7350,7340,236686
21,2019-09-18,7330,7180,565954
22,2019-09-19,7200,7310,242429
23,2019-09-20,7410,7660,1028559
24,2019-09-23,7640,7570,195574
25,2019-09-24,7530,7470,167491
26,2019-09-25,7500,7200,307898
27,2019-09-26,7200,7120,227330
28,2019-09-27,7100,7170,99519
29,2019-09-30,7170,6960,279021
30,2019-10-01,7020,7010,199239
31,2019-10-02,6890,6790,304438
32,2019-10-04,6790,7050,404427
33,2019-10-07,7060,6970,164075
34,2019-10-08,6970,7020,133324
35,2019-10-10,6960,7000,134878
36,2019-10-11,7250,7050,159316
37,2019-10-14,7050,7350,345362
38,2019-10-15,7370,7780,1078245
39,2019-10-16,7730,7780,1183912
40,2019-10-17,7780,7910,496722
41,2019-10-18,7970,7990,747712
42,2019-10-21,8090,7820,995173
43,2019-10-22,7910,7750,515568
44,2019-10-23,7700,7720,372101
45,2019-10-24,7610,7550,396253
46,2019-10-25,7570,7310,497695
47,2019-10-28,7280,7210,616841
48,2019-10-29,7250,7100,356589
49,2019-10-30,7100,7060,265221
50,2019-10-31,7070,7060,232358
51,2019-11-01,7110,7120,178437
52,2019-11-04,7200,7150,287024
53,2019-11-05,7150,7080,148646
54,2019-11-06,7080,7040,219348
55,2019-11-07,7040,6960,190368
56,2019-11-08,6960,7000,123603
57,2019-11-11,6940,6940,101620
58,2019-11-12,6940,6950,107606
59,2019-11-13,7000,6920,123106
60,2019-11-14,6920,6800,235135
61,2019-11-15,6870,6930,124466
62,2019-11-18,6920,7040,122561
63,2019-11-19,7040,6950,100931
64,2019-11-20,6950,6790,223603
65,2019-11-21,6740,6340,422580
66,2019-11-22,6300,6280,291308
67,2019-11-25,6360,6680,158571
68,2019-11-26,6680,6770,121963
69,2019-11-27,6790,6600,137529
70,2019-11-28,6600,6580,63354
71,2019-11-29,6580,6360,148093
72,2019-12-02,6300,6450,107611
73,2019-12-03,6370,6350,95203
74,2019-12-04,6300,6240,102550
75,2019-12-05,6280,6130,161743
76,2019-12-06,6120,6510,262907
77,2019-12-09,6520,6430,103098
78,2019-12-10,6380,6440,80671
79,2019-12-11,6490,6550,66861
80,2019-12-12,6590,6650,143734
81,2019-12-13,6740,6730,138379
82,2019-12-16,6670,6860,172662
83,2019-12-17,6850,6770,78411
84,2019-12-18,6850,6760,135811
85,2019-12-19,6720,6800,108144
86,2019-12-20,6810,6830,82636
87,2019-12-23,6880,6710,110035
88,2019-12-24,6720,6640,153915
89,2019-12-26,6610,6900,192728
90,2019-12-27,6900,6990,157839
91,2019-12-30,7000,6960,103656
92,2020-01-02,7350,7130,1070481
93,2020-01-03,7140,7010,413528
94,2020-01-06,6900,6780,218035
95,2020-01-07,6840,6940,370491
96,2020-01-08,6880,6570,354142
97,2020-01-09,6700,6790,217578
98,2020-01-10,6880,6980,165829
99,2020-01-13,7010,7050,186740
100,2020-01-14,7030,7050,207869
101,2020-01-15,7050,7420,2216210
102,2020-01-16,7430,7270,370252
103,2020-01-17,7290,7460,417690
104,2020-01-20,7410,7410,295880
105,2020-01-21,7410,7260,271828
106,2020-01-22,7270,7340,173522
107,2020-01-23,7290,7390,147372
108,2020-01-28,7090,7000,360825
109,2020-01-29,7050,7210,248597
110,2020-01-30,7300,6970,199466
111,2020-01-31,7030,6660,210579
112,2020-02-03,6500,6620,195737
113,2020-02-04,6670,6910,167682
114,2020-02-05,6920,7100,191011
115,2020-02-06,7200,7040,500785
116,2020-02-07,7050,6980,98263
117,2020-02-10,6980,7030,93363
118,2020-02-11,7010,7130,205726
119,2020-02-12,7150,7340,389026
120,2020-02-13,7450,7340,202547
121,2020-02-14,7340,7340,147913
122,2020-02-17,7450,7530,409210
123,2020-02-18,7560,7430,345598
124,2020-02-19,7440,7440,244834
125,2020-02-20,7390,7280,189494
126,2020-02-21,7190,7000,252364
127,2020-02-24,6760,6460,406348
128,2020-02-25,6350,6650,274447
129,2020-02-26,6390,6490,200542
130,2020-02-27,6500,6150,291516
131,2020-02-28,6040,5580,423729
132,2020-03-02,5590,5730,209204
133,2020-03-03,5930,5830,201322
134,2020-03-04,5730,6030,127083
135,2020-03-05,6070,6120,142834
136,2020-03-06,6080,6010,177978
137,2020-03-09,5900,5590,215632
138,2020-03-10,5500,5700,376992
139,2020-03-11,5750,5400,178499
140,2020-03-12,5250,4905,428709
141,2020-03-13,4315,4405,608183
142,2020-03-16,4615,4030,377828
143,2020-03-17,3700,4235,361130
144,2020-03-18,4240,4005,243586
145,2020-03-19,4130,3445,335555
146,2020-03-20,3480,3765,252753
147,2020-03-23,3425,3415,307456
148,2020-03-24,3520,3810,229547
149,2020-03-25,3960,4070,264660
150,2020-03-26,4140,4145,283346
151,2020-03-27,4360,4180,380819
152,2020-03-30,3985,4430,291018
153,2020-03-31,4610,4645,405766
154,2020-04-01,4650,4700,473354
155,2020-04-02,4740,4940,333988
156,2020-04-03,5060,5000,244994
157,2020-04-06,5070,5260,302661
158,2020-04-07,5400,5320,338725
159,2020-04-08,5260,5680,541490
160,2020-04-09,5700,5720,228657
161,2020-04-10,5730,5860,307651
162,2020-04-13,6040,5880,564012
163,2020-04-14,5940,5880,311164
164,2020-04-16,5950,6220,722833
165,2020-04-17,6300,6330,351091
166,2020-04-20,6450,6300,269228
167,2020-04-21,6350,6200,481346
168,2020-04-22,6080,6200,289901
169,2020-04-23,6480,6260,824760
170,2020-04-24,6180,6330,341150
171,2020-04-27,6400,6730,1981203
172,2020-04-28,6790,6740,316776
173,2020-04-29,6740,6600,254800
174,2020-05-04,6490,6530,221321
175,2020-05-06,6570,6600,200137
176,2020-05-07,6580,6870,689633
177,2020-05-08,6940,7020,782766
178,2020-05-11,7170,7310,1182320
179,2020-05-12,7330,7130,556266
180,2020-05-13,7010,7200,298644
181,2020-05-14,7150,7110,530630
182,2020-05-15,7130,6920,651496
183,2020-05-18,7000,7090,695546
184,2020-05-19,7250,7130,782676
185,2020-05-20,7140,7150,251812
186,2020-05-21,7160,7110,661635
187,2020-05-22,7130,7000,1074991
188,2020-05-25,7060,7140,424768
189,2020-05-26,7160,7180,402324
190,2020-05-27,7180,7070,277615
191,2020-05-28,7110,6920,542768
192,2020-05-29,6860,6800,287020
193,2020-06-01,6830,6940,172145
194,2020-06-02,6940,7040,199641
195,2020-06-03,7150,7050,328178
196,2020-06-04,7010,6960,203641
197,2020-06-05,7000,6930,179688
198,2020-06-08,6930,6870,159492
199,2020-06-09,6880,6930,173572
200,2020-06-10,6960,6840,1289408
201,2020-06-11,6820,6580,405049
202,2020-06-12,6230,6400,241176
203,2020-06-15,6230,5770,314859
204,2020-06-16,5780,6120,174163
205,2020-06-17,6100,6130,146217
206,2020-06-18,6130,6350,378101
207,2020-06-19,6360,6340,147256
208,2020-06-22,6340,6230,83592
209,2020-06-23,6230,6130,84323
210,2020-06-24,6150,6220,104330
211,2020-06-25,6080,6030,151243
212,2020-06-26,6010,6150,191516
213,2020-06-29,6150,6060,69596
214,2020-06-30,6110,6020,123098
215,2020-07-01,6110,6000,124265
216,2020-07-02,5980,6090,74493
217,2020-07-03,6110,6310,182649
218,2020-07-06,6310,6440,402881
219,2020-07-07,6440,6480,396427
220,2020-07-08,6480,6400,119715
221,2020-07-09,6530,6490,191539
222,2020-07-10,6480,6320,186214
223,2020-07-13,6330,6380,118469
224,2020-07-14,6450,7110,2816096
225,2020-07-15,6980,7290,2489416
226,2020-07-16,7440,7250,880835
227,2020-07-17,7100,7250,363186
228,2020-07-20,7250,7020,417277
229,2020-07-21,7100,7070,397429
230,2020-07-22,7140,7000,357949
231,2020-07-23,7000,6960,279684
232,2020-07-24,6890,6710,279116
233,2020-07-27,6700,6720,316269
234,2020-07-28,7000,6770,496649
235,2020-07-29,6790,7070,329653
236,2020-07-30,7180,7060,582022
237,2020-07-31,7060,7020,280536
238,2020-08-03,7020,6990,200802
239,2020-08-04,7110,7110,450255
240,2020-08-05,7150,7070,282380
241,2020-08-06,7100,7140,476340
242,2020-08-07,7280,7420,1614650
243,2020-08-10,7490,7190,660295
244,2020-08-11,7140,7090,369537
245,2020-08-12,7050,6920,360447
246,2020-08-13,6980,7000,237795
247,2020-08-14,6950,6840,313004
248,2020-08-18,6820,6350,369066
249,2020-08-19,6350,6460,132622
250,2020-08-20,6480,6130,227854
251,2020-08-21,6170,6200,113678
252,2020-08-24,6130,6210,123460
253,2020-08-25,6220,6390,108333
254,2020-08-26,6410,6560,538824
255,2020-08-27,6560,7400,5720468
256,2020-08-28,7260,7330,1432309
257,2020-08-31,7460,7230,1401375
258,2020-09-01,7270,7610,1149886
259,2020-09-02,7710,7380,769497
260,2020-09-03,7430,7250,511101
261,2020-09-04,6950,7200,343587
262,2020-09-07,7120,7300,335289
263,2020-09-08,7370,7650,3362001
264,2020-09-09,7660,7760,3243050
265,2020-09-10,7900,7900,1274232
266,2020-09-11,7860,7600,642956
267,2020-09-14,7620,7680,513411
268,2020-09-15,7710,7600,274244
269,2020-09-16,7740,7540,511008
270,2020-09-17,7520,7330,290322
271,2020-09-18,7270,7240,262853
272,2020-09-21,7300,7060,295200
273,2020-09-22,7060,6920,295032
274,2020-09-23,6930,7060,194910
275,2020-09-24,6970,6710,207769
276,2020-09-25,6860,6730,119524
277,2020-09-28,6790,6900,117401
278,2020-09-29,6970,6880,132216
279,2020-10-05,6890,7130,139786
280,2020-10-06,7170,7110,160240
281,2020-10-07,7100,7240,177992
282,2020-10-08,7290,7270,973932
283,2020-10-12,7270,7560,597227
284,2020-10-13,7540,7420,246673
285,2020-10-14,7450,7430,272406
286,2020-10-15,7410,7290,354877
287,2020-10-16,7300,7310,212931
288,2020-10-19,7320,7120,144942
289,2020-10-20,7180,7710,1870140
290,2020-10-21,7610,7690,784018
291,2020-10-22,7690,7440,597513
292,2020-10-23,7560,7680,5103635
293,2020-10-26,7610,7320,614359
294,2020-10-27,7210,7140,656929
295,2020-10-28,7150,7240,195123
296,2020-10-29,7060,7130,254948
297,2020-10-30,7160,6960,248622
298,2020-11-02,6960,7000,257699
299,2020-11-03,7060,7120,144667
