,date,open,close,volume
0,2019-08-16,3335,3300,6287
1,2019-08-19,3300,3415,11549
2,2019-08-20,3410,3465,11147
3,2019-08-21,3600,3465,4736
4,2019-08-22,3465,3490,6840
5,2019-08-23,3545,3515,15157
6,2019-08-26,3515,3440,15653
7,2019-08-27,3440,3485,10462
8,2019-08-28,3415,3505,6078
9,2019-08-29,3800,3610,102808
10,2019-08-30,3615,3670,24462
11,2019-09-02,3815,3690,13724
12,2019-09-03,3690,3630,13143
13,2019-09-04,3630,3690,6938
14,2019-09-05,3780,3625,9492
15,2019-09-06,3630,3705,14749
16,2019-09-09,3670,3650,13263
17,2019-09-10,3645,3670,3811
18,2019-09-11,3670,3710,3146
19,2019-09-16,3710,3710,12745
20,2019-09-17,3670,3690,6828
21,2019-09-18,3630,3590,23067
22,2019-09-19,3585,3555,20973
23,2019-09-20,3560,3615,16148
24,2019-09-23,3610,3565,23371
25,2019-09-24,3565,3565,23133
26,2019-09-25,3545,3365,35530
27,2019-09-26,3370,3570,25791
28,2019-09-27,2480,2445,678502
29,2019-09-30,2440,2290,76875
30,2019-10-01,2290,2300,30621
31,2019-10-02,2300,2330,35535
32,2019-10-04,2330,2300,11675
33,2019-10-07,2300,2290,12510
34,2019-10-08,2290,2230,11574
35,2019-10-10,2230,2290,11740
36,2019-10-11,2290,2280,4125
37,2019-10-14,2280,2350,20645
38,2019-10-15,2350,2340,8746
39,2019-10-16,2340,2340,11199
40,2019-10-17,2340,2310,14195
41,2019-10-18,2275,2250,32466
42,2019-10-21,2260,2335,23849
43,2019-10-22,2335,2360,9219
44,2019-10-23,2360,2335,20616
45,2019-10-24,2335,2315,5957
46,2019-10-25,2315,2295,6860
47,2019-10-28,2295,2265,5134
48,2019-10-29,2265,2235,3200
49,2019-10-30,2205,2225,3809
50,2019-10-31,2225,2220,5290
51,2019-11-01,2220,2215,25164
52,2019-11-04,2215,2240,17913
53,2019-11-05,2240,2245,13712
54,2019-11-06,2245,2250,9394
55,2019-11-07,2250,2290,8945
56,2019-11-08,2290,2405,26139
57,2019-11-11,2405,2355,15468
58,2019-11-12,2355,2335,7661
59,2019-11-13,2265,2280,15755
60,2019-11-14,2270,2345,12407
61,2019-11-15,2270,2250,42677
62,2019-11-18,2250,2235,18780
63,2019-11-19,2235,2235,4545
64,2019-11-20,2235,2290,28108
65,2019-11-21,2290,2305,8496
66,2019-11-22,2270,2205,12756
67,2019-11-25,2180,2220,9126
68,2019-11-26,2220,2265,4716
69,2019-11-27,2270,2255,16901
70,2019-11-28,2260,2275,8659
71,2019-11-29,2275,2300,14223
72,2019-12-02,2295,2275,5292
73,2019-12-03,2275,2285,11861
74,2019-12-04,2285,2280,6975
75,2019-12-05,2255,2245,6275
76,2019-12-06,2245,2280,6559
77,2019-12-09,2280,2275,9040
78,2019-12-10,2315,2240,11899
79,2019-12-11,2245,2280,9152
80,2019-12-12,2280,2240,12964
81,2019-12-13,2240,2250,9615
82,2019-12-16,2260,2260,11060
83,2019-12-17,2260,2300,18040
84,2019-12-18,2310,2295,17434
85,2019-12-19,2295,2310,12388
86,2019-12-20,2335,2330,11338
87,2019-12-23,2360,2300,33261
88,2019-12-24,2375,2300,19364
89,2019-12-26,2300,2315,15946
90,2019-12-27,2315,2330,7570
91,2019-12-30,2330,2370,34429
92,2020-01-02,2370,2380,27913
93,2020-01-03,2380,2460,23560
94,2020-01-06,2455,2380,20340
95,2020-01-07,2380,2350,14891
96,2020-01-08,2335,2480,49231
97,2020-01-09,2450,2425,44352
98,2020-01-10,2425,2420,45225
99,2020-01-13,2420,2485,14979
100,2020-01-14,2460,2490,24633
101,2020-01-15,2490,2450,8305
102,2020-01-16,2450,2490,12186
103,2020-01-17,2490,2535,49998
104,2020-01-20,2560,2550,11376
105,2020-01-21,2550,2510,4120
106,2020-01-22,2500,2535,23452
107,2020-01-23,2535,2500,5682
108,2020-01-28,2450,2490,5902
109,2020-01-29,2485,2485,12242
110,2020-01-30,2485,2495,18961
111,2020-01-31,2495,2455,9183
112,2020-02-03,2455,2430,9522
113,2020-02-04,2430,2510,15191
114,2020-02-05,2510,2500,7682
115,2020-02-06,2500,2470,9352
116,2020-02-07,2480,2470,8073
117,2020-02-10,2470,2480,5048
118,2020-02-11,2480,2485,3583
119,2020-02-12,2485,2465,15026
120,2020-02-13,2465,2465,62841
121,2020-02-14,2465,2430,25512
122,2020-02-17,2440,2425,53944
123,2020-02-18,2430,2445,12311
124,2020-02-19,2445,2450,30028
125,2020-02-20,2410,2450,19034
126,2020-02-21,2450,2370,15314
127,2020-02-24,2350,2250,63443
128,2020-02-25,2250,2290,29934
129,2020-02-26,2240,2340,26302
130,2020-02-27,2340,2340,47264
131,2020-02-28,2330,2160,85942
132,2020-03-02,2125,2290,39488
133,2020-03-03,2370,2270,50759
134,2020-03-04,2285,2365,4867
135,2020-03-05,2365,2440,17091
136,2020-03-06,2425,2280,113045
137,2020-03-09,2220,2260,30396
138,2020-03-10,2225,2215,24326
139,2020-03-11,2300,2210,30584
140,2020-03-12,2210,2175,24463
141,2020-03-13,2095,2255,108760
142,2020-03-16,2230,2205,74160
143,2020-03-17,2035,2300,65872
144,2020-03-18,2310,2185,36215
145,2020-03-19,2120,1950,116734
146,2020-03-20,1950,1930,24711
147,2020-03-23,1800,1815,24451
148,2020-03-24,1745,1750,78833
149,2020-03-25,1765,1725,124464
150,2020-03-26,1745,1720,57521
151,2020-03-27,1745,1720,79749
152,2020-03-30,1720,1715,42265
153,2020-03-31,1730,1790,85939
154,2020-04-01,1790,1790,91468
155,2020-04-02,1740,1845,66661
156,2020-04-03,1835,1845,58572
157,2020-04-06,1840,1920,69740
158,2020-04-07,1950,2050,97628
159,2020-04-08,2040,2110,94743
160,2020-04-09,2110,2085,74612
161,2020-04-10,2085,2110,55754
162,2020-04-13,2100,2070,42497
163,2020-04-14,2080,2125,60087
164,2020-04-16,2165,2195,49073
165,2020-04-17,2250,2275,103210
166,2020-04-20,2275,2260,89642
167,2020-04-21,2260,2080,100972
168,2020-04-22,2070,2105,38040
169,2020-04-23,2105,2150,36255
170,2020-04-24,2110,2155,28485
171,2020-04-27,2130,2115,40217
172,2020-04-28,2130,2150,32448
173,2020-04-29,2150,2125,45892
174,2020-05-04,2105,2105,51670
175,2020-05-06,2105,2140,37950
176,2020-05-07,2165,2240,121963
177,2020-05-08,2240,2225,44719
178,2020-05-11,2235,2250,31443
179,2020-05-12,2250,2175,58542
180,2020-05-13,2175,2175,24293
181,2020-05-14,2175,2125,8996
182,2020-05-15,2125,2035,101297
183,2020-05-18,2035,2020,25717
184,2020-05-19,2020,2030,34217
185,2020-05-20,2050,2085,48524
186,2020-05-21,2095,2075,17799
187,2020-05-22,2090,2030,35967
188,2020-05-25,2030,2100,31654
189,2020-05-26,2100,2090,7743
190,2020-05-27,2080,2175,116136
191,2020-05-28,2175,2135,56521
192,2020-05-29,2135,2075,62739
193,2020-06-01,2075,2085,26924
194,2020-06-02,2085,2105,42245
195,2020-06-03,2105,2120,35337
196,2020-06-04,2120,2100,40079
197,2020-06-05,2100,2100,13623
198,2020-06-08,2100,2100,17943
199,2020-06-09,2100,2125,27127
200,2020-06-10,2140,2080,23505
201,2020-06-11,2080,2045,14134
202,2020-06-12,1925,1990,29916
203,2020-06-15,1980,1840,74860
204,2020-06-16,1840,1935,25987
205,2020-06-17,1935,1890,24929
206,2020-06-18,1890,1930,8682
207,2020-06-19,1930,1985,40136
208,2020-06-22,1985,1900,29576
209,2020-06-23,1900,1920,12066
210,2020-06-24,1920,1870,21905
211,2020-06-25,1860,1880,31017
212,2020-06-26,1870,1885,11600
213,2020-06-29,1855,1810,44346
214,2020-06-30,1810,1875,32955
215,2020-07-01,1875,1880,15402
216,2020-07-02,1880,1925,9450
217,2020-07-03,1925,1935,11989
218,2020-07-06,1990,1970,12708
219,2020-07-07,1970,1930,37174
220,2020-07-08,1930,1950,2422
221,2020-07-09,1950,1945,8821
222,2020-07-10,1945,1880,17513
223,2020-07-13,1880,1865,91667
224,2020-07-14,1865,1940,30559
225,2020-07-15,1940,1950,26439
226,2020-07-16,1940,1880,30057
227,2020-07-17,1860,1905,18631
228,2020-07-20,1895,1900,20518
229,2020-07-21,1900,1885,16344
230,2020-07-22,1885,1885,32316
231,2020-07-23,1885,1880,17140
232,2020-07-24,1880,1860,7556
233,2020-07-27,1860,1845,77290
234,2020-07-28,1845,1820,25924
235,2020-07-29,1820,1830,5339
236,2020-07-30,1830,1835,8278
237,2020-07-31,1830,1845,9951
238,2020-08-03,1845,1870,14514
239,2020-08-04,1870,1850,10342
240,2020-08-05,1835,1870,3387
241,2020-08-06,1860,1880,6244
242,2020-08-07,1880,1855,9973
243,2020-08-10,1860,1830,15104
244,2020-08-11,1845,1890,96951
245,2020-08-12,1915,1850,33709
246,2020-08-13,1845,1865,27743
247,2020-08-14,1870,1840,23457
248,2020-08-18,1840,1875,33967
249,2020-08-19,1850,1920,46227
250,2020-08-20,1920,1910,55373
251,2020-08-21,1900,1895,19444
252,2020-08-24,1895,1885,8845
253,2020-08-25,1885,1950,23150
254,2020-08-26,1950,1980,46857
255,2020-08-27,1980,1980,54071
256,2020-08-28,1980,2000,36516
257,2020-08-31,2000,2045,68698
258,2020-09-01,2095,2075,18780
259,2020-09-02,2080,2090,14445
260,2020-09-03,2095,2060,16136
261,2020-09-04,2040,2065,28358
262,2020-09-07,2065,2095,41368
263,2020-09-08,2095,2150,23271
264,2020-09-09,2140,2220,62935
265,2020-09-10,2220,2125,41790
266,2020-09-11,2130,2210,30906
267,2020-09-14,2220,2235,33496
268,2020-09-15,2235,2240,25340
269,2020-09-16,2240,2285,45773
270,2020-09-17,2280,2250,59320
271,2020-09-18,2250,2235,20131
272,2020-09-21,2235,2160,38120
273,2020-09-22,2160,2075,21851
274,2020-09-23,2065,2090,29877
275,2020-09-24,2085,2085,28363
276,2020-09-25,2085,2070,17154
277,2020-09-28,2060,2025,27215
278,2020-09-29,2025,2035,15533
279,2020-10-05,2035,2045,38529
280,2020-10-06,2060,2135,45666
281,2020-10-07,2135,2195,91081
282,2020-10-08,2210,2230,49547
283,2020-10-12,2240,2290,76044
284,2020-10-13,2290,2290,42381
285,2020-10-14,2290,2310,42709
286,2020-10-15,2305,2165,42739
287,2020-10-16,2150,2065,27076
288,2020-10-19,2065,2020,58706
289,2020-10-20,2010,2030,13359
290,2020-10-21,2010,2090,38279
291,2020-10-22,2160,2100,52908
292,2020-10-23,2090,2055,22984
293,2020-10-26,2060,2070,31311
294,2020-10-27,2030,2095,31472
295,2020-10-28,2075,2075,7135
296,2020-10-29,2075,2060,35745
297,2020-10-30,2060,2035,27937
298,2020-11-02,2035,2090,35336
299,2020-11-03,2090,2105,49723
