,date,open,close,volume
0,2019-08-16,76500,77000,30947
1,2019-08-19,76200,77200,24212
2,2019-08-20,79400,81900,56102
3,2019-08-21,81900,82500,41213
4,2019-08-22,82500,81800,31540
5,2019-08-23,81000,79300,32413
6,2019-08-26,78000,76600,41452
7,2019-08-27,77000,75000,17194
8,2019-08-28,75500,78400,21713
9,2019-08-29,78200,79000,18233
10,2019-08-30,80500,79900,39443
11,2019-09-02,79800,82600,53049
12,2019-09-03,82100,82100,17812
13,2019-09-04,82100,87400,57226
14,2019-09-05,87400,85000,48133
15,2019-09-06,85500,82000,58991
16,2019-09-09,82700,81200,29021
17,2019-09-10,80600,80600,16899
18,2019-09-11,80900,82000,15519
19,2019-09-16,81300,81000,20627
20,2019-09-17,80300,82500,14757
21,2019-09-18,83500,83300,31194
22,2019-09-19,83300,76400,379288
23,2019-09-20,77800,76800,98398
24,2019-09-23,76300,74900,36322
25,2019-09-24,73900,69200,124789
26,2019-09-25,69400,67200,63197
27,2019-09-26,67000,67100,48944
28,2019-09-27,66200,66600,51084
29,2019-09-30,67400,68100,46692
30,2019-10-01,68100,67300,48863
31,2019-10-02,64500,65900,61615
32,2019-10-04,66000,67200,62156
33,2019-10-07,66600,65600,45623
34,2019-10-08,65700,65300,43734
35,2019-10-10,65300,65000,47734
36,2019-10-11,65100,64700,39122
37,2019-10-14,65000,64700,35945
38,2019-10-15,64700,64700,36134
39,2019-10-16,65000,66000,36148
40,2019-10-17,66000,63700,42147
41,2019-10-18,63700,64100,31820
42,2019-10-21,64300,62600,25869
43,2019-10-22,62600,64000,65660
44,2019-10-23,64700,62300,34102
45,2019-10-24,63500,62700,54545
46,2019-10-25,62300,59200,73016
47,2019-10-28,59800,60900,51784
48,2019-10-29,60900,59200,54745
49,2019-10-30,59000,59000,22400
50,2019-10-31,59000,58700,34496
51,2019-11-01,58300,59200,26418
52,2019-11-04,59300,59900,46121
53,2019-11-05,60300,59300,36246
54,2019-11-06,59400,62100,107358
55,2019-11-07,62300,61500,35689
56,2019-11-08,61600,60800,48900
57,2019-11-11,60200,58200,41706
58,2019-11-12,58200,59000,19711
59,2019-11-13,59400,60900,22501
60,2019-11-14,60700,58200,54933
61,2019-11-15,58200,60300,42544
62,2019-11-18,60900,61600,35558
63,2019-11-19,61500,59900,27037
64,2019-11-20,59700,56400,55550
65,2019-11-21,56700,54700,42209
66,2019-11-22,55000,55100,22237
67,2019-11-25,54600,55900,15714
68,2019-11-26,55700,55500,31804
69,2019-11-27,55500,54900,21876
70,2019-11-28,56400,55300,61289
71,2019-11-29,54400,54900,27448
72,2019-12-02,55100,51600,81664
73,2019-12-03,51900,51900,50542
74,2019-12-04,52000,53000,35210
75,2019-12-05,53000,51200,39805
76,2019-12-06,51500,52100,37428
77,2019-12-09,51700,51300,23476
78,2019-12-10,51600,51700,32542
79,2019-12-11,51200,51100,23594
80,2019-12-12,51100,49900,118771
81,2019-12-13,50400,51500,61257
82,2019-12-16,51600,51400,16045
83,2019-12-17,51400,53700,42567
84,2019-12-18,53500,53500,18413
85,2019-12-19,53800,54000,33895
86,2019-12-20,54100,54100,14386
87,2019-12-23,54600,54800,20189
88,2019-12-24,54500,53300,26068
89,2019-12-26,53600,54000,51467
90,2019-12-27,53700,55400,22792
91,2019-12-30,55500,54700,19137
92,2020-01-02,55000,54000,23471
93,2020-01-03,54300,51800,67874
94,2020-01-06,51800,51200,26315
95,2020-01-07,51400,53400,33801
96,2020-01-08,53400,50600,35934
97,2020-01-09,51800,52200,28120
98,2020-01-10,51700,52400,15484
99,2020-01-13,53500,52500,22353
100,2020-01-14,52600,53400,36384
101,2020-01-15,53400,52200,21727
102,2020-01-16,52100,52600,18560
103,2020-01-17,53000,51400,31346
104,2020-01-20,51900,52000,22566
105,2020-01-21,52000,51100,21252
106,2020-01-22,51000,52000,17861
107,2020-01-23,52000,51000,19882
108,2020-01-28,49200,46800,94711
109,2020-01-29,47150,47450,28389
110,2020-01-30,47900,46350,25438
111,2020-01-31,46450,46050,44326
112,2020-02-03,45900,49000,53974
113,2020-02-04,49350,50700,43513
114,2020-02-05,51400,51500,58200
115,2020-02-06,50700,49900,46116
116,2020-02-07,49850,47700,79054
117,2020-02-10,48600,47150,90555
118,2020-02-11,47150,51900,240130
119,2020-02-12,52000,50500,132445
120,2020-02-13,50800,49200,79597
121,2020-02-14,48750,49050,65556
122,2020-02-17,49150,47800,61212
123,2020-02-18,48050,49500,107788
124,2020-02-19,49300,48100,79343
125,2020-02-20,49000,49950,144252
126,2020-02-21,49150,55000,325534
127,2020-02-24,57200,49500,479293
128,2020-02-25,49500,52500,164942
129,2020-02-26,51500,56500,240455
130,2020-02-27,57800,59800,775560
131,2020-02-28,58900,54700,257797
132,2020-03-02,56200,61500,273155
133,2020-03-03,62900,60300,267465
134,2020-03-04,59500,59700,156037
135,2020-03-05,60700,58000,189589
136,2020-03-06,57500,55600,142975
137,2020-03-09,54700,53600,150544
138,2020-03-10,53100,54600,117570
139,2020-03-11,54600,50000,151818
140,2020-03-12,49500,45500,220929
141,2020-03-13,41700,39900,326365
142,2020-03-16,41450,38800,204977
143,2020-03-17,36850,41100,142248
144,2020-03-18,42800,41200,252346
145,2020-03-19,43450,40000,169314
146,2020-03-20,41300,40350,159317
147,2020-03-23,38200,36700,130275
148,2020-03-24,38350,39000,94892
149,2020-03-25,41000,40400,133908
150,2020-03-26,40500,41950,194691
151,2020-03-27,43700,43150,149099
152,2020-03-30,41950,44450,114552
153,2020-03-31,45150,47200,140318
154,2020-04-01,47000,44800,127620
155,2020-04-02,45000,46200,85884
156,2020-04-03,46600,44850,85676
157,2020-04-06,45500,48900,174116
158,2020-04-07,49300,49200,98678
159,2020-04-08,49000,48300,68650
160,2020-04-09,48900,48550,66514
161,2020-04-10,48650,48800,59419
162,2020-04-13,49300,47800,55386
163,2020-04-14,48400,51500,164820
164,2020-04-16,51400,51600,76344
165,2020-04-17,52500,53500,136244
166,2020-04-20,54200,52500,61725
167,2020-04-21,52500,51400,138480
168,2020-04-22,50000,52400,69787
169,2020-04-23,53000,52400,52057
170,2020-04-24,52000,51700,65827
171,2020-04-27,52700,54600,152503
172,2020-04-28,55200,55100,87854
173,2020-04-29,54800,54900,56315
174,2020-05-04,53400,53700,44933
175,2020-05-06,54000,55000,74536
176,2020-05-07,54400,54400,59381
177,2020-05-08,55000,55500,125760
178,2020-05-11,55900,54900,70401
179,2020-05-12,56200,53200,115493
180,2020-05-13,52900,51800,109709
181,2020-05-14,51500,52000,101472
182,2020-05-15,52700,52400,59599
183,2020-05-18,52900,52500,50438
184,2020-05-19,52800,51600,84287
185,2020-05-20,51900,52800,51298
186,2020-05-21,53600,54700,136476
187,2020-05-22,54800,52300,93273
188,2020-05-25,52600,52100,51298
189,2020-05-26,52500,52100,117988
190,2020-05-27,52500,51200,94052
191,2020-05-28,51500,48850,138409
192,2020-05-29,48850,48950,57738
193,2020-06-01,48350,49950,50673
194,2020-06-02,49750,51200,57586
195,2020-06-03,51500,51200,51147
196,2020-06-04,51200,51000,34612
197,2020-06-05,50500,50900,38389
198,2020-06-08,51100,52700,94383
199,2020-06-09,52800,52300,58959
200,2020-06-10,53500,60800,849712
201,2020-06-11,61200,57900,292877
202,2020-06-12,54000,55900,184703
203,2020-06-15,55100,51000,177929
204,2020-06-16,52400,53700,119764
205,2020-06-17,53000,52400,112429
206,2020-06-18,52100,51800,53936
207,2020-06-19,52200,51000,77933
208,2020-06-22,51000,52100,68711
209,2020-06-23,52500,52500,70308
210,2020-06-24,53100,52400,52047
211,2020-06-25,51600,51500,52980
212,2020-06-26,52500,54500,136588
213,2020-06-29,54000,54200,91225
214,2020-06-30,55200,54700,152648
215,2020-07-01,55600,57700,257652
216,2020-07-02,58900,59500,108311
217,2020-07-03,60800,59500,143049
218,2020-07-06,59100,58900,59343
219,2020-07-07,58900,57200,75127
220,2020-07-08,57400,59700,114524
221,2020-07-09,60100,60200,69798
222,2020-07-10,60000,58900,59552
223,2020-07-13,59000,57500,67489
224,2020-07-14,57500,56600,56876
225,2020-07-15,57000,56200,85024
226,2020-07-16,56700,54800,78730
227,2020-07-17,54800,56300,63961
228,2020-07-20,56300,55100,37346
229,2020-07-21,55400,54900,36782
230,2020-07-22,55200,58100,94100
231,2020-07-23,57900,58400,71793
232,2020-07-24,58300,56600,72914
233,2020-07-27,56100,57400,44135
234,2020-07-28,57500,57700,52537
235,2020-07-29,58100,58000,54538
236,2020-07-30,58400,56700,54714
237,2020-07-31,57000,56500,37181
238,2020-08-03,56500,56900,33690
239,2020-08-04,57100,56600,33445
240,2020-08-05,56300,56700,38293
241,2020-08-06,56700,56300,36064
242,2020-08-07,56500,55100,89365
243,2020-08-10,55300,53100,106215
244,2020-08-11,53100,54500,58616
245,2020-08-12,54600,55400,44783
246,2020-08-13,55800,55200,74767
247,2020-08-14,55100,51300,206388
248,2020-08-18,51300,47300,118722
249,2020-08-19,47300,47400,64189
250,2020-08-20,47500,44900,75125
251,2020-08-21,45500,46400,43384
252,2020-08-24,46400,47850,28364
253,2020-08-25,47850,48700,24587
254,2020-08-26,48900,48000,26337
255,2020-08-27,48500,46600,25456
256,2020-08-28,46750,46850,25741
257,2020-08-31,47050,47050,20986
258,2020-09-01,47800,46950,28414
259,2020-09-02,47100,47850,35482
260,2020-09-03,47850,48100,32427
261,2020-09-04,46150,46550,43967
262,2020-09-07,46550,47500,35261
263,2020-09-08,47300,47600,26646
264,2020-09-09,46750,47000,22975
265,2020-09-10,47900,46950,24282
266,2020-09-11,46750,46800,22850
267,2020-09-14,47000,48100,34305
268,2020-09-15,49600,48800,43352
269,2020-09-16,48300,48000,34161
270,2020-09-17,48150,47350,20317
271,2020-09-18,48050,48800,67879
272,2020-09-21,48900,47500,38346
273,2020-09-22,46800,46100,33951
274,2020-09-23,46250,45900,20146
275,2020-09-24,44900,44550,31980
276,2020-09-25,44600,45400,25926
277,2020-09-28,47100,46250,31040
278,2020-09-29,46300,47050,21286
279,2020-10-05,47050,46900,16537
280,2020-10-06,46900,46700,17724
281,2020-10-07,46700,46550,16771
282,2020-10-08,46650,46350,13306
283,2020-10-12,46500,46650,20414
284,2020-10-13,46900,46450,17429
285,2020-10-14,46400,45850,14139
286,2020-10-15,46000,44550,24755
287,2020-10-16,44500,44000,23234
288,2020-10-19,44000,43500,16328
289,2020-10-20,43500,43000,25505
290,2020-10-21,43100,43400,11187
291,2020-10-22,43400,42900,9274
292,2020-10-23,43400,42100,16954
293,2020-10-26,41850,40300,40178
294,2020-10-27,39600,40150,34678
295,2020-10-28,40150,41100,18617
296,2020-10-29,40400,43200,52594
297,2020-10-30,43200,43300,35842
298,2020-11-02,43300,43150,13369
299,2020-11-03,43650,43500,12826
