,date,open,close,volume
0,2019-08-16,956,950,344817
1,2019-08-19,976,977,269194
2,2019-08-20,969,1005,255975
3,2019-08-21,1010,1030,185612
4,2019-08-22,1055,1020,241542
5,2019-08-23,1010,1020,1935771
6,2019-08-26,991,943,479960
7,2019-08-27,955,977,214005
8,2019-08-28,967,981,147933
9,2019-08-29,990,985,212417
10,2019-08-30,1035,1020,172962
11,2019-09-02,1025,1035,109609
12,2019-09-03,1020,1070,1866508
13,2019-09-04,1055,1040,323400
14,2019-09-05,1050,1100,669194
15,2019-09-06,1105,1150,1250860
16,2019-09-09,1200,1105,1609065
17,2019-09-10,1100,1110,258561
18,2019-09-11,1110,1115,336958
19,2019-09-16,1115,1120,207501
20,2019-09-17,1120,1120,215241
21,2019-09-18,1120,1115,297613
22,2019-09-19,1120,1150,479486
23,2019-09-20,1165,1125,257884
24,2019-09-23,1135,1085,229794
25,2019-09-24,1085,1100,220855
26,2019-09-25,1080,1010,583855
27,2019-09-26,1025,1020,301059
28,2019-09-27,1020,1020,94432
29,2019-09-30,1015,1030,182101
30,2019-10-01,1020,1020,249320
31,2019-10-02,1015,1010,197933
32,2019-10-04,1030,1000,271365
33,2019-10-07,1015,961,317358
34,2019-10-08,995,1010,262557
35,2019-10-10,1015,999,127933
36,2019-10-11,999,1005,217828
37,2019-10-14,1010,1035,204383
38,2019-10-15,1020,1040,193848
39,2019-10-16,1045,1045,133874
40,2019-10-17,1045,1030,157730
41,2019-10-18,1030,1005,154933
42,2019-10-21,1005,1005,137533
43,2019-10-22,1000,1000,111317
44,2019-10-23,997,999,183522
45,2019-10-24,999,1000,149313
46,2019-10-25,993,988,157953
47,2019-10-28,996,999,158149
48,2019-10-29,999,1005,83850
49,2019-10-30,1010,1035,281301
50,2019-10-31,1040,1065,4402152
51,2019-11-01,1055,1035,741583
52,2019-11-04,1035,1030,1342517
53,2019-11-05,1035,1075,2107054
54,2019-11-06,1070,1065,490287
55,2019-11-07,1065,1050,415855
56,2019-11-08,1080,1065,1523489
57,2019-11-11,1060,1010,888435
58,2019-11-12,1020,999,814524
59,2019-11-13,995,998,398561
60,2019-11-14,1000,992,251489
61,2019-11-15,974,1000,339404
62,2019-11-18,1010,1020,400343
63,2019-11-19,1035,992,357904
64,2019-11-20,992,987,309087
65,2019-11-21,989,960,481174
66,2019-11-22,956,941,275678
67,2019-11-25,965,931,250847
68,2019-11-26,934,920,379466
69,2019-11-27,922,901,309859
70,2019-11-28,905,913,327850
71,2019-11-29,927,928,1496132
72,2019-12-02,939,915,205051
73,2019-12-03,907,907,213535
74,2019-12-04,901,885,195938
75,2019-12-05,885,871,322173
76,2019-12-06,867,893,122385
77,2019-12-09,898,880,103897
78,2019-12-10,871,881,71654
79,2019-12-11,881,891,358564
80,2019-12-12,894,907,162167
81,2019-12-13,907,939,346441
82,2019-12-16,938,951,128865
83,2019-12-17,958,945,93841
84,2019-12-18,945,942,93101
85,2019-12-19,942,933,152225
86,2019-12-20,933,933,52325
87,2019-12-23,933,918,122502
88,2019-12-24,906,883,193141
89,2019-12-26,869,896,209163
90,2019-12-27,898,898,126255
91,2019-12-30,899,918,140284
92,2020-01-02,908,944,310332
93,2020-01-03,949,931,99812
94,2020-01-06,913,900,127782
95,2020-01-07,900,930,204918
96,2020-01-08,930,895,385950
97,2020-01-09,900,916,200699
98,2020-01-10,907,932,204172
99,2020-01-13,928,975,2699386
100,2020-01-14,980,979,901139
101,2020-01-15,979,960,498380
102,2020-01-16,961,969,213371
103,2020-01-17,969,958,137236
104,2020-01-20,962,952,139948
105,2020-01-21,951,919,496912
106,2020-01-22,911,925,107679
107,2020-01-23,918,918,82578
108,2020-01-28,860,837,798573
109,2020-01-29,832,831,234820
110,2020-01-30,830,782,569104
111,2020-01-31,805,742,368110
112,2020-02-03,713,731,721667
113,2020-02-04,734,751,194246
114,2020-02-05,763,730,229875
115,2020-02-06,729,743,173532
116,2020-02-07,739,719,464712
117,2020-02-10,704,736,257651
118,2020-02-11,736,744,169993
119,2020-02-12,744,745,130083
120,2020-02-13,741,741,141909
121,2020-02-14,744,740,117802
122,2020-02-17,750,736,132941
123,2020-02-18,744,730,114155
124,2020-02-19,725,711,273809
125,2020-02-20,725,686,330180
126,2020-02-21,687,669,236422
127,2020-02-24,660,643,297251
128,2020-02-25,610,673,354808
129,2020-02-26,644,674,99166
130,2020-02-27,655,600,652084
131,2020-02-28,600,578,497073
132,2020-03-02,590,608,348707
133,2020-03-03,610,619,241071
134,2020-03-04,617,626,313501
135,2020-03-05,626,628,246765
136,2020-03-06,620,620,200241
137,2020-03-09,620,605,419604
138,2020-03-10,575,607,453524
139,2020-03-11,605,582,325015
140,2020-03-12,593,506,947818
141,2020-03-13,460,464,1120627
142,2020-03-16,464,432,566328
143,2020-03-17,353,450,1241130
144,2020-03-18,436,433,286126
145,2020-03-19,410,361,651955
146,2020-03-20,363,417,1100934
147,2020-03-23,380,423,418963
148,2020-03-24,435,431,508191
149,2020-03-25,445,479,578702
150,2020-03-26,495,500,392213
151,2020-03-27,500,512,331821
152,2020-03-30,510,512,156153
153,2020-03-31,513,540,232130
154,2020-04-01,546,540,207403
155,2020-04-02,545,548,161680
156,2020-04-03,548,545,174269
157,2020-04-06,565,556,117718
158,2020-04-07,576,575,128381
159,2020-04-08,589,590,279802
160,2020-04-09,602,591,222955
161,2020-04-10,618,580,228807
162,2020-04-13,580,564,162057
163,2020-04-14,564,565,121835
164,2020-04-16,565,570,72687
165,2020-04-17,576,579,380043
166,2020-04-20,604,580,251069
167,2020-04-21,588,555,289338
168,2020-04-22,536,553,148397
169,2020-04-23,570,553,81153
170,2020-04-24,545,522,207387
171,2020-04-27,540,523,183930
172,2020-04-28,524,524,155033
173,2020-04-29,518,520,280398
174,2020-05-04,530,502,257865
175,2020-05-06,527,504,176252
176,2020-05-07,526,515,222160
177,2020-05-08,529,518,232645
178,2020-05-11,525,525,260276
179,2020-05-12,525,517,335628
180,2020-05-13,515,508,129311
181,2020-05-14,507,486,210899
182,2020-05-15,488,485,92854
183,2020-05-18,498,492,155939
184,2020-05-19,500,506,198862
185,2020-05-20,508,505,117842
186,2020-05-21,505,513,285384
187,2020-05-22,513,506,154289
188,2020-05-25,506,500,102091
189,2020-05-26,508,502,120303
190,2020-05-27,505,500,175158
191,2020-05-28,510,492,233488
192,2020-05-29,499,491,62937
193,2020-06-01,493,494,65269
194,2020-06-02,494,497,83440
195,2020-06-03,500,494,102344
196,2020-06-04,500,500,204383
197,2020-06-05,501,551,6951206
198,2020-06-08,556,565,773351
199,2020-06-09,571,560,436032
200,2020-06-10,558,548,394871
201,2020-06-11,537,520,297268
202,2020-06-12,486,509,343578
203,2020-06-15,500,494,727760
204,2020-06-16,500,501,364183
205,2020-06-17,497,486,263340
206,2020-06-18,495,490,107049
207,2020-06-19,499,489,104886
208,2020-06-22,497,494,114424
209,2020-06-23,500,478,262095
210,2020-06-24,485,478,148721
211,2020-06-25,493,470,181014
212,2020-06-26,472,480,131594
213,2020-06-29,473,478,84316
214,2020-06-30,473,555,12907293
215,2020-07-01,555,501,3339670
216,2020-07-02,496,500,920430
217,2020-07-03,504,513,755380
218,2020-07-06,516,510,329084
219,2020-07-07,510,504,261434
220,2020-07-08,514,525,874005
221,2020-07-09,524,515,174714
222,2020-07-10,515,523,222918
223,2020-07-13,523,520,232574
224,2020-07-14,515,518,153843
225,2020-07-15,524,521,58353
226,2020-07-16,522,544,290742
227,2020-07-17,556,541,219939
228,2020-07-20,534,528,193587
229,2020-07-21,530,524,122811
230,2020-07-22,520,523,132784
231,2020-07-23,528,515,334411
232,2020-07-24,516,508,171268
233,2020-07-27,511,507,86803
234,2020-07-28,507,505,216456
235,2020-07-29,500,504,142121
236,2020-07-30,510,499,164099
237,2020-07-31,498,499,116352
238,2020-08-03,500,494,103539
239,2020-08-04,495,495,644544
240,2020-08-05,495,500,165996
241,2020-08-06,509,502,142818
242,2020-08-07,502,500,180915
243,2020-08-10,499,495,139140
244,2020-08-11,490,486,230343
245,2020-08-12,491,485,116412
246,2020-08-13,518,499,543076
247,2020-08-14,501,512,394064
248,2020-08-18,519,487,382946
249,2020-08-19,489,499,169052
250,2020-08-20,503,490,278135
251,2020-08-21,490,513,900975
252,2020-08-24,504,500,292236
253,2020-08-25,507,503,229748
254,2020-08-26,515,516,547029
255,2020-08-27,530,508,163849
256,2020-08-28,508,505,308616
257,2020-08-31,500,510,108076
258,2020-09-01,510,505,148732
259,2020-09-02,511,502,155407
260,2020-09-03,507,500,280382
261,2020-09-04,496,493,243534
262,2020-09-07,490,485,376162
263,2020-09-08,485,481,535904
264,2020-09-09,482,473,224867
265,2020-09-10,474,465,750687
266,2020-09-11,465,450,687107
267,2020-09-14,451,465,207442
268,2020-09-15,469,461,128802
269,2020-09-16,462,455,187644
270,2020-09-17,455,439,446709
271,2020-09-18,435,421,598270
272,2020-09-21,427,396,751499
273,2020-09-22,390,380,441731
274,2020-09-23,383,385,346621
275,2020-09-24,383,387,218436
276,2020-09-25,400,397,102637
277,2020-09-28,408,421,334789
278,2020-09-29,421,425,162738
279,2020-10-05,425,425,50036
280,2020-10-06,425,420,79082
281,2020-10-07,418,417,82111
282,2020-10-08,417,410,171267
283,2020-10-12,410,415,38679
284,2020-10-13,420,417,69383
285,2020-10-14,429,421,345410
286,2020-10-15,421,405,186585
287,2020-10-16,400,395,172921
288,2020-10-19,395,385,150522
289,2020-10-20,385,393,162275
290,2020-10-21,400,406,387501
291,2020-10-22,406,415,188849
292,2020-10-23,413,408,132354
293,2020-10-26,413,392,109367
294,2020-10-27,392,388,95075
295,2020-10-28,387,394,80499
296,2020-10-29,393,403,319450
297,2020-10-30,413,391,149029
298,2020-11-02,389,396,76967
299,2020-11-03,392,397,229541
