,date,open,close,volume
0,2019-08-16,2650,2760,200806
1,2019-08-19,2750,2765,195244
2,2019-08-20,2740,2815,96135
3,2019-08-21,2815,2815,102709
4,2019-08-22,2805,2800,139596
5,2019-08-23,2745,2770,62823
6,2019-08-26,2700,2630,191592
7,2019-08-27,2670,2675,73855
8,2019-08-28,2645,2670,103458
9,2019-08-29,2700,2655,53338
10,2019-08-30,2675,2735,97339
11,2019-09-02,2710,2775,115405
12,2019-09-03,2795,2800,137492
13,2019-09-04,2775,2930,416373
14,2019-09-05,2950,2940,140720
15,2019-09-06,2950,2930,190568
16,2019-09-09,2895,2950,113399
17,2019-09-10,2910,2950,122997
18,2019-09-11,2920,2975,73070
19,2019-09-16,2980,2970,78218
20,2019-09-17,2935,2960,117238
21,2019-09-18,2955,2965,81953
22,2019-09-19,2965,2945,150450
23,2019-09-20,2970,2890,362494
24,2019-09-23,2870,2900,168947
25,2019-09-24,2920,2875,127790
26,2019-09-25,2860,2870,102873
27,2019-09-26,2875,2855,92257
28,2019-09-27,2850,2825,95744
29,2019-09-30,2800,2725,142003
30,2019-10-01,2705,2730,60193
31,2019-10-02,2735,2750,53600
32,2019-10-04,2715,2750,95133
33,2019-10-07,2710,2710,119950
34,2019-10-08,2685,2750,94034
35,2019-10-10,2780,2740,51076
36,2019-10-11,2745,2740,67363
37,2019-10-14,2765,2735,99849
38,2019-10-15,2720,2835,153625
39,2019-10-16,2835,2840,90312
40,2019-10-17,2840,2820,76108
41,2019-10-18,2825,2815,71868
42,2019-10-21,2765,2785,72221
43,2019-10-22,2800,2740,87595
44,2019-10-23,2740,2675,139413
45,2019-10-24,2670,2685,114993
46,2019-10-25,2670,2705,72726
47,2019-10-28,2700,2715,76779
48,2019-10-29,2720,2695,64954
49,2019-10-30,2725,2705,76657
50,2019-10-31,2705,2700,52254
51,2019-11-01,2720,2685,84968
52,2019-11-04,2680,2715,78447
53,2019-11-05,2715,2715,72934
54,2019-11-06,2745,2740,95425
55,2019-11-07,2730,2765,223408
56,2019-11-08,2765,2720,168192
57,2019-11-11,2750,2745,90536
58,2019-11-12,2750,2775,77019
59,2019-11-13,2850,2850,491414
60,2019-11-14,2970,2895,475377
61,2019-11-15,2890,2880,213964
62,2019-11-18,2895,2920,231982
63,2019-11-19,2885,2840,211127
64,2019-11-20,2840,2765,148298
65,2019-11-21,2770,2700,349282
66,2019-11-22,2750,2700,97266
67,2019-11-25,2700,2865,441254
68,2019-11-26,2850,2875,135022
69,2019-11-27,2905,2875,178632
70,2019-11-28,2900,2795,135179
71,2019-11-29,2855,2780,259965
72,2019-12-02,2780,2855,187536
73,2019-12-03,2850,2835,138714
74,2019-12-04,2835,2805,244461
75,2019-12-05,2960,2740,697465
76,2019-12-06,2765,2735,106906
77,2019-12-09,2750,2825,210004
78,2019-12-10,2865,2805,140411
79,2019-12-11,2805,2770,75234
80,2019-12-12,2755,2775,146140
81,2019-12-13,2785,2830,165387
82,2019-12-16,2830,2865,152681
83,2019-12-17,2845,2865,131567
84,2019-12-18,2875,2840,164045
85,2019-12-19,2840,2820,78526
86,2019-12-20,2810,2815,190992
87,2019-12-23,2840,2730,223659
88,2019-12-24,2730,2735,162331
89,2019-12-26,2725,2760,103445
90,2019-12-27,2760,2815,160946
91,2019-12-30,2845,2825,151690
92,2020-01-02,2840,2905,384600
93,2020-01-03,2905,2895,212305
94,2020-01-06,2865,2890,209163
95,2020-01-07,2915,3145,4295758
96,2020-01-08,3115,3110,1275272
97,2020-01-09,3200,3300,1662765
98,2020-01-10,3330,3200,911143
99,2020-01-13,3220,3205,249995
100,2020-01-14,3215,3220,282812
101,2020-01-15,3220,3210,614677
102,2020-01-16,3200,3180,249834
103,2020-01-17,3185,3370,1005851
104,2020-01-20,3410,3290,610983
105,2020-01-21,3280,3275,365736
106,2020-01-22,3240,3280,305806
107,2020-01-23,3255,3235,364279
108,2020-01-28,3020,3085,415716
109,2020-01-29,3085,3080,170179
110,2020-01-30,3080,3040,257409
111,2020-01-31,3025,2890,315870
112,2020-02-03,2810,2895,216280
113,2020-02-04,2870,2950,223820
114,2020-02-05,2985,2945,170800
115,2020-02-06,2970,2980,143294
116,2020-02-07,2980,2970,102112
117,2020-02-10,2970,2920,127339
118,2020-02-11,2925,2945,176372
119,2020-02-12,2950,3255,725146
120,2020-02-13,3200,3170,447022
121,2020-02-14,3170,3255,461996
122,2020-02-17,3300,3540,1449059
123,2020-02-18,3525,3610,1095415
124,2020-02-19,3560,3665,1181886
125,2020-02-20,3685,3655,617903
126,2020-02-21,3510,3610,544214
127,2020-02-24,3550,3640,720021
128,2020-02-25,3700,3680,777962
129,2020-02-26,3590,3730,609760
130,2020-02-27,3735,3620,735786
131,2020-02-28,3605,3465,748180
132,2020-03-02,3470,3435,515795
133,2020-03-03,3510,3350,514988
134,2020-03-04,3335,3615,620049
135,2020-03-05,3675,3530,728540
136,2020-03-06,3490,3370,492612
137,2020-03-09,3275,3050,724786
138,2020-03-10,2980,3100,559674
139,2020-03-11,3115,2915,516961
140,2020-03-12,2885,2720,852221
141,2020-03-13,2405,2500,1092492
142,2020-03-16,2520,2300,577329
143,2020-03-17,2200,2305,531065
144,2020-03-18,2315,2140,438953
145,2020-03-19,2200,1820,664635
146,2020-03-20,1820,2015,519571
147,2020-03-23,1900,1825,356191
148,2020-03-24,1865,1950,393611
149,2020-03-25,2005,2090,545383
150,2020-03-26,2100,2140,789682
151,2020-03-27,2250,2275,2121634
152,2020-03-30,2210,2360,1113519
153,2020-03-31,2440,2415,1039917
154,2020-04-01,2415,2375,988421
155,2020-04-02,2380,2490,635639
156,2020-04-03,2520,2470,484350
157,2020-04-06,2475,2565,520890
158,2020-04-07,2625,2635,840910
159,2020-04-08,2620,2640,589351
160,2020-04-09,2710,2715,588536
161,2020-04-10,2750,2690,612596
162,2020-04-13,2690,2590,321612
163,2020-04-14,2590,2695,394210
164,2020-04-16,2690,2825,723544
165,2020-04-17,2925,2980,893658
166,2020-04-20,2975,3185,935390
167,2020-04-21,3295,3185,1276215
168,2020-04-22,3130,3150,580390
169,2020-04-23,3450,3280,1898730
170,2020-04-24,3260,3240,629028
171,2020-04-27,3310,3520,1769379
172,2020-04-28,3500,3510,907200
173,2020-04-29,3570,3485,781820
174,2020-05-04,3410,3495,779748
175,2020-05-06,3530,3525,470160
176,2020-05-07,3555,3590,795256
177,2020-05-08,3670,3730,990154
178,2020-05-11,3950,3940,4769712
179,2020-05-12,3910,3950,1172146
180,2020-05-13,3870,3930,797056
181,2020-05-14,3940,3945,1472947
182,2020-05-15,3990,3930,818119
183,2020-05-18,3940,3935,755425
184,2020-05-19,3995,3840,714952
185,2020-05-20,3860,3900,726797
186,2020-05-21,3915,3940,1433320
187,2020-05-22,3990,3810,967958
188,2020-05-25,3810,3885,518717
189,2020-05-26,3890,3825,602909
190,2020-05-27,3825,3720,1070625
191,2020-05-28,3720,3590,982182
192,2020-05-29,3540,3465,774218
193,2020-06-01,3510,3590,638742
194,2020-06-02,3635,3585,405616
195,2020-06-03,3595,3465,715866
196,2020-06-04,3530,3470,318076
197,2020-06-05,3475,3480,303436
198,2020-06-08,3510,3420,287943
199,2020-06-09,3410,3330,480085
200,2020-06-10,3330,3570,5780683
201,2020-06-11,3540,3485,572415
202,2020-06-12,3290,3390,603735
203,2020-06-15,3340,3085,796894
204,2020-06-16,3160,3305,549583
205,2020-06-17,3305,3245,338827
206,2020-06-18,3230,3305,323369
207,2020-06-19,3395,3290,350094
208,2020-06-22,3290,3220,250420
209,2020-06-23,3235,3245,335807
210,2020-06-24,3280,3360,514006
211,2020-06-25,3320,3335,365720
212,2020-06-26,3340,3445,4203919
213,2020-06-29,3400,3615,1861103
214,2020-06-30,3660,3505,708230
215,2020-07-01,3550,3395,556311
216,2020-07-02,3445,3420,256617
217,2020-07-03,3415,3390,347672
218,2020-07-06,3450,3660,5171762
219,2020-07-07,3625,3575,936216
220,2020-07-08,3550,3610,710403
221,2020-07-09,3640,3830,5713832
222,2020-07-10,4030,3875,8328192
223,2020-07-13,4015,3940,1857538
224,2020-07-14,4005,4355,29408404
225,2020-07-15,4385,4575,6074383
226,2020-07-16,4555,4380,2569020
227,2020-07-17,4320,4285,1896467
228,2020-07-20,4285,4400,2713527
229,2020-07-21,4405,4265,1226495
230,2020-07-22,4250,4105,1797571
231,2020-07-23,4100,4050,1173840
232,2020-07-24,4005,3925,1391909
233,2020-07-27,3935,4085,891348
234,2020-07-28,4085,4030,934963
235,2020-07-29,4005,4030,681679
236,2020-07-30,4050,3975,586317
237,2020-07-31,3965,3925,550197
238,2020-08-03,3925,4045,1430458
239,2020-08-04,4080,4020,737752
240,2020-08-05,4040,3960,716355
241,2020-08-06,4010,3905,873415
242,2020-08-07,3865,4000,1308616
243,2020-08-10,3960,3905,544444
244,2020-08-11,3910,3975,919848
245,2020-08-12,3910,3870,523992
246,2020-08-13,3900,3945,874582
247,2020-08-14,3960,3740,1513717
248,2020-08-18,3730,3450,1308554
249,2020-08-19,3425,3520,750208
250,2020-08-20,3515,3345,956998
251,2020-08-21,3375,3315,540799
252,2020-08-24,3260,3410,761527
253,2020-08-25,3405,3475,450341
254,2020-08-26,3545,3610,1709461
255,2020-08-27,3660,3635,1049167
256,2020-08-28,3645,3700,731907
257,2020-08-31,3710,3785,2482068
258,2020-09-01,3790,3810,817960
259,2020-09-02,3820,3775,596708
260,2020-09-03,3845,3740,705880
261,2020-09-04,3510,3600,943914
262,2020-09-07,3640,3730,1175968
263,2020-09-08,3805,3890,5685772
264,2020-09-09,3840,4055,2261667
265,2020-09-10,4120,3995,1635477
266,2020-09-11,4010,4095,2807591
267,2020-09-14,4130,4055,896144
268,2020-09-15,4060,4135,3609532
269,2020-09-16,4155,4080,1466054
270,2020-09-17,4170,3915,1117204
271,2020-09-18,3865,3850,909671
272,2020-09-21,3865,3670,994475
273,2020-09-22,3625,3600,591465
274,2020-09-23,3695,3620,360924
275,2020-09-24,3590,3550,977804
276,2020-09-25,3590,3540,285972
277,2020-09-28,3620,3660,429374
278,2020-09-29,3710,3655,340508
279,2020-10-05,3655,3715,284018
280,2020-10-06,3775,3725,305113
281,2020-10-07,3720,3730,219455
282,2020-10-08,3790,3730,334351
283,2020-10-12,3785,3890,753989
284,2020-10-13,3885,3855,539211
285,2020-10-14,3855,3950,1187463
286,2020-10-15,3950,3945,1977066
287,2020-10-16,3955,3905,501680
288,2020-10-19,3885,3880,485106
289,2020-10-20,3750,3840,587105
290,2020-10-21,3830,4025,1354380
291,2020-10-22,4050,3960,1473751
292,2020-10-23,4000,3855,833942
293,2020-10-26,3835,3660,769228
294,2020-10-27,3600,3525,740224
295,2020-10-28,3500,3595,397094
296,2020-10-29,3485,3525,368355
297,2020-10-30,3535,3680,1521037
298,2020-11-02,3700,3695,362283
299,2020-11-03,3700,3690,332007
