,date,open,close,volume
0,2019-08-16,10000,10000,889
1,2019-08-19,9710,9990,512
2,2019-08-20,10000,9900,169
3,2019-08-21,10100,10000,2168
4,2019-08-22,9500,9600,2865
5,2019-08-23,9770,9890,2184
6,2019-08-26,9880,9700,1674
7,2019-08-27,10000,9700,130
8,2019-08-28,9900,9600,13985
9,2019-08-29,9200,9280,6561
10,2019-08-30,9300,9180,1476
11,2019-09-02,9200,8500,17039
12,2019-09-03,8590,8360,6568
13,2019-09-04,8360,8200,9838
14,2019-09-05,8250,8250,5952
15,2019-09-06,8300,7980,7930
16,2019-09-09,8000,7990,1112
17,2019-09-10,8200,8150,4604
18,2019-09-11,8200,8320,4233
19,2019-09-16,8650,8400,13119
20,2019-09-17,8600,8220,4666
21,2019-09-18,8390,8170,5092
22,2019-09-19,8330,8100,786
23,2019-09-20,8240,8150,2501
24,2019-09-23,8290,8060,6243
25,2019-09-24,8200,8000,490
26,2019-09-25,8190,7970,1722
27,2019-09-26,7940,7960,1938
28,2019-09-27,7990,8000,5767
29,2019-09-30,8200,8200,3193
30,2019-10-01,8400,8290,2519
31,2019-10-02,8200,8190,6904
32,2019-10-04,8400,8140,1769
33,2019-10-07,8400,8180,12711
34,2019-10-08,8190,8220,11486
35,2019-10-10,8340,8080,7337
36,2019-10-11,8200,8070,229
37,2019-10-14,8600,8090,658
38,2019-10-15,8090,7990,3688
39,2019-10-16,8200,7950,1316
40,2019-10-17,8500,8050,15561
41,2019-10-18,8050,8100,21795
42,2019-10-21,8020,8170,11101
43,2019-10-22,8000,8080,6908
44,2019-10-23,8000,8000,5245
45,2019-10-24,7990,7940,3170
46,2019-10-25,7800,7850,3239
47,2019-10-28,9020,7790,476
48,2019-10-29,8000,7800,2323
49,2019-10-30,7780,7800,3754
50,2019-10-31,7730,7970,5693
51,2019-11-01,8200,8750,5940
52,2019-11-04,8800,9700,10871
53,2019-11-05,9700,9550,13232
54,2019-11-06,9600,10000,4505
55,2019-11-07,10000,9600,57033
56,2019-11-08,9600,9400,3837
57,2019-11-11,9400,9380,4700
58,2019-11-12,9380,9200,3348
59,2019-11-13,9190,9160,97
60,2019-11-14,9180,9290,6019
61,2019-11-15,9400,9190,1129
62,2019-11-18,9000,9160,1124
63,2019-11-19,8850,8900,3754
64,2019-11-20,8900,8920,1223
65,2019-11-21,9000,8360,5746
66,2019-11-22,8500,8400,2676
67,2019-11-25,9000,8210,3382
68,2019-11-26,8350,8100,19001
69,2019-11-27,8600,8250,3318
70,2019-11-28,8100,8080,9369
71,2019-11-29,7830,8000,8250
72,2019-12-02,8100,7890,1923
73,2019-12-03,7890,7900,9803
74,2019-12-04,7890,7940,9028
75,2019-12-05,8600,7850,3128
76,2019-12-06,8000,7660,7286
77,2019-12-09,8000,7940,5970
78,2019-12-10,7960,7880,2431
79,2019-12-11,7990,7850,2257
80,2019-12-12,7850,7710,13804
81,2019-12-13,7980,7900,14106
82,2019-12-16,7970,7610,12757
83,2019-12-17,7540,7670,5679
84,2019-12-18,7550,7930,9943
85,2019-12-19,7800,8270,14734
86,2019-12-20,8300,8290,695
87,2019-12-23,8600,8170,4803
88,2019-12-24,7910,7950,5826
89,2019-12-26,7700,8280,90723
90,2019-12-27,8280,7960,5575
91,2019-12-30,7990,7970,46
92,2020-01-02,8000,8700,17332
93,2020-01-03,8800,8210,6647
94,2020-01-06,8580,8380,6150
95,2020-01-07,8000,8240,2544
96,2020-01-08,8190,8080,2062
97,2020-01-09,8390,8150,1532
98,2020-01-10,8120,8200,3168
99,2020-01-13,8400,8600,889
100,2020-01-14,8590,8680,5375
101,2020-01-15,8700,8800,1402
102,2020-01-16,8600,8790,447
103,2020-01-17,8800,9400,417
104,2020-01-20,9400,9590,6322
105,2020-01-21,9200,9330,4108
106,2020-01-22,9330,9190,4470
107,2020-01-23,9400,9200,1158
108,2020-01-28,9000,9090,6299
109,2020-01-29,9000,8900,1318
110,2020-01-30,9000,9000,8367
111,2020-01-31,9000,8490,7327
112,2020-02-03,8540,8350,8188
113,2020-02-04,8350,8420,2281
114,2020-02-05,8400,8360,4465
115,2020-02-06,8300,8330,7325
116,2020-02-07,8800,8720,8229
117,2020-02-10,8720,8360,10789
118,2020-02-11,8600,8160,4131
119,2020-02-12,8400,8100,9423
120,2020-02-13,8640,8500,15723
121,2020-02-14,8580,8730,1838
122,2020-02-17,9200,8610,1180
123,2020-02-18,8790,8640,1766
124,2020-02-19,8800,8300,2539
125,2020-02-20,8300,8480,2436
126,2020-02-21,8600,8230,2679
127,2020-02-24,8000,8030,6540
128,2020-02-25,8000,8270,1436
129,2020-02-26,8260,7950,1973
130,2020-02-27,8190,7870,1683
131,2020-02-28,7010,7780,3258
132,2020-03-02,7780,7800,4328
133,2020-03-03,7800,8480,3563
134,2020-03-04,8650,8500,2338
135,2020-03-05,8020,8470,1136
136,2020-03-06,8460,8450,621
137,2020-03-09,8600,8430,2910
138,2020-03-10,8430,8690,7481
139,2020-03-11,8410,8500,6608
140,2020-03-12,9500,8400,3234
141,2020-03-13,8500,7540,15168
142,2020-03-16,7600,7680,2974
143,2020-03-17,7200,7800,1308
144,2020-03-18,7800,7780,4566
145,2020-03-19,7800,7570,6457
146,2020-03-20,7980,7670,430
147,2020-03-23,7790,7470,2905
148,2020-03-24,7600,7400,560
149,2020-03-25,7400,7300,3704
150,2020-03-26,7280,7180,5500
151,2020-03-27,7400,7190,3974
152,2020-03-30,7200,6980,6769
153,2020-03-31,7000,7040,8403
154,2020-04-01,7200,7050,3665
155,2020-04-02,6800,7090,1053
156,2020-04-03,7200,7200,961
157,2020-04-06,6830,7050,2413
158,2020-04-07,7190,7080,8366
159,2020-04-08,7190,6730,11284
160,2020-04-09,6990,6760,6743
161,2020-04-10,6980,6770,3643
162,2020-04-13,6970,6950,9232
163,2020-04-14,6950,6890,2147
164,2020-04-16,7000,6940,2299
165,2020-04-17,7200,6940,2859
166,2020-04-20,6940,7030,1535
167,2020-04-21,6910,6920,4345
168,2020-04-22,6980,6950,6057
169,2020-04-23,6950,6950,3847
170,2020-04-24,7000,6990,579
171,2020-04-27,7000,6870,7296
172,2020-04-28,6990,6680,16391
173,2020-04-29,6980,6610,2380
174,2020-05-04,6700,6800,12053
175,2020-05-06,7000,6720,1916
176,2020-05-07,6800,6650,3671
177,2020-05-08,6800,6650,10579
178,2020-05-11,6790,6960,2594
179,2020-05-12,6620,6790,2630
180,2020-05-13,6790,6850,926
181,2020-05-14,6900,7000,3371
182,2020-05-15,7000,6800,5093
183,2020-05-18,6900,6900,563
184,2020-05-19,6760,6900,3045
185,2020-05-20,6900,7790,15324
186,2020-05-21,7800,8000,7443
187,2020-05-22,8000,7940,5416
188,2020-05-25,7660,7880,6248
189,2020-05-26,8000,7690,5623
190,2020-05-27,8470,7940,1528
191,2020-05-28,8050,7630,2730
192,2020-05-29,7980,7980,2144
193,2020-06-01,7980,7900,2296
194,2020-06-02,7900,7990,3103
195,2020-06-03,7990,8090,3997
196,2020-06-04,7880,8190,5685
197,2020-06-05,8100,8480,9079
198,2020-06-08,9000,8570,2195
199,2020-06-09,8800,8480,8485
200,2020-06-10,8480,9200,18576
201,2020-06-11,9400,9300,51829
202,2020-06-12,8900,9480,9688
203,2020-06-15,10600,8990,11405
204,2020-06-16,9200,9440,12360
205,2020-06-17,9400,9830,9731
206,2020-06-18,10900,10800,16901
207,2020-06-19,10950,11950,19106
208,2020-06-22,11950,12400,29145
209,2020-06-23,12100,12400,7274
210,2020-06-24,12450,12050,8659
211,2020-06-25,12000,11900,13584
212,2020-06-26,11900,11950,8578
213,2020-06-29,11300,11500,3927
214,2020-06-30,11400,11250,6419
215,2020-07-01,11200,10700,8595
216,2020-07-02,10100,10900,3321
217,2020-07-03,10850,10950,3212
218,2020-07-06,11350,10950,5752
219,2020-07-07,10700,11200,92194
220,2020-07-08,11900,11250,2366
221,2020-07-09,11500,11100,7354
222,2020-07-10,11200,11150,464
223,2020-07-13,10850,11150,3067
224,2020-07-14,11450,10700,7020
225,2020-07-15,11100,11100,11242
226,2020-07-16,11500,12050,20490
227,2020-07-17,12400,12450,14526
228,2020-07-20,12550,13150,39249
229,2020-07-21,13800,15000,69331
230,2020-07-22,16200,16100,30951
231,2020-07-23,15950,16000,38845
232,2020-07-24,16500,15850,18316
233,2020-07-27,16000,15750,21040
234,2020-07-28,15900,15000,16223
235,2020-07-29,15350,14700,9050
236,2020-07-30,14900,14000,16919
237,2020-07-31,14350,14350,7429
238,2020-08-03,14500,15000,24073
239,2020-08-04,15000,15050,11520
240,2020-08-05,15250,15750,26101
241,2020-08-06,16000,15650,13669
242,2020-08-07,15650,15350,14425
243,2020-08-10,15100,14850,14903
244,2020-08-11,14750,15200,9737
245,2020-08-12,15400,14900,17996
246,2020-08-13,15000,15200,8231
247,2020-08-14,15250,15300,15456
248,2020-08-18,15450,15900,46979
249,2020-08-19,16100,15900,29001
250,2020-08-20,15600,15600,11439
251,2020-08-21,15800,15450,9697
252,2020-08-24,15450,15200,15181
253,2020-08-25,15500,15100,9232
254,2020-08-26,15250,15700,9657
255,2020-08-27,16000,15650,10214
256,2020-08-28,15900,15300,14628
257,2020-08-31,15400,15400,8479
258,2020-09-01,15500,15400,13871
259,2020-09-02,15450,15350,12409
260,2020-09-03,15350,15500,23173
261,2020-09-04,15050,15750,32686
262,2020-09-07,15750,15950,31324
263,2020-09-08,15950,17300,107212
264,2020-09-09,17950,18000,67280
265,2020-09-10,17800,17700,50474
266,2020-09-11,17700,17950,25649
267,2020-09-14,18950,18200,25271
268,2020-09-15,18900,18250,18996
269,2020-09-16,18500,18150,26893
270,2020-09-17,18400,18000,16876
271,2020-09-18,17950,17900,7850
272,2020-09-21,18000,17550,20733
273,2020-09-22,17550,17750,15340
274,2020-09-23,17550,17650,27029
275,2020-09-24,17900,17300,16423
276,2020-09-25,17450,17000,6841
277,2020-09-28,17450,17300,13878
278,2020-09-29,17400,17250,25242
279,2020-10-05,17300,17000,14531
280,2020-10-06,17000,17300,36863
281,2020-10-07,17200,16950,8177
282,2020-10-08,17200,16850,7913
283,2020-10-12,16850,16700,20581
284,2020-10-13,16700,16750,8666
285,2020-10-14,16900,16100,16879
286,2020-10-15,16300,16000,11360
287,2020-10-16,16000,16500,20008
288,2020-10-19,15800,15800,14952
289,2020-10-20,16000,15100,17680
290,2020-10-21,15400,15300,19288
291,2020-10-22,15300,15200,15601
292,2020-10-23,15400,14900,6419
293,2020-10-26,14950,15100,27363
294,2020-10-27,15100,15300,21306
295,2020-10-28,15550,16200,26565
296,2020-10-29,16200,16500,19579
297,2020-10-30,16050,16450,10155
298,2020-11-02,17000,16650,6835
299,2020-11-03,16900,16000,22871
