,date,open,close,volume
0,2019-08-16,11900,12000,23138
1,2019-08-19,11900,11850,8581
2,2019-08-20,11900,12200,9336
3,2019-08-21,12300,12350,7408
4,2019-08-22,12400,12400,8407
5,2019-08-23,12400,12050,15297
6,2019-08-26,11800,11750,20922
7,2019-08-27,11800,11900,8291
8,2019-08-28,11950,11900,6072
9,2019-08-29,11900,11850,6833
10,2019-08-30,11950,12050,15467
11,2019-09-02,12300,12150,5358
12,2019-09-03,12150,12250,8765
13,2019-09-04,12300,12800,28780
14,2019-09-05,12900,12750,15584
15,2019-09-06,12950,12750,8912
16,2019-09-09,12950,12500,4863
17,2019-09-10,12500,12450,5979
18,2019-09-11,12400,12500,9039
19,2019-09-16,12500,12500,6452
20,2019-09-17,12500,12600,11916
21,2019-09-18,12800,12450,21818
22,2019-09-19,12450,12000,29444
23,2019-09-20,12100,12300,10800
24,2019-09-23,12150,12150,10116
25,2019-09-24,12100,12400,10928
26,2019-09-25,12400,12000,11565
27,2019-09-26,12000,12000,10218
28,2019-09-27,11950,12100,11076
29,2019-09-30,12100,11900,14678
30,2019-10-01,11750,12000,5153
31,2019-10-02,11800,11700,6484
32,2019-10-04,11750,12350,189517
33,2019-10-07,12400,12200,16446
34,2019-10-08,12000,12300,12553
35,2019-10-10,12300,12200,8347
36,2019-10-11,12150,12100,9493
37,2019-10-14,11900,11950,22151
38,2019-10-15,11950,12200,14416
39,2019-10-16,12250,12200,15765
40,2019-10-17,12200,12050,5962
41,2019-10-18,12050,12050,3931
42,2019-10-21,12150,12000,7194
43,2019-10-22,11950,12050,11051
44,2019-10-23,11950,11900,5477
45,2019-10-24,11900,11900,9246
46,2019-10-25,11850,11600,8879
47,2019-10-28,11700,11950,3501
48,2019-10-29,11900,12000,4755
49,2019-10-30,12000,12200,16932
50,2019-10-31,12200,12050,10794
51,2019-11-01,12050,12200,6063
52,2019-11-04,12200,12150,4930
53,2019-11-05,12050,11900,9362
54,2019-11-06,11900,12150,19775
55,2019-11-07,12150,12000,4529
56,2019-11-08,11850,11950,7705
57,2019-11-11,12050,12000,5988
58,2019-11-12,12050,11950,5921
59,2019-11-13,11900,11900,7076
60,2019-11-14,11900,11800,9887
61,2019-11-15,11700,11700,21916
62,2019-11-18,11500,11250,87965
63,2019-11-19,11250,10950,26146
64,2019-11-20,11150,10750,16862
65,2019-11-21,10600,10800,21016
66,2019-11-22,10800,10600,21566
67,2019-11-25,10550,10900,10573
68,2019-11-26,11000,10950,9779
69,2019-11-27,10950,10850,5188
70,2019-11-28,10950,10700,4800
71,2019-11-29,10750,10700,13417
72,2019-12-02,10750,10350,8141
73,2019-12-03,10350,10200,6167
74,2019-12-04,10050,9850,45685
75,2019-12-05,9900,10400,22287
76,2019-12-06,10400,10350,21993
77,2019-12-09,10350,11000,59586
78,2019-12-10,11000,11150,19363
79,2019-12-11,11100,10700,10390
80,2019-12-12,10700,10950,7504
81,2019-12-13,11100,10650,25696
82,2019-12-16,10500,10800,35202
83,2019-12-17,10800,11050,53014
84,2019-12-18,10900,9840,396693
85,2019-12-19,9780,9010,268773
86,2019-12-20,9010,9160,118210
87,2019-12-23,9390,9360,50707
88,2019-12-24,9270,9350,32771
89,2019-12-26,9410,9410,13488
90,2019-12-27,9450,9720,37400
91,2019-12-30,9700,9350,193016
92,2020-01-02,9480,8940,218850
93,2020-01-03,9040,8640,304541
94,2020-01-06,8590,8710,82208
95,2020-01-07,8620,8750,42582
96,2020-01-08,8680,8340,98706
97,2020-01-09,8640,8640,62321
98,2020-01-10,8640,9450,242790
99,2020-01-13,12250,11150,6233457
100,2020-01-14,11200,10400,1060436
101,2020-01-15,10200,10600,437080
102,2020-01-16,10600,10900,355195
103,2020-01-17,10850,10850,180017
104,2020-01-20,10800,10250,197686
105,2020-01-21,10200,10400,133824
106,2020-01-22,10350,10600,171865
107,2020-01-23,10600,10750,121061
108,2020-01-28,10100,10150,157845
109,2020-01-29,10350,10100,60663
110,2020-01-30,10050,9530,159542
111,2020-01-31,9530,9270,82696
112,2020-02-03,9000,9830,202493
113,2020-02-04,9770,10050,77515
114,2020-02-05,10100,9920,53275
115,2020-02-06,9920,10050,51993
116,2020-02-07,10150,9980,42314
117,2020-02-10,10150,10200,45185
118,2020-02-11,10350,10350,86738
119,2020-02-12,10450,10850,269096
120,2020-02-13,11250,10650,234206
121,2020-02-14,10700,10700,79144
122,2020-02-17,10850,11400,310249
123,2020-02-18,11450,11150,137451
124,2020-02-19,11350,11300,134782
125,2020-02-20,11250,11000,91675
126,2020-02-21,10900,10700,130318
127,2020-02-24,10250,10250,85806
128,2020-02-25,10150,10450,52932
129,2020-02-26,10100,10400,67032
130,2020-02-27,10700,10400,314867
131,2020-02-28,10050,9700,172043
132,2020-03-02,9700,10100,58994
133,2020-03-03,10350,9970,79706
134,2020-03-04,9970,10250,34895
135,2020-03-05,10350,10300,28231
136,2020-03-06,10250,10050,60512
137,2020-03-09,10000,9610,69072
138,2020-03-10,9410,9800,54907
139,2020-03-11,9800,9550,67031
140,2020-03-12,9290,8710,192788
141,2020-03-13,7800,8000,266841
142,2020-03-16,7800,7100,209373
143,2020-03-17,6380,6730,247975
144,2020-03-18,6790,6190,245530
145,2020-03-19,6190,4890,355013
146,2020-03-20,4900,5520,192720
147,2020-03-23,5180,5300,89400
148,2020-03-24,5360,6150,122853
149,2020-03-25,6560,6500,134938
150,2020-03-26,6550,6730,132639
151,2020-03-27,6920,6800,99169
152,2020-03-30,6720,7020,75130
153,2020-03-31,7210,7400,93576
154,2020-04-01,7440,7570,104945
155,2020-04-02,7610,7910,74309
156,2020-04-03,7910,8230,80196
157,2020-04-06,8520,8330,65706
158,2020-04-07,10000,9270,1939524
159,2020-04-08,8930,9220,409203
160,2020-04-09,9810,9600,464290
161,2020-04-10,9600,9470,153191
162,2020-04-13,9500,8810,157625
163,2020-04-14,8890,9200,99626
164,2020-04-16,9130,9490,105840
165,2020-04-17,9620,9380,97029
166,2020-04-20,9420,9380,72755
167,2020-04-21,9280,9140,130976
168,2020-04-22,9070,9170,54810
169,2020-04-23,9360,9420,112439
170,2020-04-24,9230,9490,156859
171,2020-04-27,9550,9260,95338
172,2020-04-28,9390,9350,53101
173,2020-04-29,9350,9440,64378
174,2020-05-04,9390,9340,55776
175,2020-05-06,9350,9650,118904
176,2020-05-07,9650,10000,296185
177,2020-05-08,10250,10150,116759
178,2020-05-11,10150,10500,258882
179,2020-05-12,10500,10550,225656
180,2020-05-13,10500,10400,72752
181,2020-05-14,10700,10250,91801
182,2020-05-15,10300,9990,69874
183,2020-05-18,10100,10300,98145
184,2020-05-19,10400,10300,68615
185,2020-05-20,10300,10700,188791
186,2020-05-21,10900,11300,252881
187,2020-05-22,11450,10750,189523
188,2020-05-25,10750,10750,77341
189,2020-05-26,10800,10700,100137
190,2020-05-27,10800,11350,535651
191,2020-05-28,11350,10650,186126
192,2020-05-29,10650,10600,91909
193,2020-06-01,10600,11150,146790
194,2020-06-02,11050,11000,68592
195,2020-06-03,11100,10900,62747
196,2020-06-04,11000,10800,82283
197,2020-06-05,10800,10650,55094
198,2020-06-08,10800,10700,36949
199,2020-06-09,10600,10650,76499
200,2020-06-10,10650,10300,155764
201,2020-06-11,10300,10150,77342
202,2020-06-12,9540,9610,136223
203,2020-06-15,9590,8700,155179
204,2020-06-16,8860,9090,62377
205,2020-06-17,9160,9200,67311
206,2020-06-18,9200,9340,28356
207,2020-06-19,9500,9280,13269
208,2020-06-22,9330,9070,27778
209,2020-06-23,9190,9090,39483
210,2020-06-24,9060,9140,38835
211,2020-06-25,9110,8990,33686
212,2020-06-26,9140,9230,87475
213,2020-06-29,9230,9290,43303
214,2020-06-30,9300,9070,63021
215,2020-07-01,9230,8910,63997
216,2020-07-02,8920,9100,17488
217,2020-07-03,9230,9000,21188
218,2020-07-06,9190,9250,27955
219,2020-07-07,9350,9200,39663
220,2020-07-08,9290,9270,24424
221,2020-07-09,9280,9550,58801
222,2020-07-10,9620,9600,93023
223,2020-07-13,9550,9740,58460
224,2020-07-14,9640,9700,43233
225,2020-07-15,9710,9840,64719
226,2020-07-16,9930,10150,197162
227,2020-07-17,10150,10200,55446
228,2020-07-20,10200,10150,35029
229,2020-07-21,10300,9980,39977
230,2020-07-22,10000,9900,60167
231,2020-07-23,9970,9600,50288
232,2020-07-24,9560,9500,45548
233,2020-07-27,9450,9530,35397
234,2020-07-28,9520,9380,67234
235,2020-07-29,9390,9300,24144
236,2020-07-30,9310,9300,28949
237,2020-07-31,9300,9290,28106
238,2020-08-03,9400,9090,36346
239,2020-08-04,9250,9120,38735
240,2020-08-05,9120,9150,51108
241,2020-08-06,9230,9210,25788
242,2020-08-07,9290,9100,38299
243,2020-08-10,9100,9190,45550
244,2020-08-11,9300,9280,57470
245,2020-08-12,9280,9170,40465
246,2020-08-13,9170,9630,198447
247,2020-08-14,9660,9410,87315
248,2020-08-18,9280,8920,95617
249,2020-08-19,8920,9000,44014
250,2020-08-20,9000,8330,73607
251,2020-08-21,8330,8210,50613
252,2020-08-24,8330,8300,23304
253,2020-08-25,8450,8550,17622
254,2020-08-26,8560,8700,28839
255,2020-08-27,8700,8740,30323
256,2020-08-28,8800,8720,26066
257,2020-08-31,8820,8770,21461
258,2020-09-01,8700,8570,18079
259,2020-09-02,8550,8800,52067
260,2020-09-03,8810,8830,22358
261,2020-09-04,8700,8750,29465
262,2020-09-07,8720,9120,66881
263,2020-09-08,9420,9210,275417
264,2020-09-09,9120,9190,33132
265,2020-09-10,9280,9150,27627
266,2020-09-11,9150,9410,95095
267,2020-09-14,9490,9370,30155
268,2020-09-15,9360,9230,26933
269,2020-09-16,9230,9070,49690
270,2020-09-17,9030,8920,34099
271,2020-09-18,8920,8940,39516
272,2020-09-21,8920,8740,36019
273,2020-09-22,8700,8550,34123
274,2020-09-23,8550,8530,29874
275,2020-09-24,8520,8210,59003
276,2020-09-25,8230,8250,23203
277,2020-09-28,8410,8370,27422
278,2020-09-29,8480,8450,33532
279,2020-10-05,8440,8690,27331
280,2020-10-06,8790,8670,22716
281,2020-10-07,8670,8720,11496
282,2020-10-08,8760,8790,58797
283,2020-10-12,8980,8700,32838
284,2020-10-13,8700,8490,44156
285,2020-10-14,8480,8390,44808
286,2020-10-15,8390,8180,77977
287,2020-10-16,8110,8050,66543
288,2020-10-19,8050,7930,30963
289,2020-10-20,7850,8080,30672
290,2020-10-21,8000,8060,9657
291,2020-10-22,8090,8010,31976
292,2020-10-23,8500,8060,221748
293,2020-10-26,8010,7780,38894
294,2020-10-27,7750,7750,54963
295,2020-10-28,7750,7760,25514
296,2020-10-29,7700,7690,66793
297,2020-10-30,7690,7740,18190
298,2020-11-02,7680,7880,27531
299,2020-11-03,7950,8210,76890
