,date,open,close,volume
0,2019-08-16,5550,5950,9517385
1,2019-08-19,5910,5700,3158995
2,2019-08-20,5650,6180,7367021
3,2019-08-21,6220,6100,3762167
4,2019-08-22,6170,6010,1158575
5,2019-08-23,5900,6020,747090
6,2019-08-26,5850,5690,1209872
7,2019-08-27,5840,5800,879642
8,2019-08-28,5800,6320,4043354
9,2019-08-29,6300,6310,1958453
10,2019-08-30,6420,6340,8005688
11,2019-09-02,6350,6100,2439808
12,2019-09-03,6130,6000,1954260
13,2019-09-04,5970,5880,1562731
14,2019-09-05,5880,5500,2432810
15,2019-09-06,5550,5640,2758537
16,2019-09-09,5650,5290,1532042
17,2019-09-10,5350,5150,1393794
18,2019-09-11,5150,5370,982848
19,2019-09-16,5380,5320,1411433
20,2019-09-17,5340,5160,1048113
21,2019-09-18,5160,5140,701915
22,2019-09-19,5230,5430,1322000
23,2019-09-20,5550,5310,654661
24,2019-09-23,5310,5280,497653
25,2019-09-24,5360,5280,457541
26,2019-09-25,5230,4820,1921092
27,2019-09-26,4915,4745,1402736
28,2019-09-27,4800,4855,658164
29,2019-09-30,4735,5020,888741
30,2019-10-01,5070,5130,937227
31,2019-10-02,5140,5500,3377962
32,2019-10-04,5510,5450,994794
33,2019-10-07,5360,5800,3048185
34,2019-10-08,5820,5720,1496030
35,2019-10-10,5640,5800,1619854
36,2019-10-11,5860,5540,1169488
37,2019-10-14,5550,5690,1567290
38,2019-10-15,5690,5490,1094156
39,2019-10-16,5570,5640,1341131
40,2019-10-17,5710,6070,2900718
41,2019-10-18,6100,6150,2056933
42,2019-10-21,6190,6090,894994
43,2019-10-22,6010,5900,2588407
44,2019-10-23,5920,6400,3139268
45,2019-10-24,6600,6450,4364372
46,2019-10-25,6540,6170,2467765
47,2019-10-28,6100,6130,1010535
48,2019-10-29,6220,6050,766376
49,2019-10-30,6010,5980,580078
50,2019-10-31,5950,6120,1144765
51,2019-11-01,6090,6070,448650
52,2019-11-04,6090,5860,778767
53,2019-11-05,5850,5750,572396
54,2019-11-06,5770,6060,694435
55,2019-11-07,6000,5910,611113
56,2019-11-08,5990,5710,668406
57,2019-11-11,5700,5590,649746
58,2019-11-12,5600,5700,342424
59,2019-11-13,5680,5820,467855
60,2019-11-14,5850,5990,2292482
61,2019-11-15,5990,6000,621717
62,2019-11-18,6060,5880,540627
63,2019-11-19,5900,5630,1044344
64,2019-11-20,5640,5550,565584
65,2019-11-21,5550,5210,992153
66,2019-11-22,5240,5240,416246
67,2019-11-25,5300,5410,256328
68,2019-11-26,5520,5420,249389
69,2019-11-27,5440,5290,352805
70,2019-11-28,5360,5280,233234
71,2019-11-29,5280,5160,417911
72,2019-12-02,5190,5110,251626
73,2019-12-03,5100,5100,219388
74,2019-12-04,5080,5390,385398
75,2019-12-05,5430,5160,496880
76,2019-12-06,5080,5100,293522
77,2019-12-09,5180,5150,203327
78,2019-12-10,5170,5180,213224
79,2019-12-11,5110,5640,1362715
80,2019-12-12,5630,5660,630544
81,2019-12-13,5760,5680,396684
82,2019-12-16,5750,5670,505805
83,2019-12-17,5870,5890,1601440
84,2019-12-18,5890,5800,670375
85,2019-12-19,5850,5750,563389
86,2019-12-20,5820,5780,499263
87,2019-12-23,5840,5550,430477
88,2019-12-24,5660,5720,585133
89,2019-12-26,5830,5780,574238
90,2019-12-27,5840,6090,2989080
91,2019-12-30,6140,6020,1158340
92,2020-01-02,6080,6070,1377786
93,2020-01-03,6080,6040,1038851
94,2020-01-06,5860,5780,838854
95,2020-01-07,5910,6010,1644678
96,2020-01-08,5860,5790,1009815
97,2020-01-09,6010,6410,3510226
98,2020-01-10,6600,6920,8585709
99,2020-01-13,6730,6870,2495988
100,2020-01-14,7300,6620,4552540
101,2020-01-15,6710,6630,1166518
102,2020-01-16,6650,6640,983914
103,2020-01-17,6700,6640,589180
104,2020-01-20,6630,6480,1064658
105,2020-01-21,6460,6480,620539
106,2020-01-22,6600,7000,2391736
107,2020-01-23,7160,6860,2313388
108,2020-01-28,6450,6460,1549558
109,2020-01-29,6570,6730,2282045
110,2020-01-30,7140,6680,9361798
111,2020-01-31,6840,6120,3505168
112,2020-02-03,5860,6190,2236587
113,2020-02-04,6610,6350,2557842
114,2020-02-05,6560,6170,2047782
115,2020-02-06,6100,6110,1462478
116,2020-02-07,6190,6120,1154390
117,2020-02-10,6130,6040,845410
118,2020-02-11,6060,6390,2670238
119,2020-02-12,6420,6280,1212697
120,2020-02-13,6270,6140,1078074
121,2020-02-14,6140,6290,1123163
122,2020-02-17,6220,6200,626212
123,2020-02-18,6230,6200,1080690
124,2020-02-19,6330,6200,913552
125,2020-02-20,6240,6570,3083059
126,2020-02-21,6390,6290,1488874
127,2020-02-24,6060,5870,1715476
128,2020-02-25,5830,5990,1233088
129,2020-02-26,5800,5780,1417814
130,2020-02-27,5740,6000,2500546
131,2020-02-28,5800,5730,1709061
132,2020-03-02,5730,5760,864407
133,2020-03-03,5950,5710,825880
134,2020-03-04,5700,5770,698499
135,2020-03-05,5810,5720,658079
136,2020-03-06,5620,5360,1468823
137,2020-03-09,5180,5170,1497707
138,2020-03-10,5060,5170,1248591
139,2020-03-11,5200,4915,976863
140,2020-03-12,4820,4530,1554855
141,2020-03-13,4060,4300,2109145
142,2020-03-16,4310,3925,1413450
143,2020-03-17,3600,3855,1224685
144,2020-03-18,3860,3500,984912
145,2020-03-19,3630,2950,1898445
146,2020-03-20,3010,3100,2126589
147,2020-03-23,2900,2910,900838
148,2020-03-24,3000,3005,1464344
149,2020-03-25,3200,3430,3481936
150,2020-03-26,3470,3630,2177503
151,2020-03-27,3770,3520,2520598
152,2020-03-30,3450,3505,1271942
153,2020-03-31,3570,3750,3120518
154,2020-04-01,3785,3745,2363316
155,2020-04-02,3755,3835,1230514
156,2020-04-03,4050,3910,2311236
157,2020-04-06,3910,4055,1474097
158,2020-04-07,4205,4170,1890718
159,2020-04-08,4180,4280,1837301
160,2020-04-09,4400,4420,1095672
161,2020-04-10,4550,4520,1439705
162,2020-04-13,4495,4200,1170670
163,2020-04-14,4400,4260,1371646
164,2020-04-16,4200,4350,1264060
165,2020-04-17,4450,4850,6917430
166,2020-04-20,5090,5430,18366089
167,2020-04-21,5350,5540,5103963
168,2020-04-22,5360,5380,1724832
169,2020-04-23,5530,5420,2174124
170,2020-04-24,5380,5200,1124732
171,2020-04-27,5300,5310,913490
172,2020-04-28,5490,5380,1184408
173,2020-04-29,5410,5450,952289
174,2020-05-04,5280,5460,1185167
175,2020-05-06,5560,5500,886329
176,2020-05-07,5550,5750,3658507
177,2020-05-08,5800,5660,1021204
178,2020-05-11,5700,5590,938298
179,2020-05-12,5630,5430,911144
180,2020-05-13,5300,5630,2066880
181,2020-05-14,5510,5400,960275
182,2020-05-15,5360,5240,1359925
183,2020-05-18,5240,5280,1123628
184,2020-05-19,5440,5510,1276581
185,2020-05-20,5540,5500,994138
186,2020-05-21,5560,5590,2610668
187,2020-05-22,5590,5500,903324
188,2020-05-25,5500,5550,759650
189,2020-05-26,5580,6360,15980723
190,2020-05-27,6350,6500,5782266
191,2020-05-28,6480,6090,3175997
192,2020-05-29,6090,5940,1639042
193,2020-06-01,5980,6040,1142535
194,2020-06-02,6050,6040,954453
195,2020-06-03,6060,5970,899661
196,2020-06-04,6040,6070,1550843
197,2020-06-05,5980,6130,1062164
198,2020-06-08,6220,6120,894480
199,2020-06-09,6210,5980,1773697
200,2020-06-10,5980,6070,826280
201,2020-06-11,6260,6060,2098967
202,2020-06-12,5630,5900,1305111
203,2020-06-15,5900,5250,1708318
204,2020-06-16,5500,5570,851999
205,2020-06-17,5550,5490,717781
206,2020-06-18,5430,5390,668022
207,2020-06-19,5550,5630,661297
208,2020-06-22,5630,5560,542574
209,2020-06-23,5640,5700,1101515
210,2020-06-24,5810,5620,866910
211,2020-06-25,5300,5400,1074852
212,2020-06-26,5490,5480,2466551
213,2020-06-29,5330,5300,487622
214,2020-06-30,5330,5030,1073284
215,2020-07-01,4895,4830,1473010
216,2020-07-02,4855,4935,584936
217,2020-07-03,5030,4990,466270
218,2020-07-06,4990,5010,482302
219,2020-07-07,5100,5290,2885695
220,2020-07-08,5280,5200,603420
221,2020-07-09,5290,5250,688223
222,2020-07-10,5270,5200,586673
223,2020-07-13,5180,5290,850779
224,2020-07-14,5270,5190,877439
225,2020-07-15,5200,5240,827342
226,2020-07-16,5270,5330,1831314
227,2020-07-17,5330,5340,848204
228,2020-07-20,5360,5400,709592
229,2020-07-21,5430,5310,656656
230,2020-07-22,5290,5360,780053
231,2020-07-23,5470,5280,798539
232,2020-07-24,5250,5120,681758
233,2020-07-27,5090,5120,383353
234,2020-07-28,5140,5170,401646
235,2020-07-29,5130,5160,458335
236,2020-07-30,5250,5430,2952176
237,2020-07-31,5440,5360,726165
238,2020-08-03,5370,5310,616721
239,2020-08-04,5340,5310,778757
240,2020-08-05,5350,5230,663378
241,2020-08-06,5230,5390,1707401
242,2020-08-07,5350,5990,36978009
243,2020-08-10,5900,6200,8489878
244,2020-08-11,6190,6270,3351512
245,2020-08-12,6270,6090,2271790
246,2020-08-13,6290,6100,9448862
247,2020-08-14,6100,5650,2234033
248,2020-08-18,5670,5400,2558606
249,2020-08-19,5400,5510,1299905
250,2020-08-20,5510,5150,1889748
251,2020-08-21,5250,5210,827491
252,2020-08-24,5150,5260,677740
253,2020-08-25,5290,5360,669873
254,2020-08-26,5370,5290,688701
255,2020-08-27,5290,5210,860409
256,2020-08-28,5270,5300,851596
257,2020-08-31,5350,5310,804895
258,2020-09-01,5310,5530,1253378
259,2020-09-02,5630,5540,869771
260,2020-09-03,5590,5550,754388
261,2020-09-04,5250,5390,861773
262,2020-09-07,5390,5650,2970161
263,2020-09-08,5770,5540,931109
264,2020-09-09,5400,5380,756486
265,2020-09-10,5530,5590,1283605
266,2020-09-11,5520,5740,1874715
267,2020-09-14,5790,7220,51661430
268,2020-09-15,7020,6700,11020549
269,2020-09-16,6710,6730,7460361
270,2020-09-17,7170,6710,58131373
271,2020-09-18,6790,6780,7126731
272,2020-09-21,6940,6960,17394481
273,2020-09-22,6900,6550,4788482
274,2020-09-23,6870,6450,3454858
275,2020-09-24,6150,5890,2567566
276,2020-09-25,6040,5700,1601133
277,2020-09-28,5740,6010,1235643
278,2020-09-29,6150,6580,7224104
279,2020-10-05,6480,6880,3208875
280,2020-10-06,6830,6860,2582241
281,2020-10-07,6840,6970,3435052
282,2020-10-08,7090,7000,2364101
283,2020-10-12,7050,7090,2276638
284,2020-10-13,7180,6810,2858124
285,2020-10-14,6910,6830,1430723
286,2020-10-15,6870,6650,1117782
287,2020-10-16,6630,6420,1133772
288,2020-10-19,6410,6180,1015908
289,2020-10-20,6220,6440,993409
290,2020-10-21,6460,6360,450298
291,2020-10-22,6360,6080,670652
292,2020-10-23,6120,6310,572550
293,2020-10-26,6390,6030,740077
294,2020-10-27,5870,6040,1153572
295,2020-10-28,6020,6210,557969
296,2020-10-29,6000,6120,481363
297,2020-10-30,6130,6010,503844
298,2020-11-02,5900,6030,338304
299,2020-11-03,6030,6290,572584
