,date,open,close,volume
0,2019-08-16,36450,36700,188500
1,2019-08-19,37200,37050,127831
2,2019-08-20,36450,35950,217584
3,2019-08-21,36350,36650,119132
4,2019-08-22,36700,35750,142966
5,2019-08-23,35600,35550,79697
6,2019-08-26,34850,36350,112148
7,2019-08-27,35800,35350,102202
8,2019-08-28,35900,35650,66334
9,2019-08-29,35650,35850,51802
10,2019-08-30,36400,35200,75488
11,2019-09-02,35300,35950,58457
12,2019-09-03,35750,35550,51547
13,2019-09-04,35550,35600,90989
14,2019-09-05,35350,35350,96231
15,2019-09-06,35150,35000,80225
16,2019-09-09,34850,34300,78198
17,2019-09-10,34300,34900,73136
18,2019-09-11,34950,35600,129323
19,2019-09-16,35400,35200,114855
20,2019-09-17,35000,34800,59453
21,2019-09-18,34850,35250,76501
22,2019-09-19,35250,34900,84488
23,2019-09-20,34800,36550,166831
24,2019-09-23,36500,36400,114968
25,2019-09-24,36450,36450,74374
26,2019-09-25,36450,36400,74703
27,2019-09-26,36450,36000,52410
28,2019-09-27,36750,35100,78508
29,2019-09-30,35300,35700,76057
30,2019-10-01,35300,36100,93101
31,2019-10-02,36000,35400,78475
32,2019-10-04,35800,34700,40766
33,2019-10-07,34550,34600,57597
34,2019-10-08,34600,34350,80433
35,2019-10-10,34050,33900,91779
36,2019-10-11,34300,33900,57044
37,2019-10-14,34100,33900,88571
38,2019-10-15,34000,34500,71732
39,2019-10-16,34800,34650,69518
40,2019-10-17,34650,35850,135598
41,2019-10-18,36000,36700,124825
42,2019-10-21,36350,36650,88882
43,2019-10-22,36200,37150,79217
44,2019-10-23,36600,36150,87750
45,2019-10-24,36250,36200,57476
46,2019-10-25,35250,35850,53581
47,2019-10-28,35850,36100,39635
48,2019-10-29,36100,35500,77365
49,2019-10-30,35500,35550,49039
50,2019-10-31,35500,34750,106804
51,2019-11-01,34600,35550,65686
52,2019-11-04,35300,37250,124979
53,2019-11-05,37050,35850,104717
54,2019-11-06,35750,35400,78345
55,2019-11-07,35200,35250,67275
56,2019-11-08,35350,34850,83223
57,2019-11-11,35050,35100,56563
58,2019-11-12,35400,35250,105746
59,2019-11-13,35300,34600,86473
60,2019-11-14,34950,34850,99996
61,2019-11-15,35550,36500,247600
62,2019-11-18,36500,36550,81248
63,2019-11-19,36750,35900,100811
64,2019-11-20,35650,34950,129993
65,2019-11-21,35200,34800,114543
66,2019-11-22,34850,35450,93972
67,2019-11-25,35400,35900,72289
68,2019-11-26,35750,35600,92324
69,2019-11-27,35950,35950,61213
70,2019-11-28,35500,35400,61022
71,2019-11-29,35700,35550,65889
72,2019-12-02,36000,35750,68428
73,2019-12-03,35650,35100,89317
74,2019-12-04,34700,35300,67245
75,2019-12-05,35050,35650,77291
76,2019-12-06,35200,35700,58729
77,2019-12-09,35250,34200,196935
78,2019-12-10,34250,34650,47594
79,2019-12-11,34700,34500,110829
80,2019-12-12,34350,34350,148636
81,2019-12-13,34400,34800,127744
82,2019-12-16,34800,34600,108589
83,2019-12-17,34350,34650,80119
84,2019-12-18,34500,34450,43893
85,2019-12-19,34450,34800,55886
86,2019-12-20,35000,34750,66095
87,2019-12-23,34950,34550,75154
88,2019-12-24,34300,34500,64872
89,2019-12-26,34600,33800,122903
90,2019-12-27,33400,33950,92011
91,2019-12-30,33900,34250,50584
92,2020-01-02,34000,33650,100356
93,2020-01-03,33800,33150,140099
94,2020-01-06,32900,32350,104010
95,2020-01-07,32900,32750,123339
96,2020-01-08,32700,32450,124914
97,2020-01-09,32300,33800,209342
98,2020-01-10,33300,33850,112783
99,2020-01-13,33900,33050,136166
100,2020-01-14,33200,33300,89000
101,2020-01-15,33100,32500,113843
102,2020-01-16,32550,33350,140860
103,2020-01-17,33400,34150,172918
104,2020-01-20,34000,33450,76764
105,2020-01-21,33750,33450,69073
106,2020-01-22,33800,33450,84544
107,2020-01-23,33200,32650,93971
108,2020-01-28,30950,30950,183164
109,2020-01-29,31050,31100,94101
110,2020-01-30,30850,30650,111687
111,2020-01-31,30650,30900,103026
112,2020-02-03,30200,30250,98481
113,2020-02-04,30100,30050,114492
114,2020-02-05,30100,29500,140305
115,2020-02-06,29850,31400,225387
116,2020-02-07,31300,30400,165492
117,2020-02-10,30000,30550,65575
118,2020-02-11,30500,30800,59318
119,2020-02-12,30550,31200,92577
120,2020-02-13,31050,31200,86316
121,2020-02-14,30900,30550,98706
122,2020-02-17,30700,30550,88857
123,2020-02-18,30600,30350,45829
124,2020-02-19,30600,30700,177417
125,2020-02-20,30800,30200,105604
126,2020-02-21,30000,29450,104593
127,2020-02-24,28600,28500,165062
128,2020-02-25,28750,29600,152444
129,2020-02-26,29600,30750,529459
130,2020-02-27,31100,31600,494117
131,2020-02-28,31550,31500,222301
132,2020-03-02,32200,31700,174880
133,2020-03-03,31750,32300,149672
134,2020-03-04,32550,31500,188987
135,2020-03-05,31500,31050,178953
136,2020-03-06,30900,29650,204749
137,2020-03-09,29000,27250,319714
138,2020-03-10,27000,26750,219200
139,2020-03-11,26600,26250,179927
140,2020-03-12,26550,24700,284438
141,2020-03-13,21300,24150,304844
142,2020-03-16,23200,23300,368242
143,2020-03-17,21450,22000,168940
144,2020-03-18,21900,21350,250387
145,2020-03-19,21500,17550,403089
146,2020-03-20,17300,20850,250659
147,2020-03-23,18750,18450,147012
148,2020-03-24,18600,18600,275049
149,2020-03-25,19700,19850,337818
150,2020-03-26,20200,20900,295158
151,2020-03-27,21900,21400,182672
152,2020-03-30,20950,21700,95462
153,2020-03-31,22200,22350,153918
154,2020-04-01,21850,21700,155638
155,2020-04-02,21700,22000,97456
156,2020-04-03,21800,22450,85303
157,2020-04-06,22700,23100,83146
158,2020-04-07,23800,24050,178703
159,2020-04-08,23850,23450,159513
160,2020-04-09,23800,24850,154214
161,2020-04-10,24950,25100,135233
162,2020-04-13,25150,24200,138393
163,2020-04-14,24250,24300,120175
164,2020-04-16,24200,23100,328044
165,2020-04-17,23300,23500,181852
166,2020-04-20,23500,23550,183987
167,2020-04-21,23450,23200,219991
168,2020-04-22,22700,23450,97134
169,2020-04-23,23300,24300,170273
170,2020-04-24,23900,24550,177206
171,2020-04-27,24600,26200,274391
172,2020-04-28,26200,27300,230126
173,2020-04-29,27400,27150,148917
174,2020-05-04,26300,26100,143736
175,2020-05-06,26800,25800,162121
176,2020-05-07,25800,25600,119007
177,2020-05-08,25700,25500,149048
178,2020-05-11,25600,25700,152753
179,2020-05-12,25600,24650,142304
180,2020-05-13,24100,25300,123146
181,2020-05-14,25250,24600,164493
182,2020-05-15,24650,24550,76593
183,2020-05-18,24800,26350,320305
184,2020-05-19,26850,26300,228483
185,2020-05-20,26350,26300,143149
186,2020-05-21,26450,28400,507400
187,2020-05-22,28850,29550,572141
188,2020-05-25,29900,30700,626103
189,2020-05-26,30950,31000,217836
190,2020-05-27,30850,31400,219539
191,2020-05-28,31100,29550,246544
192,2020-05-29,29300,30650,266986
193,2020-06-01,30700,32550,272410
194,2020-06-02,32200,34650,338659
195,2020-06-03,34650,34050,205140
196,2020-06-04,34000,32650,282341
197,2020-06-05,32650,32650,139153
198,2020-06-08,33000,32250,115689
199,2020-06-09,32100,32200,227332
200,2020-06-10,32200,31550,183568
201,2020-06-11,31150,30900,252824
202,2020-06-12,29250,29500,171598
203,2020-06-15,29150,27400,190305
204,2020-06-16,27800,29000,136033
205,2020-06-17,28700,30000,250034
206,2020-06-18,29600,29200,171566
207,2020-06-19,29700,28700,108942
208,2020-06-22,28300,27550,186822
209,2020-06-23,27650,27100,168097
210,2020-06-24,27150,27000,119795
211,2020-06-25,26400,25750,230078
212,2020-06-26,26000,26150,130049
213,2020-06-29,25700,25550,116755
214,2020-06-30,25650,25400,201345
215,2020-07-01,25450,25900,146748
216,2020-07-02,26000,26350,156218
217,2020-07-03,26250,26000,79800
218,2020-07-06,26350,26100,85065
219,2020-07-07,26350,26400,88897
220,2020-07-08,26550,26000,101899
221,2020-07-09,26050,25550,117372
222,2020-07-10,25550,24550,223127
223,2020-07-13,24700,25200,106301
224,2020-07-14,25100,25350,104123
225,2020-07-15,25950,26000,217774
226,2020-07-16,26000,25400,161513
227,2020-07-17,25600,25150,132765
228,2020-07-20,25150,25150,97700
229,2020-07-21,25150,25600,124328
230,2020-07-22,25350,25300,113456
231,2020-07-23,25250,24900,140741
232,2020-07-24,24700,24600,108833
233,2020-07-27,24600,24700,88201
234,2020-07-28,24650,24550,109867
235,2020-07-29,24400,24400,153291
236,2020-07-30,24400,24450,99143
237,2020-07-31,24450,24150,144267
238,2020-08-03,24100,23300,141244
239,2020-08-04,23500,23850,136473
240,2020-08-05,23850,23950,94453
241,2020-08-06,24000,24150,120043
242,2020-08-07,24150,23650,159427
243,2020-08-10,23500,24900,320605
244,2020-08-11,24900,25650,333347
245,2020-08-12,25900,26750,347891
246,2020-08-13,26850,26950,274998
247,2020-08-14,26950,27300,299685
248,2020-08-18,27200,26300,278779
249,2020-08-19,26100,26300,281153
250,2020-08-20,26000,24700,242358
251,2020-08-21,24800,28000,788018
252,2020-08-24,27750,30000,659663
253,2020-08-25,30050,29850,210500
254,2020-08-26,29600,28650,293326
255,2020-08-27,28500,29000,333601
256,2020-08-28,28650,29500,273215
257,2020-08-31,30050,31400,546551
258,2020-09-01,31050,31700,334208
259,2020-09-02,31750,31050,227111
260,2020-09-03,31100,30450,184464
261,2020-09-04,29250,29800,232787
262,2020-09-07,29550,32150,357587
263,2020-09-08,32050,30850,177654
264,2020-09-09,30100,30100,154888
265,2020-09-10,30300,31050,210881
266,2020-09-11,30800,31000,173611
267,2020-09-14,30650,31100,104756
268,2020-09-15,30850,30950,114422
269,2020-09-16,30600,30200,124397
270,2020-09-17,30350,30100,124694
271,2020-09-18,30100,29400,130026
272,2020-09-21,29200,29000,129205
273,2020-09-22,28600,27850,227240
274,2020-09-23,27900,27950,89344
275,2020-09-24,27650,26100,304494
276,2020-09-25,26450,26700,76656
277,2020-09-28,27100,27650,78543
278,2020-09-29,28050,27700,133566
279,2020-10-05,28500,28000,126648
280,2020-10-06,27950,28100,107177
281,2020-10-07,28400,28700,79309
282,2020-10-08,29150,28700,132094
283,2020-10-12,29100,28750,125524
284,2020-10-13,29000,28700,85685
285,2020-10-14,28700,29100,149240
286,2020-10-15,29100,28550,70216
287,2020-10-16,28850,27700,86727
288,2020-10-19,28250,28600,149989
289,2020-10-20,28500,29050,73960
290,2020-10-21,28850,30700,551189
291,2020-10-22,30450,31900,419633
292,2020-10-23,31650,31300,131648
293,2020-10-26,30900,29750,93331
294,2020-10-27,29500,29150,126358
295,2020-10-28,28900,30700,122942
296,2020-10-29,29800,29300,174323
297,2020-10-30,29300,28400,120764
298,2020-11-02,28500,28000,101540
299,2020-11-03,28050,28550,69133
