,date,open,close,volume
0,2019-08-16,36900,35350,3585
1,2019-08-19,35650,35300,1312
2,2019-08-20,35300,35500,3786
3,2019-08-21,35500,36100,3988
4,2019-08-22,36300,35950,5178
5,2019-08-23,35950,36000,738
6,2019-08-26,36000,35750,903
7,2019-08-27,35700,35750,570
8,2019-08-28,35750,35950,436
9,2019-08-29,36600,36300,1399
10,2019-08-30,36000,36150,1152
11,2019-09-02,36150,36200,383
12,2019-09-03,36700,36250,157
13,2019-09-04,36300,36400,1284
14,2019-09-05,36400,36500,3797
15,2019-09-06,36200,36100,1443
16,2019-09-09,36000,36150,581
17,2019-09-10,36100,36250,463
18,2019-09-11,36000,36300,851
19,2019-09-16,36850,37550,2899
20,2019-09-17,37100,37100,738
21,2019-09-18,37200,37300,273
22,2019-09-19,37400,37500,488
23,2019-09-20,37500,37450,665
24,2019-09-23,37350,38700,2901
25,2019-09-24,38700,37450,1078
26,2019-09-25,37450,37500,997
27,2019-09-26,37600,37600,324
28,2019-09-27,37800,37400,580
29,2019-09-30,37900,37800,878
30,2019-10-01,37800,38200,3088
31,2019-10-02,38200,38300,284
32,2019-10-04,38600,38300,138
33,2019-10-07,38300,37900,703
34,2019-10-08,38450,37800,904
35,2019-10-10,38650,37900,965
36,2019-10-11,37800,38050,430
37,2019-10-14,38600,38600,437
38,2019-10-15,38600,38100,2081
39,2019-10-16,37900,38550,1077
40,2019-10-17,37900,37950,1295
41,2019-10-18,37500,38600,305
42,2019-10-21,38000,38000,791
43,2019-10-22,37750,37800,381
44,2019-10-23,37400,37000,8226
45,2019-10-24,37000,37300,937
46,2019-10-25,37300,37100,472
47,2019-10-28,37100,37200,228
48,2019-10-29,38000,37900,99
49,2019-10-30,37500,37600,228
50,2019-10-31,37600,36850,1499
51,2019-11-01,36850,36750,532
52,2019-11-04,36750,37100,866
53,2019-11-05,37400,37200,929
54,2019-11-06,37150,37150,390
55,2019-11-07,37250,37150,3994
56,2019-11-08,37900,37150,1712
57,2019-11-11,37150,37350,2731
58,2019-11-12,37300,37350,1560
59,2019-11-13,38350,37700,1083
60,2019-11-14,37250,37600,704
61,2019-11-15,38350,38800,3300
62,2019-11-18,38750,38600,543
63,2019-11-19,38550,38300,952
64,2019-11-20,37550,37800,1271
65,2019-11-21,37800,37800,595
66,2019-11-22,37800,37750,1082
67,2019-11-25,38000,38050,613
68,2019-11-26,38050,37900,157
69,2019-11-27,37900,38500,421
70,2019-11-28,37900,38450,242
71,2019-11-29,37950,38000,151
72,2019-12-02,37600,37600,2817
73,2019-12-03,37600,37700,36
74,2019-12-04,37800,38300,1120
75,2019-12-05,38300,37950,1152
76,2019-12-06,37950,37600,32
77,2019-12-09,37500,38150,1605
78,2019-12-10,38500,38300,1643
79,2019-12-11,38100,37950,588
80,2019-12-12,37950,38950,343
81,2019-12-13,38750,37900,612
82,2019-12-16,37800,37550,1552
83,2019-12-17,37500,37500,718
84,2019-12-18,37400,37800,542
85,2019-12-19,37800,37750,164
86,2019-12-20,37700,37850,1264
87,2019-12-23,37600,38400,150
88,2019-12-24,38450,37950,447
89,2019-12-26,37650,37950,2746
90,2019-12-27,37550,37300,2637
91,2019-12-30,37200,37400,671
92,2020-01-02,37300,38350,867
93,2020-01-03,38350,37750,873
94,2020-01-06,37500,37450,721
95,2020-01-07,37300,37250,728
96,2020-01-08,37050,37050,1294
97,2020-01-09,37050,37050,1367
98,2020-01-10,36800,36650,1108
99,2020-01-13,36500,36600,1593
100,2020-01-14,36750,36700,272
101,2020-01-15,36600,37600,3268
102,2020-01-16,37600,37050,761
103,2020-01-17,37050,37000,516
104,2020-01-20,37500,37300,470
105,2020-01-21,37000,37050,2100
106,2020-01-22,36750,37000,1710
107,2020-01-23,37000,37000,2194
108,2020-01-28,36900,36600,2705
109,2020-01-29,36100,36400,695
110,2020-01-30,36500,36400,3153
111,2020-01-31,36400,36300,1359
112,2020-02-03,36050,35500,2638
113,2020-02-04,35500,35250,887
114,2020-02-05,35400,35300,1620
115,2020-02-06,34950,35150,3128
116,2020-02-07,35100,35050,687
117,2020-02-10,35000,35150,1208
118,2020-02-11,36050,35850,653
119,2020-02-12,35150,35100,1412
120,2020-02-13,35200,36100,97755
121,2020-02-14,36200,35550,23136
122,2020-02-17,35550,35100,2954
123,2020-02-18,34900,34850,3276
124,2020-02-19,34750,34800,2164
125,2020-02-20,34850,34800,1059
126,2020-02-21,34800,34500,1864
127,2020-02-24,34500,34900,2610
128,2020-02-25,34700,35200,2133
129,2020-02-26,34800,35300,2072
130,2020-02-27,35000,34850,1256
131,2020-02-28,34250,34250,3531
132,2020-03-02,33800,33200,5474
133,2020-03-03,33000,33400,557
134,2020-03-04,33000,33900,1589
135,2020-03-05,33900,33900,864
136,2020-03-06,33300,34600,2628
137,2020-03-09,33850,33850,2275
138,2020-03-10,33750,33300,1760
139,2020-03-11,33300,33050,492
140,2020-03-12,32500,31250,3589
141,2020-03-13,29100,30000,2612
142,2020-03-16,29050,30900,4353
143,2020-03-17,30000,29250,3310
144,2020-03-18,29250,28800,1854
145,2020-03-19,28050,26500,5265
146,2020-03-20,26150,27150,2327
147,2020-03-23,26200,26300,5710
148,2020-03-24,26200,26500,1549
149,2020-03-25,27300,27050,4347
150,2020-03-26,27100,27500,6019
151,2020-03-27,28400,28200,2605
152,2020-03-30,29000,27850,1937
153,2020-03-31,29350,29300,846
154,2020-04-01,28700,29500,2217
155,2020-04-02,28700,29750,667
156,2020-04-03,29400,30300,878
157,2020-04-06,30700,31800,1483
158,2020-04-07,32450,32550,811
159,2020-04-08,33000,32000,621
160,2020-04-09,31050,31500,1824
161,2020-04-10,31500,31400,2238
162,2020-04-13,31400,31250,1356
163,2020-04-14,31000,32550,2109
164,2020-04-16,32550,32750,704
165,2020-04-17,33000,32550,1392
166,2020-04-20,32550,33700,1737
167,2020-04-21,33200,33600,1024
168,2020-04-22,33200,33300,523
169,2020-04-23,34000,33750,836
170,2020-04-24,34550,34000,281
171,2020-04-27,34500,34550,1714
172,2020-04-28,34550,35100,1409
173,2020-04-29,35100,34300,3376
174,2020-05-04,34300,34800,1600
175,2020-05-06,34850,34300,518
176,2020-05-07,34900,34450,428
177,2020-05-08,35200,34100,848
178,2020-05-11,34100,34200,49
179,2020-05-12,33800,34200,397
180,2020-05-13,33700,34500,527
181,2020-05-14,34950,34850,192
182,2020-05-15,35000,34200,117
183,2020-05-18,34100,34450,1237
184,2020-05-19,34450,34250,673
185,2020-05-20,34300,35000,2180
186,2020-05-21,34300,34800,251
187,2020-05-22,34700,34550,170
188,2020-05-25,34700,35050,1330
189,2020-05-26,34850,34900,2197
190,2020-05-27,34900,34900,421
191,2020-05-28,34600,35000,819
192,2020-05-29,34750,34550,1131
193,2020-06-01,34550,35100,5750
194,2020-06-02,34950,35200,643
195,2020-06-03,35200,34300,1877
196,2020-06-04,34400,34550,568
197,2020-06-05,34900,35000,34581
198,2020-06-08,35000,34750,1362
199,2020-06-09,35350,34750,625
200,2020-06-10,34700,34550,973
201,2020-06-11,35200,34400,2241
202,2020-06-12,34000,34000,3279
203,2020-06-15,34350,34350,841
204,2020-06-16,34150,34050,1202
205,2020-06-17,34050,34100,695
206,2020-06-18,34100,34200,1139
207,2020-06-19,34500,34100,8498
208,2020-06-22,34850,34050,1223
209,2020-06-23,34050,34150,647
210,2020-06-24,34050,34150,911
211,2020-06-25,34350,35300,1629
212,2020-06-26,35300,35050,984
213,2020-06-29,35050,34450,344
214,2020-06-30,34450,34100,29298
215,2020-07-01,34050,34200,779
216,2020-07-02,34350,35200,1164
217,2020-07-03,35200,34500,201
218,2020-07-06,34500,34250,999
219,2020-07-07,34300,34200,333
220,2020-07-08,34200,34100,328
221,2020-07-09,34100,34500,765
222,2020-07-10,34200,34350,132
223,2020-07-13,34350,34100,793
224,2020-07-14,34850,34600,1911
225,2020-07-15,35450,34300,500
226,2020-07-16,34600,34600,260
227,2020-07-17,35400,35000,564
228,2020-07-20,34500,34600,332
229,2020-07-21,34300,34500,537
230,2020-07-22,34500,34100,3332
231,2020-07-23,34000,34000,3260
232,2020-07-24,34250,34200,314
233,2020-07-27,34000,34100,1705
234,2020-07-28,34400,34500,2363
235,2020-07-29,35450,34050,871
236,2020-07-30,34050,34100,656
237,2020-07-31,34100,34100,173
238,2020-08-03,34100,34150,717
239,2020-08-04,34700,34150,355
240,2020-08-05,34650,34400,782
241,2020-08-06,34500,34250,176
242,2020-08-07,34150,34300,682
243,2020-08-10,34150,34600,1008
244,2020-08-11,35200,34650,1581
245,2020-08-12,34900,34800,603
246,2020-08-13,34800,34700,530
247,2020-08-14,34850,35350,1202
248,2020-08-18,35600,34450,2445
249,2020-08-19,34850,34400,755
250,2020-08-20,34850,34400,2162
251,2020-08-21,34850,35050,2124
252,2020-08-24,35400,34550,898
253,2020-08-25,34850,34450,1672
254,2020-08-26,34600,34800,197
255,2020-08-27,35400,35200,667
256,2020-08-28,35200,35100,372
257,2020-08-31,35100,35100,220
258,2020-09-01,34900,35000,750
259,2020-09-02,35000,35000,211
260,2020-09-03,35100,35100,749
261,2020-09-04,35050,35100,282
262,2020-09-07,34950,35100,598
263,2020-09-08,35100,34600,890
264,2020-09-09,34750,34450,530
265,2020-09-10,34500,35500,1076
266,2020-09-11,36600,35400,297
267,2020-09-14,35400,34900,1090
268,2020-09-15,34900,36350,2658
269,2020-09-16,36400,36000,5680
270,2020-09-17,36950,35500,1056
271,2020-09-18,35500,36050,999
272,2020-09-21,37500,36000,3597
273,2020-09-22,36000,35100,1985
274,2020-09-23,35050,35400,1124
275,2020-09-24,36800,34650,2103
276,2020-09-25,34650,34600,348
277,2020-09-28,34600,34800,2149
278,2020-09-29,34800,35300,1068
279,2020-10-05,34850,35200,2269
280,2020-10-06,35100,35150,465
281,2020-10-07,35150,34900,946
282,2020-10-08,34900,34950,656
283,2020-10-12,35350,35050,572
284,2020-10-13,35100,35450,1375
285,2020-10-14,35900,35150,784
286,2020-10-15,35350,35150,315
287,2020-10-16,35650,35550,2017
288,2020-10-19,35950,35650,396
289,2020-10-20,35950,35900,519
290,2020-10-21,36200,35900,1560
291,2020-10-22,36400,36300,454
292,2020-10-23,36300,36450,1873
293,2020-10-26,36450,34850,2715
294,2020-10-27,34800,34950,1389
295,2020-10-28,34850,35150,628
296,2020-10-29,35100,35200,345
297,2020-10-30,35200,35300,193
298,2020-11-02,35300,35300,31
299,2020-11-03,35700,36050,806
