,date,open,close,volume
0,2019-08-16,387,384,1349406
1,2019-08-19,385,392,558331
2,2019-08-20,389,394,415012
3,2019-08-21,397,403,573962
4,2019-08-22,407,389,695385
5,2019-08-23,383,390,346067
6,2019-08-26,382,379,560187
7,2019-08-27,381,379,364341
8,2019-08-28,379,382,280527
9,2019-08-29,382,382,343567
10,2019-08-30,386,393,480323
11,2019-09-02,390,415,1819682
12,2019-09-03,420,423,580510
13,2019-09-04,425,420,1190919
14,2019-09-05,425,477,10383247
15,2019-09-06,474,396,14356874
16,2019-09-09,399,378,3938818
17,2019-09-10,378,370,1844510
18,2019-09-11,371,375,1107025
19,2019-09-16,379,380,611014
20,2019-09-17,377,383,1313575
21,2019-09-18,383,384,1059382
22,2019-09-19,385,386,975462
23,2019-09-20,387,388,1122011
24,2019-09-23,388,383,604130
25,2019-09-24,385,385,498161
26,2019-09-25,388,378,703416
27,2019-09-26,375,381,533435
28,2019-09-27,378,382,323531
29,2019-09-30,378,375,412651
30,2019-10-01,375,369,1015953
31,2019-10-02,369,371,693785
32,2019-10-04,372,366,450184
33,2019-10-07,364,357,848781
34,2019-10-08,357,357,430640
35,2019-10-10,361,363,418188
36,2019-10-11,365,367,885791
37,2019-10-14,364,373,634428
38,2019-10-15,378,374,350221
39,2019-10-16,374,378,463734
40,2019-10-17,378,390,3570986
41,2019-10-18,390,382,815039
42,2019-10-21,382,372,564707
43,2019-10-22,372,373,558023
44,2019-10-23,372,371,425016
45,2019-10-24,368,367,611347
46,2019-10-25,371,368,250742
47,2019-10-28,369,364,576352
48,2019-10-29,365,375,490479
49,2019-10-30,373,376,267275
50,2019-10-31,378,377,358965
51,2019-11-01,375,386,377083
52,2019-11-04,387,387,1232160
53,2019-11-05,390,388,261684
54,2019-11-06,385,389,456520
55,2019-11-07,386,383,498353
56,2019-11-08,383,384,421780
57,2019-11-11,385,407,6098254
58,2019-11-12,409,399,2380571
59,2019-11-13,397,399,1107251
60,2019-11-14,405,398,568909
61,2019-11-15,398,388,511384
62,2019-11-18,390,399,603991
63,2019-11-19,400,408,808599
64,2019-11-20,410,392,743265
65,2019-11-21,390,376,989879
66,2019-11-22,378,398,4479364
67,2019-11-25,392,385,1721261
68,2019-11-26,389,394,956591
69,2019-11-27,401,409,1860755
70,2019-11-28,405,398,1430515
71,2019-11-29,397,407,904405
72,2019-12-02,408,412,1058441
73,2019-12-03,415,396,1290913
74,2019-12-04,391,387,1457892
75,2019-12-05,392,365,1651818
76,2019-12-06,370,372,288581
77,2019-12-09,372,373,300431
78,2019-12-10,373,367,344759
79,2019-12-11,370,367,259308
80,2019-12-12,367,377,1403755
81,2019-12-13,384,387,453651
82,2019-12-16,389,382,432511
83,2019-12-17,380,376,397916
84,2019-12-18,376,377,166952
85,2019-12-19,373,379,243332
86,2019-12-20,381,380,352950
87,2019-12-23,380,377,251598
88,2019-12-24,377,376,354780
89,2019-12-26,372,374,227164
90,2019-12-27,374,382,403055
91,2019-12-30,387,388,405054
92,2020-01-02,392,398,834307
93,2020-01-03,396,405,740416
94,2020-01-06,402,390,461217
95,2020-01-07,394,392,303882
96,2020-01-08,389,369,888895
97,2020-01-09,374,391,493292
98,2020-01-10,390,395,421462
99,2020-01-13,398,405,698255
100,2020-01-14,409,409,553454
101,2020-01-15,409,409,388902
102,2020-01-16,417,406,550375
103,2020-01-17,406,414,545234
104,2020-01-20,420,409,447205
105,2020-01-21,409,405,10035776
106,2020-01-22,403,401,1244378
107,2020-01-23,401,403,295182
108,2020-01-28,396,387,841654
109,2020-01-29,390,392,346454
110,2020-01-30,397,387,281777
111,2020-01-31,383,375,688655
112,2020-02-03,365,375,886691
113,2020-02-04,377,387,549114
114,2020-02-05,390,388,430500
115,2020-02-06,386,400,732826
116,2020-02-07,400,396,330075
117,2020-02-10,387,399,209457
118,2020-02-11,397,400,161166
119,2020-02-12,400,402,276704
120,2020-02-13,399,399,423925
121,2020-02-14,399,396,214742
122,2020-02-17,391,387,311668
123,2020-02-18,388,382,362098
124,2020-02-19,377,381,369724
125,2020-02-20,381,368,1359190
126,2020-02-21,365,368,1188771
127,2020-02-24,361,350,914384
128,2020-02-25,336,358,387578
129,2020-02-26,376,354,1626598
130,2020-02-27,354,342,755061
131,2020-02-28,339,333,1230220
132,2020-03-02,333,337,598171
133,2020-03-03,334,336,552830
134,2020-03-04,336,344,525590
135,2020-03-05,350,348,328066
136,2020-03-06,335,347,391195
137,2020-03-09,353,324,963428
138,2020-03-10,320,315,641890
139,2020-03-11,318,307,826435
140,2020-03-12,307,276,1365058
141,2020-03-13,225,254,1219049
142,2020-03-16,254,239,646803
143,2020-03-17,212,242,850841
144,2020-03-18,248,230,535106
145,2020-03-19,229,199,1630084
146,2020-03-20,201,202,1888395
147,2020-03-23,193,177,1472983
148,2020-03-24,192,190,596353
149,2020-03-25,194,202,1429696
150,2020-03-26,205,223,3840594
151,2020-03-27,241,216,1705320
152,2020-03-30,217,247,3681077
153,2020-03-31,248,247,1047899
154,2020-04-01,241,242,1213653
155,2020-04-02,242,246,1040661
156,2020-04-03,247,247,545144
157,2020-04-06,247,265,1971935
158,2020-04-07,271,283,1048901
159,2020-04-08,286,314,1932683
160,2020-04-09,313,306,1163888
161,2020-04-10,311,309,2762808
162,2020-04-13,311,293,1127835
163,2020-04-14,293,304,936285
164,2020-04-16,309,296,760785
165,2020-04-17,300,303,811351
166,2020-04-20,310,306,964841
167,2020-04-21,308,298,973415
168,2020-04-22,289,295,438533
169,2020-04-23,299,301,352883
170,2020-04-24,302,303,11974079
171,2020-04-27,297,300,1452606
172,2020-04-28,305,300,1024534
173,2020-04-29,301,319,3869119
174,2020-05-04,310,309,906910
175,2020-05-06,309,322,611071
176,2020-05-07,322,319,366874
177,2020-05-08,319,332,1459445
178,2020-05-11,335,340,6284279
179,2020-05-12,340,326,1913493
180,2020-05-13,324,323,1149858
181,2020-05-14,325,312,822754
182,2020-05-15,313,314,460319
183,2020-05-18,310,307,559215
184,2020-05-19,315,310,723045
185,2020-05-20,316,314,574707
186,2020-05-21,313,317,622727
187,2020-05-22,320,313,581721
188,2020-05-25,314,312,323093
189,2020-05-26,315,312,656823
190,2020-05-27,312,305,505287
191,2020-05-28,310,301,749949
192,2020-05-29,302,299,393798
193,2020-06-01,304,303,243062
194,2020-06-02,305,309,2865357
195,2020-06-03,309,313,854025
196,2020-06-04,313,312,462073
197,2020-06-05,313,309,430532
198,2020-06-08,311,308,244881
199,2020-06-09,307,306,373732
200,2020-06-10,306,305,161717
201,2020-06-11,305,302,385373
202,2020-06-12,298,293,578799
203,2020-06-15,289,286,2121681
204,2020-06-16,287,296,461719
205,2020-06-17,291,285,987144
206,2020-06-18,285,287,406577
207,2020-06-19,287,291,530760
208,2020-06-22,286,286,145608
209,2020-06-23,283,282,296795
210,2020-06-24,284,280,304331
211,2020-06-25,276,279,246056
212,2020-06-26,287,282,358565
213,2020-06-29,282,273,254740
214,2020-06-30,275,276,140076
215,2020-07-01,276,275,118516
216,2020-07-02,276,285,476382
217,2020-07-03,287,280,408814
218,2020-07-06,284,277,959216
219,2020-07-07,278,283,314460
220,2020-07-08,284,367,40946170
221,2020-07-09,370,477,67861250
222,2020-07-10,567,498,54262393
223,2020-07-13,455,451,21298885
224,2020-07-14,472,543,79743904
225,2020-07-15,512,500,20553235
226,2020-07-16,510,493,84415784
227,2020-07-17,530,500,20544439
228,2020-07-20,513,557,59675723
229,2020-07-21,562,522,13807906
230,2020-07-22,517,507,10484833
231,2020-07-23,507,491,6481802
232,2020-07-24,487,490,6274952
233,2020-07-27,490,497,7473745
234,2020-07-28,497,503,4598362
235,2020-07-29,515,505,3470182
236,2020-07-30,503,498,4295935
237,2020-07-31,505,542,28810663
238,2020-08-03,542,523,4272977
239,2020-08-04,526,518,3931026
240,2020-08-05,513,527,9391514
241,2020-08-06,526,521,3473031
242,2020-08-07,532,677,80355806
243,2020-08-10,711,800,96680973
244,2020-08-11,800,749,24673164
245,2020-08-12,749,852,71148648
246,2020-08-13,830,930,92133941
247,2020-08-14,0,930,0
248,2020-08-18,1045,874,43831274
249,2020-08-19,900,1030,46114579
250,2020-08-20,1100,1100,37024958
251,2020-08-21,1020,1070,13171333
252,2020-08-24,1130,1000,8525789
253,2020-08-25,985,1055,19986708
254,2020-08-26,1050,998,11350116
255,2020-08-27,998,903,14035961
256,2020-08-28,903,903,9344708
257,2020-08-31,890,900,3732690
258,2020-09-01,901,970,12498935
259,2020-09-02,960,944,4470092
260,2020-09-03,942,940,3564159
261,2020-09-04,895,914,3746707
262,2020-09-07,910,889,3450405
263,2020-09-08,889,801,8239021
264,2020-09-09,770,811,9362925
265,2020-09-10,814,827,2441026
266,2020-09-11,829,851,2660615
267,2020-09-14,854,834,2417264
268,2020-09-15,835,812,1804856
269,2020-09-16,820,820,2098344
270,2020-09-17,821,809,1840378
271,2020-09-18,802,796,2324782
272,2020-09-21,799,826,7331910
273,2020-09-22,800,758,4296589
274,2020-09-23,760,726,3162912
275,2020-09-24,700,656,4965747
276,2020-09-25,665,830,43074665
277,2020-09-28,801,778,8435955
278,2020-09-29,778,858,22801875
279,2020-10-05,857,855,7054214
280,2020-10-06,847,850,3660915
281,2020-10-07,865,854,4723671
282,2020-10-08,870,919,19182630
283,2020-10-12,915,920,5091580
284,2020-10-13,908,920,8871044
285,2020-10-14,937,925,4427922
286,2020-10-15,914,900,4884602
287,2020-10-16,923,858,23919350
288,2020-10-19,850,804,4314233
289,2020-10-20,804,815,3350214
290,2020-10-21,830,812,1702896
291,2020-10-22,809,789,1695650
292,2020-10-23,790,793,1372777
293,2020-10-26,796,799,3395817
294,2020-10-27,786,783,2305799
295,2020-10-28,780,803,1827938
296,2020-10-29,782,783,1639217
297,2020-10-30,778,765,1721225
298,2020-11-02,761,839,8289460
299,2020-11-03,829,812,4145422
