,date,open,close,volume
0,2019-08-16,48350,47700,232858
1,2019-08-19,48150,47950,141970
2,2019-08-20,48050,48750,125592
3,2019-08-21,48550,48700,125678
4,2019-08-22,48900,48550,134749
5,2019-08-23,48200,47650,175112
6,2019-08-26,46200,44150,270205
7,2019-08-27,44700,45100,283642
8,2019-08-28,45300,45800,172232
9,2019-08-29,46050,46400,98248
10,2019-08-30,47000,46050,99714
11,2019-09-02,46350,46650,80708
12,2019-09-03,46400,45900,124706
13,2019-09-04,45900,46000,93566
14,2019-09-05,46250,46200,97913
15,2019-09-06,46500,45850,93774
16,2019-09-09,45850,44950,126070
17,2019-09-10,44900,44450,152501
18,2019-09-11,44400,44550,180502
19,2019-09-16,44800,44750,175939
20,2019-09-17,44500,44350,115628
21,2019-09-18,44500,44350,213571
22,2019-09-19,44400,44450,150458
23,2019-09-20,44650,45000,176512
24,2019-09-23,42950,43850,358644
25,2019-09-24,44150,44500,150855
26,2019-09-25,44450,43950,89232
27,2019-09-26,44150,43950,102175
28,2019-09-27,43400,42400,239669
29,2019-09-30,42200,41700,110730
30,2019-10-01,41700,42050,140051
31,2019-10-02,41800,41500,86771
32,2019-10-04,41250,39900,254992
33,2019-10-07,39950,40050,174727
34,2019-10-08,40050,41150,128529
35,2019-10-10,41150,40150,106542
36,2019-10-11,40200,40100,78786
37,2019-10-14,40550,40150,68206
38,2019-10-15,39900,40200,62685
39,2019-10-16,40450,40650,111857
40,2019-10-17,40650,35400,4345878
41,2019-10-18,35500,35300,738169
42,2019-10-21,35150,34000,598149
43,2019-10-22,34050,36300,566840
44,2019-10-23,36500,36050,186969
45,2019-10-24,35700,36550,199667
46,2019-10-25,36400,36850,192510
47,2019-10-28,36650,37550,193228
48,2019-10-29,37450,38150,241829
49,2019-10-30,38150,38500,149699
50,2019-10-31,38600,40050,469999
51,2019-11-01,40500,39700,251186
52,2019-11-04,40100,39400,156478
53,2019-11-05,39400,39150,243740
54,2019-11-06,42650,43200,1463895
55,2019-11-07,43850,43150,494924
56,2019-11-08,43300,43300,240839
57,2019-11-11,43400,42650,148981
58,2019-11-12,42600,42000,246933
59,2019-11-13,41600,41350,169050
60,2019-11-14,41100,40650,139778
61,2019-11-15,40650,42100,171565
62,2019-11-18,42000,40500,482848
63,2019-11-19,40600,41350,165996
64,2019-11-20,41350,41500,213636
65,2019-11-21,41500,40200,159468
66,2019-11-22,40650,40850,112801
67,2019-11-25,41100,41650,82440
68,2019-11-26,41800,41350,92139
69,2019-11-27,41600,41000,54741
70,2019-11-28,41050,40550,112772
71,2019-11-29,40550,39950,80604
72,2019-12-02,39950,40650,56747
73,2019-12-03,40650,40600,49097
74,2019-12-04,40200,40350,41335
75,2019-12-05,40100,39850,59424
76,2019-12-06,39850,40500,163088
77,2019-12-09,40150,40000,47736
78,2019-12-10,39700,39600,51520
79,2019-12-11,39300,39700,42264
80,2019-12-12,39650,40450,135633
81,2019-12-13,41100,41000,121310
82,2019-12-16,41250,40550,50124
83,2019-12-17,40950,40700,65539
84,2019-12-18,41000,40250,63770
85,2019-12-19,40150,39700,88046
86,2019-12-20,40000,40000,43181
87,2019-12-23,40000,40100,73862
88,2019-12-24,40000,39850,65020
89,2019-12-26,39750,40700,90039
90,2019-12-27,40700,40650,105434
91,2019-12-30,40650,42300,246378
92,2020-01-02,42300,42000,146261
93,2020-01-03,42100,40800,197200
94,2020-01-06,39900,39500,186602
95,2020-01-07,39550,39250,154286
96,2020-01-08,39250,38800,138763
97,2020-01-09,39750,39650,68047
98,2020-01-10,39350,39350,91256
99,2020-01-13,39300,39950,115178
100,2020-01-14,40850,40150,164099
101,2020-01-15,40000,39450,130323
102,2020-01-16,39500,39750,55730
103,2020-01-17,39950,41400,408198
104,2020-01-20,41400,41150,253816
105,2020-01-21,41050,41200,118755
106,2020-01-22,40900,41900,104758
107,2020-01-23,41500,41000,128199
108,2020-01-28,39350,39300,273819
109,2020-01-29,39450,42100,405638
110,2020-01-30,42250,41050,241085
111,2020-01-31,43100,42500,936686
112,2020-02-03,41500,40600,430739
113,2020-02-04,41000,40300,254230
114,2020-02-05,40300,40650,292775
115,2020-02-06,40800,41500,228576
116,2020-02-07,41600,41300,180138
117,2020-02-10,41300,40600,185036
118,2020-02-11,40900,41950,408620
119,2020-02-12,41950,41550,166924
120,2020-02-13,41650,40750,201483
121,2020-02-14,40400,40650,98003
122,2020-02-17,40550,40250,131759
123,2020-02-18,40250,39600,178962
124,2020-02-19,39600,39000,169508
125,2020-02-20,39000,37800,278057
126,2020-02-21,37200,37200,122749
127,2020-02-24,36000,35400,202473
128,2020-02-25,35000,35900,149544
129,2020-02-26,34750,35800,106781
130,2020-02-27,35600,35500,143180
131,2020-02-28,34550,32500,336479
132,2020-03-02,32200,34600,197066
133,2020-03-03,34650,35100,113032
134,2020-03-04,34500,35600,77922
135,2020-03-05,35750,36050,83199
136,2020-03-06,35800,35400,76663
137,2020-03-09,34350,33450,128553
138,2020-03-10,32850,33700,128817
139,2020-03-11,33750,32550,112890
140,2020-03-12,32150,29500,343873
141,2020-03-13,27000,29200,321462
142,2020-03-16,28900,28250,156033
143,2020-03-17,27000,28250,147230
144,2020-03-18,28900,26800,142688
145,2020-03-19,27500,22800,224900
146,2020-03-20,22850,27900,188213
147,2020-03-23,26350,24300,215764
148,2020-03-24,24700,26000,169024
149,2020-03-25,27200,27550,184377
150,2020-03-26,27650,27300,192684
151,2020-03-27,27900,27250,164489
152,2020-03-30,26200,27150,117624
153,2020-03-31,27450,28300,200654
154,2020-04-01,27850,28600,217236
155,2020-04-02,28400,29150,107927
156,2020-04-03,29000,28700,85153
157,2020-04-06,28950,29450,89133
158,2020-04-07,30100,29950,123127
159,2020-04-08,29700,29750,90322
160,2020-04-09,30050,29950,99916
161,2020-04-10,29950,30250,134782
162,2020-04-13,30600,29650,232791
163,2020-04-14,29900,30200,88935
164,2020-04-16,30150,31000,128077
165,2020-04-17,31100,33650,375826
166,2020-04-20,33300,32400,200380
167,2020-04-21,32000,31800,158538
168,2020-04-22,31800,31350,101457
169,2020-04-23,31400,32000,102423
170,2020-04-24,32100,31400,170317
171,2020-04-27,31600,31900,86811
172,2020-04-28,31950,32350,179127
173,2020-04-29,32800,32900,193009
174,2020-05-04,32400,32400,95216
175,2020-05-06,32800,33700,158519
176,2020-05-07,33900,34500,145122
177,2020-05-08,34600,34550,110603
178,2020-05-11,34450,33750,129579
179,2020-05-12,33800,33000,99106
180,2020-05-13,32400,33150,63055
181,2020-05-14,33150,32950,78043
182,2020-05-15,33000,32950,82598
183,2020-05-18,32750,32500,59394
184,2020-05-19,33150,33000,114908
185,2020-05-20,33000,32850,110230
186,2020-05-21,33000,33900,202905
187,2020-05-22,33800,32700,144460
188,2020-05-25,32650,32300,91165
189,2020-05-26,32250,32700,79580
190,2020-05-27,32700,32750,82356
191,2020-05-28,32750,31650,144381
192,2020-05-29,31650,31200,86513
193,2020-06-01,31250,32200,90963
194,2020-06-02,31850,32850,108501
195,2020-06-03,33100,32850,116421
196,2020-06-04,33000,32550,117339
197,2020-06-05,32800,32550,85249
198,2020-06-08,32800,33400,256871
199,2020-06-09,33500,33600,133503
200,2020-06-10,33300,34000,171867
201,2020-06-11,34300,33850,318926
202,2020-06-12,32000,33550,222590
203,2020-06-15,33000,31150,191445
204,2020-06-16,31750,32400,117446
205,2020-06-17,32000,31600,112578
206,2020-06-18,31450,31300,93693
207,2020-06-19,31350,31000,87271
208,2020-06-22,30600,30700,85626
209,2020-06-23,30650,30300,70417
210,2020-06-24,30400,30900,59850
211,2020-06-25,30300,30100,53476
212,2020-06-26,30300,30500,35529
213,2020-06-29,30100,29500,80510
214,2020-06-30,30100,30100,72916
215,2020-07-01,30600,29750,59680
216,2020-07-02,29750,30000,47250
217,2020-07-03,30000,30300,67336
218,2020-07-06,30100,30300,68547
219,2020-07-07,30650,30050,73032
220,2020-07-08,30100,30600,69165
221,2020-07-09,30600,30900,74484
222,2020-07-10,30900,30400,53109
223,2020-07-13,30450,30400,46403
224,2020-07-14,30050,30000,54929
225,2020-07-15,30150,30100,74352
226,2020-07-16,30100,30050,75808
227,2020-07-17,30200,29950,71474
228,2020-07-20,29850,30650,79009
229,2020-07-21,30750,31200,138160
230,2020-07-22,31000,30450,98126
231,2020-07-23,30350,33400,508771
232,2020-07-24,32950,34300,371781
233,2020-07-27,34500,37000,672880
234,2020-07-28,37250,37550,433949
235,2020-07-29,37250,38000,356377
236,2020-07-30,38000,37000,255509
237,2020-07-31,37000,36750,215714
238,2020-08-03,36650,35900,199970
239,2020-08-04,36050,38150,432411
240,2020-08-05,38500,38100,257152
241,2020-08-06,38350,42300,831044
242,2020-08-07,42550,43100,523674
243,2020-08-10,42350,44450,504930
244,2020-08-11,43900,42700,321260
245,2020-08-12,41950,45700,1514215
246,2020-08-13,46150,42600,840482
247,2020-08-14,43150,42100,467144
248,2020-08-18,41250,37800,623557
249,2020-08-19,38250,38000,325780
250,2020-08-20,37950,35800,425587
251,2020-08-21,36550,36400,244694
252,2020-08-24,36350,36850,163005
253,2020-08-25,37250,38550,252542
254,2020-08-26,38300,38250,131602
255,2020-08-27,38050,36450,186968
256,2020-08-28,36950,35800,253625
257,2020-08-31,37050,37100,238781
258,2020-09-01,37350,37300,150234
259,2020-09-02,37300,37200,195612
260,2020-09-03,37650,40900,875309
261,2020-09-04,39350,40700,436858
262,2020-09-07,40900,41300,439128
263,2020-09-08,41500,40850,181009
264,2020-09-09,40000,39450,225818
265,2020-09-10,39850,40550,186990
266,2020-09-11,40050,40000,132481
267,2020-09-14,41000,39800,106540
268,2020-09-15,39950,40800,165146
269,2020-09-16,40950,41800,739842
270,2020-09-17,42250,40600,287386
271,2020-09-18,40200,40050,249993
272,2020-09-21,39900,38900,163050
273,2020-09-22,38900,37500,206149
274,2020-09-23,38100,38000,142875
275,2020-09-24,36900,37150,157728
276,2020-09-25,38000,37200,70370
277,2020-09-28,37800,38700,109834
278,2020-09-29,39150,38850,102280
279,2020-10-05,38950,39800,149513
280,2020-10-06,40150,39950,119883
281,2020-10-07,40200,41700,365032
282,2020-10-08,41750,41700,131174
283,2020-10-12,42150,41900,87894
284,2020-10-13,42150,41350,152723
285,2020-10-14,41350,40400,120800
286,2020-10-15,40400,39500,129033
287,2020-10-16,39500,38950,196655
288,2020-10-19,38850,39000,105563
289,2020-10-20,38600,40000,120781
290,2020-10-21,40150,39550,98766
291,2020-10-22,39550,38650,123169
292,2020-10-23,39050,38350,105506
293,2020-10-26,38350,37350,149498
294,2020-10-27,37100,37400,120751
295,2020-10-28,36550,38200,188966
296,2020-10-29,37550,40600,478246
297,2020-10-30,40250,38700,239204
298,2020-11-02,38700,38400,121915
299,2020-11-03,39000,39200,130338
