,date,open,close,volume
0,2019-08-16,2155,2140,96568
1,2019-08-19,2145,2160,71739
2,2019-08-20,2160,2180,53315
3,2019-08-21,2170,2230,72441
4,2019-08-22,2230,2210,72196
5,2019-08-23,2195,2150,175743
6,2019-08-26,2125,2060,86336
7,2019-08-27,2105,2100,33822
8,2019-08-28,2120,2170,40944
9,2019-08-29,2135,2220,137007
10,2019-08-30,2230,2205,87359
11,2019-09-02,2220,2210,72963
12,2019-09-03,2195,2230,59095
13,2019-09-04,2200,2265,915019
14,2019-09-05,2270,2250,138721
15,2019-09-06,2260,2235,75854
16,2019-09-09,2210,2210,67049
17,2019-09-10,2250,2205,66550
18,2019-09-11,2235,2220,53766
19,2019-09-16,2225,2395,342926
20,2019-09-17,2435,2445,2650584
21,2019-09-18,2405,2385,242436
22,2019-09-19,2400,2300,260348
23,2019-09-20,2285,2310,96672
24,2019-09-23,2310,2310,124714
25,2019-09-24,2290,2340,92132
26,2019-09-25,2345,2255,167932
27,2019-09-26,2315,2190,177397
28,2019-09-27,2200,2170,82435
29,2019-09-30,2150,2135,113185
30,2019-10-01,2115,2165,96111
31,2019-10-02,2160,2125,59383
32,2019-10-04,2095,2115,66944
33,2019-10-07,2115,2050,103231
34,2019-10-08,2035,2065,51920
35,2019-10-10,2065,2070,77266
36,2019-10-11,2070,2070,45437
37,2019-10-14,2095,2145,105960
38,2019-10-15,2125,2190,103522
39,2019-10-16,2210,2185,71293
40,2019-10-17,2200,2180,58660
41,2019-10-18,2210,2155,86948
42,2019-10-21,2135,2095,120791
43,2019-10-22,2095,2135,55760
44,2019-10-23,2115,2105,113238
45,2019-10-24,2105,2130,262857
46,2019-10-25,2325,2165,2689972
47,2019-10-28,2165,2155,234705
48,2019-10-29,2190,2200,659499
49,2019-10-30,2190,2150,131016
50,2019-10-31,2145,2120,195273
51,2019-11-01,2115,2105,156082
52,2019-11-04,2115,2195,135042
53,2019-11-05,2200,2205,110593
54,2019-11-06,2230,2235,228708
55,2019-11-07,2280,2230,99602
56,2019-11-08,2245,2245,152102
57,2019-11-11,2245,2225,120496
58,2019-11-12,2225,2240,85946
59,2019-11-13,2255,2205,73476
60,2019-11-14,2210,2215,83562
61,2019-11-15,2235,2275,705489
62,2019-11-18,2275,2285,150183
63,2019-11-19,2270,2220,183652
64,2019-11-20,2235,2130,220162
65,2019-11-21,2125,2065,258722
66,2019-11-22,2065,2035,203946
67,2019-11-25,2040,2060,115884
68,2019-11-26,2085,2060,113228
69,2019-11-27,2060,2035,107843
70,2019-11-28,2035,2000,114592
71,2019-11-29,1995,1970,144478
72,2019-12-02,1970,1975,101331
73,2019-12-03,1965,1980,41385
74,2019-12-04,1965,1945,91303
75,2019-12-05,1950,1905,100773
76,2019-12-06,1900,1920,48817
77,2019-12-09,1930,1935,31917
78,2019-12-10,1950,1920,67373
79,2019-12-11,1925,1975,53661
80,2019-12-12,2000,1985,71754
81,2019-12-13,2020,2015,65756
82,2019-12-16,2025,2015,34381
83,2019-12-17,2030,2020,43288
84,2019-12-18,2010,2000,61129
85,2019-12-19,2000,2010,59171
86,2019-12-20,2025,1995,48987
87,2019-12-23,2000,1980,83475
88,2019-12-24,1980,1980,52535
89,2019-12-26,1960,1980,59887
90,2019-12-27,1970,1985,67374
91,2019-12-30,2010,2020,103914
92,2020-01-02,2010,2035,44841
93,2020-01-03,2035,2030,87784
94,2020-01-06,2020,1970,129609
95,2020-01-07,1970,2040,116443
96,2020-01-08,2040,1960,221118
97,2020-01-09,1985,2025,109042
98,2020-01-10,2040,2065,156603
99,2020-01-13,2075,2050,73374
100,2020-01-14,2045,2035,98818
101,2020-01-15,2040,2080,145068
102,2020-01-16,2095,2120,328978
103,2020-01-17,2125,2110,394945
104,2020-01-20,2130,2065,124133
105,2020-01-21,2060,2040,105300
106,2020-01-22,2045,2075,50847
107,2020-01-23,2075,2150,304451
108,2020-01-28,2070,2080,236502
109,2020-01-29,2080,2130,283196
110,2020-01-30,2140,2165,1587649
111,2020-01-31,2175,2040,429270
112,2020-02-03,1980,1960,307591
113,2020-02-04,1990,1985,162414
114,2020-02-05,2015,2015,131490
115,2020-02-06,2015,2080,270905
116,2020-02-07,2085,2085,113099
117,2020-02-10,2085,2085,168106
118,2020-02-11,2165,2340,10677827
119,2020-02-12,2340,2335,1547382
120,2020-02-13,2355,2325,1006210
121,2020-02-14,2305,2285,1076420
122,2020-02-17,2235,2265,518225
123,2020-02-18,2255,2230,479446
124,2020-02-19,2230,2205,359925
125,2020-02-20,2210,2280,638983
126,2020-02-21,2275,2195,328801
127,2020-02-24,2100,2060,445393
128,2020-02-25,2000,2055,472490
129,2020-02-26,1985,2000,401696
130,2020-02-27,1995,1910,542603
131,2020-02-28,1865,1765,484214
132,2020-03-02,1765,1810,277136
133,2020-03-03,1845,1815,323025
134,2020-03-04,1800,1865,206800
135,2020-03-05,1890,1910,212649
136,2020-03-06,1905,1840,213755
137,2020-03-09,1805,1760,274803
138,2020-03-10,1655,1725,274534
139,2020-03-11,1780,1665,178243
140,2020-03-12,1635,1500,379431
141,2020-03-13,1360,1300,754300
142,2020-03-16,1285,1290,427254
143,2020-03-17,1130,1305,319847
144,2020-03-18,1360,1220,250044
145,2020-03-19,1240,988,480931
146,2020-03-20,970,1120,677358
147,2020-03-23,987,985,504850
148,2020-03-24,988,1015,312428
149,2020-03-25,1040,1085,533869
150,2020-03-26,1095,1135,500130
151,2020-03-27,1155,1150,429531
152,2020-03-30,1130,1150,197925
153,2020-03-31,1170,1260,468001
154,2020-04-01,1255,1245,304672
155,2020-04-02,1245,1255,224248
156,2020-04-03,1260,1290,173066
157,2020-04-06,1290,1360,330192
158,2020-04-07,1390,1425,436194
159,2020-04-08,1435,1425,233552
160,2020-04-09,1440,1475,396694
161,2020-04-10,1505,1475,213733
162,2020-04-13,1465,1425,125136
163,2020-04-14,1425,1450,147757
164,2020-04-16,1485,1470,132939
165,2020-04-17,1475,1595,330716
166,2020-04-20,1640,1580,432996
167,2020-04-21,1585,1520,422656
168,2020-04-22,1535,1925,22140291
169,2020-04-23,1780,1845,5749830
170,2020-04-24,1820,1775,2550452
171,2020-04-27,1795,1825,705094
172,2020-04-28,1850,1815,662376
173,2020-04-29,1785,1775,357983
174,2020-05-04,1735,1760,375528
175,2020-05-06,1770,1825,464535
176,2020-05-07,1810,1840,392903
177,2020-05-08,1850,1805,1032669
178,2020-05-11,1820,1790,340100
179,2020-05-12,1780,1770,502680
180,2020-05-13,1745,1720,292330
181,2020-05-14,1720,1755,287810
182,2020-05-15,1765,1740,196626
183,2020-05-18,1740,1750,185788
184,2020-05-19,1750,1790,687452
185,2020-05-20,1805,1815,390506
186,2020-05-21,1835,1790,277542
187,2020-05-22,1785,1760,271127
188,2020-05-25,1765,1770,113885
189,2020-05-26,1780,1800,301855
190,2020-05-27,1805,1800,292637
191,2020-05-28,1820,1780,532599
192,2020-05-29,1780,1760,155829
193,2020-06-01,1775,1775,194280
194,2020-06-02,1800,1795,158305
195,2020-06-03,1800,1800,890724
196,2020-06-04,1810,1815,239791
197,2020-06-05,1820,1830,220028
198,2020-06-08,1840,1800,273958
199,2020-06-09,1800,1770,247327
200,2020-06-10,1755,1775,118427
201,2020-06-11,1790,1735,238190
202,2020-06-12,1700,1720,203993
203,2020-06-15,1690,1535,470978
204,2020-06-16,1550,1620,153060
205,2020-06-17,1620,1615,125379
206,2020-06-18,1615,1650,70704
207,2020-06-19,1650,1630,109788
208,2020-06-22,1595,1600,89921
209,2020-06-23,1605,1610,91895
210,2020-06-24,1640,1620,58324
211,2020-06-25,1610,1590,104486
212,2020-06-26,1590,1565,116262
213,2020-06-29,1570,1475,148540
214,2020-06-30,1515,1530,117325
215,2020-07-01,1530,1490,57625
216,2020-07-02,1500,1525,46861
217,2020-07-03,1530,1545,53433
218,2020-07-06,1545,1650,211376
219,2020-07-07,1655,1620,142485
220,2020-07-08,1625,1625,204309
221,2020-07-09,1615,1615,88609
222,2020-07-10,1615,1555,111985
223,2020-07-13,1590,1610,95379
224,2020-07-14,1610,1635,236742
225,2020-07-15,1710,1640,406793
226,2020-07-16,1640,1630,128760
227,2020-07-17,1620,1730,2720305
228,2020-07-20,1890,1860,14050125
229,2020-07-21,1835,1855,1634886
230,2020-07-22,1920,1955,23956047
231,2020-07-23,1975,2000,3686426
232,2020-07-24,1975,2025,1756226
233,2020-07-27,2025,2330,26053006
234,2020-07-28,2335,2230,3322438
235,2020-07-29,2250,2345,16221248
236,2020-07-30,2360,2435,2857629
237,2020-07-31,2390,2415,2996367
238,2020-08-03,2440,2385,1114686
239,2020-08-04,2385,2370,1463539
240,2020-08-05,2385,2285,956676
241,2020-08-06,2320,2240,1038194
242,2020-08-07,2225,2240,701838
243,2020-08-10,2220,2285,885724
244,2020-08-11,2285,2285,739795
245,2020-08-12,2285,2340,1346925
246,2020-08-13,2340,2350,1173999
247,2020-08-14,2390,2485,3058711
248,2020-08-18,2475,2165,1856331
249,2020-08-19,2200,2350,666650
250,2020-08-20,2350,2470,4165605
251,2020-08-21,2505,2400,10200643
252,2020-08-24,2330,2300,1349273
253,2020-08-25,2350,2315,761696
254,2020-08-26,2315,2315,816425
255,2020-08-27,2350,2180,1034886
256,2020-08-28,2170,2330,1435320
257,2020-08-31,2335,2320,543123
258,2020-09-01,2350,2390,1153748
259,2020-09-02,2400,2435,865926
260,2020-09-03,2470,2360,630803
261,2020-09-04,2315,2420,1038690
262,2020-09-07,2450,2425,869084
263,2020-09-08,2430,2450,572919
264,2020-09-09,2435,3185,3940570
265,2020-09-10,3500,3030,13572907
266,2020-09-11,3080,3455,36129552
267,2020-09-14,3490,3925,36014228
268,2020-09-15,3845,3685,4135235
269,2020-09-16,3660,3535,1644156
270,2020-09-17,3555,3445,1524519
271,2020-09-18,3460,3385,4287625
272,2020-09-21,3380,3475,1926735
273,2020-09-22,3925,3470,14145717
274,2020-09-23,3450,3205,1840159
275,2020-09-24,3105,2790,1832494
276,2020-09-25,2780,2920,9446267
277,2020-09-28,2980,3040,1561356
278,2020-09-29,3040,3170,4582220
279,2020-10-05,3125,3175,1071905
280,2020-10-06,3180,3295,3467747
281,2020-10-07,3270,3260,831206
282,2020-10-08,3300,3190,687546
283,2020-10-12,3185,3155,601867
284,2020-10-13,3145,3230,634228
285,2020-10-14,3205,3100,811430
286,2020-10-15,3110,2995,572613
287,2020-10-16,2990,3015,420161
288,2020-10-19,2955,2995,417222
289,2020-10-20,2995,3155,2258289
290,2020-10-21,3115,3140,873960
291,2020-10-22,3110,2950,564516
292,2020-10-23,2970,2965,353059
293,2020-10-26,2995,2820,358849
294,2020-10-27,2770,2810,460447
295,2020-10-28,2865,2970,382098
296,2020-10-29,2835,2890,292258
297,2020-10-30,2865,2830,270796
298,2020-11-02,2810,2845,204460
299,2020-11-03,2845,2880,292580
