,date,open,close,volume
0,2019-08-16,1720,1700,183773
1,2019-08-19,1700,1715,80565
2,2019-08-20,1735,1740,216227
3,2019-08-21,1740,1770,223006
4,2019-08-22,1770,1760,106928
5,2019-08-23,1760,1735,93317
6,2019-08-26,1675,1615,181007
7,2019-08-27,1630,1635,96599
8,2019-08-28,1625,1685,76134
9,2019-08-29,1685,1645,97257
10,2019-08-30,1655,1670,75863
11,2019-09-02,1680,1730,167072
12,2019-09-03,1710,1735,527551
13,2019-09-04,1740,1780,903767
14,2019-09-05,1770,1780,174984
15,2019-09-06,1785,1755,129180
16,2019-09-09,1755,1720,71842
17,2019-09-10,1730,1775,99832
18,2019-09-11,1755,1805,129435
19,2019-09-16,1805,1810,166089
20,2019-09-17,1805,1835,249782
21,2019-09-18,1825,1870,866407
22,2019-09-19,1865,1895,208762
23,2019-09-20,1895,1885,125548
24,2019-09-23,1865,1860,147777
25,2019-09-24,1850,1850,161678
26,2019-09-25,1855,1795,142807
27,2019-09-26,1800,1790,129401
28,2019-09-27,1765,1805,170516
29,2019-09-30,1800,1810,91603
30,2019-10-01,1785,1840,205833
31,2019-10-02,1825,1790,218461
32,2019-10-04,1790,1735,108899
33,2019-10-07,1740,1715,76129
34,2019-10-08,1695,1715,53452
35,2019-10-10,1715,1685,59923
36,2019-10-11,1700,1680,68900
37,2019-10-14,1685,1720,126806
38,2019-10-15,1725,1715,90763
39,2019-10-16,1730,1715,104541
40,2019-10-17,1725,1710,78772
41,2019-10-18,1720,1700,74540
42,2019-10-21,1730,1730,395717
43,2019-10-22,1735,1700,158538
44,2019-10-23,1705,1670,173277
45,2019-10-24,1660,1650,124634
46,2019-10-25,1640,1705,175483
47,2019-10-28,1680,1690,119885
48,2019-10-29,1690,1745,808906
49,2019-10-30,1725,1730,610371
50,2019-10-31,1935,1790,6315691
51,2019-11-01,1770,1810,756956
52,2019-11-04,1810,1785,377667
53,2019-11-05,1795,1825,498845
54,2019-11-06,1830,1815,245995
55,2019-11-07,1815,1825,195586
56,2019-11-08,1835,1795,239666
57,2019-11-11,1800,1785,203767
58,2019-11-12,1780,1800,165645
59,2019-11-13,1795,1825,225435
60,2019-11-14,1825,1815,128619
61,2019-11-15,1810,1790,125449
62,2019-11-18,1795,1820,163127
63,2019-11-19,1820,1800,218120
64,2019-11-20,1805,1715,336689
65,2019-11-21,1740,1730,255147
66,2019-11-22,1755,1740,429960
67,2019-11-25,1785,2260,45109959
68,2019-11-26,2370,2210,28618949
69,2019-11-27,2210,2180,18810550
70,2019-11-28,2220,2120,12784889
71,2019-11-29,2110,2040,3402790
72,2019-12-02,2050,2105,4234331
73,2019-12-03,2055,2005,1949332
74,2019-12-04,2000,1965,2351854
75,2019-12-05,1985,1915,2317797
76,2019-12-06,1905,1930,1227741
77,2019-12-09,1930,1900,1229711
78,2019-12-10,1900,1960,1236740
79,2019-12-11,1950,1990,6738514
80,2019-12-12,2005,1980,1104862
81,2019-12-13,1990,1970,793836
82,2019-12-16,1985,2050,1519791
83,2019-12-17,2050,1940,1455944
84,2019-12-18,1940,1960,671301
85,2019-12-19,1950,1930,469496
86,2019-12-20,1930,1915,559954
87,2019-12-23,1910,1875,512754
88,2019-12-24,1880,1815,554874
89,2019-12-26,1805,1895,545371
90,2019-12-27,1875,1920,356728
91,2019-12-30,1935,1960,325277
92,2020-01-02,1945,1975,551974
93,2020-01-03,1965,1985,533698
94,2020-01-06,1965,1920,438176
95,2020-01-07,1920,1990,873218
96,2020-01-08,1970,1875,893075
97,2020-01-09,1925,1970,500794
98,2020-01-10,1970,2015,541724
99,2020-01-13,2015,2050,705475
100,2020-01-14,2030,1985,675297
101,2020-01-15,1990,2080,957781
102,2020-01-16,2075,2030,542364
103,2020-01-17,2040,2050,458917
104,2020-01-20,2060,2010,403877
105,2020-01-21,2010,1970,318153
106,2020-01-22,1960,2015,271791
107,2020-01-23,2000,2000,154149
108,2020-01-28,1920,1900,575149
109,2020-01-29,1905,1925,295750
110,2020-01-30,1930,1850,482314
111,2020-01-31,1855,1800,480490
112,2020-02-03,1755,1795,472208
113,2020-02-04,1815,1825,180325
114,2020-02-05,1845,1850,191704
115,2020-02-06,1850,1875,203931
116,2020-02-07,1885,1865,189802
117,2020-02-10,1865,1910,422545
118,2020-02-11,1900,1925,208535
119,2020-02-12,1920,1950,417394
120,2020-02-13,1960,1940,252964
121,2020-02-14,1950,1960,221727
122,2020-02-17,1960,1950,137616
123,2020-02-18,1955,1920,215485
124,2020-02-19,1915,1905,214467
125,2020-02-20,1890,1870,322577
126,2020-02-21,1855,1800,365131
127,2020-02-24,1710,1640,1311525
128,2020-02-25,1615,1700,544884
129,2020-02-26,1675,1735,580934
130,2020-02-27,1725,1680,420184
131,2020-02-28,1645,1590,566436
132,2020-03-02,1600,1625,293134
133,2020-03-03,1660,1680,281265
134,2020-03-04,1660,1740,378065
135,2020-03-05,1750,1790,361047
136,2020-03-06,1785,1755,285899
137,2020-03-09,1725,1660,280629
138,2020-03-10,1610,1685,503257
139,2020-03-11,1690,1545,740775
140,2020-03-12,1525,1440,944165
141,2020-03-13,1280,1295,1300316
142,2020-03-16,1320,1300,842611
143,2020-03-17,1200,1345,565727
144,2020-03-18,1360,1250,484481
145,2020-03-19,1280,1095,931719
146,2020-03-20,1080,1180,595174
147,2020-03-23,1110,1170,624619
148,2020-03-24,1225,1290,412087
149,2020-03-25,1330,1310,419067
150,2020-03-26,1315,1325,489941
151,2020-03-27,1365,1335,464354
152,2020-03-30,1320,1440,1046898
153,2020-03-31,1500,1480,543802
154,2020-04-01,1505,1530,1120866
155,2020-04-02,1515,1500,482500
156,2020-04-03,1500,1500,219032
157,2020-04-06,1500,1565,390826
158,2020-04-07,1600,1575,364484
159,2020-04-08,1585,1590,357505
160,2020-04-09,1600,1625,492477
161,2020-04-10,1640,1625,435865
162,2020-04-13,1625,1610,1599277
163,2020-04-14,1625,1665,537008
164,2020-04-16,1700,1685,311600
165,2020-04-17,1690,1825,2305350
166,2020-04-20,2120,1870,9003358
167,2020-04-21,1810,1785,2058407
168,2020-04-22,1770,1815,1199823
169,2020-04-23,1890,1840,3243020
170,2020-04-24,1820,1800,677594
171,2020-04-27,1810,1830,687970
172,2020-04-28,1870,1840,3888874
173,2020-04-29,1860,1930,4087506
174,2020-05-04,1910,1965,3861673
175,2020-05-06,2025,2080,4538646
176,2020-05-07,2070,2020,2399327
177,2020-05-08,2050,2000,1180466
178,2020-05-11,2000,1950,875700
179,2020-05-12,1960,1925,512518
180,2020-05-13,1900,1995,1400352
181,2020-05-14,1970,2000,3112800
182,2020-05-15,2005,1950,619714
183,2020-05-18,1950,2025,1873792
184,2020-05-19,2030,2015,660616
185,2020-05-20,2045,2180,5785197
186,2020-05-21,2140,2175,4125216
187,2020-05-22,2465,2180,63748708
188,2020-05-25,2210,2290,12851279
189,2020-05-26,2295,2265,2805551
190,2020-05-27,2260,2415,18963278
191,2020-05-28,2410,2305,3851069
192,2020-05-29,2290,2430,6860377
193,2020-06-01,2390,2525,10775409
194,2020-06-02,2500,2440,3195889
195,2020-06-03,2430,2395,1802853
196,2020-06-04,2400,2350,1558015
197,2020-06-05,2345,2350,1910308
198,2020-06-08,2355,2300,1810294
199,2020-06-09,2300,2330,1154818
200,2020-06-10,2350,2335,1133062
201,2020-06-11,2330,2295,932834
202,2020-06-12,2150,2175,2127733
203,2020-06-15,2160,1980,2807364
204,2020-06-16,2020,2060,740923
205,2020-06-17,2010,2145,1432962
206,2020-06-18,2140,2075,578616
207,2020-06-19,2110,2090,913864
208,2020-06-22,2115,2075,599138
209,2020-06-23,2090,2095,647016
210,2020-06-24,2090,2080,767094
211,2020-06-25,2050,2200,4106076
212,2020-06-26,2285,2125,14908763
213,2020-06-29,2095,2020,1504869
214,2020-06-30,2045,2010,889415
215,2020-07-01,2020,2030,1359543
216,2020-07-02,2030,2035,408905
217,2020-07-03,2055,2035,501075
218,2020-07-06,2065,2205,2733476
219,2020-07-07,2225,2140,1527489
220,2020-07-08,2140,2270,3172454
221,2020-07-09,2265,2385,8206132
222,2020-07-10,2360,2305,2741172
223,2020-07-13,2345,2400,2833959
224,2020-07-14,2370,2260,4557553
225,2020-07-15,2260,2230,1200180
226,2020-07-16,2230,2235,963629
227,2020-07-17,2235,2245,494626
228,2020-07-20,2260,2215,538692
229,2020-07-21,2215,2265,3063832
230,2020-07-22,2280,2265,949643
231,2020-07-23,2265,2215,924907
232,2020-07-24,2235,2230,2480932
233,2020-07-27,2230,2275,943449
234,2020-07-28,2335,2250,2237270
235,2020-07-29,2240,2280,743337
236,2020-07-30,2285,2255,756947
237,2020-07-31,2370,2800,77146188
238,2020-08-03,2895,2640,20584302
239,2020-08-04,2650,2645,8222245
240,2020-08-05,2625,2595,7275253
241,2020-08-06,2600,2545,2719184
242,2020-08-07,2535,2545,1532949
243,2020-08-10,2565,2485,1974570
244,2020-08-11,2495,2515,3676692
245,2020-08-12,2510,2435,1773170
246,2020-08-13,2460,2475,1825061
247,2020-08-14,2455,2370,1521136
248,2020-08-18,2380,2200,2139370
249,2020-08-19,2200,2250,1317855
250,2020-08-20,2255,2095,1984450
251,2020-08-21,2100,2090,674944
252,2020-08-24,2085,2115,506797
253,2020-08-25,2120,2190,741011
254,2020-08-26,2200,2190,743087
255,2020-08-27,2200,2160,752935
256,2020-08-28,2165,2165,609594
257,2020-08-31,2175,2245,1072366
258,2020-09-01,2250,2275,636957
259,2020-09-02,2265,2310,907698
260,2020-09-03,2325,2295,1063197
261,2020-09-04,2190,2245,904041
262,2020-09-07,2335,2420,17896171
263,2020-09-08,2505,2350,14247394
264,2020-09-09,2340,2435,12814315
265,2020-09-10,2445,2500,2829200
266,2020-09-11,2490,2400,1634410
267,2020-09-14,2445,2470,2064676
268,2020-09-15,2485,2430,1941445
269,2020-09-16,2440,2650,12860998
270,2020-09-17,2545,2565,9106850
271,2020-09-18,2820,2595,105098108
272,2020-09-21,2605,2425,7823372
273,2020-09-22,2400,2255,4689011
274,2020-09-23,2285,2330,5752688
275,2020-09-24,2295,2545,20528266
276,2020-09-25,2480,2385,4558825
277,2020-09-28,2415,2475,5144047
278,2020-09-29,2515,2500,5087338
279,2020-10-05,2515,2645,9160812
280,2020-10-06,2640,2700,5545463
281,2020-10-07,2655,2645,3412524
282,2020-10-08,2680,2575,22578088
283,2020-10-12,2625,2585,3400188
284,2020-10-13,2605,2620,2905409
285,2020-10-14,2635,2945,88911048
286,2020-10-15,3160,2795,41225188
287,2020-10-16,2755,2910,30358797
288,2020-10-19,3090,2850,65047007
289,2020-10-20,2840,2950,12538891
290,2020-10-21,2925,2830,5309068
291,2020-10-22,2780,2680,7248886
292,2020-10-23,3050,2755,81729589
293,2020-10-26,2760,3155,58721901
294,2020-10-27,2985,2825,17734830
295,2020-10-28,2935,2865,10945596
296,2020-10-29,2820,2835,5560278
297,2020-10-30,2790,2620,4547207
298,2020-11-02,2630,2645,2028309
299,2020-11-03,2660,2670,1829549
