,date,open,close,volume
0,2019-11-20,6060,4785,11057463
1,2019-11-20,6060,4785,11057463
2,2019-11-20,6060,4785,11057463
3,2019-11-20,6060,4785,11057463
4,2019-11-20,6060,4785,11057463
5,2019-11-20,6060,4785,11057463
6,2019-11-20,6060,4785,11057463
7,2019-11-21,4750,4915,9010117
8,2019-11-21,4750,4915,9010117
9,2019-11-21,4750,4915,9010117
10,2019-11-21,4750,4915,9010117
11,2019-11-21,4750,4915,9010117
12,2019-11-21,4750,4915,9010117
13,2019-11-21,4750,4915,9010117
14,2019-11-22,4830,4645,3292244
15,2019-11-22,4830,4645,3292244
16,2019-11-22,4830,4645,3292244
17,2019-11-22,4830,4645,3292244
18,2019-11-22,4830,4645,3292244
19,2019-11-22,4830,4645,3292244
20,2019-11-22,4830,4645,3292244
21,2019-11-25,4850,4890,10313139
22,2019-11-25,4850,4890,10313139
23,2019-11-25,4850,4890,10313139
24,2019-11-25,4850,4890,10313139
25,2019-11-25,4850,4890,10313139
26,2019-11-25,4850,4890,10313139
27,2019-11-25,4850,4890,10313139
28,2019-11-26,4970,5080,6961711
29,2019-11-26,4970,5080,6961711
30,2019-11-26,4970,5080,6961711
31,2019-11-26,4970,5080,6961711
32,2019-11-26,4970,5080,6961711
33,2019-11-26,4970,5080,6961711
34,2019-11-26,4970,5080,6961711
35,2019-11-27,5390,5170,4469836
36,2019-11-27,5390,5170,4469836
37,2019-11-27,5390,5170,4469836
38,2019-11-27,5390,5170,4469836
39,2019-11-27,5390,5170,4469836
40,2019-11-27,5390,5170,4469836
41,2019-11-27,5390,5170,4469836
42,2019-11-28,5380,4935,2373941
43,2019-11-29,4980,4690,1906646
44,2019-12-02,4645,4365,990982
45,2019-12-03,4445,4310,1027376
46,2019-12-04,4255,4390,685922
47,2019-12-05,4365,4160,747604
48,2019-12-06,4185,4125,397481
49,2019-12-09,4140,3970,449141
50,2019-12-10,3960,4050,1470602
51,2019-12-11,4065,3990,316167
52,2019-12-12,4015,4035,720643
53,2019-12-13,4045,3950,565814
54,2019-12-16,4025,4100,830863
55,2019-12-17,4160,4075,445631
56,2019-12-18,4085,4230,978156
57,2019-12-19,4225,4125,270728
58,2019-12-20,4135,3995,375049
59,2019-12-23,4005,3950,160012
60,2019-12-24,3930,3905,315293
61,2019-12-26,3900,3955,118276
62,2019-12-27,3905,3970,192363
63,2019-12-30,3990,3990,86989
64,2020-01-02,4005,4080,267038
65,2020-01-03,4085,4085,296624
66,2020-01-06,4005,3970,178607
67,2020-01-07,4000,4005,252602
68,2020-01-08,4080,3850,265296
69,2020-01-09,3985,3935,226118
70,2020-01-10,3935,4020,366569
71,2020-01-13,4115,4025,209500
72,2020-01-14,4050,4025,192133
73,2020-01-15,4020,4030,98868
74,2020-01-16,4055,4005,171030
75,2020-01-17,4030,4115,286081
76,2020-01-20,4295,4160,984567
77,2020-01-21,4155,4025,218082
78,2020-01-22,4025,4015,111847
79,2020-01-23,4010,3940,100109
80,2020-01-28,3800,3675,359057
81,2020-01-29,3750,3710,112037
82,2020-01-30,3705,3600,146441
83,2020-01-31,3605,3570,165593
84,2020-02-03,3630,3850,776939
85,2020-02-04,3850,3900,184640
86,2020-02-05,3900,3830,274516
87,2020-02-06,3830,3930,208146
88,2020-02-07,3940,3910,101247
89,2020-02-10,3910,3870,85631
90,2020-02-11,3925,3965,225011
91,2020-02-12,4000,4100,424474
92,2020-02-13,4105,4030,234335
93,2020-02-14,4060,3995,92248
94,2020-02-17,3995,3910,134862
95,2020-02-18,3915,4045,494879
96,2020-02-19,4030,4200,295858
97,2020-02-20,4230,4350,1375108
98,2020-02-21,4470,4910,2420173
99,2020-02-24,5960,5700,12520358
100,2020-02-25,5320,4590,4927495
101,2020-02-26,4900,4545,2654248
102,2020-02-27,4525,4390,1202261
103,2020-02-28,4300,4790,5593256
104,2020-03-02,4700,4490,1131649
105,2020-03-03,4530,4360,1285640
106,2020-03-04,4350,4260,1323469
107,2020-03-05,4295,4220,749464
108,2020-03-06,4220,4400,1268939
109,2020-03-09,4340,4000,777300
110,2020-03-10,3855,3965,458259
111,2020-03-11,3990,3860,627179
112,2020-03-12,3750,3465,549886
113,2020-03-13,3200,2850,779924
114,2020-03-16,2980,2870,693149
115,2020-03-17,2610,3010,551653
116,2020-03-18,3090,2950,603758
117,2020-03-19,3050,2625,327557
118,2020-03-20,2660,2795,283831
119,2020-03-23,2565,2635,612945
120,2020-03-24,2700,2795,243440
121,2020-03-25,2900,2885,471579
122,2020-03-26,2945,2895,716466
123,2020-03-27,3030,3015,568646
124,2020-03-30,2920,3275,589250
125,2020-03-31,3900,4165,2692820
126,2020-04-01,4090,4065,7072330
127,2020-04-02,4065,4045,1153164
128,2020-04-03,4080,3860,788729
129,2020-04-06,3860,4000,814864
130,2020-04-07,4090,4000,414539
131,2020-04-08,3995,3980,425543
132,2020-04-09,4020,4430,5121769
133,2020-04-10,4600,4200,1535993
134,2020-04-13,4455,4220,5029632
135,2020-04-14,4300,4270,853044
136,2020-04-16,4270,4200,418678
137,2020-04-17,4350,4390,1172772
138,2020-04-20,4660,4400,1420438
139,2020-04-21,4340,4220,722347
140,2020-04-22,4170,4260,403784
141,2020-04-23,4275,4450,581371
142,2020-04-24,4390,4530,1177300
143,2020-04-27,4730,5260,4368382
144,2020-04-28,5280,5350,4131474
145,2020-04-29,5370,5370,4330665
146,2020-05-04,5370,5600,1321830
147,2020-05-06,5950,5760,2186656
148,2020-05-07,5770,6050,1653970
149,2020-05-08,6160,5880,1125467
150,2020-05-11,5850,5540,1693167
151,2020-05-12,5610,5300,1148009
152,2020-05-13,5350,5410,848603
153,2020-05-14,5310,5660,1173579
154,2020-05-15,5750,5960,1415330
155,2020-05-18,5970,5560,1085800
156,2020-05-19,5590,5400,1067350
157,2020-05-20,5350,5320,636497
158,2020-05-21,5340,5150,733344
159,2020-05-22,5150,5000,500816
160,2020-05-25,5040,5140,288075
161,2020-05-26,5140,5230,547227
162,2020-05-27,5280,5180,215149
163,2020-05-28,5180,4930,412327
164,2020-05-29,4990,4880,251549
165,2020-06-01,4950,5000,232273
166,2020-06-02,5010,5020,180631
167,2020-06-03,4945,4815,428058
168,2020-06-04,4825,4685,413814
169,2020-06-05,4735,4885,581842
170,2020-06-08,4905,4785,237049
171,2020-06-09,4800,4670,275628
172,2020-06-10,4675,4685,168873
173,2020-06-11,4700,4750,271461
174,2020-06-12,4500,4585,315756
175,2020-06-15,4620,4480,467207
176,2020-06-16,4645,4710,360138
177,2020-06-17,4710,4755,313867
178,2020-06-18,4830,5240,3444206
179,2020-06-19,5230,5200,681931
180,2020-06-22,5200,5350,1366831
181,2020-06-23,5350,5300,658736
182,2020-06-24,5320,5100,651156
183,2020-06-25,4985,5100,443088
184,2020-06-26,5260,5300,637127
185,2020-06-29,5240,5410,800363
186,2020-06-30,5500,5300,658322
187,2020-07-01,5360,5340,562885
188,2020-07-02,5340,5410,439183
189,2020-07-03,5430,5310,279809
190,2020-07-06,5350,5500,1235837
191,2020-07-07,5530,5450,1281518
192,2020-07-08,5450,5270,610234
193,2020-07-09,5270,5100,520880
194,2020-07-10,5100,5050,306032
195,2020-07-13,5090,5230,339398
196,2020-07-14,5280,5240,363173
197,2020-07-15,5300,5180,527154
198,2020-07-16,5230,5080,244410
199,2020-07-17,5080,5100,148730
200,2020-07-20,5140,4900,421203
201,2020-07-21,4910,4920,195363
202,2020-07-22,4920,4995,140415
203,2020-07-23,5010,4925,138815
204,2020-07-24,4870,4890,169620
205,2020-07-27,4890,4895,163075
206,2020-07-28,4895,4790,233659
207,2020-07-29,4765,4730,169448
208,2020-07-30,4740,4770,115804
209,2020-07-31,4815,4735,115892
210,2020-08-03,4735,4680,168487
211,2020-08-04,4690,4880,207482
212,2020-08-05,4880,4885,159485
213,2020-08-06,4885,4940,196020
214,2020-08-07,4985,4905,104091
215,2020-08-10,4905,5070,336117
216,2020-08-11,5120,5030,537412
217,2020-08-12,5080,4960,369334
218,2020-08-13,4990,4915,173738
219,2020-08-14,4915,4790,246901
220,2020-08-18,4870,4925,829612
221,2020-08-19,4810,4880,365227
222,2020-08-20,4910,5060,616456
223,2020-08-21,5010,5120,608870
224,2020-08-24,5300,5110,1509397
225,2020-08-25,5180,5350,1368765
226,2020-08-26,5370,5470,4754283
227,2020-08-27,5610,6000,4036482
228,2020-08-28,5800,6230,12391705
229,2020-08-31,6230,6000,8971163
230,2020-09-01,5990,5550,1783217
231,2020-09-02,5570,5560,869813
232,2020-09-03,5610,5510,792361
233,2020-09-04,5310,5500,819225
234,2020-09-07,5540,5390,582427
235,2020-09-08,5370,5250,623409
236,2020-09-09,5150,5170,320567
237,2020-09-10,5230,5310,477931
238,2020-09-11,5310,5280,214888
239,2020-09-14,5310,5360,215825
240,2020-09-15,5390,5640,1725210
241,2020-09-16,5640,5570,583414
242,2020-09-17,5650,5500,609137
243,2020-09-18,5560,5630,539665
244,2020-09-21,5630,5400,293030
245,2020-09-22,5370,5180,282188
246,2020-09-23,5240,5260,225017
247,2020-09-24,5100,5130,629380
248,2020-09-25,5180,5100,595081
249,2020-09-28,5130,5150,193583
250,2020-09-29,5210,5200,150170
251,2020-10-05,5210,5210,163783
252,2020-10-06,5230,5300,221856
253,2020-10-07,5290,5430,430227
254,2020-10-08,5450,5370,263023
255,2020-10-12,5340,5550,604448
256,2020-10-13,5570,5540,471536
257,2020-10-14,5540,5370,277005
258,2020-10-15,5350,5280,190364
259,2020-10-16,5240,5220,197746
260,2020-10-19,5240,5230,72038
261,2020-10-20,5190,5180,142303
262,2020-10-21,5200,5270,101550
263,2020-10-22,5320,5250,126788
264,2020-10-23,5250,5140,154367
265,2020-10-26,5110,4955,279807
266,2020-10-27,4870,4940,121610
267,2020-10-28,4865,5040,55284
268,2020-10-29,4980,5010,68082
269,2020-10-30,5010,4950,71102
270,2020-11-02,4910,4930,78206
271,2020-11-03,4930,5030,102465
