,date,open,close,volume
0,2019-08-16,1325,1280,201737
1,2019-08-19,1265,1265,136589
2,2019-08-20,1250,1275,235131
3,2019-08-21,1265,1275,143360
4,2019-08-22,1270,1295,137734
5,2019-08-23,1305,1275,104415
6,2019-08-26,1250,1250,178340
7,2019-08-27,1240,1235,77628
8,2019-08-28,1210,1240,148753
9,2019-08-29,1235,1250,119663
10,2019-08-30,1255,1330,602557
11,2019-09-02,1330,1330,87255
12,2019-09-03,1310,1310,131250
13,2019-09-04,1315,1310,118343
14,2019-09-05,1310,1310,158492
15,2019-09-06,1310,1320,183268
16,2019-09-09,1310,1300,147231
17,2019-09-10,1310,1285,82743
18,2019-09-11,1285,1345,757210
19,2019-09-16,1330,1345,143586
20,2019-09-17,1345,1335,94284
21,2019-09-18,1335,1335,142571
22,2019-09-19,1335,1300,470633
23,2019-09-20,1300,1300,151662
24,2019-09-23,1310,1310,132750
25,2019-09-24,1310,1310,121314
26,2019-09-25,1350,1295,324788
27,2019-09-26,1315,1285,133760
28,2019-09-27,1300,1295,64959
29,2019-09-30,1285,1270,115888
30,2019-10-01,1265,1290,66299
31,2019-10-02,1285,1275,111439
32,2019-10-04,1280,1285,96759
33,2019-10-07,1285,1220,415036
34,2019-10-08,1180,1175,431126
35,2019-10-10,1160,1045,869045
36,2019-10-11,1355,1355,332828
37,2019-10-14,1755,1760,6271059
38,2019-10-15,1965,1750,21883638
39,2019-10-16,1775,1740,7043386
40,2019-10-17,1735,1685,6092936
41,2019-10-18,1650,1615,2360094
42,2019-10-21,1590,1605,1755693
43,2019-10-22,1590,1610,2364558
44,2019-10-23,1600,1525,1662488
45,2019-10-24,1540,1550,960355
46,2019-10-25,1530,1520,815499
47,2019-10-28,1515,1525,898202
48,2019-10-29,1545,1490,896890
49,2019-10-30,1490,1510,2247756
50,2019-10-31,1500,1560,653937
51,2019-11-01,1560,1510,902849
52,2019-11-04,1510,1505,344094
53,2019-11-05,1500,1505,431510
54,2019-11-06,1510,1515,353392
55,2019-11-07,1525,1540,488724
56,2019-11-08,1545,1640,2385547
57,2019-11-11,1690,1600,1412208
58,2019-11-12,1595,1560,738257
59,2019-11-13,1490,1475,1102504
60,2019-11-14,1470,1540,1257947
61,2019-11-15,1520,1510,619762
62,2019-11-18,1505,1505,280942
63,2019-11-19,1500,1540,597422
64,2019-11-20,1550,1470,536606
65,2019-11-21,1475,1435,240283
66,2019-11-22,1435,1400,313215
67,2019-11-25,1400,1420,190384
68,2019-11-26,1420,1455,208276
69,2019-11-27,1465,1425,185557
70,2019-11-28,1420,1400,167001
71,2019-11-29,1400,1375,142864
72,2019-12-02,1385,1360,279531
73,2019-12-03,1330,1380,118323
74,2019-12-04,1360,1345,112599
75,2019-12-05,1330,1340,283371
76,2019-12-06,1350,1345,150508
77,2019-12-09,1350,1340,195763
78,2019-12-10,1325,1320,227015
79,2019-12-11,1295,1365,263990
80,2019-12-12,1355,1385,247411
81,2019-12-13,1390,1390,358854
82,2019-12-16,1375,1370,283077
83,2019-12-17,1360,1360,180297
84,2019-12-18,1350,1365,221193
85,2019-12-19,1365,1375,113712
86,2019-12-20,1375,1370,186697
87,2019-12-23,1370,1310,264948
88,2019-12-24,1320,1305,1748877
89,2019-12-26,1295,1300,257029
90,2019-12-27,1325,1295,700607
91,2019-12-30,1640,1550,12991788
92,2020-01-02,1500,1390,6931039
93,2020-01-03,1400,1350,2000111
94,2020-01-06,1315,1270,1356534
95,2020-01-07,1280,1270,970943
96,2020-01-08,1250,1190,1150701
97,2020-01-09,1210,1250,593583
98,2020-01-10,1245,1240,261007
99,2020-01-13,1240,1250,247382
100,2020-01-14,1245,1240,316327
101,2020-01-15,1245,1235,541465
102,2020-01-16,1250,1235,590249
103,2020-01-17,1235,1225,326831
104,2020-01-20,1235,1215,464987
105,2020-01-21,1220,1205,198359
106,2020-01-22,1210,1205,209727
107,2020-01-23,1205,1225,585316
108,2020-01-28,1210,1435,11292688
109,2020-01-29,1430,1340,3133634
110,2020-01-30,1350,1280,1458036
111,2020-01-31,1315,1250,1863408
112,2020-02-03,1225,1200,1014889
113,2020-02-04,1205,1210,510897
114,2020-02-05,1210,1220,443893
115,2020-02-06,1230,1250,809440
116,2020-02-07,1250,1265,400648
117,2020-02-10,1265,1345,2484814
118,2020-02-11,1375,1280,2477814
119,2020-02-12,1280,1250,623623
120,2020-02-13,1250,1240,390245
121,2020-02-14,1240,1250,280165
122,2020-02-17,1250,1235,249821
123,2020-02-18,1220,1220,326204
124,2020-02-19,1215,1215,448187
125,2020-02-20,1215,1270,1235230
126,2020-02-21,1250,1215,502405
127,2020-02-24,1200,1120,722020
128,2020-02-25,1115,1160,158933
129,2020-02-26,1135,1120,226013
130,2020-02-27,1140,1120,241731
131,2020-02-28,1090,1065,283892
132,2020-03-02,1055,1090,245019
133,2020-03-03,1095,1115,146265
134,2020-03-04,1105,1120,165235
135,2020-03-05,1110,1135,136157
136,2020-03-06,1135,1115,104944
137,2020-03-09,1110,1065,292538
138,2020-03-10,1045,1070,911106
139,2020-03-11,1070,1065,330239
140,2020-03-12,1075,1025,380645
141,2020-03-13,990,989,889004
142,2020-03-16,960,989,294812
143,2020-03-17,970,1005,235133
144,2020-03-18,1000,996,309750
145,2020-03-19,960,958,568696
146,2020-03-20,881,982,291215
147,2020-03-23,903,935,422989
148,2020-03-24,936,934,380532
149,2020-03-25,937,958,263066
150,2020-03-26,958,998,484523
151,2020-03-27,1010,986,401081
152,2020-03-30,980,1005,342777
153,2020-03-31,1030,1030,418003
154,2020-04-01,1030,985,394512
155,2020-04-02,990,989,291061
156,2020-04-03,991,1000,450101
157,2020-04-06,1020,1020,458381
158,2020-04-07,1045,1035,373796
159,2020-04-08,1035,1050,520900
160,2020-04-09,1070,1060,288608
161,2020-04-10,1065,1055,313915
162,2020-04-13,1055,1050,235157
163,2020-04-14,1050,1060,261615
164,2020-04-16,1070,1050,546466
165,2020-04-17,1050,1070,559981
166,2020-04-20,1080,1070,443036
167,2020-04-21,1075,1030,646617
168,2020-04-22,1025,1040,368370
169,2020-04-23,1045,1185,3039540
170,2020-04-24,1160,1140,680317
171,2020-04-27,1140,1150,1039496
172,2020-04-28,1150,1130,654577
173,2020-04-29,1140,1135,300468
174,2020-05-04,1140,1135,204588
175,2020-05-06,1135,1160,229624
176,2020-05-07,1175,1165,330728
177,2020-05-08,1365,1225,5105945
178,2020-05-11,1230,1170,857660
179,2020-05-12,1170,1160,438438
180,2020-05-13,1140,1150,306608
181,2020-05-14,1140,1125,448798
182,2020-05-15,1120,1110,560839
183,2020-05-18,1100,1140,326206
184,2020-05-19,1140,1160,368669
185,2020-05-20,1160,1200,609222
186,2020-05-21,1195,1285,2451833
187,2020-05-22,1305,1340,2103510
188,2020-05-25,1345,1275,654494
189,2020-05-26,1270,1240,378384
190,2020-05-27,1260,1230,186588
191,2020-05-28,1240,1235,404579
192,2020-05-29,1225,1220,147364
193,2020-06-01,1230,1255,207017
194,2020-06-02,1260,1245,152854
195,2020-06-03,1245,1235,180059
196,2020-06-04,1250,1235,166197
197,2020-06-05,1240,1235,97299
198,2020-06-08,1235,1235,152226
199,2020-06-09,1245,1220,202406
200,2020-06-10,1230,1210,151122
201,2020-06-11,1210,1175,204238
202,2020-06-12,1110,1155,201160
203,2020-06-15,1155,1060,340669
204,2020-06-16,1110,1115,163778
205,2020-06-17,1110,1095,94019
206,2020-06-18,1095,1110,116053
207,2020-06-19,1085,1125,121870
208,2020-06-22,1125,1105,43053
209,2020-06-23,1105,1105,114224
210,2020-06-24,1120,1115,134807
211,2020-06-25,1100,1100,112924
212,2020-06-26,1100,1100,78715
213,2020-06-29,1085,1085,41971
214,2020-06-30,1080,1105,76731
215,2020-07-01,1095,1085,118342
216,2020-07-02,1085,1080,158321
217,2020-07-03,1070,1080,71907
218,2020-07-06,1085,1090,127949
219,2020-07-07,1090,1085,89596
220,2020-07-08,1075,1090,57179
221,2020-07-09,1090,1100,119699
222,2020-07-10,1090,1100,172764
223,2020-07-13,1095,1100,91409
224,2020-07-14,1100,1095,199013
225,2020-07-15,1095,1105,174913
226,2020-07-16,1105,1110,291256
227,2020-07-17,1110,1115,184881
228,2020-07-20,1110,1120,238105
229,2020-07-21,1135,1125,192452
230,2020-07-22,1130,1125,174416
231,2020-07-23,1125,1120,141609
232,2020-07-24,1105,1115,136982
233,2020-07-27,1115,1125,141773
234,2020-07-28,1125,1105,153235
235,2020-07-29,1105,1120,130470
236,2020-07-30,1130,1105,205838
237,2020-07-31,1110,1105,144751
238,2020-08-03,1105,1085,134437
239,2020-08-04,1080,1085,221731
240,2020-08-05,1085,1080,191317
241,2020-08-06,1085,1085,98037
242,2020-08-07,1090,1085,215120
243,2020-08-10,1080,1075,289285
244,2020-08-11,1080,1080,181649
245,2020-08-12,1080,1120,314773
246,2020-08-13,1110,1085,287271
247,2020-08-14,1095,1100,184770
248,2020-08-18,1095,1050,215008
249,2020-08-19,1050,1060,137853
250,2020-08-20,1050,1020,235809
251,2020-08-21,1010,1025,115822
252,2020-08-24,1025,1015,129556
253,2020-08-25,1015,1040,263019
254,2020-08-26,1040,1050,139599
255,2020-08-27,1045,1030,211132
256,2020-08-28,1045,1045,113038
257,2020-08-31,1060,1040,88219
258,2020-09-01,1040,1040,84028
259,2020-09-02,1035,1050,101598
260,2020-09-03,1050,1055,102025
261,2020-09-04,1035,1075,220666
262,2020-09-07,1080,1090,437497
263,2020-09-08,1090,1090,209955
264,2020-09-09,1090,1100,285346
265,2020-09-10,1100,1125,410755
266,2020-09-11,1135,1115,149661
267,2020-09-14,1120,1130,158304
268,2020-09-15,1130,1155,328373
269,2020-09-16,1155,1165,158559
270,2020-09-17,1170,1140,179328
271,2020-09-18,1145,1135,99194
272,2020-09-21,1130,1140,176944
273,2020-09-22,1125,1100,170885
274,2020-09-23,1100,1110,70017
275,2020-09-24,1100,1060,104074
276,2020-09-25,1070,1060,112602
277,2020-09-28,1060,1075,99465
278,2020-09-29,1070,1085,51690
279,2020-10-05,1095,1095,44184
280,2020-10-06,1105,1100,53289
281,2020-10-07,1100,1110,36955
282,2020-10-08,1120,1105,75302
283,2020-10-12,1130,1100,44407
284,2020-10-13,1110,1100,112397
285,2020-10-14,1100,1095,47322
286,2020-10-15,1080,1075,111545
287,2020-10-16,1075,1075,51766
288,2020-10-19,1075,1065,78778
289,2020-10-20,1060,1055,81638
290,2020-10-21,1060,1065,107454
291,2020-10-22,1065,1050,104144
292,2020-10-23,1055,1050,50795
293,2020-10-26,1065,1030,93693
294,2020-10-27,1030,1030,60509
295,2020-10-28,1030,1025,83670
296,2020-10-29,1010,1020,186094
297,2020-10-30,1030,1020,52485
298,2020-11-02,1020,1020,38190
299,2020-11-03,1045,1035,39770
