,date,open,close,volume
0,2019-08-16,6300,6600,257111
1,2019-08-19,6620,6600,109471
2,2019-08-20,6600,6770,168814
3,2019-08-21,6840,7090,443106
4,2019-08-22,7050,6950,172903
5,2019-08-23,6840,6880,179793
6,2019-08-26,6530,6550,366773
7,2019-08-27,6650,6700,153522
8,2019-08-28,6760,6860,131847
9,2019-08-29,6880,6620,179146
10,2019-08-30,6740,6720,101617
11,2019-09-02,6670,6710,65287
12,2019-09-03,6710,6750,59093
13,2019-09-04,6690,6940,116988
14,2019-09-05,6950,7000,279197
15,2019-09-06,7100,6930,68408
16,2019-09-09,6930,6880,31750
17,2019-09-10,6880,6740,54254
18,2019-09-11,6750,6630,106053
19,2019-09-16,6660,6610,97749
20,2019-09-17,6600,6720,116967
21,2019-09-18,6730,6720,69803
22,2019-09-19,6760,6740,150982
23,2019-09-20,6760,6740,78668
24,2019-09-23,6790,6560,92348
25,2019-09-24,6560,6670,81119
26,2019-09-25,6600,6440,113014
27,2019-09-26,6510,6570,132105
28,2019-09-27,6600,6570,42702
29,2019-09-30,6570,6500,67061
30,2019-10-01,6480,6520,53954
31,2019-10-02,6410,6310,90497
32,2019-10-04,6350,6270,59177
33,2019-10-07,6280,6370,94371
34,2019-10-08,6370,6450,101615
35,2019-10-10,6380,6400,57480
36,2019-10-11,6500,6410,55593
37,2019-10-14,6520,6640,236886
38,2019-10-15,6700,6890,275218
39,2019-10-16,6900,6990,321473
40,2019-10-17,6940,6860,176902
41,2019-10-18,6950,6900,326145
42,2019-10-21,7080,7170,526762
43,2019-10-22,7200,7130,232137
44,2019-10-23,7140,7120,149487
45,2019-10-24,7100,7150,149280
46,2019-10-25,7190,7520,924108
47,2019-10-28,7620,7450,300791
48,2019-10-29,7450,7780,733965
49,2019-10-30,7870,7600,312198
50,2019-10-31,7640,7560,295744
51,2019-11-01,7560,7640,132414
52,2019-11-04,7700,7440,321860
53,2019-11-05,7450,7250,193078
54,2019-11-06,7260,7260,173796
55,2019-11-07,7220,7070,171779
56,2019-11-08,7100,7050,175120
57,2019-11-11,7010,6880,118559
58,2019-11-12,6880,7060,116766
59,2019-11-13,7230,6760,792723
60,2019-11-14,6760,6710,242107
61,2019-11-15,6740,6860,155590
62,2019-11-18,6880,7100,329664
63,2019-11-19,7150,6980,144406
64,2019-11-20,7030,6700,162446
65,2019-11-21,6700,6530,142377
66,2019-11-22,6470,6610,95628
67,2019-11-25,6770,6800,66558
68,2019-11-26,6840,6820,94603
69,2019-11-27,6800,6770,69170
70,2019-11-28,6730,6610,131811
71,2019-11-29,6740,6430,252269
72,2019-12-02,6500,6670,136710
73,2019-12-03,6700,6480,79468
74,2019-12-04,6500,6400,44125
75,2019-12-05,6410,6350,98996
76,2019-12-06,6360,6630,77683
77,2019-12-09,6750,6640,77715
78,2019-12-10,6720,6640,48140
79,2019-12-11,6640,6690,60306
80,2019-12-12,6680,6890,175012
81,2019-12-13,7030,7170,327141
82,2019-12-16,7250,7660,891508
83,2019-12-17,7700,7630,425168
84,2019-12-18,7630,7630,238806
85,2019-12-19,7720,7620,258698
86,2019-12-20,7670,7890,219324
87,2019-12-23,7890,7830,187656
88,2019-12-24,7760,7800,91081
89,2019-12-26,7740,7950,305915
90,2019-12-27,8000,8390,540721
91,2019-12-30,8480,8280,205809
92,2020-01-02,8280,8280,242484
93,2020-01-03,8290,8060,271368
94,2020-01-06,7940,8060,188997
95,2020-01-07,8070,7940,169866
96,2020-01-08,7860,8000,377913
97,2020-01-09,8150,8450,450664
98,2020-01-10,8620,8520,286396
99,2020-01-13,8460,8270,230557
100,2020-01-14,8310,8190,297333
101,2020-01-15,8220,8200,128019
102,2020-01-16,8200,8250,287559
103,2020-01-17,8340,8350,227722
104,2020-01-20,8430,8790,1220549
105,2020-01-21,8760,8580,513198
106,2020-01-22,8560,8840,353456
107,2020-01-23,8800,8710,182754
108,2020-01-28,8210,8300,453357
109,2020-01-29,8460,8300,206296
110,2020-01-30,8290,8000,286830
111,2020-01-31,8100,7770,222159
112,2020-02-03,7570,8000,331435
113,2020-02-04,8080,8030,283528
114,2020-02-05,8250,7970,233467
115,2020-02-06,8000,8200,249593
116,2020-02-07,8200,8160,134199
117,2020-02-10,8050,8140,211527
118,2020-02-11,8200,8130,164322
119,2020-02-12,8140,8560,356514
120,2020-02-13,8600,8460,291328
121,2020-02-14,8500,8720,423878
122,2020-02-17,8700,8760,143581
123,2020-02-18,8780,8450,339796
124,2020-02-19,8440,8530,285065
125,2020-02-20,8580,8310,283026
126,2020-02-21,8140,8170,193689
127,2020-02-24,7840,7880,254472
128,2020-02-25,7800,8100,165127
129,2020-02-26,7870,8000,153737
130,2020-02-27,8000,7620,609735
131,2020-02-28,7360,7080,426280
132,2020-03-02,7120,7520,257846
133,2020-03-03,7800,7500,315149
134,2020-03-04,7380,7740,187565
135,2020-03-05,7900,7880,167076
136,2020-03-06,7760,7650,137481
137,2020-03-09,7430,7290,210314
138,2020-03-10,7100,7600,216427
139,2020-03-11,7680,7340,240853
140,2020-03-12,7170,6740,469798
141,2020-03-13,6200,6310,573239
142,2020-03-16,6410,5910,374100
143,2020-03-17,5610,6010,227474
144,2020-03-18,6010,5680,295003
145,2020-03-19,5700,4800,590003
146,2020-03-20,5200,5310,436828
147,2020-03-23,4900,4790,390231
148,2020-03-24,5020,5390,254786
149,2020-03-25,5680,5780,346821
150,2020-03-26,5790,5750,277861
151,2020-03-27,6090,5890,283397
152,2020-03-30,5600,5920,187992
153,2020-03-31,6050,5920,267347
154,2020-04-01,5920,5730,455505
155,2020-04-02,5730,5860,215820
156,2020-04-03,5910,5870,153740
157,2020-04-06,5900,6200,311890
158,2020-04-07,6460,6470,392948
159,2020-04-08,6450,6600,253089
160,2020-04-09,6820,6850,313226
161,2020-04-10,6840,6710,276713
162,2020-04-13,6660,6300,286938
163,2020-04-14,6470,6440,133885
164,2020-04-16,6400,6420,315303
165,2020-04-17,6630,6690,415173
166,2020-04-20,6690,6620,136272
167,2020-04-21,6600,6700,784498
168,2020-04-22,6590,6690,274384
169,2020-04-23,6760,6720,274979
170,2020-04-24,6610,6460,194023
171,2020-04-27,6520,6580,175009
172,2020-04-28,6620,6760,198568
173,2020-04-29,6750,6890,333810
174,2020-05-04,6730,6720,186138
175,2020-05-06,6820,7030,250289
176,2020-05-07,7060,7220,213740
177,2020-05-08,7280,7500,358358
178,2020-05-11,7530,7970,1985721
179,2020-05-12,7960,8000,589307
180,2020-05-13,7810,8150,465704
181,2020-05-14,8120,8000,661359
182,2020-05-15,8210,8400,1360394
183,2020-05-18,8450,9220,1734365
184,2020-05-19,9440,9340,1086154
185,2020-05-20,9330,9530,570297
186,2020-05-21,9670,9800,1646760
187,2020-05-22,9800,9440,942895
188,2020-05-25,9570,9770,747873
189,2020-05-26,9870,9500,717055
190,2020-05-27,9510,9230,631940
191,2020-05-28,9320,8890,1171876
192,2020-05-29,8730,8890,327245
193,2020-06-01,8890,9230,576098
194,2020-06-02,9310,9250,398065
195,2020-06-03,9300,9250,442742
196,2020-06-04,9420,9320,407694
197,2020-06-05,9380,9430,547706
198,2020-06-08,9510,9320,297042
199,2020-06-09,9450,9090,487484
200,2020-06-10,9090,9100,425622
201,2020-06-11,9060,9000,565125
202,2020-06-12,8440,8900,483479
203,2020-06-15,8830,8070,507044
204,2020-06-16,8360,8470,297067
205,2020-06-17,8410,8560,304422
206,2020-06-18,8600,8750,289992
207,2020-06-19,8780,8920,263171
208,2020-06-22,8930,8950,300049
209,2020-06-23,9030,8830,369760
210,2020-06-24,8810,9680,1040309
211,2020-06-25,9430,9430,697850
212,2020-06-26,9500,9310,276756
213,2020-06-29,9100,9240,424807
214,2020-06-30,9400,9310,392044
215,2020-07-01,9460,10550,3143498
216,2020-07-02,10550,11150,2359837
217,2020-07-03,11150,10550,1092445
218,2020-07-06,10700,10900,645807
219,2020-07-07,11100,10750,515811
220,2020-07-08,10600,10850,385844
221,2020-07-09,10950,11150,916131
222,2020-07-10,11050,11150,444765
223,2020-07-13,11350,11100,484715
224,2020-07-14,10950,11550,538018
225,2020-07-15,11750,11950,653018
226,2020-07-16,11900,11350,772046
227,2020-07-17,11400,11400,288022
228,2020-07-20,11550,11100,512612
229,2020-07-21,11300,11250,331545
230,2020-07-22,11300,12100,929978
231,2020-07-23,12100,12100,552697
232,2020-07-24,12100,12050,777590
233,2020-07-27,11900,12200,580412
234,2020-07-28,12200,12400,297085
235,2020-07-29,12400,13200,1198968
236,2020-07-30,13350,13750,766120
237,2020-07-31,13800,13350,484598
238,2020-08-03,13600,14000,533715
239,2020-08-04,14200,13900,345291
240,2020-08-05,13850,13500,622822
241,2020-08-06,13500,13100,573430
242,2020-08-07,13100,13000,451969
243,2020-08-10,13100,12950,285392
244,2020-08-11,13050,12900,476664
245,2020-08-12,13350,13150,722580
246,2020-08-13,13600,13200,871872
247,2020-08-14,13100,13500,1282016
248,2020-08-18,13900,12900,1019545
249,2020-08-19,13200,13000,571434
250,2020-08-20,12900,11650,1303201
251,2020-08-21,11950,12000,555889
252,2020-08-24,12000,12200,506066
253,2020-08-25,12300,12750,457150
254,2020-08-26,12800,12350,348316
255,2020-08-27,12400,12100,495484
256,2020-08-28,12000,12900,945063
257,2020-08-31,12900,12450,603503
258,2020-09-01,12500,12850,373701
259,2020-09-02,13150,13800,1576081
260,2020-09-03,13850,15800,4589024
261,2020-09-04,15150,16100,1664990
262,2020-09-07,15900,15850,1055529
263,2020-09-08,15750,15500,843879
264,2020-09-09,15050,15500,626316
265,2020-09-10,15600,15300,435735
266,2020-09-11,15250,15100,367261
267,2020-09-14,15400,15450,383032
268,2020-09-15,16400,15850,1699366
269,2020-09-16,15900,15500,567364
270,2020-09-17,15700,14850,608647
271,2020-09-18,14950,14700,453522
272,2020-09-21,14700,14200,459822
273,2020-09-22,14000,14100,441304
274,2020-09-23,14350,13900,578420
275,2020-09-24,13600,13950,783219
276,2020-09-25,14150,14500,646355
277,2020-09-28,14800,14900,417253
278,2020-09-29,15050,14800,198724
279,2020-10-05,14650,14850,263003
280,2020-10-06,15000,14750,331322
281,2020-10-07,14800,15150,370670
282,2020-10-08,15350,15000,225840
283,2020-10-12,15100,15100,254035
284,2020-10-13,15350,15600,650898
285,2020-10-14,15400,15000,352624
286,2020-10-15,15000,14500,404485
287,2020-10-16,14400,14350,330105
288,2020-10-19,14350,13800,294746
289,2020-10-20,13600,14200,546054
290,2020-10-21,14100,14450,189881
291,2020-10-22,14300,14000,244929
292,2020-10-23,13950,13800,168901
293,2020-10-26,13850,13150,489366
294,2020-10-27,13000,13600,276827
295,2020-10-28,13700,14250,232245
296,2020-10-29,13900,14200,236033
297,2020-10-30,14100,13650,250549
298,2020-11-02,13800,14400,469951
299,2020-11-03,14550,14600,279722
