,date,open,close,volume
0,2019-08-16,1010,1035,226574
1,2019-08-19,1045,1045,115892
2,2019-08-20,1045,1055,135809
3,2019-08-21,1050,1050,152322
4,2019-08-22,1045,1045,106068
5,2019-08-23,1045,1045,74871
6,2019-08-26,1020,1025,328114
7,2019-08-27,1020,1020,140224
8,2019-08-28,1005,1020,159180
9,2019-08-29,1020,1005,65734
10,2019-08-30,1010,1025,179735
11,2019-09-02,1035,1165,10868606
12,2019-09-03,1155,1145,1150027
13,2019-09-04,1140,1160,2349333
14,2019-09-05,1185,1125,2028992
15,2019-09-06,1145,1125,307932
16,2019-09-09,1125,1145,485175
17,2019-09-10,1155,1115,380525
18,2019-09-11,1115,1125,328536
19,2019-09-16,1125,1145,283768
20,2019-09-17,1150,1160,629896
21,2019-09-18,1175,1145,337803
22,2019-09-19,1150,1170,550039
23,2019-09-20,1175,1160,421530
24,2019-09-23,1155,1135,216010
25,2019-09-24,1135,1150,217283
26,2019-09-25,1140,1135,296338
27,2019-09-26,1135,1135,267846
28,2019-09-27,1120,1125,86293
29,2019-09-30,1125,1110,228952
30,2019-10-01,1115,1110,116292
31,2019-10-02,1105,1115,72591
32,2019-10-04,1105,1130,178797
33,2019-10-07,1135,1115,173275
34,2019-10-08,1085,1080,408193
35,2019-10-10,1075,1070,175638
36,2019-10-11,1060,1075,104477
37,2019-10-14,1075,1080,204493
38,2019-10-15,1085,1100,146946
39,2019-10-16,1115,1125,7161784
40,2019-10-17,1130,1140,509922
41,2019-10-18,1140,1355,56302911
42,2019-10-21,1395,1570,76580877
43,2019-10-22,1520,1510,10253348
44,2019-10-23,1490,1430,45655504
45,2019-10-24,1530,1465,16010638
46,2019-10-25,1465,1420,7581742
47,2019-10-28,1370,1370,4634192
48,2019-10-29,1370,1320,12158005
49,2019-10-30,1325,1315,4008920
50,2019-10-31,1325,1385,4278685
51,2019-11-01,1405,1340,5573445
52,2019-11-04,1355,1385,2686535
53,2019-11-05,1380,1320,2116524
54,2019-11-06,1290,1350,3562189
55,2019-11-07,1355,1360,2612979
56,2019-11-08,1365,1435,53719910
57,2019-11-11,1450,1490,17024806
58,2019-11-12,1460,1380,11042535
59,2019-11-13,1350,1320,5717650
60,2019-11-14,1315,1345,4541265
61,2019-11-15,1340,1270,3422691
62,2019-11-18,1275,1285,1271585
63,2019-11-19,1280,1300,2391491
64,2019-11-20,1290,1320,1688126
65,2019-11-21,1365,1365,30083225
66,2019-11-22,1375,1305,5817278
67,2019-11-25,1310,1355,2462646
68,2019-11-26,1380,1410,4443691
69,2019-11-27,1395,1355,2581398
70,2019-11-28,1345,1305,2127773
71,2019-11-29,1305,1270,1165260
72,2019-12-02,1275,1310,1164890
73,2019-12-03,1285,1295,652766
74,2019-12-04,1280,1225,1677137
75,2019-12-05,1235,1215,1122992
76,2019-12-06,1215,1290,1104550
77,2019-12-09,1295,1300,787939
78,2019-12-10,1305,1335,2067976
79,2019-12-11,1340,1355,1244193
80,2019-12-12,1360,1335,1410662
81,2019-12-13,1350,1370,1239783
82,2019-12-16,1370,1380,1015132
83,2019-12-17,1385,1365,817115
84,2019-12-18,1365,1425,3167760
85,2019-12-19,1410,1395,3934366
86,2019-12-20,1400,1390,1044158
87,2019-12-23,1390,1330,1048246
88,2019-12-24,1355,1345,964016
89,2019-12-26,1335,1385,925808
90,2019-12-27,1385,1420,1702540
91,2019-12-30,1410,1430,768563
92,2020-01-02,1435,1450,1574702
93,2020-01-03,1450,1405,1156590
94,2020-01-06,1390,1415,1102560
95,2020-01-07,1430,1415,763694
96,2020-01-08,1410,1330,1509099
97,2020-01-09,1380,1435,1685219
98,2020-01-10,1450,1455,1402356
99,2020-01-13,1460,1485,2742374
100,2020-01-14,1490,1520,9861437
101,2020-01-15,1500,1505,2082301
102,2020-01-16,1580,1630,53315297
103,2020-01-17,1655,1685,12580969
104,2020-01-20,1685,1610,6382801
105,2020-01-21,1610,1615,7643379
106,2020-01-22,1680,1630,5857393
107,2020-01-23,1645,1605,2152055
108,2020-01-28,1640,1620,9308060
109,2020-01-29,1645,1665,8835793
110,2020-01-30,1665,1585,3720010
111,2020-01-31,1630,1550,3078722
112,2020-02-03,1490,1530,2480617
113,2020-02-04,1540,1560,1244816
114,2020-02-05,1565,1555,2065376
115,2020-02-06,1565,1545,1768647
116,2020-02-07,1540,1515,1749065
117,2020-02-10,1495,1525,1316264
118,2020-02-11,1525,1520,562495
119,2020-02-12,1515,1570,1343219
120,2020-02-13,1575,1545,1042033
121,2020-02-14,1545,1555,684373
122,2020-02-17,1495,1540,923311
123,2020-02-18,1540,1505,907734
124,2020-02-19,1505,1550,2481915
125,2020-02-20,1545,1505,5095591
126,2020-02-21,1535,1550,10863298
127,2020-02-24,1565,1335,4794046
128,2020-02-25,1305,1385,1807884
129,2020-02-26,1350,1380,4678490
130,2020-02-27,1380,1350,1142940
131,2020-02-28,1310,1240,2263254
132,2020-03-02,1240,1315,3507906
133,2020-03-03,1335,1315,1165658
134,2020-03-04,1320,1365,1467611
135,2020-03-05,1380,1375,4307820
136,2020-03-06,1360,1390,2012271
137,2020-03-09,1370,1280,1970448
138,2020-03-10,1240,1275,1129217
139,2020-03-11,1275,1180,1460851
140,2020-03-12,1170,1105,1713067
141,2020-03-13,998,1030,3200087
142,2020-03-16,1060,974,1849871
143,2020-03-17,900,979,1454485
144,2020-03-18,986,870,1289616
145,2020-03-19,894,637,2846367
146,2020-03-20,631,730,2739521
147,2020-03-23,670,655,1224795
148,2020-03-24,680,700,1040108
149,2020-03-25,730,766,1924346
150,2020-03-26,790,905,3901383
151,2020-03-27,950,921,4172569
152,2020-03-30,913,1025,4870908
153,2020-03-31,1060,1020,2381831
154,2020-04-01,1020,1050,6921999
155,2020-04-02,1050,1090,3534032
156,2020-04-03,1100,1095,2132356
157,2020-04-06,1100,1140,2331428
158,2020-04-07,1170,1130,2168385
159,2020-04-08,1125,1170,3608363
160,2020-04-09,1185,1240,3985550
161,2020-04-10,1230,1150,3019451
162,2020-04-13,1145,1300,13237092
163,2020-04-14,1250,1240,6521809
164,2020-04-16,1255,1310,9906520
165,2020-04-17,1315,1465,58214141
166,2020-04-20,1505,1455,19339318
167,2020-04-21,1470,1455,45788040
168,2020-04-22,1450,1510,80098017
169,2020-04-23,1545,1515,15808326
170,2020-04-24,1500,1440,4746801
171,2020-04-27,1460,1530,7915722
172,2020-04-28,1535,1515,4373619
173,2020-04-29,1525,1490,9012843
174,2020-05-04,1500,1540,5339826
175,2020-05-06,1565,1615,15750025
176,2020-05-07,1620,1545,17659852
177,2020-05-08,1515,1590,5515904
178,2020-05-11,1595,1625,16796141
179,2020-05-12,1625,1555,3904495
180,2020-05-13,1485,1510,3879664
181,2020-05-14,1515,1480,3521876
182,2020-05-15,1560,1480,6364668
183,2020-05-18,1490,1435,2345268
184,2020-05-19,1465,1435,1342030
185,2020-05-20,1460,1485,5864745
186,2020-05-21,1490,1485,2471967
187,2020-05-22,1485,1530,4483653
188,2020-05-25,1515,1485,2342620
189,2020-05-26,1490,1480,1437931
190,2020-05-27,1490,1470,1023074
191,2020-05-28,1465,1420,2504438
192,2020-05-29,1410,1400,932798
193,2020-06-01,1400,1500,4109131
194,2020-06-02,1500,1480,1628238
195,2020-06-03,1480,1450,1226590
196,2020-06-04,1465,1485,2036858
197,2020-06-05,1470,1455,1600339
198,2020-06-08,1460,1455,660094
199,2020-06-09,1465,1470,3883857
200,2020-06-10,1460,1425,1333420
201,2020-06-11,1430,1425,1666653
202,2020-06-12,1340,1365,1683930
203,2020-06-15,1365,1190,2235869
204,2020-06-16,1230,1270,1252276
205,2020-06-17,1250,1265,726470
206,2020-06-18,1265,1260,542531
207,2020-06-19,1275,1265,739487
208,2020-06-22,1270,1270,615935
209,2020-06-23,1270,1260,376950
210,2020-06-24,1295,1285,684117
211,2020-06-25,1250,1240,497117
212,2020-06-26,1270,1245,534312
213,2020-06-29,1220,1225,441199
214,2020-06-30,1235,1250,599728
215,2020-07-01,1250,1220,526585
216,2020-07-02,1220,1240,472221
217,2020-07-03,1250,1260,676803
218,2020-07-06,1280,1260,524891
219,2020-07-07,1255,1235,806817
220,2020-07-08,1240,1245,344303
221,2020-07-09,1250,1300,2632318
222,2020-07-10,1335,1340,2744787
223,2020-07-13,1355,1355,781833
224,2020-07-14,1350,1380,63775947
225,2020-07-15,1395,1350,6384644
226,2020-07-16,1345,1305,3142836
227,2020-07-17,1305,1315,1746871
228,2020-07-20,1310,1330,1648261
229,2020-07-21,1335,1315,1582323
230,2020-07-22,1310,1285,1256575
231,2020-07-23,1285,1280,1149352
232,2020-07-24,1265,1280,965510
233,2020-07-27,1270,1310,1055441
234,2020-07-28,1315,1290,1056933
235,2020-07-29,1285,1295,708951
236,2020-07-30,1295,1290,1311382
237,2020-07-31,1285,1280,635128
238,2020-08-03,1280,1265,533725
239,2020-08-04,1270,1280,1352294
240,2020-08-05,1285,1315,1134445
241,2020-08-06,1310,1280,777163
242,2020-08-07,1285,1285,574578
243,2020-08-10,1290,1265,522787
244,2020-08-11,1280,1285,618587
245,2020-08-12,1275,1255,647711
246,2020-08-13,1260,1270,363836
247,2020-08-14,1260,1235,765027
248,2020-08-18,1235,1145,1191771
249,2020-08-19,1135,1150,716526
250,2020-08-20,1140,1100,1133382
251,2020-08-21,1100,1145,719320
252,2020-08-24,1140,1140,450443
253,2020-08-25,1155,1180,620677
254,2020-08-26,1200,1175,452888
255,2020-08-27,1175,1135,645168
256,2020-08-28,1135,1160,719174
257,2020-08-31,1170,1180,433020
258,2020-09-01,1175,1190,554927
259,2020-09-02,1210,1245,5602440
260,2020-09-03,1245,1225,736375
261,2020-09-04,1160,1205,1052323
262,2020-09-07,1210,1225,583630
263,2020-09-08,1220,1205,497850
264,2020-09-09,1185,1190,706545
265,2020-09-10,1205,1240,13456719
266,2020-09-11,1225,1220,1241500
267,2020-09-14,1230,1240,1787673
268,2020-09-15,1245,1245,641601
269,2020-09-16,1250,1235,819757
270,2020-09-17,1235,1210,494579
271,2020-09-18,1225,1240,1158973
272,2020-09-21,1240,1230,752789
273,2020-09-22,1225,1180,859760
274,2020-09-23,1190,1175,536100
275,2020-09-24,1140,1135,731997
276,2020-09-25,1140,1125,533756
277,2020-09-28,1130,1165,358326
278,2020-09-29,1165,1190,489438
279,2020-10-05,1200,1205,333925
280,2020-10-06,1205,1220,486608
281,2020-10-07,1215,1225,289197
282,2020-10-08,1230,1205,315920
283,2020-10-12,1215,1245,636096
284,2020-10-13,1265,1235,397094
285,2020-10-14,1235,1210,327995
286,2020-10-15,1195,1245,3497031
287,2020-10-16,1230,1250,1385871
288,2020-10-19,1270,1300,3827855
289,2020-10-20,1400,1240,25519597
290,2020-10-21,1245,1265,2452840
291,2020-10-22,1240,1220,1792067
292,2020-10-23,1215,1230,2293558
293,2020-10-26,1215,1165,1236547
294,2020-10-27,1155,1175,965321
295,2020-10-28,1170,1185,2991824
296,2020-10-29,1155,1185,632848
297,2020-10-30,1180,1165,669909
298,2020-11-02,1165,1180,388181
299,2020-11-03,1180,1190,761965
