,date,open,close,volume
0,2019-08-16,5790,6070,543760
1,2019-08-19,6000,5800,396366
2,2019-08-20,5840,5870,238409
3,2019-08-21,5920,5860,175600
4,2019-08-22,5860,5920,235545
5,2019-08-23,5900,5850,195293
6,2019-08-26,5630,5490,368634
7,2019-08-27,5580,5550,153306
8,2019-08-28,5550,5620,160906
9,2019-08-29,5610,5840,801486
10,2019-08-30,5870,5900,391501
11,2019-09-02,5900,6000,498148
12,2019-09-03,5970,5970,232343
13,2019-09-04,5970,6010,168934
14,2019-09-05,5990,5960,248725
15,2019-09-06,5960,6080,2221450
16,2019-09-09,6030,5920,457705
17,2019-09-10,5960,6190,1079275
18,2019-09-11,6260,6220,602861
19,2019-09-16,6270,6300,1287388
20,2019-09-17,8190,8190,644374
21,2019-09-18,10600,10600,10157172
22,2019-09-19,10150,9400,14595096
23,2019-09-20,9100,10650,24274425
24,2019-09-23,9780,8940,7743680
25,2019-09-24,10600,9230,7762727
26,2019-09-25,9100,8780,4374737
27,2019-09-26,8360,8330,5806614
28,2019-09-27,8410,8100,2057426
29,2019-09-30,7740,7110,1712164
30,2019-10-01,6930,7400,3037110
31,2019-10-02,7520,7340,1996093
32,2019-10-04,7380,7000,878438
33,2019-10-07,6700,6790,603678
34,2019-10-08,6690,6940,1509789
35,2019-10-10,7260,6770,1017111
36,2019-10-11,6710,6940,1713404
37,2019-10-14,7040,6980,819047
38,2019-10-15,6980,6950,446777
39,2019-10-16,6950,7020,1611767
40,2019-10-17,6890,6890,489423
41,2019-10-18,6930,7020,675498
42,2019-10-21,7440,7150,1456508
43,2019-10-22,6920,6700,722365
44,2019-10-23,6690,6560,663614
45,2019-10-24,6590,6760,358554
46,2019-10-25,6700,6650,411703
47,2019-10-28,6690,6830,825732
48,2019-10-29,6970,6670,1811025
49,2019-10-30,6670,7000,2130393
50,2019-10-31,6960,6780,1167083
51,2019-11-01,6800,7040,1495143
52,2019-11-04,7100,7000,765641
53,2019-11-05,7000,6910,633696
54,2019-11-06,6920,6940,443849
55,2019-11-07,6910,6970,404448
56,2019-11-08,6950,7060,526684
57,2019-11-11,6990,6740,546081
58,2019-11-12,6780,6770,329616
59,2019-11-13,6770,8150,5790231
60,2019-11-14,9200,7730,13416556
61,2019-11-15,7670,7420,1907830
62,2019-11-18,7680,8350,22804695
63,2019-11-19,8020,7600,3084598
64,2019-11-20,7560,7190,2081486
65,2019-11-21,7000,6730,1822589
66,2019-11-22,6690,6860,1267838
67,2019-11-25,6730,6860,671818
68,2019-11-26,6860,6870,644976
69,2019-11-27,6870,6660,578960
70,2019-11-28,6670,6600,1408548
71,2019-11-29,6700,6610,924543
72,2019-12-02,6620,6470,742899
73,2019-12-03,6370,6070,656429
74,2019-12-04,6050,6050,452538
75,2019-12-05,6070,5920,409512
76,2019-12-06,5940,6170,805056
77,2019-12-09,6180,6180,368792
78,2019-12-10,6130,6150,216963
79,2019-12-11,6150,6170,232743
80,2019-12-12,6200,6520,1184928
81,2019-12-13,6570,6510,424080
82,2019-12-16,6510,6550,449994
83,2019-12-17,6520,6470,296028
84,2019-12-18,6470,6430,248899
85,2019-12-19,6420,6460,294710
86,2019-12-20,6440,6580,283069
87,2019-12-23,6570,6450,386405
88,2019-12-24,6410,6310,232401
89,2019-12-26,6250,6380,193331
90,2019-12-27,6350,6520,203579
91,2019-12-30,6480,6710,346121
92,2020-01-02,6760,6720,271764
93,2020-01-03,6730,6950,1242901
94,2020-01-06,7210,6730,1663662
95,2020-01-07,6750,6650,597379
96,2020-01-08,6590,6150,817286
97,2020-01-09,6650,6530,5084773
98,2020-01-10,6630,6840,1018247
99,2020-01-13,6970,6860,1510150
100,2020-01-14,7100,6850,870314
101,2020-01-15,6970,6860,846759
102,2020-01-16,6800,7150,4188808
103,2020-01-17,7290,7270,3667955
104,2020-01-20,7490,7610,5801021
105,2020-01-21,7610,7100,2292735
106,2020-01-22,7240,7610,12504102
107,2020-01-23,7650,7920,7811926
108,2020-01-28,8630,8850,12609392
109,2020-01-29,8400,7950,2151776
110,2020-01-30,7890,7150,2249154
111,2020-01-31,7200,6600,2012127
112,2020-02-03,6990,7100,9251096
113,2020-02-04,6950,6940,1568997
114,2020-02-05,6930,6940,2289804
115,2020-02-06,7050,7060,840231
116,2020-02-07,7100,7260,2388244
117,2020-02-10,7210,7510,3671648
118,2020-02-11,7570,7460,1169512
119,2020-02-12,7450,7100,833106
120,2020-02-13,7100,7130,581867
121,2020-02-14,7120,7240,831374
122,2020-02-17,7260,7090,402608
123,2020-02-18,7090,7230,716569
124,2020-02-19,7190,7370,1821556
125,2020-02-20,7450,7350,1921329
126,2020-02-21,7490,7090,1134308
127,2020-02-24,7080,6280,969423
128,2020-02-25,6050,6500,1012587
129,2020-02-26,6300,6360,544521
130,2020-02-27,6360,6220,570374
131,2020-02-28,6220,6110,3655699
132,2020-03-02,6100,6090,455937
133,2020-03-03,6120,6200,594692
134,2020-03-04,6250,6370,615877
135,2020-03-05,6520,6500,1393590
136,2020-03-06,6660,6510,661600
137,2020-03-09,6380,6020,711376
138,2020-03-10,5940,5850,554359
139,2020-03-11,5830,5450,662661
140,2020-03-12,5340,5170,582450
141,2020-03-13,4775,4465,794042
142,2020-03-16,4465,4400,755373
143,2020-03-17,4020,4395,384895
144,2020-03-18,4425,4160,510103
145,2020-03-19,4215,3240,691490
146,2020-03-20,3240,3450,448526
147,2020-03-23,3200,3415,706302
148,2020-03-24,3515,3650,421119
149,2020-03-25,3850,4040,695718
150,2020-03-26,4550,4400,1627314
151,2020-03-27,4525,4490,1189124
152,2020-03-30,4495,4630,428216
153,2020-03-31,4740,4775,676342
154,2020-04-01,4940,4925,925077
155,2020-04-02,5100,5040,398145
156,2020-04-03,5280,5130,430584
157,2020-04-06,6660,6660,467800
158,2020-04-07,8110,7230,15152345
159,2020-04-08,7440,7450,18817507
160,2020-04-09,7340,7750,20388380
161,2020-04-10,7750,6880,5287708
162,2020-04-13,6820,6100,1900813
163,2020-04-14,6250,6300,2466670
164,2020-04-16,6100,6350,537735
165,2020-04-17,6350,6350,422731
166,2020-04-20,6350,6850,1120069
167,2020-04-21,7020,6580,1617374
168,2020-04-22,6580,7060,8466700
169,2020-04-23,7050,7270,1808613
170,2020-04-24,7150,6850,1465381
171,2020-04-27,7050,7160,1041669
172,2020-04-28,7230,6940,503113
173,2020-04-29,7000,6930,383308
174,2020-05-04,6760,6930,373602
175,2020-05-06,6980,7120,749519
176,2020-05-07,7250,7000,512965
177,2020-05-08,7100,7200,1114185
178,2020-05-11,7200,7060,510378
179,2020-05-12,7100,6980,400364
180,2020-05-13,6850,7060,773879
181,2020-05-14,7010,7310,2975104
182,2020-05-15,7340,7140,807089
183,2020-05-18,7180,6970,369263
184,2020-05-19,6980,6860,386252
185,2020-05-20,6900,7000,259307
186,2020-05-21,7040,6990,253723
187,2020-05-22,7040,6820,395691
188,2020-05-25,7080,7230,4243400
189,2020-05-26,7210,7250,594426
190,2020-05-27,7350,7090,437909
191,2020-05-28,7110,7170,1626205
192,2020-05-29,7300,7200,1784069
193,2020-06-01,7210,7330,1057859
194,2020-06-02,7440,7490,1205136
195,2020-06-03,7600,7280,1311316
196,2020-06-04,7260,7260,524799
197,2020-06-05,7280,7420,915853
198,2020-06-08,7400,7370,410389
199,2020-06-09,7400,7250,381377
200,2020-06-10,7250,7370,1898239
201,2020-06-11,7320,7160,732015
202,2020-06-12,6800,6890,530741
203,2020-06-15,6890,6260,696333
204,2020-06-16,6310,6730,985077
205,2020-06-17,6610,6750,339611
206,2020-06-18,6750,6800,263842
207,2020-06-19,6820,6830,265757
208,2020-06-22,6820,6880,300444
209,2020-06-23,6920,6910,669802
210,2020-06-24,6920,6890,243146
211,2020-06-25,6810,6790,183817
212,2020-06-26,6900,6870,873467
213,2020-06-29,6810,6630,301449
214,2020-06-30,6730,8310,32655388
215,2020-07-01,8470,7800,35323748
216,2020-07-02,7890,8300,12119413
217,2020-07-03,8150,8350,2721189
218,2020-07-06,8500,8400,8901081
219,2020-07-07,8470,8400,3231740
220,2020-07-08,8290,8400,1677253
221,2020-07-09,8250,8130,908218
222,2020-07-10,8100,7940,712579
223,2020-07-13,7980,8080,636938
224,2020-07-14,8050,8620,2910198
225,2020-07-15,8760,8340,2955617
226,2020-07-16,8240,8000,805204
227,2020-07-17,8000,8240,1322699
228,2020-07-20,8130,8150,577597
229,2020-07-21,8190,8180,658038
230,2020-07-22,8220,8310,627314
231,2020-07-23,8300,8410,993186
232,2020-07-24,8440,8360,3684147
233,2020-07-27,8320,8170,829657
234,2020-07-28,8230,7990,618064
235,2020-07-29,7930,7830,411186
236,2020-07-30,7870,7810,443837
237,2020-07-31,7850,7890,288029
238,2020-08-03,8080,8270,966325
239,2020-08-04,8310,8520,1400232
240,2020-08-05,8600,8940,6013476
241,2020-08-06,9200,8480,6533319
242,2020-08-07,8580,8640,830773
243,2020-08-10,8790,8540,1244432
244,2020-08-11,8580,8680,1381807
245,2020-08-12,8790,9290,9445735
246,2020-08-13,9150,8850,2106814
247,2020-08-14,8850,8640,1060991
248,2020-08-18,8710,8280,1575384
249,2020-08-19,8280,8440,583517
250,2020-08-20,8520,8350,1122975
251,2020-08-21,8360,8100,758551
252,2020-08-24,8050,8180,448787
253,2020-08-25,8150,8360,391519
254,2020-08-26,8640,8480,1456014
255,2020-08-27,8810,8530,1378611
256,2020-08-28,8740,9020,2046993
257,2020-08-31,9090,9250,3301413
258,2020-09-01,9260,9260,1222947
259,2020-09-02,9270,9390,2671400
260,2020-09-03,9300,9360,704273
261,2020-09-04,8800,9180,784778
262,2020-09-07,9180,9340,3712444
263,2020-09-08,9350,9100,635814
264,2020-09-09,8840,8900,665212
265,2020-09-10,8970,8970,308950
266,2020-09-11,9010,9200,631143
267,2020-09-14,9220,9300,632241
268,2020-09-15,9230,9120,339726
269,2020-09-16,9130,9230,1003107
270,2020-09-17,9420,9000,957042
271,2020-09-18,9000,8850,617260
272,2020-09-21,8740,8850,781963
273,2020-09-22,8700,8500,514982
274,2020-09-23,8530,8240,322587
275,2020-09-24,8050,7800,428676
276,2020-09-25,7800,8050,268232
277,2020-09-28,8190,8440,208808
278,2020-09-29,8400,8560,182278
279,2020-10-05,8440,8570,200053
280,2020-10-06,8510,8570,233152
281,2020-10-07,8550,8620,155081
282,2020-10-08,8680,8740,271726
283,2020-10-12,10500,9730,7351436
284,2020-10-13,9500,9300,1717291
285,2020-10-14,9170,8990,1151711
286,2020-10-15,8960,9440,2682107
287,2020-10-16,9260,9070,1030949
288,2020-10-19,8870,8600,642326
289,2020-10-20,8490,8430,588854
290,2020-10-21,8360,8550,315616
291,2020-10-22,8430,8440,266178
292,2020-10-23,8460,8850,1286731
293,2020-10-26,9250,8660,1360808
294,2020-10-27,8560,8840,560390
295,2020-10-28,8810,8960,552637
296,2020-10-29,8830,8920,410319
297,2020-10-30,9030,8800,685517
298,2020-11-02,8810,8620,414497
299,2020-11-03,8650,8700,270643
