,date,open,close,volume
0,2019-08-16,3730,3740,19896
1,2019-08-19,3740,4000,54811
2,2019-08-20,3910,4000,16477
3,2019-08-21,4000,4085,24154
4,2019-08-22,4050,4010,23838
5,2019-08-23,4010,4065,42860
6,2019-08-26,4060,3885,67190
7,2019-08-27,3935,3990,22045
8,2019-08-28,3905,3920,24491
9,2019-08-29,3920,3885,14669
10,2019-08-30,3870,4005,20020
11,2019-09-02,4020,4260,86216
12,2019-09-03,4260,4355,139779
13,2019-09-04,4355,4570,341818
14,2019-09-05,4600,4500,47655
15,2019-09-06,4505,4560,74663
16,2019-09-09,4540,4480,40436
17,2019-09-10,4330,4350,41668
18,2019-09-11,4350,4400,13395
19,2019-09-16,4490,4430,21301
20,2019-09-17,4355,4440,24136
21,2019-09-18,4440,4430,7002
22,2019-09-19,4490,4440,21953
23,2019-09-20,4365,4420,10143
24,2019-09-23,4420,4490,8932
25,2019-09-24,4400,4570,20086
26,2019-09-25,4520,4420,20815
27,2019-09-26,4430,4485,26696
28,2019-09-27,4540,4460,21227
29,2019-09-30,4470,4370,30600
30,2019-10-01,4300,4270,16510
31,2019-10-02,4065,4250,35358
32,2019-10-04,4250,4100,25275
33,2019-10-07,4100,4090,37773
34,2019-10-08,4000,4000,19347
35,2019-10-10,4000,4000,22743
36,2019-10-11,3940,3995,14192
37,2019-10-14,3970,4000,11858
38,2019-10-15,3985,3980,15361
39,2019-10-16,3950,3985,38596
40,2019-10-17,3935,3935,31711
41,2019-10-18,3985,3935,21831
42,2019-10-21,3915,3810,24828
43,2019-10-22,3755,3795,25723
44,2019-10-23,3710,3745,25659
45,2019-10-24,3660,3675,35856
46,2019-10-25,3560,3700,25699
47,2019-10-28,3630,3770,17056
48,2019-10-29,3790,3830,15871
49,2019-10-30,3830,3870,12910
50,2019-10-31,3830,3835,19877
51,2019-11-01,3775,3745,14868
52,2019-11-04,3750,3785,29505
53,2019-11-05,3740,3760,12850
54,2019-11-06,3800,3740,24840
55,2019-11-07,3715,3740,14301
56,2019-11-08,3740,3745,16893
57,2019-11-11,3700,3690,20695
58,2019-11-12,3630,3720,29717
59,2019-11-13,3720,3730,16346
60,2019-11-14,3690,3695,20399
61,2019-11-15,3650,3645,51483
62,2019-11-18,3625,3615,11495
63,2019-11-19,3555,3505,35003
64,2019-11-20,3500,3500,18582
65,2019-11-21,3520,3460,32928
66,2019-11-22,3390,3345,31709
67,2019-11-25,3320,3250,77279
68,2019-11-26,3245,3200,39159
69,2019-11-27,3255,3260,20449
70,2019-11-28,3275,3250,15484
71,2019-11-29,3250,3155,49197
72,2019-12-02,3155,3225,41576
73,2019-12-03,3120,3190,32757
74,2019-12-04,3250,3230,16437
75,2019-12-05,3225,3140,24163
76,2019-12-06,3185,3130,12012
77,2019-12-09,3130,3120,24634
78,2019-12-10,3115,3070,19796
79,2019-12-11,3065,3080,24282
80,2019-12-12,3080,3150,8396
81,2019-12-13,3255,3200,10510
82,2019-12-16,3280,3200,19198
83,2019-12-17,3150,3150,27347
84,2019-12-18,3160,3185,11839
85,2019-12-19,3095,3180,17830
86,2019-12-20,3180,3135,15114
87,2019-12-23,2390,2250,1053606
88,2019-12-24,2210,2080,331511
89,2019-12-26,2085,2120,94067
90,2019-12-27,2120,2150,54168
91,2019-12-30,2180,2130,38197
92,2020-01-02,2130,2140,54886
93,2020-01-03,2140,2155,78151
94,2020-01-06,2130,2250,111825
95,2020-01-07,2250,2170,90668
96,2020-01-08,2170,2100,115086
97,2020-01-09,2100,2075,114244
98,2020-01-10,2095,2080,58788
99,2020-01-13,2130,2125,70959
100,2020-01-14,2135,2125,132372
101,2020-01-15,2125,2080,115482
102,2020-01-16,2080,2035,86634
103,2020-01-17,2035,2050,49345
104,2020-01-20,2070,2070,84961
105,2020-01-21,2050,2100,76170
106,2020-01-22,2100,2045,46314
107,2020-01-23,2075,2035,27743
108,2020-01-28,2015,1945,99565
109,2020-01-29,1930,1930,25145
110,2020-01-30,1925,1870,66327
111,2020-01-31,1850,1850,40463
112,2020-02-03,1840,1820,121955
113,2020-02-04,1830,1785,108589
114,2020-02-05,1805,1805,46451
115,2020-02-06,1850,1840,52121
116,2020-02-07,1830,1805,54454
117,2020-02-10,1790,1785,54548
118,2020-02-11,1780,2320,4471525
119,2020-02-12,2550,3015,3295197
120,2020-02-13,3460,3015,7954022
121,2020-02-14,3295,3270,7982214
122,2020-02-17,3035,2800,1523746
123,2020-02-18,2785,2710,942035
124,2020-02-19,2700,2695,782872
125,2020-02-20,2745,2535,341837
126,2020-02-21,2495,2455,238946
127,2020-02-24,2340,2165,289210
128,2020-02-25,2170,2260,294484
129,2020-02-26,2180,2210,225626
130,2020-02-27,1930,1855,1887867
131,2020-02-28,1805,1650,228872
132,2020-03-02,1660,1700,126028
133,2020-03-03,1780,1775,236365
134,2020-03-04,1775,2305,545047
135,2020-03-05,2400,2100,3326503
136,2020-03-06,2010,1970,690635
137,2020-03-09,1970,1765,378623
138,2020-03-10,1725,2290,6120706
139,2020-03-11,2445,2235,6983626
140,2020-03-12,2245,2750,13770119
141,2020-03-13,2450,3025,15626693
142,2020-03-16,2920,2755,6429416
143,2020-03-17,2645,3000,5797217
144,2020-03-18,2940,2275,2220394
145,2020-03-19,2475,2230,6101615
146,2020-03-20,2315,2700,6595206
147,2020-03-23,2580,2650,3326466
148,2020-03-24,2745,2750,2197939
149,2020-03-25,2795,2700,2752332
150,2020-03-26,2745,2890,5258398
151,2020-03-27,2895,2725,6211140
152,2020-03-30,2645,2705,2724216
153,2020-03-31,2750,2785,6507315
154,2020-04-01,2810,2720,7583253
155,2020-04-02,2750,2690,1682515
156,2020-04-03,2695,2570,1130612
157,2020-04-06,2565,2480,1450350
158,2020-04-07,2560,2450,914187
159,2020-04-08,2405,2290,1004303
160,2020-04-09,2390,2590,2917273
161,2020-04-10,2670,3090,21279927
162,2020-04-13,3020,2835,8570858
163,2020-04-14,2900,2870,8377459
164,2020-04-16,2940,3225,9808886
165,2020-04-17,3365,3245,12060287
166,2020-04-20,3255,3070,2427112
167,2020-04-21,2495,2500,14883635
168,2020-04-22,2455,2305,4328434
169,2020-04-23,2295,2380,6378857
170,2020-04-24,2350,2240,2752450
171,2020-04-27,2255,2240,2823592
172,2020-04-28,2225,2105,2310735
173,2020-04-29,2110,2215,2945775
174,2020-05-04,2215,2250,1469715
175,2020-05-06,2265,2235,942775
176,2020-05-07,2220,2235,877947
177,2020-05-08,2210,2190,1130001
178,2020-05-11,2195,2090,1441228
179,2020-05-12,2070,2180,1988630
180,2020-05-13,2180,2140,802067
181,2020-05-14,2140,2060,991082
182,2020-05-15,2055,2060,905734
183,2020-05-18,2040,1940,1359455
184,2020-05-19,1955,2060,1388940
185,2020-05-20,2065,2095,944914
186,2020-05-21,2120,2160,2618848
187,2020-05-22,2250,2210,3264090
188,2020-05-25,2210,2170,782023
189,2020-05-26,2155,2095,1267192
190,2020-05-27,2140,2050,859758
191,2020-05-28,2055,1940,1831328
192,2020-05-29,1940,1940,506252
193,2020-06-01,1955,1965,363560
194,2020-06-02,1960,1965,559222
195,2020-06-03,1970,1925,739522
196,2020-06-04,1945,1915,555253
197,2020-06-05,1925,1860,1014552
198,2020-06-08,1870,1810,910421
199,2020-06-09,1825,1845,707936
200,2020-06-10,1820,1900,1105006
201,2020-06-11,1885,1930,1234031
202,2020-06-12,1840,1850,741316
203,2020-06-15,1850,1615,1084516
204,2020-06-16,1625,1720,771688
205,2020-06-17,1680,1770,826545
206,2020-06-18,1770,1740,340335
207,2020-06-19,1730,1730,323112
208,2020-06-22,1730,1685,415760
209,2020-06-23,1705,1615,919442
210,2020-06-24,1585,1610,430267
211,2020-06-25,1605,1540,725962
212,2020-06-26,1540,1565,909907
213,2020-06-29,1590,1690,3382490
214,2020-06-30,1700,1705,1042243
215,2020-07-01,1675,1625,548194
216,2020-07-02,1605,1615,602739
217,2020-07-03,1615,1700,802389
218,2020-07-06,1705,1730,495398
219,2020-07-07,1760,1735,547954
220,2020-07-08,1735,1750,345706
221,2020-07-09,1750,1715,448199
222,2020-07-10,1715,1675,296966
223,2020-07-13,1670,1670,227233
224,2020-07-14,1655,1640,301675
225,2020-07-15,1640,1800,2613160
226,2020-07-16,1845,1855,2322855
227,2020-07-17,1855,1820,747722
228,2020-07-20,1820,1805,504308
229,2020-07-21,1790,1770,810309
230,2020-07-22,1780,1775,514731
231,2020-07-23,1785,1705,839762
232,2020-07-24,1680,1700,744643
233,2020-07-27,1695,1675,303387
234,2020-07-28,1675,1665,342274
235,2020-07-29,1665,1655,401833
236,2020-07-30,1650,1640,260327
237,2020-07-31,1640,1600,476516
238,2020-08-03,1600,1640,284816
239,2020-08-04,1635,1660,313119
240,2020-08-05,1650,1645,448991
241,2020-08-06,1645,1730,1101444
242,2020-08-07,1745,1750,1027433
243,2020-08-10,1780,1710,548473
244,2020-08-11,1710,1900,2990061
245,2020-08-12,1970,1990,4345200
246,2020-08-13,2055,1915,3006509
247,2020-08-14,1930,2045,1960169
248,2020-08-18,2030,1775,1804023
249,2020-08-19,1775,1810,700481
250,2020-08-20,1795,1625,1859603
251,2020-08-21,1640,1630,814541
252,2020-08-24,1625,1615,475535
253,2020-08-25,1615,1680,1100086
254,2020-08-26,1675,1645,1067340
255,2020-08-27,1650,1710,1301516
256,2020-08-28,1745,1690,918958
257,2020-08-31,1725,1765,902020
258,2020-09-01,1760,1760,332877
259,2020-09-02,1770,1800,1165888
260,2020-09-03,1805,1780,704504
261,2020-09-04,1700,1740,547076
262,2020-09-07,1755,1870,2616768
263,2020-09-08,1955,1920,5254068
264,2020-09-09,1865,1880,868091
265,2020-09-10,1910,1890,828936
266,2020-09-11,1870,1850,551177
267,2020-09-14,1870,1965,1318789
268,2020-09-15,2050,1935,1173599
269,2020-09-16,1935,1915,612169
270,2020-09-17,1935,2260,26405567
271,2020-09-18,2185,2210,4087584
272,2020-09-21,2170,2105,3017433
273,2020-09-22,2070,1940,2442400
274,2020-09-23,1970,1900,1232891
275,2020-09-24,1850,1785,1444196
276,2020-09-25,1805,1720,933977
277,2020-09-28,1770,1865,741624
278,2020-09-29,1905,1870,703853
279,2020-10-05,1875,1975,584651
280,2020-10-06,1975,1895,983929
281,2020-10-07,1895,1990,1205715
282,2020-10-08,2005,1995,753764
283,2020-10-12,2000,2020,754532
284,2020-10-13,2040,1975,560858
285,2020-10-14,1965,1940,585022
286,2020-10-15,1940,1890,852054
287,2020-10-16,1890,1865,416700
288,2020-10-19,1845,1830,355463
289,2020-10-20,1815,1815,556343
290,2020-10-21,1825,1835,233438
291,2020-10-22,1835,1780,330756
292,2020-10-23,1780,1770,286643
293,2020-10-26,1745,1705,482179
294,2020-10-27,1670,1710,310943
295,2020-10-28,1725,1740,212339
296,2020-10-29,1685,1710,269086
297,2020-10-30,1720,1690,192602
298,2020-11-02,1690,1690,294633
299,2020-11-03,1700,1750,233490
