,date,open,close,volume
0,2019-08-16,1265,1245,125446
1,2019-08-19,1230,1255,120307
2,2019-08-20,1255,1295,104792
3,2019-08-21,1290,1325,99941
4,2019-08-22,1330,1290,79385
5,2019-08-23,1285,1280,77283
6,2019-08-26,1220,1205,147250
7,2019-08-27,1205,1200,126372
8,2019-08-28,1205,1210,101665
9,2019-08-29,1220,1215,135173
10,2019-08-30,1215,1245,67249
11,2019-09-02,1250,1295,174677
12,2019-09-03,1295,1315,474166
13,2019-09-04,1315,1430,3886823
14,2019-09-05,1445,1385,755586
15,2019-09-06,1380,1375,332392
16,2019-09-09,1375,1340,337976
17,2019-09-10,1340,1335,185832
18,2019-09-11,1330,1350,116052
19,2019-09-16,1355,1360,167827
20,2019-09-17,1355,1360,170315
21,2019-09-18,1360,1355,158692
22,2019-09-19,1365,1365,261407
23,2019-09-20,1430,1390,188135
24,2019-09-23,1390,1400,137749
25,2019-09-24,1400,1395,137758
26,2019-09-25,1385,1355,199863
27,2019-09-26,1360,1350,102693
28,2019-09-27,1360,1325,84002
29,2019-09-30,1320,1300,72852
30,2019-10-01,1280,1325,104946
31,2019-10-02,1325,1305,90706
32,2019-10-04,1300,1275,117220
33,2019-10-07,1275,1230,120799
34,2019-10-08,1235,1265,62513
35,2019-10-10,1265,1250,55114
36,2019-10-11,1250,1250,76576
37,2019-10-14,1260,1265,81202
38,2019-10-15,1265,1295,116587
39,2019-10-16,1295,1375,701361
40,2019-10-17,1375,1360,250557
41,2019-10-18,1360,1365,213712
42,2019-10-21,1365,1350,167077
43,2019-10-22,1355,1370,355135
44,2019-10-23,1375,1360,299900
45,2019-10-24,1335,1340,174799
46,2019-10-25,1340,1410,785224
47,2019-10-28,1425,1360,240782
48,2019-10-29,1360,1350,136760
49,2019-10-30,1345,1335,48261
50,2019-10-31,1335,1340,86290
51,2019-11-01,1345,1360,68364
52,2019-11-04,1370,1370,103456
53,2019-11-05,1370,1375,203617
54,2019-11-06,1375,1375,122992
55,2019-11-07,1375,1410,287535
56,2019-11-08,1415,1405,236621
57,2019-11-11,1405,1430,366740
58,2019-11-12,1460,1470,1801208
59,2019-11-13,1470,1425,271818
60,2019-11-14,1435,1410,202825
61,2019-11-15,1480,1475,323361
62,2019-11-18,1500,1465,249642
63,2019-11-19,1465,1490,341208
64,2019-11-20,1490,1445,240508
65,2019-11-21,1430,1405,174318
66,2019-11-22,1400,1405,102657
67,2019-11-25,1405,1415,115376
68,2019-11-26,1420,1445,107493
69,2019-11-27,1440,1445,59372
70,2019-11-28,1440,1445,106112
71,2019-11-29,1450,1390,171088
72,2019-12-02,1380,1375,54182
73,2019-12-03,1375,1390,81230
74,2019-12-04,1390,1395,72004
75,2019-12-05,1395,1380,137720
76,2019-12-06,1380,1390,85874
77,2019-12-09,1410,1400,50909
78,2019-12-10,1405,1405,49822
79,2019-12-11,1405,1375,67753
80,2019-12-12,1375,1395,73534
81,2019-12-13,1395,1415,92225
82,2019-12-16,1415,1455,213739
83,2019-12-17,1455,1455,151383
84,2019-12-18,1465,1455,51299
85,2019-12-19,1440,1405,102310
86,2019-12-20,1410,1460,232487
87,2019-12-23,1475,1440,180587
88,2019-12-24,1445,1405,100394
89,2019-12-26,1405,1415,81903
90,2019-12-27,1425,1465,153438
91,2019-12-30,1465,1500,317813
92,2020-01-02,1500,1510,153198
93,2020-01-03,1510,1530,273504
94,2020-01-06,1520,1470,170602
95,2020-01-07,1470,1530,595154
96,2020-01-08,1520,1445,521418
97,2020-01-09,1475,1500,322231
98,2020-01-10,1500,1530,309286
99,2020-01-13,1530,1565,266489
100,2020-01-14,1565,1560,179616
101,2020-01-15,1565,1630,859647
102,2020-01-16,1750,1600,379587
103,2020-01-17,1595,1595,208287
104,2020-01-20,1580,1520,218177
105,2020-01-21,1525,1490,309522
106,2020-01-22,1500,1505,130759
107,2020-01-23,1505,1505,76679
108,2020-01-28,1435,1425,491250
109,2020-01-29,1440,1435,173333
110,2020-01-30,1425,1385,230573
111,2020-01-31,1385,1365,212325
112,2020-02-03,1320,1335,431277
113,2020-02-04,1335,1370,356216
114,2020-02-05,1395,1365,229384
115,2020-02-06,1370,1395,152883
116,2020-02-07,1395,1455,1261028
117,2020-02-10,1455,1545,1223429
118,2020-02-11,1540,1545,307695
119,2020-02-12,1545,1550,433159
120,2020-02-13,1550,1530,312296
121,2020-02-14,1530,1650,1185219
122,2020-02-17,1645,1600,789278
123,2020-02-18,1610,1580,427758
124,2020-02-19,1580,1615,900062
125,2020-02-20,1625,1600,533429
126,2020-02-21,1575,1645,2572167
127,2020-02-24,1740,1455,8075839
128,2020-02-25,1440,1590,2122939
129,2020-02-26,1550,1565,941392
130,2020-02-27,1565,1490,770821
131,2020-02-28,1440,1390,808273
132,2020-03-02,1390,1470,568208
133,2020-03-03,1495,1480,428126
134,2020-03-04,1460,1545,700277
135,2020-03-05,1560,1640,1338387
136,2020-03-06,1610,1595,2178822
137,2020-03-09,1595,1565,765623
138,2020-03-10,1505,1605,1066963
139,2020-03-11,1615,1550,1552476
140,2020-03-12,1510,1445,1164959
141,2020-03-13,1300,1260,1528870
142,2020-03-16,1290,1170,842386
143,2020-03-17,1070,1160,1228236
144,2020-03-18,1160,1055,858234
145,2020-03-19,1075,821,1791119
146,2020-03-20,829,915,1086386
147,2020-03-23,849,858,598233
148,2020-03-24,865,950,577790
149,2020-03-25,1000,1030,735071
150,2020-03-26,1060,1140,1077189
151,2020-03-27,1430,1320,4785247
152,2020-03-30,1305,1505,3355882
153,2020-03-31,1505,1430,2101132
154,2020-04-01,1430,1700,7250485
155,2020-04-02,1800,1590,5682887
156,2020-04-03,1610,1510,2186006
157,2020-04-06,1510,1530,1594984
158,2020-04-07,1575,1475,1503536
159,2020-04-08,1480,1450,1939210
160,2020-04-09,1505,1520,3109683
161,2020-04-10,1520,1430,1578094
162,2020-04-13,1435,1365,837466
163,2020-04-14,1370,1360,565931
164,2020-04-16,1370,1445,844179
165,2020-04-17,1445,1445,1002405
166,2020-04-20,1455,1450,2020431
167,2020-04-21,1455,1470,1294165
168,2020-04-22,1440,1500,789187
169,2020-04-23,1550,1510,2495846
170,2020-04-24,1500,1465,557335
171,2020-04-27,1470,1480,461656
172,2020-04-28,1490,1455,452467
173,2020-04-29,1445,1450,359081
174,2020-05-04,1410,1430,377265
175,2020-05-06,1435,1520,884633
176,2020-05-07,1530,1520,724162
177,2020-05-08,1565,1515,807214
178,2020-05-11,1520,1545,970262
179,2020-05-12,1560,1500,713189
180,2020-05-13,1480,1500,548886
181,2020-05-14,1480,1505,708699
182,2020-05-15,1510,1475,444062
183,2020-05-18,1485,1600,3304635
184,2020-05-19,1630,1575,1991581
185,2020-05-20,1570,1545,657269
186,2020-05-21,1560,1565,2730741
187,2020-05-22,1565,1515,823552
188,2020-05-25,1520,1600,1124515
189,2020-05-26,1595,1570,741151
190,2020-05-27,1570,1575,571860
191,2020-05-28,1595,1500,5700279
192,2020-05-29,1490,1500,780143
193,2020-06-01,1505,1520,474161
194,2020-06-02,1525,1535,334544
195,2020-06-03,1540,1535,456244
196,2020-06-04,1535,1605,1034263
197,2020-06-05,1610,1575,860166
198,2020-06-08,1620,1570,468580
199,2020-06-09,1595,1535,489037
200,2020-06-10,1540,1540,329824
201,2020-06-11,1540,1485,558978
202,2020-06-12,1380,1435,831057
203,2020-06-15,1430,1275,945659
204,2020-06-16,1305,1340,451889
205,2020-06-17,1320,1380,414674
206,2020-06-18,1385,1340,253089
207,2020-06-19,1355,1350,239958
208,2020-06-22,1335,1330,222638
209,2020-06-23,1335,1330,180490
210,2020-06-24,1325,1350,175563
211,2020-06-25,1335,1310,210691
212,2020-06-26,1315,1330,377361
213,2020-06-29,1320,1295,168193
214,2020-06-30,1300,1315,207179
215,2020-07-01,1325,1310,114660
216,2020-07-02,1310,1325,157629
217,2020-07-03,1325,1355,188348
218,2020-07-06,1355,1360,204091
219,2020-07-07,1360,1335,268784
220,2020-07-08,1350,1415,710361
221,2020-07-09,1415,1400,317374
222,2020-07-10,1400,1410,1154461
223,2020-07-13,1425,1450,679070
224,2020-07-14,1460,1450,295091
225,2020-07-15,1450,1455,321556
226,2020-07-16,1465,1475,884200
227,2020-07-17,1465,1475,879529
228,2020-07-20,1475,1510,914156
229,2020-07-21,1510,1440,727427
230,2020-07-22,1450,1420,224241
231,2020-07-23,1430,1400,350033
232,2020-07-24,1400,1405,358345
233,2020-07-27,1400,1415,132175
234,2020-07-28,1455,1425,725853
235,2020-07-29,1410,1465,1513037
236,2020-07-30,1460,1440,465580
237,2020-07-31,1440,1400,299270
238,2020-08-03,1415,1460,584762
239,2020-08-04,1460,1460,339359
240,2020-08-05,1455,1465,266142
241,2020-08-06,1475,1465,507674
242,2020-08-07,1470,1500,991085
243,2020-08-10,1500,1470,929415
244,2020-08-11,1490,1430,785304
245,2020-08-12,1425,1410,445291
246,2020-08-13,1420,1420,248840
247,2020-08-14,1420,1405,384429
248,2020-08-18,1390,1300,370955
249,2020-08-19,1300,1320,293407
250,2020-08-20,1320,1250,462513
251,2020-08-21,1260,1255,155761
252,2020-08-24,1255,1285,233818
253,2020-08-25,1285,1330,191232
254,2020-08-26,1330,1340,173701
255,2020-08-27,1365,1305,225400
256,2020-08-28,1305,1320,224234
257,2020-08-31,1330,1345,168980
258,2020-09-01,1355,1345,140668
259,2020-09-02,1350,1405,558274
260,2020-09-03,1420,1390,357170
261,2020-09-04,1360,1365,267173
262,2020-09-07,1365,1415,465404
263,2020-09-08,1450,1415,2857574
264,2020-09-09,1360,1435,394205
265,2020-09-10,1445,1440,396138
266,2020-09-11,1425,1420,479219
267,2020-09-14,1450,1500,1220928
268,2020-09-15,1510,1570,9171267
269,2020-09-16,1560,1505,1361893
270,2020-09-17,1505,1440,755736
271,2020-09-18,1435,1445,496554
272,2020-09-21,1445,1385,714220
273,2020-09-22,1375,1325,547222
274,2020-09-23,1330,1340,404850
275,2020-09-24,1320,1310,2137563
276,2020-09-25,1330,1315,458019
277,2020-09-28,1325,1340,359222
278,2020-09-29,1350,1400,497191
279,2020-10-05,1400,1435,336783
280,2020-10-06,1435,1415,265980
281,2020-10-07,1410,1415,253014
282,2020-10-08,1430,1420,302723
283,2020-10-12,1420,1435,338609
284,2020-10-13,1445,1425,530288
285,2020-10-14,1425,1440,393009
286,2020-10-15,1440,1400,389416
287,2020-10-16,1400,1375,374794
288,2020-10-19,1365,1360,176713
289,2020-10-20,1350,1345,273513
290,2020-10-21,1350,1365,107390
291,2020-10-22,1365,1325,165335
292,2020-10-23,1330,1310,259885
293,2020-10-26,1310,1280,292766
294,2020-10-27,1270,1270,239487
295,2020-10-28,1260,1305,102676
296,2020-10-29,1290,1310,137264
297,2020-10-30,1325,1290,174599
298,2020-11-02,1280,1310,120040
299,2020-11-03,1330,1320,105889
