,date,open,close,volume
0,2019-08-16,4970,5020,74939
1,2019-08-19,5050,5190,83407
2,2019-08-20,5220,5240,86465
3,2019-08-21,5200,5240,56449
4,2019-08-22,5170,5190,68082
5,2019-08-23,5150,5000,109603
6,2019-08-26,4855,4845,103583
7,2019-08-27,5020,4830,220734
8,2019-08-28,4800,4940,94784
9,2019-08-29,4915,5030,68483
10,2019-08-30,4995,5140,86798
11,2019-09-02,5140,5120,55836
12,2019-09-03,5070,5170,38401
13,2019-09-04,5140,5090,32700
14,2019-09-05,5150,5260,97361
15,2019-09-06,5310,5140,45983
16,2019-09-09,5140,5040,41625
17,2019-09-10,5240,5490,347358
18,2019-09-11,5550,5580,215745
19,2019-09-16,5750,6000,458788
20,2019-09-17,5880,5960,215875
21,2019-09-18,5920,6090,465916
22,2019-09-19,6100,6050,141085
23,2019-09-20,6130,6110,138691
24,2019-09-23,6290,6210,271335
25,2019-09-24,6160,6070,147566
26,2019-09-25,6300,5700,4737985
27,2019-09-26,5990,5940,639474
28,2019-09-27,5900,5770,268333
29,2019-09-30,5660,5700,215389
30,2019-10-01,5650,5660,143697
31,2019-10-02,6000,5850,313177
32,2019-10-04,5950,5770,159271
33,2019-10-07,5200,5030,504391
34,2019-10-08,5020,5100,122879
35,2019-10-10,5030,5080,60260
36,2019-10-11,5080,5170,49429
37,2019-10-14,5260,5330,171027
38,2019-10-15,5300,5320,33458
39,2019-10-16,5290,5350,52679
40,2019-10-17,5380,5290,68381
41,2019-10-18,5340,5390,237475
42,2019-10-21,5330,5170,128449
43,2019-10-22,5250,5250,89321
44,2019-10-23,5190,5040,145686
45,2019-10-24,5060,5110,78848
46,2019-10-25,5180,5030,73934
47,2019-10-28,5100,5000,87361
48,2019-10-29,4960,5040,63205
49,2019-10-30,5070,4980,58264
50,2019-10-31,4940,5030,78959
51,2019-11-01,5030,5060,47734
52,2019-11-04,5060,5270,213593
53,2019-11-05,5380,5220,129970
54,2019-11-06,5200,5330,181047
55,2019-11-07,5300,5310,100243
56,2019-11-08,5290,5320,129750
57,2019-11-11,5310,5280,154173
58,2019-11-12,5310,5390,80200
59,2019-11-13,5380,5440,599959
60,2019-11-14,5470,5460,131214
61,2019-11-15,5540,5450,103985
62,2019-11-18,5600,5530,156554
63,2019-11-19,5500,5490,160014
64,2019-11-20,5480,5290,130078
65,2019-11-21,5260,5160,85472
66,2019-11-22,5100,5140,67476
67,2019-11-25,5170,5150,65758
68,2019-11-26,5120,5200,93502
69,2019-11-27,5180,5090,60743
70,2019-11-28,5090,5090,49432
71,2019-11-29,5050,5060,51989
72,2019-12-02,5030,4980,81390
73,2019-12-03,4895,4995,91447
74,2019-12-04,4900,4885,45382
75,2019-12-05,4820,4725,72777
76,2019-12-06,4700,4840,44743
77,2019-12-09,4800,4840,55229
78,2019-12-10,4820,4820,22252
79,2019-12-11,4780,4805,30118
80,2019-12-12,4805,4875,85782
81,2019-12-13,4855,4865,38791
82,2019-12-16,4855,4880,45615
83,2019-12-17,4865,4775,83406
84,2019-12-18,4775,4785,55459
85,2019-12-19,4780,4775,35104
86,2019-12-20,4755,4775,39942
87,2019-12-23,4660,4640,86477
88,2019-12-24,4605,4525,72156
89,2019-12-26,4540,4575,46422
90,2019-12-27,4540,4640,51551
91,2019-12-30,4650,4610,39916
92,2020-01-02,4610,4610,42403
93,2020-01-03,4590,4645,45381
94,2020-01-06,4625,4515,93591
95,2020-01-07,4505,4515,48999
96,2020-01-08,4505,4320,139114
97,2020-01-09,4370,4900,4354988
98,2020-01-10,4920,4830,609017
99,2020-01-13,4800,4900,420622
100,2020-01-14,4900,4890,203957
101,2020-01-15,4850,4960,160506
102,2020-01-16,5010,4965,123609
103,2020-01-17,4965,4885,166310
104,2020-01-20,4895,4830,124765
105,2020-01-21,4800,4815,80021
106,2020-01-22,4790,4800,56302
107,2020-01-23,4775,4790,53501
108,2020-01-28,4500,4560,196057
109,2020-01-29,4560,4565,52039
110,2020-01-30,4520,4375,138403
111,2020-01-31,4300,4210,106987
112,2020-02-03,4160,4200,129273
113,2020-02-04,4200,4310,70400
114,2020-02-05,4320,4360,46704
115,2020-02-06,4420,4435,74257
116,2020-02-07,4415,4470,51958
117,2020-02-10,4540,4565,124006
118,2020-02-11,4510,4520,76742
119,2020-02-12,4510,4495,63607
120,2020-02-13,4490,4450,44011
121,2020-02-14,4430,4455,41676
122,2020-02-17,4415,4405,57635
123,2020-02-18,4360,4325,64862
124,2020-02-19,4290,5030,9258804
125,2020-02-20,5000,4630,3680041
126,2020-02-21,4560,4405,625082
127,2020-02-24,4295,4055,397431
128,2020-02-25,4010,4250,232740
129,2020-02-26,4155,4390,155952
130,2020-02-27,4360,4390,150573
131,2020-02-28,4210,4150,163227
132,2020-03-02,4090,4155,130913
133,2020-03-03,4175,4220,218371
134,2020-03-04,4180,4390,125465
135,2020-03-05,4405,4530,175313
136,2020-03-06,4600,4460,121706
137,2020-03-09,4420,4200,141954
138,2020-03-10,4090,4180,156959
139,2020-03-11,4155,4040,98744
140,2020-03-12,3960,3660,197107
141,2020-03-13,3300,3230,305090
142,2020-03-16,3175,2990,200452
143,2020-03-17,2650,3000,140032
144,2020-03-18,3020,2950,154898
145,2020-03-19,2950,2400,244898
146,2020-03-20,2400,2770,276475
147,2020-03-23,2505,2485,275800
148,2020-03-24,2550,2685,194733
149,2020-03-25,2765,2850,177193
150,2020-03-26,2870,2940,203643
151,2020-03-27,3055,3015,168787
152,2020-03-30,2870,3070,190640
153,2020-03-31,3130,3390,638397
154,2020-04-01,3320,3330,190716
155,2020-04-02,3250,3310,144408
156,2020-04-03,3360,3430,98661
157,2020-04-06,3470,3645,172738
158,2020-04-07,3795,3670,191053
159,2020-04-08,3610,3650,110495
160,2020-04-09,3700,4120,3423206
161,2020-04-10,4125,4000,394864
162,2020-04-13,3965,3895,232153
163,2020-04-14,3895,4045,393490
164,2020-04-16,4250,4435,1360459
165,2020-04-17,4400,4330,395961
166,2020-04-20,4450,4660,1114535
167,2020-04-21,4900,5190,7541656
168,2020-04-22,4990,6740,7667826
169,2020-04-23,6220,6110,11773983
170,2020-04-24,6150,5640,2159989
171,2020-04-27,5780,5660,1188590
172,2020-04-28,5740,5500,1231952
173,2020-04-29,5500,5530,1848656
174,2020-05-04,5800,5630,1179758
175,2020-05-06,5710,5840,1002417
176,2020-05-07,5930,5850,1229828
177,2020-05-08,5850,5910,645606
178,2020-05-11,5900,5520,744362
179,2020-05-12,5490,5490,435287
180,2020-05-13,5420,5490,268492
181,2020-05-14,5430,5260,327792
182,2020-05-15,5280,5170,335913
183,2020-05-18,5130,5160,243204
184,2020-05-19,5210,5250,349546
185,2020-05-20,5210,5330,242329
186,2020-05-21,5360,5310,185471
187,2020-05-22,5310,5150,262969
188,2020-05-25,5140,5250,239125
189,2020-05-26,5270,5420,725875
190,2020-05-27,5450,5360,244462
191,2020-05-28,5420,5120,295767
192,2020-05-29,5130,5130,161301
193,2020-06-01,5190,5210,124863
194,2020-06-02,5370,5320,865907
195,2020-06-03,5330,5330,154241
196,2020-06-04,5320,5250,144833
197,2020-06-05,5270,5340,145340
198,2020-06-08,5300,5170,188945
199,2020-06-09,5060,5040,306352
200,2020-06-10,5040,4850,306296
201,2020-06-11,4810,4825,132080
202,2020-06-12,4565,4730,229440
203,2020-06-15,4695,4270,273575
204,2020-06-16,4400,4585,208440
205,2020-06-17,4300,4390,228115
206,2020-06-18,4350,4425,121710
207,2020-06-19,4420,4500,486125
208,2020-06-22,4520,4355,138116
209,2020-06-23,4355,4260,129040
210,2020-06-24,4580,4605,552871
211,2020-06-25,4470,4435,107755
212,2020-06-26,4475,4390,99274
213,2020-06-29,4360,4300,90133
214,2020-06-30,4375,4390,76144
215,2020-07-01,4395,4645,1485863
216,2020-07-02,4685,4670,359427
217,2020-07-03,4705,4800,355927
218,2020-07-06,4815,4795,309775
219,2020-07-07,4800,4665,254088
220,2020-07-08,5290,4790,2598983
221,2020-07-09,4870,4910,369131
222,2020-07-10,4865,4660,291788
223,2020-07-13,4615,4730,240249
224,2020-07-14,4730,4695,151062
225,2020-07-15,4740,4820,271559
226,2020-07-16,4820,4785,124278
227,2020-07-17,4795,4870,264521
228,2020-07-20,4885,4945,750070
229,2020-07-21,5040,4905,282247
230,2020-07-22,4895,4815,142764
231,2020-07-23,4805,4680,216198
232,2020-07-24,4670,4650,213236
233,2020-07-27,4640,4735,141541
234,2020-07-28,4760,4690,129300
235,2020-07-29,4670,4690,91645
236,2020-07-30,4730,4780,167024
237,2020-07-31,4815,4740,115872
238,2020-08-03,4820,4735,91516
239,2020-08-04,4720,4760,188666
240,2020-08-05,4795,4670,178613
241,2020-08-06,4640,4885,439747
242,2020-08-07,4945,4740,220292
243,2020-08-10,5200,5140,1380471
244,2020-08-11,6240,6680,18720225
245,2020-08-12,6680,7100,29243248
246,2020-08-13,7040,6540,4276914
247,2020-08-14,6510,6230,2978925
248,2020-08-18,6040,5480,1998622
249,2020-08-19,5420,5460,957570
250,2020-08-20,5460,5210,1030785
251,2020-08-21,5230,5210,668426
252,2020-08-24,5240,5340,673469
253,2020-08-25,5370,5630,953879
254,2020-08-26,5690,5820,1727621
255,2020-08-27,5610,5420,1201946
256,2020-08-28,5470,5450,458467
257,2020-08-31,5530,5600,624160
258,2020-09-01,5620,5880,826483
259,2020-09-02,5940,5920,804345
260,2020-09-03,5800,5810,519055
261,2020-09-04,5490,5620,662296
262,2020-09-07,5660,5710,564684
263,2020-09-08,5760,5570,505238
264,2020-09-09,5460,5560,271031
265,2020-09-10,5560,5560,224785
266,2020-09-11,5640,5600,251655
267,2020-09-14,5760,5850,762871
268,2020-09-15,5840,5810,254320
269,2020-09-16,5850,5740,750433
270,2020-09-17,5780,5660,292414
271,2020-09-18,5650,5700,182439
272,2020-09-21,5690,5540,240437
273,2020-09-22,5540,5320,239038
274,2020-09-23,5320,5180,202653
275,2020-09-24,5050,5050,252735
276,2020-09-25,5060,5300,263453
277,2020-09-28,5290,5440,210924
278,2020-09-29,5500,5490,141577
279,2020-10-05,5400,5570,213100
280,2020-10-06,5530,5540,1971971
281,2020-10-07,5530,5550,148169
282,2020-10-08,5600,5540,237002
283,2020-10-12,5660,5680,277054
284,2020-10-13,5700,5810,812606
285,2020-10-14,5810,5700,468365
286,2020-10-15,5650,5550,314764
287,2020-10-16,5530,5400,343925
288,2020-10-19,5400,5310,96047
289,2020-10-20,5310,5250,122420
290,2020-10-21,5280,5490,273461
291,2020-10-22,5530,5320,146356
292,2020-10-23,5320,5270,112785
293,2020-10-26,5240,5050,177596
294,2020-10-27,5050,5010,92953
295,2020-10-28,5000,5150,90255
296,2020-10-29,5000,5080,214475
297,2020-10-30,5070,4980,103597
298,2020-11-02,5040,5040,63181
299,2020-11-03,5020,5150,154756
