,date,open,close,volume
0,2019-08-16,14950,15200,95153
1,2019-08-19,15400,14550,124369
2,2019-08-20,14900,14650,75164
3,2019-08-21,14650,14900,63418
4,2019-08-22,15000,14400,73318
5,2019-08-23,14250,14400,103577
6,2019-08-26,14100,13400,117576
7,2019-08-27,13550,13050,67920
8,2019-08-28,13000,13050,89371
9,2019-08-29,13250,12700,92923
10,2019-08-30,12700,12850,134847
11,2019-09-02,12800,12850,91073
12,2019-09-03,12850,12750,76046
13,2019-09-04,12750,13450,210132
14,2019-09-05,13550,13700,86663
15,2019-09-06,13900,13500,104215
16,2019-09-09,13500,13100,70905
17,2019-09-10,13250,13250,59794
18,2019-09-11,13200,13100,48085
19,2019-09-16,13150,13100,30289
20,2019-09-17,13000,13050,67502
21,2019-09-18,13050,13050,48997
22,2019-09-19,13100,13450,89447
23,2019-09-20,13450,13100,80138
24,2019-09-23,13100,13250,29843
25,2019-09-24,13250,13250,38808
26,2019-09-25,13200,12900,125489
27,2019-09-26,12950,12750,53129
28,2019-09-27,12750,12700,33509
29,2019-09-30,12700,12650,42137
30,2019-10-01,12650,12800,63075
31,2019-10-02,12750,12400,109842
32,2019-10-04,12300,12150,37345
33,2019-10-07,12200,11850,74513
34,2019-10-08,11850,11850,72439
35,2019-10-10,11850,11750,51227
36,2019-10-11,11850,11700,48439
37,2019-10-14,11750,11650,73069
38,2019-10-15,11700,12400,169588
39,2019-10-16,12550,12350,119073
40,2019-10-17,12350,12150,77194
41,2019-10-18,12250,12950,211261
42,2019-10-21,12950,14600,1030652
43,2019-10-22,14550,14500,333386
44,2019-10-23,14600,14650,211742
45,2019-10-24,14700,14400,709729
46,2019-10-25,14500,14650,284041
47,2019-10-28,14550,14200,198724
48,2019-10-29,14300,14100,189633
49,2019-10-30,14200,13900,203384
50,2019-10-31,13850,13750,101943
51,2019-11-01,13600,13600,108705
52,2019-11-04,13800,13750,113393
53,2019-11-05,13700,13900,126609
54,2019-11-06,13900,14400,194871
55,2019-11-07,14350,14200,106373
56,2019-11-08,14250,14800,259605
57,2019-11-11,14800,14150,230551
58,2019-11-12,14200,14300,84448
59,2019-11-13,14250,14750,163488
60,2019-11-14,14800,14300,192355
61,2019-11-15,14350,14150,150138
62,2019-11-18,14250,13900,101673
63,2019-11-19,14050,15550,998533
64,2019-11-20,15350,14500,735823
65,2019-11-21,14450,13550,431461
66,2019-11-22,13650,13150,229244
67,2019-11-25,13150,13300,147157
68,2019-11-26,13350,13450,217241
69,2019-11-27,13450,13000,159053
70,2019-11-28,12900,12800,80114
71,2019-11-29,12850,12250,179562
72,2019-12-02,12300,12350,89994
73,2019-12-03,12200,12550,82991
74,2019-12-04,12500,12300,73288
75,2019-12-05,12450,12050,138569
76,2019-12-06,12150,12450,148766
77,2019-12-09,12600,12500,164639
78,2019-12-10,12450,12700,147634
79,2019-12-11,12650,12400,144801
80,2019-12-12,12500,12800,160438
81,2019-12-13,12900,12750,106743
82,2019-12-16,12900,12600,157818
83,2019-12-17,12750,12750,113336
84,2019-12-18,12850,12800,129738
85,2019-12-19,12900,12700,84767
86,2019-12-20,12750,12800,51476
87,2019-12-23,12800,12650,43077
88,2019-12-24,12650,12700,92759
89,2019-12-26,12700,12950,61948
90,2019-12-27,12950,12900,67484
91,2019-12-30,12900,12900,105106
92,2020-01-02,12900,13300,122121
93,2020-01-03,13350,13000,185679
94,2020-01-06,12700,12350,190452
95,2020-01-07,12450,12500,116483
96,2020-01-08,12350,11700,246210
97,2020-01-09,12000,12150,158952
98,2020-01-10,12200,12250,83230
99,2020-01-13,12300,12300,62609
100,2020-01-14,12250,12550,126604
101,2020-01-15,12600,12550,61524
102,2020-01-16,12600,12700,53496
103,2020-01-17,12800,12750,64263
104,2020-01-20,12800,12550,77083
105,2020-01-21,12600,12150,119600
106,2020-01-22,12150,12450,70716
107,2020-01-23,12400,12250,59129
108,2020-01-28,11800,11650,158930
109,2020-01-29,11750,11650,53722
110,2020-01-30,11700,11200,150444
111,2020-01-31,11150,11100,83467
112,2020-02-03,10850,10950,107325
113,2020-02-04,11000,11150,116308
114,2020-02-05,11300,11150,114582
115,2020-02-06,11200,11800,146036
116,2020-02-07,11750,11400,101678
117,2020-02-10,11300,12250,378785
118,2020-02-11,12500,12850,463311
119,2020-02-12,12850,12950,141873
120,2020-02-13,13000,12950,186178
121,2020-02-14,13150,13500,529004
122,2020-02-17,13700,14100,308577
123,2020-02-18,14300,14100,279292
124,2020-02-19,14450,14150,307789
125,2020-02-20,14050,14050,196722
126,2020-02-21,13750,13700,159079
127,2020-02-24,13150,13200,194338
128,2020-02-25,13200,13500,150761
129,2020-02-26,13200,13500,99328
130,2020-02-27,13450,12700,164072
131,2020-02-28,12350,11800,243012
132,2020-03-02,11900,12050,213045
133,2020-03-03,12400,12200,277259
134,2020-03-04,11950,12300,203816
135,2020-03-05,12550,12750,220360
136,2020-03-06,12500,12300,158773
137,2020-03-09,11950,11450,217427
138,2020-03-10,11100,11500,168968
139,2020-03-11,11500,10850,156359
140,2020-03-12,10700,10400,263146
141,2020-03-13,9570,9680,470667
142,2020-03-16,9830,9400,215019
143,2020-03-17,8710,9130,235596
144,2020-03-18,9140,8360,208080
145,2020-03-19,8550,7260,353011
146,2020-03-20,7400,8100,227993
147,2020-03-23,7550,7400,197951
148,2020-03-24,7730,8210,203233
149,2020-03-25,8470,8900,230195
150,2020-03-26,8900,8700,230311
151,2020-03-27,9100,9050,191111
152,2020-03-30,9030,9390,65659
153,2020-03-31,9770,9980,116527
154,2020-04-01,9900,9650,137003
155,2020-04-02,9610,9730,89983
156,2020-04-03,9860,9520,106509
157,2020-04-06,9550,9950,79732
158,2020-04-07,10150,10300,154481
159,2020-04-08,10300,10650,184675
160,2020-04-09,10850,10700,58966
161,2020-04-10,10800,10450,167119
162,2020-04-13,10400,9880,176350
163,2020-04-14,10000,10450,222548
164,2020-04-16,10350,10350,78110
165,2020-04-17,10600,11200,236523
166,2020-04-20,11250,11200,101514
167,2020-04-21,11200,10600,291169
168,2020-04-22,10350,10750,68780
169,2020-04-23,10800,10950,108603
170,2020-04-24,10800,10550,62598
171,2020-04-27,10650,11200,100704
172,2020-04-28,11250,10950,92569
173,2020-04-29,10950,10950,76502
174,2020-05-04,10750,10750,65308
175,2020-05-06,11000,10800,55539
176,2020-05-07,10800,11100,112695
177,2020-05-08,11150,11600,176128
178,2020-05-11,11850,11350,133619
179,2020-05-12,11600,10700,319662
180,2020-05-13,10350,10600,173914
181,2020-05-14,10400,10200,284267
182,2020-05-15,10300,10650,142580
183,2020-05-18,10700,10700,120049
184,2020-05-19,11200,11050,197470
185,2020-05-20,11100,11000,109584
186,2020-05-21,11100,11000,227315
187,2020-05-22,11000,10600,145052
188,2020-05-25,10650,10650,76316
189,2020-05-26,10650,10600,127629
190,2020-05-27,10700,10650,118367
191,2020-05-28,10750,10300,250509
192,2020-05-29,10300,10350,196387
193,2020-06-01,10400,10600,120653
194,2020-06-02,10600,10500,124121
195,2020-06-03,10600,10700,296881
196,2020-06-04,10750,11600,748083
197,2020-06-05,11350,12550,1250440
198,2020-06-08,12700,12800,788105
199,2020-06-09,12750,12400,457838
200,2020-06-10,12400,11850,366844
201,2020-06-11,11750,11450,315717
202,2020-06-12,10950,11100,444866
203,2020-06-15,11050,10400,238550
204,2020-06-16,10700,10950,238188
205,2020-06-17,10750,10800,249913
206,2020-06-18,10800,11000,178696
207,2020-06-19,11050,11850,528556
208,2020-06-22,12050,11600,203475
209,2020-06-23,11750,11600,348720
210,2020-06-24,11650,12100,554568
211,2020-06-25,11700,11650,326233
212,2020-06-26,11800,11450,320101
213,2020-06-29,11150,11050,162346
214,2020-06-30,11250,11050,189576
215,2020-07-01,11100,10900,100455
216,2020-07-02,11100,10900,120985
217,2020-07-03,10950,11000,152265
218,2020-07-06,11250,11100,209115
219,2020-07-07,11250,11000,160527
220,2020-07-08,11050,11050,105396
221,2020-07-09,11200,11650,447959
222,2020-07-10,11600,11350,211251
223,2020-07-13,11450,11600,178505
224,2020-07-14,11550,11300,130054
225,2020-07-15,11400,11700,259043
226,2020-07-16,11850,11550,128636
227,2020-07-17,11600,11850,202709
228,2020-07-20,11850,11900,219641
229,2020-07-21,11800,11850,228039
230,2020-07-22,11850,11750,104855
231,2020-07-23,11650,11400,193791
232,2020-07-24,11300,11300,113188
233,2020-07-27,11350,11450,77460
234,2020-07-28,11700,12250,374388
235,2020-07-29,12250,12600,516089
236,2020-07-30,13050,14100,3125226
237,2020-07-31,14100,14250,829009
238,2020-08-03,14400,15350,838178
239,2020-08-04,15100,14850,472395
240,2020-08-05,14800,14050,516786
241,2020-08-06,14100,13950,278957
242,2020-08-07,13850,14150,326267
243,2020-08-10,14200,15000,471546
244,2020-08-11,15000,15050,353157
245,2020-08-12,15050,15550,417611
246,2020-08-13,15650,15900,437011
247,2020-08-14,15950,15800,268780
248,2020-08-18,15400,14450,274519
249,2020-08-19,14600,14700,240287
250,2020-08-20,14750,13350,212132
251,2020-08-21,13500,13800,212789
252,2020-08-24,14100,13800,168925
253,2020-08-25,13850,13700,266790
254,2020-08-26,13700,14450,435503
255,2020-08-27,14900,14700,384563
256,2020-08-28,14900,15350,355590
257,2020-08-31,15250,15300,212845
258,2020-09-01,15450,15250,237491
259,2020-09-02,15300,15900,354608
260,2020-09-03,16200,16950,493979
261,2020-09-04,16250,18000,785590
262,2020-09-07,17900,18000,416200
263,2020-09-08,19000,18300,498017
264,2020-09-09,17850,18150,147281
265,2020-09-10,18350,18250,340336
266,2020-09-11,18050,18200,107137
267,2020-09-14,18450,17800,140374
268,2020-09-15,17900,17800,161184
269,2020-09-16,17800,17250,157481
270,2020-09-17,17100,16550,135204
271,2020-09-18,16550,16700,500255
272,2020-09-21,16700,15700,296245
273,2020-09-22,15450,15400,164638
274,2020-09-23,15700,16000,124003
275,2020-09-24,15450,16100,136843
276,2020-09-25,16250,16350,194672
277,2020-09-28,16400,16400,114739
278,2020-09-29,16700,17000,130618
279,2020-10-05,16850,17150,56929
280,2020-10-06,17200,16800,93292
281,2020-10-07,16750,17150,123653
282,2020-10-08,17500,16900,87914
283,2020-10-12,17100,16900,120759
284,2020-10-13,17100,16700,118231
285,2020-10-14,17150,16950,283324
286,2020-10-15,17100,17150,269713
287,2020-10-16,17000,16250,213910
288,2020-10-19,16350,15850,80493
289,2020-10-20,15800,16200,184189
290,2020-10-21,16150,16050,82372
291,2020-10-22,16250,16550,164596
292,2020-10-23,16800,16750,280209
293,2020-10-26,16650,16050,112624
294,2020-10-27,15800,16050,144922
295,2020-10-28,15800,16700,76895
296,2020-10-29,16250,16550,59121
297,2020-10-30,16950,16200,198600
298,2020-11-02,16150,15800,141457
299,2020-11-03,15800,16450,196297
