,date,open,close,volume
0,2019-08-16,18050,18200,28022
1,2019-08-19,18450,18050,21143
2,2019-08-20,18050,18650,46541
3,2019-08-21,18650,18750,15208
4,2019-08-22,18850,18600,15974
5,2019-08-23,18750,18500,19314
6,2019-08-26,18000,17700,22728
7,2019-08-27,17850,17600,17095
8,2019-08-28,17550,17900,20122
9,2019-08-29,18000,18350,26188
10,2019-08-30,18950,19300,35719
11,2019-09-02,19500,18850,20037
12,2019-09-03,18900,19450,57490
13,2019-09-04,19300,19350,27498
14,2019-09-05,19550,19250,25569
15,2019-09-06,19400,19150,11126
16,2019-09-09,19100,19100,19349
17,2019-09-10,19050,18850,22442
18,2019-09-11,19050,19300,34689
19,2019-09-16,19400,20100,42294
20,2019-09-17,20250,20000,21105
21,2019-09-18,19900,19800,18352
22,2019-09-19,19950,19650,12686
23,2019-09-20,19700,19450,19905
24,2019-09-23,19450,19100,12454
25,2019-09-24,19200,19550,22469
26,2019-09-25,19450,18850,21816
27,2019-09-26,19250,18600,13689
28,2019-09-27,18700,18950,23677
29,2019-09-30,18700,18600,21336
30,2019-10-01,18400,18750,8083
31,2019-10-02,18800,18250,10499
32,2019-10-04,18050,18200,8959
33,2019-10-07,17900,18000,10435
34,2019-10-08,18100,18400,15128
35,2019-10-10,18400,18150,10028
36,2019-10-11,18250,18700,18866
37,2019-10-14,19000,19300,35183
38,2019-10-15,19150,19550,16501
39,2019-10-16,19550,19950,26653
40,2019-10-17,19850,19850,9995
41,2019-10-18,19750,19550,18154
42,2019-10-21,19550,18850,22917
43,2019-10-22,19250,19000,15807
44,2019-10-23,18850,18750,18316
45,2019-10-24,18550,18400,15915
46,2019-10-25,18400,18450,12026
47,2019-10-28,18700,18400,15961
48,2019-10-29,18400,18500,21446
49,2019-10-30,18500,19550,52494
50,2019-10-31,19550,20400,109998
51,2019-11-01,20300,20500,37784
52,2019-11-04,20650,20400,20117
53,2019-11-05,20500,20500,16177
54,2019-11-06,20750,21050,55232
55,2019-11-07,21250,20750,31610
56,2019-11-08,21200,20250,44121
57,2019-11-11,20150,20300,20843
58,2019-11-12,20300,19900,11179
59,2019-11-13,19750,19400,19016
60,2019-11-14,19400,19300,26447
61,2019-11-15,19200,18700,35259
62,2019-11-18,18800,18500,30848
63,2019-11-19,18450,18350,26974
64,2019-11-20,18250,18000,29290
65,2019-11-21,18000,17450,32807
66,2019-11-22,17400,17500,14070
67,2019-11-25,17950,17850,20620
68,2019-11-26,18150,17750,92655
69,2019-11-27,18100,17950,15665
70,2019-11-28,17800,18000,19182
71,2019-11-29,18650,18400,300706
72,2019-12-02,18500,18300,36442
73,2019-12-03,18300,17800,32796
74,2019-12-04,17700,17600,27835
75,2019-12-05,17500,17100,41159
76,2019-12-06,17000,17300,14354
77,2019-12-09,17200,17300,12917
78,2019-12-10,17200,17400,26667
79,2019-12-11,17550,17400,23906
80,2019-12-12,17450,17550,9500
81,2019-12-13,17900,18200,97773
82,2019-12-16,18200,18200,14383
83,2019-12-17,18200,18400,37297
84,2019-12-18,18650,18350,9831
85,2019-12-19,18250,18600,14512
86,2019-12-20,18550,19100,82444
87,2019-12-23,19300,19300,78021
88,2019-12-24,19500,18850,37927
89,2019-12-26,19300,19200,33796
90,2019-12-27,19000,19250,22827
91,2019-12-30,19500,19300,12118
92,2020-01-02,19500,20050,39837
93,2020-01-03,20300,19950,62199
94,2020-01-06,19600,19300,23560
95,2020-01-07,19550,19950,29373
96,2020-01-08,19700,19250,31899
97,2020-01-09,19750,20250,50436
98,2020-01-10,20300,20250,44225
99,2020-01-13,20300,21250,324170
100,2020-01-14,21500,21250,86235
101,2020-01-15,21250,21350,32088
102,2020-01-16,21750,21600,23364
103,2020-01-17,21700,21250,22613
104,2020-01-20,21500,20700,49445
105,2020-01-21,20400,20150,44922
106,2020-01-22,20150,20200,25238
107,2020-01-23,20100,19800,29274
108,2020-01-28,18200,18100,68562
109,2020-01-29,18300,18100,31294
110,2020-01-30,18000,17750,34647
111,2020-01-31,17700,17650,22184
112,2020-02-03,17400,17200,47335
113,2020-02-04,17550,17700,22422
114,2020-02-05,17900,17750,23671
115,2020-02-06,18000,17850,46242
116,2020-02-07,17800,17700,22610
117,2020-02-10,17650,17650,21978
118,2020-02-11,17950,17950,28244
119,2020-02-12,18000,18250,29619
120,2020-02-13,18250,18200,36113
121,2020-02-14,18200,18350,18224
122,2020-02-17,18350,18650,16721
123,2020-02-18,18550,18150,32531
124,2020-02-19,18050,17850,24741
125,2020-02-20,17700,17700,14385
126,2020-02-21,17450,17350,24692
127,2020-02-24,16900,16650,30470
128,2020-02-25,16350,16850,20511
129,2020-02-26,16400,16600,18262
130,2020-02-27,16600,16150,21944
131,2020-02-28,16050,15050,52573
132,2020-03-02,14900,15150,18544
133,2020-03-03,15400,15300,22115
134,2020-03-04,15200,15750,11697
135,2020-03-05,15900,16250,18871
136,2020-03-06,15900,15950,16506
137,2020-03-09,15900,15550,17093
138,2020-03-10,15250,15600,22636
139,2020-03-11,15600,14850,21964
140,2020-03-12,14700,13750,47844
141,2020-03-13,12800,12450,68250
142,2020-03-16,12500,11550,72031
143,2020-03-17,10550,11600,41860
144,2020-03-18,11450,10000,95844
145,2020-03-19,10100,8150,145709
146,2020-03-20,8010,8700,119871
147,2020-03-23,8000,8240,21407
148,2020-03-24,8300,8830,158877
149,2020-03-25,9070,9530,77767
150,2020-03-26,9590,10350,69915
151,2020-03-27,10700,10500,60498
152,2020-03-30,10050,10400,38709
153,2020-03-31,10550,10700,55419
154,2020-04-01,10650,10350,46340
155,2020-04-02,10300,10700,31183
156,2020-04-03,10750,10650,38932
157,2020-04-06,10750,11750,108702
158,2020-04-07,12100,12600,91776
159,2020-04-08,12600,13900,148126
160,2020-04-09,14200,14100,78979
161,2020-04-10,14100,14100,57053
162,2020-04-13,14250,14150,88977
163,2020-04-14,14300,14550,40069
164,2020-04-16,14500,14750,27888
165,2020-04-17,15250,15250,77051
166,2020-04-20,15300,15150,42665
167,2020-04-21,15000,14650,94554
168,2020-04-22,13950,14600,40826
169,2020-04-23,14800,14800,25153
170,2020-04-24,14600,14200,25982
171,2020-04-27,14450,14600,15697
172,2020-04-28,14750,14900,47796
173,2020-04-29,14900,14900,56073
174,2020-05-04,14900,15250,59316
175,2020-05-06,15400,15250,52477
176,2020-05-07,15350,15250,34088
177,2020-05-08,15300,15450,34576
178,2020-05-11,15350,15450,43512
179,2020-05-12,15300,15350,31571
180,2020-05-13,15000,15150,29942
181,2020-05-14,15350,15050,30321
182,2020-05-15,15050,15000,16104
183,2020-05-18,15000,15150,25688
184,2020-05-19,15300,15400,52813
185,2020-05-20,15450,16000,122881
186,2020-05-21,16200,16100,54634
187,2020-05-22,16100,15250,53720
188,2020-05-25,15050,14800,31421
189,2020-05-26,14800,14950,22431
190,2020-05-27,14900,14950,17058
191,2020-05-28,14950,14550,27676
192,2020-05-29,14500,14050,46526
193,2020-06-01,14150,14400,17873
194,2020-06-02,14200,14350,20763
195,2020-06-03,14400,14550,35752
196,2020-06-04,14600,14700,63057
197,2020-06-05,14900,15200,30650
198,2020-06-08,15450,15300,31136
199,2020-06-09,15350,15150,24840
200,2020-06-10,15100,14750,28178
201,2020-06-11,14600,14350,27527
202,2020-06-12,13500,13900,27547
203,2020-06-15,13850,13150,42542
204,2020-06-16,13650,13650,24311
205,2020-06-17,13650,13350,20199
206,2020-06-18,13250,13250,17970
207,2020-06-19,13450,13250,22211
208,2020-06-22,13250,12900,30016
209,2020-06-23,12950,12600,23872
210,2020-06-24,12750,12750,18788
211,2020-06-25,12600,12300,20501
212,2020-06-26,12500,12350,9589
213,2020-06-29,12250,12000,24099
214,2020-06-30,12150,15600,864695
215,2020-07-01,15300,13050,403265
216,2020-07-02,13100,14750,1312906
217,2020-07-03,14650,17900,4158332
218,2020-07-06,17800,19400,2168095
219,2020-07-07,19450,18850,343988
220,2020-07-08,19050,20850,2270231
221,2020-07-09,21000,21300,723268
222,2020-07-10,21750,21050,274710
223,2020-07-13,21550,20850,760453
224,2020-07-14,20650,20350,224045
225,2020-07-15,20400,19650,220787
226,2020-07-16,19550,23050,4499395
227,2020-07-17,22250,22550,608852
228,2020-07-20,22550,22700,505526
229,2020-07-21,22850,23100,1330772
230,2020-07-22,22850,22400,212591
231,2020-07-23,22400,22400,501745
232,2020-07-24,21900,21450,164666
233,2020-07-27,21100,21950,290331
234,2020-07-28,22250,22100,286044
235,2020-07-29,22200,22050,81543
236,2020-07-30,22200,22700,1796209
237,2020-07-31,22750,26100,3884256
238,2020-08-03,25800,25950,760195
239,2020-08-04,25900,28450,3418805
240,2020-08-05,28100,28300,836978
241,2020-08-06,28300,28550,504049
242,2020-08-07,28400,27750,594409
243,2020-08-10,27300,27250,245173
244,2020-08-11,27350,27550,444236
245,2020-08-12,27750,28100,556965
246,2020-08-13,31400,29950,2068891
247,2020-08-14,31300,33600,3063198
248,2020-08-18,32100,29250,892743
249,2020-08-19,29900,36350,6977800
250,2020-08-20,35300,35900,1587170
251,2020-08-21,36800,32650,2608407
252,2020-08-24,30900,30350,894453
253,2020-08-25,30350,30000,437526
254,2020-08-26,30350,29650,427165
255,2020-08-27,29650,28050,387420
256,2020-08-28,28500,28400,648879
257,2020-08-31,28550,28300,146659
258,2020-09-01,28450,29400,517152
259,2020-09-02,29250,29500,265003
260,2020-09-03,30000,30250,274753
261,2020-09-04,29250,30350,348539
262,2020-09-07,30950,31200,488840
263,2020-09-08,31500,30750,254396
264,2020-09-09,30150,29650,186777
265,2020-09-10,29900,29650,109378
266,2020-09-11,29500,30000,135191
267,2020-09-14,30200,30200,101052
268,2020-09-15,30250,30800,137844
269,2020-09-16,31200,29950,260883
270,2020-09-17,30100,28800,218806
271,2020-09-18,28850,27500,324552
272,2020-09-21,27800,26400,264916
273,2020-09-22,26600,24600,224043
274,2020-09-23,24800,24950,403193
275,2020-09-24,24100,23750,174834
276,2020-09-25,23750,23400,74369
277,2020-09-28,25100,25350,472383
278,2020-09-29,25600,27250,596085
279,2020-10-05,26650,27550,219327
280,2020-10-06,26650,26350,201258
281,2020-10-07,25850,26400,105645
282,2020-10-08,26550,27100,743346
283,2020-10-12,27700,29800,2216295
284,2020-10-13,29700,29000,374507
285,2020-10-14,28950,27750,332633
286,2020-10-15,27650,27350,370982
287,2020-10-16,28100,28050,306250
288,2020-10-19,27600,28300,456977
289,2020-10-20,27950,27950,188892
290,2020-10-21,27950,29550,743007
291,2020-10-22,29100,29000,296623
292,2020-10-23,29650,29200,346773
293,2020-10-26,29250,30350,1464407
294,2020-10-27,30100,30000,417720
295,2020-10-28,29950,30500,512386
296,2020-10-29,29700,29900,279403
297,2020-10-30,29600,28250,295638
298,2020-11-02,28250,28050,173623
299,2020-11-03,28050,28400,184247
