,date,open,close,volume
0,2019-08-16,1225,1200,1129144
1,2019-08-19,1210,1225,1184667
2,2019-08-20,1235,1230,654038
3,2019-08-21,1225,1230,719583
4,2019-08-22,1210,1185,1181985
5,2019-08-23,1170,1150,825979
6,2019-08-26,1090,1090,627294
7,2019-08-27,1115,1090,488057
8,2019-08-28,1090,1105,285218
9,2019-08-29,1110,1115,327953
10,2019-08-30,1130,1140,392531
11,2019-09-02,1120,1115,525617
12,2019-09-03,1115,1105,401840
13,2019-09-04,1100,1095,483687
14,2019-09-05,1110,1100,480636
15,2019-09-06,1100,1110,369562
16,2019-09-09,1120,1100,304792
17,2019-09-10,1155,1180,1344622
18,2019-09-11,1195,1205,830124
19,2019-09-16,1225,1250,1906905
20,2019-09-17,1230,1215,1221357
21,2019-09-18,1210,1225,1702382
22,2019-09-19,1230,1215,933878
23,2019-09-20,1220,1220,1031575
24,2019-09-23,1245,1215,1728842
25,2019-09-24,1195,1200,1277518
26,2019-09-25,1190,1115,2068238
27,2019-09-26,1140,1155,1261204
28,2019-09-27,1125,1150,731756
29,2019-09-30,1155,1140,438115
30,2019-10-01,1145,1145,522731
31,2019-10-02,1195,1165,1525474
32,2019-10-04,1165,1135,946821
33,2019-10-07,1050,1050,2108953
34,2019-10-08,1035,1065,900095
35,2019-10-10,1055,1065,271217
36,2019-10-11,1060,1060,577085
37,2019-10-14,1060,1090,398804
38,2019-10-15,1080,1110,289507
39,2019-10-16,1115,1120,234522
40,2019-10-17,1110,1095,357989
41,2019-10-18,1090,1110,318947
42,2019-10-21,1110,1100,441205
43,2019-10-22,1090,1130,694185
44,2019-10-23,1100,1125,652112
45,2019-10-24,1125,1135,468460
46,2019-10-25,1135,1145,763512
47,2019-10-28,1145,1120,541254
48,2019-10-29,1110,1100,702188
49,2019-10-30,1090,1075,1657155
50,2019-10-31,1080,1090,383483
51,2019-11-01,1080,1100,225296
52,2019-11-04,1105,1090,324108
53,2019-11-05,1115,1095,364057
54,2019-11-06,1100,1110,554378
55,2019-11-07,1110,1075,1262640
56,2019-11-08,1085,1090,643866
57,2019-11-11,1090,1085,441302
58,2019-11-12,1090,1075,478652
59,2019-11-13,1075,1100,781331
60,2019-11-14,1100,1090,657381
61,2019-11-15,1090,1095,620502
62,2019-11-18,1110,1145,2121699
63,2019-11-19,1140,1110,613939
64,2019-11-20,1110,1075,900583
65,2019-11-21,1075,1065,749867
66,2019-11-22,1065,1050,487192
67,2019-11-25,1055,1060,347104
68,2019-11-26,1060,1055,321244
69,2019-11-27,1065,1060,310808
70,2019-11-28,1065,1035,555987
71,2019-11-29,1040,1025,578078
72,2019-12-02,1035,1020,1134480
73,2019-12-03,1010,1025,508921
74,2019-12-04,1010,1015,268718
75,2019-12-05,1015,1010,419747
76,2019-12-06,1015,1040,274056
77,2019-12-09,1040,1055,378507
78,2019-12-10,1055,1055,318632
79,2019-12-11,1065,1075,720044
80,2019-12-12,1080,1115,1664435
81,2019-12-13,1130,1065,4545606
82,2019-12-16,1065,1055,962321
83,2019-12-17,1060,1035,1071067
84,2019-12-18,1040,1045,601248
85,2019-12-19,1040,1030,379085
86,2019-12-20,1035,1080,3234163
87,2019-12-23,1080,1070,902179
88,2019-12-24,1055,1060,473341
89,2019-12-26,1060,1065,520246
90,2019-12-27,1055,1070,393056
91,2019-12-30,1070,1070,374700
92,2020-01-02,1080,1100,1190836
93,2020-01-03,1115,1095,852810
94,2020-01-06,1075,1060,897397
95,2020-01-07,1065,1060,945516
96,2020-01-08,1055,1005,2332334
97,2020-01-09,1025,1050,1016425
98,2020-01-10,1060,1065,567511
99,2020-01-13,1055,1105,1505653
100,2020-01-14,1105,1090,426761
101,2020-01-15,1100,1105,657176
102,2020-01-16,1110,1125,956815
103,2020-01-17,1125,1115,418094
104,2020-01-20,1115,1085,621229
105,2020-01-21,1075,1085,522225
106,2020-01-22,1100,1095,353499
107,2020-01-23,1100,1100,433125
108,2020-01-28,1050,1050,1154163
109,2020-01-29,1060,1035,746105
110,2020-01-30,1040,1025,819236
111,2020-01-31,1030,1005,808871
112,2020-02-03,998,1000,1351187
113,2020-02-04,1015,1035,455295
114,2020-02-05,1040,1030,368892
115,2020-02-06,1040,1045,382964
116,2020-02-07,1045,1050,323328
117,2020-02-10,1055,1050,355835
118,2020-02-11,1045,1050,491518
119,2020-02-12,1050,1050,544594
120,2020-02-13,1050,1040,489375
121,2020-02-14,1040,1040,335146
122,2020-02-17,1050,1065,1140724
123,2020-02-18,1075,1050,795420
124,2020-02-19,1045,1035,948271
125,2020-02-20,1040,1025,543083
126,2020-02-21,1015,1010,739973
127,2020-02-24,984,964,1330860
128,2020-02-25,954,993,814701
129,2020-02-26,970,980,733146
130,2020-02-27,980,968,577989
131,2020-02-28,950,918,1172541
132,2020-03-02,911,916,642430
133,2020-03-03,925,923,359868
134,2020-03-04,922,935,441673
135,2020-03-05,939,959,386761
136,2020-03-06,978,950,476074
137,2020-03-09,932,902,774603
138,2020-03-10,870,890,707991
139,2020-03-11,890,859,588470
140,2020-03-12,845,800,1095962
141,2020-03-13,730,716,1779189
142,2020-03-16,722,699,753425
143,2020-03-17,630,671,1109434
144,2020-03-18,685,653,2646587
145,2020-03-19,653,564,1652863
146,2020-03-20,564,596,882997
147,2020-03-23,561,543,923536
148,2020-03-24,551,612,1152999
149,2020-03-25,645,644,1270590
150,2020-03-26,647,669,1058553
151,2020-03-27,687,667,1287047
152,2020-03-30,657,690,939840
153,2020-03-31,700,758,3577949
154,2020-04-01,749,752,1377081
155,2020-04-02,749,753,760317
156,2020-04-03,753,750,797804
157,2020-04-06,750,766,920321
158,2020-04-07,784,787,1251514
159,2020-04-08,792,815,859765
160,2020-04-09,834,839,785296
161,2020-04-10,849,816,1066274
162,2020-04-13,813,800,450427
163,2020-04-14,800,836,1069653
164,2020-04-16,850,889,2256079
165,2020-04-17,895,884,1025649
166,2020-04-20,894,908,1821314
167,2020-04-21,918,860,3085690
168,2020-04-22,845,865,700234
169,2020-04-23,879,867,659345
170,2020-04-24,864,861,2469052
171,2020-04-27,863,869,599170
172,2020-04-28,870,854,654885
173,2020-04-29,845,854,541005
174,2020-05-04,870,862,494782
175,2020-05-06,862,882,733285
176,2020-05-07,898,890,649882
177,2020-05-08,891,904,572576
178,2020-05-11,903,870,1079856
179,2020-05-12,870,849,782413
180,2020-05-13,847,848,286567
181,2020-05-14,835,837,455639
182,2020-05-15,858,830,453018
183,2020-05-18,823,826,405878
184,2020-05-19,847,835,399241
185,2020-05-20,831,842,272291
186,2020-05-21,847,840,241240
187,2020-05-22,840,827,376170
188,2020-05-25,827,829,235761
189,2020-05-26,828,868,3551122
190,2020-05-27,869,863,1156382
191,2020-05-28,864,842,1007677
192,2020-05-29,842,842,393546
193,2020-06-01,843,849,336995
194,2020-06-02,855,872,675241
195,2020-06-03,872,864,326196
196,2020-06-04,861,865,477485
197,2020-06-05,865,880,743542
198,2020-06-08,879,852,877862
199,2020-06-09,830,828,1010981
200,2020-06-10,828,812,656402
201,2020-06-11,820,804,631615
202,2020-06-12,710,793,734867
203,2020-06-15,792,740,862182
204,2020-06-16,744,770,642936
205,2020-06-17,751,741,735182
206,2020-06-18,744,758,311083
207,2020-06-19,751,782,769764
208,2020-06-22,770,757,290338
209,2020-06-23,765,741,442171
210,2020-06-24,776,769,867935
211,2020-06-25,760,742,437877
212,2020-06-26,746,736,321923
213,2020-06-29,736,719,336151
214,2020-06-30,723,727,307639
215,2020-07-01,732,730,326610
216,2020-07-02,737,735,163649
217,2020-07-03,741,788,1162011
218,2020-07-06,794,787,525848
219,2020-07-07,788,770,384114
220,2020-07-08,779,771,573645
221,2020-07-09,777,770,389565
222,2020-07-10,766,753,369066
223,2020-07-13,753,759,2590612
224,2020-07-14,758,762,386594
225,2020-07-15,762,784,779328
226,2020-07-16,785,771,407411
227,2020-07-17,777,772,358572
228,2020-07-20,779,775,502120
229,2020-07-21,778,775,318487
230,2020-07-22,775,776,352073
231,2020-07-23,780,770,359785
232,2020-07-24,767,772,278153
233,2020-07-27,772,774,222120
234,2020-07-28,776,766,363391
235,2020-07-29,767,765,255556
236,2020-07-30,763,761,283406
237,2020-07-31,762,750,396360
238,2020-08-03,756,745,323514
239,2020-08-04,748,741,420648
240,2020-08-05,737,739,650247
241,2020-08-06,742,750,536202
242,2020-08-07,759,733,633282
243,2020-08-10,733,720,724465
244,2020-08-11,720,727,609895
245,2020-08-12,730,718,367039
246,2020-08-13,718,718,372947
247,2020-08-14,718,710,662187
248,2020-08-18,700,672,850494
249,2020-08-19,666,678,365040
250,2020-08-20,669,643,498834
251,2020-08-21,668,656,315941
252,2020-08-24,660,664,214693
253,2020-08-25,666,698,1690439
254,2020-08-26,698,715,521814
255,2020-08-27,716,693,466987
256,2020-08-28,690,707,593180
257,2020-08-31,720,707,262169
258,2020-09-01,704,711,335929
259,2020-09-02,707,727,417853
260,2020-09-03,730,721,215625
261,2020-09-04,705,715,298157
262,2020-09-07,705,725,352187
263,2020-09-08,727,722,433138
264,2020-09-09,721,712,382874
265,2020-09-10,718,725,411250
266,2020-09-11,727,733,560851
267,2020-09-14,738,747,390283
268,2020-09-15,751,743,349648
269,2020-09-16,747,750,585304
270,2020-09-17,753,738,410236
271,2020-09-18,748,738,235067
272,2020-09-21,738,720,290844
273,2020-09-22,707,693,599497
274,2020-09-23,693,692,221352
275,2020-09-24,675,666,417216
276,2020-09-25,667,682,501364
277,2020-09-28,682,698,126495
278,2020-09-29,704,732,819150
279,2020-10-05,727,720,281501
280,2020-10-06,722,718,146603
281,2020-10-07,720,719,206042
282,2020-10-08,724,719,115561
283,2020-10-12,730,731,448922
284,2020-10-13,731,730,227679
285,2020-10-14,732,723,237777
286,2020-10-15,730,709,415985
287,2020-10-16,710,699,202234
288,2020-10-19,692,690,242018
289,2020-10-20,689,685,178632
290,2020-10-21,692,704,153954
291,2020-10-22,700,701,147542
292,2020-10-23,701,709,177573
293,2020-10-26,715,690,247523
294,2020-10-27,690,691,196952
295,2020-10-28,688,702,127241
296,2020-10-29,701,698,130353
297,2020-10-30,701,690,121588
298,2020-11-02,693,691,138029
299,2020-11-03,700,898,22008341
