,date,open,close,volume
0,2019-08-16,9290,9480,3379
1,2019-08-19,9480,9390,8032
2,2019-08-20,9390,9380,5834
3,2019-08-21,9530,9290,3676
4,2019-08-22,9200,9010,4996
5,2019-08-23,9020,9060,2098
6,2019-08-26,9110,8670,5221
7,2019-08-27,8800,8510,2507
8,2019-08-28,8580,8740,5498
9,2019-08-29,9320,8740,4743
10,2019-08-30,8630,9000,3361
11,2019-09-02,8900,8990,4135
12,2019-09-03,8960,8980,2785
13,2019-09-04,8970,8890,3757
14,2019-09-05,9200,8880,3587
15,2019-09-06,9140,8920,6202
16,2019-09-09,8900,8660,3260
17,2019-09-10,8700,8690,1481
18,2019-09-11,8410,8680,7276
19,2019-09-16,8620,8790,7056
20,2019-09-17,10350,9790,304019
21,2019-09-18,10300,10600,747244
22,2019-09-19,10400,9450,170593
23,2019-09-20,9450,9500,173842
24,2019-09-23,9000,8960,59914
25,2019-09-24,9450,8950,103620
26,2019-09-25,8860,8630,51744
27,2019-09-26,8680,8460,38786
28,2019-09-27,8450,8820,763569
29,2019-09-30,8750,8250,132809
30,2019-10-01,8230,8180,190482
31,2019-10-02,8210,8150,46044
32,2019-10-04,9690,8960,840156
33,2019-10-07,8450,8450,94304
34,2019-10-08,8450,8160,51079
35,2019-10-10,8700,8250,230200
36,2019-10-11,8310,8510,155345
37,2019-10-14,9200,8780,463924
38,2019-10-15,9000,8920,107453
39,2019-10-16,8830,8930,147912
40,2019-10-17,8800,8690,45146
41,2019-10-18,8790,8690,70104
42,2019-10-21,8850,8550,59633
43,2019-10-22,8550,8490,97772
44,2019-10-23,8490,8200,66211
45,2019-10-24,8190,8140,56637
46,2019-10-25,8140,7980,21346
47,2019-10-28,8190,8070,12339
48,2019-10-29,8070,8050,13916
49,2019-10-30,8060,7870,19664
50,2019-10-31,8080,7930,14014
51,2019-11-01,7950,7760,36044
52,2019-11-04,7970,7800,11491
53,2019-11-05,7800,7740,20004
54,2019-11-06,7880,7890,35622
55,2019-11-07,8080,7920,9691
56,2019-11-08,7900,8140,26000
57,2019-11-11,8270,8110,10942
58,2019-11-12,8090,8180,7908
59,2019-11-13,8180,8310,41989
60,2019-11-14,8820,8000,96039
61,2019-11-15,8000,8060,25991
62,2019-11-18,8070,8000,18544
63,2019-11-19,8010,7970,16117
64,2019-11-20,7970,7770,12505
65,2019-11-21,7890,7650,13266
66,2019-11-22,7650,7670,9175
67,2019-11-25,7790,7740,9862
68,2019-11-26,8000,8270,45869
69,2019-11-27,8210,8270,29841
70,2019-11-28,8140,8400,33183
71,2019-11-29,8400,8290,31134
72,2019-12-02,8290,8030,41996
73,2019-12-03,7750,7820,17953
74,2019-12-04,7800,7540,27766
75,2019-12-05,7620,7250,14576
76,2019-12-06,7320,7230,9604
77,2019-12-09,7390,7170,7012
78,2019-12-10,7370,7090,10274
79,2019-12-11,7090,7000,6708
80,2019-12-12,7030,7080,4174
81,2019-12-13,7100,7170,6932
82,2019-12-16,7170,7030,3701
83,2019-12-17,7190,7020,10798
84,2019-12-18,7020,6870,10142
85,2019-12-19,6930,7000,8936
86,2019-12-20,7000,6940,8653
87,2019-12-23,6940,6780,5003
88,2019-12-24,6970,6500,20040
89,2019-12-26,6850,6500,11015
90,2019-12-27,6730,6600,6868
91,2019-12-30,6540,6620,2562
92,2020-01-02,6660,6670,10867
93,2020-01-03,6670,6800,10905
94,2020-01-06,6960,6680,9496
95,2020-01-07,6650,6650,9350
96,2020-01-08,6690,6220,9188
97,2020-01-09,6700,6370,7627
98,2020-01-10,6370,6450,4427
99,2020-01-13,6450,6470,3367
100,2020-01-14,6880,6510,16403
101,2020-01-15,6410,6590,7406
102,2020-01-16,6510,6650,4139
103,2020-01-17,6600,6710,10310
104,2020-01-20,6690,7070,47561
105,2020-01-21,7070,6770,11046
106,2020-01-22,6770,7200,126336
107,2020-01-23,7290,6960,29622
108,2020-01-28,7000,7170,73091
109,2020-01-29,7060,6920,17259
110,2020-01-30,6920,6950,23180
111,2020-01-31,6960,6680,8027
112,2020-02-03,6670,6400,23314
113,2020-02-04,6400,6430,14083
114,2020-02-05,6430,6300,13355
115,2020-02-06,6330,6300,9006
116,2020-02-07,6400,6300,9835
117,2020-02-10,6310,6420,5111
118,2020-02-11,6310,6300,10065
119,2020-02-12,6380,6220,7310
120,2020-02-13,6250,6220,8846
121,2020-02-14,6230,6290,11491
122,2020-02-17,6320,6530,110284
123,2020-02-18,6410,6460,25320
124,2020-02-19,6380,6310,13113
125,2020-02-20,6310,6240,11113
126,2020-02-21,6120,6180,10723
127,2020-02-24,5930,6100,17659
128,2020-02-25,6050,6170,6678
129,2020-02-26,6100,6030,5058
130,2020-02-27,5870,5800,10394
131,2020-02-28,5900,5490,12132
132,2020-03-02,5450,5490,16069
133,2020-03-03,5490,5260,13569
134,2020-03-04,5240,5190,8421
135,2020-03-05,5480,5370,9220
136,2020-03-06,5450,5300,7611
137,2020-03-09,5450,4910,34453
138,2020-03-10,4910,4800,5990
139,2020-03-11,4970,4600,6794
140,2020-03-12,4600,4470,19197
141,2020-03-13,4450,4455,34903
142,2020-03-16,4455,4050,15546
143,2020-03-17,3500,3690,26759
144,2020-03-18,3555,3610,29111
145,2020-03-19,3570,3200,70814
146,2020-03-20,3200,3125,28588
147,2020-03-23,2750,2880,34413
148,2020-03-24,2900,2980,29827
149,2020-03-25,3100,3300,17675
150,2020-03-26,3325,3840,24030
151,2020-03-27,4600,4300,47093
152,2020-03-30,4295,4230,19473
153,2020-03-31,4320,4520,38710
154,2020-04-01,4950,4620,36884
155,2020-04-02,4450,4735,13495
156,2020-04-03,4750,4570,10987
157,2020-04-06,5000,5940,355963
158,2020-04-07,6250,5370,286226
159,2020-04-08,5480,5210,41471
160,2020-04-09,5350,5150,35747
161,2020-04-10,5330,5090,32145
162,2020-04-13,5100,5090,18716
163,2020-04-14,5200,5090,15837
164,2020-04-16,5090,5120,12490
165,2020-04-17,5240,5150,20244
166,2020-04-20,5150,5100,23631
167,2020-04-21,5100,5090,24959
168,2020-04-22,5090,5000,20197
169,2020-04-23,5190,5100,13117
170,2020-04-24,5100,4980,10957
171,2020-04-27,4980,5000,10026
172,2020-04-28,5110,5020,12542
173,2020-04-29,5120,5060,8044
174,2020-05-04,5060,5150,16971
175,2020-05-06,5160,5230,10727
176,2020-05-07,5390,5230,9712
177,2020-05-08,5280,5260,9901
178,2020-05-11,5320,5310,29394
179,2020-05-12,5310,5590,30450
180,2020-05-13,5790,5350,17968
181,2020-05-14,5350,5300,6927
182,2020-05-15,5450,5600,14809
183,2020-05-18,5640,5570,17660
184,2020-05-19,5570,5440,6027
185,2020-05-20,5430,5300,49090
186,2020-05-21,5300,5050,46597
187,2020-05-22,5050,5020,19448
188,2020-05-25,5200,5070,11839
189,2020-05-26,5140,5100,19885
190,2020-05-27,5100,5110,11901
191,2020-05-28,5050,4980,20057
192,2020-05-29,4980,4890,14955
193,2020-06-01,4890,5050,14898
194,2020-06-02,5050,5050,8757
195,2020-06-03,4990,5000,8539
196,2020-06-04,4950,4950,15484
197,2020-06-05,4950,4990,4825
198,2020-06-08,4990,5040,10111
199,2020-06-09,5150,4940,13511
200,2020-06-10,4940,5020,103537
201,2020-06-11,5060,5120,41748
202,2020-06-12,5020,4885,32708
203,2020-06-15,4880,4310,21681
204,2020-06-16,4310,4450,19534
205,2020-06-17,4445,4355,17372
206,2020-06-18,4315,4420,12445
207,2020-06-19,4415,4510,19381
208,2020-06-22,4510,4685,147181
209,2020-06-23,4690,4765,20525
210,2020-06-24,4760,4860,11626
211,2020-06-25,4860,4915,29986
212,2020-06-26,4915,5070,33180
213,2020-06-29,5070,5040,47606
214,2020-06-30,4865,5400,117997
215,2020-07-01,5460,5220,39029
216,2020-07-02,5220,5340,88135
217,2020-07-03,5340,5110,25188
218,2020-07-06,5190,5310,20063
219,2020-07-07,5300,6000,548543
220,2020-07-08,6030,5760,117915
221,2020-07-09,5760,5820,31174
222,2020-07-10,5750,5580,43421
223,2020-07-13,5530,5440,16476
224,2020-07-14,5470,5310,20929
225,2020-07-15,5440,5300,17944
226,2020-07-16,5290,5220,10701
227,2020-07-17,5220,5320,12187
228,2020-07-20,5320,5500,27633
229,2020-07-21,5580,5560,85841
230,2020-07-22,5810,5370,32070
231,2020-07-23,5340,5230,33788
232,2020-07-24,5230,5300,23875
233,2020-07-27,5210,5730,386444
234,2020-07-28,5890,5480,44123
235,2020-07-29,5470,6370,1722467
236,2020-07-30,6450,6300,468270
237,2020-07-31,6210,6000,98010
238,2020-08-03,5980,5850,77520
239,2020-08-04,5850,6090,98035
240,2020-08-05,6090,6310,158889
241,2020-08-06,7500,8200,845031
242,2020-08-07,9000,7580,2220392
243,2020-08-10,7640,8780,985938
244,2020-08-11,8390,8570,484195
245,2020-08-12,8460,8960,2121083
246,2020-08-13,8940,8100,370008
247,2020-08-14,7980,7610,134547
248,2020-08-18,7600,6800,148098
249,2020-08-19,6880,7480,164990
250,2020-08-20,7480,6900,78224
251,2020-08-21,6900,7130,53172
252,2020-08-24,6880,6800,53411
253,2020-08-25,6880,7200,71494
254,2020-08-26,7440,8130,784398
255,2020-08-27,8140,7780,183952
256,2020-08-28,7780,7660,96303
257,2020-08-31,7660,7690,47763
258,2020-09-01,7660,7350,57662
259,2020-09-02,7400,7400,145617
260,2020-09-03,7400,8290,460079
261,2020-09-04,8000,9050,539529
262,2020-09-07,9020,10000,650378
263,2020-09-08,10000,9990,188690
264,2020-09-09,9990,10900,524355
265,2020-09-10,10700,11350,183672
266,2020-09-11,11700,11700,453390
267,2020-09-14,11050,12000,602104
268,2020-09-15,11950,11900,171888
269,2020-09-16,11950,12500,248017
270,2020-09-17,12500,12500,190294
271,2020-09-18,12350,12750,147986
272,2020-09-21,12750,12750,150849
273,2020-09-22,12750,12800,283115
274,2020-09-23,12850,12900,126365
275,2020-09-24,13200,13700,196160
276,2020-09-25,13750,13900,198593
277,2020-09-28,14000,13800,236179
278,2020-09-29,13800,14500,140643
279,2020-10-05,14700,14250,131290
280,2020-10-06,14250,14250,146277
281,2020-10-07,14300,14500,101673
282,2020-10-08,14500,15300,174893
283,2020-10-12,15700,15600,184014
284,2020-10-13,15500,15600,136788
285,2020-10-14,15700,15800,85903
286,2020-10-15,15900,15900,117753
287,2020-10-16,15900,16000,230547
288,2020-10-19,15200,16050,398460
289,2020-10-20,15900,16050,194985
290,2020-10-21,16150,16500,330112
291,2020-10-22,16600,16700,133217
292,2020-10-23,16500,16600,170317
293,2020-10-26,16600,16600,113911
294,2020-10-27,16500,14100,975090
295,2020-10-28,14250,15900,257848
296,2020-10-29,15550,15800,115140
297,2020-10-30,15800,15650,103746
298,2020-11-02,15400,15600,63975
299,2020-11-03,15550,15200,65128
