,date,open,close,volume
0,2019-08-16,2040,2065,6713
1,2019-08-19,2060,2070,19373
2,2019-08-20,2070,2105,7640
3,2019-08-21,2120,2120,3508
4,2019-08-22,2090,2130,61230
5,2019-08-23,2130,2200,55462
6,2019-08-26,2165,2160,30251
7,2019-08-27,2140,2255,83473
8,2019-08-28,2255,2250,42460
9,2019-08-29,2250,2250,17502
10,2019-08-30,2250,2230,28639
11,2019-09-02,2230,2335,39144
12,2019-09-03,2335,2295,66591
13,2019-09-04,2295,2310,24769
14,2019-09-05,2310,2295,52812
15,2019-09-06,2295,2300,32217
16,2019-09-09,2265,2290,27737
17,2019-09-10,2310,2400,127559
18,2019-09-11,2400,2430,41614
19,2019-09-16,2430,2440,25581
20,2019-09-17,2435,2390,21260
21,2019-09-18,2385,2440,30591
22,2019-09-19,2415,2435,11800
23,2019-09-20,2435,2540,107478
24,2019-09-23,2555,2540,49081
25,2019-09-24,2460,2520,22925
26,2019-09-25,2520,2380,48361
27,2019-09-26,2360,2290,43076
28,2019-09-27,2265,2400,24719
29,2019-09-30,2400,2420,48195
30,2019-10-01,2400,2420,160766
31,2019-10-02,2420,2620,402957
32,2019-10-04,2580,2560,58533
33,2019-10-07,2560,2475,69017
34,2019-10-08,2475,2535,74869
35,2019-10-10,2520,2530,58361
36,2019-10-11,2530,2810,378966
37,2019-10-14,3075,2955,1082391
38,2019-10-15,3000,2805,246574
39,2019-10-16,2780,2745,148732
40,2019-10-17,2730,2760,91680
41,2019-10-18,2745,2770,70498
42,2019-10-21,2740,2755,35949
43,2019-10-22,2755,2770,95118
44,2019-10-23,2920,2820,321982
45,2019-10-24,2820,2825,56806
46,2019-10-25,2820,2940,172492
47,2019-10-28,2940,2970,72800
48,2019-10-29,2970,2950,53833
49,2019-10-30,2950,2875,34964
50,2019-10-31,2875,2845,15446
51,2019-11-01,2845,2810,32519
52,2019-11-04,2805,2690,58505
53,2019-11-05,2685,2755,34838
54,2019-11-06,2770,3000,523549
55,2019-11-07,3100,3000,223081
56,2019-11-08,3000,3045,61424
57,2019-11-11,3045,3120,56161
58,2019-11-12,3090,3120,69571
59,2019-11-13,3120,3075,64362
60,2019-11-14,3045,3145,56755
61,2019-11-15,3075,3110,48039
62,2019-11-18,3110,3115,35655
63,2019-11-19,3115,3165,42073
64,2019-11-20,3165,3135,50373
65,2019-11-21,3070,2890,72149
66,2019-11-22,2890,2900,12993
67,2019-11-25,2930,3140,48794
68,2019-11-26,3140,3380,172930
69,2019-11-27,3380,3310,67640
70,2019-11-28,3305,3330,58325
71,2019-11-29,3325,3200,56290
72,2019-12-02,3200,3430,83308
73,2019-12-03,3420,3280,123900
74,2019-12-04,3165,3100,92106
75,2019-12-05,3100,3000,90523
76,2019-12-06,3020,3155,47120
77,2019-12-09,3165,3230,41080
78,2019-12-10,3240,3200,15355
79,2019-12-11,3170,3090,22663
80,2019-12-12,3095,3110,26681
81,2019-12-13,3115,3115,41642
82,2019-12-16,3115,3210,79327
83,2019-12-17,3210,3190,42299
84,2019-12-18,3260,3335,87197
85,2019-12-19,3335,3335,39021
86,2019-12-20,3335,3215,44286
87,2019-12-23,3215,3000,109671
88,2019-12-24,3000,2950,31111
89,2019-12-26,2950,3010,43400
90,2019-12-27,3010,3100,28122
91,2019-12-30,3100,3040,19384
92,2020-01-02,3040,3070,28810
93,2020-01-03,3070,3050,36276
94,2020-01-06,3050,2970,32695
95,2020-01-07,2955,2960,69644
96,2020-01-08,2960,2815,89143
97,2020-01-09,2845,2930,47712
98,2020-01-10,2950,3020,91508
99,2020-01-13,3020,3025,30317
100,2020-01-14,3025,2985,34292
101,2020-01-15,2985,2950,22705
102,2020-01-16,2950,2995,18661
103,2020-01-17,2965,2995,23182
104,2020-01-20,3020,3210,472652
105,2020-01-21,3180,3080,93825
106,2020-01-22,3080,3165,50778
107,2020-01-23,3165,3360,102604
108,2020-01-28,3195,3230,118521
109,2020-01-29,3205,3170,51054
110,2020-01-30,3105,3085,37613
111,2020-01-31,3085,3115,62606
112,2020-02-03,3080,3165,51978
113,2020-02-04,3170,3275,57212
114,2020-02-05,3280,3280,158007
115,2020-02-06,3280,3260,67314
116,2020-02-07,3260,3590,578865
117,2020-02-10,3590,3860,276709
118,2020-02-11,3860,3910,188787
119,2020-02-12,3910,3800,86864
120,2020-02-13,3785,4195,284270
121,2020-02-14,4175,4160,137638
122,2020-02-17,4160,4015,55067
123,2020-02-18,4015,4440,690526
124,2020-02-19,4435,4450,275136
125,2020-02-20,4445,4395,92960
126,2020-02-21,4385,4220,90766
127,2020-02-24,4070,3960,185632
128,2020-02-25,3940,4080,114446
129,2020-02-26,3990,3970,80990
130,2020-02-27,3970,3795,113921
131,2020-02-28,3720,3600,81600
132,2020-03-02,3530,3700,82161
133,2020-03-03,3810,3665,165622
134,2020-03-04,3665,3840,89006
135,2020-03-05,3845,3925,141885
136,2020-03-06,3885,3730,134766
137,2020-03-09,3530,3390,121919
138,2020-03-10,3370,3440,89063
139,2020-03-11,3445,3265,83119
140,2020-03-12,3260,3110,146083
141,2020-03-13,2975,2820,264332
142,2020-03-16,2830,2620,134296
143,2020-03-17,2500,2500,182620
144,2020-03-18,2490,2255,170210
145,2020-03-19,2260,1935,176099
146,2020-03-20,2025,2195,72873
147,2020-03-23,2050,2015,83599
148,2020-03-24,2025,2225,126951
149,2020-03-25,2450,2520,303083
150,2020-03-26,2615,2525,188206
151,2020-03-27,2550,2540,161851
152,2020-03-30,2450,2570,145277
153,2020-03-31,2595,2580,160864
154,2020-04-01,2580,2475,183928
155,2020-04-02,2475,2550,93880
156,2020-04-03,2550,2725,404508
157,2020-04-06,2725,2910,171084
158,2020-04-07,2925,3000,157396
159,2020-04-08,3000,3030,103919
160,2020-04-09,3040,3230,294940
161,2020-04-10,3215,3070,151640
162,2020-04-13,3055,2785,277629
163,2020-04-14,2795,2895,57295
164,2020-04-16,2895,3070,119240
165,2020-04-17,3125,3150,80007
166,2020-04-20,3150,3055,84521
167,2020-04-21,3055,2945,110283
168,2020-04-22,2900,2860,111924
169,2020-04-23,2900,2895,145420
170,2020-04-24,2890,2715,244604
171,2020-04-27,2715,2810,150147
172,2020-04-28,2835,2790,93380
173,2020-04-29,2790,2820,99635
174,2020-05-04,2810,2915,106460
175,2020-05-06,2920,2970,83685
176,2020-05-07,2970,2970,92740
177,2020-05-08,2975,3075,95638
178,2020-05-11,3080,3015,95713
179,2020-05-12,3030,2900,118091
180,2020-05-13,2895,3015,141464
181,2020-05-14,3015,2910,114837
182,2020-05-15,2870,2805,203485
183,2020-05-18,2790,2720,113033
184,2020-05-19,2755,2815,67687
185,2020-05-20,2815,2945,114780
186,2020-05-21,2950,2980,84595
187,2020-05-22,2980,2975,324444
188,2020-05-25,3030,3085,177179
189,2020-05-26,3085,3055,92002
190,2020-05-27,3055,2980,68724
191,2020-05-28,2980,2900,95275
192,2020-05-29,2875,2880,45696
193,2020-06-01,2880,3045,119709
194,2020-06-02,3165,3200,426765
195,2020-06-03,3200,3045,201147
196,2020-06-04,3050,3125,147954
197,2020-06-05,3125,3110,67232
198,2020-06-08,3110,3105,110199
199,2020-06-09,3110,3060,102822
200,2020-06-10,3020,2995,62148
201,2020-06-11,2960,3020,139449
202,2020-06-12,2850,3070,242678
203,2020-06-15,3070,2820,151550
204,2020-06-16,2840,2895,111840
205,2020-06-17,2895,2770,215237
206,2020-06-18,2770,2935,99969
207,2020-06-19,2935,3085,171895
208,2020-06-22,3085,3010,93698
209,2020-06-23,3010,3075,120025
210,2020-06-24,3075,3105,110205
211,2020-06-25,3015,2945,109001
212,2020-06-26,2945,3045,133196
213,2020-06-29,3010,2855,114698
214,2020-06-30,2970,2960,67156
215,2020-07-01,2965,3465,6096271
216,2020-07-02,3440,3510,555526
217,2020-07-03,3485,3430,422521
218,2020-07-06,3410,3580,678279
219,2020-07-07,3585,3460,280361
220,2020-07-08,3460,3435,231524
221,2020-07-09,3415,3510,272601
222,2020-07-10,3530,3535,178038
223,2020-07-13,3560,3550,142547
224,2020-07-14,3575,3835,608565
225,2020-07-15,3870,4155,1122224
226,2020-07-16,4120,4250,553529
227,2020-07-17,4235,4110,237084
228,2020-07-20,4100,4095,119968
229,2020-07-21,4060,3995,165091
230,2020-07-22,3990,4050,115105
231,2020-07-23,4020,4240,217525
232,2020-07-24,4200,4070,176349
233,2020-07-27,4020,4385,328197
234,2020-07-28,4415,4270,220157
235,2020-07-29,4270,4160,128614
236,2020-07-30,4180,4265,172721
237,2020-07-31,4265,4420,207052
238,2020-08-03,4500,4405,268963
239,2020-08-04,4405,4750,308560
240,2020-08-05,4790,4640,165047
241,2020-08-06,4600,4555,142570
242,2020-08-07,4525,4455,141256
243,2020-08-10,4420,4180,431653
244,2020-08-11,4070,3945,307498
245,2020-08-12,4065,4085,2448465
246,2020-08-13,4085,4130,255172
247,2020-08-14,3990,4070,386746
248,2020-08-18,4090,3750,188502
249,2020-08-19,3890,3840,74253
250,2020-08-20,3840,3735,146156
251,2020-08-21,3735,3705,61283
252,2020-08-24,3605,3665,74516
253,2020-08-25,3670,4005,236352
254,2020-08-26,4005,4290,253919
255,2020-08-27,4290,3995,103380
256,2020-08-28,3995,4030,47303
257,2020-08-31,4035,4100,69131
258,2020-09-01,4125,4070,48317
259,2020-09-02,4065,4100,80158
260,2020-09-03,4130,4135,139005
261,2020-09-04,4045,4045,131069
262,2020-09-07,4045,4080,114061
263,2020-09-08,4080,4060,102232
264,2020-09-09,3980,4090,71875
265,2020-09-10,4090,4270,115773
266,2020-09-11,4270,4185,107320
267,2020-09-14,4185,4125,69369
268,2020-09-15,4125,4285,65828
269,2020-09-16,4285,4130,160841
270,2020-09-17,4130,4065,43930
271,2020-09-18,4065,4130,60096
272,2020-09-21,4130,4010,106697
273,2020-09-22,3985,3815,111670
274,2020-09-23,3815,3850,70593
275,2020-09-24,3710,3680,77298
276,2020-09-25,3645,3670,40589
277,2020-09-28,3825,3775,26562
278,2020-09-29,3910,3745,36023
279,2020-10-05,3745,3810,37068
280,2020-10-06,3890,3840,12496
281,2020-10-07,3800,3790,31154
282,2020-10-08,3840,3765,28032
283,2020-10-12,3850,3765,38854
284,2020-10-13,3765,3730,47509
285,2020-10-14,3730,3565,83469
286,2020-10-15,3565,3655,67922
287,2020-10-16,3600,3600,28077
288,2020-10-19,3600,3685,43633
289,2020-10-20,3670,3760,58924
290,2020-10-21,3770,3760,41302
291,2020-10-22,3750,3570,37656
292,2020-10-23,3560,3585,15255
293,2020-10-26,3550,3570,49092
294,2020-10-27,3570,3510,17350
295,2020-10-28,3510,3500,16555
296,2020-10-29,3480,3380,72517
297,2020-10-30,3380,3220,38831
298,2020-11-02,3490,3345,1308526
299,2020-11-03,3350,3345,107711
