,date,open,close,volume
0,2019-08-16,6200,6330,4963
1,2019-08-19,6340,6240,4177
2,2019-08-20,6190,6240,2753
3,2019-08-21,6250,6280,2154
4,2019-08-22,6340,6300,1497
5,2019-08-23,6300,6090,7895
6,2019-08-26,6090,5900,8810
7,2019-08-27,5890,5900,3642
8,2019-08-28,5950,5940,2286
9,2019-08-29,6000,5980,2200
10,2019-08-30,6000,6050,2820
11,2019-09-02,5980,6080,2714
12,2019-09-03,6100,6150,3917
13,2019-09-04,6140,6340,14482
14,2019-09-05,6340,6350,5059
15,2019-09-06,6340,6380,7203
16,2019-09-09,6350,6270,8312
17,2019-09-10,6180,6260,1937
18,2019-09-11,6200,6380,3625
19,2019-09-16,6380,6410,4360
20,2019-09-17,6350,6320,10238
21,2019-09-18,6320,6460,6365
22,2019-09-19,6460,6400,4325
23,2019-09-20,6360,6360,1733
24,2019-09-23,6300,6290,25540
25,2019-09-24,6390,6360,4935
26,2019-09-25,6360,6270,1733
27,2019-09-26,6270,6210,1457
28,2019-09-27,6400,6210,736
29,2019-09-30,6210,6290,11598
30,2019-10-01,6280,6330,2196
31,2019-10-02,6330,6390,7549
32,2019-10-04,6290,6360,3657
33,2019-10-07,6380,6360,1463
34,2019-10-08,6360,6320,4484
35,2019-10-10,6320,6330,2369
36,2019-10-11,6350,6330,3313
37,2019-10-14,6290,6340,759
38,2019-10-15,6340,6300,2436
39,2019-10-16,6300,6340,2979
40,2019-10-17,6280,6390,5819
41,2019-10-18,6390,6440,6043
42,2019-10-21,6430,6390,6673
43,2019-10-22,6390,6430,1325
44,2019-10-23,6510,6360,2138
45,2019-10-24,6390,6330,3516
46,2019-10-25,6330,6340,2535
47,2019-10-28,6320,6370,3536
48,2019-10-29,6400,6300,9862
49,2019-10-30,6340,6320,1964
50,2019-10-31,6300,6350,6205
51,2019-11-01,6300,6350,1513
52,2019-11-04,6350,6330,2070
53,2019-11-05,6330,6360,4636
54,2019-11-06,6360,6380,3283
55,2019-11-07,6310,6360,792
56,2019-11-08,6360,6510,6264
57,2019-11-11,6580,6450,6246
58,2019-11-12,6450,6480,1209
59,2019-11-13,6480,6770,101715
60,2019-11-14,6770,6590,221587
61,2019-11-15,6600,6640,35937
62,2019-11-18,6670,6500,20318
63,2019-11-19,6550,6450,7235
64,2019-11-20,6450,6340,4677
65,2019-11-21,6340,6350,12351
66,2019-11-22,6350,6550,3562
67,2019-11-25,6680,6680,11659
68,2019-11-26,6680,6660,6750
69,2019-11-27,6660,6560,4120
70,2019-11-28,6550,6500,4017
71,2019-11-29,6500,6520,6816
72,2019-12-02,6520,6680,4265
73,2019-12-03,6680,6670,2989
74,2019-12-04,6670,6530,3390
75,2019-12-05,6560,6650,5221
76,2019-12-06,6650,6770,8128
77,2019-12-09,6770,6800,11509
78,2019-12-10,6800,7340,115062
79,2019-12-11,7250,7070,25019
80,2019-12-12,7070,7100,11026
81,2019-12-13,7200,7000,18845
82,2019-12-16,6930,7000,8520
83,2019-12-17,6930,7180,25300
84,2019-12-18,7180,7120,6169
85,2019-12-19,7100,7140,5353
86,2019-12-20,7060,7030,5925
87,2019-12-23,7030,6900,5700
88,2019-12-24,7040,6940,21923
89,2019-12-26,6880,8120,2574282
90,2019-12-27,7970,8030,385293
91,2019-12-30,7830,7780,162879
92,2020-01-02,7760,7840,150494
93,2020-01-03,7860,7770,85285
94,2020-01-06,7670,7420,76486
95,2020-01-07,7450,7620,223920
96,2020-01-08,7600,7230,82664
97,2020-01-09,7180,7240,36610
98,2020-01-10,7240,7320,58565
99,2020-01-13,7450,7410,60348
100,2020-01-14,7430,7380,18860
101,2020-01-15,7480,7350,20705
102,2020-01-16,7350,7250,13947
103,2020-01-17,7270,7190,9655
104,2020-01-20,7200,7190,9480
105,2020-01-21,7200,7180,8028
106,2020-01-22,7150,7280,8669
107,2020-01-23,7280,7170,13796
108,2020-01-28,6950,6990,13683
109,2020-01-29,7050,6940,10477
110,2020-01-30,6880,6790,35296
111,2020-01-31,6790,6600,26042
112,2020-02-03,6400,6590,29016
113,2020-02-04,6500,6640,10161
114,2020-02-05,6640,6620,7344
115,2020-02-06,6800,6740,5024
116,2020-02-07,6740,6590,8456
117,2020-02-10,6600,6690,9918
118,2020-02-11,6690,6720,5331
119,2020-02-12,6720,6700,6840
120,2020-02-13,6700,6530,35182
121,2020-02-14,6500,6520,7124
122,2020-02-17,6520,6530,7291
123,2020-02-18,6530,6460,16566
124,2020-02-19,6460,6450,8630
125,2020-02-20,6430,6250,18991
126,2020-02-21,6120,6310,7454
127,2020-02-24,6300,6110,14173
128,2020-02-25,6080,6120,6704
129,2020-02-26,6030,6210,4707
130,2020-02-27,6210,6210,9732
131,2020-02-28,6050,5830,27561
132,2020-03-02,5830,5890,11353
133,2020-03-03,5900,5900,13970
134,2020-03-04,5880,6020,6232
135,2020-03-05,6090,6490,786467
136,2020-03-06,6400,6130,66034
137,2020-03-09,6050,5780,38263
138,2020-03-10,5630,5600,25644
139,2020-03-11,5600,5390,29436
140,2020-03-12,5360,5050,26832
141,2020-03-13,4460,5010,41961
142,2020-03-16,5010,4760,14618
143,2020-03-17,4400,4700,9481
144,2020-03-18,4700,4890,14995
145,2020-03-19,5130,4450,16425
146,2020-03-20,4310,4505,12391
147,2020-03-23,4210,4370,5811
148,2020-03-24,4490,4695,4626
149,2020-03-25,4780,4820,6472
150,2020-03-26,4900,4850,3144
151,2020-03-27,4870,4900,10543
152,2020-03-30,5030,4930,3472
153,2020-03-31,4960,5010,5669
154,2020-04-01,5010,5540,51547
155,2020-04-02,5900,5450,11203
156,2020-04-03,5450,5310,8480
157,2020-04-06,5310,5530,15427
158,2020-04-07,5590,5430,4698
159,2020-04-08,5420,5680,12476
160,2020-04-09,5690,5800,7138
161,2020-04-10,5880,5420,59546
162,2020-04-13,5380,5470,9379
163,2020-04-14,5470,5650,7573
164,2020-04-16,5660,5650,5430
165,2020-04-17,5860,5710,12538
166,2020-04-20,5660,5820,11135
167,2020-04-21,5900,5670,15513
168,2020-04-22,5580,5690,3059
169,2020-04-23,5700,5810,5424
170,2020-04-24,5800,5750,2350
171,2020-04-27,5690,5800,2997
172,2020-04-28,5800,5790,2393
173,2020-04-29,5790,5900,12917
174,2020-05-04,5900,6060,25725
175,2020-05-06,6120,6060,163562
176,2020-05-07,6150,6060,11815
177,2020-05-08,6060,6070,10953
178,2020-05-11,6040,6120,6862
179,2020-05-12,6120,5980,8494
180,2020-05-13,6000,6100,1746
181,2020-05-14,6000,5990,5498
182,2020-05-15,5990,5930,5880
183,2020-05-18,5910,5940,11879
184,2020-05-19,5950,5970,12565
185,2020-05-20,6000,6000,6798
186,2020-05-21,6000,6070,7824
187,2020-05-22,6070,6030,4432
188,2020-05-25,6060,5900,14254
189,2020-05-26,5870,5950,19129
190,2020-05-27,5890,5850,8523
191,2020-05-28,5810,5800,7755
192,2020-05-29,5800,5840,3452
193,2020-06-01,5950,5860,2779
194,2020-06-02,5900,6100,18902
195,2020-06-03,6170,6250,55876
196,2020-06-04,6350,6200,21512
197,2020-06-05,6200,6410,292196
198,2020-06-08,6410,6420,30607
199,2020-06-09,6420,6260,25144
200,2020-06-10,6310,6400,14133
201,2020-06-11,6450,6390,18216
202,2020-06-12,6100,6120,26978
203,2020-06-15,6110,6090,10085
204,2020-06-16,6190,6260,954388
205,2020-06-17,6180,6060,74974
206,2020-06-18,6060,6130,35208
207,2020-06-19,6130,6290,38813
208,2020-06-22,6380,6210,19581
209,2020-06-23,6210,6150,14562
210,2020-06-24,6150,6200,13345
211,2020-06-25,6200,6130,19712
212,2020-06-26,6100,6150,8636
213,2020-06-29,6250,6020,12338
214,2020-06-30,6120,6050,4274
215,2020-07-01,6120,6060,8550
216,2020-07-02,6060,6140,6312
217,2020-07-03,6140,6090,6007
218,2020-07-06,6090,6170,11666
219,2020-07-07,6140,6120,6075
220,2020-07-08,6190,6140,3656
221,2020-07-09,6150,6200,5031
222,2020-07-10,6130,6110,247139
223,2020-07-13,6140,6170,9068
224,2020-07-14,6130,6190,8377
225,2020-07-15,6190,6220,6623
226,2020-07-16,6220,6290,35432
227,2020-07-17,6410,6360,14569
228,2020-07-20,6480,6340,6746
229,2020-07-21,6710,6370,196512
230,2020-07-22,6380,6470,16909
231,2020-07-23,6470,6460,4862
232,2020-07-24,6410,6420,9235
233,2020-07-27,6520,6650,22933
234,2020-07-28,6740,6650,12187
235,2020-07-29,6650,6630,5031
236,2020-07-30,6730,6630,6158
237,2020-07-31,6620,6580,7717
238,2020-08-03,6580,6450,9724
239,2020-08-04,6480,6440,4449
240,2020-08-05,6430,6440,2501
241,2020-08-06,6460,6500,5061
242,2020-08-07,6490,6520,8233
243,2020-08-10,6530,6510,86234
244,2020-08-11,6540,6650,18449
245,2020-08-12,6700,6630,9189
246,2020-08-13,6640,6670,8515
247,2020-08-14,6660,6640,14698
248,2020-08-18,6620,6210,70148
249,2020-08-19,6290,6340,5734
250,2020-08-20,6300,6240,21862
251,2020-08-21,6190,6230,8170
252,2020-08-24,6270,6240,9383
253,2020-08-25,6160,6240,12397
254,2020-08-26,6240,6330,204247
255,2020-08-27,6380,6290,16480
256,2020-08-28,6400,6290,14258
257,2020-08-31,6340,6360,8438
258,2020-09-01,6360,6410,3838
259,2020-09-02,6450,6420,10514
260,2020-09-03,6420,6550,28335
261,2020-09-04,6390,6520,7806
262,2020-09-07,6480,6520,4679
263,2020-09-08,6580,6540,9459
264,2020-09-09,6500,6500,5304
265,2020-09-10,6500,6460,9212
266,2020-09-11,6460,6510,11008
267,2020-09-14,6570,6580,24218
268,2020-09-15,6640,6650,25358
269,2020-09-16,6720,6640,6873
270,2020-09-17,6630,6620,12816
271,2020-09-18,6620,6730,9452
272,2020-09-21,6730,6720,33829
273,2020-09-22,6700,6500,23832
274,2020-09-23,6500,6580,9861
275,2020-09-24,6560,6480,11741
276,2020-09-25,6480,6620,6675
277,2020-09-28,6650,6600,8023
278,2020-09-29,6600,6670,21476
279,2020-10-05,6700,6750,17123
280,2020-10-06,6760,6760,9321
281,2020-10-07,6710,6830,13175
282,2020-10-08,6870,6820,31003
283,2020-10-12,6810,6760,9554
284,2020-10-13,6760,6860,8733
285,2020-10-14,6860,6800,16315
286,2020-10-15,6750,6780,17882
287,2020-10-16,6780,6670,23632
288,2020-10-19,6670,6690,2705
289,2020-10-20,6690,6780,11073
290,2020-10-21,6780,6770,2737
291,2020-10-22,6770,6710,4086
292,2020-10-23,6710,6830,18416
293,2020-10-26,6770,6610,19019
294,2020-10-27,6530,6700,7995
295,2020-10-28,6700,6780,10899
296,2020-10-29,6760,6770,9662
297,2020-10-30,6770,6750,17593
298,2020-11-02,6700,6750,6619
299,2020-11-03,6710,6750,5270
