,date,open,close,volume
0,2019-08-16,3785,3765,160376
1,2019-08-19,3730,3845,125998
2,2019-08-20,3845,3965,199935
3,2019-08-21,3955,3925,231263
4,2019-08-22,3925,3920,118048
5,2019-08-23,3870,3870,191165
6,2019-08-26,3735,3770,144511
7,2019-08-27,3810,3845,127776
8,2019-08-28,3770,3895,84435
9,2019-08-29,3895,3930,112810
10,2019-08-30,3965,3955,112778
11,2019-09-02,3960,4050,268524
12,2019-09-03,4015,4050,109745
13,2019-09-04,4010,4070,104897
14,2019-09-05,4070,4080,106409
15,2019-09-06,4080,4135,291961
16,2019-09-09,4095,4030,143752
17,2019-09-10,4020,4100,113926
18,2019-09-11,4170,4100,104082
19,2019-09-16,4140,4165,188060
20,2019-09-17,5410,5410,4955984
21,2019-09-18,6150,5600,14017144
22,2019-09-19,5320,4705,4501581
23,2019-09-20,4645,5080,9250917
24,2019-09-23,4800,4675,2753241
25,2019-09-24,5420,4995,5038158
26,2019-09-25,5300,5230,6071603
27,2019-09-26,5100,5530,34273180
28,2019-09-27,5730,5690,16488387
29,2019-09-30,5360,5030,3315236
30,2019-10-01,4900,5370,12577176
31,2019-10-02,5420,5440,5749676
32,2019-10-04,5610,5070,2952003
33,2019-10-07,4890,4880,1901554
34,2019-10-08,4860,4860,2529696
35,2019-10-10,5010,4640,1834619
36,2019-10-11,4645,5290,19077082
37,2019-10-14,5600,5180,5789584
38,2019-10-15,5170,5140,2339859
39,2019-10-16,5190,5360,10716840
40,2019-10-17,5240,5140,1818905
41,2019-10-18,5200,5190,2128756
42,2019-10-21,5310,5120,1858294
43,2019-10-22,5020,4830,1614311
44,2019-10-23,4815,4700,1881342
45,2019-10-24,4690,4590,974744
46,2019-10-25,4590,4505,942398
47,2019-10-28,4540,4825,3580814
48,2019-10-29,5590,5200,25005590
49,2019-10-30,5230,6760,34152342
50,2019-10-31,7700,7400,31890062
51,2019-11-01,7850,7910,29036130
52,2019-11-04,7920,7380,4854135
53,2019-11-05,7360,6730,5365492
54,2019-11-06,6750,6520,4364030
55,2019-11-07,6460,6670,3415637
56,2019-11-08,6670,6220,2142916
57,2019-11-11,6290,6180,2246488
58,2019-11-12,6310,6540,3136433
59,2019-11-13,6660,6300,3177348
60,2019-11-14,6350,6080,1247182
61,2019-11-15,6020,5800,1415098
62,2019-11-18,5860,6030,1670959
63,2019-11-19,5950,5710,701526
64,2019-11-20,5740,6050,10346210
65,2019-11-21,5940,5860,3573180
66,2019-11-22,5860,5820,1792414
67,2019-11-25,5900,5990,1616790
68,2019-11-26,6150,6270,3725970
69,2019-11-27,6220,6060,1124065
70,2019-11-28,6140,6760,29490461
71,2019-11-29,6170,6090,7738050
72,2019-12-02,6160,6430,11846777
73,2019-12-03,6480,6720,5827802
74,2019-12-04,6720,7000,7038341
75,2019-12-05,6990,7600,21746309
76,2019-12-06,7580,9150,36068311
77,2019-12-09,9250,8470,22902009
78,2019-12-10,8310,7820,6851781
79,2019-12-11,7820,8030,13083142
80,2019-12-12,8000,7840,3053809
81,2019-12-13,7870,8080,3226912
82,2019-12-16,8150,8350,6165569
83,2019-12-17,8480,7900,2709006
84,2019-12-18,7910,7610,2501333
85,2019-12-19,7690,7570,2779250
86,2019-12-20,7570,7380,1574779
87,2019-12-23,7450,7150,2308941
88,2019-12-24,7100,6750,1560326
89,2019-12-26,6750,6750,1138024
90,2019-12-27,6750,6820,739219
91,2019-12-30,6820,6930,1204989
92,2020-01-02,6950,6900,614783
93,2020-01-03,6960,7480,7531954
94,2020-01-06,7550,7350,4166893
95,2020-01-07,7380,7210,1309546
96,2020-01-08,7280,6610,2275406
97,2020-01-09,7120,6980,7439596
98,2020-01-10,6900,7050,2193111
99,2020-01-13,7050,7450,3934354
100,2020-01-14,7820,7390,2948502
101,2020-01-15,7400,7370,844697
102,2020-01-16,7490,7770,9611070
103,2020-01-17,7950,9470,35049063
104,2020-01-20,9990,10700,42277784
105,2020-01-21,10850,9850,16749465
106,2020-01-22,9600,9320,8751076
107,2020-01-23,9360,8930,7567177
108,2020-01-28,9600,10900,20234095
109,2020-01-29,10400,9550,5827286
110,2020-01-30,9510,8720,4200656
111,2020-01-31,9030,8150,3822222
112,2020-02-03,8210,8400,12872040
113,2020-02-04,8300,8390,3943552
114,2020-02-05,8400,8500,4038470
115,2020-02-06,8620,8570,1754184
116,2020-02-07,8620,8730,4457532
117,2020-02-10,8760,9090,8279636
118,2020-02-11,9270,9080,3338886
119,2020-02-12,9060,8350,2747680
120,2020-02-13,8320,8420,1883921
121,2020-02-14,8420,8900,7176184
122,2020-02-17,8940,8840,1997756
123,2020-02-18,8910,9030,5300293
124,2020-02-19,8950,9150,3785241
125,2020-02-20,9300,8820,5469621
126,2020-02-21,9090,8490,1771226
127,2020-02-24,8650,7500,1831866
128,2020-02-25,7330,7740,1393638
129,2020-02-26,7520,7350,1023472
130,2020-02-27,7350,7130,1186434
131,2020-02-28,6960,7240,9344375
132,2020-03-02,7180,7210,1410944
133,2020-03-03,7300,7320,1620697
134,2020-03-04,7330,7480,938618
135,2020-03-05,7760,7700,3886026
136,2020-03-06,7700,7810,1782426
137,2020-03-09,7610,7250,1086195
138,2020-03-10,7050,7250,991566
139,2020-03-11,7260,6590,1119882
140,2020-03-12,6500,6370,1076502
141,2020-03-13,5740,5520,1408223
142,2020-03-16,5600,5610,4105765
143,2020-03-17,5160,5510,1539405
144,2020-03-18,5570,5180,2119448
145,2020-03-19,5350,4185,1585922
146,2020-03-20,4190,4430,1912865
147,2020-03-23,4215,4680,6224171
148,2020-03-24,4870,5010,2642004
149,2020-03-25,5230,5260,3964439
150,2020-03-26,5780,5550,3594505
151,2020-03-27,5770,5850,7371684
152,2020-03-30,5850,6130,2354880
153,2020-03-31,6360,6240,3846038
154,2020-04-01,6850,6940,6725716
155,2020-04-02,6750,6730,1732210
156,2020-04-03,6830,6660,1400648
157,2020-04-06,8650,8650,2745593
158,2020-04-07,9200,8310,27352487
159,2020-04-08,8390,8050,10800313
160,2020-04-09,8110,8320,7812030
161,2020-04-10,8450,8340,16103836
162,2020-04-13,8390,7650,2570241
163,2020-04-14,7750,8180,10795331
164,2020-04-16,8010,8070,2808742
165,2020-04-17,8170,7910,1836422
166,2020-04-20,7910,8220,1794692
167,2020-04-21,8230,7840,2461234
168,2020-04-22,8100,8020,7026906
169,2020-04-23,8160,8270,2433523
170,2020-04-24,8150,8050,3277375
171,2020-04-27,8170,8160,1069988
172,2020-04-28,8220,7980,1328073
173,2020-04-29,8010,7800,969378
174,2020-05-04,7650,7710,581290
175,2020-05-06,7820,7730,1031994
176,2020-05-07,7840,7720,735404
177,2020-05-08,7800,8050,3390202
178,2020-05-11,8140,8120,1230045
179,2020-05-12,8120,7930,760484
180,2020-05-13,7990,8270,8186812
181,2020-05-14,8370,8770,7970389
182,2020-05-15,8760,8300,3371383
183,2020-05-18,8400,8140,1305805
184,2020-05-19,8140,7860,1321636
185,2020-05-20,7860,7930,604307
186,2020-05-21,7930,7870,499669
187,2020-05-22,7900,7750,615278
188,2020-05-25,7780,7960,2177302
189,2020-05-26,7970,7940,758794
190,2020-05-27,8040,7880,581758
191,2020-05-28,7940,7680,779889
192,2020-05-29,7700,7680,491998
193,2020-06-01,7680,7820,380171
194,2020-06-02,7890,7850,363023
195,2020-06-03,7870,7700,490784
196,2020-06-04,7710,7720,286499
197,2020-06-05,7720,8150,3346124
198,2020-06-08,8140,8000,909718
199,2020-06-09,8040,7890,609014
200,2020-06-10,7970,8120,15137708
201,2020-06-11,8170,8200,4130854
202,2020-06-12,7920,7930,1462688
203,2020-06-15,8040,7500,6687636
204,2020-06-16,7800,7980,1354466
205,2020-06-17,7980,8080,2047050
206,2020-06-18,8040,8040,907588
207,2020-06-19,8080,8130,2080210
208,2020-06-22,8080,8130,2117093
209,2020-06-23,8260,7950,1187212
210,2020-06-24,8040,8000,711509
211,2020-06-25,7950,7780,779259
212,2020-06-26,7830,7880,1223509
213,2020-06-29,7880,7590,610416
214,2020-06-30,7700,8090,16517596
215,2020-07-01,8230,7890,6319853
216,2020-07-02,8000,8140,2039300
217,2020-07-03,8180,8110,822581
218,2020-07-06,8030,8130,875215
219,2020-07-07,8180,8160,1658562
220,2020-07-08,8200,8060,537139
221,2020-07-09,8110,8040,561324
222,2020-07-10,8050,7900,518369
223,2020-07-13,7990,8150,600330
224,2020-07-14,8100,8330,1940934
225,2020-07-15,8330,8100,844745
226,2020-07-16,8090,7960,475297
227,2020-07-17,7920,8030,344130
228,2020-07-20,7990,8000,301273
229,2020-07-21,8000,8110,1263155
230,2020-07-22,8160,8340,1952585
231,2020-07-23,8500,8430,2889045
232,2020-07-24,8500,8450,10703436
233,2020-07-27,8320,8200,1501101
234,2020-07-28,8210,8280,1430879
235,2020-07-29,8200,8110,529151
236,2020-07-30,8110,8080,458151
237,2020-07-31,8150,8090,471314
238,2020-08-03,8150,8320,1333487
239,2020-08-04,8390,8500,3408803
240,2020-08-05,8580,9310,4693915
241,2020-08-06,10050,9030,19985035
242,2020-08-07,9210,9290,3080938
243,2020-08-10,9350,9060,1907173
244,2020-08-11,8910,9080,1742115
245,2020-08-12,9090,9300,4710972
246,2020-08-13,9300,8940,1350042
247,2020-08-14,9000,8600,1010284
248,2020-08-18,8680,8230,1082601
249,2020-08-19,8230,8280,603639
250,2020-08-20,8360,8630,1610510
251,2020-08-21,8590,8320,538899
252,2020-08-24,8250,8380,439000
253,2020-08-25,8420,8560,530498
254,2020-08-26,8760,8790,4849349
255,2020-08-27,9160,8800,1683561
256,2020-08-28,8990,8940,1104291
257,2020-08-31,8900,8860,1120523
258,2020-09-01,8910,8730,611208
259,2020-09-02,8750,8800,682465
260,2020-09-03,8840,9180,1784424
261,2020-09-04,8750,8800,1005417
262,2020-09-07,8820,8930,2113737
263,2020-09-08,8880,8750,613796
264,2020-09-09,8590,8680,517474
265,2020-09-10,8710,8700,364284
266,2020-09-11,8650,8720,279585
267,2020-09-14,8840,8720,393578
268,2020-09-15,8770,8670,319233
269,2020-09-16,8670,8730,681753
270,2020-09-17,8910,8730,1039937
271,2020-09-18,8740,8620,342789
272,2020-09-21,8490,8250,662436
273,2020-09-22,8190,7850,599664
274,2020-09-23,7880,7710,355621
275,2020-09-24,7530,7070,666905
276,2020-09-25,7070,7130,344701
277,2020-09-28,7200,7440,215124
278,2020-09-29,7510,7650,251771
279,2020-10-05,7750,7700,270830
280,2020-10-06,7770,7740,214907
281,2020-10-07,7680,7740,136100
282,2020-10-08,7740,7860,223994
283,2020-10-12,9030,8420,3679557
284,2020-10-13,8280,8330,646927
285,2020-10-14,8310,7950,580280
286,2020-10-15,7850,8190,807889
287,2020-10-16,8100,8000,311011
288,2020-10-19,7950,7850,277603
289,2020-10-20,7680,7580,364322
290,2020-10-21,7530,7660,200246
291,2020-10-22,7630,7580,171576
292,2020-10-23,7600,7790,348861
293,2020-10-26,8100,7730,1018258
294,2020-10-27,7700,7820,278175
295,2020-10-28,7800,7970,352294
296,2020-10-29,7830,7960,320385
297,2020-10-30,8020,7770,354989
298,2020-11-02,7720,7730,183776
299,2020-11-03,7890,7830,235971
