,date,open,close,volume
0,2019-08-16,3455,3385,96036
1,2019-08-19,3415,3340,100787
2,2019-08-20,3315,3395,54019
3,2019-08-21,3385,3405,40858
4,2019-08-22,3420,3395,52200
5,2019-08-23,3365,3355,50256
6,2019-08-26,3285,3215,59514
7,2019-08-27,3240,3200,63714
8,2019-08-28,3160,3240,53476
9,2019-08-29,3255,3210,31318
10,2019-08-30,3230,3225,54911
11,2019-09-02,3225,3255,67706
12,2019-09-03,3240,3365,230512
13,2019-09-04,3365,3530,250543
14,2019-09-05,3525,3490,109977
15,2019-09-06,3570,3510,190605
16,2019-09-09,3485,3555,229696
17,2019-09-10,3580,3600,85263
18,2019-09-11,3600,3620,87564
19,2019-09-16,3620,3650,93019
20,2019-09-17,3665,3710,90519
21,2019-09-18,3690,3855,165068
22,2019-09-19,3865,3755,113798
23,2019-09-20,3720,3740,71816
24,2019-09-23,3765,3740,51295
25,2019-09-24,3740,3700,36446
26,2019-09-25,3655,3580,74423
27,2019-09-26,3595,3580,87129
28,2019-09-27,3600,3615,46965
29,2019-09-30,3615,3565,70231
30,2019-10-01,3600,3535,21283
31,2019-10-02,3510,3590,54274
32,2019-10-04,3550,3800,282475
33,2019-10-07,4025,3850,564676
34,2019-10-08,3855,3830,236595
35,2019-10-10,3830,3715,180885
36,2019-10-11,3725,3790,123476
37,2019-10-14,3805,3730,231823
38,2019-10-15,3730,3810,259888
39,2019-10-16,3790,3755,116101
40,2019-10-17,3770,3730,51888
41,2019-10-18,3745,3680,62276
42,2019-10-21,3680,3640,57382
43,2019-10-22,3615,3595,81313
44,2019-10-23,3585,3560,52071
45,2019-10-24,3560,3585,49274
46,2019-10-25,3625,3575,44337
47,2019-10-28,3580,3610,82399
48,2019-10-29,3610,3640,46926
49,2019-10-30,3660,3635,29420
50,2019-10-31,3635,3635,28005
51,2019-11-01,3580,3600,38662
52,2019-11-04,3580,3615,45948
53,2019-11-05,3615,3950,583177
54,2019-11-06,3925,3885,160575
55,2019-11-07,3885,3935,180649
56,2019-11-08,3920,3795,261511
57,2019-11-11,3745,3820,148158
58,2019-11-12,3805,3870,54334
59,2019-11-13,3860,3835,39910
60,2019-11-14,3835,3925,90323
61,2019-11-15,3925,3915,56247
62,2019-11-18,3925,3825,59852
63,2019-11-19,3825,3760,45925
64,2019-11-20,3760,3750,59295
65,2019-11-21,3715,3650,51405
66,2019-11-22,3670,3605,40036
67,2019-11-25,3570,3645,36012
68,2019-11-26,3620,3700,45311
69,2019-11-27,3740,3810,89866
70,2019-11-28,3810,3780,27916
71,2019-11-29,3840,3845,635714
72,2019-12-02,3850,3825,319115
73,2019-12-03,3750,3850,85931
74,2019-12-04,3850,3800,109477
75,2019-12-05,3800,3745,58225
76,2019-12-06,3745,3750,78372
77,2019-12-09,3750,3660,96592
78,2019-12-10,3645,3790,190442
79,2019-12-11,3810,3715,67200
80,2019-12-12,3765,3700,141882
81,2019-12-13,3695,3650,117800
82,2019-12-16,3645,3615,112384
83,2019-12-17,3600,3600,67649
84,2019-12-18,3585,3475,280377
85,2019-12-19,3480,3555,71692
86,2019-12-20,3595,3550,78326
87,2019-12-23,3550,3490,98593
88,2019-12-24,3475,3475,60678
89,2019-12-26,3480,3480,67126
90,2019-12-27,3465,3480,56450
91,2019-12-30,3480,3525,165245
92,2020-01-02,3500,3545,54375
93,2020-01-03,3545,3550,46362
94,2020-01-06,3480,3390,147930
95,2020-01-07,3390,3440,112207
96,2020-01-08,3445,3235,235589
97,2020-01-09,3390,3340,130130
98,2020-01-10,3370,3350,108315
99,2020-01-13,3385,3430,124963
100,2020-01-14,3455,3435,118374
101,2020-01-15,3465,3465,41637
102,2020-01-16,3445,3470,38893
103,2020-01-17,3470,3460,78920
104,2020-01-20,3425,3395,112548
105,2020-01-21,3360,3310,121309
106,2020-01-22,3285,3335,53182
107,2020-01-23,3330,3325,78919
108,2020-01-28,3125,3180,268848
109,2020-01-29,3200,3190,118985
110,2020-01-30,3145,3115,223747
111,2020-01-31,3115,3055,109499
112,2020-02-03,2920,3035,147249
113,2020-02-04,3100,3140,66945
114,2020-02-05,3170,3135,52678
115,2020-02-06,3125,3180,76130
116,2020-02-07,3215,3140,124959
117,2020-02-10,3145,3215,108885
118,2020-02-11,3195,3260,101882
119,2020-02-12,3260,3280,72533
120,2020-02-13,3300,3300,79662
121,2020-02-14,3400,3235,1129575
122,2020-02-17,3235,3300,243728
123,2020-02-18,3270,3265,182024
124,2020-02-19,3265,3230,174368
125,2020-02-20,3255,3195,78679
126,2020-02-21,3195,3135,95350
127,2020-02-24,3000,2945,284728
128,2020-02-25,2935,2980,80318
129,2020-02-26,2895,2945,112957
130,2020-02-27,2950,2860,117294
131,2020-02-28,2800,2690,292512
132,2020-03-02,2745,2750,105668
133,2020-03-03,2870,2760,60169
134,2020-03-04,2750,2820,82836
135,2020-03-05,2880,2860,43673
136,2020-03-06,2795,2770,49633
137,2020-03-09,2740,2590,173351
138,2020-03-10,2515,2535,136571
139,2020-03-11,2545,2455,136321
140,2020-03-12,2400,2260,220310
141,2020-03-13,2035,2005,479946
142,2020-03-16,2005,1970,199399
143,2020-03-17,1790,1915,251194
144,2020-03-18,1925,1775,235142
145,2020-03-19,1775,1520,394535
146,2020-03-20,1500,1755,308418
147,2020-03-23,1640,1635,164253
148,2020-03-24,1650,1735,160893
149,2020-03-25,1790,1850,210656
150,2020-03-26,1895,1955,199855
151,2020-03-27,2045,1905,230234
152,2020-03-30,1810,1925,129084
153,2020-03-31,1950,2005,145739
154,2020-04-01,2005,2020,291725
155,2020-04-02,2010,2050,121152
156,2020-04-03,2100,2060,138547
157,2020-04-06,2060,2130,144938
158,2020-04-07,2245,2225,207291
159,2020-04-08,2250,2315,222863
160,2020-04-09,2360,2395,194270
161,2020-04-10,2380,2400,168761
162,2020-04-13,2370,2320,139118
163,2020-04-14,2320,2385,79751
164,2020-04-16,2385,2330,170379
165,2020-04-17,2385,2360,243888
166,2020-04-20,2365,2385,216618
167,2020-04-21,2390,2440,274378
168,2020-04-22,2395,2445,175608
169,2020-04-23,2520,2445,135258
170,2020-04-24,2455,2375,104386
171,2020-04-27,2370,2405,229452
172,2020-04-28,2410,2570,3252244
173,2020-04-29,2545,2490,442458
174,2020-05-04,2420,2470,188993
175,2020-05-06,2480,2675,1076998
176,2020-05-07,2800,2730,1228324
177,2020-05-08,2750,2710,258132
178,2020-05-11,2765,2675,239636
179,2020-05-12,2700,2640,143598
180,2020-05-13,2595,2655,174506
181,2020-05-14,2675,2640,72272
182,2020-05-15,2625,2625,104157
183,2020-05-18,2630,2620,94883
184,2020-05-19,2640,2700,234961
185,2020-05-20,2725,2680,112279
186,2020-05-21,2700,2705,107851
187,2020-05-22,2705,2660,147953
188,2020-05-25,2660,2700,121101
189,2020-05-26,2700,2715,133911
190,2020-05-27,2725,3525,6422389
191,2020-05-28,3705,3650,27788157
192,2020-05-29,3610,3650,3353663
193,2020-06-01,3625,3540,3693535
194,2020-06-02,3515,3545,2815736
195,2020-06-03,3720,3450,7489067
196,2020-06-04,3480,3410,946975
197,2020-06-05,3430,3370,487471
198,2020-06-08,3370,3415,604348
199,2020-06-09,3435,3475,540268
200,2020-06-10,3470,3375,357207
201,2020-06-11,3410,3300,436768
202,2020-06-12,3130,3195,557851
203,2020-06-15,3120,2895,540765
204,2020-06-16,2930,3065,2586758
205,2020-06-17,3020,3065,410642
206,2020-06-18,3065,2990,244945
207,2020-06-19,2970,3200,534022
208,2020-06-22,3160,3115,204015
209,2020-06-23,3115,3340,1308958
210,2020-06-24,3410,3210,694318
211,2020-06-25,3165,3100,655803
212,2020-06-26,3115,3090,169530
213,2020-06-29,3040,3020,177449
214,2020-06-30,3035,3125,2946594
215,2020-07-01,3115,3050,449108
216,2020-07-02,3085,3515,25413991
217,2020-07-03,3515,3775,29062730
218,2020-07-06,3775,3700,2229742
219,2020-07-07,3710,3670,1328537
220,2020-07-08,3605,3670,3207477
221,2020-07-09,3625,3595,776765
222,2020-07-10,3595,3590,503154
223,2020-07-13,3615,3705,1419311
224,2020-07-14,3665,3700,8392730
225,2020-07-15,3750,3690,4150603
226,2020-07-16,3720,3610,554739
227,2020-07-17,3620,3660,464788
228,2020-07-20,3700,3630,283382
229,2020-07-21,3670,3605,308232
230,2020-07-22,3590,3550,328576
231,2020-07-23,3580,3560,486114
232,2020-07-24,3520,3515,397887
233,2020-07-27,3450,3460,213041
234,2020-07-28,3520,3650,4966433
235,2020-07-29,3655,3670,457676
236,2020-07-30,3670,3565,515064
237,2020-07-31,3595,3540,398079
238,2020-08-03,3540,3465,362492
239,2020-08-04,3480,3540,279862
240,2020-08-05,3540,3540,178647
241,2020-08-06,3545,3590,1657380
242,2020-08-07,3610,3570,350981
243,2020-08-10,3555,3720,698729
244,2020-08-11,3730,3640,622183
245,2020-08-12,3835,3785,23588546
246,2020-08-13,3810,4005,3008901
247,2020-08-14,4005,3810,1508321
248,2020-08-18,3750,3470,1061935
249,2020-08-19,3520,3635,743831
250,2020-08-20,3600,3545,601421
251,2020-08-21,3545,3560,423186
252,2020-08-24,3570,3640,480361
253,2020-08-25,3670,3715,578306
254,2020-08-26,3730,3655,549167
255,2020-08-27,3680,3515,388577
256,2020-08-28,3530,3555,1146198
257,2020-08-31,3550,3615,295181
258,2020-09-01,3685,3690,651641
259,2020-09-02,3690,3920,7818703
260,2020-09-03,3935,3875,1768667
261,2020-09-04,3720,4050,1840928
262,2020-09-07,4100,4135,5053609
263,2020-09-08,4180,4100,4883298
264,2020-09-09,4005,4100,1066352
265,2020-09-10,4110,3920,1139739
266,2020-09-11,3945,3945,339336
267,2020-09-14,3945,4000,481221
268,2020-09-15,3985,4055,484859
269,2020-09-16,4055,4000,392902
270,2020-09-17,4000,4075,880746
271,2020-09-18,4075,4180,15271121
272,2020-09-21,4175,4040,1509996
273,2020-09-22,4035,3765,1177527
274,2020-09-23,3855,4110,2148678
275,2020-09-24,4040,4030,2006248
276,2020-09-25,4045,4500,9547206
277,2020-09-28,4980,4410,21586820
278,2020-09-29,4320,4700,3937056
279,2020-10-05,4565,4515,1472086
280,2020-10-06,4460,4435,1177427
281,2020-10-07,4380,4330,804609
282,2020-10-08,4350,4350,511279
283,2020-10-12,4385,4605,3755795
284,2020-10-13,4670,4585,1557871
285,2020-10-14,4630,4620,4875876
286,2020-10-15,4620,4355,911991
287,2020-10-16,4370,4280,562808
288,2020-10-19,4230,4045,539098
289,2020-10-20,4010,4070,513800
290,2020-10-21,4130,4160,356490
291,2020-10-22,4100,4000,360058
292,2020-10-23,4075,4065,254469
293,2020-10-26,4060,4005,243801
294,2020-10-27,3910,3980,299734
295,2020-10-28,4020,4125,257831
296,2020-10-29,4020,4080,284059
297,2020-10-30,4085,3995,193138
298,2020-11-02,4000,4065,304158
299,2020-11-03,4120,4070,159446
