,date,open,close,volume
0,2019-08-16,1760,1750,100513
1,2019-08-19,1750,1655,291896
2,2019-08-20,1675,1710,259324
3,2019-08-21,1700,1820,294339
4,2019-08-22,1805,1885,161900
5,2019-08-23,1825,1805,124615
6,2019-08-26,1730,1630,292502
7,2019-08-27,1630,1615,264321
8,2019-08-28,1615,1655,162325
9,2019-08-29,1650,1605,99244
10,2019-08-30,1660,1685,77656
11,2019-09-02,1655,1695,64292
12,2019-09-03,1685,1715,143984
13,2019-09-04,1730,1735,87318
14,2019-09-05,1720,1700,110346
15,2019-09-06,1735,1680,81722
16,2019-09-09,1680,1655,87744
17,2019-09-10,1690,1645,80869
18,2019-09-11,1660,1720,128637
19,2019-09-16,1755,1720,67334
20,2019-09-17,1715,1750,128749
21,2019-09-18,1740,1740,140705
22,2019-09-19,1810,1695,767286
23,2019-09-20,1695,1720,163305
24,2019-09-23,1725,1700,123013
25,2019-09-24,1700,1700,102961
26,2019-09-25,1700,1640,157436
27,2019-09-26,1645,1630,90242
28,2019-09-27,1630,1600,237550
29,2019-09-30,1680,1580,193557
30,2019-10-01,1560,2050,5371870
31,2019-10-02,1730,1495,4693317
32,2019-10-04,1520,1405,1639132
33,2019-10-07,1405,1325,1102202
34,2019-10-08,1340,1365,1457241
35,2019-10-10,1395,1330,367678
36,2019-10-11,1330,1325,599905
37,2019-10-14,1315,1300,391793
38,2019-10-15,1295,1350,500296
39,2019-10-16,1360,1415,1353879
40,2019-10-17,1420,1375,370903
41,2019-10-18,1375,1330,307207
42,2019-10-21,1330,1350,255103
43,2019-10-22,1350,1320,281127
44,2019-10-23,1305,1375,710641
45,2019-10-24,1370,1310,417050
46,2019-10-25,1315,1305,225378
47,2019-10-28,1315,1315,1558092
48,2019-10-29,1370,1340,1913091
49,2019-10-30,1345,1380,912165
50,2019-10-31,1390,1365,1131843
51,2019-11-01,1360,1380,1188137
52,2019-11-04,1430,1405,466109
53,2019-11-05,1420,1445,512972
54,2019-11-06,1450,1420,315366
55,2019-11-07,1425,1470,342736
56,2019-11-08,1490,1435,467566
57,2019-11-11,1425,1435,174119
58,2019-11-12,1440,1405,184503
59,2019-11-13,1425,1425,235566
60,2019-11-14,1430,1445,332515
61,2019-11-15,1470,1415,250990
62,2019-11-18,1415,1420,186485
63,2019-11-19,1420,1340,374778
64,2019-11-20,1355,1340,169424
65,2019-11-21,1340,1315,216169
66,2019-11-22,1315,1320,109893
67,2019-11-25,1305,1305,186763
68,2019-11-26,1305,1350,158669
69,2019-11-27,1350,1315,118801
70,2019-11-28,1305,1285,124845
71,2019-11-29,1280,1210,326697
72,2019-12-02,1235,1175,289873
73,2019-12-03,1180,1135,255839
74,2019-12-04,1105,1110,453828
75,2019-12-05,1090,1025,287033
76,2019-12-06,1050,1160,2541142
77,2019-12-09,1140,1020,1374427
78,2019-12-10,1020,1325,7652376
79,2019-12-11,1405,1170,5312995
80,2019-12-12,1220,1205,3912686
81,2019-12-13,1210,1205,839262
82,2019-12-16,1215,1195,565467
83,2019-12-17,1195,1165,432881
84,2019-12-18,1175,1130,444100
85,2019-12-19,1130,1190,5162507
86,2019-12-20,1175,1125,655265
87,2019-12-23,1120,1070,601632
88,2019-12-24,1070,1020,556312
89,2019-12-26,1025,1020,237185
90,2019-12-27,1030,1055,221957
91,2019-12-30,1055,1100,1578164
92,2020-01-02,1110,1100,292964
93,2020-01-03,1100,1120,1040024
94,2020-01-06,1140,1085,271825
95,2020-01-07,1080,1090,136111
96,2020-01-08,1090,1040,420386
97,2020-01-09,1045,1060,260177
98,2020-01-10,1085,1055,297085
99,2020-01-13,1055,1080,222748
100,2020-01-14,1085,1060,189758
101,2020-01-15,1060,1060,91355
102,2020-01-16,1055,1055,163764
103,2020-01-17,1055,1025,450846
104,2020-01-20,1030,1050,484206
105,2020-01-21,1050,1030,168103
106,2020-01-22,1040,1040,229345
107,2020-01-23,1045,1035,258639
108,2020-01-28,1015,1060,1588873
109,2020-01-29,1080,1065,618312
110,2020-01-30,1025,1010,2081421
111,2020-01-31,1005,1010,571914
112,2020-02-03,970,1010,845371
113,2020-02-04,1010,1010,426478
114,2020-02-05,1020,1035,436237
115,2020-02-06,1050,1090,4017892
116,2020-02-07,1090,1100,803085
117,2020-02-10,1125,1145,1023331
118,2020-02-11,1145,1105,1080909
119,2020-02-12,1095,1130,431012
120,2020-02-13,1140,1100,319970
121,2020-02-14,1095,1060,539642
122,2020-02-17,1045,1045,223588
123,2020-02-18,1030,1040,409594
124,2020-02-19,1040,1020,490670
125,2020-02-20,1020,1000,605812
126,2020-02-21,993,951,663528
127,2020-02-24,901,883,747079
128,2020-02-25,860,907,249816
129,2020-02-26,881,911,155562
130,2020-02-27,906,875,210029
131,2020-02-28,862,840,229492
132,2020-03-02,837,847,215637
133,2020-03-03,872,868,298124
134,2020-03-04,868,879,128395
135,2020-03-05,879,944,1270028
136,2020-03-06,930,913,297542
137,2020-03-09,900,898,164429
138,2020-03-10,880,870,292119
139,2020-03-11,870,875,259136
140,2020-03-12,873,803,525669
141,2020-03-13,740,671,1063650
142,2020-03-16,699,652,312238
143,2020-03-17,601,653,277400
144,2020-03-18,636,576,739193
145,2020-03-19,576,464,668504
146,2020-03-20,464,506,738983
147,2020-03-23,420,409,1159737
148,2020-03-24,416,409,900908
149,2020-03-25,405,449,966931
150,2020-03-26,453,583,2681646
151,2020-03-27,615,662,5100061
152,2020-03-30,695,704,1151108
153,2020-03-31,710,720,937145
154,2020-04-01,720,692,674706
155,2020-04-02,688,711,634314
156,2020-04-03,730,720,302907
157,2020-04-06,770,836,3325798
158,2020-04-07,850,835,686026
159,2020-04-08,835,810,868752
160,2020-04-09,870,853,475701
161,2020-04-10,880,853,522231
162,2020-04-13,870,831,295028
163,2020-04-14,849,817,292417
164,2020-04-16,825,790,305796
165,2020-04-17,840,811,316212
166,2020-04-20,860,840,469759
167,2020-04-21,841,823,511989
168,2020-04-22,801,809,210352
169,2020-04-23,807,805,255740
170,2020-04-24,804,798,338891
171,2020-04-27,798,867,1078220
172,2020-04-28,885,853,385735
173,2020-04-29,831,850,185084
174,2020-05-04,824,800,552803
175,2020-05-06,800,801,328472
176,2020-05-07,820,809,263665
177,2020-05-08,809,839,422935
178,2020-05-11,865,853,407063
179,2020-05-12,865,975,17216950
180,2020-05-13,957,954,3198787
181,2020-05-14,936,902,1251628
182,2020-05-15,891,881,746259
183,2020-05-18,879,837,854933
184,2020-05-19,834,879,1141400
185,2020-05-20,878,907,470813
186,2020-05-21,908,924,569445
187,2020-05-22,921,915,396563
188,2020-05-25,908,926,203183
189,2020-05-26,931,940,372136
190,2020-05-27,956,921,314862
191,2020-05-28,921,901,489856
192,2020-05-29,914,923,153371
193,2020-06-01,938,921,165369
194,2020-06-02,905,919,220756
195,2020-06-03,925,915,298111
196,2020-06-04,915,909,211174
197,2020-06-05,910,930,626917
198,2020-06-08,941,1050,4899038
199,2020-06-09,1055,1055,1223225
200,2020-06-10,1055,1370,18637794
201,2020-06-11,1330,1175,9289409
202,2020-06-12,1105,1120,2415938
203,2020-06-15,1095,999,1681601
204,2020-06-16,1020,1035,858284
205,2020-06-17,1005,1090,986700
206,2020-06-18,1085,1080,1341113
207,2020-06-19,1080,1055,417782
208,2020-06-22,1070,1070,338035
209,2020-06-23,1070,1015,642827
210,2020-06-24,1010,1035,492710
211,2020-06-25,1030,1000,389223
212,2020-06-26,1010,992,501486
213,2020-06-29,925,921,700165
214,2020-06-30,924,938,292934
215,2020-07-01,938,925,302385
216,2020-07-02,921,923,274362
217,2020-07-03,940,926,247752
218,2020-07-06,928,920,230157
219,2020-07-07,921,913,159773
220,2020-07-08,940,955,2620221
221,2020-07-09,962,996,580715
222,2020-07-10,1000,960,416339
223,2020-07-13,942,948,224783
224,2020-07-14,959,974,300939
225,2020-07-15,990,984,301059
226,2020-07-16,998,968,2548888
227,2020-07-17,984,1010,1152289
228,2020-07-20,1030,1105,4534823
229,2020-07-21,1110,1165,1758100
230,2020-07-22,1185,1140,636248
231,2020-07-23,1140,1065,832811
232,2020-07-24,1070,1065,1582642
233,2020-07-27,1065,1090,509542
234,2020-07-28,1085,1140,523711
235,2020-07-29,1160,1080,945859
236,2020-07-30,1075,1050,613969
237,2020-07-31,1050,1020,387885
238,2020-08-03,1020,1000,350180
239,2020-08-04,1005,1010,455354
240,2020-08-05,1005,1020,435626
241,2020-08-06,1025,1035,506038
242,2020-08-07,1040,1030,429467
243,2020-08-10,1030,1010,459564
244,2020-08-11,1015,1015,236738
245,2020-08-12,1020,995,502841
246,2020-08-13,997,1010,1032791
247,2020-08-14,1030,1005,725066
248,2020-08-18,990,916,1134173
249,2020-08-19,916,936,312640
250,2020-08-20,957,913,507638
251,2020-08-21,930,920,272520
252,2020-08-24,931,909,240029
253,2020-08-25,909,949,460672
254,2020-08-26,967,1010,1759454
255,2020-08-27,1020,983,681589
256,2020-08-28,980,985,220426
257,2020-08-31,999,1030,1133241
258,2020-09-01,1005,1030,486447
259,2020-09-02,1035,1000,610712
260,2020-09-03,1010,1015,559694
261,2020-09-04,981,1030,443383
262,2020-09-07,1040,1030,840099
263,2020-09-08,1020,1015,485170
264,2020-09-09,995,1010,387841
265,2020-09-10,1010,1000,354216
266,2020-09-11,1000,988,356221
267,2020-09-14,997,999,198732
268,2020-09-15,999,1005,246876
269,2020-09-16,1010,990,318132
270,2020-09-17,990,975,551836
271,2020-09-18,995,968,236267
272,2020-09-21,976,957,351263
273,2020-09-22,957,935,497853
274,2020-09-23,943,935,269472
275,2020-09-24,901,896,457520
276,2020-09-25,909,878,406831
277,2020-09-28,880,926,295193
278,2020-09-29,929,947,454043
279,2020-10-05,946,969,194944
280,2020-10-06,988,987,333557
281,2020-10-07,999,989,133538
282,2020-10-08,990,967,380312
283,2020-10-12,964,948,165205
284,2020-10-13,953,938,164220
285,2020-10-14,940,939,120095
286,2020-10-15,939,939,325694
287,2020-10-16,939,916,217873
288,2020-10-19,930,924,110632
289,2020-10-20,923,910,206098
290,2020-10-21,935,928,99320
291,2020-10-22,925,928,122925
292,2020-10-23,928,927,62292
293,2020-10-26,901,903,216261
294,2020-10-27,880,899,71932
295,2020-10-28,914,903,85609
296,2020-10-29,903,895,218411
297,2020-10-30,887,875,119926
298,2020-11-02,876,865,173177
299,2020-11-03,867,885,104315
