,date,open,close,volume
0,2019-08-16,2760,2910,43923
1,2019-08-19,2910,2825,13133
2,2019-08-20,2825,2880,16405
3,2019-08-21,2880,2850,19881
4,2019-08-22,2850,2830,15686
5,2019-08-23,2800,2870,16190
6,2019-08-26,2690,2760,14801
7,2019-08-27,2760,2765,7692
8,2019-08-28,2710,2835,8739
9,2019-08-29,2835,2755,25179
10,2019-08-30,2720,2760,28682
11,2019-09-02,2720,2685,14884
12,2019-09-03,2680,2740,12531
13,2019-09-04,2740,2760,8466
14,2019-09-05,2740,2740,10100
15,2019-09-06,2730,2740,22167
16,2019-09-09,2735,2700,13710
17,2019-09-10,2895,2745,16628
18,2019-09-11,2710,2740,29315
19,2019-09-16,2740,2665,32256
20,2019-09-17,2680,2715,38867
21,2019-09-18,2715,2705,47866
22,2019-09-19,2725,2725,13320
23,2019-09-20,2675,2730,12007
24,2019-09-23,2715,2700,24368
25,2019-09-24,2695,2710,19357
26,2019-09-25,2675,2680,36000
27,2019-09-26,2680,2660,9680
28,2019-09-27,2715,2605,11185
29,2019-09-30,2605,2590,15027
30,2019-10-01,2590,2575,31496
31,2019-10-02,2525,2530,8483
32,2019-10-04,2530,2540,4183
33,2019-10-07,2545,2685,35472
34,2019-10-08,2665,2675,11471
35,2019-10-10,2670,2560,18328
36,2019-10-11,2560,2590,11272
37,2019-10-14,2590,2590,54489
38,2019-10-15,2700,2520,48122
39,2019-10-16,2520,2520,29405
40,2019-10-17,2520,2535,18360
41,2019-10-18,2510,2700,52409
42,2019-10-21,2630,2660,49932
43,2019-10-22,2660,2685,23925
44,2019-10-23,2615,2740,22314
45,2019-10-24,2735,2700,33226
46,2019-10-25,2640,2725,22346
47,2019-10-28,2685,2685,45119
48,2019-10-29,2685,2660,15701
49,2019-10-30,2610,2595,32183
50,2019-10-31,2595,2715,120373
51,2019-11-01,2680,2695,33125
52,2019-11-04,2665,2635,58129
53,2019-11-05,2675,2625,70571
54,2019-11-06,2665,2670,96449
55,2019-11-07,2715,2685,76120
56,2019-11-08,2685,2685,35633
57,2019-11-11,2685,2695,92171
58,2019-11-12,2695,2630,18212
59,2019-11-13,2655,2630,36882
60,2019-11-14,2655,2655,20120
61,2019-11-15,2640,2655,40965
62,2019-11-18,2655,2580,79402
63,2019-11-19,2595,2535,68091
64,2019-11-20,2505,2450,31860
65,2019-11-21,2520,2380,58373
66,2019-11-22,2380,2350,44227
67,2019-11-25,2415,2300,51256
68,2019-11-26,2340,2345,28394
69,2019-11-27,2350,2330,39096
70,2019-11-28,2350,2325,30936
71,2019-11-29,2310,2330,19848
72,2019-12-02,2360,2275,36236
73,2019-12-03,2280,2200,46853
74,2019-12-04,2200,2140,31031
75,2019-12-05,2140,2065,22083
76,2019-12-06,2065,2065,30727
77,2019-12-09,2115,2680,6984528
78,2019-12-10,2480,2260,2700592
79,2019-12-11,2235,2150,627691
80,2019-12-12,2175,2160,735007
81,2019-12-13,2195,2185,228606
82,2019-12-16,2230,2175,164866
83,2019-12-17,2190,2115,204638
84,2019-12-18,2120,2120,106292
85,2019-12-19,2120,2130,142302
86,2019-12-20,2150,2205,657380
87,2019-12-23,2190,2095,269878
88,2019-12-24,2080,2030,99431
89,2019-12-26,2040,2060,47133
90,2019-12-27,2070,2090,60260
91,2019-12-30,2100,2120,93417
92,2020-01-02,2155,2130,113841
93,2020-01-03,2140,2245,939728
94,2020-01-06,2255,2195,290842
95,2020-01-07,2200,2140,174199
96,2020-01-08,2125,2005,196535
97,2020-01-09,2145,2080,231311
98,2020-01-10,2090,2130,88289
99,2020-01-13,2130,2110,139678
100,2020-01-14,2140,2115,41876
101,2020-01-15,2115,2180,174255
102,2020-01-16,2225,2240,1601242
103,2020-01-17,2240,2355,666224
104,2020-01-20,2545,3060,3580930
105,2020-01-21,3605,3600,11219385
106,2020-01-22,3800,3860,6840835
107,2020-01-23,3660,3605,3365089
108,2020-01-28,4310,3920,5002265
109,2020-01-29,3650,3500,1806736
110,2020-01-30,3435,3350,2832917
111,2020-01-31,3410,2895,1389251
112,2020-02-03,2840,2350,1303532
113,2020-02-04,2410,2615,3046494
114,2020-02-05,2665,2620,771160
115,2020-02-06,2650,2570,490413
116,2020-02-07,2600,2785,3867197
117,2020-02-10,2745,2600,586334
118,2020-02-11,2520,2955,3832797
119,2020-02-12,2855,2690,891247
120,2020-02-13,2705,2700,557740
121,2020-02-14,2725,2640,390447
122,2020-02-17,2650,2580,238297
123,2020-02-18,2580,2585,559795
124,2020-02-19,2595,2850,1852244
125,2020-02-20,2980,3320,7227422
126,2020-02-21,3550,3210,2099658
127,2020-02-24,3495,3090,1537646
128,2020-02-25,3035,2800,583354
129,2020-02-26,2835,2750,843534
130,2020-02-27,3120,2825,3542801
131,2020-02-28,2750,2820,789167
132,2020-03-02,2820,2810,406969
133,2020-03-03,2780,2910,3872688
134,2020-03-04,2905,3005,1295403
135,2020-03-05,2980,2920,966304
136,2020-03-06,3000,3125,3359932
137,2020-03-09,3155,3710,5764080
138,2020-03-10,3410,4820,21128545
139,2020-03-11,5660,5070,16262975
140,2020-03-12,5100,4740,3711551
141,2020-03-13,4190,3690,3015977
142,2020-03-16,3860,3935,4149767
143,2020-03-17,3665,4170,3321597
144,2020-03-18,4350,4520,8017050
145,2020-03-19,4635,4160,1882888
146,2020-03-20,4430,4255,1817591
147,2020-03-23,5450,5400,6308284
148,2020-03-24,5130,5320,3515591
149,2020-03-25,5800,6050,8751618
150,2020-03-26,7080,7790,6332568
151,2020-03-27,0,7790,0
152,2020-03-30,10000,10100,6698433
153,2020-03-31,0,10100,0
154,2020-04-01,11000,9580,7455881
155,2020-04-02,9000,7420,4533037
156,2020-04-03,7420,7440,3934933
157,2020-04-06,7960,7700,2851995
158,2020-04-07,8500,7980,5217292
159,2020-04-08,8000,7400,2456185
160,2020-04-09,7360,7160,1272802
161,2020-04-10,7250,6450,1865025
162,2020-04-13,6900,7430,10218576
163,2020-04-14,7670,7310,2502404
164,2020-04-16,7310,6910,1264625
165,2020-04-17,6910,6340,1178784
166,2020-04-20,6710,7450,2543079
167,2020-04-21,7450,7450,1690833
168,2020-04-22,7210,7370,902350
169,2020-04-23,7380,7550,677004
170,2020-04-24,7500,7450,717905
171,2020-04-27,7400,7430,488279
172,2020-04-28,7690,7650,2200729
173,2020-04-29,7800,7940,1438748
174,2020-05-04,8000,8630,2930775
175,2020-05-06,8660,8620,948412
176,2020-05-07,9010,9460,3748195
177,2020-05-08,9580,10300,1714913
178,2020-05-11,11200,13350,7336679
179,2020-05-12,12800,12250,3208832
180,2020-05-13,12650,12600,1376184
181,2020-05-14,12300,12600,2845603
182,2020-05-15,14450,12900,2392035
183,2020-05-18,12600,12400,1295395
184,2020-05-19,11450,12200,963231
185,2020-05-20,13000,12600,517762
186,2020-05-21,12700,12650,400071
187,2020-05-22,13000,13900,2033059
188,2020-05-25,13300,14100,868096
189,2020-05-26,14350,14300,494964
190,2020-05-27,14100,14500,368023
191,2020-05-28,14500,15350,838771
192,2020-05-29,15450,14850,728184
193,2020-06-01,14650,15350,435877
194,2020-06-02,15400,15100,366616
195,2020-06-03,14800,14150,893081
196,2020-06-04,14000,14200,564378
197,2020-06-05,15150,15250,1257951
198,2020-06-08,15900,16150,2588693
199,2020-06-09,15800,16350,800486
200,2020-06-10,15500,16100,775460
201,2020-06-11,16300,15500,551733
202,2020-06-12,15300,15500,467539
203,2020-06-15,16500,14600,776303
204,2020-06-16,15000,15100,560436
205,2020-06-17,14900,14700,577995
206,2020-06-18,14150,12800,1229710
207,2020-06-19,12800,12900,1097208
208,2020-06-22,12900,12650,502052
209,2020-06-23,12600,12000,490847
210,2020-06-24,12800,15600,4800544
211,2020-06-25,16000,14250,3438881
212,2020-06-26,14000,14850,2029857
213,2020-06-29,17500,15400,1476426
214,2020-06-30,15450,15000,415176
215,2020-07-01,14600,14500,412670
216,2020-07-02,14400,14350,326210
217,2020-07-03,14200,14950,423694
218,2020-07-06,15150,14700,289096
219,2020-07-07,14600,14350,317873
220,2020-07-08,14350,13700,381025
221,2020-07-09,13700,13750,428749
222,2020-07-10,13800,14350,643002
223,2020-07-13,14700,14850,551086
224,2020-07-14,14850,14950,322742
225,2020-07-15,15050,14100,412942
226,2020-07-16,15050,17750,8139281
227,2020-07-17,18150,22650,11423882
228,2020-07-20,25500,19950,17850386
229,2020-07-21,20400,19150,16442158
230,2020-07-22,19350,18400,7725750
231,2020-07-23,17900,18400,7203260
232,2020-07-24,18050,17000,3388994
233,2020-07-27,17550,16500,2086304
234,2020-07-28,16900,16250,1883806
235,2020-07-29,16350,16050,1100910
236,2020-07-30,16050,16950,2988493
237,2020-07-31,17200,16700,1072993
238,2020-08-03,16900,17450,2878358
239,2020-08-04,17800,16950,1230112
240,2020-08-05,17050,16650,748983
241,2020-08-06,16700,16200,877192
242,2020-08-07,16300,16700,1137653
243,2020-08-10,16400,16600,634974
244,2020-08-11,16000,16100,635933
245,2020-08-12,16100,15250,983500
246,2020-08-13,15250,19000,10958054
247,2020-08-14,16500,15900,3644136
248,2020-08-18,16650,16150,1654810
249,2020-08-19,16400,16250,1542949
250,2020-08-20,16450,17350,4788227
251,2020-08-21,16900,16450,1195580
252,2020-08-24,16950,17550,3067554
253,2020-08-25,18000,17850,2373558
254,2020-08-26,18000,19150,4286295
255,2020-08-27,19100,18450,2268355
256,2020-08-28,19800,18200,3157526
257,2020-08-31,18950,18800,1766906
258,2020-09-01,18550,18450,1967248
259,2020-09-02,18350,18250,932184
260,2020-09-03,18200,18150,846347
261,2020-09-04,17100,17900,764426
262,2020-09-07,17700,18100,646222
263,2020-09-08,18650,18450,1781607
264,2020-09-09,16000,15350,3061789
265,2020-09-10,16200,16450,978376
266,2020-09-11,16600,16550,489318
267,2020-09-14,17600,17400,809755
268,2020-09-15,17400,17250,424331
269,2020-09-16,16900,16600,546990
270,2020-09-17,16900,16500,451699
271,2020-09-18,16450,16300,248833
272,2020-09-21,16250,15750,505130
273,2020-09-22,16600,16200,4994868
274,2020-09-23,16100,15600,745536
275,2020-09-24,15100,14300,675298
276,2020-09-25,14300,14100,408573
277,2020-09-28,14150,14250,161925
278,2020-09-29,15350,15900,3101117
279,2020-10-05,16800,16500,817647
280,2020-10-06,16650,16700,1837640
281,2020-10-07,16850,16300,345980
282,2020-10-08,16850,16900,497018
283,2020-10-12,17300,16500,424378
284,2020-10-13,17400,16850,1378444
285,2020-10-14,16900,16350,425323
286,2020-10-15,16300,15600,481273
287,2020-10-16,15300,15400,323598
288,2020-10-19,15700,15500,162454
289,2020-10-20,15000,15100,234113
290,2020-10-21,15500,15750,295536
291,2020-10-22,15050,15350,186220
292,2020-10-23,15700,15750,230203
293,2020-10-26,16100,16300,503645
294,2020-10-27,16350,16850,2219519
295,2020-10-28,17150,16550,618159
296,2020-10-29,16400,16900,1088482
297,2020-10-30,16800,16500,331099
298,2020-11-02,16500,16200,195046
299,2020-11-03,16100,16500,565240
