,date,open,close,volume
0,2019-08-16,2455,2440,56380
1,2019-08-19,2445,2445,17974
2,2019-08-20,2450,2460,16194
3,2019-08-21,2460,2460,15554
4,2019-08-22,2460,2440,30531
5,2019-08-23,2440,2440,12494
6,2019-08-26,2400,2405,23749
7,2019-08-27,2425,2400,17074
8,2019-08-28,2400,2440,19690
9,2019-08-29,2435,2425,23860
10,2019-08-30,2425,2445,12054
11,2019-09-02,2445,2470,19877
12,2019-09-03,2465,2465,27384
13,2019-09-04,2465,2450,17923
14,2019-09-05,2465,2470,31403
15,2019-09-06,2470,2475,29401
16,2019-09-09,2475,2470,35448
17,2019-09-10,2470,2500,83346
18,2019-09-11,2495,2525,47543
19,2019-09-16,2525,2520,19961
20,2019-09-17,2530,2515,53184
21,2019-09-18,2525,2520,10841
22,2019-09-19,2525,2520,16188
23,2019-09-20,2520,2520,11293
24,2019-09-23,2530,2525,17023
25,2019-09-24,2505,2535,47751
26,2019-09-25,2515,2525,42068
27,2019-09-26,2525,2505,38901
28,2019-09-27,2505,2490,18150
29,2019-09-30,2495,2490,11636
30,2019-10-01,2490,2510,6149
31,2019-10-02,2505,2505,13064
32,2019-10-04,2500,2510,17148
33,2019-10-07,2500,2500,10638
34,2019-10-08,2500,2490,29357
35,2019-10-10,2490,2490,4774
36,2019-10-11,2500,2500,30616
37,2019-10-14,2500,2520,29183
38,2019-10-15,2505,2505,15800
39,2019-10-16,2505,2500,20622
40,2019-10-17,2510,2485,15577
41,2019-10-18,2485,2500,13145
42,2019-10-21,2500,2505,24281
43,2019-10-22,2505,2505,33064
44,2019-10-23,2500,2500,62065
45,2019-10-24,2505,2500,9399
46,2019-10-25,2500,2495,29820
47,2019-10-28,2495,2510,15456
48,2019-10-29,2515,2530,36099
49,2019-10-30,2525,2510,41370
50,2019-10-31,2505,2525,23840
51,2019-11-01,2520,2520,8435
52,2019-11-04,2520,2530,22183
53,2019-11-05,2525,2555,74826
54,2019-11-06,2560,2600,124324
55,2019-11-07,2605,2620,99341
56,2019-11-08,2620,2635,77940
57,2019-11-11,2620,2655,43049
58,2019-11-12,2655,2640,29532
59,2019-11-13,2620,2640,91563
60,2019-11-14,2640,2625,40277
61,2019-11-15,2630,2635,32384
62,2019-11-18,2635,2645,60976
63,2019-11-19,2645,2645,12661
64,2019-11-20,2645,2610,24453
65,2019-11-21,2610,2615,44858
66,2019-11-22,2615,2630,16533
67,2019-11-25,2625,2630,14223
68,2019-11-26,2630,2610,30310
69,2019-11-27,2615,2605,29343
70,2019-11-28,2605,2605,12253
71,2019-11-29,2605,2620,43113
72,2019-12-02,2630,2625,13101
73,2019-12-03,2610,2650,9152
74,2019-12-04,2630,2625,25749
75,2019-12-05,2625,2580,46257
76,2019-12-06,2585,2610,30224
77,2019-12-09,2615,2610,54063
78,2019-12-10,2630,2620,20725
79,2019-12-11,2620,2615,22539
80,2019-12-12,2615,2630,30828
81,2019-12-13,2640,2640,25735
82,2019-12-16,2640,2620,26523
83,2019-12-17,2620,2625,83500
84,2019-12-18,2625,2625,16146
85,2019-12-19,2625,2635,142854
86,2019-12-20,2635,2635,29890
87,2019-12-23,2640,2660,1532560
88,2019-12-24,2705,2665,194227
89,2019-12-26,2660,2700,176418
90,2019-12-27,2680,2630,128101
91,2019-12-30,2630,2610,42752
92,2020-01-02,2610,2620,87063
93,2020-01-03,2615,2645,469265
94,2020-01-06,2640,2600,92596
95,2020-01-07,2600,2595,45621
96,2020-01-08,2595,2515,191489
97,2020-01-09,2560,2555,34797
98,2020-01-10,2540,2575,29280
99,2020-01-13,2590,2605,25278
100,2020-01-14,2610,2620,45860
101,2020-01-15,2620,2615,25848
102,2020-01-16,2615,2615,44643
103,2020-01-17,2615,2615,80093
104,2020-01-20,2595,2570,66742
105,2020-01-21,2580,2570,34163
106,2020-01-22,2565,2565,41935
107,2020-01-23,2580,2555,123008
108,2020-01-28,2510,2510,76612
109,2020-01-29,2490,2545,24871
110,2020-01-30,2520,2490,25215
111,2020-01-31,2490,2480,34207
112,2020-02-03,2490,2485,50159
113,2020-02-04,2505,2520,52396
114,2020-02-05,2540,2515,58177
115,2020-02-06,2510,2530,27379
116,2020-02-07,2530,2535,35686
117,2020-02-10,2530,2520,14909
118,2020-02-11,2505,2520,23764
119,2020-02-12,2520,2545,51620
120,2020-02-13,2545,2520,43270
121,2020-02-14,2520,2525,37244
122,2020-02-17,2525,2510,15298
123,2020-02-18,2520,2520,26261
124,2020-02-19,2520,2520,53750
125,2020-02-20,2515,2500,43096
126,2020-02-21,2470,2480,69524
127,2020-02-24,2460,2450,44111
128,2020-02-25,2425,2465,29142
129,2020-02-26,2450,2450,24922
130,2020-02-27,2450,2420,41194
131,2020-02-28,2420,2360,122122
132,2020-03-02,2360,2350,66589
133,2020-03-03,2355,2390,24876
134,2020-03-04,2370,2410,14845
135,2020-03-05,2410,2430,32350
136,2020-03-06,2425,2380,36016
137,2020-03-09,2375,2320,68577
138,2020-03-10,2290,2335,30424
139,2020-03-11,2330,2295,60337
140,2020-03-12,2295,2190,141976
141,2020-03-13,2055,2150,267431
142,2020-03-16,2215,2105,53405
143,2020-03-17,2005,2035,67926
144,2020-03-18,2070,1950,107182
145,2020-03-19,1950,1880,266171
146,2020-03-20,1760,1920,128392
147,2020-03-23,1845,1785,127719
148,2020-03-24,1800,1850,82036
149,2020-03-25,1870,1925,126070
150,2020-03-26,1940,2005,96052
151,2020-03-27,2050,2035,163757
152,2020-03-30,1995,2130,122299
153,2020-03-31,2150,2180,84615
154,2020-04-01,2175,2160,34864
155,2020-04-02,2160,2175,22261
156,2020-04-03,2185,2150,112067
157,2020-04-06,2180,2165,136571
158,2020-04-07,2190,2245,154527
159,2020-04-08,2225,2210,101247
160,2020-04-09,2220,2235,49652
161,2020-04-10,2235,2255,88886
162,2020-04-13,2255,2235,48300
163,2020-04-14,2230,2295,189581
164,2020-04-16,2225,2255,79338
165,2020-04-17,2275,2305,83558
166,2020-04-20,2300,2305,86458
167,2020-04-21,2290,2280,69541
168,2020-04-22,2275,2290,36431
169,2020-04-23,2290,2305,21615
170,2020-04-24,2315,2270,34058
171,2020-04-27,2270,2280,36044
172,2020-04-28,2285,2305,43801
173,2020-04-29,2305,2310,75106
174,2020-05-04,2310,2310,52374
175,2020-05-06,2320,2315,110353
176,2020-05-07,2300,2320,78360
177,2020-05-08,2335,2330,28243
178,2020-05-11,2330,2355,22607
179,2020-05-12,2355,2335,30635
180,2020-05-13,2310,2330,12622
181,2020-05-14,2325,2285,105651
182,2020-05-15,2285,2275,36859
183,2020-05-18,2275,2295,37424
184,2020-05-19,2305,2330,53710
185,2020-05-20,2330,2365,257145
186,2020-05-21,2370,2395,52170
187,2020-05-22,2400,2345,79945
188,2020-05-25,2350,2340,57787
189,2020-05-26,2365,2375,25332
190,2020-05-27,2375,2370,20247
191,2020-05-28,2370,2365,35255
192,2020-05-29,2365,2395,47344
193,2020-06-01,2380,2440,80754
194,2020-06-02,2450,2435,71785
195,2020-06-03,2435,2450,86240
196,2020-06-04,2460,2440,41216
197,2020-06-05,2460,2430,77598
198,2020-06-08,2450,2435,18256
199,2020-06-09,2440,2440,26278
200,2020-06-10,2450,2445,27621
201,2020-06-11,2445,2430,35897
202,2020-06-12,2360,2380,84368
203,2020-06-15,2375,2310,53493
204,2020-06-16,2345,2380,46730
205,2020-06-17,2335,2380,29783
206,2020-06-18,2370,2390,26843
207,2020-06-19,2400,2395,23645
208,2020-06-22,2400,2385,32654
209,2020-06-23,2390,2385,79158
210,2020-06-24,2375,2385,20348
211,2020-06-25,2385,2385,20314
212,2020-06-26,2410,2390,67691
213,2020-06-29,2370,2350,25766
214,2020-06-30,2345,2355,35636
215,2020-07-01,2355,2350,60856
216,2020-07-02,2340,2340,18324
217,2020-07-03,2360,2355,15022
218,2020-07-06,2365,2360,28911
219,2020-07-07,2360,2320,117035
220,2020-07-08,2320,2315,29238
221,2020-07-09,2320,2330,22127
222,2020-07-10,2750,2410,8993780
223,2020-07-13,2430,2405,1069599
224,2020-07-14,2395,2390,305096
225,2020-07-15,2380,2390,236941
226,2020-07-16,2405,2400,115731
227,2020-07-17,2395,2435,118856
228,2020-07-20,2440,2415,129830
229,2020-07-21,2415,2410,111074
230,2020-07-22,2405,2405,89135
231,2020-07-23,2420,2395,129219
232,2020-07-24,2390,2370,129341
233,2020-07-27,2380,2400,56259
234,2020-07-28,2415,2405,58828
235,2020-07-29,2405,2400,40335
236,2020-07-30,2410,2405,48895
237,2020-07-31,2400,2385,72668
238,2020-08-03,2395,2400,42307
239,2020-08-04,2410,2405,45552
240,2020-08-05,2395,2395,45451
241,2020-08-06,2405,2395,58124
242,2020-08-07,2400,2400,67423
243,2020-08-10,2390,2410,69166
244,2020-08-11,2420,2420,104548
245,2020-08-12,2410,2415,49937
246,2020-08-13,2420,2415,85217
247,2020-08-14,2425,2435,146959
248,2020-08-18,2445,2420,437101
249,2020-08-19,2405,2435,100513
250,2020-08-20,2440,2440,212211
251,2020-08-21,2445,2450,190042
252,2020-08-24,2450,2445,130354
253,2020-08-25,2445,2450,147810
254,2020-08-26,2450,2440,138635
255,2020-08-27,2440,2445,118471
256,2020-08-28,2460,2430,172939
257,2020-08-31,2435,2440,87829
258,2020-09-01,2440,2440,274674
259,2020-09-02,2460,2470,216471
260,2020-09-03,2470,2500,573078
261,2020-09-04,2460,2535,550023
262,2020-09-07,2535,2640,503388
263,2020-09-08,2675,2655,439548
264,2020-09-09,2645,2660,216552
265,2020-09-10,2665,2660,219396
266,2020-09-11,2660,2750,729639
267,2020-09-14,2815,2825,419505
268,2020-09-15,2850,2830,189488
269,2020-09-16,2830,2820,398107
270,2020-09-17,2810,2810,217632
271,2020-09-18,2785,2800,116161
272,2020-09-21,2800,2785,133966
273,2020-09-22,2755,2780,200244
274,2020-09-23,2790,2780,97058
275,2020-09-24,2765,2770,122107
276,2020-09-25,2750,2750,72121
277,2020-09-28,2750,2770,61678
278,2020-09-29,2765,2775,62554
279,2020-10-05,2790,2780,91657
280,2020-10-06,2795,2785,122875
281,2020-10-07,2785,2780,45084
282,2020-10-08,2795,2785,36695
283,2020-10-12,2785,2790,111883
284,2020-10-13,2795,2785,60486
285,2020-10-14,2780,2770,262314
286,2020-10-15,2770,2745,143120
287,2020-10-16,2735,2740,102766
288,2020-10-19,2745,2735,62831
289,2020-10-20,2730,2740,53833
290,2020-10-21,2765,2760,24897
291,2020-10-22,2785,2730,94010
292,2020-10-23,2730,2720,76769
293,2020-10-26,2720,2690,150579
294,2020-10-27,2645,2650,193744
295,2020-10-28,2670,2700,71414
296,2020-10-29,2650,2720,50483
297,2020-10-30,2720,2690,33170
298,2020-11-02,2690,2730,27572
299,2020-11-03,2745,2740,30121
