,date,open,close,volume
0,2019-08-16,2095,2105,648
1,2019-08-19,2410,1890,4136
2,2019-08-20,1905,1820,7636
3,2019-08-21,1940,1820,3424
4,2019-08-22,1875,1850,303
5,2019-08-23,1850,1920,235
6,2019-08-26,1890,1720,64
7,2019-08-27,1745,1900,4
8,2019-08-28,1900,1995,1177
9,2019-08-29,1900,1995,58
10,2019-08-30,1995,1995,10
11,2019-09-02,1995,1995,0
12,2019-09-03,1995,2000,1600
13,2019-09-04,2290,1995,1231
14,2019-09-05,2095,2005,3
15,2019-09-06,2005,2280,3325
16,2019-09-09,2585,2585,409
17,2019-09-10,2870,2800,893
18,2019-09-11,2840,2700,5267
19,2019-09-16,2300,2300,5016
20,2019-09-17,2590,2590,1
21,2019-09-18,2380,2345,1577
22,2019-09-19,2345,2435,1981
23,2019-09-20,2100,2070,18973
24,2019-09-23,2340,2255,129
25,2019-09-24,2000,2160,6003
26,2019-09-25,2110,2155,102
27,2019-09-26,2470,2460,301
28,2019-09-27,2200,2300,2082
29,2019-09-30,2250,2220,18710
30,2019-10-01,2500,2200,17571
31,2019-10-02,2530,2100,4499
32,2019-10-04,2295,2105,1473
33,2019-10-07,2380,2135,3369
34,2019-10-08,2135,2100,2735
35,2019-10-10,2285,2195,3
36,2019-10-11,2290,1980,1505
37,2019-10-14,2085,2150,11770
38,2019-10-15,2295,2095,12
39,2019-10-16,2095,2145,2888
40,2019-10-17,2300,2300,6
41,2019-10-18,2295,2000,32272
42,2019-10-21,2185,2050,2409
43,2019-10-22,2065,2065,1301
44,2019-10-23,2255,2255,2000
45,2019-10-24,2200,2125,409
46,2019-10-25,2075,2430,2074
47,2019-10-28,2770,2720,58
48,2019-10-29,2320,2985,6354
49,2019-10-30,2950,2540,1946
50,2019-10-31,2540,2330,8047
51,2019-11-01,2295,2200,1392
52,2019-11-04,2195,2195,3567
53,2019-11-05,2155,2040,10650
54,2019-11-06,2055,2140,5900
55,2019-11-07,2140,2260,3455
56,2019-11-08,2590,2500,4912
57,2019-11-11,2600,2500,15943
58,2019-11-12,2450,2500,1104
59,2019-11-13,2500,2200,22496
60,2019-11-14,2295,2250,2975
61,2019-11-15,2250,2250,142
62,2019-11-18,2250,2245,2392
63,2019-11-19,2240,2225,3621
64,2019-11-20,2220,2000,37478
65,2019-11-21,2175,2000,6487
66,2019-11-22,2000,2075,1870
67,2019-11-25,2125,2065,4501
68,2019-11-26,2065,2000,3173
69,2019-11-27,2060,2000,1924
70,2019-11-28,1995,2030,12742
71,2019-11-29,2025,1980,1591
72,2019-12-02,2010,2145,1985
73,2019-12-03,2095,2050,1182
74,2019-12-04,2050,2050,0
75,2019-12-05,2030,2040,3713
76,2019-12-06,2040,2030,5826
77,2019-12-09,2020,1970,4867
78,2019-12-10,1870,2030,2062
79,2019-12-11,1875,1830,9890
80,2019-12-12,1820,1780,13408
81,2019-12-13,1635,1765,2220
82,2019-12-16,1630,1505,99514
83,2019-12-17,1375,1310,49252
84,2019-12-18,1300,1385,427412
85,2019-12-19,1375,1190,131875
86,2019-12-20,1270,1200,15861
87,2019-12-23,1300,1200,14257
88,2019-12-24,1250,1200,14059
89,2019-12-26,1345,1300,6360
90,2019-12-27,1300,1470,31006
91,2019-12-30,1540,1355,29845
92,2020-01-02,1355,1390,16388
93,2020-01-03,1390,1380,6486
94,2020-01-06,1365,1340,26713
95,2020-01-07,1345,1540,37315
96,2020-01-08,1715,1770,7445
97,2020-01-09,2030,1965,15623
98,2020-01-10,1975,1675,86295
99,2020-01-13,1770,1800,9197
100,2020-01-14,1945,1885,1414
101,2020-01-15,1885,1850,506
102,2020-01-16,2050,1790,4014
103,2020-01-17,1785,1680,3928
104,2020-01-20,1685,1745,6511
105,2020-01-21,1745,1835,3601
106,2020-01-22,2065,1790,3374
107,2020-01-23,1945,1790,1078
108,2020-01-28,1780,1840,3354
109,2020-01-29,1820,1855,3172
110,2020-01-30,1855,1805,10651
111,2020-01-31,1800,1750,2630
112,2020-02-03,1520,1610,6334
113,2020-02-04,1710,1750,185
114,2020-02-05,1605,1720,807
115,2020-02-06,1750,1715,3707
116,2020-02-07,1695,1655,2159
117,2020-02-10,1655,1655,1619
118,2020-02-11,1655,1730,1202
119,2020-02-12,1680,1660,176
120,2020-02-13,1600,1695,2526
121,2020-02-14,1675,1680,1908
122,2020-02-17,1680,1795,6623
123,2020-02-18,1620,1745,4176
124,2020-02-19,1660,1685,2752
125,2020-02-20,1680,1645,3783
126,2020-02-21,1505,1680,1896
127,2020-02-24,1680,1650,6152
128,2020-02-25,1645,1645,424
129,2020-02-26,1515,1645,1001
130,2020-02-27,1645,1630,22
131,2020-02-28,1760,1685,1637
132,2020-03-02,1650,1650,1
133,2020-03-03,1875,1690,989
134,2020-03-04,1635,1600,1330
135,2020-03-05,1600,1755,614
136,2020-03-06,1700,1700,100
137,2020-03-09,1475,1550,24099
138,2020-03-10,1515,1445,1842
139,2020-03-11,1585,1555,2
140,2020-03-12,1345,1325,11531
141,2020-03-13,1205,1325,15083
142,2020-03-16,1325,1240,7719
143,2020-03-17,1240,1240,6701
144,2020-03-18,1240,1295,108
145,2020-03-19,1125,1220,17170
146,2020-03-20,1220,1390,6356
147,2020-03-23,1390,1580,3002
148,2020-03-24,1580,1570,1055
149,2020-03-25,1570,1565,3
150,2020-03-26,1400,1565,2757
151,2020-03-27,1400,1525,1304
152,2020-03-30,1350,1470,26785
153,2020-03-31,1480,1480,1
154,2020-04-01,1465,1465,440
155,2020-04-02,1460,1460,0
156,2020-04-03,1450,1450,0
157,2020-04-06,1255,1440,2
158,2020-04-07,1400,1400,6571
159,2020-04-08,1240,1240,16939
160,2020-04-09,1360,1230,4208
161,2020-04-10,1355,1355,10
162,2020-04-13,1200,1200,38150
163,2020-04-14,1345,1290,3511
164,2020-04-16,1290,1200,19400
165,2020-04-17,1230,1295,25507
166,2020-04-20,1480,1360,2187
167,2020-04-21,1350,1350,200
168,2020-04-22,1340,1340,2
169,2020-04-23,1470,1470,1
170,2020-04-24,1465,1465,605
171,2020-04-27,1280,1385,120
172,2020-04-28,1235,1385,5715
173,2020-04-29,1255,1295,5537
174,2020-05-04,1295,1285,111
175,2020-05-06,1280,1275,6579
176,2020-05-07,1270,1195,1765
177,2020-05-08,1245,1240,3940
178,2020-05-11,1350,1150,42091
179,2020-05-12,1150,1130,330
180,2020-05-13,1130,1125,9780
181,2020-05-14,1150,1145,6774
182,2020-05-15,1135,1115,59
183,2020-05-18,1030,1115,27
184,2020-05-19,1115,1030,12257
185,2020-05-20,1030,1030,5150
186,2020-05-21,1095,1030,2073
187,2020-05-22,1030,1030,9652
188,2020-05-25,990,1090,5100
189,2020-05-26,1080,1090,2490
190,2020-05-27,1090,1025,15601
191,2020-05-28,1025,901,7310
192,2020-05-29,901,949,8411
193,2020-06-01,920,985,1753
194,2020-06-02,1095,990,27126
195,2020-06-03,985,895,14947
196,2020-06-04,898,1000,19382
197,2020-06-05,1000,1080,9014
198,2020-06-08,925,1045,26828
199,2020-06-09,1000,1000,6697
200,2020-06-10,935,990,25077
201,2020-06-11,990,1035,14937
202,2020-06-12,961,996,11869
203,2020-06-15,920,994,3198
204,2020-06-16,1120,1080,10184
205,2020-06-17,951,1075,401
206,2020-06-18,1045,980,1036
207,2020-06-19,979,1050,19399
208,2020-06-22,961,1000,13176
209,2020-06-23,965,1020,9324
210,2020-06-24,1015,1020,16880
211,2020-06-25,1020,1090,34162
212,2020-06-26,1090,1065,9478
213,2020-06-29,1060,1060,1
214,2020-06-30,946,1040,3104
215,2020-07-01,1025,1025,0
216,2020-07-02,1150,1025,212
217,2020-07-03,1020,1000,1002
218,2020-07-06,990,981,2974
219,2020-07-07,1035,1025,1054
220,2020-07-08,990,1175,42782
221,2020-07-09,1350,1350,75245
222,2020-07-10,1475,1550,73449
223,2020-07-13,1780,1780,31469
224,2020-07-14,2045,2045,35383
225,2020-07-15,2350,2350,20081
226,2020-07-16,0,2350,0
227,2020-07-17,2590,2000,87929
228,2020-07-20,1715,1700,49833
229,2020-07-21,1700,1765,15697
230,2020-07-22,1945,1770,9248
231,2020-07-23,1775,2030,44440
232,2020-07-24,2190,2000,64070
233,2020-07-27,2150,1910,15674
234,2020-07-28,1910,1955,14063
235,2020-07-29,2100,2070,7058
236,2020-07-30,1920,2185,9542
237,2020-07-31,2270,2090,5619
238,2020-08-03,2170,2080,4787
239,2020-08-04,2090,2005,3739
240,2020-08-05,2140,1950,8880
241,2020-08-06,1920,1920,15008
242,2020-08-07,1955,1970,11277
243,2020-08-10,2140,1945,10764
244,2020-08-11,2190,1975,1887
245,2020-08-12,1975,1970,5242
246,2020-08-13,2080,1975,1967
247,2020-08-14,1975,1970,10826
248,2020-08-18,1970,1895,5841
249,2020-08-19,1895,1790,27357
250,2020-08-20,2010,1790,279
251,2020-08-21,2020,1780,1382
252,2020-08-24,2020,2000,452
253,2020-08-25,1890,1845,78817
254,2020-08-26,1795,1800,7241
255,2020-08-27,1970,1725,7241
256,2020-08-28,1725,1830,6648
257,2020-08-31,1995,1905,156
258,2020-09-01,1905,1840,2448
259,2020-09-02,1975,1800,10098
260,2020-09-03,1800,1700,15362
261,2020-09-04,1910,1660,19563
262,2020-09-07,1725,1740,52200
263,2020-09-08,1880,1630,66243
264,2020-09-09,1625,1785,13869
265,2020-09-10,1630,1670,34981
266,2020-09-11,1670,1520,28571
267,2020-09-14,1620,1660,6451
268,2020-09-15,1690,1685,2475
269,2020-09-16,1700,1670,1002
270,2020-09-17,1875,1695,3247
271,2020-09-18,1855,1700,740
272,2020-09-21,1835,1700,530
273,2020-09-22,1700,1695,4628
274,2020-09-23,1690,1595,4363
275,2020-09-24,1620,1590,1122
276,2020-09-25,1745,1585,2733
277,2020-09-28,1655,1590,8129
278,2020-09-29,1590,1550,3981
279,2020-10-05,1630,1690,3613
280,2020-10-06,1685,1645,196
281,2020-10-07,1775,1640,1614
282,2020-10-08,1575,1635,3798
283,2020-10-12,1630,1575,7798
284,2020-10-13,1600,1600,50
285,2020-10-14,1600,1600,1168
286,2020-10-15,1725,1590,806
287,2020-10-16,1680,1555,2194
288,2020-10-19,1695,1575,973
289,2020-10-20,1645,1545,18426
290,2020-10-21,1350,1475,21846
291,2020-10-22,1595,1280,43937
292,2020-10-23,1340,1280,41406
293,2020-10-26,1380,1285,34959
294,2020-10-27,1275,1335,6190
295,2020-10-28,1495,1365,22662
296,2020-10-29,1365,1445,501
297,2020-10-30,1430,1390,12540
298,2020-11-02,1390,1390,8
299,2020-11-03,1545,1450,834
