,date,open,close,volume
0,2019-08-16,2175,2190,54131
1,2019-08-19,2220,2285,79636
2,2019-08-20,2310,2415,111871
3,2019-08-21,2415,2405,21634
4,2019-08-22,2405,2405,19761
5,2019-08-23,2405,2370,18187
6,2019-08-26,2300,2245,47831
7,2019-08-27,2245,2275,9942
8,2019-08-28,2250,2350,31233
9,2019-08-29,2350,2305,12916
10,2019-08-30,2295,2310,46109
11,2019-09-02,2310,2235,74949
12,2019-09-03,2235,2300,53646
13,2019-09-04,2300,2345,18834
14,2019-09-05,2325,2455,51250
15,2019-09-06,2480,2420,19761
16,2019-09-09,2420,2390,27555
17,2019-09-10,2350,2305,41161
18,2019-09-11,2305,2385,90317
19,2019-09-16,2420,2425,57139
20,2019-09-17,2425,2435,34579
21,2019-09-18,2435,2380,38780
22,2019-09-19,2380,2380,40725
23,2019-09-20,2380,2395,22232
24,2019-09-23,2395,2435,24541
25,2019-09-24,2435,2435,15810
26,2019-09-25,2420,2405,40550
27,2019-09-26,2400,2375,14166
28,2019-09-27,2310,2345,15126
29,2019-09-30,2320,2345,16448
30,2019-10-01,2345,2355,32371
31,2019-10-02,2265,2315,77677
32,2019-10-04,2315,2320,14493
33,2019-10-07,2320,2250,15627
34,2019-10-08,2260,2315,12458
35,2019-10-10,2315,2370,17977
36,2019-10-11,2370,2350,14838
37,2019-10-14,2350,2420,50477
38,2019-10-15,2420,2395,19066
39,2019-10-16,2400,2375,17252
40,2019-10-17,2375,2355,30594
41,2019-10-18,2355,2340,47520
42,2019-10-21,2340,2290,23433
43,2019-10-22,2290,2290,15193
44,2019-10-23,2260,2250,69393
45,2019-10-24,2245,2250,41921
46,2019-10-25,2205,2215,38378
47,2019-10-28,2200,2250,19507
48,2019-10-29,2250,2260,6212
49,2019-10-30,2210,2215,34681
50,2019-10-31,2200,2250,30330
51,2019-11-01,2230,2280,15247
52,2019-11-04,2280,2285,13012
53,2019-11-05,2285,2295,8749
54,2019-11-06,2280,2320,16167
55,2019-11-07,2320,2320,26576
56,2019-11-08,2295,2295,23745
57,2019-11-11,2295,2335,21917
58,2019-11-12,2330,2315,19274
59,2019-11-13,2315,2325,16466
60,2019-11-14,2325,2310,42921
61,2019-11-15,2290,2285,25663
62,2019-11-18,2265,2265,40657
63,2019-11-19,2240,2265,28431
64,2019-11-20,2265,2245,24616
65,2019-11-21,2245,2220,27406
66,2019-11-22,2195,2210,37444
67,2019-11-25,2215,2270,37008
68,2019-11-26,2280,2265,28925
69,2019-11-27,2265,2280,8150
70,2019-11-28,2280,2270,25781
71,2019-11-29,2270,2265,17334
72,2019-12-02,2265,2285,17073
73,2019-12-03,2285,2275,28021
74,2019-12-04,2255,2260,12928
75,2019-12-05,2225,2245,27581
76,2019-12-06,2245,2265,12591
77,2019-12-09,2270,2265,22635
78,2019-12-10,2265,2270,18573
79,2019-12-11,2250,2270,21822
80,2019-12-12,2245,2285,36163
81,2019-12-13,2285,2300,25067
82,2019-12-16,2300,2340,10287
83,2019-12-17,2315,2405,35141
84,2019-12-18,2405,2400,28277
85,2019-12-19,2395,2315,43134
86,2019-12-20,2300,2335,40722
87,2019-12-23,2335,2335,12796
88,2019-12-24,2335,2410,47487
89,2019-12-26,2410,2395,57202
90,2019-12-27,2440,2375,73322
91,2019-12-30,2360,2390,15992
92,2020-01-02,2390,2420,38512
93,2020-01-03,2395,2415,22427
94,2020-01-06,2395,2420,33356
95,2020-01-07,2380,2370,46927
96,2020-01-08,2350,2270,58538
97,2020-01-09,2275,2325,23783
98,2020-01-10,2325,2350,9525
99,2020-01-13,2350,2355,24407
100,2020-01-14,2345,2445,47748
101,2020-01-15,2440,2690,1529063
102,2020-01-16,2690,2750,1446719
103,2020-01-17,2790,2700,403161
104,2020-01-20,2575,2490,530709
105,2020-01-21,2490,2570,288513
106,2020-01-22,2565,2615,125275
107,2020-01-23,2610,2595,84543
108,2020-01-28,2485,2515,126326
109,2020-01-29,2520,2625,146725
110,2020-01-30,2625,2570,79569
111,2020-01-31,2510,2460,110443
112,2020-02-03,2425,2510,102298
113,2020-02-04,2490,2580,40156
114,2020-02-05,2580,2580,29106
115,2020-02-06,2570,2660,85581
116,2020-02-07,2665,2615,144377
117,2020-02-10,2645,2640,58767
118,2020-02-11,2640,2660,36452
119,2020-02-12,2640,2620,33502
120,2020-02-13,2620,2630,64436
121,2020-02-14,2625,2630,48000
122,2020-02-17,2575,2600,58011
123,2020-02-18,2600,2555,59208
124,2020-02-19,2530,2555,55986
125,2020-02-20,2585,2525,34620
126,2020-02-21,2520,2460,37920
127,2020-02-24,2380,2395,40406
128,2020-02-25,2370,2410,35250
129,2020-02-26,2395,2430,25693
130,2020-02-27,2430,2355,73943
131,2020-02-28,2355,2290,56367
132,2020-03-02,2290,2325,21820
133,2020-03-03,2325,2355,17142
134,2020-03-04,2310,2360,17754
135,2020-03-05,2360,2370,25635
136,2020-03-06,2370,2335,19991
137,2020-03-09,2310,2265,44292
138,2020-03-10,2220,2195,43173
139,2020-03-11,2170,2165,56211
140,2020-03-12,2165,2015,97334
141,2020-03-13,1900,1860,171703
142,2020-03-16,1865,1875,83036
143,2020-03-17,1855,1985,51131
144,2020-03-18,1930,1800,75284
145,2020-03-19,1750,1460,218071
146,2020-03-20,1460,1560,56902
147,2020-03-23,1480,1520,59975
148,2020-03-24,1630,1625,15905
149,2020-03-25,1640,1725,14972
150,2020-03-26,1725,1670,66204
151,2020-03-27,1715,1635,91079
152,2020-03-30,1635,1730,91651
153,2020-03-31,1785,1910,114581
154,2020-04-01,1910,1950,50712
155,2020-04-02,1950,1905,28884
156,2020-04-03,1875,1870,10722
157,2020-04-06,1870,1920,17625
158,2020-04-07,1990,1910,50088
159,2020-04-08,1915,2020,28385
160,2020-04-09,2020,2050,30336
161,2020-04-10,2050,2005,46624
162,2020-04-13,2005,1880,128248
163,2020-04-14,1880,1945,65688
164,2020-04-16,1945,1955,8987
165,2020-04-17,1955,1985,72038
166,2020-04-20,2000,2005,58644
167,2020-04-21,2005,1950,40981
168,2020-04-22,1910,1950,15382
169,2020-04-23,1955,1985,23166
170,2020-04-24,1965,2005,26299
171,2020-04-27,2005,2200,126337
172,2020-04-28,2200,2175,90920
173,2020-04-29,2240,2170,23078
174,2020-05-04,2160,2170,16777
175,2020-05-06,2160,2170,47193
176,2020-05-07,2180,2185,11198
177,2020-05-08,2185,2240,33000
178,2020-05-11,2240,2295,35762
179,2020-05-12,2295,2250,10653
180,2020-05-13,2250,2235,11983
181,2020-05-14,2230,2170,21205
182,2020-05-15,2175,2220,4878
183,2020-05-18,2220,2225,8349
184,2020-05-19,2225,2255,16208
185,2020-05-20,2215,2275,19518
186,2020-05-21,2245,2270,22210
187,2020-05-22,2270,2225,20786
188,2020-05-25,2225,2225,17542
189,2020-05-26,2225,2240,14321
190,2020-05-27,2240,2250,9871
191,2020-05-28,2235,2080,68170
192,2020-05-29,2080,2155,37017
193,2020-06-01,2150,2150,20877
194,2020-06-02,2150,2195,19474
195,2020-06-03,2195,2230,35230
196,2020-06-04,2230,2190,29730
197,2020-06-05,2190,2185,22226
198,2020-06-08,2190,2150,30695
199,2020-06-09,2100,2125,71511
200,2020-06-10,2140,2130,21452
201,2020-06-11,2130,2115,29944
202,2020-06-12,2090,2040,43438
203,2020-06-15,2040,1910,110488
204,2020-06-16,1935,1995,40648
205,2020-06-17,1995,1965,105861
206,2020-06-18,1965,2030,18869
207,2020-06-19,2030,2050,21316
208,2020-06-22,2025,2035,20347
209,2020-06-23,2035,2035,19537
210,2020-06-24,2010,2005,42854
211,2020-06-25,1950,1985,28235
212,2020-06-26,1985,2020,9947
213,2020-06-29,1980,2000,18032
214,2020-06-30,2000,2025,13775
215,2020-07-01,2025,1995,22463
216,2020-07-02,1995,2010,3934
217,2020-07-03,2010,2010,14081
218,2020-07-06,2010,2040,11810
219,2020-07-07,2040,2070,30716
220,2020-07-08,2070,2175,59191
221,2020-07-09,2175,2235,748554
222,2020-07-10,2235,2365,677892
223,2020-07-13,2380,2500,389711
224,2020-07-14,2530,2600,191472
225,2020-07-15,2600,2725,393686
226,2020-07-16,2725,2730,151398
227,2020-07-17,2730,2670,285333
228,2020-07-20,2670,2815,233392
229,2020-07-21,2785,2985,417542
230,2020-07-22,3020,2985,134084
231,2020-07-23,2960,2965,97965
232,2020-07-24,2965,2950,114364
233,2020-07-27,2920,2955,61037
234,2020-07-28,2955,2725,149509
235,2020-07-29,2765,2885,76353
236,2020-07-30,2870,3285,965339
237,2020-07-31,3315,3700,756288
238,2020-08-03,3700,3650,220133
239,2020-08-04,3595,3995,475732
240,2020-08-05,4020,4130,794218
241,2020-08-06,4130,4270,175009
242,2020-08-07,4210,4280,113112
243,2020-08-10,4265,4280,111911
244,2020-08-11,4280,4270,126871
245,2020-08-12,4270,4600,357459
246,2020-08-13,4535,4915,333687
247,2020-08-14,4915,4905,139697
248,2020-08-18,4835,4400,222900
249,2020-08-19,4350,4425,107323
250,2020-08-20,4410,4080,143391
251,2020-08-21,4085,4410,77715
252,2020-08-24,4405,4290,128859
253,2020-08-25,4245,4180,115593
254,2020-08-26,4195,4345,95108
255,2020-08-27,4355,4330,134716
256,2020-08-28,4250,4605,257945
257,2020-08-31,5380,5030,361731
258,2020-09-01,5290,4990,172075
259,2020-09-02,5020,5130,137513
260,2020-09-03,5250,5140,59815
261,2020-09-04,4880,5120,130212
262,2020-09-07,5200,5630,473185
263,2020-09-08,5630,5420,465130
264,2020-09-09,5360,5660,262171
265,2020-09-10,5850,5630,114729
266,2020-09-11,5740,5720,208542
267,2020-09-14,5790,5870,126997
268,2020-09-15,5990,5760,106134
269,2020-09-16,5830,5400,113697
270,2020-09-17,5410,5440,68229
271,2020-09-18,5640,5470,66480
272,2020-09-21,5450,5350,73873
273,2020-09-22,5460,5540,108977
274,2020-09-23,5600,5910,334552
275,2020-09-24,5910,6230,307144
276,2020-09-25,6340,6850,255380
277,2020-09-28,6960,7060,238717
278,2020-09-29,7060,6970,230799
279,2020-10-05,6900,6780,150769
280,2020-10-06,6780,6900,140990
281,2020-10-07,7000,7780,764992
282,2020-10-08,7780,7650,562021
283,2020-10-12,7640,7270,259207
284,2020-10-13,7260,7040,485070
285,2020-10-14,7000,6920,217107
286,2020-10-15,6920,7190,189300
287,2020-10-16,7190,6980,152739
288,2020-10-19,7030,6430,233004
289,2020-10-20,6360,6510,320918
290,2020-10-21,6400,6390,181044
291,2020-10-22,6320,6290,128918
292,2020-10-23,6300,6290,86733
293,2020-10-26,6300,6290,219522
294,2020-10-27,6300,6120,131697
295,2020-10-28,6100,6200,117074
296,2020-10-29,6200,6590,148211
297,2020-10-30,6580,6950,231000
298,2020-11-02,7000,6980,126322
299,2020-11-03,6990,7000,194772
