,date,open,close,volume
0,2019-08-16,129500,129500,300046
1,2019-08-19,130500,130500,222446
2,2019-08-20,131000,132000,369383
3,2019-08-21,131000,131500,284628
4,2019-08-22,131500,133000,597184
5,2019-08-23,132000,133000,414033
6,2019-08-26,130000,132500,374958
7,2019-08-27,133500,134000,499775
8,2019-08-28,134000,133500,255507
9,2019-08-29,133000,133000,351957
10,2019-08-30,134000,134500,402408
11,2019-09-02,134000,137000,575791
12,2019-09-03,137500,137500,291503
13,2019-09-04,137000,138500,431250
14,2019-09-05,138000,135000,598646
15,2019-09-06,135000,136000,191271
16,2019-09-09,135000,133000,673204
17,2019-09-10,133000,135500,310565
18,2019-09-11,135500,133000,734465
19,2019-09-16,134500,132000,413424
20,2019-09-17,132000,132000,326141
21,2019-09-18,133000,137000,684630
22,2019-09-19,136500,135500,242822
23,2019-09-20,135500,135500,358235
24,2019-09-23,135000,134500,207227
25,2019-09-24,135000,138000,466753
26,2019-09-25,137500,136000,301919
27,2019-09-26,137000,136500,210766
28,2019-09-27,136500,135500,168760
29,2019-09-30,134500,135500,202006
30,2019-10-01,136000,137500,252319
31,2019-10-02,136500,135500,152309
32,2019-10-04,134500,133500,238417
33,2019-10-07,134000,134500,344020
34,2019-10-08,134500,134500,224907
35,2019-10-10,133000,136500,694345
36,2019-10-11,136500,135000,238584
37,2019-10-14,136000,134500,317555
38,2019-10-15,135000,134000,190243
39,2019-10-16,134000,132000,753513
40,2019-10-17,131500,130500,618170
41,2019-10-18,131000,132500,332984
42,2019-10-21,132500,133500,214102
43,2019-10-22,134000,136000,337570
44,2019-10-23,136000,140000,1045771
45,2019-10-24,140500,139500,490092
46,2019-10-25,140000,140000,196552
47,2019-10-28,142000,140000,665988
48,2019-10-29,141500,139500,367213
49,2019-10-30,140500,138000,251362
50,2019-10-31,139000,141500,726151
51,2019-11-01,142500,145500,717046
52,2019-11-04,146500,146500,436509
53,2019-11-05,146000,148500,502806
54,2019-11-06,149000,151000,516744
55,2019-11-07,152000,151000,1222184
56,2019-11-08,152000,152000,900774
57,2019-11-11,153000,154000,509809
58,2019-11-12,154000,153500,396292
59,2019-11-13,152500,153500,376959
60,2019-11-14,154500,154500,651414
61,2019-11-15,154500,155500,281084
62,2019-11-18,155500,157500,372362
63,2019-11-19,157500,156500,323233
64,2019-11-20,156000,156500,332676
65,2019-11-21,156500,154000,666854
66,2019-11-22,153000,153000,335038
67,2019-11-25,153500,156500,300270
68,2019-11-26,157000,157500,361401
69,2019-11-27,158500,157500,294619
70,2019-11-28,156500,157000,218221
71,2019-11-29,156000,155500,471253
72,2019-12-02,156000,156500,250192
73,2019-12-03,155500,157000,235453
74,2019-12-04,156000,156000,233141
75,2019-12-05,155500,149500,841460
76,2019-12-06,149000,153500,415390
77,2019-12-09,154000,151500,267330
78,2019-12-10,150000,149500,516074
79,2019-12-11,150500,150000,480071
80,2019-12-12,151000,149500,710378
81,2019-12-13,150500,151000,456822
82,2019-12-16,151000,151500,297095
83,2019-12-17,151500,150500,275832
84,2019-12-18,150500,151000,252752
85,2019-12-19,150500,150000,175849
86,2019-12-20,150000,150000,545445
87,2019-12-23,151000,148500,283403
88,2019-12-24,148000,146500,367817
89,2019-12-26,146000,148000,320921
90,2019-12-27,149500,153500,690548
91,2019-12-30,154000,153500,428587
92,2020-01-02,154000,152500,241047
93,2020-01-03,153500,152500,314848
94,2020-01-06,150500,154500,393715
95,2020-01-07,155000,160000,840186
96,2020-01-08,158500,159500,851619
97,2020-01-09,163500,164000,878319
98,2020-01-10,165000,165000,401906
99,2020-01-13,165500,167000,475667
100,2020-01-14,167500,167000,423286
101,2020-01-15,167000,170000,462119
102,2020-01-16,170000,171500,260049
103,2020-01-17,171500,168500,354724
104,2020-01-20,169000,168500,380510
105,2020-01-21,168500,165000,389155
106,2020-01-22,166000,166000,504350
107,2020-01-23,168000,165500,323420
108,2020-01-28,160000,162500,513228
109,2020-01-29,165500,163500,255167
110,2020-01-30,163000,162000,418908
111,2020-01-31,162500,159000,346067
112,2020-02-03,156000,159500,423907
113,2020-02-04,161500,164500,394773
114,2020-02-05,166500,163000,456954
115,2020-02-06,165500,166000,552044
116,2020-02-07,167000,167500,522100
117,2020-02-10,167500,169000,375209
118,2020-02-11,169000,170000,307120
119,2020-02-12,169500,172000,407917
120,2020-02-13,174500,179000,1877980
121,2020-02-14,181000,180000,948085
122,2020-02-17,180000,180500,329408
123,2020-02-18,180500,182000,587253
124,2020-02-19,184000,190000,1362998
125,2020-02-20,190500,190500,547405
126,2020-02-21,188500,189500,558497
127,2020-02-24,184500,183500,792733
128,2020-02-25,182000,185500,596763
129,2020-02-26,183500,184000,516378
130,2020-02-27,184000,178500,785062
131,2020-02-28,174500,172000,1022917
132,2020-03-02,174500,175000,793495
133,2020-03-03,180500,175000,629017
134,2020-03-04,174000,179500,709188
135,2020-03-05,182500,179500,821744
136,2020-03-06,176500,175500,568424
137,2020-03-09,171000,167500,805638
138,2020-03-10,164500,173000,950875
139,2020-03-11,172000,169000,550227
140,2020-03-12,167000,161000,1218070
141,2020-03-13,150000,159000,1601985
142,2020-03-16,162000,147500,1252484
143,2020-03-17,141000,147500,1221046
144,2020-03-18,148500,141000,1107527
145,2020-03-19,145500,134000,2157141
146,2020-03-20,138000,149500,1765756
147,2020-03-23,138000,143500,1569378
148,2020-03-24,150500,154500,1271387
149,2020-03-25,160500,154500,1290376
150,2020-03-26,155000,150500,893688
151,2020-03-27,156500,152500,958988
152,2020-03-30,149500,153000,668254
153,2020-03-31,155000,155500,1042474
154,2020-04-01,156000,150500,794295
155,2020-04-02,152000,157000,1043790
156,2020-04-03,158500,157500,545749
157,2020-04-06,158500,160500,807805
158,2020-04-07,163500,160000,920798
159,2020-04-08,159000,158000,738303
160,2020-04-09,161000,158000,726920
161,2020-04-10,158500,161000,753323
162,2020-04-13,161000,157500,470251
163,2020-04-14,159500,159500,430759
164,2020-04-16,159000,165500,1005533
165,2020-04-17,169000,172000,947794
166,2020-04-20,172500,175000,859303
167,2020-04-21,176500,175500,1232126
168,2020-04-22,174000,177000,686146
169,2020-04-23,181500,185500,1509799
170,2020-04-24,184500,183000,1073684
171,2020-04-27,183000,184000,721963
172,2020-04-28,185500,185000,668638
173,2020-04-29,184000,184000,659512
174,2020-05-04,181500,186500,1019409
175,2020-05-06,189000,199500,2035947
176,2020-05-07,199500,206000,2629709
177,2020-05-08,206500,206000,1405404
178,2020-05-11,207000,207500,1048413
179,2020-05-12,209000,214500,1563095
180,2020-05-13,211500,216500,1113608
181,2020-05-14,216000,225000,1459813
182,2020-05-15,228500,221500,1524083
183,2020-05-18,221500,221000,744533
184,2020-05-19,221500,220000,1308903
185,2020-05-20,223500,231500,1773960
186,2020-05-21,237500,237500,1408737
187,2020-05-22,237500,247000,1887064
188,2020-05-25,251000,268000,2653776
189,2020-05-26,273500,270000,3274293
190,2020-05-27,262000,260500,2015974
191,2020-05-28,257500,267000,2495048
192,2020-05-29,263500,263500,1645822
193,2020-06-01,263500,264000,1083698
194,2020-06-02,262500,259500,978846
195,2020-06-03,259500,249500,2302391
196,2020-06-04,247500,254000,1228950
197,2020-06-05,253000,251000,1007264
198,2020-06-08,252500,256500,1417078
199,2020-06-09,255500,254500,834862
200,2020-06-10,256500,262000,1575452
201,2020-06-11,264000,265000,1724551
202,2020-06-12,256500,266000,1688975
203,2020-06-15,266000,252500,1549230
204,2020-06-16,260500,263000,915456
205,2020-06-17,261500,263000,1162204
206,2020-06-18,264500,263500,981144
207,2020-06-19,267500,263500,920126
208,2020-06-22,263500,274000,2008656
209,2020-06-23,279000,281500,2166267
210,2020-06-24,281500,282500,1081233
211,2020-06-25,278500,274500,900258
212,2020-06-26,279500,274500,812726
213,2020-06-29,269000,267500,778818
214,2020-06-30,272000,267500,624089
215,2020-07-01,271500,269500,578023
216,2020-07-02,273500,285500,1378545
217,2020-07-03,289500,294000,1604493
218,2020-07-06,298000,300500,1344851
219,2020-07-07,306500,310500,1552820
220,2020-07-08,312000,328000,1869663
221,2020-07-09,335000,355500,2463503
222,2020-07-10,351000,355500,2566935
223,2020-07-13,359000,352000,1391744
224,2020-07-14,340500,343000,1212519
225,2020-07-15,344000,337500,1487417
226,2020-07-16,332000,322000,1941508
227,2020-07-17,319000,325000,1268587
228,2020-07-20,325000,310000,1534422
229,2020-07-21,323500,316000,1676630
230,2020-07-22,310500,318000,1159298
231,2020-07-23,316500,329500,1260435
232,2020-07-24,325000,324500,907643
233,2020-07-27,321000,326500,603322
234,2020-07-28,332000,329500,873063
235,2020-07-29,329000,331500,618435
236,2020-07-30,336000,332000,615872
237,2020-07-31,336000,343500,1078837
238,2020-08-03,347500,366000,1636803
239,2020-08-04,378500,370000,1714642
240,2020-08-05,366000,370500,1075879
241,2020-08-06,358500,364000,1848898
242,2020-08-07,368000,353000,1899111
243,2020-08-10,346000,356000,1086391
244,2020-08-11,351500,352500,750285
245,2020-08-12,348500,354000,729434
246,2020-08-13,359000,360500,1117859
247,2020-08-14,361000,362500,825802
248,2020-08-18,371500,378000,3032037
249,2020-08-19,384500,376500,1359266
250,2020-08-20,376000,364500,1686740
251,2020-08-21,370000,370000,1021460
252,2020-08-24,374500,380000,969648
253,2020-08-25,384500,381000,887733
254,2020-08-26,380500,392000,1351029
255,2020-08-27,396500,410500,1981840
256,2020-08-28,413500,405500,1506996
257,2020-08-31,410500,407000,1629751
258,2020-09-01,413500,401500,1100736
259,2020-09-02,405500,412000,921655
260,2020-09-03,415500,410000,739215
261,2020-09-04,390000,402000,1168529
262,2020-09-07,401500,392000,928939
263,2020-09-08,393500,390000,1020539
264,2020-09-09,381500,384000,935573
265,2020-09-10,392000,385500,936708
266,2020-09-11,382000,379000,792840
267,2020-09-14,377000,373500,830231
268,2020-09-15,371000,381000,860038
269,2020-09-16,384000,377000,485743
270,2020-09-17,373500,371000,617702
271,2020-09-18,369000,373000,495271
272,2020-09-21,371500,364500,530255
273,2020-09-22,361000,353000,880318
274,2020-09-23,358500,365500,930394
275,2020-09-24,361000,352000,763638
276,2020-09-25,356000,351500,449701
277,2020-09-28,356500,369000,674705
278,2020-09-29,374500,364500,612054
279,2020-10-05,360500,370500,522228
280,2020-10-06,373500,381500,765339
281,2020-10-07,378000,380500,398285
282,2020-10-08,383500,379000,624658
283,2020-10-12,383000,371500,471624
284,2020-10-13,374000,372000,302317
285,2020-10-14,370000,368500,333008
286,2020-10-15,368000,362000,422566
287,2020-10-16,361000,357500,400405
288,2020-10-19,358000,353000,362402
289,2020-10-20,348000,352500,759973
290,2020-10-21,351000,353500,516282
291,2020-10-22,351500,349000,376380
292,2020-10-23,348500,340000,622592
293,2020-10-26,337000,329500,714722
294,2020-10-27,324500,334000,812610
295,2020-10-28,335500,346500,629567
296,2020-10-29,342000,343000,491546
297,2020-10-30,343000,330000,553748
298,2020-11-02,330500,334500,319856
299,2020-11-03,334500,336500,401222
