,date,open,close,volume
0,2019-08-16,11450,10800,1945722
1,2019-08-19,10800,10800,662244
2,2019-08-20,10800,10700,294756
3,2019-08-21,10700,11000,326458
4,2019-08-22,11000,10450,494520
5,2019-08-23,10400,10200,443576
6,2019-08-26,9960,9670,767466
7,2019-08-27,9750,9770,363908
8,2019-08-28,9780,9800,186567
9,2019-08-29,9850,9630,319312
10,2019-08-30,9780,9730,330035
11,2019-09-02,9790,10350,473787
12,2019-09-03,10400,10300,191952
13,2019-09-04,10600,10450,176192
14,2019-09-05,10600,10500,195725
15,2019-09-06,10700,10900,590282
16,2019-09-09,10700,10150,548370
17,2019-09-10,10150,10200,199102
18,2019-09-11,10200,10300,163573
19,2019-09-16,10450,10400,206130
20,2019-09-17,10400,10500,174764
21,2019-09-18,10550,10450,223338
22,2019-09-19,10500,10750,223762
23,2019-09-20,10850,10800,157038
24,2019-09-23,10850,10600,211176
25,2019-09-24,10500,10600,136099
26,2019-09-25,10600,10500,143619
27,2019-09-26,10550,10850,252982
28,2019-09-27,10900,10900,417041
29,2019-09-30,10900,10650,189236
30,2019-10-01,10600,10800,143181
31,2019-10-02,10650,10550,115459
32,2019-10-04,10700,10300,151817
33,2019-10-07,10300,10100,261840
34,2019-10-08,10100,10300,249315
35,2019-10-10,10150,9990,261757
36,2019-10-11,10050,10050,188857
37,2019-10-14,10150,10250,195261
38,2019-10-15,10250,10350,146329
39,2019-10-16,10350,10300,147287
40,2019-10-17,10250,10250,136064
41,2019-10-18,10300,10500,198982
42,2019-10-21,10500,10350,139458
43,2019-10-22,10350,10400,186187
44,2019-10-23,10400,10150,129083
45,2019-10-24,10100,10250,118040
46,2019-10-25,10250,10050,141792
47,2019-10-28,10100,10000,184672
48,2019-10-29,10050,10000,103987
49,2019-10-30,9970,9930,208536
50,2019-10-31,9940,9950,130683
51,2019-11-01,9980,9830,212797
52,2019-11-04,9980,9950,179796
53,2019-11-05,9950,9920,153412
54,2019-11-06,9890,10050,258120
55,2019-11-07,10050,10050,141565
56,2019-11-08,10050,9980,112954
57,2019-11-11,9980,10100,93483
58,2019-11-12,10200,10350,255749
59,2019-11-13,10300,10400,158591
60,2019-11-14,10300,10250,726676
61,2019-11-15,10300,10150,258440
62,2019-11-18,10250,10400,192955
63,2019-11-19,10450,10450,183574
64,2019-11-20,10500,10150,157528
65,2019-11-21,10150,10000,186397
66,2019-11-22,10150,9990,83230
67,2019-11-25,10000,10150,94540
68,2019-11-26,10150,10200,117332
69,2019-11-27,10200,10050,85705
70,2019-11-28,10100,9980,139845
71,2019-11-29,10000,9980,104527
72,2019-12-02,10050,9880,246477
73,2019-12-03,9870,9780,131688
74,2019-12-04,9740,9550,251939
75,2019-12-05,9570,9500,161662
76,2019-12-06,9510,9760,153982
77,2019-12-09,9840,9710,76322
78,2019-12-10,9670,9510,190328
79,2019-12-11,9510,9630,114266
80,2019-12-12,9650,9810,282242
81,2019-12-13,9850,9940,151135
82,2019-12-16,9880,9830,103490
83,2019-12-17,9820,9840,122659
84,2019-12-18,9850,9760,104392
85,2019-12-19,9710,9800,158024
86,2019-12-20,9800,9770,114250
87,2019-12-23,9800,9980,377758
88,2019-12-24,10000,9880,226234
89,2019-12-26,9980,10200,416066
90,2019-12-27,9950,9920,314431
91,2019-12-30,9920,9930,145316
92,2020-01-02,9890,9810,182617
93,2020-01-03,9810,9780,153905
94,2020-01-06,9760,9590,209142
95,2020-01-07,9600,9650,136610
96,2020-01-08,9650,9260,333995
97,2020-01-09,9430,9350,181925
98,2020-01-10,9360,9200,260207
99,2020-01-13,9200,9230,152378
100,2020-01-14,9300,9460,311697
101,2020-01-15,9480,9320,124069
102,2020-01-16,9400,9270,117704
103,2020-01-17,9260,9380,149871
104,2020-01-20,9400,9380,183961
105,2020-01-21,9390,9250,182989
106,2020-01-22,9250,9280,116389
107,2020-01-23,9240,9090,235804
108,2020-01-28,8670,8760,250127
109,2020-01-29,8820,8800,91077
110,2020-01-30,8800,8600,153728
111,2020-01-31,8600,8570,177414
112,2020-02-03,8400,9090,316723
113,2020-02-04,9080,9060,179193
114,2020-02-05,9180,9080,119852
115,2020-02-06,9100,9180,116408
116,2020-02-07,9180,9280,146490
117,2020-02-10,9280,9440,199045
118,2020-02-11,9450,9360,155614
119,2020-02-12,10150,9360,1375031
120,2020-02-13,9340,9230,251236
121,2020-02-14,9230,9460,481774
122,2020-02-17,9320,9720,311060
123,2020-02-18,9680,9490,187466
124,2020-02-19,9530,9530,304672
125,2020-02-20,9520,9350,151516
126,2020-02-21,9250,9210,165588
127,2020-02-24,9050,9200,340194
128,2020-02-25,9200,9410,235296
129,2020-02-26,9240,9150,261697
130,2020-02-27,9130,8750,294611
131,2020-02-28,8700,8420,339653
132,2020-03-02,8450,8910,302645
133,2020-03-03,9040,8700,202048
134,2020-03-04,8700,8720,107196
135,2020-03-05,8760,8740,151068
136,2020-03-06,8730,8700,163405
137,2020-03-09,8600,8330,270415
138,2020-03-10,8000,8370,373279
139,2020-03-11,8400,8100,187338
140,2020-03-12,7950,7640,396038
141,2020-03-13,6920,7130,680782
142,2020-03-16,7150,6850,345670
143,2020-03-17,6500,7200,345853
144,2020-03-18,7200,6840,323424
145,2020-03-19,7000,6500,515639
146,2020-03-20,6550,7330,387049
147,2020-03-23,7010,6840,416309
148,2020-03-24,7000,7490,333143
149,2020-03-25,7580,7720,367930
150,2020-03-26,7560,7650,331082
151,2020-03-27,7770,7620,304503
152,2020-03-30,7560,7760,215307
153,2020-03-31,7920,8110,405677
154,2020-04-01,8150,7780,322940
155,2020-04-02,7750,8140,676293
156,2020-04-03,8140,7990,216732
157,2020-04-06,7990,8170,504900
158,2020-04-07,8170,8180,279804
159,2020-04-08,8200,8200,245682
160,2020-04-09,8290,8220,192125
161,2020-04-10,8500,9480,9863721
162,2020-04-13,9500,9850,4234681
163,2020-04-14,9980,9830,1349629
164,2020-04-16,9850,9990,1098801
165,2020-04-17,10050,10100,1075345
166,2020-04-20,10100,10150,950942
167,2020-04-21,10050,9820,943034
168,2020-04-22,9700,9880,397128
169,2020-04-23,10000,9920,450107
170,2020-04-24,9910,9800,644439
171,2020-04-27,9890,9790,432556
172,2020-04-28,9800,9920,764884
173,2020-04-29,9920,9710,396430
174,2020-05-04,9800,9780,544624
175,2020-05-06,9910,9940,561291
176,2020-05-07,10050,10050,551476
177,2020-05-08,10050,10050,405523
178,2020-05-11,10100,10500,1775745
179,2020-05-12,10450,10200,684381
180,2020-05-13,10050,10300,1026123
181,2020-05-14,10100,10100,311228
182,2020-05-15,10100,9970,381301
183,2020-05-18,10050,10100,666583
184,2020-05-19,10150,9920,677785
185,2020-05-20,9800,9850,534163
186,2020-05-21,10000,9870,251310
187,2020-05-22,9870,10300,2621374
188,2020-05-25,10600,9960,2707841
189,2020-05-26,10200,9940,1120738
190,2020-05-27,9920,9820,649039
191,2020-05-28,9830,9520,645215
192,2020-05-29,9580,10000,648140
193,2020-06-01,10000,10050,556246
194,2020-06-02,10000,9960,360358
195,2020-06-03,10000,9850,668330
196,2020-06-04,9890,9740,2538945
197,2020-06-05,10500,10350,23704657
198,2020-06-08,10250,9840,2771096
199,2020-06-09,9900,9680,1749524
200,2020-06-10,9660,9540,915849
201,2020-06-11,9500,9270,1113250
202,2020-06-12,8750,8880,933372
203,2020-06-15,8910,8200,961082
204,2020-06-16,8360,8690,624608
205,2020-06-17,8600,8560,481024
206,2020-06-18,8560,8590,301521
207,2020-06-19,8630,8500,295788
208,2020-06-22,8510,8690,393331
209,2020-06-23,8630,8680,295431
210,2020-06-24,8780,8940,884318
211,2020-06-25,8930,8840,368893
212,2020-06-26,8920,8690,289228
213,2020-06-29,8530,8470,337438
214,2020-06-30,8710,8640,609611
215,2020-07-01,8750,8630,320234
216,2020-07-02,8740,8650,177319
217,2020-07-03,8690,8770,256200
218,2020-07-06,8810,9040,1104796
219,2020-07-07,9040,8830,400185
220,2020-07-08,8830,8850,197866
221,2020-07-09,8870,8760,233854
222,2020-07-10,8720,8690,256460
223,2020-07-13,8790,9040,688643
224,2020-07-14,9100,8940,355806
225,2020-07-15,8950,8950,296035
226,2020-07-16,8950,8930,252610
227,2020-07-17,8950,8900,225929
228,2020-07-20,8960,8900,289008
229,2020-07-21,8890,8850,242949
230,2020-07-22,8840,8850,302965
231,2020-07-23,8870,8780,274949
232,2020-07-24,9280,8920,2941890
233,2020-07-27,8980,9040,758771
234,2020-07-28,9110,8910,490714
235,2020-07-29,9010,9030,364074
236,2020-07-30,9160,9110,528688
237,2020-07-31,9140,8990,366401
238,2020-08-03,9580,9480,3051124
239,2020-08-04,9480,9500,1357659
240,2020-08-05,9600,9380,762643
241,2020-08-06,9560,9700,3847825
242,2020-08-07,9820,9610,1005242
243,2020-08-10,10300,9830,4321399
244,2020-08-11,9930,9810,1201054
245,2020-08-12,9820,9460,860876
246,2020-08-13,9550,9450,523178
247,2020-08-14,9460,9350,618756
248,2020-08-18,9270,8740,759393
249,2020-08-19,8720,8810,374836
250,2020-08-20,8780,8450,594964
251,2020-08-21,8420,8540,299597
252,2020-08-24,8610,9170,929307
253,2020-08-25,9430,9530,1501946
254,2020-08-26,9770,9780,2964987
255,2020-08-27,9380,9130,1401861
256,2020-08-28,9130,9220,581579
257,2020-08-31,9500,9760,1302436
258,2020-09-01,9890,9700,1094139
259,2020-09-02,9810,9700,1618102
260,2020-09-03,9570,9430,959293
261,2020-09-04,9180,9600,983219
262,2020-09-07,9530,9400,748201
263,2020-09-08,9340,9270,505176
264,2020-09-09,9160,9180,383283
265,2020-09-10,9250,9270,354862
266,2020-09-11,9270,9140,452049
267,2020-09-14,9220,9280,347497
268,2020-09-15,9410,9340,590717
269,2020-09-16,9360,9320,364053
270,2020-09-17,9310,9110,371044
271,2020-09-18,9180,9200,230673
272,2020-09-21,9220,9010,324889
273,2020-09-22,9080,8780,418188
274,2020-09-23,8810,8830,316321
275,2020-09-24,8730,8480,379923
276,2020-09-25,8510,8450,275376
277,2020-09-28,8460,8600,185215
278,2020-09-29,8740,8620,162254
279,2020-10-05,8620,8770,259363
280,2020-10-06,8820,8710,211299
281,2020-10-07,8660,8750,128754
282,2020-10-08,8770,8700,179615
283,2020-10-12,8780,8750,218327
284,2020-10-13,8780,8720,222171
285,2020-10-14,8710,8620,206619
286,2020-10-15,8680,8550,253228
287,2020-10-16,8510,8440,244447
288,2020-10-19,8490,8500,182589
289,2020-10-20,8440,8630,166871
290,2020-10-21,8630,8680,183276
291,2020-10-22,8740,8820,304619
292,2020-10-23,8800,8720,160446
293,2020-10-26,8720,8470,203739
294,2020-10-27,8420,8500,181997
295,2020-10-28,8500,8630,112817
296,2020-10-29,8490,8590,166759
297,2020-10-30,8600,8400,150795
298,2020-11-02,8400,8430,129738
299,2020-11-03,8450,8500,108295
