,date,open,close,volume
0,2019-08-16,516,510,86880
1,2019-08-19,510,517,39239
2,2019-08-20,517,524,50725
3,2019-08-21,527,540,108446
4,2019-08-22,541,558,648427
5,2019-08-23,553,558,132734
6,2019-08-26,549,540,70874
7,2019-08-27,540,542,29327
8,2019-08-28,548,558,34154
9,2019-08-29,556,533,15726
10,2019-08-30,550,555,61977
11,2019-09-02,579,556,185075
12,2019-09-03,544,540,114889
13,2019-09-04,537,543,69816
14,2019-09-05,543,537,351467
15,2019-09-06,537,524,266445
16,2019-09-09,525,517,249590
17,2019-09-10,517,522,63316
18,2019-09-11,522,524,40909
19,2019-09-16,565,547,1144403
20,2019-09-17,543,542,243480
21,2019-09-18,542,538,133627
22,2019-09-19,544,546,105038
23,2019-09-20,545,534,150872
24,2019-09-23,540,530,114208
25,2019-09-24,529,528,95420
26,2019-09-25,528,522,98947
27,2019-09-26,522,523,159434
28,2019-09-27,523,520,100385
29,2019-09-30,520,518,168300
30,2019-10-01,518,517,176243
31,2019-10-02,517,515,120574
32,2019-10-04,515,510,99961
33,2019-10-07,510,500,271972
34,2019-10-08,505,502,116269
35,2019-10-10,500,513,93336
36,2019-10-11,510,517,48168
37,2019-10-14,517,517,62172
38,2019-10-15,520,514,53060
39,2019-10-16,516,514,54546
40,2019-10-17,514,515,141234
41,2019-10-18,520,520,67449
42,2019-10-21,512,512,148406
43,2019-10-22,513,518,92396
44,2019-10-23,516,503,114165
45,2019-10-24,503,515,77166
46,2019-10-25,520,508,54299
47,2019-10-28,508,509,65470
48,2019-10-29,510,519,330860
49,2019-10-30,521,508,59378
50,2019-10-31,509,509,42409
51,2019-11-01,510,503,103014
52,2019-11-04,508,509,120427
53,2019-11-05,509,510,48393
54,2019-11-06,511,507,81810
55,2019-11-07,510,511,80943
56,2019-11-08,515,514,101583
57,2019-11-11,517,516,44198
58,2019-11-12,516,517,108974
59,2019-11-13,518,518,99206
60,2019-11-14,520,523,115996
61,2019-11-15,525,521,106975
62,2019-11-18,521,677,15020786
63,2019-11-19,670,664,23384095
64,2019-11-20,664,654,23644579
65,2019-11-21,679,741,19945302
66,2019-11-22,717,663,4169960
67,2019-11-25,680,662,1704008
68,2019-11-26,664,726,18347280
69,2019-11-27,716,730,6706263
70,2019-11-28,719,706,6278799
71,2019-11-29,706,723,4643843
72,2019-12-02,723,720,1666137
73,2019-12-03,729,715,1562473
74,2019-12-04,725,712,1557975
75,2019-12-05,713,677,1108600
76,2019-12-06,676,674,856362
77,2019-12-09,694,669,529568
78,2019-12-10,661,662,593069
79,2019-12-11,662,657,365380
80,2019-12-12,650,676,607001
81,2019-12-13,684,694,1396112
82,2019-12-16,695,714,983841
83,2019-12-17,726,928,18327213
84,2019-12-18,1045,961,68155233
85,2019-12-19,947,920,18204284
86,2019-12-20,920,935,28406533
87,2019-12-23,940,998,18903854
88,2019-12-24,991,915,4544808
89,2019-12-26,912,928,4534974
90,2019-12-27,927,946,4048505
91,2019-12-30,931,954,6174818
92,2020-01-02,951,970,5953234
93,2020-01-03,976,1010,7237763
94,2020-01-06,1030,963,7311710
95,2020-01-07,963,923,2949257
96,2020-01-08,937,916,3767316
97,2020-01-09,935,987,4280268
98,2020-01-10,977,982,1916645
99,2020-01-13,982,999,2150476
100,2020-01-14,1005,981,1575841
101,2020-01-15,973,1275,27696155
102,2020-01-16,1250,1165,17227087
103,2020-01-17,1145,1175,10166921
104,2020-01-20,1175,1155,3991464
105,2020-01-21,1155,1150,2187257
106,2020-01-22,1125,1190,2702230
107,2020-01-23,1190,1155,1749438
108,2020-01-28,1200,1250,9841440
109,2020-01-29,1255,1205,2006512
110,2020-01-30,1205,1210,1926296
111,2020-01-31,1220,1145,1249306
112,2020-02-03,1220,1140,2061420
113,2020-02-04,1195,1155,1291883
114,2020-02-05,1170,1185,1704558
115,2020-02-06,1250,1160,2549982
116,2020-02-07,1165,1135,794386
117,2020-02-10,1135,1150,994750
118,2020-02-11,1160,1110,778663
119,2020-02-12,1120,1120,773523
120,2020-02-13,1140,1180,7489203
121,2020-02-14,1185,1115,3740829
122,2020-02-17,1125,1135,765221
123,2020-02-18,1145,1095,784337
124,2020-02-19,1095,1110,611672
125,2020-02-20,1105,1055,890755
126,2020-02-21,1075,1040,714864
127,2020-02-24,1035,1010,981998
128,2020-02-25,995,1060,965695
129,2020-02-26,1060,1025,349853
130,2020-02-27,1025,998,659287
131,2020-02-28,975,934,570808
132,2020-03-02,934,1010,2765791
133,2020-03-03,1015,975,747471
134,2020-03-04,975,1005,553331
135,2020-03-05,1015,1005,358053
136,2020-03-06,1065,1005,2476647
137,2020-03-09,997,970,531986
138,2020-03-10,926,932,634838
139,2020-03-11,919,900,600598
140,2020-03-12,900,837,475789
141,2020-03-13,796,754,1052007
142,2020-03-16,790,737,602352
143,2020-03-17,627,736,546121
144,2020-03-18,774,683,647172
145,2020-03-19,705,590,742847
146,2020-03-20,594,645,737847
147,2020-03-23,640,606,423212
148,2020-03-24,605,600,638676
149,2020-03-25,620,635,507165
150,2020-03-26,640,679,884904
151,2020-03-27,699,689,574886
152,2020-03-30,690,709,281345
153,2020-03-31,730,797,760655
154,2020-04-01,798,815,1697123
155,2020-04-02,816,895,908516
156,2020-04-03,907,862,1529400
157,2020-04-06,880,895,344199
158,2020-04-07,900,908,624753
159,2020-04-08,908,880,453178
160,2020-04-09,882,898,213397
161,2020-04-10,885,881,226711
162,2020-04-13,898,881,367775
163,2020-04-14,879,880,207915
164,2020-04-16,867,878,321022
165,2020-04-17,873,896,365994
166,2020-04-20,907,890,209402
167,2020-04-21,891,865,405545
168,2020-04-22,862,831,365778
169,2020-04-23,840,837,149851
170,2020-04-24,837,834,331786
171,2020-04-27,838,857,234364
172,2020-04-28,858,841,135673
173,2020-04-29,841,845,106880
174,2020-05-04,841,847,51441
175,2020-05-06,894,904,396584
176,2020-05-07,913,928,311105
177,2020-05-08,948,916,121391
178,2020-05-11,925,916,151105
179,2020-05-12,912,877,258884
180,2020-05-13,896,884,144641
181,2020-05-14,876,880,84836
182,2020-05-15,880,865,187831
183,2020-05-18,885,867,83229
184,2020-05-19,886,867,181746
185,2020-05-20,867,885,243111
186,2020-05-21,893,868,239085
187,2020-05-22,868,854,122492
188,2020-05-25,864,830,144798
189,2020-05-26,845,830,214156
190,2020-05-27,834,816,109838
191,2020-05-28,816,809,232856
192,2020-05-29,819,798,129184
193,2020-06-01,798,807,139266
194,2020-06-02,818,820,198325
195,2020-06-03,822,835,252162
196,2020-06-04,833,824,95901
197,2020-06-05,830,823,64610
198,2020-06-08,823,810,159190
199,2020-06-09,807,785,285934
200,2020-06-10,785,758,380812
201,2020-06-11,758,749,150838
202,2020-06-12,702,740,267400
203,2020-06-15,720,665,356030
204,2020-06-16,689,710,126837
205,2020-06-17,710,716,170397
206,2020-06-18,716,740,153996
207,2020-06-19,745,730,120637
208,2020-06-22,737,715,89094
209,2020-06-23,738,718,251236
210,2020-06-24,730,700,150467
211,2020-06-25,680,683,322232
212,2020-06-26,700,699,278419
213,2020-06-29,699,687,53219
214,2020-06-30,687,684,92028
215,2020-07-01,690,680,112283
216,2020-07-02,689,684,198031
217,2020-07-03,685,687,208364
218,2020-07-06,687,679,308834
219,2020-07-07,685,681,306587
220,2020-07-08,681,661,354315
221,2020-07-09,670,667,208332
222,2020-07-10,667,674,398226
223,2020-07-13,675,666,353762
224,2020-07-14,670,641,363332
225,2020-07-15,652,654,372302
226,2020-07-16,654,650,136686
227,2020-07-17,650,649,99789
228,2020-07-20,650,634,272105
229,2020-07-21,632,628,317757
230,2020-07-22,628,610,756608
231,2020-07-23,618,618,322514
232,2020-07-24,614,597,492668
233,2020-07-27,597,610,307631
234,2020-07-28,612,604,536365
235,2020-07-29,604,610,218311
236,2020-07-30,603,606,392003
237,2020-07-31,606,602,488872
238,2020-08-03,602,600,406414
239,2020-08-04,600,599,418714
240,2020-08-05,599,600,152130
241,2020-08-06,602,614,296495
242,2020-08-07,614,620,189529
243,2020-08-10,620,635,604728
244,2020-08-11,635,649,410592
245,2020-08-12,645,697,1705407
246,2020-08-13,690,719,453082
247,2020-08-14,720,691,355578
248,2020-08-18,690,635,415920
249,2020-08-19,635,635,372081
250,2020-08-20,641,642,554662
251,2020-08-21,650,635,159885
252,2020-08-24,635,620,210286
253,2020-08-25,620,638,408908
254,2020-08-26,643,638,132759
255,2020-08-27,643,622,777455
256,2020-08-28,625,640,185073
257,2020-08-31,641,647,193901
258,2020-09-01,645,657,221786
259,2020-09-02,654,663,4619491
260,2020-09-03,670,660,625644
261,2020-09-04,650,680,471364
262,2020-09-07,671,665,315520
263,2020-09-08,658,661,629834
264,2020-09-09,659,653,528506
265,2020-09-10,653,650,208231
266,2020-09-11,650,650,134113
267,2020-09-14,655,656,169490
268,2020-09-15,660,651,133572
269,2020-09-16,652,649,138138
270,2020-09-17,655,667,794956
271,2020-09-18,667,651,356224
272,2020-09-21,646,622,490506
273,2020-09-22,632,612,245970
274,2020-09-23,612,606,194422
275,2020-09-24,601,588,327507
276,2020-09-25,590,594,148782
277,2020-09-28,594,619,135336
278,2020-09-29,620,618,125037
279,2020-10-05,682,643,1793223
280,2020-10-06,641,641,268601
281,2020-10-07,641,645,295236
282,2020-10-08,640,643,124033
283,2020-10-12,642,642,250235
284,2020-10-13,643,637,177245
285,2020-10-14,648,645,339265
286,2020-10-15,645,616,516091
287,2020-10-16,611,620,237636
288,2020-10-19,620,612,82716
289,2020-10-20,612,613,264543
290,2020-10-21,609,608,190126
291,2020-10-22,605,607,213525
292,2020-10-23,611,598,240379
293,2020-10-26,609,581,339368
294,2020-10-27,582,585,121976
295,2020-10-28,585,590,95274
296,2020-10-29,586,588,230907
297,2020-10-30,593,571,189762
298,2020-11-02,579,600,343187
299,2020-11-03,634,605,357991
