,date,open,close,volume
0,2019-08-16,47600,49150,1280
1,2019-08-19,49150,53500,2543
2,2019-08-20,50000,50200,22816
3,2019-08-21,50200,48600,6220
4,2019-08-22,47550,47250,6030
5,2019-08-23,47250,45400,4807
6,2019-08-26,45800,43000,9569
7,2019-08-27,44500,43000,6865
8,2019-08-28,43900,44800,4105
9,2019-08-29,44800,43850,1805
10,2019-08-30,44600,44350,1016
11,2019-09-02,44000,44900,936
12,2019-09-03,45350,46650,2752
13,2019-09-04,47000,49600,4675
14,2019-09-05,51500,50400,1359
15,2019-09-06,50400,49900,328
16,2019-09-09,50600,47950,3215
17,2019-09-10,47950,46750,2264
18,2019-09-11,47500,46900,3521
19,2019-09-16,47200,45300,7927
20,2019-09-17,44700,45350,4119
21,2019-09-18,46450,46100,3056
22,2019-09-19,47000,46350,4764
23,2019-09-20,46650,46700,5467
24,2019-09-23,45850,46000,5821
25,2019-09-24,45100,45000,6790
26,2019-09-25,44400,42400,11565
27,2019-09-26,45400,48700,23891
28,2019-09-27,49300,56000,20076
29,2019-09-30,56100,60000,10159
30,2019-10-01,61000,58300,8538
31,2019-10-02,59500,58100,817
32,2019-10-04,57300,55200,2494
33,2019-10-07,56000,54300,3518
34,2019-10-08,54300,53000,3994
35,2019-10-10,54000,58800,4716
36,2019-10-11,60000,58000,3720
37,2019-10-14,59800,58700,2249
38,2019-10-15,58900,60200,6720
39,2019-10-16,61900,66700,8053
40,2019-10-17,67000,67400,6654
41,2019-10-18,69200,68400,3271
42,2019-10-21,68400,67900,3898
43,2019-10-22,69000,67900,4412
44,2019-10-23,66800,63800,8659
45,2019-10-24,62500,61700,2893
46,2019-10-25,64700,60000,5431
47,2019-10-28,57100,60600,2126
48,2019-10-29,61000,60500,2278
49,2019-10-30,59400,59800,1301
50,2019-10-31,60900,60000,1836
51,2019-11-01,59200,60000,1272
52,2019-11-04,60100,63300,5080
53,2019-11-05,63300,62100,2317
54,2019-11-06,63900,61700,3288
55,2019-11-07,65000,60900,2128
56,2019-11-08,60900,59400,4207
57,2019-11-11,58600,56800,4166
58,2019-11-12,57000,55800,1709
59,2019-11-13,55800,57500,2061
60,2019-11-14,60000,57900,2031
61,2019-11-15,60000,58900,1067
62,2019-11-18,59200,57400,2127
63,2019-11-19,57800,54000,2808
64,2019-11-20,56300,52700,3384
65,2019-11-21,51700,50700,5160
66,2019-11-22,54900,50800,3112
67,2019-11-25,50100,51400,1421
68,2019-11-26,50600,50800,2083
69,2019-11-27,51600,51200,3076
70,2019-11-28,51200,51200,3430
71,2019-11-29,52400,50400,1167
72,2019-12-02,50800,50300,1815
73,2019-12-03,45900,49700,4459
74,2019-12-04,50000,48800,1549
75,2019-12-05,51800,49700,1663
76,2019-12-06,50000,49100,3836
77,2019-12-09,48000,48950,4314
78,2019-12-10,50000,49400,1231
79,2019-12-11,48000,48150,7057
80,2019-12-12,48000,47150,5651
81,2019-12-13,53200,47450,2517
82,2019-12-16,48000,48000,3879
83,2019-12-17,47550,48150,4405
84,2019-12-18,47500,50000,8731
85,2019-12-19,49200,48100,33421
86,2019-12-20,48750,49150,5177
87,2019-12-23,49700,49500,10289
88,2019-12-24,49300,49850,8082
89,2019-12-26,49850,51600,10922
90,2019-12-27,54000,51400,11925
91,2019-12-30,51400,53600,7649
92,2020-01-02,52500,53300,4979
93,2020-01-03,54500,53300,5520
94,2020-01-06,53300,51900,1735
95,2020-01-07,50600,51000,5431
96,2020-01-08,49800,43400,58595
97,2020-01-09,43400,46050,28236
98,2020-01-10,47000,48900,6305
99,2020-01-13,49000,49250,2489
100,2020-01-14,46300,48400,3198
101,2020-01-15,48400,48300,3751
102,2020-01-16,48000,47600,1509
103,2020-01-17,48000,47850,1188
104,2020-01-20,47900,47200,1494
105,2020-01-21,47950,46700,3956
106,2020-01-22,47400,45850,1348
107,2020-01-23,45850,45000,3368
108,2020-01-28,45000,44000,3515
109,2020-01-29,44400,43900,2059
110,2020-01-30,44850,43500,1095
111,2020-01-31,44150,42800,1879
112,2020-02-03,42000,41700,3207
113,2020-02-04,42000,41950,2470
114,2020-02-05,42700,41950,2502
115,2020-02-06,42900,42250,4073
116,2020-02-07,42950,43950,4444
117,2020-02-10,43150,44750,2765
118,2020-02-11,45650,44750,1923
119,2020-02-12,45800,44450,4133
120,2020-02-13,44000,43700,5018
121,2020-02-14,43700,43300,7781
122,2020-02-17,43000,42300,4845
123,2020-02-18,42000,42300,2900
124,2020-02-19,42950,41800,1951
125,2020-02-20,42500,41000,13439
126,2020-02-21,40150,40100,3771
127,2020-02-24,38200,37900,6196
128,2020-02-25,38500,38000,4152
129,2020-02-26,38500,37400,9710
130,2020-02-27,37750,35500,6133
131,2020-02-28,34400,33800,28838
132,2020-03-02,33800,32600,13757
133,2020-03-03,33000,32900,17814
134,2020-03-04,32400,34100,4510
135,2020-03-05,34750,37000,3603
136,2020-03-06,36950,37200,4294
137,2020-03-09,37900,35000,14706
138,2020-03-10,34500,34800,13550
139,2020-03-11,35800,34550,4277
140,2020-03-12,33900,31550,18101
141,2020-03-13,27500,27500,60232
142,2020-03-16,27500,27900,6202
143,2020-03-17,27750,29000,10501
144,2020-03-18,29000,27750,6314
145,2020-03-19,28000,23600,21742
146,2020-03-20,23700,26750,6632
147,2020-03-23,24350,23600,9858
148,2020-03-24,24950,24400,5414
149,2020-03-25,25500,25800,5381
150,2020-03-26,26150,27650,7874
151,2020-03-27,29500,30300,12385
152,2020-03-30,30300,28000,9472
153,2020-03-31,28800,29250,5334
154,2020-04-01,30000,30250,8537
155,2020-04-02,28500,30100,1381
156,2020-04-03,30500,30200,3091
157,2020-04-06,31000,31500,13023
158,2020-04-07,31500,32000,5282
159,2020-04-08,32000,33000,4494
160,2020-04-09,33850,34200,6692
161,2020-04-10,34500,34300,4830
162,2020-04-13,34900,31500,7138
163,2020-04-14,32000,34700,12090
164,2020-04-16,34700,37400,16036
165,2020-04-17,37500,37900,11844
166,2020-04-20,37900,39000,6598
167,2020-04-21,40500,39150,12755
168,2020-04-22,40400,39100,9169
169,2020-04-23,39400,38800,7611
170,2020-04-24,39500,37850,2308
171,2020-04-27,39000,37300,3304
172,2020-04-28,37000,36050,6668
173,2020-04-29,36500,36300,2908
174,2020-05-04,37000,36600,2457
175,2020-05-06,37450,36800,1777
176,2020-05-07,37350,36800,1792
177,2020-05-08,37100,36950,3890
178,2020-05-11,38550,42250,30065
179,2020-05-12,42900,41750,37647
180,2020-05-13,41750,40650,5733
181,2020-05-14,40750,39500,2989
182,2020-05-15,39300,38200,7945
183,2020-05-18,39500,38500,2981
184,2020-05-19,39450,39000,2304
185,2020-05-20,39350,39150,2670
186,2020-05-21,39450,39400,4277
187,2020-05-22,41500,39150,2785
188,2020-05-25,39200,39200,4074
189,2020-05-26,39200,39500,4639
190,2020-05-27,39600,38700,9245
191,2020-05-28,39500,37450,3842
192,2020-05-29,38050,36450,5313
193,2020-06-01,37900,37500,1927
194,2020-06-02,38000,38900,6919
195,2020-06-03,38250,38800,7645
196,2020-06-04,39150,39550,17166
197,2020-06-05,39850,39900,4725
198,2020-06-08,40300,40100,6952
199,2020-06-09,39300,38600,14808
200,2020-06-10,39000,39050,4836
201,2020-06-11,39600,39100,14030
202,2020-06-12,37150,38550,6578
203,2020-06-15,38550,37000,4946
204,2020-06-16,38400,38650,3262
205,2020-06-17,38850,38600,5178
206,2020-06-18,38150,38600,2893
207,2020-06-19,38300,38700,3843
208,2020-06-22,38650,38900,7592
209,2020-06-23,39650,41000,19995
210,2020-06-24,41250,47150,25491
211,2020-06-25,53700,54200,22535
212,2020-06-26,62300,62300,9641
213,2020-06-29,69000,58100,43628
214,2020-06-30,59500,61000,17960
215,2020-07-01,62300,60000,16113
216,2020-07-02,58600,59700,5272
217,2020-07-03,60400,56900,26470
218,2020-07-06,56000,55000,10704
219,2020-07-07,55500,55000,3162
220,2020-07-08,55800,55300,7206
221,2020-07-09,56500,58100,10592
222,2020-07-10,59500,58300,9005
223,2020-07-13,59000,58400,3820
224,2020-07-14,58500,57800,2813
225,2020-07-15,58900,58900,6277
226,2020-07-16,59100,60700,10611
227,2020-07-17,61100,60600,3521
228,2020-07-20,61500,60300,2669
229,2020-07-21,60300,61000,6351
230,2020-07-22,61200,62500,8242
231,2020-07-23,62500,64500,16315
232,2020-07-24,65400,69800,28470
233,2020-07-27,70000,69700,11932
234,2020-07-28,70000,68500,9337
235,2020-07-29,69000,67600,5429
236,2020-07-30,67900,67800,1870
237,2020-07-31,67800,67400,2228
238,2020-08-03,68400,66400,6867
239,2020-08-04,66900,65000,11975
240,2020-08-05,66000,64900,5466
241,2020-08-06,64900,64500,6358
242,2020-08-07,64400,62800,8955
243,2020-08-10,63100,61000,15014
244,2020-08-11,61000,57800,13515
245,2020-08-12,58900,55500,26387
246,2020-08-13,55500,55300,3349
247,2020-08-14,55300,57500,6288
248,2020-08-18,58400,57600,8242
249,2020-08-19,58000,58800,3881
250,2020-08-20,59000,58600,7918
251,2020-08-21,59600,59000,6045
252,2020-08-24,58200,59200,10425
253,2020-08-25,59200,58500,6550
254,2020-08-26,58500,59300,4177
255,2020-08-27,59400,59500,8578
256,2020-08-28,59900,61400,7396
257,2020-08-31,61800,61700,5585
258,2020-09-01,61800,61700,5912
259,2020-09-02,61700,68700,19542
260,2020-09-03,70900,69500,6397
261,2020-09-04,66400,69700,11116
262,2020-09-07,69600,68300,5398
263,2020-09-08,69500,65800,7002
264,2020-09-09,65800,61100,23778
265,2020-09-10,62300,63500,5881
266,2020-09-11,63600,64900,7083
267,2020-09-14,65600,66500,7015
268,2020-09-15,67000,67600,8260
269,2020-09-16,68800,65800,6932
270,2020-09-17,66000,64300,5619
271,2020-09-18,65900,64300,8545
272,2020-09-21,65400,62500,5801
273,2020-09-22,64300,61200,8183
274,2020-09-23,63800,61300,7274
275,2020-09-24,61300,60100,12170
276,2020-09-25,59300,62200,8137
277,2020-09-28,63700,62500,6344
278,2020-09-29,71800,69000,23449
279,2020-10-05,79300,79300,107283
280,2020-10-06,80000,76000,26537
281,2020-10-07,76000,73000,7293
282,2020-10-08,75800,76600,22024
283,2020-10-12,77100,74300,7861
284,2020-10-13,76000,71400,13760
285,2020-10-14,72300,69900,7169
286,2020-10-15,70000,68700,7680
287,2020-10-16,67400,68300,6356
288,2020-10-19,68500,68100,7589
289,2020-10-20,68500,67800,4805
290,2020-10-21,67800,66400,4877
291,2020-10-22,67800,64000,10026
292,2020-10-23,63900,68000,27893
293,2020-10-26,68000,64000,9162
294,2020-10-27,63900,65800,6680
295,2020-10-28,67500,70200,12136
296,2020-10-29,68500,69000,4212
297,2020-10-30,68100,66900,7518
298,2020-11-02,66900,65000,4638
299,2020-11-03,65300,66800,3976
