,date,open,close,volume
0,2019-08-16,2940,2790,2853096
1,2019-08-19,2775,2825,716165
2,2019-08-20,2840,2855,837857
3,2019-08-21,2890,2860,1115130
4,2019-08-22,2865,2870,842286
5,2019-08-23,2870,2825,1102141
6,2019-08-26,2705,2670,1471060
7,2019-08-27,2715,2690,935454
8,2019-08-28,2705,2740,612004
9,2019-08-29,2760,2690,670717
10,2019-08-30,2700,2735,775763
11,2019-09-02,2740,2720,444682
12,2019-09-03,2745,2825,1575131
13,2019-09-04,2825,2795,935797
14,2019-09-05,2805,2845,1348903
15,2019-09-06,2855,2875,1771309
16,2019-09-09,2850,2800,1365701
17,2019-09-10,2805,2835,992674
18,2019-09-11,2850,2850,811237
19,2019-09-16,2850,2830,789332
20,2019-09-17,2805,2835,1418156
21,2019-09-18,2830,2945,2045039
22,2019-09-19,2980,2940,2319601
23,2019-09-20,2925,2940,684643
24,2019-09-23,2915,2940,802674
25,2019-09-24,2925,2900,744328
26,2019-09-25,2920,2770,1997007
27,2019-09-26,2790,2530,10232191
28,2019-09-27,2540,2495,1811087
29,2019-09-30,2430,2395,958407
30,2019-10-01,2405,2435,1152890
31,2019-10-02,2405,2400,702011
32,2019-10-04,2400,2315,819824
33,2019-10-07,2320,2350,645346
34,2019-10-08,2355,2460,1347452
35,2019-10-10,2460,2485,955675
36,2019-10-11,2470,2480,452116
37,2019-10-14,2505,2580,2353769
38,2019-10-15,2580,2570,999948
39,2019-10-16,2620,2605,1092479
40,2019-10-17,2570,2520,744775
41,2019-10-18,2550,2545,691273
42,2019-10-21,2555,2640,760437
43,2019-10-22,2645,2640,933362
44,2019-10-23,2650,2535,766637
45,2019-10-24,2555,2625,1175082
46,2019-10-25,2610,2580,955175
47,2019-10-28,2650,2675,1752431
48,2019-10-29,2675,2850,4731160
49,2019-10-30,2850,2795,1591903
50,2019-10-31,2790,2755,695634
51,2019-11-01,2750,2795,655826
52,2019-11-04,2815,2770,1501695
53,2019-11-05,2770,2825,1620298
54,2019-11-06,2825,2850,815964
55,2019-11-07,2830,2780,728655
56,2019-11-08,2800,2845,881218
57,2019-11-11,2980,3220,34177131
58,2019-11-12,3210,3125,5639439
59,2019-11-13,3145,3130,14755462
60,2019-11-14,3105,3130,4099191
61,2019-11-15,3090,3020,3572083
62,2019-11-18,3020,3025,1929667
63,2019-11-19,2395,2320,17984197
64,2019-11-20,2340,2230,5089339
65,2019-11-21,2235,2180,3106807
66,2019-11-22,2180,2140,2303804
67,2019-11-25,2175,2190,1752199
68,2019-11-26,2210,2275,2515520
69,2019-11-27,2280,2225,1302252
70,2019-11-28,2225,2190,1041909
71,2019-11-29,2190,2125,1027057
72,2019-12-02,2140,2120,902489
73,2019-12-03,2100,2115,1265993
74,2019-12-04,2100,2035,1035214
75,2019-12-05,2050,1975,1236972
76,2019-12-06,1970,2070,929723
77,2019-12-09,2045,2075,546848
78,2019-12-10,2065,2080,358157
79,2019-12-11,2070,2095,410699
80,2019-12-12,2090,2115,595627
81,2019-12-13,2125,2115,503596
82,2019-12-16,2130,2130,459520
83,2019-12-17,2135,2145,885816
84,2019-12-18,2170,2200,16016337
85,2019-12-19,2205,2205,2831571
86,2019-12-20,2205,2170,1473396
87,2019-12-23,2160,2170,956057
88,2019-12-24,2150,2100,947233
89,2019-12-26,2075,2140,644378
90,2019-12-27,2130,2195,813190
91,2019-12-30,2195,2215,906076
92,2020-01-02,2250,2280,1270259
93,2020-01-03,2300,2265,1177863
94,2020-01-06,2240,2235,904535
95,2020-01-07,2265,2245,981982
96,2020-01-08,2245,2115,1314325
97,2020-01-09,2200,2245,1042533
98,2020-01-10,2250,2260,640126
99,2020-01-13,2280,2330,1215373
100,2020-01-14,2360,2275,1099890
101,2020-01-15,2285,2425,38850514
102,2020-01-16,2465,2425,7715347
103,2020-01-17,2450,2465,4247582
104,2020-01-20,2475,2450,2527838
105,2020-01-21,2430,2365,1624011
106,2020-01-22,2370,2400,796102
107,2020-01-23,2495,2420,2770407
108,2020-01-28,2310,2475,4040216
109,2020-01-29,2660,2655,33779948
110,2020-01-30,2725,2800,9768629
111,2020-01-31,2855,2645,7497858
112,2020-02-03,2760,2640,6094454
113,2020-02-04,2645,2565,3579979
114,2020-02-05,2630,2575,2492046
115,2020-02-06,2580,2560,1894733
116,2020-02-07,2585,2620,4702697
117,2020-02-10,2635,2635,2728399
118,2020-02-11,2650,2615,1902024
119,2020-02-12,2630,2560,1846679
120,2020-02-13,2595,2490,2565869
121,2020-02-14,2475,2525,1233556
122,2020-02-17,2535,2520,797731
123,2020-02-18,2510,2460,1134725
124,2020-02-19,2480,2435,1036497
125,2020-02-20,2455,2405,1212186
126,2020-02-21,2415,2395,1959145
127,2020-02-24,2345,2210,2008357
128,2020-02-25,2200,2305,1314540
129,2020-02-26,2255,2255,722421
130,2020-02-27,2235,2150,1094546
131,2020-02-28,2105,2040,1248462
132,2020-03-02,2020,2150,828403
133,2020-03-03,2210,2130,784559
134,2020-03-04,2135,2220,1199147
135,2020-03-05,2250,2240,603804
136,2020-03-06,2210,2200,598169
137,2020-03-09,2165,2065,798432
138,2020-03-10,2005,2100,873785
139,2020-03-11,2095,2000,1053373
140,2020-03-12,1975,1805,1722536
141,2020-03-13,1580,1590,3062879
142,2020-03-16,1630,1615,2450584
143,2020-03-17,1470,1675,2429311
144,2020-03-18,1730,1560,1686001
145,2020-03-19,1625,1365,2576718
146,2020-03-20,1375,1450,1600142
147,2020-03-23,1375,1385,1473734
148,2020-03-24,1420,1490,1548590
149,2020-03-25,1590,1570,1949967
150,2020-03-26,1595,1675,4339006
151,2020-03-27,1760,1745,2587034
152,2020-03-30,1735,2260,7679331
153,2020-03-31,2355,2290,5147521
154,2020-04-01,2310,2220,3525780
155,2020-04-02,2265,2295,2370039
156,2020-04-03,2340,2500,25718791
157,2020-04-06,2580,2565,12717536
158,2020-04-07,2695,2470,6065936
159,2020-04-08,2500,2330,4137264
160,2020-04-09,2355,2340,4182844
161,2020-04-10,2380,2200,4160791
162,2020-04-13,2220,2105,2815374
163,2020-04-14,2115,2155,1962727
164,2020-04-16,2255,2115,2823278
165,2020-04-17,2130,2140,1790149
166,2020-04-20,2145,2155,1739251
167,2020-04-21,2155,2225,5262016
168,2020-04-22,2185,2190,1488730
169,2020-04-23,2230,2170,1455337
170,2020-04-24,2175,2070,1435857
171,2020-04-27,2090,2160,3781406
172,2020-04-28,2175,2200,2744605
173,2020-04-29,2210,2175,1370054
174,2020-05-04,2135,2145,759358
175,2020-05-06,2175,2150,1009490
176,2020-05-07,2175,2140,999691
177,2020-05-08,2145,2150,822488
178,2020-05-11,2170,2140,612976
179,2020-05-12,2155,2090,757921
180,2020-05-13,2065,2090,579007
181,2020-05-14,2085,2055,568710
182,2020-05-15,2095,2075,658377
183,2020-05-18,2055,2030,990574
184,2020-05-19,2050,2115,1255910
185,2020-05-20,2100,2165,1683917
186,2020-05-21,2170,2225,1825717
187,2020-05-22,2225,2165,1518071
188,2020-05-25,2170,2210,836533
189,2020-05-26,2210,2200,899034
190,2020-05-27,2235,2310,2550538
191,2020-05-28,2405,2225,3078881
192,2020-05-29,2200,2315,2090346
193,2020-06-01,2335,2345,1359493
194,2020-06-02,2335,2355,1111382
195,2020-06-03,2355,2340,983160
196,2020-06-04,2360,2320,819765
197,2020-06-05,2320,2300,577905
198,2020-06-08,2300,2315,729328
199,2020-06-09,2340,2280,786463
200,2020-06-10,2270,2250,428634
201,2020-06-11,2240,2180,761838
202,2020-06-12,2060,2115,762769
203,2020-06-15,2100,1980,1147703
204,2020-06-16,2010,2135,714052
205,2020-06-17,2100,2085,500733
206,2020-06-18,2090,2065,412867
207,2020-06-19,2070,2115,672847
208,2020-06-22,2090,2125,391133
209,2020-06-23,2145,2070,398893
210,2020-06-24,2100,2100,437430
211,2020-06-25,2090,2070,521754
212,2020-06-26,2095,2120,589692
213,2020-06-29,2115,2120,579223
214,2020-06-30,2120,2120,479332
215,2020-07-01,2145,2225,1598470
216,2020-07-02,2260,2270,1817859
217,2020-07-03,2300,2210,1296489
218,2020-07-06,2210,2170,713050
219,2020-07-07,2185,2145,761261
220,2020-07-08,2150,2150,507464
221,2020-07-09,2150,2135,532441
222,2020-07-10,2140,2155,824089
223,2020-07-13,2165,2165,575078
224,2020-07-14,2145,2185,655701
225,2020-07-15,2185,2185,595142
226,2020-07-16,2190,2190,1484679
227,2020-07-17,2190,2185,617952
228,2020-07-20,2190,2115,895038
229,2020-07-21,2115,2140,439132
230,2020-07-22,2150,2115,332765
231,2020-07-23,2100,2065,684689
232,2020-07-24,2050,2070,407925
233,2020-07-27,2070,2080,446579
234,2020-07-28,2070,2050,494946
235,2020-07-29,2050,2060,285646
236,2020-07-30,2065,2065,330306
237,2020-07-31,2070,2050,283655
238,2020-08-03,2065,2040,223251
239,2020-08-04,2040,2050,281343
240,2020-08-05,2040,2010,558896
241,2020-08-06,2005,1995,456598
242,2020-08-07,1995,1995,334374
243,2020-08-10,2020,2000,266154
244,2020-08-11,1990,2020,340469
245,2020-08-12,2110,2055,3952364
246,2020-08-13,2065,2095,847634
247,2020-08-14,2080,2040,661304
248,2020-08-18,1990,1865,1231710
249,2020-08-19,1860,1880,438493
250,2020-08-20,1850,1770,840420
251,2020-08-21,1775,1810,478445
252,2020-08-24,1775,1830,350027
253,2020-08-25,1840,1870,646583
254,2020-08-26,1875,1880,392297
255,2020-08-27,1890,1890,509934
256,2020-08-28,1905,1930,470364
257,2020-08-31,1945,1925,564794
258,2020-09-01,1915,1900,459077
259,2020-09-02,1895,1885,416430
260,2020-09-03,1880,1880,410502
261,2020-09-04,1810,1850,323836
262,2020-09-07,1870,1880,260409
263,2020-09-08,1880,1870,286401
264,2020-09-09,1835,1885,374160
265,2020-09-10,1905,1930,501868
266,2020-09-11,1930,1915,393657
267,2020-09-14,1915,1925,369139
268,2020-09-15,1935,1910,274290
269,2020-09-16,1910,1925,306631
270,2020-09-17,1925,1880,385396
271,2020-09-18,1885,1905,293134
272,2020-09-21,1905,1890,258400
273,2020-09-22,1880,1820,343828
274,2020-09-23,1835,1815,216899
275,2020-09-24,1770,1770,305593
276,2020-09-25,1770,1760,216836
277,2020-09-28,1765,1770,138945
278,2020-09-29,1795,1815,218398
279,2020-10-05,1835,1825,171902
280,2020-10-06,1830,1840,195450
281,2020-10-07,1835,1860,176320
282,2020-10-08,1835,1935,722451
283,2020-10-12,1930,1890,291629
284,2020-10-13,1910,1900,198745
285,2020-10-14,1890,1875,181446
286,2020-10-15,1880,1845,203373
287,2020-10-16,1865,1800,241188
288,2020-10-19,1820,1790,226853
289,2020-10-20,1770,1800,258371
290,2020-10-21,1800,1810,132888
291,2020-10-22,1790,1795,153241
292,2020-10-23,1805,1780,316336
293,2020-10-26,1780,1710,371737
294,2020-10-27,1690,1710,286402
295,2020-10-28,1735,1710,270571
296,2020-10-29,1670,1700,590828
297,2020-10-30,1700,1665,314199
298,2020-11-02,1675,1665,244654
299,2020-11-03,1660,1685,214950
