,date,open,close,volume
0,2019-08-16,2590,2530,32040
1,2019-08-19,2530,2560,19406
2,2019-08-20,2565,2600,17589
3,2019-08-21,2595,2575,18475
4,2019-08-22,2645,2585,12398
5,2019-08-23,2585,2575,32537
6,2019-08-26,2555,2530,16092
7,2019-08-27,2535,2555,23912
8,2019-08-28,2580,2625,99902
9,2019-08-29,2625,2510,57938
10,2019-08-30,2510,2515,34502
11,2019-09-02,2515,2570,18118
12,2019-09-03,2680,2600,20327
13,2019-09-04,2600,2635,11809
14,2019-09-05,2605,2590,29374
15,2019-09-06,2590,2585,24325
16,2019-09-09,2585,2585,7862
17,2019-09-10,2585,2575,27004
18,2019-09-11,2600,2570,18224
19,2019-09-16,2580,2610,45768
20,2019-09-17,2610,2655,47841
21,2019-09-18,2685,2675,29672
22,2019-09-19,2675,2675,44094
23,2019-09-20,2680,2705,30016
24,2019-09-23,2720,2680,33602
25,2019-09-24,2680,2685,28168
26,2019-09-25,2685,2670,83664
27,2019-09-26,2670,2680,58089
28,2019-09-27,2680,2635,21459
29,2019-09-30,2615,2580,23788
30,2019-10-01,2580,2600,14968
31,2019-10-02,2600,2565,9185
32,2019-10-04,2565,2600,25885
33,2019-10-07,2600,2555,17727
34,2019-10-08,2505,2560,22688
35,2019-10-10,2535,2545,29104
36,2019-10-11,2545,2490,55070
37,2019-10-14,2490,2500,8738
38,2019-10-15,2500,2535,12527
39,2019-10-16,2535,2545,20461
40,2019-10-17,2545,2605,39585
41,2019-10-18,2660,2660,3055710
42,2019-10-21,2640,2535,286954
43,2019-10-22,2505,2490,107418
44,2019-10-23,2490,2460,72691
45,2019-10-24,2460,2470,74665
46,2019-10-25,2490,2430,60279
47,2019-10-28,2480,2495,30274
48,2019-10-29,2495,2545,29961
49,2019-10-30,2545,2500,59126
50,2019-10-31,2505,2505,36979
51,2019-11-01,2570,2515,23820
52,2019-11-04,2520,2540,25718
53,2019-11-05,2540,2600,33018
54,2019-11-06,2615,2585,16335
55,2019-11-07,2585,2560,13935
56,2019-11-08,2560,2555,13261
57,2019-11-11,2555,2585,26175
58,2019-11-12,2585,2670,78712
59,2019-11-13,2690,2665,69911
60,2019-11-14,2665,2575,45590
61,2019-11-15,2590,2560,26176
62,2019-11-18,2560,2625,31174
63,2019-11-19,2640,2605,29221
64,2019-11-20,2635,2570,14620
65,2019-11-21,2570,2500,45152
66,2019-11-22,2470,2480,23473
67,2019-11-25,2480,2515,12294
68,2019-11-26,2515,2535,5378
69,2019-11-27,2535,2535,6725
70,2019-11-28,2535,2485,12556
71,2019-11-29,2485,2445,24064
72,2019-12-02,2445,2450,26768
73,2019-12-03,2500,2485,16078
74,2019-12-04,2485,2450,11180
75,2019-12-05,2450,2420,25969
76,2019-12-06,2420,2430,24707
77,2019-12-09,2430,2450,5027
78,2019-12-10,2430,2450,8317
79,2019-12-11,2450,2440,36773
80,2019-12-12,2440,2430,11328
81,2019-12-13,2430,2430,18357
82,2019-12-16,2430,2460,8618
83,2019-12-17,2460,2450,16012
84,2019-12-18,2490,2475,9398
85,2019-12-19,2450,2455,9221
86,2019-12-20,2455,2460,10300
87,2019-12-23,2445,2495,15362
88,2019-12-24,2455,2455,13096
89,2019-12-26,2455,2450,10397
90,2019-12-27,2460,2485,8123
91,2019-12-30,2465,2480,7116
92,2020-01-02,2475,2465,43383
93,2020-01-03,2490,2540,35804
94,2020-01-06,2565,2470,24575
95,2020-01-07,2460,2505,5894
96,2020-01-08,2505,2445,24111
97,2020-01-09,2445,2500,19633
98,2020-01-10,2500,2545,38091
99,2020-01-13,2545,2535,33655
100,2020-01-14,2535,2635,100927
101,2020-01-15,2610,2590,45020
102,2020-01-16,2640,2605,38463
103,2020-01-17,2605,2615,110010
104,2020-01-20,2615,2620,45307
105,2020-01-21,2620,2570,44807
106,2020-01-22,2565,2610,32185
107,2020-01-23,2610,2610,20406
108,2020-01-28,2530,2530,41427
109,2020-01-29,2520,2480,65750
110,2020-01-30,2520,2425,36918
111,2020-01-31,2425,2420,34594
112,2020-02-03,2420,2400,40081
113,2020-02-04,2380,2415,10044
114,2020-02-05,2460,2435,23828
115,2020-02-06,2435,2435,34343
116,2020-02-07,2445,2485,21112
117,2020-02-10,2510,2515,27552
118,2020-02-11,2515,2520,14366
119,2020-02-12,2495,2490,27622
120,2020-02-13,2490,2495,11891
121,2020-02-14,2480,2500,12505
122,2020-02-17,2510,2535,23322
123,2020-02-18,2530,2500,10945
124,2020-02-19,2500,2500,30654
125,2020-02-20,2485,2465,11152
126,2020-02-21,2450,2410,21017
127,2020-02-24,2320,2300,42045
128,2020-02-25,2300,2390,22928
129,2020-02-26,2360,2330,21295
130,2020-02-27,2330,2325,32980
131,2020-02-28,2315,2130,101524
132,2020-03-02,2125,2160,26286
133,2020-03-03,2175,2140,23338
134,2020-03-04,2140,2180,7763
135,2020-03-05,2180,2230,16886
136,2020-03-06,2225,2180,12807
137,2020-03-09,2180,2105,13472
138,2020-03-10,2075,2045,22665
139,2020-03-11,2045,2000,29611
140,2020-03-12,2000,1840,55230
141,2020-03-13,1600,1750,90178
142,2020-03-16,1755,1765,46003
143,2020-03-17,1595,1710,44341
144,2020-03-18,1715,1565,32874
145,2020-03-19,1530,1300,87472
146,2020-03-20,1230,1490,104870
147,2020-03-23,1465,1320,59795
148,2020-03-24,1330,1380,41003
149,2020-03-25,1385,1545,39176
150,2020-03-26,1530,1640,64915
151,2020-03-27,1680,1635,66039
152,2020-03-30,1535,1635,15494
153,2020-03-31,1620,1685,26693
154,2020-04-01,1685,1720,31633
155,2020-04-02,1720,1690,20583
156,2020-04-03,1655,1710,27264
157,2020-04-06,1770,1775,16493
158,2020-04-07,1775,1800,29697
159,2020-04-08,1810,1855,16184
160,2020-04-09,1860,1895,16388
161,2020-04-10,1900,1805,44072
162,2020-04-13,1810,1780,23027
163,2020-04-14,1815,1840,8293
164,2020-04-16,1805,1825,23193
165,2020-04-17,1830,1895,21287
166,2020-04-20,1920,1955,27468
167,2020-04-21,1955,1915,21095
168,2020-04-22,1895,1895,8769
169,2020-04-23,1895,1890,36581
170,2020-04-24,1910,1845,17388
171,2020-04-27,1870,1925,21770
172,2020-04-28,1925,1870,18446
173,2020-04-29,1870,1905,10238
174,2020-05-04,1905,1930,13046
175,2020-05-06,1930,1995,27006
176,2020-05-07,2085,2005,29006
177,2020-05-08,2050,2010,9556
178,2020-05-11,2015,2050,19232
179,2020-05-12,2050,2005,30345
180,2020-05-13,1990,2000,15338
181,2020-05-14,1980,1965,20114
182,2020-05-15,1975,1955,21785
183,2020-05-18,1940,1930,44537
184,2020-05-19,1955,1960,18577
185,2020-05-20,1960,1950,31116
186,2020-05-21,1970,2025,89070
187,2020-05-22,2120,2000,131053
188,2020-05-25,2000,2025,10910
189,2020-05-26,2030,2070,37025
190,2020-05-27,2070,2065,22120
191,2020-05-28,2085,2030,25576
192,2020-05-29,2030,2075,22491
193,2020-06-01,2055,2060,32992
194,2020-06-02,2060,2055,8616
195,2020-06-03,2035,2075,32701
196,2020-06-04,2100,2075,21299
197,2020-06-05,2075,2080,8508
198,2020-06-08,2080,2140,28734
199,2020-06-09,2115,2185,74005
200,2020-06-10,2190,2245,941523
201,2020-06-11,2245,2160,108258
202,2020-06-12,2100,2075,61933
203,2020-06-15,2045,1940,63113
204,2020-06-16,1950,2065,24891
205,2020-06-17,2020,2070,43885
206,2020-06-18,2070,2025,32665
207,2020-06-19,2050,2100,39008
208,2020-06-22,2080,2065,17582
209,2020-06-23,2065,2110,18543
210,2020-06-24,2150,2080,13807
211,2020-06-25,2080,2035,26594
212,2020-06-26,2015,2070,204579
213,2020-06-29,2050,2025,40752
214,2020-06-30,2025,2035,24505
215,2020-07-01,2060,2035,8553
216,2020-07-02,2035,2025,19764
217,2020-07-03,2025,2030,8645
218,2020-07-06,2030,2015,12625
219,2020-07-07,2020,2060,29337
220,2020-07-08,2060,2135,420690
221,2020-07-09,2080,2230,417436
222,2020-07-10,2230,2115,132753
223,2020-07-13,2115,2095,49897
224,2020-07-14,2095,2200,182581
225,2020-07-15,2180,2180,147292
226,2020-07-16,2180,2345,967529
227,2020-07-17,2495,2485,2831280
228,2020-07-20,2545,2760,1632206
229,2020-07-21,2725,2525,602120
230,2020-07-22,2520,2505,237319
231,2020-07-23,2470,2370,208921
232,2020-07-24,2370,2260,225388
233,2020-07-27,2260,2400,558875
234,2020-07-28,2400,2345,151295
235,2020-07-29,2365,2440,189088
236,2020-07-30,2425,2395,95092
237,2020-07-31,2395,2370,26818
238,2020-08-03,2370,2320,75406
239,2020-08-04,2320,2340,52066
240,2020-08-05,2340,2320,37415
241,2020-08-06,2290,2305,25444
242,2020-08-07,2300,2360,115340
243,2020-08-10,2360,2365,69304
244,2020-08-11,2365,2305,61037
245,2020-08-12,2330,2275,57450
246,2020-08-13,2275,2370,204735
247,2020-08-14,2380,2370,124465
248,2020-08-18,2370,2160,134638
249,2020-08-19,2160,2425,325482
250,2020-08-20,2400,2280,158401
251,2020-08-21,2280,2230,50308
252,2020-08-24,2250,2410,361294
253,2020-08-25,2420,2475,141336
254,2020-08-26,2475,2445,114553
255,2020-08-27,2500,2385,75104
256,2020-08-28,2385,2555,359686
257,2020-08-31,2555,2480,109669
258,2020-09-01,2480,2670,980515
259,2020-09-02,2670,2540,181099
260,2020-09-03,2555,2620,137497
261,2020-09-04,2510,2540,86826
262,2020-09-07,2540,2630,87803
263,2020-09-08,2625,2505,114597
264,2020-09-09,2480,2415,96419
265,2020-09-10,2440,2500,106367
266,2020-09-11,2610,2675,328609
267,2020-09-14,2685,2790,178359
268,2020-09-15,2755,2690,224131
269,2020-09-16,3005,2635,915024
270,2020-09-17,2650,2620,90158
271,2020-09-18,2620,2535,132795
272,2020-09-21,2515,2625,128952
273,2020-09-22,2600,2535,108136
274,2020-09-23,2555,2530,62800
275,2020-09-24,2505,2440,62215
276,2020-09-25,2440,2365,86282
277,2020-09-28,2365,2430,36173
278,2020-09-29,2465,2520,125134
279,2020-10-05,2520,2585,60572
280,2020-10-06,2600,2730,197574
281,2020-10-07,2730,2855,129799
282,2020-10-08,2855,2740,81536
283,2020-10-12,2755,2690,50012
284,2020-10-13,2690,2675,72099
285,2020-10-14,2705,2660,81106
286,2020-10-15,2645,2590,110891
287,2020-10-16,2560,2550,43517
288,2020-10-19,2545,2605,71752
289,2020-10-20,2605,2665,68152
290,2020-10-21,2665,2665,18270
291,2020-10-22,2685,2665,39671
292,2020-10-23,2640,2550,35339
293,2020-10-26,2540,2425,71051
294,2020-10-27,2370,2400,29140
295,2020-10-28,2400,2495,25810
296,2020-10-29,2495,2450,25559
297,2020-10-30,2450,2420,19775
298,2020-11-02,2410,2495,23792
299,2020-11-03,2495,2535,33035
