,date,open,close,volume
0,2019-08-16,1080,1055,147851
1,2019-08-19,1055,1070,147027
2,2019-08-20,1060,1070,310764
3,2019-08-21,1070,1095,336909
4,2019-08-22,1095,1095,380793
5,2019-08-23,1095,1090,198670
6,2019-08-26,1050,1005,457515
7,2019-08-27,1020,1040,174545
8,2019-08-28,1035,1070,201189
9,2019-08-29,1070,1060,108328
10,2019-08-30,1075,1105,529086
11,2019-09-02,1115,1140,438492
12,2019-09-03,1125,1140,407933
13,2019-09-04,1140,1150,1673498
14,2019-09-05,1165,1190,1202096
15,2019-09-06,1210,1125,1395532
16,2019-09-09,1150,1130,494585
17,2019-09-10,1120,1130,385615
18,2019-09-11,1125,1120,424564
19,2019-09-16,1120,1120,344289
20,2019-09-17,1110,1155,631325
21,2019-09-18,1155,1155,439317
22,2019-09-19,1160,1155,504515
23,2019-09-20,1165,1135,503791
24,2019-09-23,1125,1115,253701
25,2019-09-24,1115,1130,197659
26,2019-09-25,1135,1080,565832
27,2019-09-26,1075,1120,466358
28,2019-09-27,1130,1115,190737
29,2019-09-30,1095,1090,396328
30,2019-10-01,1090,1100,216908
31,2019-10-02,1095,1050,392340
32,2019-10-04,1050,1050,363651
33,2019-10-07,1045,1040,345047
34,2019-10-08,1050,1135,1772429
35,2019-10-10,1150,1135,470755
36,2019-10-11,1145,1155,524936
37,2019-10-14,1155,1155,571276
38,2019-10-15,1155,1205,1113990
39,2019-10-16,1210,1195,533325
40,2019-10-17,1195,1155,675772
41,2019-10-18,1160,1165,368920
42,2019-10-21,1160,1150,597503
43,2019-10-22,1160,1160,358987
44,2019-10-23,1160,1110,707042
45,2019-10-24,1115,1110,389245
46,2019-10-25,1110,1100,448335
47,2019-10-28,1100,1120,249074
48,2019-10-29,1110,1110,155506
49,2019-10-30,1110,1075,372374
50,2019-10-31,1075,1090,196552
51,2019-11-01,1090,1070,385466
52,2019-11-04,1070,1105,364065
53,2019-11-05,1115,1120,455127
54,2019-11-06,1140,1120,243061
55,2019-11-07,1140,1220,7594451
56,2019-11-08,1240,1305,4987101
57,2019-11-11,1340,1355,3519007
58,2019-11-12,1335,1420,3936262
59,2019-11-13,1460,1475,7001146
60,2019-11-14,1480,1735,22954017
61,2019-11-15,1785,1800,14386707
62,2019-11-18,1850,2035,22927751
63,2019-11-19,2070,2155,3458611
64,2019-11-20,2090,2525,6419753
65,2019-11-21,2480,2505,3135518
66,2019-11-22,2600,2530,2336925
67,2019-11-25,2530,2905,3342217
68,2019-11-26,2840,2800,2829697
69,2019-11-27,2710,2335,9713980
70,2019-11-28,2275,2325,7754691
71,2019-11-29,2300,2280,3060645
72,2019-12-02,2350,2390,4189328
73,2019-12-03,2390,2375,1673466
74,2019-12-04,2310,2200,2190740
75,2019-12-05,2240,2400,6590755
76,2019-12-06,2375,2265,3824567
77,2019-12-09,2215,1950,9764110
78,2019-12-10,1985,1970,3917045
79,2019-12-11,1945,1970,2952620
80,2019-12-12,1990,1970,1728111
81,2019-12-13,2005,1940,2852245
82,2019-12-16,1970,2015,2838148
83,2019-12-17,2050,2200,4610985
84,2019-12-18,2160,2185,3494504
85,2019-12-19,2195,2130,1638495
86,2019-12-20,2130,1980,3151230
87,2019-12-23,1995,1985,2031122
88,2019-12-24,1970,1915,1293169
89,2019-12-26,1915,2025,2824175
90,2019-12-27,2040,2055,3262070
91,2019-12-30,2025,2160,2234930
92,2020-01-02,2195,2160,2333316
93,2020-01-03,2190,2100,2852110
94,2020-01-06,2020,2005,1851635
95,2020-01-07,2010,2005,1385470
96,2020-01-08,1960,1895,2529595
97,2020-01-09,1955,2080,2386041
98,2020-01-10,2115,2040,1414430
99,2020-01-13,2040,2040,1050371
100,2020-01-14,2050,2130,3336610
101,2020-01-15,2135,2075,1463770
102,2020-01-16,2090,2120,1580539
103,2020-01-17,2120,2070,1404840
104,2020-01-20,2100,2260,6615258
105,2020-01-21,2215,2365,6477277
106,2020-01-22,2350,2505,6767164
107,2020-01-23,2485,2430,2520319
108,2020-01-28,2230,2280,3968929
109,2020-01-29,2310,2330,2754799
110,2020-01-30,2320,2200,3127174
111,2020-01-31,2200,2060,2828864
112,2020-02-03,1990,2160,3148001
113,2020-02-04,2140,2270,2593871
114,2020-02-05,2380,2275,2491462
115,2020-02-06,2275,2320,1873139
116,2020-02-07,2340,2320,1365841
117,2020-02-10,2310,2370,1797262
118,2020-02-11,2405,2370,1914962
119,2020-02-12,2395,2295,3467717
120,2020-02-13,2275,2280,1917462
121,2020-02-14,2265,2240,1415450
122,2020-02-17,2265,2120,2891775
123,2020-02-18,2150,2165,2697670
124,2020-02-19,2180,2140,1582485
125,2020-02-20,2140,2080,2290021
126,2020-02-21,2030,2010,1754406
127,2020-02-24,1915,1825,3012414
128,2020-02-25,1815,2005,3087613
129,2020-02-26,1960,1970,1435118
130,2020-02-27,1960,1845,1652898
131,2020-02-28,1790,1780,1592009
132,2020-03-02,1800,1850,1623015
133,2020-03-03,1925,1810,1426542
134,2020-03-04,1795,1890,1003828
135,2020-03-05,1940,1890,1108304
136,2020-03-06,1850,1840,1026014
137,2020-03-09,1780,1815,1493403
138,2020-03-10,1775,1815,1285415
139,2020-03-11,1825,1700,1192185
140,2020-03-12,1660,1580,1631126
141,2020-03-13,1480,1490,1956010
142,2020-03-16,1550,1410,1182027
143,2020-03-17,1295,1315,3637379
144,2020-03-18,1330,1170,1950965
145,2020-03-19,1205,1015,2477346
146,2020-03-20,1055,1130,2152431
147,2020-03-23,1030,1010,1696996
148,2020-03-24,1060,1085,2138170
149,2020-03-25,1130,1185,2309973
150,2020-03-26,1200,1170,2125379
151,2020-03-27,1230,1200,2687692
152,2020-03-30,1170,1205,1852533
153,2020-03-31,1235,1240,1972866
154,2020-04-01,1225,1220,2322641
155,2020-04-02,1230,1315,3240358
156,2020-04-03,1325,1285,1317226
157,2020-04-06,1295,1370,2131460
158,2020-04-07,1405,1400,2147535
159,2020-04-08,1405,1400,1113986
160,2020-04-09,1435,1415,1584936
161,2020-04-10,1430,1390,1887436
162,2020-04-13,1420,1325,1288345
163,2020-04-14,1335,1350,855726
164,2020-04-16,1330,1380,725756
165,2020-04-17,1400,1445,2747930
166,2020-04-20,1460,1470,1615146
167,2020-04-21,1425,1410,1882825
168,2020-04-22,1380,1435,1684777
169,2020-04-23,1460,1560,4140347
170,2020-04-24,1550,1470,2363552
171,2020-04-27,1465,1530,1325689
172,2020-04-28,1550,1500,1110611
173,2020-04-29,1500,1510,1576105
174,2020-05-04,1485,1485,742681
175,2020-05-06,1510,1535,1093588
176,2020-05-07,1540,1590,2103522
177,2020-05-08,1615,1635,1186854
178,2020-05-11,1640,1640,1675185
179,2020-05-12,1665,1620,1381492
180,2020-05-13,1600,1620,720480
181,2020-05-14,1595,1565,817454
182,2020-05-15,1565,1585,692446
183,2020-05-18,1620,1550,891302
184,2020-05-19,1570,1565,867366
185,2020-05-20,1565,1665,2141793
186,2020-05-21,1675,1710,2827036
187,2020-05-22,1705,1685,1072080
188,2020-05-25,1700,1685,910707
189,2020-05-26,1695,1715,1245937
190,2020-05-27,1710,1705,847059
191,2020-05-28,1705,1645,1462804
192,2020-05-29,1645,1625,582228
193,2020-06-01,1625,1660,499212
194,2020-06-02,1660,1670,630468
195,2020-06-03,1675,1810,7188882
196,2020-06-04,1835,1765,3403952
197,2020-06-05,1830,1785,3193666
198,2020-06-08,1885,1835,5896944
199,2020-06-09,1850,1805,1510862
200,2020-06-10,1815,1780,913038
201,2020-06-11,1780,1780,1306781
202,2020-06-12,1665,1705,1809658
203,2020-06-15,1705,1555,1502775
204,2020-06-16,1605,1655,753503
205,2020-06-17,1605,1640,817230
206,2020-06-18,1620,1620,536093
207,2020-06-19,1640,1615,659249
208,2020-06-22,1660,1680,1269765
209,2020-06-23,1730,1660,722384
210,2020-06-24,1660,1690,997738
211,2020-06-25,1665,1640,680029
212,2020-06-26,1650,1635,534006
213,2020-06-29,1610,1595,469947
214,2020-06-30,1605,1620,452406
215,2020-07-01,1630,1595,399498
216,2020-07-02,1605,1605,424948
217,2020-07-03,1625,1675,1072302
218,2020-07-06,1730,1710,1202396
219,2020-07-07,1715,1710,771364
220,2020-07-08,1725,1750,1344416
221,2020-07-09,1765,1830,6414777
222,2020-07-10,1830,1765,1792553
223,2020-07-13,1810,1810,1156100
224,2020-07-14,1785,1775,1027184
225,2020-07-15,1790,1805,1456770
226,2020-07-16,1805,1785,747011
227,2020-07-17,1775,1805,1124553
228,2020-07-20,1850,1790,743063
229,2020-07-21,1800,1790,793425
230,2020-07-22,1795,1795,500632
231,2020-07-23,1780,1780,1070470
232,2020-07-24,1745,1725,1140433
233,2020-07-27,1700,1770,815697
234,2020-07-28,1785,1800,2197971
235,2020-07-29,1825,1840,1935635
236,2020-07-30,1865,1840,1383503
237,2020-07-31,1865,1805,915460
238,2020-08-03,1830,1805,803049
239,2020-08-04,1820,1790,820495
240,2020-08-05,1790,1910,4984594
241,2020-08-06,1890,1805,3838968
242,2020-08-07,1805,1760,1580219
243,2020-08-10,1750,1760,1068012
244,2020-08-11,1750,1740,1079069
245,2020-08-12,1735,1700,830949
246,2020-08-13,1720,1730,875737
247,2020-08-14,1730,1700,554165
248,2020-08-18,1700,1595,1049313
249,2020-08-19,1600,1620,420608
250,2020-08-20,1610,1580,1243927
251,2020-08-21,1585,1575,758160
252,2020-08-24,1575,1625,755129
253,2020-08-25,1650,1620,610445
254,2020-08-26,1620,1605,809391
255,2020-08-27,1595,1540,881598
256,2020-08-28,1550,1550,536542
257,2020-08-31,1560,1565,517036
258,2020-09-01,1575,1610,557836
259,2020-09-02,1615,1795,12823778
260,2020-09-03,1840,1735,6017398
261,2020-09-04,1660,1730,1619145
262,2020-09-07,1700,1700,1094785
263,2020-09-08,1700,1665,913838
264,2020-09-09,1650,1650,783016
265,2020-09-10,1665,1685,696177
266,2020-09-11,1670,1690,665105
267,2020-09-14,1700,1685,1842195
268,2020-09-15,1705,1685,773920
269,2020-09-16,1680,1685,788632
270,2020-09-17,1685,1745,15041629
271,2020-09-18,1720,1750,4459506
272,2020-09-21,1765,1740,1460148
273,2020-09-22,1755,1655,1745745
274,2020-09-23,1660,1650,1080049
275,2020-09-24,1595,1585,752590
276,2020-09-25,1595,1585,568036
277,2020-09-28,1585,1615,619514
278,2020-09-29,1645,1650,642484
279,2020-10-05,1645,1655,450033
280,2020-10-06,1670,1670,1088947
281,2020-10-07,1670,1740,2788049
282,2020-10-08,1740,1750,1401606
283,2020-10-12,1750,1760,1170959
284,2020-10-13,1830,1730,2001356
285,2020-10-14,1730,1715,679123
286,2020-10-15,1710,1685,817298
287,2020-10-16,1685,1630,702760
288,2020-10-19,1655,1635,298531
289,2020-10-20,1585,1625,738580
290,2020-10-21,1625,1620,236429
291,2020-10-22,1610,1605,224726
292,2020-10-23,1620,1600,364607
293,2020-10-26,1595,1535,440529
294,2020-10-27,1520,1520,323471
295,2020-10-28,1500,1535,206534
296,2020-10-29,1500,1560,354697
297,2020-10-30,1560,1510,255169
298,2020-11-02,1510,1510,165402
299,2020-11-03,1520,1540,170657
