,date,open,close,volume
0,2019-08-16,1305,1290,1181202
1,2019-08-19,1290,1285,996666
2,2019-08-20,1310,1340,4244062
3,2019-08-21,1570,1425,18410608
4,2019-08-22,1440,1365,2811088
5,2019-08-23,1335,1480,16187985
6,2019-08-26,1445,1355,2847764
7,2019-08-27,1390,1410,7670232
8,2019-08-28,1395,1400,1839011
9,2019-08-29,1400,1360,1702472
10,2019-08-30,1375,1380,1306617
11,2019-09-02,1390,1390,1013943
12,2019-09-03,1395,1395,851495
13,2019-09-04,1385,1390,703419
14,2019-09-05,1405,1405,1599192
15,2019-09-06,1420,1460,3809248
16,2019-09-09,1450,1395,1870969
17,2019-09-10,1380,1375,1073211
18,2019-09-11,1370,1370,1097940
19,2019-09-16,1380,1375,732592
20,2019-09-17,1405,1395,1050505
21,2019-09-18,1400,1440,1683229
22,2019-09-19,1430,1440,2584693
23,2019-09-20,1455,1430,770283
24,2019-09-23,1425,1390,808581
25,2019-09-24,1390,1405,618057
26,2019-09-25,1420,1425,2020330
27,2019-09-26,1415,1385,1413044
28,2019-09-27,1380,1350,622316
29,2019-09-30,1350,1295,1905459
30,2019-10-01,1285,1235,2168566
31,2019-10-02,1225,1255,5031627
32,2019-10-04,1255,1265,770665
33,2019-10-07,1265,1375,10341993
34,2019-10-08,1375,1345,1390638
35,2019-10-10,1345,1335,1599020
36,2019-10-11,1350,1315,855026
37,2019-10-14,1330,1305,734214
38,2019-10-15,1300,1350,1565733
39,2019-10-16,1345,1330,537142
40,2019-10-17,1340,1295,766023
41,2019-10-18,1295,1290,500421
42,2019-10-21,1285,1280,399985
43,2019-10-22,1280,1285,594673
44,2019-10-23,1275,1260,764848
45,2019-10-24,1250,1265,753781
46,2019-10-25,1275,1280,1209993
47,2019-10-28,1300,1265,744110
48,2019-10-29,1270,1260,564626
49,2019-10-30,1265,1240,671091
50,2019-10-31,1250,1235,467597
51,2019-11-01,1245,1240,552450
52,2019-11-04,1240,1275,750714
53,2019-11-05,1265,1265,381036
54,2019-11-06,1265,1325,1444206
55,2019-11-07,1320,1295,505777
56,2019-11-08,1320,1300,436557
57,2019-11-11,1305,1300,423140
58,2019-11-12,1305,1325,1252307
59,2019-11-13,1325,1320,1004969
60,2019-11-14,1320,1310,4808439
61,2019-11-15,1310,1290,1110233
62,2019-11-18,1290,1330,2739386
63,2019-11-19,1315,1290,1014774
64,2019-11-20,1290,1240,1437356
65,2019-11-21,1230,1200,877606
66,2019-11-22,1200,1190,791751
67,2019-11-25,1195,1205,666273
68,2019-11-26,1220,1205,613207
69,2019-11-27,1200,1160,1028267
70,2019-11-28,1165,1135,648242
71,2019-11-29,1140,1115,783424
72,2019-12-02,1105,1115,634173
73,2019-12-03,1105,1105,561332
74,2019-12-04,1105,1095,425895
75,2019-12-05,1100,1070,516881
76,2019-12-06,1075,1095,448694
77,2019-12-09,1120,1100,526265
78,2019-12-10,1110,1145,600418
79,2019-12-11,1145,1120,315802
80,2019-12-12,1130,1120,428634
81,2019-12-13,1130,1140,536176
82,2019-12-16,1150,1130,610548
83,2019-12-17,1135,1155,683796
84,2019-12-18,1155,1125,500091
85,2019-12-19,1125,1115,597706
86,2019-12-20,1115,1130,418675
87,2019-12-23,1140,1125,431488
88,2019-12-24,1130,1110,408310
89,2019-12-26,1105,1110,457716
90,2019-12-27,1115,1140,624471
91,2019-12-30,1140,1130,634828
92,2020-01-02,1150,1170,945171
93,2020-01-03,1170,1160,908108
94,2020-01-06,1145,1130,1186183
95,2020-01-07,1145,1180,1288115
96,2020-01-08,1165,1135,879548
97,2020-01-09,1150,1175,526656
98,2020-01-10,1175,1210,1111717
99,2020-01-13,1220,1220,563421
100,2020-01-14,1230,1205,453012
101,2020-01-15,1215,1205,475067
102,2020-01-16,1210,1220,368242
103,2020-01-17,1220,1210,484959
104,2020-01-20,1210,1200,435505
105,2020-01-21,1200,1180,295347
106,2020-01-22,1180,1185,351375
107,2020-01-23,1180,1185,368259
108,2020-01-28,1145,1145,1352846
109,2020-01-29,1145,1135,431007
110,2020-01-30,1130,1115,697890
111,2020-01-31,1110,1075,644516
112,2020-02-03,1020,1065,1243438
113,2020-02-04,1090,1095,418042
114,2020-02-05,1095,1120,813546
115,2020-02-06,1125,1115,667959
116,2020-02-07,1120,1095,843120
117,2020-02-10,1080,1090,434656
118,2020-02-11,1085,1120,613600
119,2020-02-12,1140,1130,331101
120,2020-02-13,1125,1230,25336989
121,2020-02-14,1215,1240,7279014
122,2020-02-17,1235,1265,3284890
123,2020-02-18,1265,1215,1897051
124,2020-02-19,1200,1215,7279101
125,2020-02-20,1210,1190,1625312
126,2020-02-21,1190,1150,1296796
127,2020-02-24,1120,1290,23276250
128,2020-02-25,1390,1210,49092538
129,2020-02-26,1190,1215,4460935
130,2020-02-27,1210,1165,2536330
131,2020-02-28,1135,1125,2416177
132,2020-03-02,1115,1145,3612208
133,2020-03-03,1165,1125,1462383
134,2020-03-04,1120,1185,2029897
135,2020-03-05,1185,1070,10960660
136,2020-03-06,1085,1065,2944072
137,2020-03-09,1050,1010,2083553
138,2020-03-10,1050,1095,19295802
139,2020-03-11,1085,1050,2422403
140,2020-03-12,1025,1020,2114816
141,2020-03-13,930,989,2352214
142,2020-03-16,1030,927,1456312
143,2020-03-17,871,1005,1684336
144,2020-03-18,994,1020,2508185
145,2020-03-19,1005,977,1296472
146,2020-03-20,940,1100,2158361
147,2020-03-23,1040,1055,1163363
148,2020-03-24,1060,1060,1473754
149,2020-03-25,1070,1050,2509598
150,2020-03-26,1050,1030,3007784
151,2020-03-27,1050,1005,2745742
152,2020-03-30,985,1030,961258
153,2020-03-31,1040,1035,2142633
154,2020-04-01,1035,1025,3791915
155,2020-04-02,1020,1015,1981287
156,2020-04-03,1015,1005,2795557
157,2020-04-06,1010,1015,1370740
158,2020-04-07,1030,1065,4912719
159,2020-04-08,1065,1055,2123391
160,2020-04-09,1070,1100,5530608
161,2020-04-10,1100,1035,3755385
162,2020-04-13,1035,1020,1319845
163,2020-04-14,1020,1035,1231171
164,2020-04-16,1040,1075,1938699
165,2020-04-17,1085,1070,1813544
166,2020-04-20,1075,1130,3236354
167,2020-04-21,1120,1060,5852464
168,2020-04-22,1045,1060,1278201
169,2020-04-23,1075,1115,3849023
170,2020-04-24,1175,1140,10876360
171,2020-04-27,1155,1145,3825833
172,2020-04-28,1150,1120,2129626
173,2020-04-29,1130,1145,5727668
174,2020-05-04,1135,1140,1631922
175,2020-05-06,1145,1130,1849472
176,2020-05-07,1145,1185,8523018
177,2020-05-08,1255,1235,9387135
178,2020-05-11,1230,1200,2393990
179,2020-05-12,1200,1190,2388327
180,2020-05-13,1180,1215,2428083
181,2020-05-14,1205,1180,1532441
182,2020-05-15,1180,1190,1787665
183,2020-05-18,1180,1200,1160319
184,2020-05-19,1215,1200,1152988
185,2020-05-20,1190,1185,965709
186,2020-05-21,1195,1185,936799
187,2020-05-22,1180,1165,1234287
188,2020-05-25,1175,1190,1033097
189,2020-05-26,1155,1135,2725632
190,2020-05-27,1135,1135,1202825
191,2020-05-28,1140,1140,2749531
192,2020-05-29,1140,1160,1254820
193,2020-06-01,1165,1165,792616
194,2020-06-02,1170,1170,1217480
195,2020-06-03,1170,1170,1178523
196,2020-06-04,1170,1160,1221182
197,2020-06-05,1160,1145,1219498
198,2020-06-08,1150,1155,775430
199,2020-06-09,1160,1200,5325252
200,2020-06-10,1200,1190,1662554
201,2020-06-11,1185,1145,1699786
202,2020-06-12,1095,1105,1362114
203,2020-06-15,1095,1030,2165978
204,2020-06-16,1045,1055,1562344
205,2020-06-17,1045,1140,22669468
206,2020-06-18,1135,1115,2951161
207,2020-06-19,1115,1100,1511582
208,2020-06-22,1095,1085,910680
209,2020-06-23,1090,1110,6481211
210,2020-06-24,1105,1110,905529
211,2020-06-25,1090,1120,1530119
212,2020-06-26,1120,1100,1790035
213,2020-06-29,1080,1055,1451694
214,2020-06-30,1075,1070,651646
215,2020-07-01,1070,1060,529519
216,2020-07-02,1055,1080,499172
217,2020-07-03,1085,1075,357290
218,2020-07-06,1070,1105,1373472
219,2020-07-07,1105,1085,605961
220,2020-07-08,1085,1075,423356
221,2020-07-09,1080,1095,742120
222,2020-07-10,1100,1135,2680575
223,2020-07-13,1135,1115,485612
224,2020-07-14,1120,1100,808116
225,2020-07-15,1110,1115,572817
226,2020-07-16,1115,1100,479847
227,2020-07-17,1100,1105,500723
228,2020-07-20,1105,1095,613934
229,2020-07-21,1105,1120,1570146
230,2020-07-22,1135,1125,754851
231,2020-07-23,1120,1095,1377435
232,2020-07-24,1085,1085,857650
233,2020-07-27,1065,1070,813709
234,2020-07-28,1075,1060,682942
235,2020-07-29,1055,1060,814115
236,2020-07-30,1075,1050,560833
237,2020-07-31,1060,1050,388654
238,2020-08-03,1095,1110,15641255
239,2020-08-04,1120,1115,3463951
240,2020-08-05,1115,1160,11151996
241,2020-08-06,1130,1130,2358475
242,2020-08-07,1130,1140,2370484
243,2020-08-10,1155,1130,5017895
244,2020-08-11,1130,1160,1525366
245,2020-08-12,1150,1130,990585
246,2020-08-13,1135,1145,1156804
247,2020-08-14,1135,1105,1251262
248,2020-08-18,1115,1050,1494932
249,2020-08-19,1050,1070,682715
250,2020-08-20,1070,1025,1193274
251,2020-08-21,1040,1025,525093
252,2020-08-24,1045,1055,2943763
253,2020-08-25,1045,1090,1410677
254,2020-08-26,1090,1015,3009108
255,2020-08-27,1025,1020,2120510
256,2020-08-28,1055,1020,958455
257,2020-08-31,1035,1025,495079
258,2020-09-01,1015,1090,9141679
259,2020-09-02,1065,1055,2206900
260,2020-09-03,1055,1045,980159
261,2020-09-04,1005,1025,1243303
262,2020-09-07,1025,1030,784541
263,2020-09-08,1030,1030,885821
264,2020-09-09,1010,1025,459006
265,2020-09-10,1030,1050,1860225
266,2020-09-11,1045,1070,1500122
267,2020-09-14,1070,1050,1322762
268,2020-09-15,1055,1050,706826
269,2020-09-16,1050,1055,6038636
270,2020-09-17,1055,1055,1003844
271,2020-09-18,1055,1050,815141
272,2020-09-21,1065,1050,2457034
273,2020-09-22,1045,1020,1417835
274,2020-09-23,1025,1020,1133684
275,2020-09-24,1010,1005,1765588
276,2020-09-25,1010,1005,1087071
277,2020-09-28,1005,1015,634019
278,2020-09-29,1020,1005,645785
279,2020-10-05,1005,1010,664570
280,2020-10-06,1015,1010,793128
281,2020-10-07,1005,1010,632550
282,2020-10-08,1020,1010,692736
283,2020-10-12,1010,1005,1055732
284,2020-10-13,1010,1000,610675
285,2020-10-14,1000,992,571420
286,2020-10-15,992,985,1485144
287,2020-10-16,985,981,917341
288,2020-10-19,981,982,501019
289,2020-10-20,971,986,634427
290,2020-10-21,995,990,3194171
291,2020-10-22,990,1015,1854775
292,2020-10-23,1025,1020,1206740
293,2020-10-26,1020,1020,840280
294,2020-10-27,1000,1010,832577
295,2020-10-28,1010,1020,791900
296,2020-10-29,1120,1220,134084682
297,2020-10-30,1255,1150,36853999
298,2020-11-02,1150,1165,16251672
299,2020-11-03,1155,1165,12650405
