,date,open,close,volume
0,2019-08-16,1655,1690,143668
1,2019-08-19,1700,1690,165521
2,2019-08-20,1700,1720,97178
3,2019-08-21,1720,1730,364624
4,2019-08-22,1730,1760,620325
5,2019-08-23,1745,1695,297221
6,2019-08-26,1675,1665,93983
7,2019-08-27,1640,1675,84913
8,2019-08-28,1695,1680,232897
9,2019-08-29,1700,1675,52095
10,2019-08-30,1675,1700,194788
11,2019-09-02,1725,1635,250442
12,2019-09-03,1655,1670,139289
13,2019-09-04,1695,1670,129118
14,2019-09-05,1685,1640,230609
15,2019-09-06,1640,1645,61744
16,2019-09-09,1650,1705,665555
17,2019-09-10,1830,1655,527826
18,2019-09-11,1700,1670,140814
19,2019-09-16,1645,1675,185152
20,2019-09-17,1655,1700,1565540
21,2019-09-18,1740,1670,1887377
22,2019-09-19,1680,1665,285335
23,2019-09-20,1665,1700,680232
24,2019-09-23,1675,1670,274817
25,2019-09-24,1675,1645,178430
26,2019-09-25,1650,1600,399494
27,2019-09-26,1620,1600,844051
28,2019-09-27,1600,1605,304079
29,2019-09-30,1635,1600,394285
30,2019-10-01,1595,1595,189214
31,2019-10-02,1560,1560,242891
32,2019-10-04,1530,1510,126825
33,2019-10-07,1530,1500,101459
34,2019-10-08,1500,1515,154996
35,2019-10-10,1515,1515,117852
36,2019-10-11,1485,1505,207744
37,2019-10-14,1520,1505,303675
38,2019-10-15,1485,1500,111505
39,2019-10-16,1510,1500,126218
40,2019-10-17,1500,1540,189606
41,2019-10-18,1550,1555,164533
42,2019-10-21,1550,1510,172274
43,2019-10-22,1490,1435,316699
44,2019-10-23,1460,1510,544074
45,2019-10-24,1550,1465,149205
46,2019-10-25,1465,1475,262325
47,2019-10-28,1475,1415,203353
48,2019-10-29,1405,1415,165732
49,2019-10-30,1415,1440,314153
50,2019-10-31,1425,1465,104096
51,2019-11-01,1490,1525,566791
52,2019-11-04,1510,1550,418961
53,2019-11-05,1570,1565,89997
54,2019-11-06,1565,1575,90003
55,2019-11-07,1570,1555,183603
56,2019-11-08,1550,1580,137317
57,2019-11-11,1600,1555,100180
58,2019-11-12,1575,1530,119318
59,2019-11-13,1530,1595,624626
60,2019-11-14,1680,1540,1402762
61,2019-11-15,1535,1490,355146
62,2019-11-18,1485,1450,303632
63,2019-11-19,1460,1400,217563
64,2019-11-20,1400,1440,208127
65,2019-11-21,1440,1440,203846
66,2019-11-22,1375,1455,228209
67,2019-11-25,1530,1475,123284
68,2019-11-26,1470,1480,345500
69,2019-11-27,1495,1415,140972
70,2019-11-28,1420,1430,66918
71,2019-11-29,1430,1420,45769
72,2019-12-02,1420,1400,52359
73,2019-12-03,1400,1385,45451
74,2019-12-04,1385,1355,88004
75,2019-12-05,1355,1265,174133
76,2019-12-06,1280,1295,173935
77,2019-12-09,1310,1250,110382
78,2019-12-10,1250,1195,280944
79,2019-12-11,1220,1195,430471
80,2019-12-12,1195,1170,310193
81,2019-12-13,1160,1235,1257308
82,2019-12-16,1235,1200,370587
83,2019-12-17,1200,1190,358899
84,2019-12-18,1190,1315,2052432
85,2019-12-19,1315,1405,1363811
86,2019-12-20,1400,1375,302289
87,2019-12-23,1375,1300,181378
88,2019-12-24,1300,1315,133328
89,2019-12-26,1310,1305,352212
90,2019-12-27,1285,1290,91771
91,2019-12-30,1305,1360,995831
92,2020-01-02,1360,1340,307229
93,2020-01-03,1340,1280,327210
94,2020-01-06,1270,1260,156226
95,2020-01-07,1260,1310,258312
96,2020-01-08,1310,1350,478413
97,2020-01-09,1350,1325,987259
98,2020-01-10,1345,1520,5651974
99,2020-01-13,1515,1545,705522
100,2020-01-14,1575,1525,409483
101,2020-01-15,1510,1500,345532
102,2020-01-16,1500,1525,164430
103,2020-01-17,1540,1535,1186974
104,2020-01-20,1540,1535,453380
105,2020-01-21,1565,1525,674794
106,2020-01-22,1525,1535,520486
107,2020-01-23,1550,1525,232829
108,2020-01-28,1450,1460,314985
109,2020-01-29,1455,1455,520876
110,2020-01-30,1455,1505,477752
111,2020-01-31,1525,1480,567861
112,2020-02-03,1470,1460,181663
113,2020-02-04,1485,1415,770699
114,2020-02-05,1420,1430,409718
115,2020-02-06,1430,1415,247421
116,2020-02-07,1430,1420,335563
117,2020-02-10,1420,1375,203343
118,2020-02-11,1375,1370,234175
119,2020-02-12,1370,1420,358199
120,2020-02-13,1385,1440,279180
121,2020-02-14,1440,1465,369170
122,2020-02-17,1465,1425,186659
123,2020-02-18,1425,1390,205244
124,2020-02-19,1370,1385,254402
125,2020-02-20,1385,1330,170001
126,2020-02-21,1300,1280,369124
127,2020-02-24,1265,1265,490922
128,2020-02-25,1270,1330,405414
129,2020-02-26,1330,1345,178805
130,2020-02-27,1345,1295,403266
131,2020-02-28,1260,1210,403598
132,2020-03-02,1175,1220,163459
133,2020-03-03,1230,1220,193758
134,2020-03-04,1220,1255,168871
135,2020-03-05,1260,1280,94001
136,2020-03-06,1255,1255,51625
137,2020-03-09,1230,1300,3195397
138,2020-03-10,1265,1320,885502
139,2020-03-11,1345,1390,5159626
140,2020-03-12,1490,1445,3861484
141,2020-03-13,1445,1015,13605145
142,2020-03-16,1040,1045,21414535
143,2020-03-17,1060,1105,9079910
144,2020-03-18,1195,776,18055931
145,2020-03-19,802,775,7450517
146,2020-03-20,775,788,7824557
147,2020-03-23,788,1020,17059730
148,2020-03-24,1120,1000,8158903
149,2020-03-25,1070,1080,7927092
150,2020-03-26,1140,1335,10455998
151,2020-03-27,1450,1250,10850166
152,2020-03-30,1350,1340,3898625
153,2020-03-31,1385,1350,4798017
154,2020-04-01,1425,1755,17879338
155,2020-04-02,1955,1660,22627902
156,2020-04-03,1635,1550,6054841
157,2020-04-06,1565,1675,5776371
158,2020-04-07,1685,1770,23185014
159,2020-04-08,1830,1870,31791936
160,2020-04-09,1800,1780,6102679
161,2020-04-10,1830,1675,4095933
162,2020-04-13,1690,1645,3217263
163,2020-04-14,1760,1645,4631403
164,2020-04-16,1650,1545,2033115
165,2020-04-17,1520,1585,3728725
166,2020-04-20,1615,1590,1657991
167,2020-04-21,1535,1535,2294518
168,2020-04-22,1530,1470,1233576
169,2020-04-23,1505,1520,1538305
170,2020-04-24,1515,1530,1148055
171,2020-04-27,1530,1550,983094
172,2020-04-28,1565,1495,871639
173,2020-04-29,1495,1420,1240580
174,2020-05-04,1415,1355,943350
175,2020-05-06,1350,1325,1057697
176,2020-05-07,1310,1445,1553377
177,2020-05-08,1540,1555,4346004
178,2020-05-11,1625,1545,1055108
179,2020-05-12,1545,1595,1173131
180,2020-05-13,1600,1550,761399
181,2020-05-14,1535,1555,3493845
182,2020-05-15,1575,1485,1161231
183,2020-05-18,1510,1525,669030
184,2020-05-19,1555,1540,4326153
185,2020-05-20,1550,1540,686045
186,2020-05-21,1525,1495,1039537
187,2020-05-22,1500,1440,998140
188,2020-05-25,1460,1450,389565
189,2020-05-26,1445,1455,514116
190,2020-05-27,1450,1460,693521
191,2020-05-28,1465,1450,800126
192,2020-05-29,1450,1420,635357
193,2020-06-01,1440,1380,878470
194,2020-06-02,1360,1360,653498
195,2020-06-03,1360,1290,914375
196,2020-06-04,1300,1285,530301
197,2020-06-05,1285,1260,691838
198,2020-06-08,1260,1335,2972405
199,2020-06-09,1300,1285,786504
200,2020-06-10,1295,1230,859017
201,2020-06-11,1220,1205,620385
202,2020-06-12,1155,1200,686650
203,2020-06-15,1235,1135,763210
204,2020-06-16,1160,1200,607162
205,2020-06-17,1225,1195,454469
206,2020-06-18,1205,1195,371071
207,2020-06-19,1180,1255,2959311
208,2020-06-22,1290,1300,1101910
209,2020-06-23,1305,1260,568304
210,2020-06-24,1245,1410,6209702
211,2020-06-25,1530,1345,2101515
212,2020-06-26,1345,1345,710882
213,2020-06-29,1350,1310,371430
214,2020-06-30,1310,1420,2305314
215,2020-07-01,1490,1435,1263597
216,2020-07-02,1440,1425,564721
217,2020-07-03,1420,1445,1887178
218,2020-07-06,1450,1490,1166486
219,2020-07-07,1490,1500,571471
220,2020-07-08,1505,1445,621518
221,2020-07-09,1450,1420,521453
222,2020-07-10,1415,1340,764562
223,2020-07-13,1390,1370,986918
224,2020-07-14,1430,1780,23826877
225,2020-07-15,1950,1585,16096048
226,2020-07-16,1585,1565,2895798
227,2020-07-17,1630,1415,10673582
228,2020-07-20,1385,1345,3214767
229,2020-07-21,1340,1345,2152437
230,2020-07-22,1340,1305,3121198
231,2020-07-23,1290,1310,1690188
232,2020-07-24,1300,1310,2604159
233,2020-07-27,1330,1315,1045524
234,2020-07-28,1300,1305,4465712
235,2020-07-29,1315,1280,1838166
236,2020-07-30,1295,1280,1582891
237,2020-07-31,1285,1265,1507424
238,2020-08-03,1265,1335,6722809
239,2020-08-04,1385,1310,2221825
240,2020-08-05,1335,1380,5614544
241,2020-08-06,1390,1320,2381850
242,2020-08-07,1320,1340,1358290
243,2020-08-10,1335,1320,1235331
244,2020-08-11,1315,1375,3039508
245,2020-08-12,1370,1365,1805947
246,2020-08-13,1365,1335,1393444
247,2020-08-14,1350,1325,1406436
248,2020-08-18,1350,1720,21026626
249,2020-08-19,2015,2235,6668012
250,2020-08-20,2905,2905,770892
251,2020-08-21,3775,3775,47775484
252,2020-08-24,4700,4905,8554128
253,2020-08-25,0,4905,0
254,2020-08-26,6370,6370,5834235
255,2020-08-27,7000,5030,76387018
256,2020-08-28,4850,4325,40122986
257,2020-08-31,4010,4110,50484272
258,2020-09-01,3970,4255,47509207
259,2020-09-02,4145,4275,12337176
260,2020-09-03,4365,5550,83121344
261,2020-09-04,5100,6050,82489478
262,2020-09-07,6100,7860,24968025
263,2020-09-08,0,7860,0
264,2020-09-09,8450,9140,54848923
265,2020-09-10,8920,8260,25732570
266,2020-09-11,7650,7780,34142095
267,2020-09-14,7020,7560,37665545
268,2020-09-15,7690,6820,21358763
269,2020-09-16,6710,6250,23541134
270,2020-09-17,6500,7190,64761306
271,2020-09-18,6820,6770,22349490
272,2020-09-21,6850,7100,38309377
273,2020-09-22,7170,7300,18684743
274,2020-09-23,7300,7040,8549655
275,2020-09-24,6910,6840,9266808
276,2020-09-25,6840,6550,12132540
277,2020-09-28,6850,6790,5437270
278,2020-09-29,6910,6960,6304045
279,2020-10-05,7060,6870,4001627
280,2020-10-06,6900,7030,11975686
281,2020-10-07,7000,7010,4421243
282,2020-10-08,7010,6860,3863101
283,2020-10-12,6860,6680,4373599
284,2020-10-13,6900,7160,18460634
285,2020-10-14,7870,7060,24947486
286,2020-10-15,6950,6750,9045966
287,2020-10-16,6630,6300,4029079
288,2020-10-19,6230,5580,6416592
289,2020-10-20,5400,5750,7677215
290,2020-10-21,5740,5300,3768193
291,2020-10-22,5190,5000,6684694
292,2020-10-23,5100,5030,3025113
293,2020-10-26,5000,4520,6362495
294,2020-10-27,4330,4535,5191226
295,2020-10-28,4525,4680,2696358
296,2020-10-29,4570,4880,11867464
297,2020-10-30,4890,4710,2692866
298,2020-11-02,4580,4420,6421929
299,2020-11-03,4420,4450,3898177
