,date,open,close,volume
0,2019-08-16,1785,1785,1
1,2019-08-19,1725,1760,9693
2,2019-08-20,1760,1755,10
3,2019-08-21,1760,1750,1083
4,2019-08-22,1750,1740,2219
5,2019-08-23,1740,1745,37209
6,2019-08-26,1740,1745,25193
7,2019-08-27,1750,1735,19689
8,2019-08-28,1730,1735,13055
9,2019-08-29,1735,1730,19513
10,2019-08-30,1730,1740,49783
11,2019-09-02,1740,1765,5437
12,2019-09-03,1765,1765,9969
13,2019-09-04,1770,1765,6493
14,2019-09-05,1770,1770,31101
15,2019-09-06,1765,1770,32912
16,2019-09-09,1775,1775,38907
17,2019-09-10,1750,1765,22672
18,2019-09-11,1765,1770,15597
19,2019-09-16,1785,1765,10585
20,2019-09-17,1780,1760,27306
21,2019-09-18,1780,1765,4077
22,2019-09-19,1775,1755,28502
23,2019-09-20,1760,1760,3638
24,2019-09-23,1775,1785,88382
25,2019-09-24,1770,1780,3761
26,2019-09-25,1780,1780,2375
27,2019-09-26,1790,1780,526
28,2019-09-27,1785,1785,4534
29,2019-09-30,1795,1805,29961
30,2019-10-01,1805,1805,2614
31,2019-10-02,1810,1810,3983
32,2019-10-04,1810,1805,5912
33,2019-10-07,1810,1805,12212
34,2019-10-08,1800,1795,19444
35,2019-10-10,1790,1790,519
36,2019-10-11,1840,1810,11867
37,2019-10-14,1800,1800,95
38,2019-10-15,1790,1800,240
39,2019-10-16,1800,1800,2299
40,2019-10-17,1800,1800,4245
41,2019-10-18,1810,1800,4806
42,2019-10-21,1800,1800,2071
43,2019-10-22,1795,1800,17010
44,2019-10-23,1790,1795,24405
45,2019-10-24,1795,1795,7706
46,2019-10-25,1800,1800,1037
47,2019-10-28,1805,1800,49
48,2019-10-29,1800,1805,155
49,2019-10-30,1805,1800,4067
50,2019-10-31,1800,1800,7797
51,2019-11-01,1800,1800,33069
52,2019-11-04,1800,1795,25971
53,2019-11-05,1800,1800,46114
54,2019-11-06,1790,1790,56818
55,2019-11-07,1770,1770,61808
56,2019-11-08,1790,1780,4279
57,2019-11-11,1790,1795,14326
58,2019-11-12,1795,1790,8119
59,2019-11-13,1795,1790,30096
60,2019-11-14,1790,1790,13008
61,2019-11-15,1770,1800,10375
62,2019-11-18,1800,1790,1372
63,2019-11-19,1770,1790,771
64,2019-11-20,1790,1785,23614
65,2019-11-21,1785,1785,4331
66,2019-11-22,1790,1790,8726
67,2019-11-25,1790,1785,12586
68,2019-11-26,1785,1795,21110
69,2019-11-27,1800,1795,15111
70,2019-11-28,1805,1795,9410
71,2019-11-29,1805,1795,19474
72,2019-12-02,1800,1800,175
73,2019-12-03,1790,1800,8628
74,2019-12-04,1800,1800,32149
75,2019-12-05,1800,1810,4796
76,2019-12-06,1800,1800,61657
77,2019-12-09,1800,1800,19031
78,2019-12-10,1805,1805,27939
79,2019-12-11,1805,1800,57103
80,2019-12-12,1800,1800,41527
81,2019-12-13,1790,1785,9885
82,2019-12-16,1790,1795,8622
83,2019-12-17,1795,1795,9721
84,2019-12-18,1795,1790,7510
85,2019-12-19,1770,1790,11047
86,2019-12-20,1790,1790,317
87,2019-12-23,1790,1790,24639
88,2019-12-24,1790,1790,1196
89,2019-12-26,1790,1790,1012
90,2019-12-27,1790,1790,20054
91,2019-12-30,1795,1795,12462
92,2020-01-02,1800,1795,25182
93,2020-01-03,1790,1800,7683
94,2020-01-06,1755,1800,4676
95,2020-01-07,1800,1800,14611
96,2020-01-08,1795,1790,10364
97,2020-01-09,1795,1795,1903
98,2020-01-10,1795,1795,2203
99,2020-01-13,1785,1795,30320
100,2020-01-14,1790,1775,36238
101,2020-01-15,1775,1775,1828
102,2020-01-16,1775,1775,18517
103,2020-01-17,1775,1770,42500
104,2020-01-20,1760,1765,806
105,2020-01-21,1765,1760,5265
106,2020-01-22,1760,1760,33107
107,2020-01-23,1760,1760,13263
108,2020-01-28,1765,1755,24050
109,2020-01-29,1765,1760,4069
110,2020-01-30,1790,1755,24062
111,2020-01-31,1795,1750,42805
112,2020-02-03,1745,1685,107789
113,2020-02-04,1685,1665,8184
114,2020-02-05,1675,1635,15036
115,2020-02-06,1635,1610,15049
116,2020-02-07,1580,1540,56787
117,2020-02-10,1560,1545,28008
118,2020-02-11,1685,1585,3133
119,2020-02-12,1685,1630,384
120,2020-02-13,1665,1635,1025
121,2020-02-14,1665,1630,318
122,2020-02-17,1590,1580,6973
123,2020-02-18,1585,1560,13453
124,2020-02-19,1540,1570,2410
125,2020-02-20,1675,1580,261
126,2020-02-21,1600,1565,10659
127,2020-02-24,1600,1550,4955
128,2020-02-25,1585,1565,1003
129,2020-02-26,1470,1530,5088
130,2020-02-27,1555,1540,1092
131,2020-02-28,1530,1530,3612
132,2020-03-02,1510,1495,5251
133,2020-03-03,1620,1560,4733
134,2020-03-04,1500,1530,5413
135,2020-03-05,1530,1560,3548
136,2020-03-06,1570,1560,906
137,2020-03-09,1650,1490,17925
138,2020-03-10,1550,1485,17436
139,2020-03-11,1530,1445,20585
140,2020-03-12,1430,1370,35643
141,2020-03-13,1360,1375,13922
142,2020-03-16,1350,1405,2043
143,2020-03-17,1290,1400,195
144,2020-03-18,1395,1395,2011
145,2020-03-19,1340,1235,12598
146,2020-03-20,1235,1250,10810
147,2020-03-23,1315,1285,2655
148,2020-03-24,1340,1310,512
149,2020-03-25,1270,1275,17023
150,2020-03-26,1275,1270,14207
151,2020-03-27,1250,1260,13416
152,2020-03-30,1260,1240,9414
153,2020-03-31,1220,1260,5854
154,2020-04-01,1280,1240,4015
155,2020-04-02,1215,1245,38618
156,2020-04-03,1245,1215,171974
157,2020-04-06,1250,1240,40102
158,2020-04-07,1240,1250,24142
159,2020-04-08,1260,1235,22547
160,2020-04-09,1235,1240,23051
161,2020-04-10,1265,1265,113425
162,2020-04-13,1255,1265,52659
163,2020-04-14,1240,1265,34061
164,2020-04-16,1240,1250,13441
165,2020-04-17,1250,1235,4938
166,2020-04-20,1230,1230,106839
167,2020-04-21,1230,1230,9728
168,2020-04-22,1230,1240,19521
169,2020-04-23,1245,1275,3292
170,2020-04-24,1275,1275,9657
171,2020-04-27,1280,1275,41962
172,2020-04-28,1275,1275,90316
173,2020-04-29,1275,1275,20718
174,2020-05-04,1280,1280,4767
175,2020-05-06,1290,1285,3116
176,2020-05-07,1285,1290,8816
177,2020-05-08,1285,1300,5045
178,2020-05-11,1295,1280,1686
179,2020-05-12,1280,1290,16823
180,2020-05-13,1310,1285,1674
181,2020-05-14,1315,1295,570
182,2020-05-15,1295,1300,1619
183,2020-05-18,1380,1315,5114
184,2020-05-19,1315,1355,33385
185,2020-05-20,1385,1335,42660
186,2020-05-21,1315,1335,8181
187,2020-05-22,1360,1350,10591
188,2020-05-25,1305,1330,11621
189,2020-05-26,1365,1330,1029
190,2020-05-27,1350,1320,133
191,2020-05-28,1315,1335,6155
192,2020-05-29,1360,1335,730
193,2020-06-01,1335,1320,21277
194,2020-06-02,1320,1330,1287
195,2020-06-03,1330,1345,32857
196,2020-06-04,1380,1345,3415
197,2020-06-05,1370,1370,5392
198,2020-06-08,1370,1350,22713
199,2020-06-09,1350,1365,15989
200,2020-06-10,1365,1370,12366
201,2020-06-11,1350,1335,33421
202,2020-06-12,1285,1295,13080
203,2020-06-15,1300,1300,20209
204,2020-06-16,1375,1310,5324
205,2020-06-17,1375,1360,107
206,2020-06-18,1335,1365,2795
207,2020-06-19,1375,1365,13523
208,2020-06-22,1375,1360,42732
209,2020-06-23,1370,1360,11275
210,2020-06-24,1375,1370,10795
211,2020-06-25,1355,1370,4469
212,2020-06-26,1360,1360,15286
213,2020-06-29,1355,1335,25528
214,2020-06-30,1360,1360,4814
215,2020-07-01,1360,1365,3054
216,2020-07-02,1385,1375,2405
217,2020-07-03,1390,1360,3081
218,2020-07-06,1360,1370,30297
219,2020-07-07,1390,1385,10604
220,2020-07-08,1380,1370,11770
221,2020-07-09,1370,1380,22329
222,2020-07-10,1380,1375,20149
223,2020-07-13,1395,1375,6101
224,2020-07-14,1375,1375,2955
225,2020-07-15,1375,1375,9516
226,2020-07-16,1425,1360,3313
227,2020-07-17,1425,1370,4065
228,2020-07-20,1370,1365,5209
229,2020-07-21,1365,1350,18500
230,2020-07-22,1345,1360,6436
231,2020-07-23,1360,1380,19726
232,2020-07-24,1380,1360,1519
233,2020-07-27,1360,1360,3844
234,2020-07-28,1365,1355,905
235,2020-07-29,1355,1350,4433
236,2020-07-30,1345,1345,5092
237,2020-07-31,1345,1345,12077
238,2020-08-03,1350,1340,4128
239,2020-08-04,1350,1350,23094
240,2020-08-05,1350,1355,6064
241,2020-08-06,1360,1335,7642
242,2020-08-07,1330,1345,1157
243,2020-08-10,1345,1330,9982
244,2020-08-11,1330,1315,29772
245,2020-08-12,1350,1335,10106
246,2020-08-13,1345,1340,2010
247,2020-08-14,1320,1330,465
248,2020-08-18,1380,1330,2694
249,2020-08-19,1385,1330,6459
250,2020-08-20,1330,1320,5114
251,2020-08-21,1320,1320,776
252,2020-08-24,1255,1315,700
253,2020-08-25,1315,1360,2962
254,2020-08-26,1340,1340,6273
255,2020-08-27,1335,1315,899
256,2020-08-28,1315,1335,1647
257,2020-08-31,1335,1315,6512
258,2020-09-01,1300,1330,4181
259,2020-09-02,1330,1335,791
260,2020-09-03,1335,1330,24
261,2020-09-04,1350,1325,165
262,2020-09-07,1370,1335,3441
263,2020-09-08,1340,1325,12557
264,2020-09-09,1320,1325,37
265,2020-09-10,1325,1330,3472
266,2020-09-11,1340,1315,22273
267,2020-09-14,1390,1370,4412
268,2020-09-15,1390,1335,44402
269,2020-09-16,1310,1345,9386
270,2020-09-17,1375,1350,37
271,2020-09-18,1390,1350,1831
272,2020-09-21,1350,1330,8489
273,2020-09-22,1345,1330,17985
274,2020-09-23,1340,1325,22917
275,2020-09-24,1325,1320,18335
276,2020-09-25,1325,1325,566
277,2020-09-28,1325,1315,9738
278,2020-09-29,1320,1360,2710
279,2020-10-05,1330,1355,5180
280,2020-10-06,1385,1330,16882
281,2020-10-07,1340,1330,2753
282,2020-10-08,1330,1335,6129
283,2020-10-12,1345,1335,6455
284,2020-10-13,1330,1335,14389
285,2020-10-14,1380,1330,7434
286,2020-10-15,1355,1330,9378
287,2020-10-16,1345,1335,16273
288,2020-10-19,1345,1330,2218
289,2020-10-20,1340,1330,6461
290,2020-10-21,1400,1325,1048
291,2020-10-22,1325,1330,7396
292,2020-10-23,1325,1325,28295
293,2020-10-26,1335,1335,411
294,2020-10-27,1325,1335,48526
295,2020-10-28,1340,1330,35981
296,2020-10-29,1330,1330,5036
297,2020-10-30,1330,1330,49156
298,2020-11-02,1335,1330,9507
299,2020-11-03,1330,1330,2465
