,date,open,close,volume
0,2019-08-16,2585,2445,348350
1,2019-08-19,2545,2500,103482
2,2019-08-20,2505,2545,40749
3,2019-08-21,2550,2520,30102
4,2019-08-22,2540,2435,58277
5,2019-08-23,2435,2430,21688
6,2019-08-26,2350,2370,13749
7,2019-08-27,2370,2395,13926
8,2019-08-28,2415,2415,8999
9,2019-08-29,2430,2445,17030
10,2019-08-30,2465,2480,13708
11,2019-09-02,2480,2495,15825
12,2019-09-03,2510,2490,9224
13,2019-09-04,2500,2545,90859
14,2019-09-05,2545,2545,14162
15,2019-09-06,2560,2585,35237
16,2019-09-09,2585,2565,25888
17,2019-09-10,2550,2575,15782
18,2019-09-11,2575,2540,5849
19,2019-09-16,2540,2585,21505
20,2019-09-17,2585,2585,15335
21,2019-09-18,2580,2580,18117
22,2019-09-19,2580,2525,14670
23,2019-09-20,2510,2530,15671
24,2019-09-23,2520,2540,14844
25,2019-09-24,2540,2610,46394
26,2019-09-25,2610,2540,41266
27,2019-09-26,2545,2600,18471
28,2019-09-27,2600,2615,26747
29,2019-09-30,2615,2580,28788
30,2019-10-01,2630,2645,42724
31,2019-10-02,2655,2615,18508
32,2019-10-04,2610,2600,20196
33,2019-10-07,2600,2520,28162
34,2019-10-08,2470,2515,11202
35,2019-10-10,2515,2535,4352
36,2019-10-11,2520,2540,9297
37,2019-10-14,2560,2660,60147
38,2019-10-15,2685,2700,30912
39,2019-10-16,2695,2690,38037
40,2019-10-17,2690,2720,34341
41,2019-10-18,2720,2725,31365
42,2019-10-21,2720,2760,22981
43,2019-10-22,2760,2730,20773
44,2019-10-23,2700,2660,21685
45,2019-10-24,2610,2685,20982
46,2019-10-25,2740,2680,27067
47,2019-10-28,2680,2710,43668
48,2019-10-29,2710,2695,16281
49,2019-10-30,2695,2690,9109
50,2019-10-31,2700,2735,15191
51,2019-11-01,2735,2725,32860
52,2019-11-04,2700,2740,25696
53,2019-11-05,2740,2745,15602
54,2019-11-06,2745,2750,23440
55,2019-11-07,2725,2760,10914
56,2019-11-08,2730,2765,7780
57,2019-11-11,2775,2750,33015
58,2019-11-12,2720,2775,19805
59,2019-11-13,2770,2860,83203
60,2019-11-14,2830,2885,190319
61,2019-11-15,2900,3045,404501
62,2019-11-18,3045,3020,243715
63,2019-11-19,3020,3020,195452
64,2019-11-20,3025,2970,91043
65,2019-11-21,2920,2980,59805
66,2019-11-22,2980,2985,40336
67,2019-11-25,2960,2975,69708
68,2019-11-26,2990,2995,139073
69,2019-11-27,3070,2925,74026
70,2019-11-28,2925,2960,38632
71,2019-11-29,2950,2960,48312
72,2019-12-02,2960,2990,34962
73,2019-12-03,2985,3000,39479
74,2019-12-04,3000,2980,44909
75,2019-12-05,2995,2960,13973
76,2019-12-06,2940,3040,57511
77,2019-12-09,3040,3045,24098
78,2019-12-10,2990,2995,40174
79,2019-12-11,2995,2990,10935
80,2019-12-12,3000,2995,23239
81,2019-12-13,2995,3025,75675
82,2019-12-16,3025,3045,83854
83,2019-12-17,3070,3050,39104
84,2019-12-18,3055,3080,38263
85,2019-12-19,3090,3080,64546
86,2019-12-20,3100,3085,30071
87,2019-12-23,3090,3080,51215
88,2019-12-24,3085,3070,48004
89,2019-12-26,3075,3100,147138
90,2019-12-27,3060,3045,84602
91,2019-12-30,3045,3060,73708
92,2020-01-02,3060,3080,64757
93,2020-01-03,3080,3060,44713
94,2020-01-06,3055,3055,96292
95,2020-01-07,3040,3040,45538
96,2020-01-08,3030,3000,73506
97,2020-01-09,3000,3010,46952
98,2020-01-10,3010,3010,55452
99,2020-01-13,3010,3030,82233
100,2020-01-14,3030,3030,64328
101,2020-01-15,3000,3040,56382
102,2020-01-16,3040,3030,58000
103,2020-01-17,3030,3025,131559
104,2020-01-20,3025,3000,70759
105,2020-01-21,3000,3005,65659
106,2020-01-22,3000,2910,47215
107,2020-01-23,2910,2930,86024
108,2020-01-28,2900,2850,85680
109,2020-01-29,2850,2845,37583
110,2020-01-30,2845,2775,47447
111,2020-01-31,2770,2750,57204
112,2020-02-03,2725,2800,73361
113,2020-02-04,2760,2850,50281
114,2020-02-05,2850,2875,33043
115,2020-02-06,2875,2895,26502
116,2020-02-07,2900,2910,23200
117,2020-02-10,2910,2890,8700
118,2020-02-11,2890,2905,40740
119,2020-02-12,2905,2945,87977
120,2020-02-13,2945,2980,135323
121,2020-02-14,2995,3005,62604
122,2020-02-17,3005,3000,18649
123,2020-02-18,3000,2995,33561
124,2020-02-19,2995,2975,22352
125,2020-02-20,2975,2995,35434
126,2020-02-21,2970,2940,49171
127,2020-02-24,2870,2860,64191
128,2020-02-25,2795,2860,119898
129,2020-02-26,2820,2860,41002
130,2020-02-27,2855,2775,100297
131,2020-02-28,2700,2600,90163
132,2020-03-02,2600,2630,39948
133,2020-03-03,2655,2635,52757
134,2020-03-04,2635,2660,24748
135,2020-03-05,2660,2690,62572
136,2020-03-06,2660,2630,117649
137,2020-03-09,2575,2430,144470
138,2020-03-10,2390,2380,195540
139,2020-03-11,2380,2275,116462
140,2020-03-12,2250,2090,186305
141,2020-03-13,2050,2020,293330
142,2020-03-16,2020,1970,157969
143,2020-03-17,1905,2000,101030
144,2020-03-18,2000,1960,80986
145,2020-03-19,1930,1685,257346
146,2020-03-20,1640,1770,178385
147,2020-03-23,1690,1595,103493
148,2020-03-24,1610,1720,50876
149,2020-03-25,1755,1810,119074
150,2020-03-26,1810,1975,155383
151,2020-03-27,2000,1920,119286
152,2020-03-30,1835,1980,116987
153,2020-03-31,1970,1990,155527
154,2020-04-01,1990,1965,139932
155,2020-04-02,1960,1975,47359
156,2020-04-03,1975,1995,91898
157,2020-04-06,2045,2070,128544
158,2020-04-07,2105,2200,802003
159,2020-04-08,2200,2185,238549
160,2020-04-09,2195,2210,114788
161,2020-04-10,2220,2170,157466
162,2020-04-13,2170,2085,81908
163,2020-04-14,2085,2130,72729
164,2020-04-16,2110,2145,61194
165,2020-04-17,2150,2210,124108
166,2020-04-20,2215,2310,114025
167,2020-04-21,2310,2275,81306
168,2020-04-22,2245,2280,44594
169,2020-04-23,2300,2385,109461
170,2020-04-24,2385,2330,67897
171,2020-04-27,2330,2415,110311
172,2020-04-28,2415,2340,98364
173,2020-04-29,2340,2350,98459
174,2020-05-04,2350,2360,39278
175,2020-05-06,2370,2400,59262
176,2020-05-07,2400,2515,127463
177,2020-05-08,2515,2545,87807
178,2020-05-11,2545,2590,140937
179,2020-05-12,2600,2570,79950
180,2020-05-13,2550,2490,77244
181,2020-05-14,2450,2440,65739
182,2020-05-15,2445,2345,109838
183,2020-05-18,2345,2345,169810
184,2020-05-19,2400,2475,2602523
185,2020-05-20,2460,2440,258065
186,2020-05-21,2465,2460,196822
187,2020-05-22,2455,2555,1669770
188,2020-05-25,2575,2580,196753
189,2020-05-26,2685,2550,369395
190,2020-05-27,2550,2500,200229
191,2020-05-28,2505,2415,441981
192,2020-05-29,2430,2450,120218
193,2020-06-01,2470,2460,91148
194,2020-06-02,2465,2500,99517
195,2020-06-03,2500,2500,114536
196,2020-06-04,2505,2500,137986
197,2020-06-05,2500,2490,78314
198,2020-06-08,2500,2500,81175
199,2020-06-09,2520,2530,668227
200,2020-06-10,2530,2510,220923
201,2020-06-11,2510,2465,119602
202,2020-06-12,2355,2425,625146
203,2020-06-15,2415,2235,219595
204,2020-06-16,2250,2330,53718
205,2020-06-17,2330,2345,69659
206,2020-06-18,2345,2310,55432
207,2020-06-19,2330,2345,66990
208,2020-06-22,2340,2375,72940
209,2020-06-23,2385,2355,45339
210,2020-06-24,2360,2410,104529
211,2020-06-25,2390,2365,42880
212,2020-06-26,2365,2380,54147
213,2020-06-29,2320,2345,38722
214,2020-06-30,2330,2325,39783
215,2020-07-01,2315,2330,47608
216,2020-07-02,2310,2335,95585
217,2020-07-03,2335,2350,58957
218,2020-07-06,2335,2370,58662
219,2020-07-07,2355,2400,78125
220,2020-07-08,2400,2475,145831
221,2020-07-09,2475,2445,38865
222,2020-07-10,2445,2440,35233
223,2020-07-13,2430,2450,48881
224,2020-07-14,2445,2470,96222
225,2020-07-15,2495,2470,58026
226,2020-07-16,2470,2455,53752
227,2020-07-17,2455,2445,61487
228,2020-07-20,2425,2455,48208
229,2020-07-21,2470,2460,78869
230,2020-07-22,2460,2460,46572
231,2020-07-23,2455,2425,71373
232,2020-07-24,2420,2395,59273
233,2020-07-27,2360,2410,51018
234,2020-07-28,2410,2420,37368
235,2020-07-29,2415,2395,58594
236,2020-07-30,2390,2360,110739
237,2020-07-31,2360,2375,66917
238,2020-08-03,2360,2340,85923
239,2020-08-04,2340,2375,48099
240,2020-08-05,2375,2360,24684
241,2020-08-06,2360,2380,42595
242,2020-08-07,2380,2350,67656
243,2020-08-10,2350,2360,42220
244,2020-08-11,2380,2375,39371
245,2020-08-12,2375,2355,40445
246,2020-08-13,2355,2390,91254
247,2020-08-14,2390,2380,63414
248,2020-08-18,2360,2230,119872
249,2020-08-19,2235,2205,80238
250,2020-08-20,2200,2090,157235
251,2020-08-21,2090,2100,30881
252,2020-08-24,2100,2100,59755
253,2020-08-25,2100,2170,58542
254,2020-08-26,2175,2170,32219
255,2020-08-27,2170,2140,52267
256,2020-08-28,2140,2135,27213
257,2020-08-31,2150,2170,49379
258,2020-09-01,2170,2200,72156
259,2020-09-02,2195,2205,37907
260,2020-09-03,2210,2310,60354
261,2020-09-04,2270,2290,47243
262,2020-09-07,2270,2355,96619
263,2020-09-08,2355,2360,136535
264,2020-09-09,2350,2370,39404
265,2020-09-10,2365,2325,93144
266,2020-09-11,2330,2330,38083
267,2020-09-14,2335,2395,86388
268,2020-09-15,2395,2490,101476
269,2020-09-16,2460,2420,96571
270,2020-09-17,2420,2405,30784
271,2020-09-18,2405,2410,40687
272,2020-09-21,2410,2370,38455
273,2020-09-22,2335,2315,45860
274,2020-09-23,2315,2340,31912
275,2020-09-24,2335,2385,569543
276,2020-09-25,2680,2330,3765928
277,2020-09-28,2330,2330,245052
278,2020-09-29,2335,2425,247858
279,2020-10-05,2425,2440,150909
280,2020-10-06,2450,2470,259972
281,2020-10-07,2470,2705,4377141
282,2020-10-08,2675,2675,652599
283,2020-10-12,2670,2730,1133005
284,2020-10-13,2750,2770,2263254
285,2020-10-14,2720,2610,837735
286,2020-10-15,2605,2580,326269
287,2020-10-16,2560,2530,213645
288,2020-10-19,2575,2605,229479
289,2020-10-20,2550,2600,130447
290,2020-10-21,2585,2610,319473
291,2020-10-22,2590,2670,388442
292,2020-10-23,2680,2715,501736
293,2020-10-26,2765,2830,4850261
294,2020-10-27,2835,2900,1933398
295,2020-10-28,2900,2860,1353234
296,2020-10-29,2785,2815,535729
297,2020-10-30,2795,2710,456442
298,2020-11-02,2705,3520,24059395
299,2020-11-03,3530,3785,22236056
