,date,open,close,volume
0,2019-08-16,63500,63100,2239
1,2019-08-19,63000,62500,729
2,2019-08-20,62500,62400,825
3,2019-08-21,62400,62600,2606
4,2019-08-22,62200,62600,505
5,2019-08-23,62700,63000,875
6,2019-08-26,62400,62900,562
7,2019-08-27,63000,62000,1486
8,2019-08-28,62000,61900,1124
9,2019-08-29,61900,62400,1344
10,2019-08-30,62400,63000,1426
11,2019-09-02,63000,63300,777
12,2019-09-03,63000,63100,1046
13,2019-09-04,63000,62700,708
14,2019-09-05,62500,62500,1903
15,2019-09-06,62700,62600,699
16,2019-09-09,62600,62700,759
17,2019-09-10,62700,63200,2020
18,2019-09-11,63400,62800,2070
19,2019-09-16,62500,63000,4446
20,2019-09-17,63000,63500,3401
21,2019-09-18,63200,62700,15869
22,2019-09-19,62700,62600,1225
23,2019-09-20,62800,62800,1122
24,2019-09-23,63400,62800,4258
25,2019-09-24,62800,63100,2884
26,2019-09-25,63100,64100,5459
27,2019-09-26,64200,63400,9233
28,2019-09-27,61600,62300,6795
29,2019-09-30,62300,61800,3123
30,2019-10-01,62100,61500,2446
31,2019-10-02,61500,61500,1904
32,2019-10-04,61200,61100,1354
33,2019-10-07,61200,60700,1433
34,2019-10-08,61100,60800,623
35,2019-10-10,60800,60600,391
36,2019-10-11,61200,60500,703
37,2019-10-14,61000,60600,1740
38,2019-10-15,60700,60400,1644
39,2019-10-16,60400,60300,1090
40,2019-10-17,60300,60000,1845
41,2019-10-18,60000,60000,4067
42,2019-10-21,60000,59300,8820
43,2019-10-22,59400,59300,2282
44,2019-10-23,59800,59000,2930
45,2019-10-24,59000,59400,1617
46,2019-10-25,59400,59000,2195
47,2019-10-28,59100,59000,2370
48,2019-10-29,59300,59000,1950
49,2019-10-30,59000,59000,2758
50,2019-10-31,59000,59000,1984
51,2019-11-01,59000,59000,1428
52,2019-11-04,59000,59200,4729
53,2019-11-05,59300,59200,3550
54,2019-11-06,59200,59200,2991
55,2019-11-07,59200,59000,2343
56,2019-11-08,59000,59200,1306
57,2019-11-11,59900,59300,4022
58,2019-11-12,60500,59500,4327
59,2019-11-13,59900,59100,5810
60,2019-11-14,60000,59000,6318
61,2019-11-15,59600,59200,4408
62,2019-11-18,59200,59300,8933
63,2019-11-19,59300,59300,4578
64,2019-11-20,60200,59800,3987
65,2019-11-21,60500,59800,3391
66,2019-11-22,59100,59500,3412
67,2019-11-25,59600,59400,1197
68,2019-11-26,59600,59800,1623
69,2019-11-27,60500,59600,3552
70,2019-11-28,60400,59600,2076
71,2019-11-29,59900,59700,4507
72,2019-12-02,60000,59500,4103
73,2019-12-03,60100,59400,2078
74,2019-12-04,59400,59200,2633
75,2019-12-05,59600,59200,1147
76,2019-12-06,59000,59200,3203
77,2019-12-09,59700,59100,1134
78,2019-12-10,59200,59200,2407
79,2019-12-11,59200,59100,3094
80,2019-12-12,59600,59300,1584
81,2019-12-13,59300,59000,9046
82,2019-12-16,59000,59000,6259
83,2019-12-17,59100,59200,4132
84,2019-12-18,59600,59700,4926
85,2019-12-19,59800,60700,7166
86,2019-12-20,60900,60600,2607
87,2019-12-23,60700,60200,6764
88,2019-12-24,60700,60300,8949
89,2019-12-26,60400,60900,10220
90,2019-12-27,59800,58900,9745
91,2019-12-30,60000,58500,3769
92,2020-01-02,59200,58000,3922
93,2020-01-03,58500,57600,5499
94,2020-01-06,58400,57400,2480
95,2020-01-07,57400,57900,5416
96,2020-01-08,57900,58000,10866
97,2020-01-09,57900,58100,3501
98,2020-01-10,58400,58500,8178
99,2020-01-13,58800,58700,10622
100,2020-01-14,59400,58800,4180
101,2020-01-15,58800,59300,3501
102,2020-01-16,59300,59300,3228
103,2020-01-17,58900,58900,4628
104,2020-01-20,59000,58300,6604
105,2020-01-21,58300,58600,3522
106,2020-01-22,58600,58900,1779
107,2020-01-23,58900,58700,2472
108,2020-01-28,57500,58200,5025
109,2020-01-29,58600,58500,1691
110,2020-01-30,58500,57900,3658
111,2020-01-31,58400,58400,3348
112,2020-02-03,58300,59000,3206
113,2020-02-04,59400,58800,4486
114,2020-02-05,58800,59600,4958
115,2020-02-06,59000,59800,3037
116,2020-02-07,62500,60300,27492
117,2020-02-10,60400,60000,7806
118,2020-02-11,59900,60200,7101
119,2020-02-12,60200,60300,9728
120,2020-02-13,60300,59500,4497
121,2020-02-14,59500,60000,4207
122,2020-02-17,60000,60000,4572
123,2020-02-18,60000,60100,5182
124,2020-02-19,60100,60000,2758
125,2020-02-20,60100,59600,3063
126,2020-02-21,59600,58800,7113
127,2020-02-24,58100,57900,6823
128,2020-02-25,57900,58200,5372
129,2020-02-26,58200,58500,3820
130,2020-02-27,58600,58100,3885
131,2020-02-28,57800,57300,7689
132,2020-03-02,57300,58100,5768
133,2020-03-03,58400,58400,3825
134,2020-03-04,58000,58300,4948
135,2020-03-05,58600,58500,3237
136,2020-03-06,58400,58500,5439
137,2020-03-09,58500,58000,8706
138,2020-03-10,57100,58000,6166
139,2020-03-11,58900,57700,5248
140,2020-03-12,57700,57000,7960
141,2020-03-13,55500,55800,16889
142,2020-03-16,56500,57000,11560
143,2020-03-17,55600,58200,12554
144,2020-03-18,58500,58700,13635
145,2020-03-19,58600,55700,14765
146,2020-03-20,55700,57500,11682
147,2020-03-23,56500,56400,7388
148,2020-03-24,57300,57500,7682
149,2020-03-25,58700,58200,13852
150,2020-03-26,59300,58300,11807
151,2020-03-27,59200,58400,11713
152,2020-03-30,58400,58800,13043
153,2020-03-31,59300,59500,21716
154,2020-04-01,59600,59600,20416
155,2020-04-02,59400,59900,12419
156,2020-04-03,60900,59300,19638
157,2020-04-06,59500,59200,16822
158,2020-04-07,59900,59300,12569
159,2020-04-08,59300,59900,11976
160,2020-04-09,60100,60100,8528
161,2020-04-10,60600,62700,18278
162,2020-04-13,62500,61700,9108
163,2020-04-14,61700,61700,13129
164,2020-04-16,61600,61900,8218
165,2020-04-17,61900,62200,14390
166,2020-04-20,62400,63500,15727
167,2020-04-21,63400,63800,14807
168,2020-04-22,63700,63500,12941
169,2020-04-23,63800,63500,11431
170,2020-04-24,63500,63600,8673
171,2020-04-27,63600,63700,8966
172,2020-04-28,63700,64100,10959
173,2020-04-29,64500,66100,15483
174,2020-05-04,66200,67900,14989
175,2020-05-06,68500,69800,14717
176,2020-05-07,69600,71100,10297
177,2020-05-08,71500,70900,15112
178,2020-05-11,71000,70200,9823
179,2020-05-12,71000,69700,10479
180,2020-05-13,69300,69500,6721
181,2020-05-14,69500,68100,10328
182,2020-05-15,69000,70200,9554
183,2020-05-18,69500,73300,18415
184,2020-05-19,74000,73500,10898
185,2020-05-20,73500,75000,10425
186,2020-05-21,75800,78400,22149
187,2020-05-22,78400,78900,19467
188,2020-05-25,78500,78200,25834
189,2020-05-26,78100,78100,9731
190,2020-05-27,78500,77000,11990
191,2020-05-28,77000,76500,11552
192,2020-05-29,76500,77500,5315
193,2020-06-01,77500,76800,10476
194,2020-06-02,77500,77400,5478
195,2020-06-03,77600,76800,9732
196,2020-06-04,76800,76400,6350
197,2020-06-05,76500,76600,6293
198,2020-06-08,76500,75300,14434
199,2020-06-09,75100,74000,13618
200,2020-06-10,74000,73400,12862
201,2020-06-11,72600,74000,5830
202,2020-06-12,71300,74500,8071
203,2020-06-15,74500,72100,9346
204,2020-06-16,72000,72900,8940
205,2020-06-17,72100,72500,5070
206,2020-06-18,73000,72800,3884
207,2020-06-19,73000,73400,2798
208,2020-06-22,73400,73400,4077
209,2020-06-23,73400,72500,3677
210,2020-06-24,73300,72700,2809
211,2020-06-25,72700,71800,4817
212,2020-06-26,71800,71800,3278
213,2020-06-29,71500,71300,4404
214,2020-06-30,71300,71200,3463
215,2020-07-01,71200,71300,3278
216,2020-07-02,71600,71100,2465
217,2020-07-03,71100,72000,3632
218,2020-07-06,72200,74100,7628
219,2020-07-07,74500,73500,4584
220,2020-07-08,73700,74000,5276
221,2020-07-09,74000,74200,3552
222,2020-07-10,74100,73700,3578
223,2020-07-13,73900,73800,3880
224,2020-07-14,73800,73500,3123
225,2020-07-15,73900,73400,3716
226,2020-07-16,73500,73200,2470
227,2020-07-17,72800,73200,1865
228,2020-07-20,73200,74500,8033
229,2020-07-21,74700,74900,11971
230,2020-07-22,74900,75900,6795
231,2020-07-23,76500,75700,4740
232,2020-07-24,75600,75500,8500
233,2020-07-27,75500,75600,7087
234,2020-07-28,75800,75400,4126
235,2020-07-29,75500,74900,5577
236,2020-07-30,74900,75300,4162
237,2020-07-31,75400,75900,6344
238,2020-08-03,76000,76800,10315
239,2020-08-04,77000,77600,8814
240,2020-08-05,78600,78400,10396
241,2020-08-06,78400,80500,12248
242,2020-08-07,81600,83900,16172
243,2020-08-10,84100,87800,25377
244,2020-08-11,89500,89800,25907
245,2020-08-12,90800,90000,17042
246,2020-08-13,89900,92400,23366
247,2020-08-14,92400,84800,54465
248,2020-08-18,84800,83300,28521
249,2020-08-19,83400,86000,21368
250,2020-08-20,85900,83800,18927
251,2020-08-21,84000,85200,12859
252,2020-08-24,85200,84900,8959
253,2020-08-25,84900,86400,10702
254,2020-08-26,86400,86000,6898
255,2020-08-27,86100,85400,8495
256,2020-08-28,85400,85400,6677
257,2020-08-31,85400,86300,7299
258,2020-09-01,85300,88200,9628
259,2020-09-02,89900,88400,6591
260,2020-09-03,88700,88300,8657
261,2020-09-04,86100,88600,10781
262,2020-09-07,88800,88700,8985
263,2020-09-08,88700,90100,13123
264,2020-09-09,90100,90800,8478
265,2020-09-10,90800,91000,8873
266,2020-09-11,91000,92300,6965
267,2020-09-14,92300,96200,15314
268,2020-09-15,96600,96000,19862
269,2020-09-16,96000,94400,13795
270,2020-09-17,93600,94000,12141
271,2020-09-18,95000,94900,9265
272,2020-09-21,95500,95500,11100
273,2020-09-22,94200,94800,11772
274,2020-09-23,94800,94600,14210
275,2020-09-24,93000,93500,14640
276,2020-09-25,93600,94000,6161
277,2020-09-28,94000,93800,6806
278,2020-09-29,93900,93700,6863
279,2020-10-05,93700,92900,9622
280,2020-10-06,92900,93200,8802
281,2020-10-07,93200,93500,2958
282,2020-10-08,93500,93500,5950
283,2020-10-12,94000,93500,9582
284,2020-10-13,93400,93700,9903
285,2020-10-14,93700,93400,5005
286,2020-10-15,93300,92400,8180
287,2020-10-16,91600,92800,8288
288,2020-10-19,92600,93000,5415
289,2020-10-20,91500,92300,5899
290,2020-10-21,92300,92100,6174
291,2020-10-22,91900,91400,8126
292,2020-10-23,91500,90600,9824
293,2020-10-26,90600,90000,8635
294,2020-10-27,90000,91200,6399
295,2020-10-28,91200,91800,6106
296,2020-10-29,91600,92500,7721
297,2020-10-30,93000,91800,5116
298,2020-11-02,91000,91900,4460
299,2020-11-03,92000,93200,4072
