,date,open,close,volume
0,2019-08-16,7600,7880,103749
1,2019-08-19,7960,7930,67856
2,2019-08-20,7920,7940,88100
3,2019-08-21,7860,8120,56015
4,2019-08-22,8090,8050,37846
5,2019-08-23,7950,7900,39882
6,2019-08-26,7820,7620,42609
7,2019-08-27,7700,7610,36560
8,2019-08-28,7640,7980,48685
9,2019-08-29,8490,8000,366007
10,2019-08-30,8060,8030,59730
11,2019-09-02,8020,8030,47468
12,2019-09-03,7980,8000,30982
13,2019-09-04,8090,8250,100961
14,2019-09-05,8220,8280,59574
15,2019-09-06,8290,8340,43678
16,2019-09-09,8340,8290,28395
17,2019-09-10,8280,8300,22599
18,2019-09-11,8300,8290,31883
19,2019-09-16,8240,8290,55634
20,2019-09-17,8300,8420,77474
21,2019-09-18,8410,8400,30860
22,2019-09-19,8350,8310,44119
23,2019-09-20,8300,8280,40548
24,2019-09-23,8260,8210,23215
25,2019-09-24,8200,8170,17588
26,2019-09-25,8160,8000,51914
27,2019-09-26,8000,8050,21772
28,2019-09-27,8010,8050,11954
29,2019-09-30,8040,8040,20239
30,2019-10-01,8020,8190,45260
31,2019-10-02,8150,8060,28375
32,2019-10-04,8050,8000,40721
33,2019-10-07,7910,7950,21724
34,2019-10-08,7940,8140,46288
35,2019-10-10,8140,8100,14046
36,2019-10-11,8150,8100,16804
37,2019-10-14,8130,8210,30770
38,2019-10-15,8230,8170,32174
39,2019-10-16,8210,8170,21951
40,2019-10-17,8170,8250,26340
41,2019-10-18,8270,8200,60984
42,2019-10-21,8210,8180,34496
43,2019-10-22,8150,8250,30985
44,2019-10-23,8220,8360,68575
45,2019-10-24,8380,8200,95106
46,2019-10-25,8200,8270,49423
47,2019-10-28,8240,8600,293819
48,2019-10-29,8600,8410,120523
49,2019-10-30,8390,8300,39603
50,2019-10-31,8300,8300,43148
51,2019-11-01,8300,8300,29748
52,2019-11-04,8380,8340,52955
53,2019-11-05,8350,8260,54194
54,2019-11-06,8360,8280,39278
55,2019-11-07,8270,8230,69165
56,2019-11-08,8210,8230,29430
57,2019-11-11,8250,8300,25301
58,2019-11-12,8280,8180,27710
59,2019-11-13,8260,8100,56306
60,2019-11-14,8100,8000,80528
61,2019-11-15,8010,7930,55762
62,2019-11-18,7950,7770,120983
63,2019-11-19,7770,7610,96392
64,2019-11-20,7620,7540,78695
65,2019-11-21,7540,7300,118232
66,2019-11-22,7290,7320,73360
67,2019-11-25,7350,7360,76339
68,2019-11-26,7420,7480,65488
69,2019-11-27,7500,7380,65830
70,2019-11-28,7400,7290,42978
71,2019-11-29,7260,7190,40476
72,2019-12-02,7180,7120,56612
73,2019-12-03,7120,7130,39393
74,2019-12-04,7060,7120,57608
75,2019-12-05,7210,7120,60155
76,2019-12-06,7080,7100,71384
77,2019-12-09,7140,7300,60266
78,2019-12-10,7250,7290,62329
79,2019-12-11,7270,7290,32123
80,2019-12-12,7320,7350,83359
81,2019-12-13,7440,7470,104433
82,2019-12-16,7450,7500,90292
83,2019-12-17,7480,7570,130908
84,2019-12-18,7570,7520,54646
85,2019-12-19,7490,7460,118152
86,2019-12-20,7470,7390,67102
87,2019-12-23,7390,7330,93681
88,2019-12-24,7340,7370,83380
89,2019-12-26,7370,7560,204922
90,2019-12-27,7560,7550,78352
91,2019-12-30,7550,7520,82585
92,2020-01-02,7520,7550,82149
93,2020-01-03,7550,7550,75846
94,2020-01-06,7530,7390,80053
95,2020-01-07,7430,7450,33608
96,2020-01-08,7460,7260,71013
97,2020-01-09,7310,7440,61811
98,2020-01-10,7480,7810,176303
99,2020-01-13,7820,7790,48564
100,2020-01-14,7820,7750,81945
101,2020-01-15,7740,7780,27803
102,2020-01-16,7810,7640,58569
103,2020-01-17,7710,8090,218389
104,2020-01-20,8100,8270,239782
105,2020-01-21,8350,8190,105562
106,2020-01-22,8340,8490,651402
107,2020-01-23,8590,8730,345175
108,2020-01-28,9400,9090,2532347
109,2020-01-29,9150,8800,5765342
110,2020-01-30,8890,8420,1180431
111,2020-01-31,8750,8620,3334190
112,2020-02-03,8760,8200,3030022
113,2020-02-04,8190,8110,952110
114,2020-02-05,8470,8340,3348368
115,2020-02-06,8610,8460,862441
116,2020-02-07,8460,8570,727299
117,2020-02-10,8810,8390,1148840
118,2020-02-11,8350,8200,603902
119,2020-02-12,8150,8190,566647
120,2020-02-13,8190,8100,455531
121,2020-02-14,8100,8120,294970
122,2020-02-17,8160,8190,165315
123,2020-02-18,8190,8350,634602
124,2020-02-19,8320,8590,1456527
125,2020-02-20,8800,11150,19907447
126,2020-02-21,13550,14450,23528077
127,2020-02-24,15300,11500,28247431
128,2020-02-25,12000,10900,12805457
129,2020-02-26,11400,11850,23520926
130,2020-02-27,11550,11400,8488250
131,2020-02-28,11400,10650,8643978
132,2020-03-02,11250,11100,3849723
133,2020-03-03,11150,11950,10531581
134,2020-03-04,12350,11600,6137201
135,2020-03-05,11700,11850,4117074
136,2020-03-06,11900,12150,11357463
137,2020-03-09,12300,12350,10161713
138,2020-03-10,14500,11600,28119703
139,2020-03-11,11850,12600,10785909
140,2020-03-12,13750,13050,12134975
141,2020-03-13,12050,11100,5654658
142,2020-03-16,11400,10200,5302986
143,2020-03-17,9450,9610,6108429
144,2020-03-18,9730,8980,6464074
145,2020-03-19,9510,7660,4773890
146,2020-03-20,7920,8030,3829736
147,2020-03-23,7700,7980,4351932
148,2020-03-24,8070,8230,2990691
149,2020-03-25,8470,8800,5846783
150,2020-03-26,9000,9200,6171987
151,2020-03-27,9490,9730,16791168
152,2020-03-30,10300,10650,7116494
153,2020-03-31,11000,10600,4376556
154,2020-04-01,10650,10050,3319679
155,2020-04-02,10500,11000,8410289
156,2020-04-03,12450,10950,8673147
157,2020-04-06,11250,11900,7546967
158,2020-04-07,12150,12050,4756005
159,2020-04-08,12000,12150,6038047
160,2020-04-09,12300,12500,9658935
161,2020-04-10,12250,11300,3863081
162,2020-04-13,11250,10850,1683726
163,2020-04-14,11050,11100,1256393
164,2020-04-16,11450,11600,1733012
165,2020-04-17,11300,11600,1350456
166,2020-04-20,11550,11400,914540
167,2020-04-21,11300,11000,2073390
168,2020-04-22,10750,12350,3539715
169,2020-04-23,12150,12150,2696513
170,2020-04-24,12150,12200,4743220
171,2020-04-27,12550,12700,2900699
172,2020-04-28,13100,13800,6209365
173,2020-04-29,13950,15800,34177734
174,2020-05-04,16100,15250,18854948
175,2020-05-06,15300,14900,4047141
176,2020-05-07,14900,14500,2848590
177,2020-05-08,14550,15000,3149205
178,2020-05-11,15350,15650,6388156
179,2020-05-12,15700,15400,2008881
180,2020-05-13,15750,15850,4457130
181,2020-05-14,15700,17200,11109556
182,2020-05-15,17500,16250,19784654
183,2020-05-18,16400,16000,2622353
184,2020-05-19,15600,15100,2173103
185,2020-05-20,15450,15350,1606935
186,2020-05-21,15400,15200,961393
187,2020-05-22,15400,14900,882547
188,2020-05-25,15100,15350,1155800
189,2020-05-26,15450,15650,1107002
190,2020-05-27,15950,15650,1723092
191,2020-05-28,15850,16900,5767419
192,2020-05-29,17300,16600,5795037
193,2020-06-01,16600,16100,1779544
194,2020-06-02,16150,15650,1318392
195,2020-06-03,15700,15150,1615350
196,2020-06-04,15200,15350,1109004
197,2020-06-05,15250,15250,682158
198,2020-06-08,15250,15900,1917577
199,2020-06-09,16200,15750,1398821
200,2020-06-10,15900,15300,1067738
201,2020-06-11,15250,15150,820823
202,2020-06-12,15400,15550,4130811
203,2020-06-15,15800,14250,1831483
204,2020-06-16,14650,14650,882418
205,2020-06-17,14250,14700,1660645
206,2020-06-18,14700,14600,567582
207,2020-06-19,14600,14400,713214
208,2020-06-22,14800,14700,814451
209,2020-06-23,14800,14400,625066
210,2020-06-24,14550,14750,692350
211,2020-06-25,14800,14650,740043
212,2020-06-26,14700,14950,606772
213,2020-06-29,15100,15800,3346622
214,2020-06-30,15450,15000,1315394
215,2020-07-01,15100,14700,834926
216,2020-07-02,14700,14800,445996
217,2020-07-03,14700,15600,2129065
218,2020-07-06,15750,15200,896607
219,2020-07-07,15350,15200,558084
220,2020-07-08,15500,15800,1870470
221,2020-07-09,15950,16150,1643329
222,2020-07-10,16000,16900,5267121
223,2020-07-13,17200,17200,2860804
224,2020-07-14,17300,16550,3634388
225,2020-07-15,16400,15600,1613940
226,2020-07-16,15550,15500,936255
227,2020-07-17,15450,15650,735183
228,2020-07-20,15550,16050,781184
229,2020-07-21,16200,15850,650974
230,2020-07-22,15850,15800,622276
231,2020-07-23,15850,16750,2288573
232,2020-07-24,16900,16200,2521262
233,2020-07-27,16300,16450,679848
234,2020-07-28,16500,16100,908428
235,2020-07-29,16350,16400,1485650
236,2020-07-30,16600,17300,5861442
237,2020-07-31,17400,18200,3374014
238,2020-08-03,19350,19000,18553263
239,2020-08-04,18800,18950,3175368
240,2020-08-05,18900,18750,1677035
241,2020-08-06,18750,19800,2638179
242,2020-08-07,19700,18950,1350627
243,2020-08-10,19050,18950,920472
244,2020-08-11,19150,19150,924847
245,2020-08-12,19250,18150,1118022
246,2020-08-13,18300,19050,1595562
247,2020-08-14,19150,16550,4192989
248,2020-08-18,17250,17900,4607289
249,2020-08-19,17450,16750,2185709
250,2020-08-20,16850,17300,11896340
251,2020-08-21,17250,16800,3057454
252,2020-08-24,17200,16850,1820391
253,2020-08-25,16900,16750,1259752
254,2020-08-26,16800,16750,1712442
255,2020-08-27,17000,17450,3800436
256,2020-08-28,17400,17000,1313910
257,2020-08-31,17100,16750,815008
258,2020-09-01,16650,16300,992801
259,2020-09-02,16450,16350,685509
260,2020-09-03,16500,16350,602635
261,2020-09-04,15700,15650,1034524
262,2020-09-07,15700,15900,628434
263,2020-09-08,16100,15750,634637
264,2020-09-09,15550,15500,452179
265,2020-09-10,15550,15200,607275
266,2020-09-11,15250,15400,417753
267,2020-09-14,15600,15500,298915
268,2020-09-15,15600,15800,391483
269,2020-09-16,15950,15550,296437
270,2020-09-17,15550,15200,355905
271,2020-09-18,15150,14850,585036
272,2020-09-21,14750,14300,510539
273,2020-09-22,14200,13900,629069
274,2020-09-23,14100,14150,406918
275,2020-09-24,13800,13250,512206
276,2020-09-25,13400,13450,318934
277,2020-09-28,13550,13950,195427
278,2020-09-29,14000,13850,226467
279,2020-10-05,13950,14750,2203825
280,2020-10-06,14450,14150,623570
281,2020-10-07,14150,14150,273870
282,2020-10-08,14300,14000,214028
283,2020-10-12,14050,14050,285727
284,2020-10-13,14050,13850,174753
285,2020-10-14,13850,13750,286381
286,2020-10-15,13700,13400,311263
287,2020-10-16,13400,13000,461629
288,2020-10-19,12900,12850,236524
289,2020-10-20,12750,12900,555637
290,2020-10-21,13000,13650,1182286
291,2020-10-22,13700,13300,770088
292,2020-10-23,13550,13050,273726
293,2020-10-26,13050,12550,323305
294,2020-10-27,12400,12450,242496
295,2020-10-28,12350,12700,159172
296,2020-10-29,12500,13100,581406
297,2020-10-30,13100,12750,186425
298,2020-11-02,12850,12800,119650
299,2020-11-03,12800,13000,222115
