,date,open,close,volume
0,2019-08-16,6880,6880,9724
1,2019-08-19,6880,6860,4351
2,2019-08-20,6860,6900,5802
3,2019-08-21,6880,6970,9147
4,2019-08-22,6960,7200,25089
5,2019-08-23,6990,7110,2688
6,2019-08-26,7000,6760,20382
7,2019-08-27,6770,6800,5453
8,2019-08-28,6800,7070,26558
9,2019-08-29,7180,7000,8252
10,2019-08-30,7000,7030,4808
11,2019-09-02,7030,7220,16560
12,2019-09-03,7110,7240,7833
13,2019-09-04,7260,7200,8298
14,2019-09-05,7200,7150,8646
15,2019-09-06,7150,7290,17780
16,2019-09-09,7330,7130,18052
17,2019-09-10,7200,7080,9997
18,2019-09-11,7200,7080,9536
19,2019-09-16,7100,7050,10315
20,2019-09-17,7010,7120,12030
21,2019-09-18,7150,7020,18220
22,2019-09-19,7100,7070,3257
23,2019-09-20,7010,7080,7658
24,2019-09-23,7140,7100,10243
25,2019-09-24,7060,7140,8640
26,2019-09-25,7140,7040,10094
27,2019-09-26,7100,7050,6020
28,2019-09-27,7110,7010,9167
29,2019-09-30,7100,7040,3190
30,2019-10-01,7040,7050,2726
31,2019-10-02,7070,6910,6084
32,2019-10-04,6920,6950,5469
33,2019-10-07,7050,6950,2428
34,2019-10-08,6790,6980,5750
35,2019-10-10,7050,6940,2997
36,2019-10-11,6940,6940,4812
37,2019-10-14,7020,6920,7282
38,2019-10-15,6920,6950,4865
39,2019-10-16,6980,6950,5411
40,2019-10-17,6910,6950,1317
41,2019-10-18,6970,6990,6750
42,2019-10-21,7050,7110,51150
43,2019-10-22,7120,7100,20729
44,2019-10-23,7010,7040,7006
45,2019-10-24,7020,7000,10178
46,2019-10-25,6960,6970,5110
47,2019-10-28,6900,7080,14097
48,2019-10-29,7080,7190,7399
49,2019-10-30,7190,7220,8575
50,2019-10-31,7120,7230,11061
51,2019-11-01,7140,7400,21798
52,2019-11-04,7400,7330,10235
53,2019-11-05,7210,7500,44130
54,2019-11-06,7550,7960,120531
55,2019-11-07,8050,7670,59002
56,2019-11-08,7710,7900,22873
57,2019-11-11,7900,8020,28205
58,2019-11-12,7900,7970,15118
59,2019-11-13,8000,7920,11574
60,2019-11-14,7960,8040,26701
61,2019-11-15,7890,8020,15699
62,2019-11-18,7920,7740,34517
63,2019-11-19,7700,7610,12375
64,2019-11-20,7610,7550,9128
65,2019-11-21,7430,7480,17713
66,2019-11-22,7480,7300,10000
67,2019-11-25,7310,7500,27557
68,2019-11-26,7470,7570,3992
69,2019-11-27,7600,7660,9523
70,2019-11-28,7690,7710,8844
71,2019-11-29,7590,7830,26280
72,2019-12-02,7900,7900,9887
73,2019-12-03,7900,7890,9029
74,2019-12-04,7650,7890,7698
75,2019-12-05,7970,7660,8779
76,2019-12-06,7870,7810,4661
77,2019-12-09,7930,7740,6555
78,2019-12-10,7740,7750,13490
79,2019-12-11,7890,7700,7869
80,2019-12-12,7610,7580,8121
81,2019-12-13,7580,7670,4467
82,2019-12-16,7700,7750,5960
83,2019-12-17,7850,7630,5035
84,2019-12-18,7630,7710,9038
85,2019-12-19,7620,7680,1210
86,2019-12-20,7320,7600,6216
87,2019-12-23,7600,7520,8290
88,2019-12-24,7520,7400,10707
89,2019-12-26,7450,7590,4277
90,2019-12-27,7510,7590,1498
91,2019-12-30,7650,7580,5051
92,2020-01-02,7580,7570,2789
93,2020-01-03,7670,7590,8216
94,2020-01-06,7500,7540,8605
95,2020-01-07,7470,7480,7139
96,2020-01-08,7420,7140,28987
97,2020-01-09,7200,7260,5450
98,2020-01-10,7190,7280,7981
99,2020-01-13,7340,7370,7539
100,2020-01-14,7260,7300,7099
101,2020-01-15,7480,7270,10870
102,2020-01-16,7350,7400,5738
103,2020-01-17,7490,7390,8175
104,2020-01-20,7390,7220,9195
105,2020-01-21,7200,7130,9615
106,2020-01-22,7150,7260,5928
107,2020-01-23,7280,7380,6690
108,2020-01-28,7190,7060,11503
109,2020-01-29,7200,7050,5207
110,2020-01-30,7060,6960,17501
111,2020-01-31,6960,6880,16621
112,2020-02-03,6730,6800,8112
113,2020-02-04,6800,6930,3474
114,2020-02-05,6990,6940,2458
115,2020-02-06,6900,7020,3954
116,2020-02-07,7000,7040,6730
117,2020-02-10,7180,7030,4477
118,2020-02-11,7150,7170,10864
119,2020-02-12,7060,7200,8715
120,2020-02-13,7190,7160,3557
121,2020-02-14,7190,7090,6787
122,2020-02-17,7090,7000,13758
123,2020-02-18,6820,6980,2553
124,2020-02-19,7050,6900,5308
125,2020-02-20,6860,6880,18511
126,2020-02-21,6980,6760,7888
127,2020-02-24,6650,6500,18154
128,2020-02-25,6500,6630,9984
129,2020-02-26,6460,6450,9444
130,2020-02-27,6450,6230,13123
131,2020-02-28,6170,6170,31733
132,2020-03-02,6170,6290,18900
133,2020-03-03,6310,6470,15099
134,2020-03-04,6480,6610,3606
135,2020-03-05,6650,6720,13069
136,2020-03-06,6720,6680,6400
137,2020-03-09,6600,6580,8085
138,2020-03-10,6390,6550,13121
139,2020-03-11,6700,6420,19130
140,2020-03-12,6420,6140,18720
141,2020-03-13,5570,5640,43128
142,2020-03-16,5500,5410,33826
143,2020-03-17,4600,5380,32024
144,2020-03-18,5130,5180,23597
145,2020-03-19,5200,4000,98573
146,2020-03-20,4000,4180,54714
147,2020-03-23,3930,4000,27320
148,2020-03-24,4000,4185,62211
149,2020-03-25,4245,4450,18600
150,2020-03-26,5090,4875,23969
151,2020-03-27,5050,4985,22559
152,2020-03-30,4985,5060,12321
153,2020-03-31,5340,5150,32001
154,2020-04-01,5240,5190,24830
155,2020-04-02,5260,5280,17184
156,2020-04-03,5380,5330,37597
157,2020-04-06,5400,5400,50576
158,2020-04-07,5480,5430,26164
159,2020-04-08,5450,5320,36388
160,2020-04-09,5510,5390,54149
161,2020-04-10,5390,5370,37967
162,2020-04-13,5410,5340,28630
163,2020-04-14,5340,5280,49859
164,2020-04-16,5330,5220,16756
165,2020-04-17,5400,5550,66411
166,2020-04-20,5650,5730,35351
167,2020-04-21,5750,5640,41033
168,2020-04-22,5550,5480,32025
169,2020-04-23,5440,5480,32683
170,2020-04-24,5480,5420,28344
171,2020-04-27,5420,5450,15810
172,2020-04-28,5500,5470,30480
173,2020-04-29,5560,5630,67011
174,2020-05-04,5590,5480,33981
175,2020-05-06,5590,5550,8135
176,2020-05-07,5550,5590,21506
177,2020-05-08,5610,5600,38343
178,2020-05-11,5650,5480,29924
179,2020-05-12,5450,5600,17970
180,2020-05-13,5600,5600,22708
181,2020-05-14,5500,5360,37918
182,2020-05-15,5360,5320,21916
183,2020-05-18,5320,5320,44618
184,2020-05-19,5470,5450,22890
185,2020-05-20,5450,5730,40001
186,2020-05-21,5850,5900,44142
187,2020-05-22,5850,5900,73100
188,2020-05-25,5820,6000,23325
189,2020-05-26,6000,5950,37904
190,2020-05-27,5950,6050,53634
191,2020-05-28,6050,5750,59374
192,2020-05-29,5760,5760,17501
193,2020-06-01,5780,5730,15334
194,2020-06-02,6100,6100,1002311
195,2020-06-03,6210,7660,2691120
196,2020-06-04,7880,6850,1237199
197,2020-06-05,6900,6610,289577
198,2020-06-08,6710,6670,195868
199,2020-06-09,6720,6510,125379
200,2020-06-10,6480,6430,76726
201,2020-06-11,6410,6260,114212
202,2020-06-12,5770,6030,158776
203,2020-06-15,6020,5530,99622
204,2020-06-16,5640,5790,44032
205,2020-06-17,5690,5750,36306
206,2020-06-18,5800,5810,28419
207,2020-06-19,5990,5900,41710
208,2020-06-22,5950,5850,35735
209,2020-06-23,5850,5700,62654
210,2020-06-24,5760,5730,54537
211,2020-06-25,5640,5610,20012
212,2020-06-26,5630,5630,24125
213,2020-06-29,5550,5430,38449
214,2020-06-30,5450,5460,25330
215,2020-07-01,5450,5440,16754
216,2020-07-02,5490,5560,14750
217,2020-07-03,5490,5600,10981
218,2020-07-06,5700,5600,15500
219,2020-07-07,5620,5520,18725
220,2020-07-08,5540,5540,16715
221,2020-07-09,5510,5540,15884
222,2020-07-10,5470,5400,30253
223,2020-07-13,5420,5420,14014
224,2020-07-14,5410,5380,37747
225,2020-07-15,5360,5450,105450
226,2020-07-16,5460,5460,23089
227,2020-07-17,5420,5430,12170
228,2020-07-20,5460,5390,14081
229,2020-07-21,5400,5510,40319
230,2020-07-22,5560,5530,14640
231,2020-07-23,5570,5470,18102
232,2020-07-24,5370,5430,15826
233,2020-07-27,5340,5500,19363
234,2020-07-28,5520,5510,29913
235,2020-07-29,5560,5470,8425
236,2020-07-30,5450,5430,11489
237,2020-07-31,5400,5370,36555
238,2020-08-03,5370,5350,9387
239,2020-08-04,5320,5310,16383
240,2020-08-05,5310,5310,15482
241,2020-08-06,5310,5360,12888
242,2020-08-07,5360,5360,17411
243,2020-08-10,5360,5390,20541
244,2020-08-11,5390,5470,27810
245,2020-08-12,5470,5440,19906
246,2020-08-13,5450,5470,25470
247,2020-08-14,5470,5470,11500
248,2020-08-18,5470,5290,25301
249,2020-08-19,5290,5330,12124
250,2020-08-20,5250,5020,40618
251,2020-08-21,4970,5160,19123
252,2020-08-24,5150,5120,16218
253,2020-08-25,5110,5250,9314
254,2020-08-26,5250,5260,17212
255,2020-08-27,5260,5200,22110
256,2020-08-28,5170,5180,14342
257,2020-08-31,5180,5240,11605
258,2020-09-01,5200,5430,24404
259,2020-09-02,5450,5440,20706
260,2020-09-03,5490,5460,31746
261,2020-09-04,5370,5520,20995
262,2020-09-07,5480,5760,81833
263,2020-09-08,5850,5720,40649
264,2020-09-09,5710,5760,36986
265,2020-09-10,5830,5800,31570
266,2020-09-11,5800,5810,14809
267,2020-09-14,5870,5820,36246
268,2020-09-15,5830,6130,125135
269,2020-09-16,6190,6130,95861
270,2020-09-17,6130,5910,33284
271,2020-09-18,5880,6010,41024
272,2020-09-21,6020,5750,83519
273,2020-09-22,5720,5630,27055
274,2020-09-23,5630,5550,26556
275,2020-09-24,5500,5370,25342
276,2020-09-25,5380,5370,14877
277,2020-09-28,5440,5480,14539
278,2020-09-29,5530,5570,15373
279,2020-10-05,5640,5640,14619
280,2020-10-06,5620,5690,15209
281,2020-10-07,5690,5950,215358
282,2020-10-08,6000,5880,31685
283,2020-10-12,6180,6010,53977
284,2020-10-13,6070,6000,18238
285,2020-10-14,6000,5870,23123
286,2020-10-15,5820,5870,17554
287,2020-10-16,5870,5850,13874
288,2020-10-19,5800,5850,9678
289,2020-10-20,5860,5820,5403
290,2020-10-21,5880,5810,4658
291,2020-10-22,5810,5720,9233
292,2020-10-23,5750,5690,4057
293,2020-10-26,5620,5530,5858
294,2020-10-27,5440,5700,164810
295,2020-10-28,5780,5700,15459
296,2020-10-29,5650,5680,25146
297,2020-10-30,5740,5560,8003
298,2020-11-02,5550,5620,2466
299,2020-11-03,5790,5660,13922
