,date,open,close,volume
0,2019-08-16,6050,6310,514814
1,2019-08-19,6320,6520,653936
2,2019-08-20,6520,6240,165713
3,2019-08-21,6090,6070,127263
4,2019-08-22,6060,5730,126848
5,2019-08-23,5700,5880,73204
6,2019-08-26,5860,5790,182561
7,2019-08-27,5790,5760,40555
8,2019-08-28,5700,5750,30907
9,2019-08-29,5750,5590,49003
10,2019-08-30,5600,5810,80902
11,2019-09-02,5950,6190,356390
12,2019-09-03,6140,5960,146239
13,2019-09-04,5960,6090,88598
14,2019-09-05,6010,5980,155086
15,2019-09-06,6070,6050,89015
16,2019-09-09,6090,5820,305421
17,2019-09-10,5820,5820,58491
18,2019-09-11,5760,5900,33490
19,2019-09-16,5920,5870,63233
20,2019-09-17,6380,6470,879146
21,2019-09-18,6670,6470,902902
22,2019-09-19,6600,6460,190554
23,2019-09-20,6540,6630,451877
24,2019-09-23,6560,6400,89767
25,2019-09-24,6780,6440,359607
26,2019-09-25,6450,6600,371199
27,2019-09-26,7100,6800,2908023
28,2019-09-27,6820,6980,392771
29,2019-09-30,6800,6440,158847
30,2019-10-01,6380,6080,178429
31,2019-10-02,6160,6100,98332
32,2019-10-04,6140,5920,72918
33,2019-10-07,5850,5790,59480
34,2019-10-08,5750,5770,40331
35,2019-10-10,5870,5730,25384
36,2019-10-11,5810,5640,49471
37,2019-10-14,5750,5710,37965
38,2019-10-15,5680,5790,26137
39,2019-10-16,5840,5800,50296
40,2019-10-17,5750,5800,21509
41,2019-10-18,5800,5730,35312
42,2019-10-21,5830,6010,117400
43,2019-10-22,6000,5870,50544
44,2019-10-23,5920,5620,100853
45,2019-10-24,5640,5510,77550
46,2019-10-25,5630,5460,40667
47,2019-10-28,5500,5550,25088
48,2019-10-29,5550,5520,22466
49,2019-10-30,5510,5510,23323
50,2019-10-31,5510,5540,22315
51,2019-11-01,5470,5550,42117
52,2019-11-04,5630,5630,27785
53,2019-11-05,5630,5620,21403
54,2019-11-06,5660,5720,15805
55,2019-11-07,5770,5790,23527
56,2019-11-08,5820,5780,23600
57,2019-11-11,5780,5740,20177
58,2019-11-12,5740,5740,9584
59,2019-11-13,5740,5780,18688
60,2019-11-14,5720,5710,33008
61,2019-11-15,5770,5690,13734
62,2019-11-18,5690,5730,9353
63,2019-11-19,5780,5730,16052
64,2019-11-20,5720,5620,13453
65,2019-11-21,5680,5490,24052
66,2019-11-22,5480,5490,27172
67,2019-11-25,5470,5610,19550
68,2019-11-26,5560,5570,12995
69,2019-11-27,5610,5640,27704
70,2019-11-28,5690,5690,24947
71,2019-11-29,5700,5620,14306
72,2019-12-02,5620,5570,8632
73,2019-12-03,5570,5480,12676
74,2019-12-04,5570,5420,9934
75,2019-12-05,5540,5420,5760
76,2019-12-06,5290,5350,15891
77,2019-12-09,5340,5300,12783
78,2019-12-10,5300,5330,4185
79,2019-12-11,5520,5350,2193
80,2019-12-12,5430,5380,12161
81,2019-12-13,5430,5370,13949
82,2019-12-16,5370,5390,4742
83,2019-12-17,5390,5350,9683
84,2019-12-18,5310,5340,12189
85,2019-12-19,5290,5310,11294
86,2019-12-20,5310,5330,17426
87,2019-12-23,5310,5190,20331
88,2019-12-24,5170,5160,19844
89,2019-12-26,5160,5180,10043
90,2019-12-27,5160,5270,6993
91,2019-12-30,5270,5310,8664
92,2020-01-02,5310,5400,24362
93,2020-01-03,5400,5330,10184
94,2020-01-06,5330,5220,12642
95,2020-01-07,5200,5250,4851
96,2020-01-08,5250,4975,27059
97,2020-01-09,5050,5110,12888
98,2020-01-10,5110,5130,7908
99,2020-01-13,5130,5230,26473
100,2020-01-14,5230,5180,47499
101,2020-01-15,5170,5270,10163
102,2020-01-16,5280,5240,8696
103,2020-01-17,5240,5210,11022
104,2020-01-20,5210,5190,14882
105,2020-01-21,5170,5130,14633
106,2020-01-22,5090,5160,7810
107,2020-01-23,5160,5170,11182
108,2020-01-28,5110,5090,19421
109,2020-01-29,5070,5120,9827
110,2020-01-30,5100,5020,15945
111,2020-01-31,4985,5030,19649
112,2020-02-03,4960,5220,162178
113,2020-02-04,5220,5090,37235
114,2020-02-05,5070,5040,43291
115,2020-02-06,5060,5040,57328
116,2020-02-07,5020,5030,13773
117,2020-02-10,5030,5130,88492
118,2020-02-11,5160,5080,20622
119,2020-02-12,5080,5070,17663
120,2020-02-13,5100,5060,17692
121,2020-02-14,5120,5140,49012
122,2020-02-17,5120,5060,17216
123,2020-02-18,5050,5110,26689
124,2020-02-19,5110,5070,18393
125,2020-02-20,5080,4990,16909
126,2020-02-21,5000,4905,35531
127,2020-02-24,4925,5490,1557205
128,2020-02-25,5450,5410,1726768
129,2020-02-26,5520,5340,469565
130,2020-02-27,5260,5150,180701
131,2020-02-28,5010,4955,141801
132,2020-03-02,4900,4905,67551
133,2020-03-03,4915,4905,55443
134,2020-03-04,4860,4970,30523
135,2020-03-05,5000,5080,118745
136,2020-03-06,5080,5080,100868
137,2020-03-09,5010,4685,93909
138,2020-03-10,4510,4545,102182
139,2020-03-11,4560,4295,77588
140,2020-03-12,4295,4095,122709
141,2020-03-13,3630,3720,60571
142,2020-03-16,3660,3715,86303
143,2020-03-17,3350,3675,42801
144,2020-03-18,3700,3675,96162
145,2020-03-19,3675,3240,88369
146,2020-03-20,3200,3320,56248
147,2020-03-23,3255,3090,48338
148,2020-03-24,3090,3235,56882
149,2020-03-25,3255,3335,67792
150,2020-03-26,3420,3540,75850
151,2020-03-27,3700,3520,61613
152,2020-03-30,3520,3680,76665
153,2020-03-31,3880,3805,113699
154,2020-04-01,3995,4125,270737
155,2020-04-02,4125,4030,74362
156,2020-04-03,4140,4210,66392
157,2020-04-06,4285,4335,79129
158,2020-04-07,4355,4285,41000
159,2020-04-08,4285,4310,29190
160,2020-04-09,4630,4485,204766
161,2020-04-10,4500,4315,97012
162,2020-04-13,4360,4170,519387
163,2020-04-14,4230,4205,91572
164,2020-04-16,4325,4285,58482
165,2020-04-17,4335,4325,55224
166,2020-04-20,4320,4395,70761
167,2020-04-21,4400,4370,66704
168,2020-04-22,4210,4305,27636
169,2020-04-23,4305,4370,27969
170,2020-04-24,4365,4300,25234
171,2020-04-27,4330,4430,44785
172,2020-04-28,4485,4700,116260
173,2020-04-29,4800,4790,102388
174,2020-05-04,4720,4985,190758
175,2020-05-06,5140,5150,174769
176,2020-05-07,5150,5160,51990
177,2020-05-08,5110,5060,193112
178,2020-05-11,5060,4945,31397
179,2020-05-12,4920,4920,45980
180,2020-05-13,4880,4800,48439
181,2020-05-14,4780,4770,27767
182,2020-05-15,4750,4940,57217
183,2020-05-18,5040,4985,42876
184,2020-05-19,5050,4955,38553
185,2020-05-20,4955,4960,27111
186,2020-05-21,5020,4875,48384
187,2020-05-22,4870,5070,149456
188,2020-05-25,5070,5020,72016
189,2020-05-26,5060,5060,35236
190,2020-05-27,5040,5100,90257
191,2020-05-28,5060,5120,339241
192,2020-05-29,5190,5250,85721
193,2020-06-01,5250,5140,96536
194,2020-06-02,5160,5280,65964
195,2020-06-03,5350,5230,64655
196,2020-06-04,5230,5060,46678
197,2020-06-05,5150,5280,224715
198,2020-06-08,5600,6860,1798084
199,2020-06-09,7850,7900,3851144
200,2020-06-10,7790,8060,1896914
201,2020-06-11,7860,7900,292362
202,2020-06-12,7440,8550,418725
203,2020-06-15,8460,8600,485752
204,2020-06-16,8860,8610,1908901
205,2020-06-17,8500,7950,719359
206,2020-06-18,8170,8800,1169673
207,2020-06-19,8500,8360,620104
208,2020-06-22,8600,8920,1358645
209,2020-06-23,8770,10400,2560889
210,2020-06-24,10000,9890,878374
211,2020-06-25,10650,10100,1175098
212,2020-06-26,10000,10250,512168
213,2020-06-29,10400,11000,1379610
214,2020-06-30,10750,10400,520734
215,2020-07-01,10450,9950,434626
216,2020-07-02,9850,9840,301272
217,2020-07-03,9800,10200,633208
218,2020-07-06,10350,10750,554422
219,2020-07-07,10750,11300,2300997
220,2020-07-08,11400,11550,602201
221,2020-07-09,11700,12000,501506
222,2020-07-10,11800,12700,813240
223,2020-07-13,12700,16500,2077734
224,2020-07-14,16250,15350,4898368
225,2020-07-15,15200,15300,919953
226,2020-07-16,15300,16100,2867712
227,2020-07-17,15950,16450,441829
228,2020-07-20,16600,17300,691174
229,2020-07-21,16850,17150,395687
230,2020-07-22,17150,18700,1447656
231,2020-07-23,18650,19000,606735
232,2020-07-24,18950,18950,302641
233,2020-07-27,19400,18250,363312
234,2020-07-28,18300,16650,590961
235,2020-07-29,16650,17050,587880
236,2020-07-30,16850,16750,240633
237,2020-07-31,17150,17250,375660
238,2020-08-03,17100,17000,165802
239,2020-08-04,16850,16900,214773
240,2020-08-05,17100,17350,274522
241,2020-08-06,17400,16950,143068
242,2020-08-07,16950,16000,424224
243,2020-08-10,16050,15650,259709
244,2020-08-11,15650,16000,187756
245,2020-08-12,16350,15450,642511
246,2020-08-13,15850,15800,210846
247,2020-08-14,15900,17100,888614
248,2020-08-18,16350,14650,655894
249,2020-08-19,15100,15500,1231322
250,2020-08-20,15600,14500,350404
251,2020-08-21,14350,14300,252518
252,2020-08-24,14150,14500,177798
253,2020-08-25,14500,14450,252859
254,2020-08-26,14450,14350,177570
255,2020-08-27,14300,13700,245243
256,2020-08-28,13850,14150,188499
257,2020-08-31,14750,14900,577225
258,2020-09-01,14700,14500,216242
259,2020-09-02,14600,14400,98272
260,2020-09-03,14400,14150,140879
261,2020-09-04,13500,14150,217974
262,2020-09-07,14000,13800,227722
263,2020-09-08,13850,13750,261472
264,2020-09-09,13500,13100,126564
265,2020-09-10,13400,13600,173773
266,2020-09-11,13500,13700,104139
267,2020-09-14,13800,14100,179925
268,2020-09-15,14200,13700,107827
269,2020-09-16,13800,13800,136040
270,2020-09-17,13750,13150,129155
271,2020-09-18,13200,12900,246370
272,2020-09-21,12850,11900,337115
273,2020-09-22,11900,11000,203842
274,2020-09-23,11150,11700,190613
275,2020-09-24,11250,10850,164174
276,2020-09-25,10850,11600,233456
277,2020-09-28,12000,12600,614538
278,2020-09-29,12850,12850,258698
279,2020-10-05,14600,13250,1454488
280,2020-10-06,13100,13750,462197
281,2020-10-07,13650,13500,332175
282,2020-10-08,14000,14800,1308748
283,2020-10-12,15100,14750,474935
284,2020-10-13,14800,14450,650600
285,2020-10-14,14350,14700,661955
286,2020-10-15,14700,13900,364834
287,2020-10-16,13700,12450,340391
288,2020-10-19,12350,11850,176645
289,2020-10-20,11800,12700,219479
290,2020-10-21,12600,12650,112686
291,2020-10-22,12400,12750,457095
292,2020-10-23,12600,12600,216679
293,2020-10-26,12800,11300,246106
294,2020-10-27,11000,11050,541802
295,2020-10-28,11150,11100,138519
296,2020-10-29,10700,11150,276219
297,2020-10-30,11150,10600,225903
298,2020-11-02,10700,11200,472017
299,2020-11-03,11300,11400,800185
