,date,open,close,volume
0,2019-08-16,7420,7650,915452
1,2019-08-19,7780,7590,545705
2,2019-08-20,7570,7580,662481
3,2019-08-21,7600,7530,334765
4,2019-08-22,7570,7200,674439
5,2019-08-23,7200,7290,297513
6,2019-08-26,7070,7130,312445
7,2019-08-27,7210,7550,597875
8,2019-08-28,7540,7300,606429
9,2019-08-29,7360,7000,688236
10,2019-08-30,7100,7030,254652
11,2019-09-02,6970,6810,500590
12,2019-09-03,6860,6700,352454
13,2019-09-04,6720,6810,229648
14,2019-09-05,6820,7000,415862
15,2019-09-06,7060,6990,212646
16,2019-09-09,7000,6670,473946
17,2019-09-10,6640,6750,140835
18,2019-09-11,6820,6650,270375
19,2019-09-16,6690,6670,125348
20,2019-09-17,6660,6510,527526
21,2019-09-18,6530,6460,166712
22,2019-09-19,6490,6620,203139
23,2019-09-20,6690,6700,279081
24,2019-09-23,6700,6650,136431
25,2019-09-24,6640,6860,209866
26,2019-09-25,6810,6700,580682
27,2019-09-26,6720,6940,237518
28,2019-09-27,7050,6940,224033
29,2019-09-30,6870,6960,166300
30,2019-10-01,7000,7000,234561
31,2019-10-02,6930,6900,123880
32,2019-10-04,6850,6710,250938
33,2019-10-07,6710,6880,189389
34,2019-10-08,6930,6830,159551
35,2019-10-10,6810,7090,352771
36,2019-10-11,7150,7110,286085
37,2019-10-14,7160,7060,280910
38,2019-10-15,7100,7070,184603
39,2019-10-16,7100,7180,370495
40,2019-10-17,7170,7060,338008
41,2019-10-18,7060,7110,153354
42,2019-10-21,7100,7070,162785
43,2019-10-22,7110,7340,782875
44,2019-10-23,7370,7170,367327
45,2019-10-24,7160,7180,321585
46,2019-10-25,7220,6920,552048
47,2019-10-28,6960,7600,1985613
48,2019-10-29,7690,7470,1050560
49,2019-10-30,7440,7200,699841
50,2019-10-31,7240,7440,708442
51,2019-11-01,7410,7410,338772
52,2019-11-04,7450,7420,333084
53,2019-11-05,7380,7310,303753
54,2019-11-06,7340,7280,912075
55,2019-11-07,7290,7140,399580
56,2019-11-08,7150,7160,254066
57,2019-11-11,7200,6960,330383
58,2019-11-12,7010,7170,256599
59,2019-11-13,7200,7190,318681
60,2019-11-14,7190,6980,462635
61,2019-11-15,7040,6950,334762
62,2019-11-18,7020,7190,306488
63,2019-11-19,7170,7230,365808
64,2019-11-20,7230,7030,277063
65,2019-11-21,7010,6860,255129
66,2019-11-22,6870,6870,190385
67,2019-11-25,7000,7100,330051
68,2019-11-26,7130,8000,4101306
69,2019-11-27,8120,8090,4807835
70,2019-11-28,8050,8540,2074281
71,2019-11-29,8510,8450,907479
72,2019-12-02,8640,8180,1496299
73,2019-12-03,8060,8750,1887150
74,2019-12-04,8630,8480,916283
75,2019-12-05,8550,8840,1913164
76,2019-12-06,8800,8890,1126693
77,2019-12-09,8960,8770,750897
78,2019-12-10,8800,8840,820908
79,2019-12-11,8820,9100,1000185
80,2019-12-12,9160,9250,633079
81,2019-12-13,9250,9000,643377
82,2019-12-16,9010,9280,542877
83,2019-12-17,9330,9140,1065862
84,2019-12-18,9190,8980,810739
85,2019-12-19,9020,8770,734980
86,2019-12-20,8820,8870,458963
87,2019-12-23,8870,8750,494250
88,2019-12-24,8760,8240,1023867
89,2019-12-26,8260,8750,766928
90,2019-12-27,8850,8800,451441
91,2019-12-30,8790,8940,491233
92,2020-01-02,8940,9210,578642
93,2020-01-03,9240,9060,321390
94,2020-01-06,8820,8940,568530
95,2020-01-07,8930,9530,1068353
96,2020-01-08,9400,9320,1066329
97,2020-01-09,9580,10250,1502818
98,2020-01-10,10400,10350,687905
99,2020-01-13,10350,10200,485264
100,2020-01-14,10100,9770,977163
101,2020-01-15,9840,9780,542510
102,2020-01-16,9900,9780,334617
103,2020-01-17,9820,9610,382407
104,2020-01-20,9580,9690,473201
105,2020-01-21,9650,9350,667611
106,2020-01-22,9300,9550,606242
107,2020-01-23,9520,9400,448524
108,2020-01-28,8990,8850,667282
109,2020-01-29,8920,8860,454990
110,2020-01-30,8920,8670,507224
111,2020-01-31,8680,8750,621559
112,2020-02-03,8490,8630,476259
113,2020-02-04,8750,8900,394107
114,2020-02-05,8970,8560,465149
115,2020-02-06,8690,8700,328547
116,2020-02-07,8750,8570,518884
117,2020-02-10,8540,8630,240138
118,2020-02-11,8740,8590,416550
119,2020-02-12,8590,8840,507506
120,2020-02-13,8880,8740,354807
121,2020-02-14,8720,8930,448572
122,2020-02-17,8920,8900,294699
123,2020-02-18,8850,8820,739399
124,2020-02-19,8850,8540,468476
125,2020-02-20,8540,8280,517689
126,2020-02-21,8050,7980,433465
127,2020-02-24,7700,7630,478138
128,2020-02-25,7550,7860,343183
129,2020-02-26,7680,7740,258150
130,2020-02-27,7680,7360,485799
131,2020-02-28,7130,6990,511427
132,2020-03-02,6940,7140,390256
133,2020-03-03,7360,7180,391003
134,2020-03-04,7100,7500,335806
135,2020-03-05,7610,7500,319350
136,2020-03-06,7470,7410,169123
137,2020-03-09,7160,6980,316809
138,2020-03-10,6750,7030,298366
139,2020-03-11,7030,6560,469648
140,2020-03-12,6420,5980,617372
141,2020-03-13,5350,5390,1411872
142,2020-03-16,5500,5020,688543
143,2020-03-17,4610,4900,705262
144,2020-03-18,4910,4400,596551
145,2020-03-19,4455,3695,1126339
146,2020-03-20,3740,4390,776204
147,2020-03-23,3905,3890,571291
148,2020-03-24,4080,4210,487117
149,2020-03-25,4430,4450,624026
150,2020-03-26,4530,4590,756838
151,2020-03-27,4770,4665,737940
152,2020-03-30,4425,4980,423886
153,2020-03-31,5090,5060,561364
154,2020-04-01,5000,4990,545995
155,2020-04-02,4955,5070,372361
156,2020-04-03,5130,5100,269370
157,2020-04-06,5120,5340,498861
158,2020-04-07,5510,5470,657507
159,2020-04-08,5470,5550,510951
160,2020-04-09,5730,5620,442240
161,2020-04-10,5640,5500,341074
162,2020-04-13,5500,5170,392569
163,2020-04-14,5210,5230,393369
164,2020-04-16,5260,5390,382183
165,2020-04-17,5500,5610,775698
166,2020-04-20,5620,5550,298734
167,2020-04-21,5520,5340,434662
168,2020-04-22,5240,5370,226447
169,2020-04-23,5450,5620,456025
170,2020-04-24,5600,5620,435117
171,2020-04-27,5620,6100,1094966
172,2020-04-28,6210,5980,705539
173,2020-04-29,5980,6040,402070
174,2020-05-04,5910,6020,315847
175,2020-05-06,6140,6700,1531627
176,2020-05-07,6740,6850,704744
177,2020-05-08,6960,7300,1130240
178,2020-05-11,7320,7140,842813
179,2020-05-12,7170,7070,425838
180,2020-05-13,6950,7670,1270790
181,2020-05-14,7550,7500,438844
182,2020-05-15,7600,7390,498609
183,2020-05-18,7410,7340,281363
184,2020-05-19,7460,7480,411343
185,2020-05-20,7420,7840,864913
186,2020-05-21,7910,7880,612772
187,2020-05-22,7910,7740,473793
188,2020-05-25,7800,7820,251365
189,2020-05-26,7870,7790,301623
190,2020-05-27,7730,7580,334457
191,2020-05-28,7530,7210,632301
192,2020-05-29,7060,7280,276448
193,2020-06-01,7310,7550,275211
194,2020-06-02,7620,7500,224637
195,2020-06-03,7600,7680,1055966
196,2020-06-04,7850,7800,396650
197,2020-06-05,7840,7900,300785
198,2020-06-08,7970,7820,253221
199,2020-06-09,7850,7770,365208
200,2020-06-10,7770,7800,328071
201,2020-06-11,7820,7570,273382
202,2020-06-12,7090,7490,446587
203,2020-06-15,7420,6800,413682
204,2020-06-16,7000,7260,256050
205,2020-06-17,7200,7170,157378
206,2020-06-18,7080,7140,160417
207,2020-06-19,7150,7170,151494
208,2020-06-22,7170,7120,80063
209,2020-06-23,7210,7190,156690
210,2020-06-24,7290,7400,258632
211,2020-06-25,7250,7180,164956
212,2020-06-26,7210,7140,157146
213,2020-06-29,7030,6750,371145
214,2020-06-30,6830,6990,261114
215,2020-07-01,7030,7060,166441
216,2020-07-02,7140,7000,120967
217,2020-07-03,7110,7040,88565
218,2020-07-06,7130,7420,798986
219,2020-07-07,7490,7300,349298
220,2020-07-08,7590,7750,1265791
221,2020-07-09,7770,7790,393265
222,2020-07-10,7820,7530,487562
223,2020-07-13,7590,7560,222639
224,2020-07-14,7520,7560,181533
225,2020-07-15,7600,7650,306265
226,2020-07-16,7750,8100,2246911
227,2020-07-17,8400,8440,2370823
228,2020-07-20,8490,8270,775782
229,2020-07-21,8320,8480,575685
230,2020-07-22,8520,8400,432699
231,2020-07-23,8410,8190,528211
232,2020-07-24,8160,8350,876461
233,2020-07-27,8450,9270,3265622
234,2020-07-28,9340,9250,1221887
235,2020-07-29,9230,9150,1867562
236,2020-07-30,9420,9280,1149127
237,2020-07-31,9340,9290,768068
238,2020-08-03,9420,9510,1234659
239,2020-08-04,9850,10000,2162265
240,2020-08-05,9990,9880,694554
241,2020-08-06,9920,9750,1014067
242,2020-08-07,9810,10050,846530
243,2020-08-10,10050,10250,974003
244,2020-08-11,10300,10050,549727
245,2020-08-12,10150,9660,909717
246,2020-08-13,9800,9580,707462
247,2020-08-14,9620,9350,610142
248,2020-08-18,9350,8580,951662
249,2020-08-19,8650,8690,389760
250,2020-08-20,8550,8180,707135
251,2020-08-21,8250,8230,430453
252,2020-08-24,8080,8320,332290
253,2020-08-25,8400,8660,388480
254,2020-08-26,8660,8690,310867
255,2020-08-27,8820,8480,333923
256,2020-08-28,8510,8630,568065
257,2020-08-31,8700,8790,367157
258,2020-09-01,8850,8800,204350
259,2020-09-02,8840,8750,267934
260,2020-09-03,8820,8930,370494
261,2020-09-04,8490,8760,549856
262,2020-09-07,8770,9700,2912129
263,2020-09-08,9950,9220,2326999
264,2020-09-09,8960,9020,741304
265,2020-09-10,9170,9490,760879
266,2020-09-11,9440,9340,585390
267,2020-09-14,9520,9750,1295005
268,2020-09-15,9850,9780,1053634
269,2020-09-16,9730,9430,524848
270,2020-09-17,9440,9220,651879
271,2020-09-18,9260,9200,530154
272,2020-09-21,9200,9440,821280
273,2020-09-22,9320,9020,501995
274,2020-09-23,9070,9100,373685
275,2020-09-24,8900,8790,386488
276,2020-09-25,8880,8700,262633
277,2020-09-28,8740,9090,275998
278,2020-09-29,9190,9150,197149
279,2020-10-05,9140,9370,291600
280,2020-10-06,9450,9450,346434
281,2020-10-07,9350,9480,401566
282,2020-10-08,9560,9780,2140820
283,2020-10-12,9840,9790,1084095
284,2020-10-13,9840,9770,416594
285,2020-10-14,9750,9420,597158
286,2020-10-15,9430,9390,439922
287,2020-10-16,9410,9280,382541
288,2020-10-19,9300,9480,591308
289,2020-10-20,9400,9540,421641
290,2020-10-21,9570,9530,208644
291,2020-10-22,9460,9350,231687
292,2020-10-23,9440,9520,359741
293,2020-10-26,9560,9300,390834
294,2020-10-27,9170,9260,393441
295,2020-10-28,9260,9360,740668
296,2020-10-29,9150,8870,952169
297,2020-10-30,8900,8560,584472
298,2020-11-02,8580,8570,376482
299,2020-11-03,8600,8940,486136
