,date,open,close,volume
0,2019-08-16,4370,4235,18056
1,2019-08-19,4250,4320,16811
2,2019-08-20,4270,4385,17326
3,2019-08-21,4390,4395,10616
4,2019-08-22,4415,4390,8660
5,2019-08-23,4280,4455,111110
6,2019-08-26,4350,4335,33267
7,2019-08-27,4340,4310,38356
8,2019-08-28,4245,4310,16059
9,2019-08-29,4360,4280,7219
10,2019-08-30,4340,4330,19092
11,2019-09-02,4285,4345,13167
12,2019-09-03,4355,4315,40659
13,2019-09-04,4325,4390,16718
14,2019-09-05,4400,4500,80894
15,2019-09-06,4500,4455,21239
16,2019-09-09,4455,4650,76635
17,2019-09-10,4960,4675,600979
18,2019-09-11,4710,4740,43217
19,2019-09-16,4740,4725,31056
20,2019-09-17,4935,5160,1261010
21,2019-09-18,5360,4960,1126174
22,2019-09-19,4930,4910,135568
23,2019-09-20,4945,5070,294030
24,2019-09-23,4985,4975,120755
25,2019-09-24,5290,4980,241843
26,2019-09-25,5000,4905,99219
27,2019-09-26,4905,4840,164629
28,2019-09-27,5210,4820,1816847
29,2019-09-30,4780,4680,169116
30,2019-10-01,4600,4510,242157
31,2019-10-02,4510,4455,59783
32,2019-10-04,4460,4385,38942
33,2019-10-07,4340,4310,70682
34,2019-10-08,4285,4400,26832
35,2019-10-10,4420,4350,38413
36,2019-10-11,4350,4360,20558
37,2019-10-14,4360,4385,17782
38,2019-10-15,4385,4420,11012
39,2019-10-16,4415,4485,29495
40,2019-10-17,4500,4455,12860
41,2019-10-18,4455,4455,25882
42,2019-10-21,4415,4400,21993
43,2019-10-22,4420,4455,55557
44,2019-10-23,4475,4440,25118
45,2019-10-24,4440,4410,44477
46,2019-10-25,4410,4400,20834
47,2019-10-28,4435,4485,35639
48,2019-10-29,4445,4500,37836
49,2019-10-30,4500,4500,16135
50,2019-10-31,4500,4520,22218
51,2019-11-01,4520,4540,18572
52,2019-11-04,4540,4550,39472
53,2019-11-05,4550,4570,34237
54,2019-11-06,4570,4655,30368
55,2019-11-07,4650,4665,26819
56,2019-11-08,4665,4745,57383
57,2019-11-11,4750,4755,34207
58,2019-11-12,4710,4780,28085
59,2019-11-13,4760,4875,67141
60,2019-11-14,4875,4740,26171
61,2019-11-15,4740,4655,44141
62,2019-11-18,4655,4665,34096
63,2019-11-19,4665,4600,39129
64,2019-11-20,4550,4470,46369
65,2019-11-21,4470,4375,43332
66,2019-11-22,4350,4430,18419
67,2019-11-25,4410,4505,18198
68,2019-11-26,4505,4515,8610
69,2019-11-27,4530,4510,26018
70,2019-11-28,4485,4505,17723
71,2019-11-29,4505,4520,33565
72,2019-12-02,4465,4500,16162
73,2019-12-03,4460,4475,9486
74,2019-12-04,4535,4400,13877
75,2019-12-05,4400,4295,18144
76,2019-12-06,4230,4370,24378
77,2019-12-09,4400,4375,7927
78,2019-12-10,4345,4405,7526
79,2019-12-11,4435,4400,11181
80,2019-12-12,4380,4420,6469
81,2019-12-13,4420,4445,26324
82,2019-12-16,4465,4465,8573
83,2019-12-17,4440,4480,17426
84,2019-12-18,4465,4470,20508
85,2019-12-19,4520,4465,13776
86,2019-12-20,4450,4475,32469
87,2019-12-23,4495,4450,73801
88,2019-12-24,4450,4435,19558
89,2019-12-26,4505,4505,22205
90,2019-12-27,4480,4445,17510
91,2019-12-30,4410,4435,7848
92,2020-01-02,4470,4610,99552
93,2020-01-03,4575,4565,27181
94,2020-01-06,4500,4425,19034
95,2020-01-07,4425,4465,19123
96,2020-01-08,4425,4345,32683
97,2020-01-09,4375,4410,13241
98,2020-01-10,4430,4420,26439
99,2020-01-13,4420,4555,35046
100,2020-01-14,4515,4565,28188
101,2020-01-15,4610,4575,11035
102,2020-01-16,4575,4535,9063
103,2020-01-17,4535,4570,9531
104,2020-01-20,4565,4460,40626
105,2020-01-21,4465,4330,179134
106,2020-01-22,4340,4300,141296
107,2020-01-23,4280,4355,43110
108,2020-01-28,4225,4195,101947
109,2020-01-29,4200,4180,50354
110,2020-01-30,4180,4140,41346
111,2020-01-31,4135,4170,62740
112,2020-02-03,4130,4155,43967
113,2020-02-04,4180,4265,21524
114,2020-02-05,4265,4230,20719
115,2020-02-06,4285,4285,34122
116,2020-02-07,4285,4245,24692
117,2020-02-10,4245,4415,153315
118,2020-02-11,4415,4440,45078
119,2020-02-12,4440,4420,26408
120,2020-02-13,4420,4425,18856
121,2020-02-14,4425,4565,126084
122,2020-02-17,4530,4650,82198
123,2020-02-18,4650,4560,39641
124,2020-02-19,4600,4545,35177
125,2020-02-20,4545,4525,16632
126,2020-02-21,4525,4405,22192
127,2020-02-24,4395,4360,52380
128,2020-02-25,4360,4340,34191
129,2020-02-26,4310,4435,32775
130,2020-02-27,4435,4290,55792
131,2020-02-28,4200,4040,81006
132,2020-03-02,4070,4255,66853
133,2020-03-03,4260,4295,20276
134,2020-03-04,4290,4370,20118
135,2020-03-05,4470,4485,64261
136,2020-03-06,4420,4320,28832
137,2020-03-09,4215,4075,98097
138,2020-03-10,4000,4030,58385
139,2020-03-11,4030,4035,199920
140,2020-03-12,3930,3710,172262
141,2020-03-13,3400,3350,168570
142,2020-03-16,3420,3285,51419
143,2020-03-17,3020,3240,78580
144,2020-03-18,3270,3115,74844
145,2020-03-19,3025,2735,241020
146,2020-03-20,2570,2895,87479
147,2020-03-23,2710,2580,94805
148,2020-03-24,2595,2700,73362
149,2020-03-25,2770,2870,83625
150,2020-03-26,2875,2895,66958
151,2020-03-27,2945,3040,81060
152,2020-03-30,2950,3245,101971
153,2020-03-31,3390,3345,92648
154,2020-04-01,3320,3250,91212
155,2020-04-02,3330,3385,57818
156,2020-04-03,3390,3470,57067
157,2020-04-06,3470,3610,63470
158,2020-04-07,3635,3685,68584
159,2020-04-08,3685,3695,43014
160,2020-04-09,3785,3680,35970
161,2020-04-10,3690,3670,54261
162,2020-04-13,3670,3555,55644
163,2020-04-14,3555,3665,78792
164,2020-04-16,3680,3755,80140
165,2020-04-17,3770,3900,117094
166,2020-04-20,3945,3910,98074
167,2020-04-21,4045,3995,193848
168,2020-04-22,3910,4070,54080
169,2020-04-23,4130,4235,178963
170,2020-04-24,4275,4140,302341
171,2020-04-27,4140,4320,87719
172,2020-04-28,4370,4260,49262
173,2020-04-29,4260,4260,17799
174,2020-05-04,4190,4405,68629
175,2020-05-06,4405,4385,59748
176,2020-05-07,4385,4420,108473
177,2020-05-08,4430,4470,44946
178,2020-05-11,4510,4655,330385
179,2020-05-12,4650,4525,142710
180,2020-05-13,4510,4500,39889
181,2020-05-14,4465,4315,47011
182,2020-05-15,4350,4320,26860
183,2020-05-18,4320,4575,383511
184,2020-05-19,4575,4530,104116
185,2020-05-20,4525,4630,118419
186,2020-05-21,4660,4515,52983
187,2020-05-22,4555,4480,58575
188,2020-05-25,4480,4515,39499
189,2020-05-26,4520,4710,201936
190,2020-05-27,4740,4630,89211
191,2020-05-28,4620,4485,116179
192,2020-05-29,4480,4490,57734
193,2020-06-01,4470,4530,51774
194,2020-06-02,4550,4530,48939
195,2020-06-03,4530,4550,51386
196,2020-06-04,4540,4540,33705
197,2020-06-05,4555,4575,36031
198,2020-06-08,4565,4715,261063
199,2020-06-09,4720,4630,153047
200,2020-06-10,4630,4650,97301
201,2020-06-11,4635,4555,61522
202,2020-06-12,4315,4335,150802
203,2020-06-15,4280,4100,134655
204,2020-06-16,4115,4250,170064
205,2020-06-17,4210,4380,68783
206,2020-06-18,4380,4315,55226
207,2020-06-19,4315,4280,10628
208,2020-06-22,4320,4320,51331
209,2020-06-23,4410,4300,70444
210,2020-06-24,4265,4385,107055
211,2020-06-25,4360,4255,78500
212,2020-06-26,4230,4200,63749
213,2020-06-29,4130,4250,81752
214,2020-06-30,4270,4175,35317
215,2020-07-01,4170,4260,84379
216,2020-07-02,4240,4400,151445
217,2020-07-03,4430,4380,102599
218,2020-07-06,4355,4560,214783
219,2020-07-07,4560,4510,139200
220,2020-07-08,4465,4515,49940
221,2020-07-09,4480,4685,375510
222,2020-07-10,4795,4585,225246
223,2020-07-13,4630,4600,61449
224,2020-07-14,4600,4590,91330
225,2020-07-15,4595,4895,369149
226,2020-07-16,4800,4640,512462
227,2020-07-17,4645,4530,231268
228,2020-07-20,4570,4660,164618
229,2020-07-21,4660,4620,78125
230,2020-07-22,4650,4570,62111
231,2020-07-23,4590,4560,50418
232,2020-07-24,4560,4560,113100
233,2020-07-27,4600,4670,105654
234,2020-07-28,4670,4655,81475
235,2020-07-29,4660,4625,43244
236,2020-07-30,4625,4745,140917
237,2020-07-31,4800,4665,118143
238,2020-08-03,4740,4630,48196
239,2020-08-04,4650,4695,116297
240,2020-08-05,4720,4710,103065
241,2020-08-06,4710,4680,47608
242,2020-08-07,4700,4675,89967
243,2020-08-10,4675,4730,74237
244,2020-08-11,4735,4710,27076
245,2020-08-12,4715,4665,77142
246,2020-08-13,4710,4480,305934
247,2020-08-14,4510,4470,247422
248,2020-08-18,4470,4240,123909
249,2020-08-19,4240,4245,59105
250,2020-08-20,4245,4050,99947
251,2020-08-21,4050,4125,67826
252,2020-08-24,4130,4430,112245
253,2020-08-25,4465,4390,250229
254,2020-08-26,4465,4480,195824
255,2020-08-27,4500,4940,1736564
256,2020-08-28,4845,4780,376148
257,2020-08-31,4780,4635,164890
258,2020-09-01,4720,4610,157147
259,2020-09-02,4615,4680,99323
260,2020-09-03,4680,4640,72865
261,2020-09-04,4495,4480,121149
262,2020-09-07,4565,4520,67954
263,2020-09-08,4560,4640,327752
264,2020-09-09,4630,4750,411895
265,2020-09-10,4800,4730,95188
266,2020-09-11,4730,4720,79421
267,2020-09-14,4700,4790,94922
268,2020-09-15,4840,4705,65655
269,2020-09-16,4685,4715,59534
270,2020-09-17,4750,4650,63851
271,2020-09-18,4700,4660,68498
272,2020-09-21,4615,4580,65705
273,2020-09-22,4530,4455,90978
274,2020-09-23,4410,4435,37003
275,2020-09-24,4335,4245,48009
276,2020-09-25,4255,4320,43209
277,2020-09-28,4370,4390,25588
278,2020-09-29,4430,4520,54754
279,2020-10-05,4520,4550,23464
280,2020-10-06,4605,4580,42805
281,2020-10-07,4580,4605,30122
282,2020-10-08,4610,4620,35422
283,2020-10-12,4690,4625,29736
284,2020-10-13,4690,4585,24269
285,2020-10-14,4595,4585,24330
286,2020-10-15,4545,4495,49030
287,2020-10-16,4480,4425,40691
288,2020-10-19,4425,4520,21854
289,2020-10-20,4520,4510,19113
290,2020-10-21,4510,4550,22249
291,2020-10-22,4570,4540,46131
292,2020-10-23,4545,4560,20830
293,2020-10-26,4505,4440,32293
294,2020-10-27,4435,4415,32115
295,2020-10-28,4620,4495,41077
296,2020-10-29,4445,4410,54799
297,2020-10-30,4405,4345,32552
298,2020-11-02,4345,4370,17619
299,2020-11-03,4370,4415,15059
