,date,open,close,volume
0,2019-08-16,20950,20950,91143
1,2019-08-19,21200,21400,137826
2,2019-08-20,21350,21700,54910
3,2019-08-21,21650,22500,94560
4,2019-08-22,22450,22450,39692
5,2019-08-23,22350,22000,28489
6,2019-08-26,21450,20800,66720
7,2019-08-27,20900,21200,26873
8,2019-08-28,21250,22400,77614
9,2019-08-29,22500,22000,43785
10,2019-08-30,22400,22400,27770
11,2019-09-02,22350,22300,28602
12,2019-09-03,22300,22300,30701
13,2019-09-04,22300,22450,22059
14,2019-09-05,22500,22650,35686
15,2019-09-06,22700,22400,14426
16,2019-09-09,22600,22100,32495
17,2019-09-10,22000,22200,23020
18,2019-09-11,22200,22650,31858
19,2019-09-16,23300,23150,67737
20,2019-09-17,22950,23400,74598
21,2019-09-18,23450,22800,71669
22,2019-09-19,22900,22600,57656
23,2019-09-20,22500,22850,36411
24,2019-09-23,23250,23500,114324
25,2019-09-24,23100,23200,92957
26,2019-09-25,23100,22950,139552
27,2019-09-26,23100,22450,86209
28,2019-09-27,22600,22450,135950
29,2019-09-30,22500,21850,62582
30,2019-10-01,21850,22500,72184
31,2019-10-02,22400,21800,35973
32,2019-10-04,21800,21550,31188
33,2019-10-07,21650,21600,69759
34,2019-10-08,21800,21650,40406
35,2019-10-10,21800,21650,42396
36,2019-10-11,21700,22000,50294
37,2019-10-14,22400,22350,45232
38,2019-10-15,22500,22350,45205
39,2019-10-16,22400,22650,41461
40,2019-10-17,22650,22450,26759
41,2019-10-18,22450,22000,59848
42,2019-10-21,22000,21950,43448
43,2019-10-22,22100,22000,50794
44,2019-10-23,22150,22700,111025
45,2019-10-24,23300,22050,74889
46,2019-10-25,22600,22500,51217
47,2019-10-28,22800,22300,23221
48,2019-10-29,22500,22850,68424
49,2019-10-30,22850,22850,39306
50,2019-10-31,22900,22850,21996
51,2019-11-01,22900,22600,17903
52,2019-11-04,22600,23700,169452
53,2019-11-05,23700,23850,83253
54,2019-11-06,23850,23150,94963
55,2019-11-07,23200,23150,31415
56,2019-11-08,23250,22850,32509
57,2019-11-11,23000,22600,23000
58,2019-11-12,22650,22750,28421
59,2019-11-13,22700,22300,40717
60,2019-11-14,22500,22600,26755
61,2019-11-15,22600,22450,44536
62,2019-11-18,22450,22350,23708
63,2019-11-19,22250,21950,42723
64,2019-11-20,22000,21850,35235
65,2019-11-21,21850,21400,51509
66,2019-11-22,21400,21500,38927
67,2019-11-25,22150,22600,76411
68,2019-11-26,22600,22550,144616
69,2019-11-27,25450,24100,2797440
70,2019-11-28,24650,23700,435784
71,2019-11-29,23750,23650,216788
72,2019-12-02,23750,24650,287192
73,2019-12-03,24300,24300,121878
74,2019-12-04,24300,24150,92397
75,2019-12-05,24200,23650,117127
76,2019-12-06,23600,23950,68418
77,2019-12-09,24250,23500,68470
78,2019-12-10,23450,23350,93601
79,2019-12-11,23300,23450,55471
80,2019-12-12,23550,23700,67027
81,2019-12-13,23800,23850,67714
82,2019-12-16,24000,24500,112974
83,2019-12-17,24500,24200,77048
84,2019-12-18,24200,23900,119590
85,2019-12-19,23900,24100,72127
86,2019-12-20,24350,23700,61104
87,2019-12-23,23700,23550,92150
88,2019-12-24,23550,23550,67998
89,2019-12-26,23500,24100,152934
90,2019-12-27,24100,24200,69697
91,2019-12-30,24500,24950,193443
92,2020-01-02,25050,24950,108444
93,2020-01-03,25000,24700,89593
94,2020-01-06,24250,23850,109501
95,2020-01-07,23900,23700,109559
96,2020-01-08,23500,22700,193401
97,2020-01-09,23300,23200,90953
98,2020-01-10,23200,23450,61511
99,2020-01-13,23700,23800,235077
100,2020-01-14,24100,23300,164466
101,2020-01-15,23500,23650,182098
102,2020-01-16,23450,23450,108769
103,2020-01-17,23600,23400,72962
104,2020-01-20,23450,23700,77630
105,2020-01-21,23650,23500,52874
106,2020-01-22,23350,23900,116102
107,2020-01-23,24000,24900,222369
108,2020-01-28,23850,24600,130837
109,2020-01-29,24950,24000,78103
110,2020-01-30,23950,23600,121079
111,2020-01-31,23600,22900,121646
112,2020-02-03,22450,22500,153199
113,2020-02-04,22300,23000,58297
114,2020-02-05,23300,23000,54771
115,2020-02-06,23400,23300,48757
116,2020-02-07,23300,26150,548689
117,2020-02-10,26400,26350,398914
118,2020-02-11,26350,26650,207766
119,2020-02-12,26500,26250,110432
120,2020-02-13,26050,26150,94304
121,2020-02-14,26200,25700,182533
122,2020-02-17,25500,25450,124335
123,2020-02-18,25750,25200,83382
124,2020-02-19,25300,25100,80182
125,2020-02-20,25100,24700,88266
126,2020-02-21,24200,24450,71474
127,2020-02-24,23950,23250,240782
128,2020-02-25,23000,23500,80471
129,2020-02-26,23300,23250,68305
130,2020-02-27,23250,22000,267151
131,2020-02-28,21300,21000,233569
132,2020-03-02,20800,21350,87074
133,2020-03-03,21950,21350,70387
134,2020-03-04,21100,21700,71300
135,2020-03-05,21950,21900,109982
136,2020-03-06,21550,21400,74182
137,2020-03-09,21150,20700,96242
138,2020-03-10,20050,20900,98852
139,2020-03-11,21100,19950,159339
140,2020-03-12,19600,18800,177187
141,2020-03-13,16950,17100,363060
142,2020-03-16,17400,16300,198498
143,2020-03-17,15400,16600,179405
144,2020-03-18,16750,15300,129786
145,2020-03-19,15500,12750,303029
146,2020-03-20,12750,13950,230013
147,2020-03-23,12800,14000,143376
148,2020-03-24,14650,15850,177520
149,2020-03-25,16550,15950,144310
150,2020-03-26,16000,15850,181582
151,2020-03-27,17000,16050,98228
152,2020-03-30,15700,16300,116977
153,2020-03-31,17100,19100,530415
154,2020-04-01,18800,19150,233938
155,2020-04-02,18950,19200,167283
156,2020-04-03,19400,19250,93817
157,2020-04-06,19300,19350,141077
158,2020-04-07,19900,19400,144488
159,2020-04-08,19300,19000,108196
160,2020-04-09,19500,19350,93268
161,2020-04-10,19350,19550,180884
162,2020-04-13,19600,19450,230846
163,2020-04-14,19550,20050,108845
164,2020-04-16,19950,20050,70902
165,2020-04-17,20200,20500,125984
166,2020-04-20,20700,20250,112372
167,2020-04-21,20000,19600,156570
168,2020-04-22,19300,19500,127878
169,2020-04-23,19500,19900,114853
170,2020-04-24,19800,19750,116795
171,2020-04-27,19800,19700,124619
172,2020-04-28,20000,19350,142666
173,2020-04-29,19250,19200,224898
174,2020-05-04,19100,18800,118624
175,2020-05-06,18850,19250,117505
176,2020-05-07,19250,20450,276743
177,2020-05-08,20500,21800,584345
178,2020-05-11,21750,20600,316569
179,2020-05-12,20600,20200,146306
180,2020-05-13,19750,20000,85165
181,2020-05-14,19800,20100,152003
182,2020-05-15,20250,21500,525151
183,2020-05-18,21600,21500,297741
184,2020-05-19,22000,22300,297742
185,2020-05-20,22050,21950,300890
186,2020-05-21,22100,22100,142802
187,2020-05-22,22000,21900,137022
188,2020-05-25,22100,22500,160469
189,2020-05-26,22700,22250,128331
190,2020-05-27,22350,22150,122606
191,2020-05-28,22150,21650,189430
192,2020-05-29,21500,21250,140347
193,2020-06-01,21250,21400,154598
194,2020-06-02,21700,21450,122671
195,2020-06-03,21550,20850,301255
196,2020-06-04,20850,20550,140104
197,2020-06-05,20550,21300,257726
198,2020-06-08,21400,21150,148532
199,2020-06-09,21000,21150,118797
200,2020-06-10,21100,21550,240769
201,2020-06-11,21900,22250,855711
202,2020-06-12,21100,21300,285347
203,2020-06-15,21300,19400,291364
204,2020-06-16,20200,20100,233761
205,2020-06-17,19850,20450,151001
206,2020-06-18,20550,21100,177713
207,2020-06-19,21400,20950,76295
208,2020-06-22,20950,20400,103627
209,2020-06-23,20450,20100,130925
210,2020-06-24,20100,20200,81339
211,2020-06-25,19950,20600,103878
212,2020-06-26,20900,20100,126584
213,2020-06-29,20000,19150,134494
214,2020-06-30,19300,19300,98685
215,2020-07-01,19450,20200,415632
216,2020-07-02,20700,20550,360624
217,2020-07-03,20750,20900,121243
218,2020-07-06,20950,20650,65875
219,2020-07-07,21400,22000,495048
220,2020-07-08,22000,21450,219874
221,2020-07-09,21600,20950,135828
222,2020-07-10,20900,20800,87471
223,2020-07-13,20900,20950,65283
224,2020-07-14,20750,21050,124190
225,2020-07-15,21700,21450,182502
226,2020-07-16,21650,21700,169417
227,2020-07-17,21700,21200,69772
228,2020-07-20,21500,20900,81525
229,2020-07-21,21000,21100,71790
230,2020-07-22,21100,21000,66221
231,2020-07-23,20950,20750,108582
232,2020-07-24,20750,20600,135825
233,2020-07-27,20600,20500,47320
234,2020-07-28,20900,20550,108746
235,2020-07-29,20600,20950,78512
236,2020-07-30,21100,20650,82734
237,2020-07-31,20600,19900,281992
238,2020-08-03,19950,20500,152064
239,2020-08-04,20500,20800,115519
240,2020-08-05,20900,21250,201414
241,2020-08-06,21350,20950,80420
242,2020-08-07,21000,20650,88264
243,2020-08-10,20600,20400,103801
244,2020-08-11,20350,20350,76667
245,2020-08-12,20300,20450,91204
246,2020-08-13,20450,20500,85094
247,2020-08-14,20550,20150,99897
248,2020-08-18,20400,19400,136458
249,2020-08-19,19250,19350,83489
250,2020-08-20,19450,18350,158049
251,2020-08-21,18400,19750,146136
252,2020-08-24,19600,19300,62982
253,2020-08-25,19500,20000,204834
254,2020-08-26,20000,19800,57873
255,2020-08-27,19900,19250,98016
256,2020-08-28,19250,20250,147729
257,2020-08-31,20400,20350,145379
258,2020-09-01,20350,19900,106188
259,2020-09-02,20050,20150,83381
260,2020-09-03,20200,20500,172145
261,2020-09-04,19700,20250,83926
262,2020-09-07,20200,21700,429087
263,2020-09-08,21950,21350,228043
264,2020-09-09,21000,23650,1605518
265,2020-09-10,25000,25800,1620555
266,2020-09-11,25350,26950,1254341
267,2020-09-14,26950,26850,435267
268,2020-09-15,26850,26850,409535
269,2020-09-16,26950,26850,309370
270,2020-09-17,26900,25700,475532
271,2020-09-18,25650,25350,217611
272,2020-09-21,25250,24350,296898
273,2020-09-22,24550,23950,334686
274,2020-09-23,24250,23400,465488
275,2020-09-24,22750,22450,341783
276,2020-09-25,23050,25500,1024861
277,2020-09-28,26900,26200,590407
278,2020-09-29,26100,22850,3347465
279,2020-10-05,23300,23500,601586
280,2020-10-06,23700,23250,1220000
281,2020-10-07,23250,22950,235088
282,2020-10-08,23000,22700,212160
283,2020-10-12,22400,23200,165331
284,2020-10-13,23450,23250,197105
285,2020-10-14,23250,23200,194347
286,2020-10-15,23200,22650,144175
287,2020-10-16,22600,23250,183744
288,2020-10-19,23200,23150,100541
289,2020-10-20,22850,23100,183966
290,2020-10-21,23050,23050,77845
291,2020-10-22,22900,22550,54112
292,2020-10-23,22550,22450,70712
293,2020-10-26,22400,21650,97968
294,2020-10-27,21500,21600,203726
295,2020-10-28,21350,22450,98148
296,2020-10-29,21850,22250,72615
297,2020-10-30,22200,22000,104308
298,2020-11-02,22000,22600,65111
299,2020-11-03,22500,22750,68907
