,date,open,close,volume
0,2019-11-13,11600,11100,15462185
1,2019-11-13,11600,11100,15462185
2,2019-11-13,11600,11100,15462185
3,2019-11-13,11600,11100,15462185
4,2019-11-13,11600,11100,15462185
5,2019-11-13,11600,11100,15462185
6,2019-11-14,11150,11650,3649312
7,2019-11-15,11950,12200,5304317
8,2019-11-18,12200,12200,2652187
9,2019-11-19,12300,11900,1411800
10,2019-11-20,11850,11250,1859794
11,2019-11-21,11250,10800,1441331
12,2019-11-22,10900,10850,953073
13,2019-11-25,11000,11000,596616
14,2019-11-26,11000,10700,1143632
15,2019-11-27,10700,10300,1139149
16,2019-11-28,10350,10350,673064
17,2019-11-29,10450,10100,624067
18,2019-12-02,10100,10250,1043572
19,2019-12-03,10200,10350,458199
20,2019-12-04,10250,10400,605963
21,2019-12-05,10400,10750,809672
22,2019-12-06,10650,10950,687507
23,2019-12-09,11150,10800,547491
24,2019-12-10,10800,10950,327883
25,2019-12-11,11000,10900,460356
26,2019-12-12,10950,10900,475215
27,2019-12-13,10900,10750,645240
28,2019-12-16,10750,10600,310051
29,2019-12-17,10650,10550,404434
30,2019-12-18,10550,10250,711197
31,2019-12-19,10300,10100,668049
32,2019-12-20,10100,10300,391198
33,2019-12-23,10300,10300,328837
34,2019-12-24,10250,10150,395395
35,2019-12-26,10150,10250,470460
36,2019-12-27,10300,10200,292908
37,2019-12-30,10400,10350,346604
38,2020-01-02,10450,10400,218029
39,2020-01-03,10400,10250,480865
40,2020-01-06,10300,10050,327864
41,2020-01-07,10150,10150,412853
42,2020-01-08,10150,10850,8360503
43,2020-01-09,10200,10100,2749832
44,2020-01-10,10150,9970,1363218
45,2020-01-13,9920,9770,1413859
46,2020-01-14,9820,9900,661554
47,2020-01-15,9900,9840,457537
48,2020-01-16,9860,9860,378924
49,2020-01-17,9850,9780,426352
50,2020-01-20,9790,9630,884423
51,2020-01-21,9600,9300,1228260
52,2020-01-22,9350,9320,454405
53,2020-01-23,9300,9200,693922
54,2020-01-28,8980,8900,673279
55,2020-01-29,9000,9060,442734
56,2020-01-30,9020,9200,693338
57,2020-01-31,9120,9220,639107
58,2020-02-03,9070,9320,423649
59,2020-02-04,9320,9250,525437
60,2020-02-05,9260,9200,379188
61,2020-02-06,9230,9330,545249
62,2020-02-07,9340,9570,575459
63,2020-02-10,9510,9530,468661
64,2020-02-11,9580,9370,521276
65,2020-02-12,9420,9360,364591
66,2020-02-13,9320,9200,521836
67,2020-02-14,9200,9220,129902
68,2020-02-17,9240,9270,245563
69,2020-02-18,9220,9270,311016
70,2020-02-19,9330,9610,752972
71,2020-02-20,9670,9610,615593
72,2020-02-21,9490,9510,456614
73,2020-02-24,9400,8900,728264
74,2020-02-25,8850,8800,718744
75,2020-02-26,8660,8630,581453
76,2020-02-27,8630,8300,763886
77,2020-02-28,8120,8180,739732
78,2020-03-02,8190,8100,740239
79,2020-03-03,8230,8030,433174
80,2020-03-04,8010,8090,352862
81,2020-03-05,8160,8200,514969
82,2020-03-06,8170,8060,428289
83,2020-03-09,8020,7520,1006446
84,2020-03-10,7450,7560,490271
85,2020-03-11,7610,7270,529785
86,2020-03-12,7180,6820,666520
87,2020-03-13,6060,6380,909665
88,2020-03-16,6420,6340,432797
89,2020-03-17,6110,6130,606556
90,2020-03-18,6150,5740,757701
91,2020-03-19,5800,4845,1186417
92,2020-03-20,4850,5150,603912
93,2020-03-23,4800,4730,657949
94,2020-03-24,4850,5120,696857
95,2020-03-25,5380,5930,1103075
96,2020-03-26,6200,6170,1079774
97,2020-03-27,6470,6300,733914
98,2020-03-30,6050,6470,664822
99,2020-03-31,6690,7080,1098021
100,2020-04-01,7080,7510,1319626
101,2020-04-02,7630,7530,591756
102,2020-04-03,7530,7400,413020
103,2020-04-06,7290,7450,663629
104,2020-04-07,7580,7600,625409
105,2020-04-08,7530,7600,514063
106,2020-04-09,7700,7600,457403
107,2020-04-10,7600,7640,327864
108,2020-04-13,7640,7250,584264
109,2020-04-14,7300,7380,338372
110,2020-04-16,7340,7550,442062
111,2020-04-17,7790,7710,410209
112,2020-04-20,7890,8160,976840
113,2020-04-21,8160,8290,10767741
114,2020-04-22,8200,8130,1494952
115,2020-04-23,8160,8250,936682
116,2020-04-24,8360,8770,3395201
117,2020-04-27,8770,8710,1339446
118,2020-04-28,8710,8770,2663752
119,2020-04-29,8770,8720,974538
120,2020-05-04,8320,8060,1145543
121,2020-05-06,8170,8140,371582
122,2020-05-07,8150,8260,418464
123,2020-05-08,8300,8420,364073
124,2020-05-11,8450,8280,421848
125,2020-05-12,8420,8570,748987
126,2020-05-13,8570,8540,328829
127,2020-05-14,8570,8360,390049
128,2020-05-15,8500,8450,287446
129,2020-05-18,8530,8340,279602
130,2020-05-19,8450,8390,332429
131,2020-05-20,8400,8350,272026
132,2020-05-21,8400,8370,464535
133,2020-05-22,8370,8210,409948
134,2020-05-25,8230,8170,273976
135,2020-05-26,8150,8200,280266
136,2020-05-27,8320,8490,735338
137,2020-05-28,8680,8390,1148809
138,2020-05-29,8450,8820,940440
139,2020-06-01,8720,8870,874762
140,2020-06-02,8900,8810,432540
141,2020-06-03,8870,8750,512571
142,2020-06-04,8800,8730,561830
143,2020-06-05,8740,8770,309103
144,2020-06-08,8910,9090,1114801
145,2020-06-09,9760,9800,4759899
146,2020-06-10,9930,9600,2288926
147,2020-06-11,9580,9420,1317217
148,2020-06-12,8830,9170,1049103
149,2020-06-15,9450,9160,2431039
150,2020-06-16,9320,9330,1855942
151,2020-06-17,10150,10200,14239720
152,2020-06-18,10250,9990,3684449
153,2020-06-19,9990,9500,5470373
154,2020-06-22,9410,9500,1172351
155,2020-06-23,9510,9520,1255871
156,2020-06-24,9250,9200,1717832
157,2020-06-25,9230,9180,722038
158,2020-06-26,9210,9170,464482
159,2020-06-29,9100,8810,584716
160,2020-06-30,8960,8860,684441
161,2020-07-01,8910,8840,428804
162,2020-07-02,8880,8940,295438
163,2020-07-03,8980,8920,213080
164,2020-07-06,9000,9040,390885
165,2020-07-07,9110,9040,346213
166,2020-07-08,9130,8970,223742
167,2020-07-09,9030,9020,346932
168,2020-07-10,9050,8940,279551
169,2020-07-13,8940,8980,337008
170,2020-07-14,8990,8890,304662
171,2020-07-15,8900,8920,278009
172,2020-07-16,8930,8930,232748
173,2020-07-17,8940,8940,169430
174,2020-07-20,8960,9180,594704
175,2020-07-21,9290,9230,378584
176,2020-07-22,9200,9180,371165
177,2020-07-23,9240,9470,866117
178,2020-07-24,9470,9200,550590
179,2020-07-27,9450,9760,1537385
180,2020-07-28,9850,9730,846691
181,2020-07-29,10000,10050,2225412
182,2020-07-30,10200,10050,861678
183,2020-07-31,10100,9750,738317
184,2020-08-03,9830,9680,583219
185,2020-08-04,9720,9770,497196
186,2020-08-05,9790,9660,456933
187,2020-08-06,9690,9630,507779
188,2020-08-07,9680,10350,2494185
189,2020-08-10,10900,11150,4867467
190,2020-08-11,11400,11050,1989946
191,2020-08-12,10800,10650,1248253
192,2020-08-13,10650,10550,926615
193,2020-08-14,10600,10350,592884
194,2020-08-18,10400,9960,861517
195,2020-08-19,9970,10000,585860
196,2020-08-20,10200,9630,1237783
197,2020-08-21,9940,9950,984611
198,2020-08-24,9950,9950,503308
199,2020-08-25,10100,10200,551413
200,2020-08-26,10250,10050,376073
201,2020-08-27,10050,9970,501507
202,2020-08-28,9970,10000,557755
203,2020-08-31,10300,10900,2294693
204,2020-09-01,11200,11300,2269707
205,2020-09-02,11450,12950,9743134
206,2020-09-03,12800,12950,6771954
207,2020-09-04,12250,12950,4446766
208,2020-09-07,13600,12750,3256241
209,2020-09-08,13100,12700,1655785
210,2020-09-09,12550,12350,1504732
211,2020-09-10,12500,12650,1029522
212,2020-09-11,12650,12150,907681
213,2020-09-14,12500,12300,702090
214,2020-09-15,12400,12100,1204499
215,2020-09-16,13550,12550,14235479
216,2020-09-17,12550,12500,2688781
217,2020-09-18,12350,12050,1587676
218,2020-09-21,11950,11750,1101664
219,2020-09-22,11600,11100,1495155
220,2020-09-23,11250,11100,898099
221,2020-09-24,10650,10950,1053148
222,2020-09-25,11150,10600,660560
223,2020-09-28,10650,11150,633256
224,2020-09-29,11300,11400,663301
225,2020-10-05,11400,11800,517642
226,2020-10-06,11850,11500,557755
227,2020-10-07,11350,11500,318166
228,2020-10-08,11650,11500,404037
229,2020-10-12,11600,11300,418366
230,2020-10-13,11400,11250,393422
231,2020-10-14,11300,11350,596509
232,2020-10-15,11500,11050,520664
233,2020-10-16,11050,10850,463568
234,2020-10-19,10900,10700,292211
235,2020-10-20,10550,10900,281367
236,2020-10-21,10900,10950,213798
237,2020-10-22,10950,10950,307313
238,2020-10-23,11000,11150,274367
239,2020-10-26,11150,10800,341163
240,2020-10-27,10750,10700,289988
241,2020-10-28,10750,10850,142930
242,2020-10-29,10550,10750,230756
243,2020-10-30,10800,10500,164001
244,2020-11-02,10450,10650,256769
245,2020-11-03,10750,10750,178290
