,date,open,close,volume
0,2019-08-16,1085,1085,3715686
1,2019-08-19,1105,1075,2259366
2,2019-08-20,1075,1080,1247743
3,2019-08-21,1070,1085,1586113
4,2019-08-22,1090,1115,2302478
5,2019-08-23,1105,1125,8399933
6,2019-08-26,1070,1010,3346798
7,2019-08-27,1095,1070,9976342
8,2019-08-28,1050,1070,1469407
9,2019-08-29,1060,1055,2484427
10,2019-08-30,1190,1230,58365209
11,2019-09-02,1220,1270,20172261
12,2019-09-03,1260,1200,12179897
13,2019-09-04,1160,1110,12933074
14,2019-09-05,1120,1125,17741756
15,2019-09-06,1145,1110,6588303
16,2019-09-09,1125,1080,3009763
17,2019-09-10,1070,1075,2150275
18,2019-09-11,1075,1110,2013072
19,2019-09-16,1145,1120,2500803
20,2019-09-17,1135,1125,2096449
21,2019-09-18,1125,1120,1630924
22,2019-09-19,1125,1235,13514515
23,2019-09-20,1330,1220,31162297
24,2019-09-23,1165,1175,4707047
25,2019-09-24,1180,1245,7592625
26,2019-09-25,1215,1170,3379685
27,2019-09-26,1210,1185,3338454
28,2019-09-27,1215,1255,25326761
29,2019-09-30,1225,1200,4036702
30,2019-10-01,1215,1250,5573492
31,2019-10-02,1230,1265,3398823
32,2019-10-04,1250,1270,5540800
33,2019-10-07,1310,1255,10912008
34,2019-10-08,1240,1300,5639160
35,2019-10-10,1275,1135,37391661
36,2019-10-11,1170,1105,13698662
37,2019-10-14,1140,1105,7202008
38,2019-10-15,1115,1110,3073006
39,2019-10-16,1110,1115,2538506
40,2019-10-17,1115,1095,1998292
41,2019-10-18,1100,1100,4247866
42,2019-10-21,1105,1055,3304599
43,2019-10-22,1080,1070,3053329
44,2019-10-23,1065,1030,2405675
45,2019-10-24,1030,1040,2054348
46,2019-10-25,1050,1020,1335765
47,2019-10-28,1050,1050,3666581
48,2019-10-29,1075,1070,1931488
49,2019-10-30,1090,1065,1627128
50,2019-10-31,1060,1075,1759630
51,2019-11-01,1070,1015,16901839
52,2019-11-04,1015,1020,2151740
53,2019-11-05,1020,1070,9133466
54,2019-11-06,1085,1080,3989436
55,2019-11-07,1075,1060,4044535
56,2019-11-08,1270,1120,49346496
57,2019-11-11,1125,1140,24028699
58,2019-11-12,1160,1145,5948976
59,2019-11-13,1145,1170,4238393
60,2019-11-14,1165,1150,3067264
61,2019-11-15,1150,1155,7823022
62,2019-11-18,1180,1150,5657360
63,2019-11-19,1145,1110,2958727
64,2019-11-20,1100,1135,5736577
65,2019-11-21,1130,1060,4083753
66,2019-11-22,1060,1030,2609698
67,2019-11-25,1050,1110,4706884
68,2019-11-26,1185,1130,9552587
69,2019-11-27,1130,1115,1963476
70,2019-11-28,1105,1065,3108176
71,2019-11-29,1115,1145,11073052
72,2019-12-02,1125,1155,3934369
73,2019-12-03,1125,1125,3232194
74,2019-12-04,1135,1080,3296405
75,2019-12-05,1105,1060,3112946
76,2019-12-06,1055,1135,6532294
77,2019-12-09,1105,1095,2721637
78,2019-12-10,1070,1085,1546489
79,2019-12-11,1100,1090,1742497
80,2019-12-12,1090,1115,3936638
81,2019-12-13,1240,1140,17550894
82,2019-12-16,1150,1105,2720225
83,2019-12-17,1110,1075,2790923
84,2019-12-18,1075,1080,1764832
85,2019-12-19,1080,1110,3118952
86,2019-12-20,1110,1125,2827086
87,2019-12-23,1130,1085,2623727
88,2019-12-24,1085,1060,1812080
89,2019-12-26,1075,1060,1944268
90,2019-12-27,1070,1065,1157753
91,2019-12-30,1070,1065,927705
92,2020-01-02,1085,1080,1146907
93,2020-01-03,1090,1085,1201945
94,2020-01-06,1070,1055,1187152
95,2020-01-07,1060,1090,2337064
96,2020-01-08,1085,1015,3284504
97,2020-01-09,1050,1065,1742333
98,2020-01-10,1070,1095,1703646
99,2020-01-13,1105,1135,12478468
100,2020-01-14,1180,1130,8456174
101,2020-01-15,1130,1145,3236676
102,2020-01-16,1135,1095,4075261
103,2020-01-17,1095,1090,1560369
104,2020-01-20,1095,1065,1855769
105,2020-01-21,1065,1055,1683598
106,2020-01-22,1045,1060,1246411
107,2020-01-23,1055,1045,1148781
108,2020-01-28,939,965,3984323
109,2020-01-29,973,974,1412130
110,2020-01-30,974,928,2078730
111,2020-01-31,928,906,1415441
112,2020-02-03,855,890,2950163
113,2020-02-04,891,919,875718
114,2020-02-05,929,964,13588190
115,2020-02-06,969,973,1964364
116,2020-02-07,984,974,4657984
117,2020-02-10,972,973,1141297
118,2020-02-11,986,992,2550275
119,2020-02-12,998,999,1142952
120,2020-02-13,1010,989,1210902
121,2020-02-14,989,984,870630
122,2020-02-17,993,994,746636
123,2020-02-18,990,992,688299
124,2020-02-19,992,975,1101790
125,2020-02-20,978,951,1267898
126,2020-02-21,951,940,1107752
127,2020-02-24,900,885,1470020
128,2020-02-25,871,905,1084880
129,2020-02-26,892,898,592517
130,2020-02-27,898,871,907458
131,2020-02-28,850,824,1629924
132,2020-03-02,804,834,1024012
133,2020-03-03,855,846,746442
134,2020-03-04,846,867,605629
135,2020-03-05,871,882,577032
136,2020-03-06,870,860,501871
137,2020-03-09,860,796,1875958
138,2020-03-10,793,800,1226381
139,2020-03-11,805,764,1384128
140,2020-03-12,740,673,2932722
141,2020-03-13,580,593,3385602
142,2020-03-16,602,581,1831926
143,2020-03-17,511,576,1462356
144,2020-03-18,578,533,1760583
145,2020-03-19,534,441,2220883
146,2020-03-20,426,474,2536034
147,2020-03-23,450,434,2025515
148,2020-03-24,442,459,1929563
149,2020-03-25,475,515,4548775
150,2020-03-26,520,542,3487051
151,2020-03-27,565,557,3113145
152,2020-03-30,547,560,1600752
153,2020-03-31,580,596,2304480
154,2020-04-01,611,595,2609162
155,2020-04-02,600,614,1422239
156,2020-04-03,647,632,1399099
157,2020-04-06,633,690,2329379
158,2020-04-07,712,770,4094139
159,2020-04-08,758,786,7493323
160,2020-04-09,797,817,3596733
161,2020-04-10,840,827,7121671
162,2020-04-13,835,818,2687314
163,2020-04-14,819,829,1031703
164,2020-04-16,833,838,1169756
165,2020-04-17,838,848,2011661
166,2020-04-20,851,847,1582640
167,2020-04-21,847,815,2548733
168,2020-04-22,790,814,1214557
169,2020-04-23,829,835,1193896
170,2020-04-24,824,810,1051218
171,2020-04-27,812,827,832144
172,2020-04-28,828,827,971477
173,2020-04-29,827,815,1713509
174,2020-05-04,824,828,1139656
175,2020-05-06,829,846,1164125
176,2020-05-07,852,841,1163939
177,2020-05-08,850,875,8408649
178,2020-05-11,870,863,1246293
179,2020-05-12,860,868,2568387
180,2020-05-13,848,839,1136646
181,2020-05-14,858,829,2062803
182,2020-05-15,830,818,1122538
183,2020-05-18,819,811,925803
184,2020-05-19,820,848,2004674
185,2020-05-20,848,863,1940999
186,2020-05-21,859,866,2988942
187,2020-05-22,866,819,2977341
188,2020-05-25,821,819,817895
189,2020-05-26,819,818,1063966
190,2020-05-27,818,821,821247
191,2020-05-28,818,802,1787025
192,2020-05-29,790,782,1320508
193,2020-06-01,782,791,611634
194,2020-06-02,792,811,786718
195,2020-06-03,818,820,680805
196,2020-06-04,821,806,766397
197,2020-06-05,806,809,551000
198,2020-06-08,819,813,446036
199,2020-06-09,813,807,630982
200,2020-06-10,809,800,634913
201,2020-06-11,795,784,960921
202,2020-06-12,762,762,916243
203,2020-06-15,762,687,1847731
204,2020-06-16,710,725,575505
205,2020-06-17,725,717,582792
206,2020-06-18,717,715,520898
207,2020-06-19,723,711,319232
208,2020-06-22,712,708,431713
209,2020-06-23,708,749,9633625
210,2020-06-24,739,735,1543810
211,2020-06-25,732,715,716012
212,2020-06-26,715,708,406016
213,2020-06-29,708,693,722924
214,2020-06-30,697,730,5375567
215,2020-07-01,739,710,1010246
216,2020-07-02,712,724,271475
217,2020-07-03,724,729,382105
218,2020-07-06,721,748,902636
219,2020-07-07,752,733,743610
220,2020-07-08,738,730,223393
221,2020-07-09,731,742,400213
222,2020-07-10,751,716,787459
223,2020-07-13,720,724,345646
224,2020-07-14,718,718,334425
225,2020-07-15,723,723,301013
226,2020-07-16,730,730,686123
227,2020-07-17,724,724,315497
228,2020-07-20,730,723,386390
229,2020-07-21,723,723,349249
230,2020-07-22,723,722,500449
231,2020-07-23,723,702,909166
232,2020-07-24,702,695,508151
233,2020-07-27,696,697,244731
234,2020-07-28,699,693,420864
235,2020-07-29,693,690,446665
236,2020-07-30,691,685,281905
237,2020-07-31,689,684,384480
238,2020-08-03,684,675,362403
239,2020-08-04,675,678,354660
240,2020-08-05,677,683,296000
241,2020-08-06,683,683,201153
242,2020-08-07,681,679,261002
243,2020-08-10,679,670,546734
244,2020-08-11,674,661,459651
245,2020-08-12,661,643,973063
246,2020-08-13,652,696,2779908
247,2020-08-14,710,714,1376056
248,2020-08-18,708,670,799695
249,2020-08-19,672,694,465666
250,2020-08-20,698,672,661987
251,2020-08-21,672,670,410178
252,2020-08-24,670,663,387985
253,2020-08-25,663,675,727317
254,2020-08-26,674,675,388307
255,2020-08-27,676,663,438811
256,2020-08-28,663,657,608797
257,2020-08-31,666,660,401135
258,2020-09-01,663,652,381305
259,2020-09-02,652,674,662563
260,2020-09-03,674,682,841954
261,2020-09-04,651,673,465629
262,2020-09-07,673,681,406714
263,2020-09-08,681,671,370026
264,2020-09-09,665,667,475330
265,2020-09-10,667,667,415045
266,2020-09-11,666,677,1449629
267,2020-09-14,677,695,595904
268,2020-09-15,698,691,438288
269,2020-09-16,694,696,402572
270,2020-09-17,696,682,335507
271,2020-09-18,692,683,452129
272,2020-09-21,683,666,650732
273,2020-09-22,665,633,880887
274,2020-09-23,634,629,497691
275,2020-09-24,625,610,624926
276,2020-09-25,611,606,306993
277,2020-09-28,608,625,311789
278,2020-09-29,625,650,940109
279,2020-10-05,646,654,205651
280,2020-10-06,657,654,220583
281,2020-10-07,655,655,113817
282,2020-10-08,660,660,147380
283,2020-10-12,659,670,259325
284,2020-10-13,679,668,270302
285,2020-10-14,663,657,204995
286,2020-10-15,660,635,627797
287,2020-10-16,636,633,318664
288,2020-10-19,633,640,277552
289,2020-10-20,632,626,359533
290,2020-10-21,623,647,8318320
291,2020-10-22,642,636,1251847
292,2020-10-23,634,635,286790
293,2020-10-26,641,627,879843
294,2020-10-27,625,620,326031
295,2020-10-28,619,664,17304058
296,2020-10-29,651,652,2024927
297,2020-10-30,652,633,1087656
298,2020-11-02,630,639,384153
299,2020-11-03,635,638,500069
