,date,open,close,volume
0,2019-08-16,18100,17950,82140
1,2019-08-19,18000,19150,101839
2,2019-08-20,19000,19250,43388
3,2019-08-21,19050,19100,23091
4,2019-08-22,19000,18700,49279
5,2019-08-23,18650,18550,53738
6,2019-08-26,17850,17800,44580
7,2019-08-27,18250,18000,40839
8,2019-08-28,17900,18150,36208
9,2019-08-29,18200,18150,32682
10,2019-08-30,18350,18800,50883
11,2019-09-02,18650,18500,38159
12,2019-09-03,18600,18700,44975
13,2019-09-04,18500,18550,44004
14,2019-09-05,18600,18550,43122
15,2019-09-06,18700,18450,27190
16,2019-09-09,18450,18400,37634
17,2019-09-10,19050,20000,151613
18,2019-09-11,20400,20300,105383
19,2019-09-16,20600,21300,218126
20,2019-09-17,21000,21050,111781
21,2019-09-18,21000,20950,115795
22,2019-09-19,20850,20500,119525
23,2019-09-20,20650,20950,60263
24,2019-09-23,21500,21350,145220
25,2019-09-24,21450,21100,67067
26,2019-09-25,20750,19850,157148
27,2019-09-26,20000,19950,80915
28,2019-09-27,19700,20150,55085
29,2019-09-30,20050,19900,45023
30,2019-10-01,19700,19600,49179
31,2019-10-02,20200,19950,104563
32,2019-10-04,20200,19500,101640
33,2019-10-07,18150,17650,314877
34,2019-10-08,17550,18150,78858
35,2019-10-10,17750,18000,44299
36,2019-10-11,18050,18000,33108
37,2019-10-14,18100,18350,65469
38,2019-10-15,18250,18300,31873
39,2019-10-16,18300,18550,36297
40,2019-10-17,18550,18250,25780
41,2019-10-18,18250,18050,48083
42,2019-10-21,18000,17750,72888
43,2019-10-22,17900,18150,52429
44,2019-10-23,17700,17550,96912
45,2019-10-24,17550,17700,50898
46,2019-10-25,17800,17800,52530
47,2019-10-28,17700,18050,58755
48,2019-10-29,18050,18050,31446
49,2019-10-30,17800,17850,25699
50,2019-10-31,17850,17650,32090
51,2019-11-01,17650,17650,19358
52,2019-11-04,17600,17800,46292
53,2019-11-05,17950,18050,63592
54,2019-11-06,18250,18350,56087
55,2019-11-07,18400,18400,29939
56,2019-11-08,18300,18450,35253
57,2019-11-11,18400,18150,22000
58,2019-11-12,18150,18050,31052
59,2019-11-13,18050,17900,37823
60,2019-11-14,17900,17950,22012
61,2019-11-15,17950,18050,43449
62,2019-11-18,18250,18350,54866
63,2019-11-19,18450,18150,24227
64,2019-11-20,18150,17750,50019
65,2019-11-21,17700,17200,79223
66,2019-11-22,17100,17250,36155
67,2019-11-25,17250,17550,14925
68,2019-11-26,17600,17750,38860
69,2019-11-27,17750,18100,49395
70,2019-11-28,18100,17750,19712
71,2019-11-29,17750,17500,38094
72,2019-12-02,17650,17400,29552
73,2019-12-03,17350,17450,48706
74,2019-12-04,17300,17050,34266
75,2019-12-05,17000,16900,43092
76,2019-12-06,16800,17150,16097
77,2019-12-09,17100,17300,37326
78,2019-12-10,17200,17250,18960
79,2019-12-11,17200,17800,44699
80,2019-12-12,17850,18050,42726
81,2019-12-13,18200,18300,53710
82,2019-12-16,18450,18200,33210
83,2019-12-17,18250,18050,36956
84,2019-12-18,18050,18100,41451
85,2019-12-19,17900,18150,26374
86,2019-12-20,18250,18300,21447
87,2019-12-23,18250,18050,30261
88,2019-12-24,18050,18000,17740
89,2019-12-26,17900,18450,55799
90,2019-12-27,18250,17750,63220
91,2019-12-30,17850,17900,19312
92,2020-01-02,17850,17600,29270
93,2020-01-03,17600,17450,46164
94,2020-01-06,17400,17000,60279
95,2020-01-07,17050,17150,17716
96,2020-01-08,17150,16400,111758
97,2020-01-09,16700,17200,47114
98,2020-01-10,17000,17250,37662
99,2020-01-13,17200,18100,101240
100,2020-01-14,18100,17950,48849
101,2020-01-15,17950,18450,70191
102,2020-01-16,18550,18100,45111
103,2020-01-17,18100,18150,23264
104,2020-01-20,18150,17700,46951
105,2020-01-21,17600,17500,32118
106,2020-01-22,17600,17850,27292
107,2020-01-23,17800,17600,11973
108,2020-01-28,17100,16400,105073
109,2020-01-29,16500,16400,47739
110,2020-01-30,16400,16100,51940
111,2020-01-31,16050,15900,44573
112,2020-02-03,15300,15800,69853
113,2020-02-04,15700,16100,51188
114,2020-02-05,16150,16050,32439
115,2020-02-06,16100,16300,50015
116,2020-02-07,16300,16250,23725
117,2020-02-10,16250,16300,30886
118,2020-02-11,16400,16650,63265
119,2020-02-12,16650,16400,49462
120,2020-02-13,16400,16600,44968
121,2020-02-14,16350,16550,32999
122,2020-02-17,16500,16300,23804
123,2020-02-18,16300,16000,46618
124,2020-02-19,16000,16200,39905
125,2020-02-20,16200,16050,49844
126,2020-02-21,15900,15600,65152
127,2020-02-24,15000,14700,116891
128,2020-02-25,14350,14950,55320
129,2020-02-26,14600,14750,45219
130,2020-02-27,14650,14400,67425
131,2020-02-28,14050,13650,98967
132,2020-03-02,13600,13650,78449
133,2020-03-03,13850,13700,59638
134,2020-03-04,13550,14050,40114
135,2020-03-05,14150,14250,54993
136,2020-03-06,14400,13850,85780
137,2020-03-09,13500,13000,92411
138,2020-03-10,12600,13100,72003
139,2020-03-11,13050,12500,79377
140,2020-03-12,12300,11400,170776
141,2020-03-13,10050,10250,325883
142,2020-03-16,10250,9750,183265
143,2020-03-17,9000,9390,174883
144,2020-03-18,9420,8700,113379
145,2020-03-19,8800,7060,231455
146,2020-03-20,7060,7670,199804
147,2020-03-23,7110,7200,152290
148,2020-03-24,7360,7740,75793
149,2020-03-25,8490,8820,197115
150,2020-03-26,9010,9290,159995
151,2020-03-27,9530,9600,134413
152,2020-03-30,9300,9570,55124
153,2020-03-31,9700,10700,262543
154,2020-04-01,10650,10500,117170
155,2020-04-02,10500,10750,91486
156,2020-04-03,10900,10900,82591
157,2020-04-06,11150,11900,145189
158,2020-04-07,12150,12200,237884
159,2020-04-08,12200,12250,75739
160,2020-04-09,12600,12450,62253
161,2020-04-10,12600,12250,85852
162,2020-04-13,12250,12000,43686
163,2020-04-14,12200,12500,100762
164,2020-04-16,12600,13950,261067
165,2020-04-17,13750,13800,108572
166,2020-04-20,14350,15250,509622
167,2020-04-21,15400,14400,443644
168,2020-04-22,14450,14700,164016
169,2020-04-23,14750,14750,99903
170,2020-04-24,14850,14200,114001
171,2020-04-27,14250,14150,137582
172,2020-04-28,14300,14150,96177
173,2020-04-29,14250,14650,118178
174,2020-05-04,15150,14650,120330
175,2020-05-06,15150,15250,78375
176,2020-05-07,15250,15050,81062
177,2020-05-08,15150,15200,61013
178,2020-05-11,15100,14800,69082
179,2020-05-12,14750,14350,58626
180,2020-05-13,14000,14500,37198
181,2020-05-14,14450,14400,31624
182,2020-05-15,14300,14200,38463
183,2020-05-18,14200,13850,45724
184,2020-05-19,14100,14800,318356
185,2020-05-20,14800,14650,60001
186,2020-05-21,14800,14650,58203
187,2020-05-22,14650,14050,58958
188,2020-05-25,14100,14050,48391
189,2020-05-26,14250,14450,72375
190,2020-05-27,14600,14800,123314
191,2020-05-28,14950,14400,91905
192,2020-05-29,14200,14600,83957
193,2020-06-01,14750,14800,48679
194,2020-06-02,14950,15100,83712
195,2020-06-03,15150,15200,114302
196,2020-06-04,15400,15100,87134
197,2020-06-05,15250,15550,131866
198,2020-06-08,15500,15250,98051
199,2020-06-09,15150,14750,133990
200,2020-06-10,14650,14500,57354
201,2020-06-11,14450,14200,95538
202,2020-06-12,13400,13750,82399
203,2020-06-15,13350,12450,134911
204,2020-06-16,12650,13500,66198
205,2020-06-17,13000,12950,80464
206,2020-06-18,12850,13400,64824
207,2020-06-19,13400,13800,115791
208,2020-06-22,13550,13600,34438
209,2020-06-23,13600,13300,58921
210,2020-06-24,13950,13800,121250
211,2020-06-25,13400,13250,50989
212,2020-06-26,13500,13300,19260
213,2020-06-29,13050,13100,33441
214,2020-06-30,13150,13150,23916
215,2020-07-01,13150,13300,22984
216,2020-07-02,13600,13550,26987
217,2020-07-03,13700,13900,36801
218,2020-07-06,14150,14050,44506
219,2020-07-07,14250,13800,52281
220,2020-07-08,13750,14000,44700
221,2020-07-09,14100,14000,48901
222,2020-07-10,14300,14300,94364
223,2020-07-13,14300,14400,82706
224,2020-07-14,14250,14300,50489
225,2020-07-15,14450,14600,98698
226,2020-07-16,14600,14700,44702
227,2020-07-17,14850,14650,40707
228,2020-07-20,14600,14650,53643
229,2020-07-21,14700,15350,264651
230,2020-07-22,15500,15600,121228
231,2020-07-23,16000,15600,126206
232,2020-07-24,15550,15300,69762
233,2020-07-27,15300,15150,88798
234,2020-07-28,15150,15050,59823
235,2020-07-29,15050,15100,58726
236,2020-07-30,15200,15050,48422
237,2020-07-31,15000,14800,43349
238,2020-08-03,14800,14750,43785
239,2020-08-04,14750,15050,34946
240,2020-08-05,14950,14900,46696
241,2020-08-06,14950,15200,80356
242,2020-08-07,15250,14700,103284
243,2020-08-10,14600,14350,103045
244,2020-08-11,14450,14450,123788
245,2020-08-12,14600,14900,99092
246,2020-08-13,14950,14600,96993
247,2020-08-14,14750,14450,67137
248,2020-08-18,14500,13750,182400
249,2020-08-19,13550,13800,70534
250,2020-08-20,13600,13050,105806
251,2020-08-21,13050,13350,73122
252,2020-08-24,13300,13550,47552
253,2020-08-25,13750,13900,34730
254,2020-08-26,13900,13750,54114
255,2020-08-27,13750,13500,67355
256,2020-08-28,13400,13400,69411
257,2020-08-31,13400,13500,37589
258,2020-09-01,13500,13850,52848
259,2020-09-02,14000,13950,46486
260,2020-09-03,13900,14000,36321
261,2020-09-04,13750,13900,52146
262,2020-09-07,13900,14250,101185
263,2020-09-08,14300,14450,83117
264,2020-09-09,14400,14250,98942
265,2020-09-10,14350,14400,25258
266,2020-09-11,14400,14500,102508
267,2020-09-14,14600,15050,187155
268,2020-09-15,15300,15000,89416
269,2020-09-16,15100,14950,67827
270,2020-09-17,14950,14950,57202
271,2020-09-18,15100,15150,211964
272,2020-09-21,15200,14750,181324
273,2020-09-22,16800,14900,1302201
274,2020-09-23,15000,14400,222624
275,2020-09-24,14050,13950,129845
276,2020-09-25,14000,14200,111873
277,2020-09-28,14400,14300,57437
278,2020-09-29,14550,14400,48439
279,2020-10-05,14400,14350,66634
280,2020-10-06,14450,14300,47073
281,2020-10-07,14250,14250,34955
282,2020-10-08,14300,14300,51818
283,2020-10-12,14400,14600,84619
284,2020-10-13,14650,14550,44523
285,2020-10-14,14550,14550,56524
286,2020-10-15,14600,14300,31697
287,2020-10-16,14400,14300,45643
288,2020-10-19,14300,14350,29450
289,2020-10-20,14300,14150,43682
290,2020-10-21,14200,14350,34623
291,2020-10-22,14400,14250,36429
292,2020-10-23,14300,14500,50697
293,2020-10-26,14400,14350,59382
294,2020-10-27,14200,14100,38543
295,2020-10-28,14150,14150,28454
296,2020-10-29,13850,13950,52401
297,2020-10-30,14100,13800,36581
298,2020-11-02,13800,14250,29738
299,2020-11-03,14250,14300,35069
