,date,open,close,volume
0,2019-08-16,15650,15900,277614
1,2019-08-19,16100,16950,650250
2,2019-08-20,17000,17050,358836
3,2019-08-21,17000,17050,304315
4,2019-08-22,16950,16750,417039
5,2019-08-23,16750,16550,334161
6,2019-08-26,15950,16300,321301
7,2019-08-27,17700,16250,1907524
8,2019-08-28,16300,16800,516088
9,2019-08-29,16800,16600,372682
10,2019-08-30,16700,17150,495179
11,2019-09-02,16700,17050,341046
12,2019-09-03,17000,17450,441645
13,2019-09-04,17350,17500,387223
14,2019-09-05,17600,17400,407834
15,2019-09-06,17500,17400,205179
16,2019-09-09,17450,17250,264100
17,2019-09-10,17900,18600,1418860
18,2019-09-11,19200,18850,1348991
19,2019-09-16,19400,19950,1683927
20,2019-09-17,19650,19900,922771
21,2019-09-18,20000,20250,676945
22,2019-09-19,20250,20050,470868
23,2019-09-20,20150,20550,621350
24,2019-09-23,21050,20800,796523
25,2019-09-24,20500,20650,655962
26,2019-09-25,20500,19450,1046381
27,2019-09-26,19900,19650,532790
28,2019-09-27,19300,19650,431253
29,2019-09-30,19400,19500,323941
30,2019-10-01,19350,19400,446383
31,2019-10-02,20200,19750,831953
32,2019-10-04,19950,19400,453904
33,2019-10-07,17800,17800,1288807
34,2019-10-08,17800,18450,634352
35,2019-10-10,18200,18400,344487
36,2019-10-11,18750,18300,220432
37,2019-10-14,18450,18900,367747
38,2019-10-15,18800,18750,175983
39,2019-10-16,18750,18750,238336
40,2019-10-17,18800,18400,235164
41,2019-10-18,18550,18400,186978
42,2019-10-21,18200,17600,516760
43,2019-10-22,17850,18100,346116
44,2019-10-23,17500,17250,584562
45,2019-10-24,17300,17650,392945
46,2019-10-25,17700,17500,234853
47,2019-10-28,17000,16550,1022584
48,2019-10-29,16500,16600,383408
49,2019-10-30,16300,16250,373957
50,2019-10-31,16250,16100,436634
51,2019-11-01,15950,15950,407999
52,2019-11-04,16000,16100,580116
53,2019-11-05,16500,16700,749911
54,2019-11-06,16850,16700,524519
55,2019-11-07,16550,16400,348122
56,2019-11-08,16400,16900,386117
57,2019-11-11,16700,16350,327225
58,2019-11-12,16400,16200,322474
59,2019-11-13,16200,16050,254252
60,2019-11-14,16200,16450,290118
61,2019-11-15,16500,16400,316980
62,2019-11-18,16950,16850,694163
63,2019-11-19,16700,16400,334941
64,2019-11-20,16350,16050,403415
65,2019-11-21,15950,15300,732303
66,2019-11-22,15200,14950,765198
67,2019-11-25,14950,15000,439112
68,2019-11-26,15050,15150,414141
69,2019-11-27,15250,15300,417421
70,2019-11-28,15200,15200,265114
71,2019-11-29,15300,15150,309701
72,2019-12-02,15050,14900,370104
73,2019-12-03,14700,15200,540278
74,2019-12-04,14800,14750,265592
75,2019-12-05,14700,14500,301190
76,2019-12-06,14500,14750,207339
77,2019-12-09,14700,14700,218476
78,2019-12-10,14650,14800,191582
79,2019-12-11,14850,15000,249460
80,2019-12-12,15100,15450,541977
81,2019-12-13,15450,15550,328505
82,2019-12-16,15600,15600,368162
83,2019-12-17,16150,15300,810635
84,2019-12-18,15300,15950,555849
85,2019-12-19,16100,15850,508484
86,2019-12-20,15950,15900,481392
87,2019-12-23,15800,15550,413140
88,2019-12-24,15750,15500,360247
89,2019-12-26,15600,15650,361216
90,2019-12-27,15600,15700,322411
91,2019-12-30,15600,15600,367185
92,2020-01-02,15600,15450,313009
93,2020-01-03,15500,15450,414893
94,2020-01-06,15350,14950,570371
95,2020-01-07,15050,15050,335907
96,2020-01-08,15000,14300,792494
97,2020-01-09,14700,15400,694244
98,2020-01-10,15400,15600,428378
99,2020-01-13,15400,17250,3474466
100,2020-01-14,17450,17150,1102477
101,2020-01-15,17150,17450,875528
102,2020-01-16,17550,16600,1096929
103,2020-01-17,16700,16250,648650
104,2020-01-20,16250,16200,435046
105,2020-01-21,16150,16300,525619
106,2020-01-22,16450,16150,501098
107,2020-01-23,16250,16100,377966
108,2020-01-28,15300,15000,958055
109,2020-01-29,15100,14950,430331
110,2020-01-30,14850,14400,582874
111,2020-01-31,14350,14250,535258
112,2020-02-03,14050,14200,674035
113,2020-02-04,14250,14550,415543
114,2020-02-05,14650,14600,392867
115,2020-02-06,14650,15050,453150
116,2020-02-07,15250,15100,470182
117,2020-02-10,15300,15850,633716
118,2020-02-11,15500,15600,455702
119,2020-02-12,15450,15550,348697
120,2020-02-13,15600,15400,548471
121,2020-02-14,15400,15700,311303
122,2020-02-17,15650,15800,276594
123,2020-02-18,15800,15450,326006
124,2020-02-19,15500,15350,380758
125,2020-02-20,15300,14950,397848
126,2020-02-21,14650,14450,489332
127,2020-02-24,14000,13600,847340
128,2020-02-25,13350,14000,571264
129,2020-02-26,13700,14000,381461
130,2020-02-27,14000,13700,429964
131,2020-02-28,13400,13200,647492
132,2020-03-02,13200,13250,513616
133,2020-03-03,13550,13550,558657
134,2020-03-04,13500,13750,342438
135,2020-03-05,13900,13900,465980
136,2020-03-06,14350,13800,591496
137,2020-03-09,13450,13250,571182
138,2020-03-10,12950,13050,768342
139,2020-03-11,13100,12500,725031
140,2020-03-12,12250,11350,1295822
141,2020-03-13,10000,10500,2102875
142,2020-03-16,10600,10200,905196
143,2020-03-17,9390,10350,985290
144,2020-03-18,10350,9930,854284
145,2020-03-19,10150,8850,1620007
146,2020-03-20,8900,9700,1394067
147,2020-03-23,9120,9290,836533
148,2020-03-24,9500,10100,979252
149,2020-03-25,10550,10950,1278832
150,2020-03-26,10800,10800,1121237
151,2020-03-27,11200,10800,1021944
152,2020-03-30,10300,10750,690493
153,2020-03-31,10950,12450,6482964
154,2020-04-01,12000,11600,1773579
155,2020-04-02,11650,11900,876767
156,2020-04-03,12050,11800,786994
157,2020-04-06,11700,12000,868638
158,2020-04-07,12350,12500,1764690
159,2020-04-08,12350,12100,742997
160,2020-04-09,12300,12200,579392
161,2020-04-10,12200,12150,749606
162,2020-04-13,12050,11900,546316
163,2020-04-14,12050,12500,1634848
164,2020-04-16,12850,14200,5625847
165,2020-04-17,14200,13950,1868326
166,2020-04-20,14100,16950,14275707
167,2020-04-21,18250,17900,28378145
168,2020-04-22,17350,18250,12716905
169,2020-04-23,17800,17600,1475276
170,2020-04-24,17950,17300,1071874
171,2020-04-27,17900,17950,1279397
172,2020-04-28,18600,18150,9090469
173,2020-04-29,18500,18000,2706912
174,2020-05-04,18800,17650,2624106
175,2020-05-06,17700,18050,2112073
176,2020-05-07,18200,18000,2168771
177,2020-05-08,18200,18500,2206830
178,2020-05-11,17900,17500,1859475
179,2020-05-12,17600,17500,1609912
180,2020-05-13,17100,18000,2039782
181,2020-05-14,17200,16900,2203727
182,2020-05-15,16900,16100,1847388
183,2020-05-18,16100,15850,1003631
184,2020-05-19,16100,16250,1205170
185,2020-05-20,16100,16800,906948
186,2020-05-21,16900,16700,607773
187,2020-05-22,16750,16350,499885
188,2020-05-25,16400,16100,493727
189,2020-05-26,16100,16550,1497548
190,2020-05-27,16700,16550,845853
191,2020-05-28,16600,16050,868041
192,2020-05-29,15900,15750,628151
193,2020-06-01,15700,16000,690831
194,2020-06-02,16000,16000,670647
195,2020-06-03,16000,16050,1043855
196,2020-06-04,16100,16000,976313
197,2020-06-05,16000,16350,1120767
198,2020-06-08,16150,15650,1394490
199,2020-06-09,15000,14900,1704327
200,2020-06-10,14750,15200,1864857
201,2020-06-11,15850,15400,2984794
202,2020-06-12,14600,15050,1248984
203,2020-06-15,14750,13500,1536731
204,2020-06-16,14000,15100,2317609
205,2020-06-17,14200,14250,1513292
206,2020-06-18,14150,14150,1953467
207,2020-06-19,14200,14650,6958675
208,2020-06-22,14950,14500,1434526
209,2020-06-23,14850,14450,1292480
210,2020-06-24,15850,16900,34078554
211,2020-06-25,16100,15550,4420102
212,2020-06-26,15850,15300,2311672
213,2020-06-29,15150,15150,1196688
214,2020-06-30,15550,15350,1374673
215,2020-07-01,15500,15750,2450739
216,2020-07-02,15950,16100,1605326
217,2020-07-03,16500,16750,2586105
218,2020-07-06,16800,16900,2298926
219,2020-07-07,16900,16300,1817382
220,2020-07-08,16250,16650,1807986
221,2020-07-09,16700,16300,901421
222,2020-07-10,16500,15900,1024735
223,2020-07-13,15900,16050,1044223
224,2020-07-14,16050,15900,588844
225,2020-07-15,15900,15800,1109139
226,2020-07-16,15700,15600,869013
227,2020-07-17,15850,15900,969474
228,2020-07-20,15700,15600,667291
229,2020-07-21,15650,15800,659909
230,2020-07-22,15900,15700,533874
231,2020-07-23,15700,15350,776067
232,2020-07-24,15200,15700,2067869
233,2020-07-27,15800,16000,994670
234,2020-07-28,16150,17600,16865720
235,2020-07-29,18450,17550,4763020
236,2020-07-30,17550,18350,4489560
237,2020-07-31,18300,18050,1892042
238,2020-08-03,18150,17500,1424372
239,2020-08-04,17500,17950,1938496
240,2020-08-05,18050,17750,1134272
241,2020-08-06,17900,17700,1704515
242,2020-08-07,17950,17650,1303632
243,2020-08-10,17550,17850,1668909
244,2020-08-11,18250,18000,6417142
245,2020-08-12,16050,16050,10458600
246,2020-08-13,16200,16000,4192564
247,2020-08-14,15900,16150,3397768
248,2020-08-18,16000,14800,3387147
249,2020-08-19,14800,14850,1845499
250,2020-08-20,15250,15150,4419568
251,2020-08-21,15450,15250,2552129
252,2020-08-24,15000,15150,1408164
253,2020-08-25,15400,15450,1618028
254,2020-08-26,15300,15250,1344497
255,2020-08-27,15300,14850,1436286
256,2020-08-28,14900,15050,1163874
257,2020-08-31,15250,15150,1848894
258,2020-09-01,15150,15150,1680696
259,2020-09-02,15250,15400,1699697
260,2020-09-03,15500,15750,2245919
261,2020-09-04,15150,15500,1703908
262,2020-09-07,15550,16250,5718522
263,2020-09-08,16750,16400,6695614
264,2020-09-09,16150,16300,2422284
265,2020-09-10,16650,16500,2251430
266,2020-09-11,16650,16750,4152833
267,2020-09-14,16950,17550,4671578
268,2020-09-15,17450,17200,2311782
269,2020-09-16,17400,17100,2899855
270,2020-09-17,17200,16750,1919715
271,2020-09-18,16900,17000,1624404
272,2020-09-21,17100,16250,2325709
273,2020-09-22,16050,15550,2176110
274,2020-09-23,15700,15450,1450764
275,2020-09-24,15000,15000,2119321
276,2020-09-25,14950,15650,3985539
277,2020-09-28,15750,15750,1716462
278,2020-09-29,16200,15950,1361498
279,2020-10-05,15700,15950,1253093
280,2020-10-06,16100,15850,947674
281,2020-10-07,15650,15800,647220
282,2020-10-08,15950,15800,957382
283,2020-10-12,16150,16200,2023191
284,2020-10-13,16400,16050,958363
285,2020-10-14,16050,15700,817626
286,2020-10-15,15600,15750,1018059
287,2020-10-16,15800,16000,1385481
288,2020-10-19,16250,16100,1639137
289,2020-10-20,16100,15950,1127081
290,2020-10-21,16050,15950,771119
291,2020-10-22,16100,15950,824959
292,2020-10-23,16000,15700,851059
293,2020-10-26,15650,15300,1445072
294,2020-10-27,15250,15150,921248
295,2020-10-28,15150,15300,562632
296,2020-10-29,15050,15100,747556
297,2020-10-30,15200,14900,748272
298,2020-11-02,14950,15050,604706
299,2020-11-03,15050,15350,754084
