,date,open,close,volume
0,2019-08-16,3115,3195,53520
1,2019-08-19,3175,3185,43479
2,2019-08-20,3155,3200,25451
3,2019-08-21,3205,3210,30835
4,2019-08-22,3205,3190,16645
5,2019-08-23,3185,3195,20863
6,2019-08-26,3100,3140,76077
7,2019-08-27,3165,3155,19255
8,2019-08-28,3180,3120,47455
9,2019-08-29,3110,3080,41000
10,2019-08-30,3090,3220,70218
11,2019-09-02,3205,3235,48289
12,2019-09-03,3220,3310,142359
13,2019-09-04,3270,3445,193622
14,2019-09-05,3510,3510,119019
15,2019-09-06,3470,3455,44028
16,2019-09-09,3450,3470,46972
17,2019-09-10,3455,3450,52222
18,2019-09-11,3445,3530,43930
19,2019-09-16,3535,3520,49545
20,2019-09-17,3510,3485,38529
21,2019-09-18,3490,3445,109398
22,2019-09-19,3455,3460,46240
23,2019-09-20,3460,3495,39215
24,2019-09-23,3490,3520,111787
25,2019-09-24,3510,3535,65274
26,2019-09-25,3535,3480,67812
27,2019-09-26,3480,3410,96174
28,2019-09-27,3370,3360,49991
29,2019-09-30,3355,3400,37465
30,2019-10-01,3440,3460,43023
31,2019-10-02,3455,3450,45394
32,2019-10-04,3405,3445,33033
33,2019-10-07,3450,3420,52693
34,2019-10-08,3370,3400,25529
35,2019-10-10,3400,3400,37146
36,2019-10-11,3410,3385,41932
37,2019-10-14,3380,3340,69297
38,2019-10-15,3320,3265,112101
39,2019-10-16,3270,3345,63590
40,2019-10-17,3380,3395,29859
41,2019-10-18,3400,3400,19099
42,2019-10-21,3395,3395,8393
43,2019-10-22,3395,3395,29228
44,2019-10-23,3390,3385,37326
45,2019-10-24,3320,3365,22408
46,2019-10-25,3380,3345,51433
47,2019-10-28,3335,3490,99447
48,2019-10-29,3495,3465,38465
49,2019-10-30,3390,3395,86857
50,2019-10-31,3410,3490,71987
51,2019-11-01,3515,3470,132392
52,2019-11-04,3470,3435,72484
53,2019-11-05,3435,3440,20655
54,2019-11-06,3440,3450,22131
55,2019-11-07,3460,3450,54254
56,2019-11-08,3500,3465,19450
57,2019-11-11,3460,3450,10021
58,2019-11-12,3450,3405,86295
59,2019-11-13,3405,3395,23571
60,2019-11-14,3400,3325,121379
61,2019-11-15,3300,3270,79895
62,2019-11-18,3270,3275,47778
63,2019-11-19,3275,3275,17768
64,2019-11-20,3260,3270,31468
65,2019-11-21,3260,2975,155557
66,2019-11-22,2990,3030,214334
67,2019-11-25,3045,3095,78753
68,2019-11-26,3130,3180,76522
69,2019-11-27,3185,3180,25889
70,2019-11-28,3175,3235,20693
71,2019-11-29,3225,3220,35884
72,2019-12-02,3220,3250,32966
73,2019-12-03,3230,3245,35881
74,2019-12-04,3225,3185,21848
75,2019-12-05,3180,3140,53439
76,2019-12-06,3050,3180,165379
77,2019-12-09,3160,3135,28516
78,2019-12-10,3130,3245,55279
79,2019-12-11,3240,3170,142123
80,2019-12-12,3170,3240,149785
81,2019-12-13,3250,3265,81079
82,2019-12-16,3270,3275,60937
83,2019-12-17,3275,3255,107524
84,2019-12-18,3250,3260,27834
85,2019-12-19,3245,3430,1061494
86,2019-12-20,3430,3480,289952
87,2019-12-23,3480,3480,174138
88,2019-12-24,3470,3395,85537
89,2019-12-26,3395,3480,137180
90,2019-12-27,3455,3410,77904
91,2019-12-30,3410,3415,112814
92,2020-01-02,3435,3425,170713
93,2020-01-03,3415,3430,184869
94,2020-01-06,3410,3380,106481
95,2020-01-07,3385,3380,56941
96,2020-01-08,3375,3140,153658
97,2020-01-09,3200,3220,42975
98,2020-01-10,3290,3270,58360
99,2020-01-13,3270,3320,55930
100,2020-01-14,3340,3320,51903
101,2020-01-15,3320,3360,141471
102,2020-01-16,3425,3405,743717
103,2020-01-17,3405,3400,92938
104,2020-01-20,3400,3415,120631
105,2020-01-21,3415,3400,156831
106,2020-01-22,3405,3515,280444
107,2020-01-23,3545,3500,215921
108,2020-01-28,3400,3480,189845
109,2020-01-29,3500,3465,273420
110,2020-01-30,3415,3360,135843
111,2020-01-31,3400,3340,179853
112,2020-02-03,3250,3335,101650
113,2020-02-04,3280,3350,64157
114,2020-02-05,3330,3385,100544
115,2020-02-06,3395,3430,103304
116,2020-02-07,3440,3460,92469
117,2020-02-10,3470,3495,66757
118,2020-02-11,3500,3460,73847
119,2020-02-12,3460,3500,171042
120,2020-02-13,3500,3530,148229
121,2020-02-14,3530,3525,96951
122,2020-02-17,3520,3520,100539
123,2020-02-18,3520,3520,60478
124,2020-02-19,3480,3510,55471
125,2020-02-20,3500,3435,105288
126,2020-02-21,3415,3460,273088
127,2020-02-24,3400,3285,146933
128,2020-02-25,3260,3305,133906
129,2020-02-26,3245,3280,112129
130,2020-02-27,3280,3190,147246
131,2020-02-28,3100,2970,257086
132,2020-03-02,2845,3010,204019
133,2020-03-03,3025,2990,274782
134,2020-03-04,2990,3085,153907
135,2020-03-05,3080,3140,114209
136,2020-03-06,3135,3100,146494
137,2020-03-09,3045,2895,200379
138,2020-03-10,2835,2895,132668
139,2020-03-11,2895,2685,243321
140,2020-03-12,2700,2505,493569
141,2020-03-13,2345,2220,286942
142,2020-03-16,2300,2075,140085
143,2020-03-17,1840,2055,507714
144,2020-03-18,2060,1950,232579
145,2020-03-19,1950,1630,284272
146,2020-03-20,1605,1780,206730
147,2020-03-23,1695,1635,117551
148,2020-03-24,1680,1845,331604
149,2020-03-25,1900,1885,369541
150,2020-03-26,1890,1960,332089
151,2020-03-27,2005,2010,226768
152,2020-03-30,1955,2140,145886
153,2020-03-31,2170,2275,217070
154,2020-04-01,2270,2270,141591
155,2020-04-02,2235,2300,74412
156,2020-04-03,2310,2330,107655
157,2020-04-06,2365,2450,140582
158,2020-04-07,2510,2510,119272
159,2020-04-08,2490,2510,90682
160,2020-04-09,2515,2540,174396
161,2020-04-10,2545,2505,116994
162,2020-04-13,2495,2440,112252
163,2020-04-14,2435,2470,78952
164,2020-04-16,2475,2490,115432
165,2020-04-17,2505,2570,169644
166,2020-04-20,2575,2645,199224
167,2020-04-21,2640,2605,198746
168,2020-04-22,2575,2560,79072
169,2020-04-23,2565,2575,70306
170,2020-04-24,2570,2565,80382
171,2020-04-27,2620,2700,795310
172,2020-04-28,2700,2680,131115
173,2020-04-29,2680,2755,139542
174,2020-05-04,2730,2750,149065
175,2020-05-06,2750,2760,144471
176,2020-05-07,2760,2815,226606
177,2020-05-08,2805,2830,120569
178,2020-05-11,2810,2760,109972
179,2020-05-12,2785,2740,151928
180,2020-05-13,2710,2715,115369
181,2020-05-14,2705,2665,91279
182,2020-05-15,2665,2685,107200
183,2020-05-18,2675,2685,149298
184,2020-05-19,2730,2660,290384
185,2020-05-20,2680,2830,1738928
186,2020-05-21,2845,2850,335085
187,2020-05-22,2850,2795,177408
188,2020-05-25,2775,2815,185632
189,2020-05-26,2820,2840,244249
190,2020-05-27,2930,3060,4545912
191,2020-05-28,3020,2905,558293
192,2020-05-29,2850,2930,233546
193,2020-06-01,2930,2990,179016
194,2020-06-02,3000,2995,188648
195,2020-06-03,2995,2975,169034
196,2020-06-04,2980,3000,265366
197,2020-06-05,3000,3000,99386
198,2020-06-08,3010,3095,320712
199,2020-06-09,3080,3085,193364
200,2020-06-10,3085,3045,103535
201,2020-06-11,3015,3000,129672
202,2020-06-12,2825,2960,117958
203,2020-06-15,2910,2760,190841
204,2020-06-16,2780,2880,206373
205,2020-06-17,2835,2835,204223
206,2020-06-18,2825,2830,99828
207,2020-06-19,2830,2835,125160
208,2020-06-22,2835,2830,78408
209,2020-06-23,2820,2800,52182
210,2020-06-24,2795,2795,130659
211,2020-06-25,2765,2835,181668
212,2020-06-26,2855,2855,193925
213,2020-06-29,2845,2795,102311
214,2020-06-30,2810,2780,136684
215,2020-07-01,2770,2785,100653
216,2020-07-02,2785,2840,175308
217,2020-07-03,2825,2855,85821
218,2020-07-06,2820,2980,136696
219,2020-07-07,3100,2905,3780848
220,2020-07-08,2900,2925,189760
221,2020-07-09,2900,2960,166179
222,2020-07-10,2935,3015,127359
223,2020-07-13,3015,3030,145748
224,2020-07-14,3040,3265,699900
225,2020-07-15,3275,3275,418561
226,2020-07-16,3275,3300,257068
227,2020-07-17,3330,3305,168063
228,2020-07-20,3310,3315,127250
229,2020-07-21,3330,3290,161997
230,2020-07-22,3280,3365,334346
231,2020-07-23,3365,3245,274789
232,2020-07-24,3160,3205,118941
233,2020-07-27,3190,3185,86058
234,2020-07-28,3185,3190,98040
235,2020-07-29,3165,3170,82644
236,2020-07-30,3180,3265,139576
237,2020-07-31,3265,3290,181717
238,2020-08-03,3310,3290,107462
239,2020-08-04,3290,3275,88258
240,2020-08-05,3275,3235,131037
241,2020-08-06,3255,3200,101627
242,2020-08-07,3170,3165,130415
243,2020-08-10,3135,3270,226744
244,2020-08-11,3240,3260,80632
245,2020-08-12,3245,3230,125179
246,2020-08-13,3240,3205,143893
247,2020-08-14,3200,3180,106365
248,2020-08-18,3170,2950,298681
249,2020-08-19,2950,3040,241821
250,2020-08-20,3050,2865,176128
251,2020-08-21,2865,2910,74252
252,2020-08-24,2920,2940,76942
253,2020-08-25,2945,3045,98044
254,2020-08-26,3050,3060,59819
255,2020-08-27,3060,2980,44199
256,2020-08-28,2980,3020,51552
257,2020-08-31,3050,3020,30664
258,2020-09-01,3020,2965,93851
259,2020-09-02,2980,3020,57526
260,2020-09-03,3010,3120,157249
261,2020-09-04,3095,3090,213246
262,2020-09-07,3080,3160,305800
263,2020-09-08,3155,3165,277646
264,2020-09-09,3150,3150,95281
265,2020-09-10,3150,3190,124737
266,2020-09-11,3170,3195,118283
267,2020-09-14,3190,3245,178899
268,2020-09-15,3240,3240,98622
269,2020-09-16,3240,3205,72998
270,2020-09-17,3225,3145,147562
271,2020-09-18,3140,3145,68345
272,2020-09-21,3150,3070,147713
273,2020-09-22,3030,2945,109210
274,2020-09-23,2950,3030,184878
275,2020-09-24,3025,2970,104245
276,2020-09-25,2975,2925,127519
277,2020-09-28,2935,3000,79735
278,2020-09-29,3000,3065,74993
279,2020-10-05,3060,3085,77595
280,2020-10-06,3085,3165,281124
281,2020-10-07,3360,3165,649616
282,2020-10-08,3165,3135,143035
283,2020-10-12,3135,3145,104859
284,2020-10-13,3145,3245,252903
285,2020-10-14,3255,3195,315403
286,2020-10-15,3215,3170,149764
287,2020-10-16,3190,3135,137947
288,2020-10-19,3135,3125,85129
289,2020-10-20,3100,3105,81639
290,2020-10-21,3105,3045,118441
291,2020-10-22,3060,2925,657278
292,2020-10-23,2935,2920,133785
293,2020-10-26,2900,2795,166366
294,2020-10-27,2750,2815,98657
295,2020-10-28,2825,2870,71076
296,2020-10-29,2825,2880,102198
297,2020-10-30,2880,2840,46122
298,2020-11-02,2835,2845,73458
299,2020-11-03,2850,2790,197584
