,date,open,close,volume
0,2019-08-16,11850,11600,144145
1,2019-08-19,11700,11650,88864
2,2019-08-20,11700,11900,36304
3,2019-08-21,11900,12100,24327
4,2019-08-22,12000,12050,9701
5,2019-08-23,12000,12050,16092
6,2019-08-26,11900,11950,17995
7,2019-08-27,12050,12000,11902
8,2019-08-28,12000,11900,27701
9,2019-08-29,11900,11900,14616
10,2019-08-30,11950,12050,18855
11,2019-09-02,12050,12100,8073
12,2019-09-03,12150,12150,17876
13,2019-09-04,12050,12250,8978
14,2019-09-05,12250,12300,18387
15,2019-09-06,12350,12300,16969
16,2019-09-09,12200,12200,27335
17,2019-09-10,12200,12200,24524
18,2019-09-11,12300,12350,22254
19,2019-09-16,12350,12450,32504
20,2019-09-17,12450,12500,28385
21,2019-09-18,12550,12500,16467
22,2019-09-19,12500,12450,33160
23,2019-09-20,12500,12400,57865
24,2019-09-23,12400,12600,53683
25,2019-09-24,12600,12400,42758
26,2019-09-25,12400,12200,33216
27,2019-09-26,12250,12300,25754
28,2019-09-27,12200,12250,9814
29,2019-09-30,12350,12200,23802
30,2019-10-01,12200,12350,33325
31,2019-10-02,12350,12200,18902
32,2019-10-04,12300,12150,17148
33,2019-10-07,12100,12050,31811
34,2019-10-08,12050,12050,19828
35,2019-10-10,12100,12050,12567
36,2019-10-11,12100,12050,14881
37,2019-10-14,12100,12100,26330
38,2019-10-15,12150,12300,34379
39,2019-10-16,12300,12400,13491
40,2019-10-17,12350,12350,11697
41,2019-10-18,12350,12350,23108
42,2019-10-21,12400,12450,15907
43,2019-10-22,12350,12400,20644
44,2019-10-23,12450,12250,19834
45,2019-10-24,12300,12150,27322
46,2019-10-25,12100,12150,12568
47,2019-10-28,12100,12200,27077
48,2019-10-29,12150,12100,10917
49,2019-10-30,12100,12050,36585
50,2019-10-31,12100,11950,32380
51,2019-11-01,12000,12000,34900
52,2019-11-04,12000,12750,162066
53,2019-11-05,12850,12650,34681
54,2019-11-06,12750,12800,48411
55,2019-11-07,12750,12950,22628
56,2019-11-08,12950,12900,14316
57,2019-11-11,12900,13000,30006
58,2019-11-12,12900,13000,24017
59,2019-11-13,13000,13000,24083
60,2019-11-14,12900,11950,81261
61,2019-11-15,12050,12150,163884
62,2019-11-18,12300,12300,31409
63,2019-11-19,12300,12200,18093
64,2019-11-20,12200,12050,55154
65,2019-11-21,12050,11850,39085
66,2019-11-22,11850,12000,25531
67,2019-11-25,12100,12150,13299
68,2019-11-26,12150,12100,10897
69,2019-11-27,12000,12100,14256
70,2019-11-28,12000,12100,16467
71,2019-11-29,12100,11950,24074
72,2019-12-02,11950,11850,30188
73,2019-12-03,11900,11800,18028
74,2019-12-04,11800,11650,37115
75,2019-12-05,11650,11750,19403
76,2019-12-06,11800,11750,14684
77,2019-12-09,11750,11700,20210
78,2019-12-10,11700,11750,11401
79,2019-12-11,11750,11650,10286
80,2019-12-12,11700,11800,28795
81,2019-12-13,11800,11600,202761
82,2019-12-16,11650,11850,28100
83,2019-12-17,11850,12100,101901
84,2019-12-18,12100,12000,21449
85,2019-12-19,12050,12000,26246
86,2019-12-20,12000,12050,24272
87,2019-12-23,12050,11950,79873
88,2019-12-24,12000,12050,127956
89,2019-12-26,12200,12450,193035
90,2019-12-27,11950,11800,82896
91,2019-12-30,11800,11650,58990
92,2020-01-02,11650,11600,32181
93,2020-01-03,11600,11650,31517
94,2020-01-06,11550,11350,56249
95,2020-01-07,11400,11350,20524
96,2020-01-08,11350,10950,68177
97,2020-01-09,11000,10900,34537
98,2020-01-10,11000,10850,33572
99,2020-01-13,10900,11000,38507
100,2020-01-14,11100,11000,26174
101,2020-01-15,10950,11000,18226
102,2020-01-16,11000,11000,19394
103,2020-01-17,11000,11050,16412
104,2020-01-20,11100,11150,22888
105,2020-01-21,11150,11350,67424
106,2020-01-22,11650,11500,120877
107,2020-01-23,11400,11300,34365
108,2020-01-28,10900,10950,44265
109,2020-01-29,10900,11300,55247
110,2020-01-30,11250,11000,33641
111,2020-01-31,11050,10800,35540
112,2020-02-03,10600,10500,52032
113,2020-02-04,10450,10600,22218
114,2020-02-05,10700,10450,72647
115,2020-02-06,10550,10650,52579
116,2020-02-07,10700,10650,13210
117,2020-02-10,10600,10700,9260
118,2020-02-11,10650,10650,20557
119,2020-02-12,10650,10700,14965
120,2020-02-13,10600,10650,14514
121,2020-02-14,10650,10450,43143
122,2020-02-17,10400,10350,35790
123,2020-02-18,10350,10250,23384
124,2020-02-19,10200,10200,20167
125,2020-02-20,10150,10050,46117
126,2020-02-21,10050,9800,94085
127,2020-02-24,9650,9370,82844
128,2020-02-25,9370,9450,33757
129,2020-02-26,9400,9520,17044
130,2020-02-27,9500,9400,23469
131,2020-02-28,9320,9090,50549
132,2020-03-02,9090,9030,58709
133,2020-03-03,9150,9080,28309
134,2020-03-04,8980,9190,22204
135,2020-03-05,9180,9440,14399
136,2020-03-06,9410,9210,70583
137,2020-03-09,9100,8890,49847
138,2020-03-10,8860,8750,66427
139,2020-03-11,8750,8490,52217
140,2020-03-12,8350,7930,73118
141,2020-03-13,7000,7310,118927
142,2020-03-16,7320,7160,66783
143,2020-03-17,6680,6960,34521
144,2020-03-18,7000,6890,30272
145,2020-03-19,6720,6120,82554
146,2020-03-20,6040,6300,95752
147,2020-03-23,5870,5980,56166
148,2020-03-24,6000,6290,50624
149,2020-03-25,6760,6790,61189
150,2020-03-26,6900,7230,40633
151,2020-03-27,7250,7200,65652
152,2020-03-30,7140,7290,30423
153,2020-03-31,7390,7450,29634
154,2020-04-01,7490,7450,61223
155,2020-04-02,7400,7520,36627
156,2020-04-03,7520,7590,16864
157,2020-04-06,7670,7850,27502
158,2020-04-07,7960,8150,35059
159,2020-04-08,8200,8400,29297
160,2020-04-09,8500,8470,29963
161,2020-04-10,8500,8500,74684
162,2020-04-13,8530,8390,26581
163,2020-04-14,8400,8410,15311
164,2020-04-16,8390,8490,19934
165,2020-04-17,8580,8620,39041
166,2020-04-20,8690,8750,46479
167,2020-04-21,8740,8500,36685
168,2020-04-22,8360,8480,48930
169,2020-04-23,8560,8570,32879
170,2020-04-24,8650,8480,43838
171,2020-04-27,8510,8640,40200
172,2020-04-28,8690,8740,24111
173,2020-04-29,8810,9100,58445
174,2020-05-04,9040,8950,23872
175,2020-05-06,9010,9090,42226
176,2020-05-07,9130,9090,11099
177,2020-05-08,9090,9200,58577
178,2020-05-11,9150,9150,19822
179,2020-05-12,9200,9110,22901
180,2020-05-13,9020,9120,7831
181,2020-05-14,9090,9090,25388
182,2020-05-15,9090,9000,26103
183,2020-05-18,10200,9700,275815
184,2020-05-19,9910,9930,78221
185,2020-05-20,10000,10300,96847
186,2020-05-21,10450,10350,39887
187,2020-05-22,10300,10100,67442
188,2020-05-25,10100,10150,36611
189,2020-05-26,10200,10400,88731
190,2020-05-27,10500,10850,141391
191,2020-05-28,10800,10600,88538
192,2020-05-29,10500,10800,79235
193,2020-06-01,10750,10850,75978
194,2020-06-02,10800,10650,60726
195,2020-06-03,10650,10700,77967
196,2020-06-04,10750,10700,39516
197,2020-06-05,10700,10650,22248
198,2020-06-08,10700,10550,51269
199,2020-06-09,10600,10550,37746
200,2020-06-10,10450,10600,35361
201,2020-06-11,10600,10100,154082
202,2020-06-12,9770,9640,144775
203,2020-06-15,9700,9130,80251
204,2020-06-16,9320,9350,79971
205,2020-06-17,9230,9440,29331
206,2020-06-18,9470,9470,27530
207,2020-06-19,9460,9550,62837
208,2020-06-22,9550,9760,39127
209,2020-06-23,9790,9790,60502
210,2020-06-24,9880,9850,37168
211,2020-06-25,9820,9650,39166
212,2020-06-26,9800,9740,11127
213,2020-06-29,9590,9450,49462
214,2020-06-30,9570,9530,18715
215,2020-07-01,9530,9580,12403
216,2020-07-02,9580,9700,18793
217,2020-07-03,9790,10400,96117
218,2020-07-06,10350,9900,100909
219,2020-07-07,9950,9740,82314
220,2020-07-08,9740,9900,38711
221,2020-07-09,9900,9840,23997
222,2020-07-10,9780,9960,87097
223,2020-07-13,9990,10050,31706
224,2020-07-14,10000,9990,46080
225,2020-07-15,10100,10000,21274
226,2020-07-16,10000,9940,41482
227,2020-07-17,9940,10100,23433
228,2020-07-20,10150,10850,595019
229,2020-07-21,10750,10500,197050
230,2020-07-22,10450,10600,96118
231,2020-07-23,10700,10400,74227
232,2020-07-24,10400,10400,69215
233,2020-07-27,10400,10450,73690
234,2020-07-28,10450,10500,104100
235,2020-07-29,10600,10550,35832
236,2020-07-30,10600,11100,263929
237,2020-07-31,13150,11650,2177765
238,2020-08-03,12100,12550,865481
239,2020-08-04,13250,13600,1544062
240,2020-08-05,13400,13000,362553
241,2020-08-06,13000,12750,241678
242,2020-08-07,12600,12550,185253
243,2020-08-10,12600,12800,146091
244,2020-08-11,12800,12650,153982
245,2020-08-12,12650,12350,135325
246,2020-08-13,12350,12450,110887
247,2020-08-14,12450,12450,110932
248,2020-08-18,12600,11950,177261
249,2020-08-19,11950,11950,85650
250,2020-08-20,12100,11250,157060
251,2020-08-21,11250,11300,95898
252,2020-08-24,11300,11400,85501
253,2020-08-25,11650,12250,203732
254,2020-08-26,12400,12300,86189
255,2020-08-27,12150,12000,68165
256,2020-08-28,12200,12150,211382
257,2020-08-31,12300,11950,98580
258,2020-09-01,12000,12000,54739
259,2020-09-02,12000,12000,39286
260,2020-09-03,12050,12150,62581
261,2020-09-04,11800,12000,52454
262,2020-09-07,12000,12350,104884
263,2020-09-08,12550,12350,95682
264,2020-09-09,12000,12100,74521
265,2020-09-10,12200,12200,66164
266,2020-09-11,12200,12250,55683
267,2020-09-14,12250,12300,53975
268,2020-09-15,12350,12250,49638
269,2020-09-16,12300,12300,42830
270,2020-09-17,12300,12150,66221
271,2020-09-18,12100,12150,46007
272,2020-09-21,12050,11850,66725
273,2020-09-22,11900,11600,76799
274,2020-09-23,11700,11700,53137
275,2020-09-24,11450,11500,51945
276,2020-09-25,11500,11600,30952
277,2020-09-28,11650,11900,30867
278,2020-09-29,12050,12000,19766
279,2020-10-05,11900,12100,46083
280,2020-10-06,12100,11950,30277
281,2020-10-07,11850,12000,28313
282,2020-10-08,12050,12000,26396
283,2020-10-12,12100,12100,37985
284,2020-10-13,12100,12150,34795
285,2020-10-14,12200,12100,23279
286,2020-10-15,12050,12000,25681
287,2020-10-16,12000,12800,4704760
288,2020-10-19,13050,12950,948499
289,2020-10-20,12950,13100,997078
290,2020-10-21,13000,12800,285188
291,2020-10-22,12850,12450,272024
292,2020-10-23,12500,12600,124540
293,2020-10-26,12650,12400,144817
294,2020-10-27,12350,12150,95163
295,2020-10-28,12200,12300,48591
296,2020-10-29,12100,12100,113555
297,2020-10-30,12100,12000,207982
298,2020-11-02,12000,12050,117031
299,2020-11-03,12050,12150,59392
