,date,open,close,volume
0,2019-08-16,20100,20150,15048
1,2019-08-19,20450,19850,18081
2,2019-08-20,20150,20200,8852
3,2019-08-21,20400,21450,36931
4,2019-08-22,21450,22600,52002
5,2019-08-23,22600,22100,19801
6,2019-08-26,21650,20850,22089
7,2019-08-27,21150,20850,10552
8,2019-08-28,20850,21600,8707
9,2019-08-29,21600,21500,11719
10,2019-08-30,21800,21600,15357
11,2019-09-02,21700,21800,11709
12,2019-09-03,21800,22450,27429
13,2019-09-04,22300,22700,13805
14,2019-09-05,22900,22500,22622
15,2019-09-06,22550,22400,6854
16,2019-09-09,22450,22700,16353
17,2019-09-10,23000,22350,9291
18,2019-09-11,22250,22950,19874
19,2019-09-16,23450,23300,10211
20,2019-09-17,23300,23750,17717
21,2019-09-18,24000,23800,8687
22,2019-09-19,23750,23400,23078
23,2019-09-20,23600,23750,9335
24,2019-09-23,23700,23650,8229
25,2019-09-24,23400,23550,7981
26,2019-09-25,23250,22900,13406
27,2019-09-26,22950,23400,9039
28,2019-09-27,23450,23350,11890
29,2019-09-30,23350,23350,7509
30,2019-10-01,23400,23700,7271
31,2019-10-02,23600,23400,6329
32,2019-10-04,23700,23600,12084
33,2019-10-07,23800,23300,14567
34,2019-10-08,23600,22900,15273
35,2019-10-10,22600,22950,10452
36,2019-10-11,22950,22800,14643
37,2019-10-14,23100,22800,8418
38,2019-10-15,23000,23000,7084
39,2019-10-16,23250,23150,13519
40,2019-10-17,23250,23100,6769
41,2019-10-18,23100,22950,10196
42,2019-10-21,23050,22650,5657
43,2019-10-22,22650,22500,11425
44,2019-10-23,22500,22350,11952
45,2019-10-24,22150,22450,9473
46,2019-10-25,22500,22350,5492
47,2019-10-28,22250,22400,10218
48,2019-10-29,22500,22350,5461
49,2019-10-30,22350,22200,5778
50,2019-10-31,22650,22600,12225
51,2019-11-01,22500,22700,6033
52,2019-11-04,22700,22800,9323
53,2019-11-05,22650,22900,12360
54,2019-11-06,23000,23250,30292
55,2019-11-07,23350,23100,8012
56,2019-11-08,23150,23150,10080
57,2019-11-11,23400,23650,54754
58,2019-11-12,23650,23400,17749
59,2019-11-13,23300,22900,43930
60,2019-11-14,22800,23200,21447
61,2019-11-15,23150,23350,14812
62,2019-11-18,23350,23600,20467
63,2019-11-19,23900,23400,20760
64,2019-11-20,23400,23700,51695
65,2019-11-21,23750,23000,20590
66,2019-11-22,23250,23200,12801
67,2019-11-25,23600,23700,15231
68,2019-11-26,23900,23500,20068
69,2019-11-27,23500,23600,7935
70,2019-11-28,23350,23900,15420
71,2019-11-29,23950,23400,14418
72,2019-12-02,23450,24200,40111
73,2019-12-03,23950,24100,11315
74,2019-12-04,24100,24900,43808
75,2019-12-05,25100,24200,26114
76,2019-12-06,24150,24200,29369
77,2019-12-09,24500,24250,28953
78,2019-12-10,24150,24400,12843
79,2019-12-11,24500,23900,51028
80,2019-12-12,24000,24200,17377
81,2019-12-13,24200,24100,31612
82,2019-12-16,23650,23700,50244
83,2019-12-17,23600,23800,22469
84,2019-12-18,24100,24100,20304
85,2019-12-19,24100,24100,36048
86,2019-12-20,24000,24200,29732
87,2019-12-23,24050,23750,39451
88,2019-12-24,23500,23300,123320
89,2019-12-26,23500,23400,43663
90,2019-12-27,23400,23100,18845
91,2019-12-30,23200,23150,10170
92,2020-01-02,23150,22650,55120
93,2020-01-03,22750,22750,26453
94,2020-01-06,22400,22300,28227
95,2020-01-07,22300,22450,12568
96,2020-01-08,22300,21350,43457
97,2020-01-09,21800,21950,13651
98,2020-01-10,21950,22000,25684
99,2020-01-13,22000,22100,17005
100,2020-01-14,22400,21500,42373
101,2020-01-15,21500,21300,53307
102,2020-01-16,21350,21750,35547
103,2020-01-17,21900,21750,18635
104,2020-01-20,21800,21700,23437
105,2020-01-21,21700,21650,14059
106,2020-01-22,21650,21700,18092
107,2020-01-23,21700,21850,15091
108,2020-01-28,21400,20800,51181
109,2020-01-29,21000,21300,24502
110,2020-01-30,21500,20850,14179
111,2020-01-31,20850,20050,26875
112,2020-02-03,19500,20050,35655
113,2020-02-04,19900,21000,27452
114,2020-02-05,21150,20850,23047
115,2020-02-06,21000,21500,24516
116,2020-02-07,21950,21500,48823
117,2020-02-10,21300,21300,23820
118,2020-02-11,21500,21850,28979
119,2020-02-12,21850,21500,23070
120,2020-02-13,21700,21400,18025
121,2020-02-14,21400,21150,18272
122,2020-02-17,21150,20850,24076
123,2020-02-18,20850,20500,27756
124,2020-02-19,20500,20600,11703
125,2020-02-20,20700,20250,17582
126,2020-02-21,20100,20150,36589
127,2020-02-24,19300,18650,61932
128,2020-02-25,18250,19200,42347
129,2020-02-26,18600,19400,29510
130,2020-02-27,19750,19600,51575
131,2020-02-28,19100,19000,37992
132,2020-03-02,18950,19300,44925
133,2020-03-03,19750,19500,34917
134,2020-03-04,19500,19950,34249
135,2020-03-05,20100,20150,20849
136,2020-03-06,20000,19900,24284
137,2020-03-09,19500,18900,44712
138,2020-03-10,18450,19000,31597
139,2020-03-11,19000,17850,58050
140,2020-03-12,17300,16550,57056
141,2020-03-13,15300,14850,106040
142,2020-03-16,15350,14500,58285
143,2020-03-17,13150,14400,55504
144,2020-03-18,14650,13400,40314
145,2020-03-19,13400,10650,250320
146,2020-03-20,10500,11700,129228
147,2020-03-23,10700,11200,67075
148,2020-03-24,11300,12150,55621
149,2020-03-25,12900,13250,76683
150,2020-03-26,13300,13650,70352
151,2020-03-27,14500,14750,155214
152,2020-03-30,14600,15250,67730
153,2020-03-31,16500,17300,309402
154,2020-04-01,17000,16500,76045
155,2020-04-02,16500,16500,57086
156,2020-04-03,16300,16350,25646
157,2020-04-06,16400,17150,53500
158,2020-04-07,17300,17100,42609
159,2020-04-08,17100,17800,311085
160,2020-04-09,18200,18400,64623
161,2020-04-10,18350,17600,72769
162,2020-04-13,17500,16750,50017
163,2020-04-14,17050,17050,24832
164,2020-04-16,17000,17000,28493
165,2020-04-17,17150,17200,44642
166,2020-04-20,19500,21100,1966800
167,2020-04-21,20900,19650,505000
168,2020-04-22,19400,20000,207245
169,2020-04-23,20000,20900,188766
170,2020-04-24,20400,19700,115185
171,2020-04-27,19750,19550,46761
172,2020-04-28,19750,19900,57173
173,2020-04-29,20000,19950,67006
174,2020-05-04,19850,19750,37462
175,2020-05-06,19900,20000,46234
176,2020-05-07,20000,20250,60004
177,2020-05-08,20450,21250,135092
178,2020-05-11,21500,22000,219069
179,2020-05-12,22300,22500,190328
180,2020-05-13,22300,21800,97295
181,2020-05-14,21700,21350,72379
182,2020-05-15,21750,22700,210156
183,2020-05-18,22800,22950,103699
184,2020-05-19,23400,24650,430342
185,2020-05-20,24850,24150,190490
186,2020-05-21,24200,23450,120807
187,2020-05-22,23650,22700,154402
188,2020-05-25,23000,23500,117016
189,2020-05-26,24000,23050,89053
190,2020-05-27,23050,22150,103733
191,2020-05-28,22250,21150,136038
192,2020-05-29,21100,21600,59528
193,2020-06-01,21600,22100,44211
194,2020-06-02,22100,22250,43438
195,2020-06-03,22400,22050,39434
196,2020-06-04,22050,21800,47045
197,2020-06-05,22000,22400,72901
198,2020-06-08,22550,22450,41788
199,2020-06-09,22600,22350,38211
200,2020-06-10,22500,23350,199642
201,2020-06-11,23600,23500,111340
202,2020-06-12,22500,22300,100484
203,2020-06-15,22000,20250,113356
204,2020-06-16,20800,21600,63154
205,2020-06-17,26400,23300,1483470
206,2020-06-18,24800,24050,492041
207,2020-06-19,24050,24450,776915
208,2020-06-22,25150,25300,338531
209,2020-06-23,25400,24600,172354
210,2020-06-24,25800,26950,1253112
211,2020-06-25,26650,25050,270603
212,2020-06-26,25350,25500,200676
213,2020-06-29,26400,27600,593198
214,2020-06-30,28450,27550,376594
215,2020-07-01,27700,26500,439673
216,2020-07-02,26950,25750,242712
217,2020-07-03,26000,26550,128676
218,2020-07-06,26950,28500,452762
219,2020-07-07,28550,27400,344380
220,2020-07-08,27400,26600,189967
221,2020-07-09,26450,27000,144310
222,2020-07-10,27750,25950,171952
223,2020-07-13,25800,26500,102252
224,2020-07-14,26150,25650,123312
225,2020-07-15,25850,25050,111445
226,2020-07-16,25250,24600,70255
227,2020-07-17,24800,24850,65881
228,2020-07-20,24950,24850,90827
229,2020-07-21,25250,26200,185846
230,2020-07-22,26400,25950,92401
231,2020-07-23,25950,26300,323935
232,2020-07-24,31950,28450,2162298
233,2020-07-27,28800,27550,365007
234,2020-07-28,27550,26650,251091
235,2020-07-29,26500,26650,159852
236,2020-07-30,26700,27300,152477
237,2020-07-31,27150,28450,231355
238,2020-08-03,28850,28250,163851
239,2020-08-04,28300,29100,188644
240,2020-08-05,29100,29100,130771
241,2020-08-06,29100,29050,146342
242,2020-08-07,29150,28700,81447
243,2020-08-10,28600,28000,116575
244,2020-08-11,28000,28400,64411
245,2020-08-12,28400,27600,99671
246,2020-08-13,27800,27350,122383
247,2020-08-14,27850,26800,142697
248,2020-08-18,26850,26650,94958
249,2020-08-19,26750,27750,118421
250,2020-08-20,27750,27000,93157
251,2020-08-21,26950,26750,62444
252,2020-08-24,26800,27200,127520
253,2020-08-25,27250,28000,206933
254,2020-08-26,28400,28300,129592
255,2020-08-27,28300,27650,94459
256,2020-08-28,27700,27800,86620
257,2020-08-31,28500,27850,135850
258,2020-09-01,28000,27900,95459
259,2020-09-02,28100,27900,209688
260,2020-09-03,28450,29250,432364
261,2020-09-04,28500,29200,974117
262,2020-09-07,29650,28700,230184
263,2020-09-08,28700,28350,196587
264,2020-09-09,27900,27950,86573
265,2020-09-10,28050,27950,83720
266,2020-09-11,27950,27650,66018
267,2020-09-14,27650,27700,49747
268,2020-09-15,28000,27500,48359
269,2020-09-16,27450,27050,70125
270,2020-09-17,26900,26550,66838
271,2020-09-18,26600,26050,54380
272,2020-09-21,26450,26800,75114
273,2020-09-22,26800,25700,55130
274,2020-09-23,26300,25750,50963
275,2020-09-24,25000,24050,57388
276,2020-09-25,24050,23600,59777
277,2020-09-28,23650,24700,44560
278,2020-09-29,24850,24750,32392
279,2020-10-05,24550,25850,108096
280,2020-10-06,25800,25900,49523
281,2020-10-07,25500,26300,33782
282,2020-10-08,26300,26250,50966
283,2020-10-12,26250,26000,44369
284,2020-10-13,26000,25550,24965
285,2020-10-14,25550,25100,29524
286,2020-10-15,25100,24250,78115
287,2020-10-16,24300,23900,50611
288,2020-10-19,23400,23850,35519
289,2020-10-20,23750,24050,31068
290,2020-10-21,24100,24250,15020
291,2020-10-22,23800,23650,24818
292,2020-10-23,23700,23500,21672
293,2020-10-26,23700,22100,57347
294,2020-10-27,21750,22050,34639
295,2020-10-28,21650,22400,20808
296,2020-10-29,21800,22300,25991
297,2020-10-30,22350,21600,26368
298,2020-11-02,21600,21800,15953
299,2020-11-03,21800,22150,21505
