,date,open,close,volume
0,2019-08-16,27300,26600,37792
1,2019-08-19,26850,26750,42396
2,2019-08-20,26750,28250,44750
3,2019-08-21,28250,29450,42189
4,2019-08-22,29500,30100,51799
5,2019-08-23,29900,29600,35111
6,2019-08-26,29300,27500,61497
7,2019-08-27,27800,27400,37433
8,2019-08-28,27450,28700,23985
9,2019-08-29,28850,28500,27797
10,2019-08-30,29100,29050,21589
11,2019-09-02,28750,29450,23586
12,2019-09-03,29300,29050,22391
13,2019-09-04,28750,29050,14863
14,2019-09-05,29700,29100,20019
15,2019-09-06,29100,28700,14482
16,2019-09-09,28600,28250,19012
17,2019-09-10,28400,28200,18730
18,2019-09-11,28200,28250,20818
19,2019-09-16,28900,29300,22804
20,2019-09-17,29450,29800,30900
21,2019-09-18,29850,29550,20440
22,2019-09-19,29900,29600,15548
23,2019-09-20,29500,29700,28277
24,2019-09-23,29300,28950,26553
25,2019-09-24,28450,29000,19493
26,2019-09-25,28950,28400,24243
27,2019-09-26,28400,28700,17451
28,2019-09-27,28650,28400,18055
29,2019-09-30,28400,28250,15209
30,2019-10-01,28450,29200,24112
31,2019-10-02,28850,28250,18468
32,2019-10-04,28150,28350,17555
33,2019-10-07,28450,28200,24403
34,2019-10-08,27900,28250,20013
35,2019-10-10,28250,27950,11999
36,2019-10-11,28000,28350,33062
37,2019-10-14,28550,28900,23023
38,2019-10-15,28600,29700,21831
39,2019-10-16,29550,30350,32534
40,2019-10-17,30750,29900,20783
41,2019-10-18,29950,30100,18359
42,2019-10-21,30100,29750,18414
43,2019-10-22,29900,29850,26359
44,2019-10-23,29850,29800,17812
45,2019-10-24,29800,30000,27557
46,2019-10-25,30200,29600,14365
47,2019-10-28,29600,29850,16986
48,2019-10-29,29850,29600,16455
49,2019-10-30,29650,29550,14480
50,2019-10-31,29250,30350,39133
51,2019-11-01,30200,30350,25213
52,2019-11-04,30600,30300,20125
53,2019-11-05,30100,30300,22844
54,2019-11-06,30300,31300,59459
55,2019-11-07,31300,31800,33592
56,2019-11-08,31800,31150,27566
57,2019-11-11,31150,31250,26586
58,2019-11-12,31600,31250,17845
59,2019-11-13,31150,30900,22607
60,2019-11-14,31000,31650,36604
61,2019-11-15,31350,31850,28249
62,2019-11-18,32100,32950,49421
63,2019-11-19,32500,32600,28828
64,2019-11-20,32400,32900,55127
65,2019-11-21,33300,32350,38719
66,2019-11-22,32350,32250,23160
67,2019-11-25,32250,32900,21283
68,2019-11-26,32900,33350,29426
69,2019-11-27,33400,33400,19169
70,2019-11-28,33400,33200,12006
71,2019-11-29,33100,32750,17062
72,2019-12-02,32550,32800,13620
73,2019-12-03,32500,31750,26659
74,2019-12-04,31550,31800,21023
75,2019-12-05,31700,31800,18850
76,2019-12-06,32250,32100,17199
77,2019-12-09,32500,32650,13503
78,2019-12-10,32550,32800,7994
79,2019-12-11,32500,33450,24587
80,2019-12-12,33400,34000,47672
81,2019-12-13,34500,34800,28949
82,2019-12-16,34500,34250,22613
83,2019-12-17,34400,34750,25188
84,2019-12-18,34450,34350,16338
85,2019-12-19,34200,35650,28795
86,2019-12-20,35650,35400,15941
87,2019-12-23,35400,35500,15834
88,2019-12-24,35500,35850,22405
89,2019-12-26,36150,36500,47216
90,2019-12-27,34450,34950,25372
91,2019-12-30,34750,35150,24802
92,2020-01-02,36200,34700,35820
93,2020-01-03,34700,34450,25847
94,2020-01-06,33500,33150,38168
95,2020-01-07,33050,33400,14044
96,2020-01-08,33700,32000,38509
97,2020-01-09,32300,33300,18915
98,2020-01-10,33550,33150,16559
99,2020-01-13,33400,32750,15263
100,2020-01-14,32900,32400,18213
101,2020-01-15,32500,32100,12448
102,2020-01-16,32050,32700,13250
103,2020-01-17,32950,32600,11373
104,2020-01-20,32950,32250,21968
105,2020-01-21,32550,32300,20153
106,2020-01-22,32000,33000,18860
107,2020-01-23,32500,32600,18417
108,2020-01-28,31150,31100,39200
109,2020-01-29,31500,31600,15246
110,2020-01-30,31350,30950,14967
111,2020-01-31,31350,30450,18202
112,2020-02-03,29050,30300,31846
113,2020-02-04,30050,31300,23450
114,2020-02-05,31050,31450,19826
115,2020-02-06,32000,32200,18145
116,2020-02-07,32500,31600,14060
117,2020-02-10,31500,31750,20094
118,2020-02-11,31750,32300,14528
119,2020-02-12,31950,31800,14104
120,2020-02-13,31650,31500,21004
121,2020-02-14,31250,31050,14917
122,2020-02-17,31000,30550,33280
123,2020-02-18,30050,29800,56064
124,2020-02-19,30100,30850,25246
125,2020-02-20,31250,31300,33362
126,2020-02-21,31850,30450,21247
127,2020-02-24,30100,28600,63581
128,2020-02-25,28600,29200,30611
129,2020-02-26,28800,29250,34102
130,2020-02-27,29150,29000,30736
131,2020-02-28,28500,28100,35772
132,2020-03-02,28100,28950,30980
133,2020-03-03,30000,29400,38594
134,2020-03-04,29050,29450,28134
135,2020-03-05,29550,29300,33739
136,2020-03-06,28900,28950,39965
137,2020-03-09,28500,27750,41757
138,2020-03-10,27050,28050,59569
139,2020-03-11,28000,26600,36917
140,2020-03-12,26100,24700,143943
141,2020-03-13,23700,22650,91075
142,2020-03-16,22900,22350,75170
143,2020-03-17,21100,23150,65449
144,2020-03-18,23700,22000,65883
145,2020-03-19,23000,18800,103281
146,2020-03-20,19350,20900,64102
147,2020-03-23,19850,19300,72699
148,2020-03-24,19500,20450,61077
149,2020-03-25,21100,22400,83069
150,2020-03-26,22900,22300,70436
151,2020-03-27,25850,24350,130229
152,2020-03-30,24800,24800,44800
153,2020-03-31,25250,25600,59295
154,2020-04-01,25100,25450,49736
155,2020-04-02,24900,25450,35013
156,2020-04-03,24900,25200,21970
157,2020-04-06,25250,25900,45347
158,2020-04-07,26650,26000,33638
159,2020-04-08,26000,26850,98900
160,2020-04-09,27300,27000,31816
161,2020-04-10,26750,26750,27015
162,2020-04-13,26300,26150,41448
163,2020-04-14,26150,26650,32721
164,2020-04-16,26300,26850,24963
165,2020-04-17,27100,28000,71292
166,2020-04-20,32750,32250,536689
167,2020-04-21,32400,31600,200772
168,2020-04-22,31400,32800,138020
169,2020-04-23,33050,34500,170545
170,2020-04-24,34500,33000,137617
171,2020-04-27,33150,32550,72555
172,2020-04-28,32650,31700,76134
173,2020-04-29,31700,31650,55833
174,2020-05-04,30700,31300,83359
175,2020-05-06,32750,33500,110604
176,2020-05-07,33800,33500,55480
177,2020-05-08,33550,34050,182436
178,2020-05-11,34350,34650,92844
179,2020-05-12,35000,34450,58899
180,2020-05-13,34200,34700,50019
181,2020-05-14,34400,35000,52292
182,2020-05-15,35550,35750,77907
183,2020-05-18,35600,35500,34931
184,2020-05-19,35500,36000,55319
185,2020-05-20,36250,35550,33035
186,2020-05-21,35950,35050,54579
187,2020-05-22,35000,33750,81825
188,2020-05-25,33500,33750,44315
189,2020-05-26,34000,33100,77312
190,2020-05-27,33000,33300,48550
191,2020-05-28,33300,31750,98573
192,2020-05-29,31800,31100,47734
193,2020-06-01,31300,32550,59420
194,2020-06-02,32600,33700,51103
195,2020-06-03,33700,33250,56636
196,2020-06-04,33200,32900,32014
197,2020-06-05,33200,32900,31260
198,2020-06-08,33100,33350,38458
199,2020-06-09,33500,33800,46467
200,2020-06-10,33900,33700,55312
201,2020-06-11,33700,33550,95129
202,2020-06-12,31900,32950,68399
203,2020-06-15,32600,30100,95511
204,2020-06-16,31000,32050,67704
205,2020-06-17,32950,32050,170101
206,2020-06-18,34450,33700,225321
207,2020-06-19,34600,34500,141758
208,2020-06-22,34300,33300,96308
209,2020-06-23,33300,33000,79802
210,2020-06-24,33700,33150,91606
211,2020-06-25,32800,32000,44736
212,2020-06-26,32250,32300,33544
213,2020-06-29,32100,30950,66103
214,2020-06-30,31450,31450,35395
215,2020-07-01,31950,31350,26667
216,2020-07-02,31800,32900,73622
217,2020-07-03,33300,32700,36476
218,2020-07-06,32800,34000,117100
219,2020-07-07,34150,33200,167449
220,2020-07-08,33000,31950,91840
221,2020-07-09,31900,32300,34368
222,2020-07-10,32750,31950,46267
223,2020-07-13,31900,31900,38811
224,2020-07-14,31700,31600,38347
225,2020-07-15,31550,31900,30133
226,2020-07-16,31800,31600,30788
227,2020-07-17,31400,31650,19664
228,2020-07-20,31450,31100,56191
229,2020-07-21,31150,31950,67984
230,2020-07-22,32100,32600,55576
231,2020-07-23,32550,32750,50635
232,2020-07-24,35050,32750,170433
233,2020-07-27,32550,32400,34385
234,2020-07-28,32450,32350,27807
235,2020-07-29,32850,32700,20628
236,2020-07-30,32800,32800,38240
237,2020-07-31,32800,32400,23664
238,2020-08-03,32950,32600,24735
239,2020-08-04,32500,33050,33669
240,2020-08-05,33100,33650,65956
241,2020-08-06,33600,33550,35965
242,2020-08-07,33850,33750,79703
243,2020-08-10,34050,33550,42006
244,2020-08-11,33700,33850,50844
245,2020-08-12,33550,33550,47566
246,2020-08-13,33850,34150,93372
247,2020-08-14,34400,33750,63576
248,2020-08-18,33750,32250,79863
249,2020-08-19,32150,33900,74613
250,2020-08-20,33900,31900,72942
251,2020-08-21,32300,32300,31525
252,2020-08-24,32300,33050,33322
253,2020-08-25,33100,33850,70493
254,2020-08-26,34100,33900,60533
255,2020-08-27,34200,33350,55422
256,2020-08-28,33450,34150,126574
257,2020-08-31,34450,34100,83726
258,2020-09-01,34350,35800,153867
259,2020-09-02,35800,34900,107066
260,2020-09-03,35450,35300,85626
261,2020-09-04,33800,34450,77804
262,2020-09-07,34450,34200,50221
263,2020-09-08,34450,34050,45469
264,2020-09-09,33700,33250,73328
265,2020-09-10,33450,33200,46667
266,2020-09-11,33000,33850,189975
267,2020-09-14,34150,33900,52267
268,2020-09-15,34050,33900,40060
269,2020-09-16,33850,33850,34033
270,2020-09-17,34050,32750,75876
271,2020-09-18,33000,32650,34925
272,2020-09-21,32600,31750,66180
273,2020-09-22,31950,30800,68052
274,2020-09-23,31000,31200,65042
275,2020-09-24,30500,30000,68579
276,2020-09-25,30000,29700,29987
277,2020-09-28,30000,30500,21318
278,2020-09-29,30550,30500,21793
279,2020-10-05,30600,31500,25893
280,2020-10-06,31600,31300,24647
281,2020-10-07,31000,32350,36909
282,2020-10-08,32100,31800,47099
283,2020-10-12,31850,31600,21393
284,2020-10-13,31650,31500,17198
285,2020-10-14,31800,31250,19388
286,2020-10-15,31250,30900,33787
287,2020-10-16,30550,30450,29443
288,2020-10-19,30900,30550,19795
289,2020-10-20,30500,30900,19782
290,2020-10-21,30900,30800,21273
291,2020-10-22,30800,30000,45862
292,2020-10-23,30050,30000,15940
293,2020-10-26,29850,29050,32460
294,2020-10-27,28550,28600,51949
295,2020-10-28,28700,29000,32770
296,2020-10-29,28100,28750,37103
297,2020-10-30,28800,28100,25469
298,2020-11-02,28300,28300,19991
299,2020-11-03,28300,29000,30693
