,date,close,diff,open,high,low,volume
448,2008-06-09,16450,550,16650,16750,16050,56021
447,2008-06-10,16400,50,16250,16600,16250,16310
446,2008-06-11,17000,600,16500,17100,16500,15040
445,2008-06-12,16750,250,16900,17050,16550,24280
444,2008-06-13,16900,150,16800,16900,16300,13300
440,2008-06-16,16700,200,17000,17000,16550,6990
439,2008-06-17,16200,500,16700,16700,16050,23354
438,2008-06-18,16200,0,16100,16350,16000,7420
437,2008-06-19,15550,650,16150,16150,15450,18370
436,2008-06-20,15450,100,15600,15750,15450,6861
433,2008-06-23,15950,500,15150,16000,15150,11670
432,2008-06-24,15400,550,16000,16000,15200,22376
431,2008-06-25,15150,250,15600,15700,15150,18389
430,2008-06-26,14900,250,15250,15250,14600,133242
429,2008-06-27,14900,0,14600,14900,13800,180720
425,2008-06-30,14700,200,14850,15050,14500,58690
424,2008-07-01,14200,500,14550,14700,13950,24691
423,2008-07-02,13300,900,14100,14200,13300,16904
422,2008-07-03,13400,100,13300,13700,13050,19111
421,2008-07-04,13600,200,13650,13850,13250,23950
418,2008-07-07,13450,150,13600,13600,13150,13631
417,2008-07-08,12900,550,13100,13200,11700,100911
416,2008-07-09,13200,300,12950,13200,12650,12030
415,2008-07-10,13350,150,13000,13950,12700,18540
414,2008-07-11,14000,650,13100,14000,12950,23900
410,2008-07-14,14700,700,14000,14700,13850,57944
409,2008-07-15,14400,300,14800,15250,14000,100130
408,2008-07-16,14600,200,14450,15200,13750,84000
407,2008-07-17,15050,450,14850,15050,14500,38175
406,2008-07-18,14750,300,15300,15700,14500,59235
403,2008-07-21,16950,2200,16950,16950,16950,4570
402,2008-07-22,17650,700,18000,18000,17600,531960
401,2008-07-23,17700,50,17700,17750,17650,193460
400,2008-07-24,17750,50,17700,17800,17700,73443
399,2008-07-25,17700,50,17700,17750,17700,34551
395,2008-07-28,17750,50,17700,17750,17700,50360
394,2008-07-29,17700,50,17700,17800,17700,26903
393,2008-07-30,17750,50,17750,17800,17700,22051
392,2008-07-31,17750,0,17750,17850,17700,32380
391,2008-08-01,17750,0,17700,17800,17700,47340
388,2008-08-04,17750,0,17750,17800,17700,42681
387,2008-08-05,17800,50,17800,17800,17700,27640
386,2008-08-06,17800,0,17750,17800,17750,25833
385,2008-08-07,17650,150,17750,17850,17650,34683
384,2008-08-08,16250,1400,17650,17650,16250,22120
380,2008-08-11,17800,1550,16800,17900,16300,35960
379,2008-08-12,17000,800,17350,17500,16800,8420
378,2008-08-13,17150,150,16850,17700,16850,11050
377,2008-08-14,17150,0,17150,17200,17150,6040
376,2008-08-18,17500,350,17150,17800,17150,20890
373,2008-08-19,17300,200,17400,17600,17250,3480
372,2008-08-20,16800,500,17250,17600,16800,4310
371,2008-08-21,16200,600,16900,16950,16200,4721
370,2008-08-22,15950,250,16500,17100,15950,4020
369,2008-08-25,15850,100,16800,16800,15850,10420
365,2008-08-26,16500,650,16200,17800,15500,11800
364,2008-08-27,16000,500,16550,17500,16000,11388
363,2008-08-28,15200,800,16100,16250,14800,15630
362,2008-08-29,15350,150,15200,15350,15000,5080
361,2008-09-01,15000,350,15600,15600,14800,6051
358,2008-09-02,15000,0,14800,15200,14800,6038
357,2008-09-03,15900,900,15000,15900,14700,5866
356,2008-09-04,15400,500,15300,16200,15300,2720
355,2008-09-05,14300,1100,15600,15800,14300,7748
354,2008-09-08,14500,200,14900,14900,14250,9860
350,2008-09-09,14100,400,14600,14600,14100,7442
349,2008-09-10,14400,300,14350,14400,13750,4738
348,2008-09-11,14050,350,14200,14300,13600,17830
347,2008-09-12,14650,600,14250,14650,13900,6800
346,2008-09-16,13200,1450,12600,14300,12600,13441
343,2008-09-17,13800,600,13550,13800,13450,5691
342,2008-09-18,13500,300,13750,13750,13100,3641
341,2008-09-19,13800,300,13750,14150,13750,7151
340,2008-09-22,13700,100,14300,14300,13700,3210
339,2008-09-23,13750,50,13950,14200,13750,5010
335,2008-09-24,14100,350,13900,14400,13750,7460
334,2008-09-25,14200,100,14400,14400,13950,2481
333,2008-09-26,14200,0,14200,14550,14200,2170
332,2008-09-29,14800,600,14650,15000,14300,8991
331,2008-09-30,14500,300,14300,14550,13650,4940
328,2008-10-01,13950,550,14250,14400,13900,3123
327,2008-10-02,14000,50,14400,14450,13700,2510
326,2008-10-06,13000,1000,13950,13950,12800,5111
325,2008-10-07,13000,0,13100,13400,12550,4169
324,2008-10-08,12600,400,12400,13050,12400,3100
320,2008-10-09,12350,250,12900,12900,12000,4900
319,2008-10-10,10500,1850,12050,12050,10500,15719
318,2008-10-13,11350,850,10550,11350,10500,7320
317,2008-10-14,12350,1000,11950,12350,11800,5980
316,2008-10-15,11900,450,12350,12400,11450,7541
313,2008-10-16,11000,900,11000,11550,10500,9998
312,2008-10-17,12650,1650,11500,12650,10650,11004
311,2008-10-20,14300,1650,12550,14350,12550,13591
310,2008-10-21,13400,900,15300,15300,13300,8993
309,2008-10-22,14000,600,13300,14500,12700,10055
305,2008-10-23,12550,1450,13900,13950,12050,5940
304,2008-10-24,10750,1800,12450,13250,10750,13079
303,2008-10-27,9430,1320,11250,11450,9150,9485
302,2008-10-28,8980,450,9160,9370,8060,13942
301,2008-10-29,7790,1190,9450,9600,7640,19604
298,2008-10-30,8750,960,8590,8800,8040,13743
297,2008-10-31,9430,680,9000,9790,8700,28110
296,2008-11-03,9940,510,10000,10000,9340,7716
295,2008-11-04,10600,660,9940,10600,9740,11160
294,2008-11-05,10750,150,10850,11250,10350,11960
290,2008-11-06,10300,450,10550,10700,9580,7021
289,2008-11-07,10400,100,9600,10650,9350,7860
288,2008-11-10,10700,300,10300,10950,10050,6600
287,2008-11-11,11100,400,10950,11100,10300,4909
286,2008-11-12,12750,1650,11000,12750,10500,13240
283,2008-11-13,13450,700,12350,13900,12350,24220
282,2008-11-14,12450,1000,14800,14800,12450,16194
281,2008-11-17,11100,1350,12850,12850,11100,12363
280,2008-11-18,10100,1000,10800,11050,10000,10502
279,2008-11-19,9630,470,10100,10100,9620,8739
275,2008-11-20,8770,860,9010,9250,8720,7132
274,2008-11-21,9570,800,8710,9880,8010,5069
273,2008-11-24,9200,370,9200,10000,8900,6221
272,2008-11-25,9000,200,9330,9880,9000,6870
271,2008-11-26,9500,500,8610,10300,8610,8457
268,2008-11-27,9900,400,10200,10200,9620,4340
267,2008-11-28,9990,90,10300,10400,9900,6740
266,2008-12-01,11450,1460,11450,11450,10950,12798
265,2008-12-02,10850,600,11400,12900,10550,23638
264,2008-12-03,10650,200,10900,11050,10550,10508
260,2008-12-04,10850,200,11000,12100,10600,14965
259,2008-12-05,11100,250,11350,11600,11000,6490
258,2008-12-08,11900,800,11700,12500,11100,8025
257,2008-12-09,12200,300,12200,12350,11800,6340
256,2008-12-10,13100,900,12750,13400,12300,8932
253,2008-12-11,12200,900,12800,13700,12200,31443
252,2008-12-12,11450,750,12150,12250,11450,13166
251,2008-12-15,12150,700,11900,12600,11900,6290
250,2008-12-16,11800,350,11850,12300,11750,10140
249,2008-12-17,11950,150,12100,12300,11500,8320
245,2008-12-18,10900,1050,12200,12200,10900,32900
244,2008-12-19,11100,200,10900,11300,10900,14540
243,2008-12-22,11550,450,11100,11550,11100,11570
242,2008-12-23,11200,350,11800,11800,11200,7730
241,2008-12-24,10950,250,11200,11350,10800,4135
238,2008-12-26,10650,300,11100,11100,10450,11085
237,2008-12-29,10350,300,10350,10650,10150,2928
236,2008-12-30,10550,200,10150,11100,10150,11343
235,2009-01-02,10750,200,10650,10900,10500,3230
234,2009-01-05,10600,150,11000,11050,10600,8672
230,2009-01-06,11200,600,10800,11200,10650,9000
229,2009-01-07,11350,150,11250,11400,10900,9080
228,2009-01-08,10750,600,11150,11150,10700,17100
227,2009-01-09,10550,200,10800,11100,10550,9550
226,2009-01-12,10450,100,10500,10700,10450,4380
223,2009-01-13,10650,200,10450,10650,10150,8410
222,2009-01-14,10700,50,10550,10850,10400,4769
221,2009-01-15,10000,700,10500,10500,10000,11580
220,2009-01-16,9970,30,10000,10150,9760,13472
219,2009-01-19,10150,180,10200,10400,10050,5499
215,2009-01-20,9900,250,10100,10250,9870,4810
214,2009-01-21,9300,600,9450,9700,9250,12400
213,2009-01-22,9500,200,9450,9610,9400,7940
212,2009-01-23,9360,140,9400,9590,9350,6425
211,2009-01-28,9580,220,9380,9730,9380,10340
208,2009-01-29,9420,160,9560,9660,9410,11257
207,2009-01-30,9400,20,9390,9550,9380,8382
206,2009-02-02,9390,10,9400,9470,9250,7559
205,2009-02-03,9460,70,9310,9540,9300,7579
204,2009-02-04,9650,190,9540,9700,9510,10499
200,2009-02-05,9570,80,9560,9830,9550,7210
199,2009-02-06,9610,40,9610,9780,9520,8941
198,2009-02-09,9620,10,9620,9730,9620,7730
197,2009-02-10,9510,110,9580,9730,9500,6841
196,2009-02-11,9300,210,9380,9380,9260,7321
193,2009-02-12,9130,170,9320,9460,9130,11049
192,2009-02-13,9220,90,9190,9340,9100,9355
191,2009-02-16,9100,120,9070,9260,9070,6970
190,2009-02-17,8660,440,9180,9180,8600,9430
189,2009-02-18,8500,160,8520,8550,8310,6917
185,2009-02-19,8550,50,8450,8770,8450,5300
184,2009-02-20,8250,300,8510,8510,8200,5560
183,2009-02-23,8290,40,8440,8440,8130,3585
182,2009-02-24,8000,290,8180,8280,7910,5642
181,2009-02-25,7820,180,8090,8130,7820,11551
178,2009-02-26,7700,120,7810,8090,7600,10000
177,2009-02-27,7560,140,7540,7840,7530,16342
176,2009-03-02,7160,400,7610,7610,7100,13657
175,2009-03-03,7090,70,7150,7150,6850,7222
174,2009-03-04,7380,290,7090,7380,6920,15724
170,2009-03-05,7270,110,7430,7490,7270,15160
169,2009-03-06,7160,110,7260,7270,7050,8924
168,2009-03-09,7290,130,7390,7390,7150,7281
167,2009-03-10,7340,50,7280,7390,7200,22913
166,2009-03-11,7760,420,7450,7990,7450,34375
163,2009-03-12,7960,200,7760,8090,7680,25832
162,2009-03-13,8360,400,8060,9100,7980,38440
161,2009-03-16,8500,140,8700,8800,8410,16910
160,2009-03-17,8450,50,8680,8680,8340,13480
159,2009-03-18,8820,370,8650,8830,8410,18430
155,2009-03-19,8860,40,8830,9010,8750,14560
154,2009-03-20,9090,230,9040,9090,8850,12930
153,2009-03-23,9150,60,9190,9300,9070,9830
152,2009-03-24,8920,230,9170,9190,8910,12081
151,2009-03-25,9100,180,8920,9100,8750,10896
148,2009-03-26,9100,0,9100,9120,8930,8190
147,2009-03-27,9130,30,9120,9180,9000,8880
146,2009-03-30,8730,400,9000,9250,8730,8300
145,2009-03-31,8770,40,8640,8940,8640,7940
144,2009-04-01,9250,480,8800,9620,8730,22750
140,2009-04-02,9690,440,9350,9920,9350,20230
139,2009-04-03,9600,90,9790,9790,9450,12739
138,2009-04-06,10000,400,9600,10200,9600,16792
137,2009-04-07,10800,800,10100,11200,10050,24020
136,2009-04-08,10400,400,11100,11100,10200,11721
133,2009-04-09,11050,650,10750,11050,10450,22127
132,2009-04-10,10950,100,11200,11450,10600,18810
131,2009-04-13,11000,50,11300,11300,10500,15155
130,2009-04-14,10800,200,11400,11400,10700,9319
129,2009-04-15,10850,50,10550,10850,10400,18200
125,2009-04-16,11000,150,11400,11500,10850,13660
124,2009-04-17,11000,0,11100,11450,10500,20380
123,2009-04-20,10800,200,10750,11150,10400,8640
122,2009-04-21,10750,50,10750,10950,10500,7610
121,2009-04-22,10650,100,10900,11000,10650,7989
118,2009-04-23,10600,50,10850,10950,10450,8127
117,2009-04-24,10500,100,10500,10850,10250,6660
116,2009-04-27,10600,100,10600,10700,10300,11600
115,2009-04-28,10900,300,10650,11350,10650,14985
114,2009-04-29,11500,600,12000,12350,11200,29090
110,2009-04-30,11950,450,11600,12550,11550,18691
109,2009-05-04,12250,300,12500,12900,11700,9950
108,2009-05-06,11850,400,12200,12200,11650,10042
107,2009-05-07,12050,200,12200,12200,11500,10870
106,2009-05-08,11600,450,12350,12350,11450,17913
103,2009-05-11,11800,200,11500,11900,11450,9669
102,2009-05-12,11700,100,11850,11850,11400,9080
101,2009-05-13,13450,1750,13300,13450,13100,41660
100,2009-05-14,15450,2000,15450,15450,15450,10834
99,2009-05-15,17750,2300,17200,17750,16450,220186
95,2009-05-18,16500,1250,19150,20400,16450,366202
94,2009-05-19,16000,500,16400,16500,15600,153902
93,2009-05-20,15900,100,15700,16800,15250,124957
92,2009-05-21,15750,150,16100,16100,15200,74507
91,2009-05-22,14600,1150,15700,16150,14600,74555
88,2009-05-25,16750,2150,14900,16750,13550,230734
87,2009-05-26,15150,1600,17900,19000,15000,280288
86,2009-05-27,14050,1100,15550,15800,14000,71269
85,2009-05-28,13200,850,14300,14300,12500,60713
84,2009-05-29,13500,300,13100,14350,13100,46100
80,2009-06-01,13600,100,13550,13850,13500,19760
79,2009-06-02,13900,300,13950,14400,13750,54079
78,2009-06-03,13700,200,13900,14500,13550,28761
77,2009-06-04,13100,600,13750,13900,13100,27529
76,2009-06-05,12750,350,13300,13300,12550,28437
73,2009-06-08,12650,100,12600,13250,12600,21582
72,2009-06-09,12300,350,12850,12950,12200,17213
71,2009-06-10,12700,400,12150,13150,12150,29077
70,2009-06-11,12350,350,12900,13000,12300,60431
69,2009-06-12,12700,350,12500,12700,12350,28326
65,2009-06-15,12350,350,12900,12900,12300,14498
64,2009-06-16,12200,150,12300,12400,12100,12022
63,2009-06-17,11850,350,12100,12300,11600,35784
62,2009-06-18,11550,300,11850,12100,11550,25718
61,2009-06-19,12200,650,11650,12550,11650,53800
58,2009-06-22,12600,400,12300,12700,12050,43549
57,2009-06-23,11800,800,12150,12600,11550,67773
56,2009-06-24,11500,300,12000,12100,11300,13736
55,2009-06-25,11650,150,11400,11900,11400,7566
54,2009-06-26,11750,100,11700,11800,11350,10292
50,2009-06-29,11150,600,11850,11850,11150,10328
49,2009-06-30,10800,350,11200,11600,10800,21528
48,2009-07-01,11400,600,10500,11400,10500,13176
47,2009-07-02,11950,550,11400,11950,11400,17960
46,2009-07-03,12150,200,11550,12150,11500,13600
43,2009-07-06,11900,250,12150,12150,11850,4625
42,2009-07-07,11700,200,11900,12000,11500,9302
41,2009-07-08,11650,50,11650,11650,11400,3750
40,2009-07-09,11800,150,11700,11800,11350,6820
39,2009-07-10,11750,50,11750,11900,11500,5010
35,2009-07-13,11700,50,11750,11750,11350,7440
34,2009-07-14,12300,600,11600,13150,11600,94937
33,2009-07-15,12050,250,12400,12850,11800,24777
32,2009-07-16,11600,450,12200,12200,11600,24163
31,2009-07-17,11650,50,11650,11800,11600,6630
28,2009-07-20,11850,200,11650,11900,11600,6504
27,2009-07-21,11850,0,12000,12000,11700,7080
26,2009-07-22,11650,200,12000,12000,11600,14051
25,2009-07-23,11750,100,11700,11800,11600,5260
24,2009-07-24,12300,550,11850,12400,11700,28040
20,2009-07-27,12550,250,12250,12800,12050,24160
19,2009-07-28,12400,150,12500,12550,12300,10490
18,2009-07-29,12950,550,12300,13000,12000,47705
17,2009-07-30,12950,0,0,0,0,0
16,2009-07-31,12950,0,0,0,0,0
13,2009-08-03,12950,0,0,0,0,0
12,2009-08-04,12950,0,0,0,0,0
11,2009-08-05,12950,0,0,0,0,0
10,2009-08-06,12950,0,0,0,0,0
9,2009-08-07,12950,0,0,0,0,0
5,2009-08-10,12950,0,0,0,0,0
4,2009-08-11,12950,0,0,0,0,0
3,2009-08-12,12950,0,0,0,0,0
2,2009-08-13,12950,0,0,0,0,0
