,date,close,diff,open,high,low,volume
448,2008-02-05,540,5,540,550,515,119300
447,2008-02-11,515,25,555,555,500,224410
446,2008-02-12,520,5,530,535,510,211610
445,2008-02-13,520,0,530,530,510,131070
444,2008-02-14,515,5,520,520,500,298700
440,2008-02-15,530,15,510,535,505,198640
439,2008-02-18,565,35,535,590,530,274450
438,2008-02-19,535,30,560,570,535,182962
437,2008-02-20,545,10,530,555,530,140550
436,2008-02-21,525,20,550,560,525,124100
433,2008-02-22,515,10,525,525,505,134730
432,2008-02-25,510,5,475,520,470,610790
431,2008-02-26,530,20,515,530,500,376340
430,2008-02-27,590,60,530,590,520,567630
429,2008-02-28,590,0,590,590,590,0
425,2008-02-29,590,0,590,590,590,0
424,2008-03-03,590,0,590,590,590,0
423,2008-03-04,590,0,590,590,590,0
422,2008-03-05,590,0,590,590,590,0
421,2008-03-06,590,0,590,590,590,0
418,2008-03-07,590,0,590,590,590,0
417,2008-03-10,590,0,590,590,590,0
416,2008-03-11,590,0,590,590,590,0
415,2008-03-12,590,0,590,590,590,0
414,2008-03-13,590,0,590,590,590,0
410,2008-03-14,590,0,590,590,590,0
409,2008-03-17,590,0,590,590,590,0
408,2008-03-18,590,0,590,590,590,0
407,2008-03-19,590,0,590,590,590,0
406,2008-03-20,590,0,590,590,590,0
403,2008-03-21,590,0,590,590,590,0
402,2008-03-24,590,0,590,590,590,0
401,2008-03-25,590,0,590,590,590,0
400,2008-03-26,590,0,590,590,590,0
399,2008-03-27,590,0,590,590,590,0
395,2008-03-28,590,0,590,590,590,0
394,2008-03-31,7560,1660,8890,8890,7560,57674
393,2008-04-01,6430,1130,6430,6430,6430,4196
392,2008-04-02,5470,960,5660,6000,5470,587493
391,2008-04-03,5410,60,5600,5730,5190,171416
388,2008-04-04,5280,130,5410,5500,5040,125158
387,2008-04-07,5150,130,5310,5370,5000,48552
386,2008-04-08,5050,100,5150,5150,5000,67358
385,2008-04-10,4925,125,5050,5050,4855,47013
384,2008-04-11,4900,25,4880,5280,4880,77453
380,2008-04-14,4820,80,4880,4990,4600,55891
379,2008-04-15,4600,220,4790,4790,4330,110441
378,2008-04-16,4570,30,4590,4725,4400,45019
377,2008-04-17,4460,110,4510,4600,4425,40918
376,2008-04-18,4455,5,4415,4560,4390,27989
373,2008-04-21,4450,5,4500,4685,4435,49545
372,2008-04-22,4455,5,4560,4560,4435,11875
371,2008-04-23,4300,155,4445,4490,4300,47358
370,2008-04-24,4280,20,4340,4590,4280,32616
369,2008-04-25,4045,235,4380,4380,3810,32841
365,2008-04-28,3960,85,4005,4045,3750,47600
364,2008-04-29,3605,355,3950,3950,3605,47103
363,2008-04-30,3825,220,3620,4050,3610,35572
362,2008-05-02,3765,60,3825,3900,3710,13560
361,2008-05-06,3840,75,3720,3995,3710,9610
358,2008-05-07,3750,90,3900,3900,3500,26840
357,2008-05-08,3550,200,3730,3730,3510,24978
356,2008-05-09,3630,80,3550,3700,3550,10760
355,2008-05-13,3510,120,3550,3600,3500,18696
354,2008-05-14,3540,30,3515,3690,3465,8360
350,2008-05-15,3450,90,3515,3940,3450,26877
349,2008-05-16,3480,30,3450,3655,3400,5871
348,2008-05-19,3355,125,3430,3580,3340,31180
347,2008-05-20,3355,0,3355,3470,3310,8350
346,2008-05-21,3120,235,3310,3350,3100,28218
343,2008-05-22,2995,125,3230,3230,2910,28252
342,2008-05-23,3075,80,2995,3080,2930,12550
341,2008-05-26,3020,55,3010,3030,2825,20415
340,2008-05-27,2960,60,3090,3090,2950,7325
339,2008-05-28,3000,40,2900,3090,2900,8980
335,2008-05-29,3190,190,3085,3300,2950,27321
334,2008-05-30,3010,180,3065,3190,2900,14700
333,2008-06-02,2985,25,3080,3080,2900,15273
332,2008-06-03,2815,170,2890,2970,2815,13092
331,2008-06-04,2765,50,2830,2830,2710,19884
328,2008-06-05,3175,410,2745,3175,2745,86508
327,2008-06-09,3490,315,3495,3635,3180,279908
326,2008-06-10,3265,225,3490,3515,3180,66520
325,2008-06-11,3205,60,3110,3460,3010,35384
324,2008-06-12,3065,140,3050,3300,3000,37291
320,2008-06-13,3045,20,3070,3200,2905,49060
319,2008-06-16,2920,125,3015,3050,2850,30000
318,2008-06-17,2890,30,2920,2960,2750,21180
317,2008-06-18,3320,430,2990,3320,2890,52311
316,2008-06-19,3815,495,3815,3815,3815,22380
313,2008-06-20,4170,355,4385,4385,3700,260505
312,2008-06-23,3675,495,3950,4145,3670,49662
311,2008-06-24,3895,220,3850,4195,3505,31465
310,2008-06-25,3830,65,3870,3955,3600,21044
309,2008-06-26,3900,70,4295,4295,3850,16370
305,2008-06-27,3350,550,3700,3900,3315,125365
304,2008-06-30,3355,5,3455,3455,3285,19050
303,2008-07-01,3340,15,3230,3400,3150,21240
302,2008-07-02,3070,270,3340,3340,3000,15550
301,2008-07-03,2855,215,3000,3000,2755,15032
298,2008-07-04,2910,55,2855,3000,2805,10690
297,2008-07-07,3100,190,3250,3250,2930,6577
296,2008-07-08,2900,200,3100,3100,2800,9880
295,2008-07-09,2890,10,3000,3000,2770,13810
294,2008-07-10,2770,120,2890,2890,2710,7435
290,2008-07-11,2730,40,2700,2810,2700,22266
289,2008-07-14,2730,0,3000,3000,2700,17557
288,2008-07-15,2725,5,2770,2800,2685,15190
287,2008-07-16,2710,15,2680,2755,2600,31840
286,2008-07-17,2710,0,2880,2880,2650,36100
283,2008-07-18,2710,0,2715,2780,2510,33980
282,2008-07-21,2700,10,2620,2730,2535,42701
281,2008-07-22,2620,80,2695,2700,2550,75379
280,2008-07-23,2630,10,2770,2770,2620,31337
279,2008-07-24,2630,0,2635,2845,2590,42251
275,2008-07-25,2605,25,2620,2675,2600,44951
274,2008-07-28,2610,5,2590,2675,2590,28540
273,2008-07-29,2530,80,2610,2610,2530,23960
272,2008-07-30,2495,35,2440,2630,2440,49980
271,2008-07-31,2600,105,2495,2625,2495,18250
268,2008-08-01,2630,30,2640,2900,2555,21022
267,2008-08-04,2600,30,2550,2700,2500,15340
266,2008-08-05,2550,50,2690,2690,2440,19830
265,2008-08-06,2445,105,2600,2600,2425,16805
264,2008-08-07,2390,55,2360,2495,2350,11785
260,2008-08-08,2060,330,2390,2410,2060,148481
259,2008-08-11,1755,305,2075,2160,1755,183970
258,2008-08-12,1495,260,1495,1525,1495,829458
257,2008-08-13,1470,25,1490,1615,1425,1530288
256,2008-08-14,1690,220,1475,1690,1475,564500
253,2008-08-18,1730,40,1640,1915,1605,1223930
252,2008-08-19,1730,0,1760,1920,1650,709601
251,2008-08-20,1480,250,1790,1790,1475,591767
250,2008-08-21,1260,220,1480,1530,1260,551862
249,2008-08-22,1150,110,1300,1300,1075,267862
245,2008-08-25,1100,50,1100,1205,1100,134160
244,2008-08-26,1125,25,1055,1140,1020,89048
243,2008-08-27,1050,75,1075,1135,1050,111546
242,2008-08-28,1055,5,1035,1090,1030,100016
241,2008-08-29,1120,65,1030,1210,1030,202308
238,2008-09-01,1285,165,1090,1285,1090,140969
237,2008-09-02,1475,190,1475,1475,1400,181303
236,2008-09-03,1430,45,1480,1675,1340,870219
235,2008-09-04,1350,80,1405,1420,1255,558652
234,2008-09-05,1330,20,1280,1430,1265,238982
230,2008-09-08,1345,15,1360,1385,1285,262770
229,2008-09-09,1145,200,1200,1270,1145,234940
228,2008-09-10,1315,170,1050,1315,1020,659649
227,2008-09-11,1405,90,1360,1510,1345,548696
226,2008-09-12,1615,210,1425,1615,1410,363347
223,2008-09-16,1855,240,1620,1855,1600,481434
222,2008-09-17,2130,275,2130,2130,2050,461371
221,2008-09-18,2085,45,2300,2445,1900,2705238
220,2008-09-19,1775,310,2130,2245,1775,2530612
219,2008-09-22,1510,265,1510,1710,1510,1239825
215,2008-09-23,1285,225,1340,1375,1285,1421484
214,2008-09-24,1245,40,1160,1340,1155,2297361
213,2008-09-25,1230,15,1260,1290,1170,922910
212,2008-09-26,1050,180,1260,1260,1050,1553791
211,2008-09-29,975,75,1055,1070,950,976471
208,2008-09-30,905,70,895,905,830,638502
207,2008-10-01,905,0,905,905,905,0
206,2008-10-02,1040,135,905,1040,885,1016154
205,2008-10-06,1195,155,1110,1195,1090,713796
204,2008-10-07,1040,155,1250,1310,1020,2400687
200,2008-10-08,965,75,960,1195,940,2203411
199,2008-10-09,930,35,940,1070,900,1133391
198,2008-10-10,845,85,930,1000,795,446175
197,2008-10-13,900,55,920,950,845,623399
196,2008-10-14,1015,115,950,1035,920,716496
193,2008-10-15,925,90,1020,1020,920,606680
192,2008-10-16,790,135,820,870,790,668683
191,2008-10-17,675,115,780,785,675,813910
190,2008-10-20,575,100,575,595,575,234661
189,2008-10-21,565,10,535,620,505,1112602
185,2008-10-22,515,50,580,595,485,466870
184,2008-10-23,440,75,490,490,440,286630
183,2008-10-24,375,65,395,435,375,502640
182,2008-10-27,320,55,320,345,320,378045
181,2008-10-28,300,20,280,340,275,865510
178,2008-10-29,320,20,310,345,290,639751
177,2008-10-30,365,45,345,365,315,331344
176,2008-10-31,325,40,370,385,315,1013789
175,2008-11-03,370,45,325,370,320,789570
174,2008-11-04,425,55,410,425,380,208671
170,2008-11-05,485,60,465,485,465,102880
169,2008-11-06,555,70,530,555,520,724368
168,2008-11-07,555,0,555,555,555,0
167,2008-11-10,555,0,555,555,555,0
166,2008-11-11,555,0,555,555,555,0
163,2008-11-12,555,0,555,555,555,0
162,2008-11-13,555,0,555,555,555,0
161,2008-11-14,555,0,555,555,555,0
160,2008-11-17,555,0,555,555,555,0
159,2008-11-18,555,0,555,555,555,0
155,2008-11-19,555,0,555,555,555,0
154,2008-11-20,555,0,555,555,555,0
153,2008-11-21,555,0,555,555,555,0
152,2008-11-24,555,0,555,555,555,0
151,2008-11-25,555,0,555,555,555,0
148,2008-11-26,555,0,555,555,555,0
147,2008-11-27,555,0,555,555,555,0
146,2008-11-28,555,0,555,555,555,0
145,2008-12-01,555,0,555,555,555,0
144,2008-12-02,555,0,555,555,555,0
140,2008-12-03,555,0,555,555,555,0
139,2008-12-04,555,0,555,555,555,0
138,2008-12-05,555,0,555,555,555,0
137,2008-12-08,555,0,555,555,555,0
136,2008-12-09,555,0,555,555,555,0
133,2008-12-10,555,0,555,555,555,0
132,2008-12-11,555,0,555,555,555,0
131,2008-12-12,555,0,555,555,555,0
130,2008-12-15,555,0,555,555,555,0
129,2008-12-16,555,0,555,555,555,0
125,2008-12-17,555,0,555,555,555,0
124,2008-12-18,555,0,555,555,555,0
123,2008-12-19,555,0,555,555,555,0
122,2008-12-22,555,0,555,555,555,0
121,2008-12-23,555,0,555,555,555,0
118,2008-12-24,555,0,555,555,555,0
117,2008-12-26,555,0,555,555,555,0
116,2008-12-29,555,0,555,555,555,0
115,2008-12-30,555,0,555,555,555,0
114,2009-01-02,555,0,555,555,555,0
110,2009-01-05,555,0,555,555,555,0
109,2009-01-06,555,0,555,555,555,0
108,2009-01-07,555,0,555,555,555,0
107,2009-01-08,555,0,555,555,555,0
106,2009-01-09,555,0,555,555,555,0
103,2009-01-12,555,0,555,555,555,0
102,2009-01-13,555,0,555,555,555,0
101,2009-01-14,555,0,555,555,555,0
100,2009-01-15,555,0,555,555,555,0
99,2009-01-16,555,0,555,555,555,0
95,2009-01-19,555,0,555,555,555,0
94,2009-01-20,555,0,555,555,555,0
93,2009-01-21,555,0,555,555,555,0
92,2009-01-22,555,0,555,555,555,0
91,2009-01-23,555,0,555,555,555,0
88,2009-01-28,555,0,555,555,555,0
87,2009-01-29,555,0,555,555,555,0
86,2009-01-30,555,0,555,555,555,0
85,2009-02-02,555,0,555,555,555,0
84,2009-02-03,555,0,555,555,555,0
80,2009-02-04,555,0,555,555,555,0
79,2009-02-05,555,0,555,555,555,0
78,2009-02-06,555,0,555,555,555,0
77,2009-02-09,555,0,555,555,555,0
76,2009-02-10,555,0,555,555,555,0
73,2009-02-11,555,0,555,555,555,0
72,2009-02-12,555,0,555,555,555,0
71,2009-02-13,555,0,555,555,555,0
70,2009-02-16,555,0,555,555,555,0
69,2009-02-17,555,0,555,555,555,0
65,2009-02-18,555,0,555,555,555,0
64,2009-02-19,555,0,555,555,555,0
63,2009-02-20,555,0,555,555,555,0
62,2009-02-23,555,0,555,555,555,0
61,2009-02-24,555,0,555,555,555,0
58,2009-02-25,555,0,555,555,555,0
57,2009-02-26,555,0,555,555,555,0
56,2009-02-27,555,0,555,555,555,0
55,2009-03-02,555,0,555,555,555,0
54,2009-03-03,555,0,555,555,555,0
50,2009-03-04,555,0,555,555,555,0
49,2009-03-05,555,0,555,555,555,0
48,2009-03-06,555,0,555,555,555,0
47,2009-03-09,555,0,555,555,555,0
46,2009-03-10,555,0,555,555,555,0
43,2009-03-11,555,0,555,555,555,0
42,2009-03-12,555,0,555,555,555,0
41,2009-03-13,555,0,555,555,555,0
40,2009-03-16,555,0,555,555,555,0
39,2009-03-17,555,0,555,555,555,0
35,2009-03-18,555,0,555,555,555,0
34,2009-03-19,555,0,555,555,555,0
33,2009-03-20,555,0,0,0,0,0
32,2009-03-23,555,0,0,0,0,0
31,2009-03-24,555,0,0,0,0,0
28,2009-03-25,555,0,0,0,0,0
27,2009-03-26,555,0,0,0,0,0
26,2009-03-27,555,0,0,0,0,0
25,2009-03-30,555,0,0,0,0,0
24,2009-03-31,555,0,0,0,0,0
20,2009-04-01,555,0,0,0,0,0
19,2009-04-02,555,0,0,0,0,0
18,2009-04-03,555,0,0,0,0,0
17,2009-04-06,555,0,0,0,0,0
16,2009-04-07,555,0,0,0,0,0
13,2009-04-08,555,0,0,0,0,0
12,2009-04-09,555,0,0,0,0,0
11,2009-04-10,555,0,0,0,0,0
10,2009-04-13,70,485,95,95,70,6035432
9,2009-04-14,50,20,65,65,50,2593986
5,2009-04-15,25,25,50,50,25,2542703
4,2009-04-16,20,5,35,35,20,2305574
3,2009-04-17,15,5,20,20,10,3131424
2,2009-04-20,5,10,15,15,5,4236299
