,date,close,diff,open,high,low,volume
448,2019-08-16,30750,400,30900,31050,30500,298803
447,2019-08-19,31900,1150,31000,32050,30950,265782
446,2019-08-20,31850,50,31650,32150,31400,260776
445,2019-08-21,31900,50,31850,32450,31800,222977
444,2019-08-22,32150,250,32100,32400,31800,242824
440,2019-08-23,31650,500,31600,31950,31300,212050
439,2019-08-26,31000,650,30900,31550,30900,167197
438,2019-08-27,31200,200,31400,31800,30950,366621
437,2019-08-28,31400,200,31200,31850,30950,287339
436,2019-08-29,31600,200,31350,31850,31250,189331
433,2019-08-30,32400,800,32000,32850,31800,382859
432,2019-09-02,31900,500,34000,34650,31850,262257
431,2019-09-03,31900,0,31950,32650,31750,239141
430,2019-09-04,31750,150,31650,32150,31350,311554
429,2019-09-05,32300,550,32000,32850,31950,340664
425,2019-09-06,32050,250,32300,33050,32050,331520
424,2019-09-09,32750,700,32100,33400,31850,379308
423,2019-09-10,33550,800,33200,33950,32600,462618
422,2019-09-11,33800,250,33950,34350,33700,459016
421,2019-09-16,35100,1300,34550,35500,34350,566826
418,2019-09-17,35000,100,34800,35250,34600,295123
417,2019-09-18,34250,750,34850,34900,34100,302111
416,2019-09-19,33600,650,34350,34400,33400,305756
415,2019-09-20,33800,200,34000,34000,33300,301162
414,2019-09-23,33500,300,33700,33950,33350,241975
410,2019-09-24,33600,100,33200,33750,33200,191031
409,2019-09-25,32550,1050,33400,33600,32350,306474
408,2019-09-26,32800,250,32750,33350,32550,210883
407,2019-09-27,32200,600,33000,33000,31850,298125
406,2019-09-30,33000,800,32200,33100,31800,214447
403,2019-10-01,32750,250,32650,33250,32500,228164
402,2019-10-02,32000,750,32950,32950,32000,284647
401,2019-10-04,31300,700,31800,32000,31000,317711
400,2019-10-07,31150,150,31100,31550,30950,231934
399,2019-10-08,31350,200,31200,31450,30950,279086
395,2019-10-10,30600,750,31050,31250,30350,594155
394,2019-10-11,30850,250,30950,31000,30450,419264
393,2019-10-14,31600,750,31200,31750,31000,280525
392,2019-10-15,31650,50,31550,32150,31450,232885
391,2019-10-16,31900,250,31800,32250,31650,199467
388,2019-10-17,31700,200,31900,32000,31550,205829
387,2019-10-18,32800,1100,32200,33400,32200,868849
386,2019-10-21,32050,750,32950,33200,32000,265679
385,2019-10-22,32400,350,32200,32800,31800,266271
384,2019-10-23,31900,500,32050,32300,31650,245193
380,2019-10-24,31600,300,31950,32000,31250,259711
379,2019-10-25,31100,500,31400,31550,30900,365055
378,2019-10-28,30950,150,31350,31450,30800,214787
377,2019-10-29,30550,400,31050,31200,30400,552402
376,2019-10-30,30850,300,30650,31150,30600,370608
373,2019-10-31,30900,50,30950,31250,30850,211499
372,2019-11-01,30700,200,30900,31000,30700,229459
371,2019-11-04,31650,950,31000,31700,30900,362600
370,2019-11-05,32750,1100,31650,32750,31600,421287
369,2019-11-06,32200,550,32800,32900,31850,322269
365,2019-11-07,32200,0,31850,32300,31700,224655
364,2019-11-08,32550,350,32250,32700,32150,225502
363,2019-11-11,32000,550,32600,32650,31900,144345
362,2019-11-12,32400,400,32000,32450,31850,194558
361,2019-11-13,32000,400,32250,32500,31850,175862
358,2019-11-14,31250,750,32000,32150,31150,353854
357,2019-11-15,32700,1450,31600,32950,31400,440805
356,2019-11-18,32450,250,32700,33100,32200,226789
355,2019-11-19,32200,250,32350,32600,31850,210003
354,2019-11-20,32000,200,32050,32200,31700,220216
350,2019-11-21,30950,1050,32050,32200,30750,388822
349,2019-11-22,31700,750,31050,31850,31050,216756
348,2019-11-25,31950,250,31750,32200,31550,232020
347,2019-11-26,31100,850,32000,32550,31100,665334
346,2019-11-27,30950,150,31450,31550,30800,283825
343,2019-11-28,30550,400,30900,31050,30400,365459
342,2019-11-29,30000,550,30850,30850,29950,433441
341,2019-12-02,29700,300,30200,30250,29450,327288
340,2019-12-03,30100,400,29450,30150,28950,271993
339,2019-12-04,30100,0,29900,30400,29650,239423
335,2019-12-05,30100,0,30100,30500,29800,276092
334,2019-12-06,30400,300,30250,30550,30000,242533
333,2019-12-09,30400,0,30400,30750,30400,174283
332,2019-12-10,30850,450,30350,31100,30350,266931
331,2019-12-11,31100,250,30800,31200,30550,233200
328,2019-12-12,31500,400,31200,31550,31000,536929
327,2019-12-13,32000,500,31750,32000,31650,343289
326,2019-12-16,31000,1000,32000,32000,30900,396277
325,2019-12-17,30950,50,31000,31150,30500,321958
324,2019-12-18,31100,150,30750,31250,30750,186322
320,2019-12-19,31450,350,31150,31500,31000,206828
319,2019-12-20,31750,300,31600,31750,31200,241631
318,2019-12-23,31900,150,31650,31950,31550,188996
317,2019-12-24,31650,250,31700,31950,31550,160040
316,2019-12-26,31900,250,31800,31900,31550,207228
313,2019-12-27,30900,1000,31500,31600,30800,390531
312,2019-12-30,31050,150,30900,31050,30750,196645
311,2020-01-02,30500,550,30900,31000,30500,221803
310,2020-01-03,30500,0,30600,30850,30350,195878
309,2020-01-06,29350,1150,30300,30450,29250,426737
305,2020-01-07,29250,100,29450,29600,29000,419123
304,2020-01-08,27650,1600,28950,29000,27550,913844
303,2020-01-09,28100,450,28200,28400,27850,588475
302,2020-01-10,28700,600,28200,28850,28050,339244
301,2020-01-13,29200,500,28700,29500,28500,361850
298,2020-01-14,29250,50,29350,29750,29200,268435
297,2020-01-15,30050,800,29250,30350,29250,527863
296,2020-01-16,29950,100,30000,30250,29800,233550
295,2020-01-17,30100,150,30000,30500,30000,295592
294,2020-01-20,30650,550,30100,30950,30000,423298
290,2020-01-21,30600,50,30650,31000,30200,280954
289,2020-01-22,30450,150,30750,30850,30350,226306
288,2020-01-23,30300,150,30200,30600,30000,267112
287,2020-01-28,29050,1250,29650,30150,28800,371547
286,2020-01-29,29250,200,29200,29650,28800,306349
283,2020-01-30,28850,400,29150,29550,28700,304409
282,2020-01-31,28000,850,29000,29300,28000,477827
281,2020-02-03,27900,100,27800,28300,27500,437023
280,2020-02-04,28550,650,27800,29000,27800,361755
279,2020-02-05,28850,300,29000,29200,28550,359297
275,2020-02-06,30300,1450,29300,30500,29250,530131
274,2020-02-07,30050,250,30250,30500,29800,207305
273,2020-02-10,30150,100,29600,30300,29550,209774
272,2020-02-11,30400,250,30250,30700,30050,229623
271,2020-02-12,30700,300,30100,30700,30050,282729
268,2020-02-13,29850,850,30650,30750,29850,428719
267,2020-02-14,29300,550,29850,29900,29050,410401
266,2020-02-17,29050,250,29350,29350,28550,294576
265,2020-02-18,28850,200,28950,29200,28750,237234
264,2020-02-19,28500,350,29050,29100,28450,293483
260,2020-02-20,28200,300,28550,29050,28150,413317
259,2020-02-21,27950,250,28100,28350,27550,480744
258,2020-02-24,26700,1250,27600,27750,26700,706434
257,2020-02-25,27350,650,26650,27500,26650,426134
256,2020-02-26,27200,150,27000,27750,26700,489129
253,2020-02-27,26900,300,27150,27450,26750,356716
252,2020-02-28,26250,650,26450,26650,25950,766579
251,2020-03-02,26000,250,26100,26650,25650,500613
250,2020-03-03,26500,500,26550,27100,26400,417696
249,2020-03-04,26850,350,26350,27100,26350,321104
245,2020-03-05,27850,1000,27100,28350,26800,511357
244,2020-03-06,26900,950,27450,27550,26650,379393
243,2020-03-09,24850,2050,26300,26300,24700,914767
242,2020-03-10,24700,150,24500,25000,24250,559665
241,2020-03-11,24100,600,24750,24850,23700,461702
238,2020-03-12,22150,1950,23700,23750,21800,1149867
237,2020-03-13,20750,1400,20000,21500,19200,1525797
236,2020-03-16,20350,400,20900,21450,20050,689020
235,2020-03-17,19700,650,18550,20350,18550,785447
234,2020-03-18,17650,2050,19850,20100,17650,755478
230,2020-03-19,15050,2600,17850,18100,14650,1851550
229,2020-03-20,17700,2650,15400,17700,15150,1108678
228,2020-03-23,15900,1800,15900,16950,15800,733315
227,2020-03-24,17350,1450,16500,17850,16000,781275
226,2020-03-25,18700,1350,18200,19200,17800,890296
223,2020-03-26,18300,400,18900,19400,18150,807210
222,2020-03-27,18450,150,19200,19400,17800,886352
221,2020-03-30,18950,500,17650,19050,17550,551668
220,2020-03-31,20500,1550,19300,21500,19300,1394932
219,2020-04-01,19150,1350,19950,20400,19150,736565
215,2020-04-02,20050,900,19150,20300,18700,833845
214,2020-04-03,19600,450,20200,20450,19200,807176
213,2020-04-06,20400,800,20000,20450,19800,645128
212,2020-04-07,20650,250,21100,21150,20250,776608
211,2020-04-08,21850,1200,20400,22200,20250,1069596
208,2020-04-09,22100,250,22250,22300,21750,712275
207,2020-04-10,22850,750,22100,22950,21900,689544
206,2020-04-13,22650,200,22850,23850,22500,750498
205,2020-04-14,23650,1000,23100,24300,22800,843169
204,2020-04-16,23500,150,23350,23900,22800,600166
200,2020-04-17,23700,200,23950,24400,23700,626140
199,2020-04-20,23950,250,23750,24700,23400,777856
198,2020-04-21,24200,250,24400,24650,23250,903203
197,2020-04-22,25100,900,23500,25100,23250,795451
196,2020-04-23,24850,250,25150,25150,24400,446193
193,2020-04-24,24100,750,24650,24700,23600,575395
192,2020-04-27,24500,400,24200,24700,24000,471505
191,2020-04-28,25300,800,25000,25300,24350,511985
190,2020-04-29,25300,0,25450,25700,25000,527881
189,2020-05-04,24350,950,24800,24900,24350,521965
185,2020-05-06,24800,450,24700,24800,24150,404917
184,2020-05-07,24850,50,24800,25200,24700,427112
183,2020-05-08,25050,200,25250,25500,24900,439412
182,2020-05-11,24550,500,24950,25100,24500,309407
181,2020-05-12,23850,700,24300,24600,23700,505282
178,2020-05-13,24350,500,23400,24350,23350,302687
177,2020-05-14,23700,650,23950,24200,23350,443952
176,2020-05-15,23800,100,23850,24050,23500,275697
175,2020-05-18,23850,50,24000,24050,23350,243682
174,2020-05-19,24950,1100,24200,25400,24200,713762
170,2020-05-20,25100,150,24950,25250,24600,347034
169,2020-05-21,24800,300,25100,25250,24600,316468
168,2020-05-22,24100,700,24900,24900,23950,335093
167,2020-05-25,24050,50,24350,24400,23900,235446
166,2020-05-26,27000,2950,24400,28250,24250,2922611
163,2020-05-27,28000,1000,27250,28250,27100,1391423
162,2020-05-28,27950,50,29250,29250,26850,1221963
161,2020-05-29,28550,600,27900,28850,27300,896125
160,2020-06-01,28700,150,28500,28850,28150,522907
159,2020-06-02,28850,150,28400,28950,27900,643695
155,2020-06-03,29800,950,29000,29950,28900,940669
154,2020-06-04,29250,550,30100,30450,29050,690302
153,2020-06-05,29450,200,29700,29700,29350,352985
152,2020-06-08,29250,200,29850,29850,28700,471175
151,2020-06-09,28700,550,29150,29450,28250,516312
148,2020-06-10,28400,300,28700,28800,28100,401386
147,2020-06-11,27750,650,28200,28550,27450,765785
146,2020-06-12,26800,950,26500,27050,26350,689983
145,2020-06-15,25350,1450,26600,26850,25050,522259
144,2020-06-16,26550,1200,25900,26600,25900,439340
140,2020-06-17,26550,0,26350,26650,25750,453120
139,2020-06-18,26100,450,26300,26550,26000,293900
138,2020-06-19,26700,600,26450,26700,25700,324137
137,2020-06-22,25950,750,26400,27000,25900,391036
136,2020-06-23,25300,650,26150,26250,25150,300327
133,2020-06-24,25850,550,25400,25900,25150,288408
132,2020-06-25,24800,1050,25400,25400,24800,413373
131,2020-06-26,24950,150,25050,25150,24650,312197
130,2020-06-29,24350,600,24350,24550,24000,357676
129,2020-06-30,24550,200,24500,25300,24450,387742
125,2020-07-01,24800,250,25100,25550,24700,356079
124,2020-07-02,25600,800,24900,25650,24850,273222
123,2020-07-03,26050,450,26150,26450,25500,490920
122,2020-07-06,26250,200,26200,26350,25650,338221
121,2020-07-07,26250,0,26500,26500,26000,297481
118,2020-07-08,26450,200,26250,26650,26150,300845
117,2020-07-09,26500,50,26450,26500,26000,436295
116,2020-07-10,25650,850,26600,26900,25550,369539
115,2020-07-13,26150,500,25700,26250,25100,280866
114,2020-07-14,26100,50,26050,26250,25800,173380
110,2020-07-15,27150,1050,26550,27950,26400,869825
109,2020-07-16,27850,700,27150,28100,26950,598387
108,2020-07-17,27250,600,27850,28100,27100,403853
107,2020-07-20,27500,250,27300,27750,26750,402058
106,2020-07-21,27250,250,27750,27850,27000,351212
103,2020-07-22,27700,450,27450,28300,27300,485835
102,2020-07-23,27000,700,27700,27800,26650,409861
101,2020-07-24,26800,200,26700,27350,26550,319125
100,2020-07-27,26450,350,26800,27200,26300,363656
99,2020-07-28,26400,50,26500,26750,25950,439138
95,2020-07-29,26650,250,26200,26650,26050,244766
94,2020-07-30,26700,50,26500,27200,26450,432152
93,2020-07-31,26950,250,26750,26950,25800,681004
92,2020-08-03,26500,450,26850,26900,26350,378929
91,2020-08-04,28250,1750,26800,29500,26700,3501113
88,2020-08-05,27400,850,28300,28300,27300,1074945
87,2020-08-06,27050,350,27400,27650,26850,837199
86,2020-08-07,26700,350,27050,27400,26400,764179
85,2020-08-10,26950,250,26650,27100,26400,635477
84,2020-08-11,27950,1000,27500,28350,27200,1421567
80,2020-08-12,27800,150,27650,28050,27050,556068
79,2020-08-13,27600,200,28050,28150,27150,690062
78,2020-08-14,27700,100,27850,28150,27000,520118
77,2020-08-18,26100,1600,27800,27850,25950,769250
76,2020-08-19,26200,100,26000,26600,26000,316769
73,2020-08-20,24800,1400,26000,26100,24600,801921
72,2020-08-21,24850,50,24800,25150,24550,428463
71,2020-08-24,24800,50,24850,25100,24350,356338
70,2020-08-25,25600,800,25100,25700,24900,375296
69,2020-08-26,25150,450,25650,25750,24900,506378
65,2020-08-27,24500,650,25100,25150,24450,544617
64,2020-08-28,25200,700,24700,25450,24600,570496
63,2020-08-31,24700,500,25300,25700,24700,745914
62,2020-09-01,25750,1050,24700,25850,24700,520847
61,2020-09-02,25450,300,25950,26000,25250,335712
58,2020-09-03,25200,250,25650,25700,25200,376557
57,2020-09-04,24950,250,24500,25000,24450,316334
56,2020-09-07,25900,950,25500,26150,25100,609868
55,2020-09-08,25650,250,26400,26400,25500,454151
54,2020-09-09,25250,400,25250,25650,25200,298906
50,2020-09-10,25200,50,25600,25600,25200,339413
49,2020-09-11,25050,150,25200,25200,24650,466021
48,2020-09-14,25600,550,25100,25800,25050,467897
47,2020-09-15,25550,50,25650,25750,25200,354107
46,2020-09-16,25500,50,25500,25700,25150,378028
43,2020-09-17,25050,450,25450,25500,25000,473339
42,2020-09-18,25100,50,25100,25350,24950,374122
41,2020-09-21,25050,50,25250,25300,24750,336052
40,2020-09-22,24350,700,24900,25100,24200,552397
39,2020-09-23,24050,300,24500,24650,23900,354472
35,2020-09-24,23400,650,23700,23750,23200,477244
34,2020-09-25,23450,50,23450,23650,23150,338462
33,2020-09-28,23600,150,23650,23850,23400,177050
32,2020-09-29,24150,550,23900,24350,23800,372287
31,2020-10-05,24700,550,24150,24750,24000,324064
28,2020-10-06,24550,150,24650,24900,24400,228605
27,2020-10-07,25250,700,24600,25250,24350,411280
26,2020-10-08,25400,150,25500,25550,25100,458032
25,2020-10-12,25500,100,25400,25550,25250,303856
24,2020-10-13,25350,150,25700,25700,25150,219983
20,2020-10-14,25000,350,25350,25450,24850,275791
19,2020-10-15,25500,500,25000,25650,24750,361506
18,2020-10-16,25600,100,25450,25600,24900,264956
17,2020-10-19,26450,850,25700,26750,25550,1169629
16,2020-10-20,27500,1050,26900,27500,26600,1364504
13,2020-10-21,27800,300,27350,28000,27050,843618
12,2020-10-22,28200,400,27500,28200,27050,999172
11,2020-10-23,28300,100,28200,28400,27650,762875
10,2020-10-26,27950,350,28300,28500,27700,522618
9,2020-10-27,28000,50,27650,28000,27300,578641
5,2020-10-28,28550,550,27750,28700,27500,596559
4,2020-10-29,27300,1250,27900,28050,27050,626704
3,2020-10-30,26700,600,27350,27550,26450,573396
2,2020-11-02,27800,1100,26700,28100,26700,472993
1,2020-11-03,28550,750,27850,28700,27800,651569
