,date,close,diff,open,high,low,volume
445,2019-12-03,2010,0,2010,2030,2005,1330219
340,2019-12-03,2010,0,2010,2030,2005,1330219
355,2019-12-03,2010,0,2010,2030,2005,1330219
430,2019-12-03,2010,0,2010,2030,2005,1330219
370,2019-12-03,2010,0,2010,2030,2005,1330219
385,2019-12-03,2010,0,2010,2030,2005,1330219
400,2019-12-03,2010,0,2010,2030,2005,1330219
415,2019-12-03,2010,0,2010,2030,2005,1330219
339,2019-12-04,2015,5,2015,2020,2010,96568
354,2019-12-04,2015,5,2015,2020,2010,96568
369,2019-12-04,2015,5,2015,2020,2010,96568
384,2019-12-04,2015,5,2015,2020,2010,96568
399,2019-12-04,2015,5,2015,2020,2010,96568
414,2019-12-04,2015,5,2015,2020,2010,96568
444,2019-12-04,2015,5,2015,2020,2010,96568
429,2019-12-04,2015,5,2015,2020,2010,96568
410,2019-12-05,2010,5,2010,2015,2010,66540
365,2019-12-05,2010,5,2010,2015,2010,66540
380,2019-12-05,2010,5,2010,2015,2010,66540
350,2019-12-05,2010,5,2010,2015,2010,66540
440,2019-12-05,2010,5,2010,2015,2010,66540
335,2019-12-05,2010,5,2010,2015,2010,66540
425,2019-12-05,2010,5,2010,2015,2010,66540
395,2019-12-05,2010,5,2010,2015,2010,66540
394,2019-12-06,2020,10,2010,2020,2010,20746
349,2019-12-06,2020,10,2010,2020,2010,20746
364,2019-12-06,2020,10,2010,2020,2010,20746
409,2019-12-06,2020,10,2010,2020,2010,20746
379,2019-12-06,2020,10,2010,2020,2010,20746
439,2019-12-06,2020,10,2010,2020,2010,20746
424,2019-12-06,2020,10,2010,2020,2010,20746
334,2019-12-06,2020,10,2010,2020,2010,20746
333,2019-12-09,2010,10,2015,2015,2010,8655
378,2019-12-09,2010,10,2015,2015,2010,8655
408,2019-12-09,2010,10,2015,2015,2010,8655
348,2019-12-09,2010,10,2015,2015,2010,8655
423,2019-12-09,2010,10,2015,2015,2010,8655
363,2019-12-09,2010,10,2015,2015,2010,8655
393,2019-12-09,2010,10,2015,2015,2010,8655
438,2019-12-09,2010,10,2015,2015,2010,8655
347,2019-12-10,2010,0,2010,2010,2000,90528
332,2019-12-10,2010,0,2010,2010,2000,90528
437,2019-12-10,2010,0,2010,2010,2000,90528
362,2019-12-10,2010,0,2010,2010,2000,90528
407,2019-12-10,2010,0,2010,2010,2000,90528
377,2019-12-10,2010,0,2010,2010,2000,90528
422,2019-12-10,2010,0,2010,2010,2000,90528
392,2019-12-10,2010,0,2010,2010,2000,90528
361,2019-12-11,2010,0,2005,2020,2005,58178
331,2019-12-11,2010,0,2005,2020,2005,58178
406,2019-12-11,2010,0,2005,2020,2005,58178
421,2019-12-11,2010,0,2005,2020,2005,58178
346,2019-12-11,2010,0,2005,2020,2005,58178
376,2019-12-11,2010,0,2005,2020,2005,58178
436,2019-12-11,2010,0,2005,2020,2005,58178
391,2019-12-11,2010,0,2005,2020,2005,58178
328,2019-12-12,2015,5,2010,2015,2010,17075
327,2019-12-13,2015,0,2010,2015,2005,9888
326,2019-12-16,2015,0,2005,2015,2005,1501
325,2019-12-17,2015,0,2005,2015,2005,8050
324,2019-12-18,2010,5,2005,2015,2000,18763
320,2019-12-19,2005,5,2005,2010,2005,1035
319,2019-12-20,2015,10,2005,2015,2005,22561
318,2019-12-23,2015,0,2005,2015,2005,12047
317,2019-12-24,2015,0,2005,2015,2005,23
316,2019-12-26,2010,5,2010,2010,2010,0
313,2019-12-27,2015,5,2015,2015,2015,3444
312,2019-12-30,2010,5,2005,2010,2005,3012
311,2020-01-02,2010,0,2010,2010,2005,3546
310,2020-01-03,2015,5,2010,2015,2005,12945
309,2020-01-06,2015,0,2010,2015,2010,4005
305,2020-01-07,2015,0,2005,2015,2005,13554
304,2020-01-08,2010,5,2010,2015,2010,10012
303,2020-01-09,2015,5,2005,2015,2005,9875
302,2020-01-10,2015,0,2005,2015,2005,1302
301,2020-01-13,2010,5,2010,2015,2000,45003
298,2020-01-14,2015,5,2005,2015,2005,4999
297,2020-01-15,2010,5,2015,2015,2010,12984
296,2020-01-16,2010,0,2010,2015,2005,36386
295,2020-01-17,2015,5,2010,2015,2005,20642
294,2020-01-20,2010,5,2010,2010,2010,13776
290,2020-01-21,2010,0,2015,2020,2005,32866
289,2020-01-22,2015,5,2010,2015,2010,2
288,2020-01-23,2015,0,2005,2015,2005,21045
287,2020-01-28,2015,0,2010,2015,2010,2010
286,2020-01-29,2020,5,2015,2020,2015,9820
283,2020-01-30,2020,0,2010,2020,2010,252
282,2020-01-31,2020,0,2015,2020,2015,5
281,2020-02-03,2015,5,2020,2020,2015,43690
280,2020-02-04,2015,0,2015,2020,2015,1463
279,2020-02-05,2015,0,2020,2020,2015,14232
275,2020-02-06,2015,0,2020,2020,2015,1136
274,2020-02-07,2010,5,2020,2020,2010,1003
273,2020-02-10,2015,5,2020,2020,2015,13155
272,2020-02-11,2020,5,2015,2020,2015,2955
271,2020-02-12,2025,5,2025,2025,2020,5712
268,2020-02-13,2015,10,2030,2030,2015,2
267,2020-02-14,2015,0,2020,2030,2015,4506
266,2020-02-17,2030,15,2040,2040,2030,2631
265,2020-02-18,2030,0,2040,2040,2030,8668
264,2020-02-19,2040,10,2030,2050,2030,1753
260,2020-02-20,2040,0,2040,2050,2035,9662
259,2020-02-21,2055,15,2040,2055,2040,23581
258,2020-02-24,2050,5,2040,2050,2035,1628
257,2020-02-25,2040,10,2030,2040,2010,21367
256,2020-02-26,2045,5,2020,2045,2020,604
253,2020-02-27,2045,0,2030,2045,2030,7847
252,2020-02-28,2045,0,2025,2045,2020,9341
251,2020-03-02,2040,5,2015,2040,2015,11505
250,2020-03-03,2040,0,2030,2040,2030,2690
249,2020-03-04,2040,0,2040,2040,2040,0
245,2020-03-05,2045,5,2025,2045,2015,9351
244,2020-03-06,2040,5,2040,2040,2040,0
243,2020-03-09,2035,5,2035,2035,2020,4077
242,2020-03-10,2035,0,2025,2035,2025,79
241,2020-03-11,2020,15,2025,2025,2020,40200
238,2020-03-12,2030,10,2015,2030,2010,16701
237,2020-03-13,2015,15,2010,2025,2005,35896
236,2020-03-16,2015,0,2015,2015,2015,50
235,2020-03-17,2010,5,2000,2010,2000,13854
234,2020-03-18,2010,0,2005,2020,2005,62
230,2020-03-19,2005,5,2000,2015,1990,31015
229,2020-03-20,2010,5,2010,2010,1990,503
228,2020-03-23,2000,10,2000,2005,1980,31508
227,2020-03-24,2000,0,2000,2005,1995,9532
226,2020-03-25,2015,15,2015,2015,2015,1
223,2020-03-26,2015,0,2015,2015,2015,1
222,2020-03-27,2010,5,2010,2010,2010,16
221,2020-03-30,2005,5,1980,2010,1980,8396
220,2020-03-31,2015,10,2015,2015,2000,7223
219,2020-04-01,2010,5,2000,2010,1990,9464
215,2020-04-02,2015,5,2015,2015,1995,3
214,2020-04-03,2005,10,2005,2005,2005,0
213,2020-04-06,2015,10,2000,2015,2000,8063
212,2020-04-07,2010,5,2000,2010,1995,3163
211,2020-04-08,2005,5,2005,2005,1995,7972
208,2020-04-09,2020,15,2000,2020,1985,93786
207,2020-04-10,2010,10,2020,2020,1985,45154
206,2020-04-13,2010,0,2010,2010,2010,1243
205,2020-04-14,2010,0,1995,2010,1995,1949
204,2020-04-16,2010,0,2000,2010,1995,3017
200,2020-04-17,2015,5,2000,2020,2000,4914
199,2020-04-20,2020,5,1995,2020,1995,11036
198,2020-04-21,2015,5,2020,2020,2000,1092
197,2020-04-22,2020,5,2020,2020,2005,2002
196,2020-04-23,2020,0,2020,2020,2020,501
193,2020-04-24,2020,0,2020,2020,2020,15
192,2020-04-27,2020,0,2020,2020,2010,3001
191,2020-04-28,2020,0,2020,2020,2020,4000
190,2020-04-29,2040,20,2020,2050,2020,12843
189,2020-05-04,2035,5,2040,2040,2035,2789
185,2020-05-06,2015,20,2035,2035,2015,2504
184,2020-05-07,2035,20,2020,2035,2015,8521
183,2020-05-08,2065,30,2040,2065,2035,19248
182,2020-05-11,2055,10,2055,2055,2055,0
181,2020-05-12,2055,0,0,0,0,0
178,2020-05-13,2055,0,0,0,0,0
177,2020-05-14,2055,0,0,0,0,0
176,2020-05-15,2055,0,0,0,0,0
175,2020-05-18,2055,0,0,0,0,0
174,2020-05-19,2055,0,0,0,0,0
170,2020-05-20,2055,0,0,0,0,0
169,2020-05-21,2055,0,0,0,0,0
168,2020-05-22,2055,0,0,0,0,0
167,2020-05-25,2055,0,0,0,0,0
166,2020-05-26,2055,0,0,0,0,0
163,2020-05-27,2055,0,0,0,0,0
162,2020-05-28,2055,0,0,0,0,0
161,2020-05-29,2055,0,0,0,0,0
160,2020-06-01,2055,0,0,0,0,0
159,2020-06-02,2055,0,0,0,0,0
155,2020-06-03,2055,0,0,0,0,0
154,2020-06-04,2055,0,0,0,0,0
153,2020-06-05,2055,0,0,0,0,0
152,2020-06-08,2055,0,0,0,0,0
151,2020-06-09,2055,0,0,0,0,0
148,2020-06-10,2055,0,0,0,0,0
147,2020-06-11,2055,0,0,0,0,0
146,2020-06-12,2055,0,0,0,0,0
145,2020-06-15,2055,0,0,0,0,0
144,2020-06-16,2055,0,0,0,0,0
140,2020-06-17,2055,0,0,0,0,0
139,2020-06-18,2055,0,0,0,0,0
138,2020-06-19,2055,0,0,0,0,0
137,2020-06-22,2055,0,0,0,0,0
136,2020-06-23,2055,0,0,0,0,0
133,2020-06-24,2055,0,0,0,0,0
132,2020-06-25,2055,0,0,0,0,0
131,2020-06-26,2055,0,0,0,0,0
130,2020-06-29,2055,0,0,0,0,0
129,2020-06-30,2055,0,0,0,0,0
125,2020-07-01,2055,0,0,0,0,0
124,2020-07-02,2055,0,0,0,0,0
123,2020-07-03,2055,0,0,0,0,0
122,2020-07-06,2055,0,0,0,0,0
121,2020-07-07,2055,0,0,0,0,0
118,2020-07-08,2055,0,0,0,0,0
117,2020-07-09,2055,0,0,0,0,0
116,2020-07-10,2055,0,0,0,0,0
115,2020-07-13,2055,0,0,0,0,0
114,2020-07-14,2055,0,0,0,0,0
110,2020-07-15,2055,0,0,0,0,0
109,2020-07-16,2055,0,0,0,0,0
108,2020-07-17,2055,0,0,0,0,0
107,2020-07-20,2055,0,0,0,0,0
106,2020-07-21,2055,0,0,0,0,0
103,2020-07-22,2055,0,0,0,0,0
102,2020-07-23,2055,0,0,0,0,0
101,2020-07-24,2055,0,0,0,0,0
100,2020-07-27,2055,0,0,0,0,0
99,2020-07-28,2055,0,0,0,0,0
95,2020-07-29,2055,0,0,0,0,0
94,2020-07-30,2055,0,0,0,0,0
93,2020-07-31,2185,55,2240,2380,2170,894576
92,2020-08-03,2315,130,2185,2440,2185,1242384
91,2020-08-04,2330,15,2285,2345,2285,296351
88,2020-08-05,2360,30,2365,2365,2305,179697
87,2020-08-06,2435,75,2390,2830,2345,906541
86,2020-08-07,2520,85,2385,2660,2385,417872
85,2020-08-10,2470,50,2600,2600,2400,157010
84,2020-08-11,2405,65,2450,2490,2370,225313
80,2020-08-12,2490,85,2410,2690,2405,780492
79,2020-08-13,2540,50,2500,2630,2450,409430
78,2020-08-14,2510,30,2545,2675,2510,558941
77,2020-08-18,2465,45,2510,2575,2445,211254
76,2020-08-19,2500,35,2465,2540,2460,62086
73,2020-08-20,2395,105,2480,2530,2325,118518
72,2020-08-21,2435,40,2400,2445,2390,25592
71,2020-08-24,2405,30,2435,2435,2345,49627
70,2020-08-25,2375,30,2530,2530,2330,96932
69,2020-08-26,2330,45,2340,2375,2285,120352
65,2020-08-27,2330,0,2330,2420,2295,67432
64,2020-08-28,2350,20,2315,2395,2250,133532
63,2020-08-31,2210,140,2370,2370,2200,180631
62,2020-09-01,2200,10,2225,2255,2165,160657
61,2020-09-02,2320,120,2255,2370,2215,317001
58,2020-09-03,2290,30,2300,2340,2265,67362
57,2020-09-04,2315,25,2215,2315,2210,68797
56,2020-09-07,2270,45,2335,2340,2260,77936
55,2020-09-08,2310,40,2285,2450,2270,241439
54,2020-09-09,2370,60,2310,2425,2240,92898
50,2020-09-10,2300,70,2365,2440,2295,222770
49,2020-09-11,2245,55,2300,2330,2105,200695
48,2020-09-14,2285,40,2250,2290,2240,44054
47,2020-09-15,2300,15,2315,2315,2255,35146
46,2020-09-16,2290,10,2295,2305,2235,70844
43,2020-09-17,2235,55,2290,2290,2205,88476
42,2020-09-18,2195,40,2265,2265,2165,194215
41,2020-09-21,2155,40,2215,2215,2155,76562
40,2020-09-22,2175,20,2200,2200,2130,36112
39,2020-09-23,2195,20,2225,2225,2170,102027
35,2020-09-24,2210,15,2140,2220,2140,44998
34,2020-09-25,2220,10,2240,2240,2200,31079
33,2020-09-28,2250,30,2245,2300,2220,227618
32,2020-09-29,2275,25,2235,2295,2235,90233
31,2020-10-05,2370,95,2315,2435,2275,350641
28,2020-10-06,2415,45,2410,2530,2370,355752
27,2020-10-07,2445,30,2430,2480,2385,82569
26,2020-10-08,2425,20,2455,2475,2400,71815
25,2020-10-12,2415,10,2475,2475,2400,72111
24,2020-10-13,2395,20,2400,2415,2350,83003
20,2020-10-14,2380,15,2445,2800,2345,2321696
19,2020-10-15,2370,10,2385,2385,2310,240060
18,2020-10-16,2395,25,2370,2405,2330,88169
17,2020-10-19,2410,15,2440,2485,2395,172093
16,2020-10-20,2380,30,2410,2425,2345,81837
13,2020-10-21,2400,20,2400,2425,2360,46574
12,2020-10-22,2395,5,2415,2415,2385,24417
11,2020-10-23,2395,0,2420,2420,2350,39021
10,2020-10-26,2330,65,2395,2405,2295,140699
9,2020-10-27,2355,25,2305,2355,2305,41774
5,2020-10-28,2365,10,2300,2370,2300,28357
4,2020-10-29,2380,15,2375,2455,2335,69075
3,2020-10-30,2380,0,2400,2400,2350,36194
2,2020-11-02,2405,25,2380,2420,2380,35719
1,2020-11-03,2380,25,2435,2440,2360,78293
