,date,close,diff,open,high,low,volume
448,2019-08-16,2100,80,2185,2220,2005,21057
447,2019-08-19,2070,30,2065,2120,2050,10388
446,2019-08-20,2130,60,2065,2200,2040,21731
445,2019-08-21,2190,60,2135,2210,2100,13246
444,2019-08-22,2145,45,2210,2210,2145,9233
440,2019-08-23,2120,25,2100,2155,2100,30392
439,2019-08-26,2065,55,2070,2120,2045,13725
438,2019-08-27,2050,15,2045,2180,2035,21229
437,2019-08-28,2070,20,2045,2075,2045,9493
436,2019-08-29,2075,5,2055,2095,2055,12112
433,2019-08-30,2080,5,2075,2100,2070,13773
432,2019-09-02,2115,35,2080,2190,2060,35710
431,2019-09-03,2155,40,2150,2190,2100,28337
430,2019-09-04,2170,15,2155,2200,2150,15146
429,2019-09-05,2165,5,2165,2220,2135,41130
425,2019-09-06,2170,5,2190,2190,2135,12223
424,2019-09-09,2170,0,2170,2190,2150,13146
423,2019-09-10,2185,15,2155,2210,2155,18200
422,2019-09-11,2220,35,2205,2245,2170,35550
421,2019-09-16,2245,25,2210,2250,2200,23913
418,2019-09-17,2270,25,2255,2285,2220,24186
417,2019-09-18,2295,25,2245,2320,2245,40078
416,2019-09-19,2275,20,2315,2315,2260,28030
415,2019-09-20,2300,25,2285,2310,2275,15978
414,2019-09-23,2280,20,2295,2300,2260,26310
410,2019-09-24,2290,10,2280,2305,2265,10747
409,2019-09-25,2265,25,2275,2295,2245,28605
408,2019-09-26,2260,5,2265,2295,2240,30062
407,2019-09-27,2265,5,2260,2350,2230,38653
406,2019-09-30,2270,5,2260,2285,2235,14626
403,2019-10-01,2280,10,2245,2335,2210,55803
402,2019-10-02,2330,50,2285,2350,2250,32482
401,2019-10-04,2300,30,2305,2320,2275,25692
400,2019-10-07,2310,10,2295,2335,2290,27578
399,2019-10-08,2260,50,2310,2320,2260,21574
395,2019-10-10,2250,10,2240,2285,2230,18432
394,2019-10-11,2250,0,2250,2280,2220,7054
393,2019-10-14,2255,5,2255,2275,2215,6233
392,2019-10-15,2275,20,2260,2275,2240,9133
391,2019-10-16,2290,15,2250,2295,2240,21098
388,2019-10-17,2290,0,2295,2295,2255,13576
387,2019-10-18,2290,0,2290,2290,2260,9277
386,2019-10-21,2280,10,2265,2290,2205,16568
385,2019-10-22,2275,5,2255,2280,2250,11366
384,2019-10-23,2315,40,2275,2330,2270,36532
380,2019-10-24,2300,15,2310,2330,2265,5781
379,2019-10-25,2245,55,2265,2325,2245,57492
378,2019-10-28,2280,35,2245,2280,2240,7436
377,2019-10-29,2270,10,2280,2285,2225,60553
376,2019-10-30,2255,15,2265,2300,2250,28127
373,2019-10-31,2275,20,2260,2310,2255,33526
372,2019-11-01,2315,40,2295,2335,2260,22983
371,2019-11-04,2305,10,2315,2330,2280,21062
370,2019-11-05,2365,60,2305,2370,2285,33087
369,2019-11-06,2370,5,2395,2395,2330,11500
365,2019-11-07,2365,5,2370,2385,2320,8799
364,2019-11-08,2340,25,2365,2400,2330,23381
363,2019-11-11,2340,0,2340,2355,2305,14679
362,2019-11-12,2335,5,2340,2355,2330,4978
361,2019-11-13,2340,5,2340,2370,2315,9353
358,2019-11-14,2370,30,2340,2420,2340,29445
357,2019-11-15,2375,5,2415,2415,2355,9311
356,2019-11-18,2370,5,2375,2415,2355,12392
355,2019-11-19,2405,35,2400,2420,2355,22464
354,2019-11-20,2345,60,2400,2405,2345,33708
350,2019-11-21,2270,75,2290,2345,2230,17472
349,2019-11-22,2235,35,2225,2275,2215,18241
348,2019-11-25,2305,70,2235,2305,2230,24298
347,2019-11-26,2320,15,2305,2320,2280,10867
346,2019-11-27,2320,0,2320,2340,2300,8357
343,2019-11-28,2295,25,2320,2320,2260,5667
342,2019-11-29,2290,5,2295,2340,2280,13935
341,2019-12-02,2300,10,2300,2305,2245,10574
340,2019-12-03,2255,45,2290,2290,2255,9847
339,2019-12-04,2330,75,2260,2340,2260,20179
335,2019-12-05,2330,0,2330,2350,2300,23447
334,2019-12-06,2310,20,2260,2335,2260,34490
333,2019-12-09,2325,15,2310,2400,2310,23855
332,2019-12-10,2350,25,2300,2395,2300,25262
331,2019-12-11,2345,5,2345,2390,2300,35468
328,2019-12-12,2345,0,2340,2365,2300,10335
327,2019-12-13,2335,10,2345,2390,2320,17531
326,2019-12-16,2355,20,2335,2375,2330,23400
325,2019-12-17,2340,15,2360,2360,2335,8242
324,2019-12-18,2380,40,2340,2415,2335,24350
320,2019-12-19,2370,10,2380,2380,2340,8584
319,2019-12-20,2355,15,2370,2370,2320,25478
318,2019-12-23,2350,5,2350,2355,2320,28411
317,2019-12-24,2405,55,2350,2965,2340,4081352
316,2019-12-26,2405,0,2380,2440,2365,308638
313,2019-12-27,2385,20,2405,2420,2370,132618
312,2019-12-30,2420,35,2380,2430,2360,61648
311,2020-01-02,2475,55,2410,2475,2395,131290
310,2020-01-03,2460,15,2475,2520,2450,98872
309,2020-01-06,2380,80,2450,2455,2380,85274
305,2020-01-07,2435,55,2375,2435,2375,57979
304,2020-01-08,2295,140,2435,2435,2215,151942
303,2020-01-09,2390,95,2310,2400,2310,89395
302,2020-01-10,2440,50,2370,2465,2370,108754
301,2020-01-13,2650,210,2440,2870,2430,1843616
298,2020-01-14,2550,100,2650,2660,2530,282347
297,2020-01-15,2595,45,2555,2605,2545,139578
296,2020-01-16,2565,30,2600,2615,2530,108974
295,2020-01-17,2610,45,2580,2835,2545,716163
294,2020-01-20,2610,0,2600,2655,2580,124676
290,2020-01-21,2655,45,2580,2665,2575,122799
289,2020-01-22,2790,135,2640,2900,2635,842052
288,2020-01-23,2780,10,2795,2795,2750,147640
287,2020-01-28,2750,30,2625,2780,2530,175617
286,2020-01-29,2860,110,2750,2960,2720,339077
283,2020-01-30,2825,35,2865,2910,2735,202786
282,2020-01-31,2770,55,2825,2990,2710,397663
281,2020-02-03,2695,75,2810,2835,2625,128664
280,2020-02-04,2690,5,2695,2735,2610,212568
279,2020-02-05,2835,145,2660,2890,2660,299913
275,2020-02-06,2920,85,2835,2920,2800,134360
274,2020-02-07,2900,20,2925,2965,2895,167380
273,2020-02-10,2775,125,2920,2920,2695,366770
272,2020-02-11,2790,15,2775,2790,2730,89032
271,2020-02-12,2665,125,2775,2775,2645,202329
268,2020-02-13,2700,35,2690,2710,2645,148189
267,2020-02-14,2700,0,2700,2780,2675,119535
266,2020-02-17,2720,20,2700,2725,2635,44275
265,2020-02-18,2685,35,2720,2725,2665,29824
264,2020-02-19,2660,25,2660,2730,2630,60599
260,2020-02-20,2660,0,2660,2680,2620,30399
259,2020-02-21,2650,10,2660,2685,2570,41445
258,2020-02-24,2495,155,2625,2625,2490,68878
257,2020-02-25,2535,40,2495,2645,2495,20613
256,2020-02-26,2540,5,2550,2595,2485,16690
253,2020-02-27,2450,90,2515,2570,2425,20851
252,2020-02-28,2285,165,2395,2430,2205,179975
251,2020-03-02,2355,70,2285,2390,2280,43874
250,2020-03-03,2330,25,2435,2435,2300,39503
249,2020-03-04,2360,30,2320,2365,2290,21537
245,2020-03-05,2375,15,2360,2415,2350,48516
244,2020-03-06,2330,45,2350,2350,2300,30943
243,2020-03-09,2200,130,2300,2320,2185,63325
242,2020-03-10,2135,65,2150,2185,2070,202365
241,2020-03-11,2050,85,2135,2135,2020,64615
238,2020-03-12,1895,155,2050,2065,1870,95736
237,2020-03-13,1700,195,1830,1830,1600,197218
236,2020-03-16,1600,100,1700,1765,1600,188644
235,2020-03-17,1510,90,1335,1575,1335,131535
234,2020-03-18,1505,5,1515,1640,1505,77488
230,2020-03-19,1325,180,1510,1545,1290,138939
229,2020-03-20,1385,60,1320,1410,1320,58919
228,2020-03-23,1345,40,1280,1370,1275,41722
227,2020-03-24,1420,75,1365,1420,1320,55673
226,2020-03-25,1500,80,1530,1550,1440,93954
223,2020-03-26,1565,65,1505,1575,1480,137739
222,2020-03-27,1570,5,1600,1640,1505,67624
221,2020-03-30,1625,55,1500,1645,1500,45623
220,2020-03-31,1735,110,1635,1750,1620,121022
219,2020-04-01,1710,25,1735,1775,1690,77831
215,2020-04-02,1725,15,1685,1770,1685,30488
214,2020-04-03,1745,20,1730,1800,1685,64678
213,2020-04-06,1810,65,1745,1815,1745,101039
212,2020-04-07,1835,25,1875,1875,1785,84425
211,2020-04-08,1860,25,1835,1905,1805,80229
208,2020-04-09,1895,35,1870,1915,1860,106431
207,2020-04-10,1895,0,1930,1930,1840,157620
206,2020-04-13,2010,115,1905,2295,1895,1472052
205,2020-04-14,2020,10,2010,2035,1970,179538
204,2020-04-16,2015,5,2050,2050,1955,113789
200,2020-04-17,2090,75,2035,2090,2015,152698
199,2020-04-20,2130,40,2120,2150,2070,124860
198,2020-04-21,2065,65,2105,2390,2015,1480014
197,2020-04-22,2080,15,2055,2095,1980,130808
196,2020-04-23,2105,25,2065,2200,2065,92286
193,2020-04-24,2070,35,2130,2200,2065,136322
192,2020-04-27,2120,50,2080,2135,2070,87655
191,2020-04-28,2245,125,2130,2245,2125,165579
190,2020-04-29,2195,50,2245,2245,2165,140228
189,2020-05-04,2140,55,2180,2220,2115,35972
185,2020-05-06,2155,15,2155,2195,2140,23886
184,2020-05-07,2200,45,2185,2220,2155,43188
183,2020-05-08,2240,40,2200,2250,2195,69220
182,2020-05-11,2175,65,2235,2280,2170,53692
181,2020-05-12,2130,45,2160,2200,2100,41520
178,2020-05-13,2140,10,2100,2190,2080,56406
177,2020-05-14,2125,15,2140,2150,2105,28757
176,2020-05-15,2150,25,2100,2165,2095,39312
175,2020-05-18,2150,0,2150,2195,2115,79339
174,2020-05-19,2185,35,2155,2195,2150,56515
170,2020-05-20,2165,20,2180,2190,2150,73606
169,2020-05-21,2200,35,2180,2210,2170,81102
168,2020-05-22,2165,35,2200,2220,2155,36657
167,2020-05-25,2185,20,2165,2210,2150,29657
166,2020-05-26,2245,60,2185,2250,2155,99026
163,2020-05-27,2240,5,2265,2265,2215,50244
162,2020-05-28,2215,25,2240,2260,2160,78422
161,2020-05-29,2195,20,2170,2240,2170,29700
160,2020-06-01,2220,25,2210,2225,2190,41606
159,2020-06-02,2200,20,2200,2230,2195,53490
155,2020-06-03,2240,40,2230,2320,2210,96590
154,2020-06-04,2200,40,2265,2265,2180,59979
153,2020-06-05,2250,50,2200,2290,2185,138009
152,2020-06-08,2265,15,2275,2295,2240,89433
151,2020-06-09,2230,35,2265,2285,2215,72679
148,2020-06-10,2220,10,2230,2250,2210,29116
147,2020-06-11,2235,15,2220,2245,2200,52560
146,2020-06-12,2165,70,2130,2180,2085,137167
145,2020-06-15,2015,150,2135,2160,2000,181169
144,2020-06-16,2120,105,2060,2160,2030,74340
140,2020-06-17,2105,15,2120,2155,2080,38913
139,2020-06-18,2140,35,2150,2175,2090,34444
138,2020-06-19,2120,20,2135,2175,2105,28118
137,2020-06-22,2080,40,2170,2170,2075,98938
136,2020-06-23,2700,620,2130,2700,2125,6430107
133,2020-06-24,2740,40,2900,3480,2605,13206857
132,2020-06-25,2830,90,2710,2910,2650,3291305
131,2020-06-26,2770,60,2750,2790,2680,1080184
130,2020-06-29,2650,120,2630,2670,2550,1028370
129,2020-06-30,2665,15,2625,2720,2545,1067645
125,2020-07-01,2550,115,2680,2680,2545,396688
124,2020-07-02,2615,65,2525,2640,2525,301345
123,2020-07-03,2665,50,2590,2695,2565,411098
122,2020-07-06,2705,40,2685,2725,2600,415230
121,2020-07-07,2625,80,2715,2715,2610,238947
118,2020-07-08,2645,20,2625,2670,2480,235270
117,2020-07-09,2635,10,2625,2650,2590,167562
116,2020-07-10,2600,35,2650,2660,2535,205824
115,2020-07-13,2725,125,2605,2725,2605,416651
114,2020-07-14,2675,50,2750,2900,2655,1802308
110,2020-07-15,2820,145,2675,2860,2660,849997
109,2020-07-16,2745,75,2800,2805,2685,333163
108,2020-07-17,2765,20,2740,2785,2710,258216
107,2020-07-20,2755,10,2875,2875,2750,374859
106,2020-07-21,2710,45,2755,2810,2675,255355
103,2020-07-22,2750,40,2710,2750,2505,282594
102,2020-07-23,2700,50,2740,2775,2650,216580
101,2020-07-24,2655,45,2695,2880,2650,728247
100,2020-07-27,2730,75,2660,2820,2650,343426
99,2020-07-28,2755,25,2780,2800,2720,169041
95,2020-07-29,2780,25,2770,2780,2710,82994
94,2020-07-30,2735,45,2760,2810,2705,143851
93,2020-07-31,2690,45,2745,2745,2675,108383
92,2020-08-03,2640,50,2710,2710,2615,111698
91,2020-08-04,2750,110,2650,2770,2635,159130
88,2020-08-05,2920,170,2780,2985,2710,872959
87,2020-08-06,2830,90,2965,2965,2805,323066
86,2020-08-07,2860,30,2830,2930,2805,222397
85,2020-08-10,2775,85,2860,2890,2760,169398
84,2020-08-11,2705,70,2775,2790,2670,253411
80,2020-08-12,2640,65,2730,2730,2615,154401
79,2020-08-13,2670,30,2650,2715,2650,141731
78,2020-08-14,2650,20,2670,2710,2610,98281
77,2020-08-18,2440,210,2630,2650,2395,250297
76,2020-08-19,2520,80,2490,2550,2445,81029
73,2020-08-20,2405,115,2495,2520,2300,137085
72,2020-08-21,2440,35,2430,2440,2365,64444
71,2020-08-24,2450,10,2430,2450,2375,60328
70,2020-08-25,2535,85,2480,2535,2445,59124
69,2020-08-26,2535,0,2535,2560,2470,56476
65,2020-08-27,2525,10,2535,2625,2460,174073
64,2020-08-28,2520,5,2520,2575,2495,90997
63,2020-08-31,2560,40,2540,2845,2500,793737
62,2020-09-01,2545,15,2555,2600,2510,126000
61,2020-09-02,2620,75,2600,2645,2555,92937
58,2020-09-03,2660,40,2640,2695,2625,312921
57,2020-09-04,2840,180,2950,3455,2820,12937854
56,2020-09-07,2780,60,2810,2935,2760,1132287
55,2020-09-08,3000,220,2820,3170,2820,3797597
54,2020-09-09,2900,100,2945,3015,2865,589843
50,2020-09-10,2850,50,2925,2960,2850,336686
49,2020-09-11,2795,55,2780,2895,2750,266398
48,2020-09-14,2825,30,2800,2855,2725,225106
47,2020-09-15,2820,5,2815,2860,2755,105087
46,2020-09-16,2890,70,2785,3015,2785,732100
43,2020-09-17,2860,30,2890,2900,2830,122533
42,2020-09-18,2840,20,2880,2935,2830,153728
41,2020-09-21,2735,105,2895,2895,2670,179606
40,2020-09-22,2590,145,2705,2740,2580,173185
39,2020-09-23,2590,0,2715,2715,2445,142684
35,2020-09-24,2720,130,2510,2720,2475,275003
34,2020-09-25,2555,165,2600,2660,2545,190374
33,2020-09-28,2630,75,2565,2635,2555,82026
32,2020-09-29,2645,15,2625,2685,2620,75622
31,2020-10-05,2665,20,2640,2675,2615,27393
28,2020-10-06,2715,50,2665,2745,2665,108149
27,2020-10-07,2750,35,2715,2760,2695,48210
26,2020-10-08,2805,55,2750,2810,2710,67332
25,2020-10-12,2805,0,2800,2820,2735,68311
24,2020-10-13,2810,5,2810,2880,2760,65121
20,2020-10-14,2765,45,2830,2830,2755,40657
19,2020-10-15,2725,40,2780,2780,2660,81071
18,2020-10-16,2700,25,2750,2760,2695,58052
17,2020-10-19,2675,25,2735,2800,2675,28581
16,2020-10-20,2680,5,2675,2690,2585,87326
13,2020-10-21,2695,15,2700,2700,2640,31560
12,2020-10-22,2645,50,2695,2725,2635,55564
11,2020-10-23,2620,25,2645,2675,2595,37188
10,2020-10-26,2530,90,2620,2640,2515,90179
9,2020-10-27,2550,20,2510,2580,2510,46798
5,2020-10-28,2620,70,2545,2660,2535,35266
4,2020-10-29,2620,0,2570,2640,2560,30827
3,2020-10-30,2580,40,2610,2640,2560,40766
2,2020-11-02,2685,105,2580,2690,2575,94761
1,2020-11-03,2690,5,2745,2745,2645,159812
