,date,close,diff,open,high,low,volume
448,2019-08-16,10750,50,10600,11000,10500,50899
447,2019-08-19,10800,50,10850,11000,10700,44757
446,2019-08-20,11150,350,10800,11300,10800,87283
445,2019-08-21,11200,50,11150,11300,11000,43537
444,2019-08-22,11100,100,11250,11250,11000,49526
440,2019-08-23,10850,250,11000,11100,10800,32768
439,2019-08-26,10400,450,10650,10700,10300,49348
438,2019-08-27,10450,50,10500,10750,10300,36077
437,2019-08-28,10700,250,10400,10700,10400,31242
436,2019-08-29,10700,0,10650,10850,10550,24167
433,2019-08-30,11200,500,10850,11300,10800,60550
432,2019-09-02,11300,100,11250,11400,11150,16020
431,2019-09-03,11300,0,11300,11400,11100,25024
430,2019-09-04,11600,300,11150,11600,11150,59538
429,2019-09-05,11750,150,11600,12050,11550,86890
425,2019-09-06,11500,250,11800,11800,11450,56052
424,2019-09-09,11500,0,11400,11750,11400,32727
423,2019-09-10,11500,0,11500,11750,11500,30979
422,2019-09-11,11850,350,11600,11900,11550,38223
421,2019-09-16,11850,0,12000,12000,11700,46413
418,2019-09-17,11850,0,11800,12000,11650,63910
417,2019-09-18,11850,0,11850,12100,11800,45388
416,2019-09-19,12000,150,11950,12100,11900,36329
415,2019-09-20,11850,150,12100,12100,11800,36698
414,2019-09-23,11800,50,11800,11950,11750,23379
410,2019-09-24,11800,0,11750,12000,11750,28804
409,2019-09-25,11450,350,11800,11900,11450,46873
408,2019-09-26,11400,50,11650,11700,11300,43975
407,2019-09-27,11600,200,11350,11650,11300,27577
406,2019-09-30,11450,150,11700,11700,11350,15059
403,2019-10-01,11500,50,11400,11550,11300,21743
402,2019-10-02,11150,350,11450,11500,11150,21753
401,2019-10-04,11250,100,11100,11400,10900,35610
400,2019-10-07,10950,300,11200,11300,10900,29566
399,2019-10-08,11250,300,10850,11400,10850,25313
395,2019-10-10,11500,250,11050,11650,11050,49563
394,2019-10-11,11300,200,11750,11750,11300,21108
393,2019-10-14,11450,150,11350,11500,11250,10731
392,2019-10-15,11550,100,11500,11550,11400,13720
391,2019-10-16,11550,0,11650,11650,11450,17043
388,2019-10-17,11300,250,11500,11600,11000,60667
387,2019-10-18,11400,100,11350,11450,11300,21716
386,2019-10-21,11200,200,11400,11400,11200,12468
385,2019-10-22,11050,150,11150,11350,11050,40854
384,2019-10-23,10950,100,11000,11150,10850,35739
380,2019-10-24,10950,0,11050,11050,10600,31913
379,2019-10-25,10700,250,10950,11000,10600,36198
378,2019-10-28,10800,100,10650,10850,10650,25155
377,2019-10-29,10800,0,10750,10900,10750,14194
376,2019-10-30,10650,150,10800,10950,10550,63156
373,2019-10-31,10800,150,10750,10800,10550,27100
372,2019-11-01,10650,150,10700,10850,10600,10077
371,2019-11-04,10800,150,10700,10850,10600,30740
370,2019-11-05,11200,400,10900,11200,10800,53314
369,2019-11-06,11450,250,11200,11600,11150,61313
365,2019-11-07,11450,0,11600,11600,11400,33388
364,2019-11-08,11400,50,11500,11650,11350,19401
363,2019-11-11,11350,50,11400,11550,11200,13453
362,2019-11-12,11500,150,11350,11500,11300,20851
361,2019-11-13,11350,150,11350,11500,11300,14512
358,2019-11-14,11600,250,11350,11600,11250,20741
357,2019-11-15,11650,50,11800,11850,11600,54857
356,2019-11-18,11700,50,11800,11800,11500,23874
355,2019-11-19,11350,350,11650,11700,11200,61708
354,2019-11-20,11000,350,11350,11450,11000,38953
350,2019-11-21,10900,100,11000,11150,10800,30886
349,2019-11-22,10900,0,10800,11000,10750,27054
348,2019-11-25,11200,300,10800,11300,10800,26619
347,2019-11-26,11450,250,11250,11600,11250,57261
346,2019-11-27,11400,50,11450,11600,11400,36909
343,2019-11-28,11550,150,11500,11600,11400,23336
342,2019-11-29,11450,100,11600,11600,11250,36480
341,2019-12-02,11400,50,11450,11550,11300,45148
340,2019-12-03,11050,350,11200,11300,11000,43525
339,2019-12-04,10900,150,10950,11050,10800,50343
335,2019-12-05,10850,50,10950,11050,10700,32357
334,2019-12-06,11000,150,10900,11000,10750,18013
333,2019-12-09,10950,50,11000,11050,10800,17741
332,2019-12-10,11050,100,10950,11050,10800,17650
331,2019-12-11,11100,50,11050,11250,11000,24995
328,2019-12-12,11000,100,11200,11250,11000,34023
327,2019-12-13,11400,400,11100,11450,11100,55183
326,2019-12-16,11350,50,11400,11500,11250,32816
325,2019-12-17,11400,50,11350,11500,11300,36965
324,2019-12-18,11300,100,11400,11450,11300,19728
320,2019-12-19,11700,400,11250,11800,11050,90614
319,2019-12-20,11600,100,11700,11800,11500,41566
318,2019-12-23,11750,150,11600,11850,11550,56790
317,2019-12-24,11800,50,11700,11900,11650,66988
316,2019-12-26,11900,100,11700,11950,11700,52985
313,2019-12-27,11700,200,11750,11850,11650,42929
312,2019-12-30,12000,300,11750,12100,11750,69203
311,2020-01-02,11700,300,12000,12000,11650,42178
310,2020-01-03,11600,100,11700,11950,11500,45014
309,2020-01-06,11300,300,11450,11550,11150,54412
305,2020-01-07,11300,0,11350,11450,11250,22620
304,2020-01-08,10950,350,11200,11300,10800,68271
303,2020-01-09,11050,100,11100,11250,11000,54416
302,2020-01-10,11200,150,11050,11350,11050,28006
301,2020-01-13,11450,250,11200,11550,11200,48840
298,2020-01-14,11450,0,11500,11600,11350,38619
297,2020-01-15,11450,0,11500,11550,11400,22607
296,2020-01-16,11400,50,11450,11600,11400,31041
295,2020-01-17,12800,1400,11450,12950,11450,812965
294,2020-01-20,12700,100,12900,13050,12650,311429
290,2020-01-21,12450,250,12650,12750,12200,161255
289,2020-01-22,12500,50,12400,12650,12300,104782
288,2020-01-23,12750,250,12500,12750,12250,124824
287,2020-01-28,12300,450,12300,12550,11950,159105
286,2020-01-29,12350,50,12500,12550,12150,95496
283,2020-01-30,12250,100,12350,12700,12100,158354
282,2020-01-31,12000,250,12350,12500,12000,103166
281,2020-02-03,11950,50,11600,12100,11350,121340
280,2020-02-04,12900,950,12150,12900,12100,303804
279,2020-02-05,13200,300,13100,13700,13000,461658
275,2020-02-06,13550,350,13350,13650,13050,368473
274,2020-02-07,13300,250,13650,13650,13100,181995
273,2020-02-10,13100,200,13050,13450,13050,108820
272,2020-02-11,14050,950,13200,14100,13150,666396
271,2020-02-12,13900,150,13850,14050,13500,347074
268,2020-02-13,14000,100,14200,14250,13750,332728
267,2020-02-14,13900,100,14000,14150,13800,148536
266,2020-02-17,15050,1150,13850,15050,13500,641000
265,2020-02-18,14500,550,15300,15350,14500,465918
264,2020-02-19,14800,300,15000,15150,14300,463246
260,2020-02-20,14400,400,14700,14850,14000,264124
259,2020-02-21,13750,650,14000,14250,13650,251301
258,2020-02-24,13100,650,13300,13450,13000,257949
257,2020-02-25,13150,50,13000,13350,12750,338907
256,2020-02-26,12900,250,12750,13050,12650,160824
253,2020-02-27,12300,600,13050,13250,12200,245503
252,2020-02-28,11750,550,11950,12250,11500,234777
251,2020-03-02,12000,250,11850,12150,11550,260108
250,2020-03-03,12750,750,12600,13300,12550,513196
249,2020-03-04,13500,750,12700,13500,12700,247413
245,2020-03-05,13650,150,13750,13750,13350,187203
244,2020-03-06,13300,350,13400,13550,13000,192291
243,2020-03-09,12400,900,12900,12950,12350,173487
242,2020-03-10,12600,200,12250,12700,12200,253788
241,2020-03-11,12050,550,12550,12700,11800,200124
238,2020-03-12,11250,800,11750,12050,10800,279992
237,2020-03-13,10200,1050,10200,10800,9580,422592
236,2020-03-16,9620,580,10300,10700,9620,266428
235,2020-03-17,9710,90,8900,9980,8900,193457
234,2020-03-18,9500,210,9990,10100,9470,196318
230,2020-03-19,8450,1050,9620,9950,8070,331565
229,2020-03-20,9000,550,8470,9090,8320,162780
228,2020-03-23,8300,700,8210,8640,8130,136952
227,2020-03-24,9030,730,8550,9090,8450,114359
226,2020-03-25,9360,330,9210,9480,9030,206460
223,2020-03-26,9360,0,9490,9670,9170,162232
222,2020-03-27,9370,10,9650,9840,9000,187122
221,2020-03-30,9400,30,9100,9440,8950,115902
220,2020-03-31,10850,1450,9700,11150,9600,772824
219,2020-04-01,10150,700,11050,11100,10000,309967
215,2020-04-02,10500,350,10350,10550,9910,217712
214,2020-04-03,10350,150,10700,10800,10250,161157
213,2020-04-06,10700,350,10650,10800,10450,189358
212,2020-04-07,10750,50,11000,11100,10550,234090
211,2020-04-08,11100,350,10750,11400,10650,234715
208,2020-04-09,11200,100,11350,11400,11000,141937
207,2020-04-10,12150,950,11300,12600,11050,679429
206,2020-04-13,11600,550,12000,12250,11600,199886
205,2020-04-14,12300,700,11950,12400,11850,230769
204,2020-04-16,12900,600,12500,13200,12450,364039
200,2020-04-17,13000,100,13150,13300,12750,266567
199,2020-04-20,12800,200,12900,13250,12650,254826
198,2020-04-21,12650,150,12650,13100,11850,313952
197,2020-04-22,13150,500,12350,13400,12300,327561
196,2020-04-23,13850,700,13200,14200,13100,449961
193,2020-04-24,13450,400,13900,14100,13150,282995
192,2020-04-27,13850,400,13850,14300,13750,254928
191,2020-04-28,14000,150,14000,14100,13500,220896
190,2020-04-29,13850,150,14200,14200,13800,155535
189,2020-05-04,14200,350,13600,14400,13500,209012
185,2020-05-06,14650,450,14600,14750,14300,275686
184,2020-05-07,14850,200,14550,15000,14450,201406
183,2020-05-08,14700,150,15000,15000,14500,175544
182,2020-05-11,14500,200,14850,14950,14450,187864
181,2020-05-12,14000,500,14500,14600,13900,241702
178,2020-05-13,14150,150,14000,14400,13750,193662
177,2020-05-14,13900,250,14150,14400,13800,164563
176,2020-05-15,14600,700,14050,14750,13700,343366
175,2020-05-18,14750,150,15000,15050,14600,232705
174,2020-05-19,14550,200,15100,15150,14300,349978
170,2020-05-20,14750,200,14650,14850,14450,131199
169,2020-05-21,14400,350,14800,15000,14300,320052
168,2020-05-22,13850,550,14450,14550,13600,374499
167,2020-05-25,14650,800,13850,14750,13850,382557
166,2020-05-26,14800,150,14900,15100,14550,272356
163,2020-05-27,14250,550,14800,14800,14200,226052
162,2020-05-28,13900,350,14300,14500,13700,151407
161,2020-05-29,14200,300,14000,14250,13600,127377
160,2020-06-01,14350,150,14500,14650,14200,149124
159,2020-06-02,14350,0,14450,14550,14150,118129
155,2020-06-03,14050,300,14400,14400,14000,126234
154,2020-06-04,13900,150,14200,14400,13800,134710
153,2020-06-05,14100,200,14100,14300,14000,118708
152,2020-06-08,14050,50,14100,14250,13950,94071
151,2020-06-09,14000,50,14100,14200,13850,101820
148,2020-06-10,13900,100,14000,14050,13850,106100
147,2020-06-11,14050,150,14000,14400,13900,166321
146,2020-06-12,13800,250,13300,13950,12900,247377
145,2020-06-15,12850,950,13800,13800,12650,167433
144,2020-06-16,13200,350,13300,13400,13100,131961
140,2020-06-17,13050,150,13150,13350,12750,153527
139,2020-06-18,13350,300,13100,13550,13000,108697
138,2020-06-19,13350,0,13450,13550,13150,65932
137,2020-06-22,13550,200,13450,13700,13400,79453
136,2020-06-23,13200,350,13650,13750,13150,113315
133,2020-06-24,13300,100,13300,13400,13150,84139
132,2020-06-25,12950,350,13050,13300,12900,84890
131,2020-06-26,13000,50,13200,13300,12950,63795
130,2020-06-29,12700,300,12950,12950,12650,84994
129,2020-06-30,13000,300,12850,13050,12750,56994
125,2020-07-01,12750,250,13050,13400,12750,126277
124,2020-07-02,12900,150,12900,12950,12750,54900
123,2020-07-03,12950,50,12900,13100,12900,52833
122,2020-07-06,13450,500,13200,13650,13150,193317
121,2020-07-07,13300,150,13550,13700,13150,97060
118,2020-07-08,13150,150,13400,13400,13150,74600
117,2020-07-09,13700,550,13250,13700,13150,174013
116,2020-07-10,13700,0,13750,14050,13550,163048
115,2020-07-13,13650,50,13850,13900,13550,90413
114,2020-07-14,13500,150,13600,13750,13450,103551
110,2020-07-15,13600,100,13600,13700,13550,111692
109,2020-07-16,14000,400,13650,14450,13650,404962
108,2020-07-17,14400,400,13950,14600,13950,434265
107,2020-07-20,14400,0,14650,14700,14300,232464
106,2020-07-21,14350,50,14700,14700,14200,248252
103,2020-07-22,14600,250,14300,14750,14250,231737
102,2020-07-23,14300,300,14600,14650,14050,178055
101,2020-07-24,13950,350,14200,14300,13650,157625
100,2020-07-27,14000,50,13950,14100,13850,93915
99,2020-07-28,13900,100,14200,14200,13700,139998
95,2020-07-29,13900,0,13900,13950,13700,111326
94,2020-07-30,13600,300,13900,14050,13600,161968
93,2020-07-31,13450,150,13650,13750,13450,151334
92,2020-08-03,13900,450,13600,13900,13550,144102
91,2020-08-04,16200,2300,14250,16200,14200,1563725
88,2020-08-05,16750,550,16550,17300,16000,1031319
87,2020-08-06,16900,150,17100,17400,16600,468245
86,2020-08-07,21950,5050,17400,21950,17300,3018841
85,2020-08-10,21850,100,23900,24900,21000,3247962
84,2020-08-11,22900,1050,22800,25750,22200,3038144
80,2020-08-12,22750,150,23100,23500,21850,617220
79,2020-08-13,21500,1250,22750,22950,21400,613868
78,2020-08-14,21450,50,21250,22000,20200,608789
77,2020-08-18,20800,650,21700,23650,20400,1008082
76,2020-08-19,21400,600,20900,21400,19850,530445
73,2020-08-20,21700,300,21600,22800,20650,752919
72,2020-08-21,22150,450,22200,23150,21400,719122
71,2020-08-24,22400,250,21750,22700,21300,360431
70,2020-08-25,23350,950,22600,23450,22250,558788
69,2020-08-26,23750,400,23850,24650,23200,847977
65,2020-08-27,22150,1600,23900,24100,21950,624873
64,2020-08-28,21600,550,21950,22300,21350,376039
63,2020-08-31,21250,350,21700,22100,20750,407365
62,2020-09-01,22200,950,21550,22750,21200,382086
61,2020-09-02,22250,50,22350,22650,21850,219415
58,2020-09-03,23200,950,23100,24150,22800,879421
57,2020-09-04,22800,400,21800,22850,21800,511977
56,2020-09-07,23100,300,23200,23500,22600,450923
55,2020-09-08,22700,400,23500,23650,22450,373977
54,2020-09-09,22300,400,22100,22500,21900,211381
50,2020-09-10,22000,300,22600,22950,21650,360640
49,2020-09-11,21900,100,21700,22100,21500,197760
48,2020-09-14,22050,150,22250,22250,21750,177327
47,2020-09-15,23450,1400,22500,23800,22200,713647
46,2020-09-16,22700,750,23800,24100,22700,394060
43,2020-09-17,21750,950,22700,22750,21750,325560
42,2020-09-18,21900,150,22000,22150,21300,203625
41,2020-09-21,21900,0,22000,22850,21600,306183
40,2020-09-22,20500,1400,22000,22000,20350,356479
39,2020-09-23,19900,600,21050,21050,19550,280843
35,2020-09-24,18700,1200,19250,19650,18300,297410
34,2020-09-25,18500,200,19000,19200,18050,161810
33,2020-09-28,19700,1200,18900,19800,18750,198700
32,2020-09-29,20100,400,19850,20500,19850,180296
31,2020-10-05,20650,550,19950,20850,19900,117975
28,2020-10-06,21550,900,21250,21850,21150,285217
27,2020-10-07,21500,50,21350,21700,21100,94075
26,2020-10-08,20800,700,21550,21750,20800,264913
25,2020-10-12,20950,150,21100,21150,20600,110558
24,2020-10-13,20400,550,21050,21050,19700,155057
20,2020-10-14,19800,600,20450,20500,19800,133409
19,2020-10-15,19450,350,19850,20000,19150,121274
18,2020-10-16,19300,150,19550,19700,18850,113939
17,2020-10-19,18800,500,19450,19600,18800,98974
16,2020-10-20,19500,700,18650,19500,18450,115629
13,2020-10-21,19350,150,19600,19600,19200,45443
12,2020-10-22,18800,550,19050,19150,18700,101359
11,2020-10-23,18800,0,18900,19000,18650,46601
10,2020-10-26,18100,700,19000,19000,17950,120796
9,2020-10-27,18300,200,18000,18450,17750,62610
5,2020-10-28,18750,450,18250,18900,18250,49429
4,2020-10-29,18750,0,18150,18750,18100,51909
3,2020-10-30,18200,550,18750,18750,18200,47299
2,2020-11-02,18800,600,18050,19050,18050,55041
1,2020-11-03,19200,400,18850,19350,18850,63882
