,date,close,diff,open,high,low,volume
448,2019-08-16,55100,500,54800,56800,54400,3075
447,2019-08-19,55400,300,56000,56900,55000,1471
446,2019-08-20,55200,200,55400,55900,53800,7629
445,2019-08-21,55100,100,55200,55700,54700,2089
444,2019-08-22,55200,100,55600,55800,54900,1183
440,2019-08-23,54600,600,55200,55700,54600,1395
439,2019-08-26,54700,100,54500,55700,53800,2983
438,2019-08-27,55300,600,54400,55600,54300,1434
437,2019-08-28,55200,100,55900,55900,54700,200
436,2019-08-29,55200,0,55200,55500,54800,1468
433,2019-08-30,55500,300,55000,55800,54700,1868
432,2019-09-02,55300,200,55000,55700,55000,205
431,2019-09-03,56100,800,55200,56200,55200,1567
430,2019-09-04,54200,1900,56100,56100,53800,3309
429,2019-09-05,54100,100,54200,54500,54000,7086
425,2019-09-06,54000,100,54100,54600,54000,1365
424,2019-09-09,53200,800,53500,53900,53200,24352
423,2019-09-10,53700,500,53300,53700,52800,3935
422,2019-09-11,53200,500,53600,54200,52700,4920
421,2019-09-16,54000,800,53400,54100,52900,1529
418,2019-09-17,54900,900,53900,54900,53900,2628
417,2019-09-18,54400,500,55000,55000,54100,1568
416,2019-09-19,54500,100,54400,54600,54000,568
415,2019-09-20,54900,400,54500,55500,54100,2846
414,2019-09-23,55200,300,54600,55800,54600,1211
410,2019-09-24,54900,300,55200,55200,54800,989
409,2019-09-25,53900,1000,54800,54800,53900,1228
408,2019-09-26,53900,0,54400,54400,53700,1409
407,2019-09-27,54000,100,53700,54600,53500,1514
406,2019-09-30,54300,300,53900,55100,53900,1758
403,2019-10-01,55000,700,54300,55300,54300,996
402,2019-10-02,54000,1000,55000,55000,53900,2154
401,2019-10-04,53300,700,54100,54200,53300,2558
400,2019-10-07,53200,100,53300,53500,53100,1629
399,2019-10-08,53500,300,53000,53900,52300,9239
395,2019-10-10,52200,1300,53000,53200,52000,7942
394,2019-10-11,53200,1000,53000,53700,52700,3881
393,2019-10-14,53900,700,53400,54300,53400,1602
392,2019-10-15,53800,100,53500,54000,53200,1598
391,2019-10-16,54300,500,53600,54300,53600,4776
388,2019-10-17,54000,300,54300,54700,53900,733
387,2019-10-18,54100,100,53900,54600,53700,1935
386,2019-10-21,53900,200,54100,54400,53900,720
385,2019-10-22,54000,100,53800,54300,53600,1662
384,2019-10-23,53800,200,54800,54800,52900,2906
380,2019-10-24,53700,100,53800,53800,53200,705
379,2019-10-25,53200,500,53700,53800,53200,1211
378,2019-10-28,53400,200,53300,53800,53100,1875
377,2019-10-29,53700,300,53300,53800,53300,1469
376,2019-10-30,53700,0,54000,54000,53300,2270
373,2019-10-31,53800,100,53700,54300,53500,3174
372,2019-11-01,54300,500,54300,54300,54000,881
371,2019-11-04,54600,300,54300,55000,53800,804
370,2019-11-05,54500,100,54300,54700,54300,158
369,2019-11-06,54200,300,54500,54500,53800,787
365,2019-11-07,53300,900,53800,53800,53300,1033
364,2019-11-08,53800,500,53300,54000,53000,2589
363,2019-11-11,53600,200,53700,53800,53400,1770
362,2019-11-12,54000,400,53500,54100,53300,1523
361,2019-11-13,53800,200,53500,53900,53500,1110
358,2019-11-14,54600,800,53800,54600,53500,2591
357,2019-11-15,56700,2100,56000,57000,55500,8395
356,2019-11-18,57400,700,56700,57400,56500,3680
355,2019-11-19,57400,0,57400,57400,56300,3593
354,2019-11-20,56700,700,57000,57200,56600,978
350,2019-11-21,56500,200,56100,56500,54700,2223
349,2019-11-22,56500,0,55500,56500,55400,1128
348,2019-11-25,56900,400,56500,56900,55900,1798
347,2019-11-26,57300,400,57500,58100,56700,6771
346,2019-11-27,57500,200,57300,57900,56600,2409
343,2019-11-28,57300,200,57600,57600,56300,1794
342,2019-11-29,57300,0,57000,57400,56600,1542
341,2019-12-02,58300,1000,57300,58600,56000,5276
340,2019-12-03,57900,400,57800,58200,57200,1080
339,2019-12-04,57400,500,57200,57900,57200,1331
335,2019-12-05,57400,0,57400,57500,56400,2266
334,2019-12-06,57700,300,57400,57700,56500,2053
333,2019-12-09,57400,300,57000,57700,56700,1657
332,2019-12-10,56700,700,56500,57500,56400,1404
331,2019-12-11,56400,300,57400,57400,56400,2343
328,2019-12-12,56800,400,56100,57000,55800,3043
327,2019-12-13,56000,800,56800,57300,56000,4902
326,2019-12-16,56200,200,56100,56300,55900,646
325,2019-12-17,56100,100,56000,57300,56000,1524
324,2019-12-18,56500,400,56100,56600,56100,635
320,2019-12-19,56600,100,56500,56600,56100,869
319,2019-12-20,57000,400,56600,57100,56600,571
318,2019-12-23,56600,400,57000,57200,56500,511
317,2019-12-24,58200,1600,56600,58300,56500,1351
316,2019-12-26,57300,900,59700,59700,57300,2039
313,2019-12-27,55600,1700,56800,56800,55600,2474
312,2019-12-30,55600,0,55600,56700,55400,1600
311,2020-01-02,55000,600,55700,55800,54900,1776
310,2020-01-03,55000,0,55200,55200,54700,1625
309,2020-01-06,54100,900,55000,55000,54100,1668
305,2020-01-07,54300,200,54100,55000,53800,2505
304,2020-01-08,54000,300,54300,55100,53100,2765
303,2020-01-09,54000,0,54100,55300,54000,2125
302,2020-01-10,54600,600,54100,55200,53600,3940
301,2020-01-13,55600,1000,57300,57300,54100,6155
298,2020-01-14,55000,600,55600,55900,55000,1251
297,2020-01-15,54800,200,55000,55100,54200,1686
296,2020-01-16,54400,400,54800,54800,54400,3725
295,2020-01-17,55300,900,55000,55300,54500,1404
294,2020-01-20,55400,100,55500,55500,54700,3586
290,2020-01-21,54700,700,55000,55100,54400,1516
289,2020-01-22,54800,100,54500,55300,54100,2490
288,2020-01-23,55200,400,54600,55200,54200,747
287,2020-01-28,54400,800,54600,54800,52800,3235
286,2020-01-29,54400,0,54400,54900,54000,867
283,2020-01-30,52800,1600,54400,54500,52700,2439
282,2020-01-31,53800,1000,52800,53900,52200,1845
281,2020-02-03,51900,1900,52800,52800,51200,13252
280,2020-02-04,51000,900,52000,52200,51000,5209
279,2020-02-05,51800,800,51200,51800,50900,3093
275,2020-02-06,52700,900,51900,53700,51500,2774
274,2020-02-07,54000,1300,54900,55600,54000,12032
273,2020-02-10,54100,100,54200,54300,52800,2353
272,2020-02-11,52900,1200,54100,54100,52500,5398
271,2020-02-12,53300,400,52900,53300,52200,6439
268,2020-02-13,53100,200,53300,53300,52200,6364
267,2020-02-14,52600,500,52900,52900,51500,6906
266,2020-02-17,52400,200,52500,52500,52000,1127
265,2020-02-18,51900,500,52400,52400,51300,3898
264,2020-02-19,51600,300,51900,52000,51600,1880
260,2020-02-20,52200,600,51500,52200,51300,2945
259,2020-02-21,52200,0,52300,52500,51200,4378
258,2020-02-24,51400,800,50700,51400,50500,2610
257,2020-02-25,50400,1000,51200,51200,49900,5772
256,2020-02-26,50400,0,50200,50400,49300,4091
253,2020-02-27,49850,550,50400,51500,49800,2401
252,2020-02-28,49700,150,49800,51000,48800,2850
251,2020-03-02,49350,350,49200,50100,49000,1893
250,2020-03-03,49850,500,49450,50400,49200,698
249,2020-03-04,49450,400,49350,50100,49200,3134
245,2020-03-05,50900,1450,49500,50900,49350,2567
244,2020-03-06,50500,400,49800,50800,49050,3041
243,2020-03-09,50900,400,50500,50900,49050,2304
242,2020-03-10,51100,200,50500,52700,49800,1293
241,2020-03-11,50300,800,51000,52600,49750,3126
238,2020-03-12,49800,500,50300,50300,47500,4321
237,2020-03-13,49350,450,50000,50000,45100,9540
236,2020-03-16,49000,350,47850,49450,47200,3712
235,2020-03-17,46500,2500,48000,48900,46500,5151
234,2020-03-18,46500,0,48250,48250,45800,6404
230,2020-03-19,41050,5450,45850,46700,40700,3832
229,2020-03-20,40400,650,41100,41850,39050,11719
228,2020-03-23,36450,3950,39750,39750,35850,5838
227,2020-03-24,36700,250,36750,38100,36250,12113
226,2020-03-25,37250,550,37300,38150,36500,18950
223,2020-03-26,39550,2300,37400,39950,37400,9575
222,2020-03-27,40200,650,40400,41200,39350,6386
221,2020-03-30,40350,150,39750,41000,38800,5438
220,2020-03-31,42900,2550,40750,42900,40400,4112
219,2020-04-01,43350,450,42700,43500,41950,3629
215,2020-04-02,43250,100,43350,43350,42200,3060
214,2020-04-03,43200,50,43550,43550,42750,542
213,2020-04-06,45200,2000,44000,45300,43100,2555
212,2020-04-07,45500,300,45350,46800,44950,1887
211,2020-04-08,48000,2500,45450,49000,44300,6041
208,2020-04-09,49200,1200,49400,49600,47000,4077
207,2020-04-10,48950,250,49200,50700,48200,1009
206,2020-04-13,48450,500,48950,49450,47900,4027
205,2020-04-14,49300,850,49200,50300,48150,1020
204,2020-04-16,49250,50,48900,49300,48100,757
200,2020-04-17,49600,350,49700,49700,48300,2777
199,2020-04-20,48700,900,49600,50200,48200,2276
198,2020-04-21,48400,300,48600,48600,47100,1026
197,2020-04-22,48900,500,48300,49000,46800,2049
196,2020-04-23,48500,400,48900,49600,47950,2725
193,2020-04-24,49100,600,48500,49100,47650,2736
192,2020-04-27,49750,650,49000,49850,48400,1893
191,2020-04-28,50100,350,49750,51200,48700,1260
190,2020-04-29,48800,1300,50100,51000,48800,6159
189,2020-05-04,48650,150,48700,49600,47850,2943
185,2020-05-06,48950,300,48650,49500,47850,4997
184,2020-05-07,48700,250,48950,48950,48350,1478
183,2020-05-08,49650,950,48700,51000,48700,5137
182,2020-05-11,49800,150,49450,50700,48700,2469
181,2020-05-12,49300,500,49950,50400,48800,919
178,2020-05-13,49400,100,48900,49400,48350,2468
177,2020-05-14,48600,800,48800,50700,47700,4573
176,2020-05-15,48500,100,48150,48850,47600,1910
175,2020-05-18,49000,500,49400,49400,47750,4125
174,2020-05-19,49700,700,49600,49700,48150,7257
170,2020-05-20,49600,100,49900,50000,49150,1300
169,2020-05-21,49200,400,50100,50100,48750,2638
168,2020-05-22,49750,550,49250,49750,48700,1725
167,2020-05-25,49400,350,49750,49900,49100,1711
166,2020-05-26,50400,1000,49400,51700,49400,6231
163,2020-05-27,49400,1000,50400,50400,49350,54210
162,2020-05-28,49350,50,49850,49850,48800,4913
161,2020-05-29,50000,650,49350,50900,47950,13288
160,2020-06-01,49900,100,50200,50200,49300,4233
159,2020-06-02,49550,350,49900,49900,49200,4927
155,2020-06-03,49550,0,49600,49650,49100,8615
154,2020-06-04,49550,0,49700,50100,49100,14460
153,2020-06-05,49200,350,49550,49600,49000,8655
152,2020-06-08,49300,100,49300,49450,48750,9604
151,2020-06-09,49250,50,49300,49300,48750,9445
148,2020-06-10,49200,50,49250,49250,48850,3775
147,2020-06-11,48600,600,49200,49200,48600,4328
146,2020-06-12,48500,100,48100,48500,47000,7426
145,2020-06-15,47550,950,48500,48700,47000,5806
144,2020-06-16,47700,150,47900,48200,47400,6884
140,2020-06-17,48100,400,47700,48100,47150,2240
139,2020-06-18,48200,100,48200,48450,47350,3884
138,2020-06-19,47600,600,47750,47900,47600,4348
137,2020-06-22,47150,450,47750,47850,47100,2872
136,2020-06-23,47000,150,47150,47550,46950,4067
133,2020-06-24,46900,100,47250,47250,46900,2020
132,2020-06-25,46950,50,46950,46950,46150,4612
131,2020-06-26,47000,50,47000,47000,46450,2163
130,2020-06-29,46950,50,46950,47000,45550,4130
129,2020-06-30,48200,1250,47000,48250,46250,6937
125,2020-07-01,48000,200,48200,48200,46950,3907
124,2020-07-02,47150,850,48000,48000,47150,2095
123,2020-07-03,47600,450,47150,48050,47000,2167
122,2020-07-06,47150,450,48100,48100,47150,2687
121,2020-07-07,47200,50,47600,47700,46550,4163
118,2020-07-08,47100,100,46750,47200,46550,1727
117,2020-07-09,47000,100,47100,47100,46500,1896
116,2020-07-10,46350,650,47300,47800,45800,5183
115,2020-07-13,45950,400,46350,46500,45950,1991
114,2020-07-14,45950,0,46000,46050,45700,1780
110,2020-07-15,45650,300,46150,46400,45400,4794
109,2020-07-16,45750,100,45650,45900,45450,3145
108,2020-07-17,46000,250,45650,46000,43200,4704
107,2020-07-20,46000,0,46300,46300,45600,1876
106,2020-07-21,45950,50,45750,46000,45500,2179
103,2020-07-22,46450,500,45950,46600,45200,6031
102,2020-07-23,45850,600,46400,46400,45800,1608
101,2020-07-24,45800,50,45700,46150,45500,1307
100,2020-07-27,45900,100,45350,46000,45350,1556
99,2020-07-28,45600,300,45900,46500,45600,1689
95,2020-07-29,45350,250,45900,45900,45300,1594
94,2020-07-30,45500,150,45500,45600,45000,2295
93,2020-07-31,44900,600,45500,45500,44900,1882
92,2020-08-03,45250,350,45000,45250,44750,1085
91,2020-08-04,45450,200,45200,45550,44900,2668
88,2020-08-05,45100,350,45400,45700,45000,3132
87,2020-08-06,45300,200,45250,45400,44850,4185
86,2020-08-07,45600,300,45300,45750,44950,4096
85,2020-08-10,45600,0,45450,46350,45450,7021
84,2020-08-11,45950,350,45950,46000,45400,6184
80,2020-08-12,45600,350,45950,46300,45500,4925
79,2020-08-13,45600,0,45650,45800,45450,7786
78,2020-08-14,46100,500,45700,46100,45200,5025
77,2020-08-18,46600,500,46400,46900,46050,22700
76,2020-08-19,46500,100,46850,50000,45650,35674
73,2020-08-20,45050,1450,46700,47400,44900,16409
72,2020-08-21,45200,150,45200,46000,45000,3172
71,2020-08-24,45400,200,45350,45400,44700,3278
70,2020-08-25,46600,1200,45200,46700,45200,3177
69,2020-08-26,46950,350,46700,47050,46500,5482
65,2020-08-27,46700,250,46900,46900,46150,2232
64,2020-08-28,46550,150,46650,46800,45950,3578
63,2020-08-31,46800,250,46200,46800,46050,2439
62,2020-09-01,46600,200,46800,46800,46250,2614
61,2020-09-02,46650,50,46600,46650,46000,3049
58,2020-09-03,46450,200,46600,46900,46150,3061
57,2020-09-04,45700,750,45800,46350,45500,9278
56,2020-09-07,46750,1050,46000,47050,45750,4800
55,2020-09-08,45950,800,46850,47200,45900,12857
54,2020-09-09,45750,200,45750,46050,45250,8133
50,2020-09-10,46600,850,45800,46700,45800,6946
49,2020-09-11,47150,550,46700,47700,46250,10872
48,2020-09-14,48250,1100,47750,48250,47500,12701
47,2020-09-15,49400,1150,48250,49600,48200,15026
46,2020-09-16,48700,700,49150,50000,48500,9449
43,2020-09-17,47900,800,48700,49200,47400,5243
42,2020-09-18,47300,600,47800,47850,47000,4595
41,2020-09-21,47800,500,47250,48000,47250,3749
40,2020-09-22,46300,1500,47750,47800,46300,5284
39,2020-09-23,46950,650,46350,47150,45650,4328
35,2020-09-24,46350,600,46600,47100,46100,3543
34,2020-09-25,46850,500,47250,47500,46050,3045
33,2020-09-28,47050,200,46850,47050,46600,2031
32,2020-09-29,47400,350,47100,47900,46750,2580
31,2020-10-05,48000,600,47600,48200,47350,3384
28,2020-10-06,48000,0,48200,48350,47600,5529
27,2020-10-07,48400,400,48000,48550,47700,4514
26,2020-10-08,48350,50,48950,48950,48100,3839
25,2020-10-12,48800,450,48650,49300,48250,9101
24,2020-10-13,48750,50,48800,49350,48600,9096
20,2020-10-14,48750,0,49000,49000,48400,3940
19,2020-10-15,50000,1250,49150,50200,48800,12497
18,2020-10-16,49750,250,50000,50700,48700,9585
17,2020-10-19,49600,150,49650,59700,49250,149459
16,2020-10-20,49050,550,49600,51200,48300,32301
13,2020-10-21,49600,550,49050,50500,48400,23302
12,2020-10-22,49500,100,49500,50000,48750,10707
11,2020-10-23,49450,50,49550,50000,48800,7445
10,2020-10-26,49000,450,49450,49450,48650,5168
9,2020-10-27,48950,50,48900,48950,48250,5681
5,2020-10-28,48800,150,48950,49700,48650,5908
4,2020-10-29,48500,300,48250,48600,47150,9178
3,2020-10-30,48000,500,48500,48700,47650,4359
2,2020-11-02,48900,900,48450,49500,48000,3167
1,2020-11-03,49300,400,49200,49500,48800,4292
