,date,close,diff,open,high,low,volume
448,2006-08-29,21150,550,20800,21200,20450,243894
447,2006-08-30,20900,250,20950,21250,20650,127360
446,2006-08-31,20900,0,20850,21150,20700,170586
445,2006-09-01,20600,300,20700,20850,20400,157116
444,2006-09-04,20400,200,20650,20750,20350,107194
440,2006-09-05,20400,0,20400,20600,20350,98847
439,2006-09-06,20250,150,20400,20800,20200,289171
438,2006-09-07,19700,550,20100,20250,19700,220120
437,2006-09-08,19900,200,19750,20250,19750,252735
436,2006-09-11,19900,0,19900,20100,19800,187341
433,2006-09-12,19900,0,19850,19950,19600,136429
432,2006-09-13,19800,100,19900,20000,19750,156470
431,2006-09-14,20150,350,20050,20150,19800,619046
430,2006-09-15,19900,250,20200,20200,19750,222078
429,2006-09-18,19900,0,20000,20050,19800,419499
425,2006-09-19,19850,50,19800,20050,19800,316203
424,2006-09-20,19900,50,19850,20000,19800,267720
423,2006-09-21,19400,500,19900,19950,19400,567199
422,2006-09-22,19050,350,19300,19500,19050,150193
421,2006-09-25,19300,250,19000,19550,19000,127388
418,2006-09-26,18850,450,19300,19500,18850,138187
417,2006-09-27,19000,150,19050,19300,18900,379930
416,2006-09-28,19850,850,19200,19900,19100,1329842
415,2006-09-29,20650,800,19900,20650,19850,443922
414,2006-10-02,20500,150,20550,20600,20300,155616
410,2006-10-04,20200,300,20300,20700,19650,257880
409,2006-10-09,19550,650,20150,20300,18700,463813
408,2006-10-10,19950,400,19500,20000,19200,230946
407,2006-10-11,21000,1050,19650,21000,19650,796802
406,2006-10-12,20650,350,21150,21200,20350,591801
403,2006-10-13,21700,1050,21050,22000,21050,1035921
402,2006-10-16,20800,900,22100,22400,20800,1158995
401,2006-10-17,20550,250,20800,20850,20000,654503
400,2006-10-18,21400,850,20700,21400,20500,415900
399,2006-10-19,21450,50,21650,21700,21150,223235
395,2006-10-20,21200,250,21300,21600,21100,176591
394,2006-10-23,21700,500,21450,21900,21400,314655
393,2006-10-24,21500,200,21950,22050,21500,234542
392,2006-10-25,21100,400,21500,21800,21100,186956
391,2006-10-26,21450,350,21300,21650,21250,232565
388,2006-10-27,22400,950,21450,22600,21100,391991
387,2006-10-30,22700,300,22450,22850,22100,548935
386,2006-10-31,22450,250,22800,23350,22450,387799
385,2006-11-01,22950,500,22850,22950,22400,224159
384,2006-11-02,23150,200,22800,23150,22750,174540
380,2006-11-03,23150,0,23150,23300,22900,146291
379,2006-11-06,22900,250,23000,23250,22750,202260
378,2006-11-07,23000,100,22900,23200,22900,172535
377,2006-11-08,22300,700,22800,23000,22200,291973
376,2006-11-09,22400,100,22300,22600,22300,286540
373,2006-11-10,22500,100,22300,22900,22250,220430
372,2006-11-13,22750,250,22600,22850,22350,180530
371,2006-11-14,22950,200,22900,23100,22700,145740
370,2006-11-15,23400,450,23050,23450,22900,164125
369,2006-11-16,23550,150,23300,23650,23100,250327
365,2006-11-17,23900,350,23550,24000,23350,290820
364,2006-11-20,23750,150,23650,24100,23350,306432
363,2006-11-21,23700,50,23750,23850,23500,220520
362,2006-11-22,23700,0,23550,23750,23150,311335
361,2006-11-23,23300,400,23900,23900,23300,316445
358,2006-11-24,23600,300,23300,23700,22950,130490
357,2006-11-27,23900,300,23500,23900,23300,133208
356,2006-11-28,24000,100,23500,24050,23250,194030
355,2006-11-29,23700,300,23800,24050,23650,206236
354,2006-11-30,24150,450,23800,24150,23650,171191
350,2006-12-01,23900,250,23950,24200,23850,159419
349,2006-12-04,23550,350,23800,23900,23400,148265
348,2006-12-05,23350,200,23550,23550,22950,171600
347,2006-12-06,22850,500,23350,23350,22850,198318
346,2006-12-07,22500,350,22700,23000,22500,185350
343,2006-12-08,22750,250,22400,23000,22100,161376
342,2006-12-11,22950,200,22450,23050,22450,59677
341,2006-12-12,22900,50,23250,23250,22700,124722
340,2006-12-13,23400,500,22500,23400,22500,137571
339,2006-12-14,23500,100,23050,23600,23000,440104
335,2006-12-15,23650,150,23300,23850,23300,257420
334,2006-12-18,23350,300,23550,23650,23300,234053
333,2006-12-19,23600,250,23400,24000,23350,354829
332,2006-12-20,23500,100,23600,23700,23400,332733
331,2006-12-21,24000,500,23450,24100,23400,459126
328,2006-12-22,24100,100,24000,24150,23900,216670
327,2006-12-26,24000,100,24000,24250,23900,482266
326,2006-12-27,23650,350,23600,23800,23450,503902
325,2006-12-28,23500,150,23650,24000,22800,517919
324,2007-01-02,23100,400,23150,23450,22850,189762
320,2007-01-03,23400,300,23150,23750,23100,456455
319,2007-01-04,23450,50,23700,23700,23100,237611
318,2007-01-05,23550,100,23500,23700,23150,441128
317,2007-01-08,23600,50,23550,23800,23500,380811
316,2007-01-09,23750,150,23850,24050,23650,643938
313,2007-01-10,24250,500,23900,24350,23800,686104
312,2007-01-11,25850,1600,24500,25850,24500,562374
311,2007-01-12,26700,850,26000,26850,25550,502900
310,2007-01-15,26700,0,26700,26850,26350,158740
309,2007-01-16,27100,400,26300,27200,26300,200489
305,2007-01-17,27600,500,27000,27600,26550,433802
304,2007-01-18,28500,900,28000,28650,27500,747576
303,2007-01-19,26550,1950,28500,28600,26550,596996
302,2007-01-22,26300,250,27100,27450,25900,234049
301,2007-01-23,27200,900,26300,27500,26000,318887
298,2007-01-24,29200,2000,27800,29200,27500,709636
297,2007-01-25,28400,800,29500,30000,28400,588879
296,2007-01-26,28300,100,28150,28400,27700,440102
295,2007-01-29,28250,50,28700,28850,27900,240030
294,2007-01-30,29500,1250,28600,29850,28550,361296
290,2007-01-31,29500,0,29300,29700,29100,214819
289,2007-02-01,29900,400,30000,30050,29700,235330
288,2007-02-02,29900,0,29750,30100,29650,329010
287,2007-02-05,29500,400,29900,29900,29200,321728
286,2007-02-06,29600,100,29250,29800,29200,455299
283,2007-02-07,31000,1400,29900,31200,29850,709645
282,2007-02-08,31300,300,31000,31300,30100,285896
281,2007-02-09,30700,600,30850,31700,30700,155541
280,2007-02-12,31800,1100,30300,31800,30150,219066
279,2007-02-13,32000,200,31450,32950,31450,331389
275,2007-02-14,32100,100,32300,32400,31600,281657
274,2007-02-15,32350,250,32500,33150,31750,244012
273,2007-02-16,32500,150,32400,32500,31850,168532
272,2007-02-20,32200,300,32100,32800,32100,174304
271,2007-02-21,32200,0,32100,32500,31300,228867
268,2007-02-22,32200,0,32400,32400,31350,245800
267,2007-02-23,32150,50,31600,32200,31600,165150
266,2007-02-26,31450,700,32150,32150,31450,87870
265,2007-02-27,28900,2550,31000,31000,28900,1401816
264,2007-02-28,29450,550,27550,29500,27550,578118
260,2007-03-02,29000,450,29450,29450,28750,364276
259,2007-03-05,29000,0,29050,29200,28700,309916
258,2007-03-06,29000,0,29000,29300,28100,254247
257,2007-03-07,29800,800,29350,29800,28700,260931
256,2007-03-08,29200,600,29900,30550,29100,474433
253,2007-03-09,28400,800,29250,29500,28050,327433
252,2007-03-12,28300,100,28450,28650,27950,253095
251,2007-03-13,27600,700,28300,28550,27250,518608
250,2007-03-14,28250,650,27400,28500,27050,372726
249,2007-03-15,29500,1250,28700,29500,28500,316567
245,2007-03-16,29400,100,29700,29700,28950,159005
244,2007-03-19,28800,600,29600,29600,28600,148950
243,2007-03-20,28450,350,28950,29400,28450,198206
242,2007-03-21,30750,2300,29050,30800,29000,826024
241,2007-03-22,30000,750,30750,30900,29750,683467
238,2007-03-23,29700,300,30150,30150,29250,350626
237,2007-03-26,29800,100,29700,30200,29400,325912
236,2007-03-27,28800,1000,29600,29900,28750,349594
235,2007-03-28,27300,1500,28600,28950,27250,655465
234,2007-03-29,27600,300,27550,28000,27300,450254
230,2007-03-30,27750,150,27900,28100,27600,308849
229,2007-04-02,26650,1100,27500,27500,26450,530982
228,2007-04-03,27300,650,26850,27350,26600,443807
227,2007-04-04,26850,450,27800,28000,26850,425013
226,2007-04-05,26900,50,27000,27150,26550,236160
223,2007-04-06,27250,350,27000,27400,26800,160522
222,2007-04-09,26700,550,27250,27400,26550,378959
221,2007-04-10,27000,300,26850,27100,26500,180879
220,2007-04-11,28650,1650,27450,28700,27400,643324
219,2007-04-12,29000,350,28650,29050,28100,510447
215,2007-04-13,28350,650,28800,28900,28250,227766
214,2007-04-16,29250,900,29600,29750,28700,905944
213,2007-04-17,31050,1800,29750,31450,29600,1073703
212,2007-04-18,30500,550,31050,31250,30150,364672
211,2007-04-19,30050,450,30500,30500,29750,721358
208,2007-04-20,30550,500,30400,31200,30250,346437
207,2007-04-23,31100,550,30700,31500,30550,552950
206,2007-04-24,31550,450,30900,31750,30700,325699
205,2007-04-25,31700,150,31750,32800,31600,524973
204,2007-04-26,32400,700,32000,32400,31200,366728
200,2007-04-27,31950,450,32050,32600,31050,179668
199,2007-04-30,31500,450,31600,32450,31250,134699
198,2007-05-02,33000,1500,32200,33300,31650,365514
197,2007-05-03,33000,0,32700,33250,32600,214508
196,2007-05-04,32450,550,32800,32800,32000,207190
193,2007-05-07,32250,200,32650,32900,31800,260015
192,2007-05-08,32400,150,32250,33850,32200,286146
191,2007-05-09,33500,1100,32900,33500,32550,189649
190,2007-05-10,35200,1700,34200,36300,33800,466142
189,2007-05-11,38350,3150,35000,38800,34650,691568
185,2007-05-14,39500,1150,39400,41750,38900,787222
184,2007-05-15,38600,900,39900,40000,37600,346769
183,2007-05-16,36800,1800,38100,38550,36050,376278
182,2007-05-17,39050,2250,37000,39300,36200,440992
181,2007-05-18,38800,250,39000,40750,38500,346837
178,2007-05-21,39050,250,37600,39250,37600,293156
177,2007-05-22,41000,1950,39500,41000,38600,361909
176,2007-05-23,41500,500,41500,42800,39900,473915
175,2007-05-25,40900,600,40200,41800,40050,225729
174,2007-05-28,39800,1100,40950,41100,39500,312361
170,2007-05-29,41700,1900,40600,42000,40200,266020
169,2007-05-30,40600,1100,41700,41700,40000,267530
168,2007-05-31,41100,500,41700,41700,40500,366262
167,2007-06-01,40000,1100,41100,41750,40000,520134
166,2007-06-04,39800,200,40200,40800,39700,333641
163,2007-06-05,38600,1200,39300,39800,38350,358024
162,2007-06-07,38500,100,37450,39100,37400,491747
161,2007-06-08,38100,400,38500,39400,37500,423676
160,2007-06-11,37200,900,38200,38800,36400,387506
159,2007-06-12,38850,1650,37300,39000,37300,355060
155,2007-06-13,37600,1250,38600,38600,37500,397078
154,2007-06-14,37600,0,38450,38450,37000,562353
153,2007-06-15,36250,1350,38000,38350,36050,1013126
152,2007-06-18,35950,300,36650,36850,35400,849543
151,2007-06-19,37650,1700,36100,37650,35650,716183
148,2007-06-20,35050,2600,37650,37700,35000,781497
147,2007-06-21,36250,1200,34900,36250,34100,557411
146,2007-06-22,35300,950,36500,36500,34950,424279
145,2007-06-25,35800,500,35000,35800,34800,302728
144,2007-06-26,35800,0,35550,36150,35000,214284
140,2007-06-27,36700,900,35800,36900,35700,459862
139,2007-06-28,38300,1600,37300,38300,37050,681595
138,2007-06-29,36050,2250,38400,38500,36000,696790
137,2007-07-02,37050,1000,36050,37150,35400,284161
136,2007-07-03,36900,150,37500,37500,36500,557580
133,2007-07-04,41300,4400,37250,41700,37200,1445843
132,2007-07-05,41000,300,42700,45800,39500,2403604
131,2007-07-06,41350,350,42500,42900,41000,591555
130,2007-07-09,41450,100,42000,42200,40800,489900
129,2007-07-10,40800,650,41750,41800,40200,596300
125,2007-07-11,41700,900,41000,42000,40500,582337
124,2007-07-12,40900,800,41900,42200,40850,489834
123,2007-07-13,42300,1400,41500,43700,41100,829678
122,2007-07-16,42300,0,42800,43250,41600,328546
121,2007-07-18,42300,0,42350,42800,41650,459653
118,2007-07-19,43500,1200,42350,43750,42350,627388
117,2007-07-20,43750,250,43500,44050,43050,350436
116,2007-07-23,44900,1150,43500,45000,43100,266610
115,2007-07-24,44750,150,46000,46000,44750,601865
114,2007-07-25,44150,600,44750,45000,43750,324931
110,2007-07-26,43900,250,44200,45000,43900,297181
109,2007-07-27,41000,2900,42150,42400,41000,441825
108,2007-07-30,42250,1250,40550,42250,40500,296863
107,2007-07-31,43950,1700,42900,43950,41950,533353
106,2007-08-01,42750,1200,43100,44350,41650,482144
103,2007-08-02,42100,650,42750,43500,41000,375757
102,2007-08-03,42300,200,42100,42750,41500,581658
101,2007-08-06,40200,2100,40700,41800,40200,208315
100,2007-08-07,39100,1100,40300,40550,38950,458944
99,2007-08-08,40850,1750,39100,41050,39100,573069
95,2007-08-09,39900,950,41050,41100,39750,313929
94,2007-08-10,39000,900,38300,39900,38250,335706
93,2007-08-13,40000,1000,38550,40000,38250,165480
92,2007-08-14,39100,900,39300,40000,38850,162401
91,2007-08-16,37300,1800,37200,39100,35150,504126
88,2007-08-17,35000,2300,36950,37300,34150,295656
87,2007-08-20,36100,1100,36000,36750,35350,282481
86,2007-08-21,36200,100,36500,36700,36150,288677
85,2007-08-22,37700,1500,36150,38000,36150,228212
84,2007-08-23,38900,1200,38700,39800,38000,417677
80,2007-08-24,40700,1800,39450,42200,39000,379459
79,2007-08-27,41650,950,42000,42850,41350,267151
78,2007-08-28,43000,1350,41100,43350,40600,360037
77,2007-08-29,44300,1300,41300,44750,41300,436774
76,2007-08-30,45000,700,45050,45500,43000,240871
73,2007-08-31,45400,400,44300,45550,44300,387739
72,2007-09-03,44600,800,45500,45500,43900,224503
71,2007-09-04,44000,600,44900,45000,43650,141659
70,2007-09-05,43250,750,43900,44350,43200,158765
69,2007-09-06,44150,900,43200,44700,43200,272696
65,2007-09-07,43700,450,44100,44150,43300,167820
64,2007-09-10,43600,100,42500,43600,41100,170335
63,2007-09-11,42400,1200,43200,43300,41650,129030
62,2007-09-12,43000,600,43000,43500,42550,174971
61,2007-09-13,43700,700,43300,43700,42850,136899
58,2007-09-14,45500,1800,44000,45500,43800,282676
57,2007-09-17,47950,2450,46000,48000,46000,267547
56,2007-09-18,46500,1450,48500,48800,46000,208262
55,2007-09-19,48300,1800,48000,48500,47150,249560
54,2007-09-20,48600,300,48300,48900,48050,168372
50,2007-09-21,46900,1700,48000,49200,46450,186803
49,2007-09-27,46550,350,48400,48400,45500,279710
48,2007-09-28,45500,1050,46550,47400,45200,185435
47,2007-10-01,46400,900,45700,46800,45700,207609
46,2007-10-02,48500,2100,47100,48900,46750,273872
43,2007-10-04,49000,500,48950,49000,47600,202986
42,2007-10-05,49500,500,49950,50500,48800,255549
41,2007-10-08,50500,1000,49650,51000,48700,161640
40,2007-10-09,52500,2000,49500,52500,49500,377990
39,2007-10-10,53800,1300,53100,55200,52800,406299
35,2007-10-11,55000,1200,55700,56000,54100,292701
34,2007-10-12,51300,3700,55500,56000,51100,449826
33,2007-10-15,51200,100,50600,53300,50200,169021
32,2007-10-16,50400,800,51200,52100,48800,247915
31,2007-10-17,54000,3600,50900,54200,50600,422260
28,2007-10-18,55600,1600,54600,59800,54300,369375
27,2007-10-19,56500,900,55500,59400,54100,341133
26,2007-10-22,54100,2400,53700,54700,51500,353925
25,2007-10-23,57000,2900,55000,57000,55000,198647
24,2007-10-24,54200,2800,58100,58800,54000,313122
20,2007-10-25,54200,0,55100,56500,52000,167316
19,2007-10-26,54300,100,53900,56000,53200,145603
18,2007-10-29,52400,1900,54300,56500,52400,502880
17,2007-10-30,52400,0,52400,52400,52400,0
16,2007-10-31,52400,0,52400,52400,52400,0
13,2007-11-01,52400,0,52400,52400,52400,0
12,2007-11-02,52400,0,52400,52400,52400,0
11,2007-11-05,52400,0,52400,52400,52400,0
10,2007-11-06,52400,0,52400,52400,52400,0
9,2007-11-07,52400,0,52400,52400,52400,0
5,2007-11-08,52400,0,52400,52400,52400,0
4,2007-11-09,52400,0,52400,52400,52400,0
3,2007-11-12,52400,0,52400,52400,52400,0
2,2007-11-13,52400,0,52400,52400,52400,0
