,date,close,diff,open,high,low,volume
448,2019-08-16,105500,1000,104500,106500,103000,140144
447,2019-08-19,105500,0,106000,107000,104000,72073
446,2019-08-20,103500,2000,106500,108000,102500,159799
445,2019-08-21,104000,500,103000,104500,102000,62727
444,2019-08-22,100000,4000,104000,104500,99800,158955
440,2019-08-23,100500,500,99000,101500,98600,139118
439,2019-08-26,94400,6100,96300,96500,92600,418067
438,2019-08-27,97800,3400,96600,99400,96100,236695
437,2019-08-28,97300,500,98000,98700,96700,109804
436,2019-08-29,95300,2000,97700,98400,94800,162454
433,2019-08-30,98500,3200,97400,101000,96900,294785
432,2019-09-02,99100,600,98100,99900,97500,84581
431,2019-09-03,99900,800,99000,101000,97800,131688
430,2019-09-04,104500,4600,99600,104500,99200,188344
429,2019-09-05,105000,500,105000,107000,103500,196381
425,2019-09-06,103000,2000,107500,108000,102500,161255
424,2019-09-09,99000,4000,104000,105000,98900,329386
423,2019-09-10,101000,2000,99300,102500,99300,226748
422,2019-09-11,101000,0,101000,102000,100000,220680
421,2019-09-16,104000,3000,101500,104000,101500,139573
418,2019-09-17,105500,1500,104000,106000,103000,158302
417,2019-09-18,105000,500,106000,106000,102000,152427
416,2019-09-19,105000,0,105000,107500,104500,169637
415,2019-09-20,105500,500,105500,106500,104000,84306
414,2019-09-23,106000,500,105000,106000,104000,97346
410,2019-09-24,112000,6000,106000,112500,105500,259721
409,2019-09-25,110000,2000,112000,115000,110000,247800
408,2019-09-26,114000,4000,112000,116000,111500,233427
407,2019-09-27,114500,500,115500,117000,113000,158698
406,2019-09-30,114000,500,114500,115000,111000,132093
403,2019-10-01,119500,5500,115000,120000,114500,284535
402,2019-10-02,116000,3500,118500,119000,116000,129338
401,2019-10-04,116500,500,115500,120000,113500,213823
400,2019-10-07,117000,500,118000,118500,113500,124193
399,2019-10-08,114000,3000,117500,117500,113500,205041
395,2019-10-10,114000,0,114000,117500,113000,191713
394,2019-10-11,116000,2000,116000,118000,115000,151793
393,2019-10-14,115500,500,118000,118500,115500,104774
392,2019-10-15,116500,1000,116000,117500,115500,78263
391,2019-10-16,122000,5500,118000,123000,117500,283425
388,2019-10-17,121500,500,123000,123500,119000,140123
387,2019-10-18,123000,1500,122000,125000,122000,174178
386,2019-10-21,124500,1500,123500,124500,121500,96786
385,2019-10-22,126000,1500,124500,126500,122500,134214
384,2019-10-23,125500,500,127500,127500,124500,167875
380,2019-10-24,126000,500,125000,126000,123500,96918
379,2019-10-25,126500,500,126500,127500,125000,86258
378,2019-10-28,126000,500,127000,128000,126000,104115
377,2019-10-29,126500,500,127000,127500,126000,84414
376,2019-10-30,120000,6500,127000,127500,119000,464529
373,2019-10-31,121000,1000,121500,123000,120000,143905
372,2019-11-01,121500,500,121500,122000,120000,105969
371,2019-11-04,122500,1000,122500,123500,121500,69661
370,2019-11-05,123000,500,122500,123500,121500,102442
369,2019-11-06,121000,2000,123000,123000,121000,96572
365,2019-11-07,121000,0,120500,122500,120000,84673
364,2019-11-08,122500,1500,122500,123000,121000,75165
363,2019-11-11,119000,3500,122500,122500,118000,115577
362,2019-11-12,120500,1500,119500,121000,118000,60421
361,2019-11-13,119000,1500,120500,120500,118000,65733
358,2019-11-14,120000,1000,119000,120500,118500,98917
357,2019-11-15,123500,3500,119500,124000,119000,113365
356,2019-11-18,121000,2500,123000,123500,120500,78794
355,2019-11-19,119500,1500,120000,121500,118500,86701
354,2019-11-20,116500,3000,119000,119000,116000,123934
350,2019-11-21,118000,1500,117000,118500,115000,142995
349,2019-11-22,120500,2500,118000,121000,117500,121298
348,2019-11-25,123500,3000,120500,124500,120500,180163
347,2019-11-26,128000,4500,124500,129500,124000,331114
346,2019-11-27,126000,2000,128000,128500,125000,91086
343,2019-11-28,125000,1000,125500,127000,124000,82324
342,2019-11-29,122000,3000,125500,126500,121000,131813
341,2019-12-02,123000,1000,122500,124000,122000,74480
340,2019-12-03,125000,2000,121000,126500,120500,148288
339,2019-12-04,125500,500,123500,125500,121000,153800
335,2019-12-05,125000,500,126500,128000,123500,118194
334,2019-12-06,129000,4000,125500,129500,125000,182179
333,2019-12-09,130500,1500,130000,131000,129000,113685
332,2019-12-10,131000,500,130500,131500,128500,117525
331,2019-12-11,133500,2500,130500,134000,130000,183420
328,2019-12-12,134500,1000,134500,135500,133000,240500
327,2019-12-13,133000,1500,135500,136500,132500,151144
326,2019-12-16,133000,0,133500,134500,131500,116892
325,2019-12-17,131500,1500,132500,133500,129500,169704
324,2019-12-18,129500,2000,131000,133000,129500,131652
320,2019-12-19,132000,2500,131000,133500,130000,161665
319,2019-12-20,136000,4000,132500,136500,132000,172510
318,2019-12-23,134500,1500,137000,137000,133500,93938
317,2019-12-24,135500,1000,134500,136000,133500,69744
316,2019-12-26,134500,1000,135500,135500,132500,76395
313,2019-12-27,140000,5500,134000,140000,132500,164555
312,2019-12-30,140000,0,140000,140000,138000,68021
311,2020-01-02,139000,1000,140000,141500,138500,102519
310,2020-01-03,139500,500,141000,143000,138000,111592
309,2020-01-06,142000,2500,138500,142500,136000,110591
305,2020-01-07,141000,1000,142500,143000,139500,144046
304,2020-01-08,137500,3500,139000,139500,135500,239490
303,2020-01-09,145500,8000,139500,145500,139500,293629
302,2020-01-10,148500,3000,146000,151000,145000,195372
301,2020-01-13,154000,5500,148000,154000,147000,201631
298,2020-01-14,151000,3000,154500,155000,150000,171277
297,2020-01-15,148000,3000,150000,151500,146500,220402
296,2020-01-16,147500,500,147000,149000,146000,123212
295,2020-01-17,148500,1000,149500,151000,147500,115438
294,2020-01-20,147500,1000,149500,151500,147500,124661
290,2020-01-21,148000,500,148500,149500,147000,89682
289,2020-01-22,148000,0,148000,148500,145500,110366
288,2020-01-23,152500,4500,147000,153500,146000,173243
287,2020-01-28,151500,1000,147000,153000,146000,234923
286,2020-01-29,158000,6500,154500,160000,154500,388880
283,2020-01-30,155500,2500,160000,163500,154000,360798
282,2020-01-31,152000,3500,156500,158500,151000,245518
281,2020-02-03,150500,1500,149000,151000,142500,353483
280,2020-02-04,155000,4500,148000,155000,147500,350711
279,2020-02-05,152000,3000,156000,161000,151000,311516
275,2020-02-06,156000,4000,154000,157500,151000,218885
274,2020-02-07,150500,5500,153500,154500,150000,218071
273,2020-02-10,147000,3500,148500,148500,144000,259021
272,2020-02-11,151000,4000,149500,152500,148500,216429
271,2020-02-12,151000,0,151000,152000,149000,142227
268,2020-02-13,154000,3000,153500,158000,152500,331103
267,2020-02-14,155000,1000,156000,159000,153500,187280
266,2020-02-17,155500,500,155000,159000,153000,151171
265,2020-02-18,148500,7000,154000,154000,148000,365652
264,2020-02-19,149500,1000,149000,150500,145500,220579
260,2020-02-20,147000,2500,151000,151500,146500,212373
259,2020-02-21,149000,2000,144000,149500,143500,143556
258,2020-02-24,144000,5000,145000,148000,143500,164505
257,2020-02-25,146500,2500,143000,148000,142000,220457
256,2020-02-26,145000,1500,142500,148500,140500,168676
253,2020-02-27,143500,1500,143500,147500,142000,157807
252,2020-02-28,130000,13500,139500,140500,128500,551339
251,2020-03-02,137500,7500,130500,140500,129000,358597
250,2020-03-03,136000,1500,143500,145000,136000,321236
249,2020-03-04,136000,0,132500,138500,132500,204531
245,2020-03-05,140000,4000,140000,142500,138000,313252
244,2020-03-06,136000,4000,138000,139000,135000,154251
243,2020-03-09,126000,10000,132000,132500,124500,368951
242,2020-03-10,127500,1500,123500,128500,122500,489480
241,2020-03-11,120500,7000,127000,127000,120000,314863
238,2020-03-12,113000,7500,117000,120000,111500,468120
237,2020-03-13,105500,7500,105000,109500,100500,783139
236,2020-03-16,96500,9000,106500,107000,96500,546732
235,2020-03-17,93700,2800,92000,98500,90600,469854
234,2020-03-18,83200,10500,94700,95300,83200,579437
230,2020-03-19,76300,6900,86100,89400,75700,485245
229,2020-03-20,99100,22800,80600,99100,78600,847968
228,2020-03-23,91300,7800,92500,97000,86200,656846
227,2020-03-24,107500,16200,95800,114500,94600,1404434
226,2020-03-25,113500,6000,115000,126000,111000,1082656
223,2020-03-26,107500,6000,113500,115000,107500,614784
222,2020-03-27,108500,1000,114000,116000,103000,656381
221,2020-03-30,114000,5500,104500,116000,104000,433381
220,2020-03-31,114000,0,117500,117500,111000,403951
219,2020-04-01,108500,5500,114000,117500,108500,421645
215,2020-04-02,113000,4500,111000,114500,107000,371857
214,2020-04-03,110000,3000,115000,115000,109500,270855
213,2020-04-06,122000,12000,112000,122500,111500,575285
212,2020-04-07,128500,6500,126000,130000,123000,573155
211,2020-04-08,126500,2000,129000,131500,126500,330346
208,2020-04-09,125000,1500,129000,130000,123000,343195
207,2020-04-10,124000,1000,124000,124000,119000,335378
206,2020-04-13,117500,6500,123000,123000,117500,276368
205,2020-04-14,123000,5500,120500,123500,120000,253263
204,2020-04-16,126000,3000,121000,126000,120500,248233
200,2020-04-17,132500,6500,129000,133500,128500,526932
199,2020-04-20,130000,2500,129500,132000,128500,275074
198,2020-04-21,128000,2000,130000,131000,125500,255235
197,2020-04-22,129500,1500,126500,129500,123500,252396
196,2020-04-23,128500,1000,130000,131500,128500,192230
193,2020-04-24,126000,2500,128500,130500,126000,151619
192,2020-04-27,136000,10000,127500,137500,127000,462280
191,2020-04-28,136500,500,136500,138500,134500,309713
190,2020-04-29,132000,4500,136500,136500,131500,382840
189,2020-05-04,131500,500,128000,133000,127000,211701
185,2020-05-06,131500,0,133000,133000,129500,226286
184,2020-05-07,132500,1000,130500,133500,130000,174195
183,2020-05-08,137500,5000,134500,140500,133500,463718
182,2020-05-11,136000,1500,139000,139500,136000,201947
181,2020-05-12,142000,6000,136500,144000,136000,379410
178,2020-05-13,146000,4000,139500,146000,139000,246446
177,2020-05-14,143000,3000,145000,149000,143000,369874
176,2020-05-15,146000,3000,145500,147500,142000,175754
175,2020-05-18,138500,7500,145000,145000,136500,444203
174,2020-05-19,139500,1000,142000,142500,138000,227252
170,2020-05-20,142000,2500,139500,143500,139000,215537
169,2020-05-21,141000,1000,143500,143500,139000,191571
168,2020-05-22,137500,3500,141000,141000,136500,187242
167,2020-05-25,137500,0,138500,139000,134500,122512
166,2020-05-26,142000,4500,138000,142000,138000,232040
163,2020-05-27,140500,1500,141500,143000,139500,199150
162,2020-05-28,144000,3500,141000,148500,140500,465668
161,2020-05-29,147500,3500,145000,148000,143000,342629
160,2020-06-01,153000,5500,147500,154000,146000,319112
159,2020-06-02,154000,1000,152000,158000,150500,279540
155,2020-06-03,152000,2000,157000,157000,152000,208400
154,2020-06-04,153000,1000,153500,156000,151000,186188
153,2020-06-05,153500,500,153000,155500,151000,173240
152,2020-06-08,159500,6000,156000,160000,154000,233099
151,2020-06-09,157500,2000,160500,161500,155500,145510
148,2020-06-10,164500,7000,159500,166000,159000,339108
147,2020-06-11,167000,2500,165500,172000,164000,460347
146,2020-06-12,173000,6000,159500,173000,158500,335866
145,2020-06-15,160000,13000,171000,172500,159000,272176
144,2020-06-16,169500,9500,166000,169500,163000,217329
140,2020-06-17,169500,0,172500,174500,164000,245439
139,2020-06-18,167000,2500,167500,169500,165500,102190
138,2020-06-19,166500,500,169000,169000,162000,172178
137,2020-06-22,161000,5500,163500,165500,161000,192150
136,2020-06-23,164000,3000,164500,170000,162500,281113
133,2020-06-24,168000,4000,166000,169500,163000,214867
132,2020-06-25,162500,5500,165000,166500,162000,152419
131,2020-06-26,171500,9000,165500,171500,162500,296752
130,2020-06-29,171500,0,168500,173000,166500,195007
129,2020-06-30,174500,3000,174500,179000,173500,333467
125,2020-07-01,175000,500,176500,178500,173500,143766
124,2020-07-02,173000,2000,176500,177000,172000,100555
123,2020-07-03,176000,3000,172500,177500,172000,109482
122,2020-07-06,178500,2500,177000,178500,172500,137135
121,2020-07-07,175500,3000,180000,180000,175500,131564
118,2020-07-08,173500,2000,175500,179000,173500,185304
117,2020-07-09,179500,6000,174500,179500,173000,171069
116,2020-07-10,177000,2500,180500,181000,174500,126707
115,2020-07-13,173500,3500,179500,179500,172000,214564
114,2020-07-14,174000,500,173000,175000,171500,131599
110,2020-07-15,169000,5000,174500,175000,168000,219888
109,2020-07-16,163500,5500,168500,171000,161500,246792
108,2020-07-17,165000,1500,164000,166000,163500,126754
107,2020-07-20,161000,4000,167000,167000,159500,234878
106,2020-07-21,171000,10000,162500,172000,161500,440261
103,2020-07-22,164500,6500,171500,171500,163000,326333
102,2020-07-23,160500,4000,167000,170000,159500,510467
101,2020-07-24,156000,4500,158500,160500,155000,287131
100,2020-07-27,157000,1000,156000,160000,156000,182513
99,2020-07-28,163000,6000,159500,165000,159500,292320
95,2020-07-29,162000,1000,162500,164500,160000,149108
94,2020-07-30,162000,0,164000,165000,162000,114044
93,2020-07-31,161000,1000,165500,166500,161000,165939
92,2020-08-03,165000,4000,161000,165500,161000,210011
91,2020-08-04,167000,2000,167000,167000,163000,192571
88,2020-08-05,163000,4000,167500,167500,162000,253805
87,2020-08-06,163000,0,163500,164500,161500,182359
86,2020-08-07,165000,2000,164500,166500,163000,264314
85,2020-08-10,160500,4500,165000,165000,158000,321918
84,2020-08-11,160000,500,161000,162500,157000,195262
80,2020-08-12,161500,1500,159000,161500,158000,192240
79,2020-08-13,166000,4500,163000,167500,162000,438222
78,2020-08-14,163500,2500,166500,168000,161500,169898
77,2020-08-18,154500,9000,162500,165000,151000,418830
76,2020-08-19,154500,0,154500,156000,152000,153435
73,2020-08-20,145000,9500,153000,153500,143500,325065
72,2020-08-21,146500,1500,148000,149000,143500,171356
71,2020-08-24,155000,8500,148000,156000,145500,228720
70,2020-08-25,152000,3000,156500,157000,149000,267834
69,2020-08-26,149500,2500,151000,151000,147500,177660
65,2020-08-27,146500,3000,149500,150000,146500,114677
64,2020-08-28,147000,500,147000,149000,146000,101248
63,2020-08-31,145000,2000,147500,149000,144500,128873
62,2020-09-01,153500,8500,145500,154500,141500,322368
61,2020-09-02,169000,15500,158500,169000,158000,818324
58,2020-09-03,163000,6000,168500,169000,162000,269915
57,2020-09-04,158000,5000,155500,160500,155000,270454
56,2020-09-07,158500,500,160000,161000,156500,116202
55,2020-09-08,162000,3500,160000,164500,160000,194051
54,2020-09-09,166000,4000,161000,167500,160000,333883
50,2020-09-10,169500,3500,169000,172500,165000,481188
49,2020-09-11,169500,0,168500,170000,166000,173693
48,2020-09-14,170000,500,171500,171500,168000,111647
47,2020-09-15,169500,500,171000,171000,166000,174968
46,2020-09-16,168500,1000,171000,172000,167500,127730
43,2020-09-17,162000,6500,167500,168000,161500,210746
42,2020-09-18,161500,500,161500,164500,160000,287773
41,2020-09-21,157500,4000,160000,163000,156000,166897
40,2020-09-22,155000,2500,159000,161000,154000,157282
39,2020-09-23,154500,500,156500,157500,152000,155945
35,2020-09-24,147500,7000,152000,154000,146500,175012
34,2020-09-25,151500,4000,149000,152000,146000,121813
33,2020-09-28,155500,4000,154000,157500,153500,106135
32,2020-09-29,155000,500,158000,158500,153500,118006
31,2020-10-05,157000,2000,155000,157000,153500,90040
28,2020-10-06,157000,0,158000,158500,156500,107303
27,2020-10-07,166000,9000,157000,166500,155000,261275
26,2020-10-08,166000,0,167500,169000,164000,230506
25,2020-10-12,162000,4000,167500,168000,161500,117661
24,2020-10-13,163000,1000,166500,168500,162000,195485
20,2020-10-14,163000,0,166000,169000,162500,224184
19,2020-10-15,159500,3500,163000,163500,156000,127547
18,2020-10-16,157000,2500,158000,160000,155000,90591
17,2020-10-19,164000,7000,158000,165000,157000,195739
16,2020-10-20,164500,500,162500,164500,160000,107310
13,2020-10-21,164000,500,165000,167000,162500,127746
12,2020-10-22,157500,6500,163000,163000,157000,144489
11,2020-10-23,157500,0,160000,161000,156000,88190
10,2020-10-26,152500,5000,157000,158500,152000,119920
9,2020-10-27,155000,2500,152500,157500,150000,113868
5,2020-10-28,162000,7000,155000,162500,154000,159522
4,2020-10-29,158000,4000,158000,159500,155000,120338
3,2020-10-30,152000,6000,157000,157000,152000,144349
2,2020-11-02,151000,1000,152000,152000,148500,97298
1,2020-11-03,152000,1000,152000,153000,150500,96716
