,date,close,diff,open,high,low,volume
448,2019-08-16,57900,700,58000,59100,57800,18352
447,2019-08-19,59300,1400,57700,60200,57700,23546
446,2019-08-20,59600,300,58700,60300,58700,14965
445,2019-08-21,59900,300,59600,60200,58900,10317
444,2019-08-22,60300,400,60500,60500,59000,17637
440,2019-08-23,59600,700,60300,60300,59600,8118
439,2019-08-26,58500,1100,58700,59600,58400,14069
438,2019-08-27,58100,400,58500,59000,58000,13120
437,2019-08-28,58800,700,58500,59000,57100,19264
436,2019-08-29,59000,200,58400,59100,58100,7972
433,2019-08-30,58900,100,58500,59800,58500,13882
432,2019-09-02,60700,1800,58500,61100,58500,24539
431,2019-09-03,60700,0,60300,61500,60300,13753
430,2019-09-04,61600,900,60300,61600,60200,19881
429,2019-09-05,61400,200,60800,62100,60800,19291
425,2019-09-06,60100,1300,60900,62000,60000,13865
424,2019-09-09,61600,1500,59700,62500,59700,27753
423,2019-09-10,63400,1800,61600,63800,61600,31317
422,2019-09-11,64000,600,63600,64600,63500,29714
421,2019-09-16,63600,400,64600,64900,63200,15872
418,2019-09-17,63700,100,63000,64500,62500,18989
417,2019-09-18,63100,600,63700,64200,63000,11074
416,2019-09-19,62200,900,62800,63700,62000,18996
415,2019-09-20,62900,700,62100,62900,61500,12233
414,2019-09-23,61900,1000,62800,63200,61900,7400
410,2019-09-24,62300,400,62500,62600,61800,9012
409,2019-09-25,61600,700,62700,62900,61300,14365
408,2019-09-26,61000,600,60600,61800,59900,29618
407,2019-09-27,60100,900,61100,61400,60100,8668
406,2019-09-30,60300,200,59800,60800,59300,12479
403,2019-10-01,61500,1200,60300,61700,59800,13609
402,2019-10-02,59700,1800,61500,61500,59600,14426
401,2019-10-04,59200,500,59600,60200,59100,10081
400,2019-10-07,59700,500,59000,60500,58600,12734
399,2019-10-08,60400,700,60400,60400,59200,15036
395,2019-10-10,58600,1800,59400,60200,58600,28275
394,2019-10-11,57900,700,59700,59700,57200,40523
393,2019-10-14,58400,500,58000,58400,57600,20654
392,2019-10-15,58800,400,57800,59400,57800,16320
391,2019-10-16,59100,300,58600,59200,58100,13613
388,2019-10-17,58700,400,59300,59600,58700,11743
387,2019-10-18,58100,600,59300,59300,57700,45125
386,2019-10-21,57100,1000,58400,58500,56700,29104
385,2019-10-22,57900,800,57400,58200,56800,15101
384,2019-10-23,58200,300,57900,58900,57200,15923
380,2019-10-24,58100,100,57600,59100,57600,16944
379,2019-10-25,59300,1200,58800,59500,57700,19910
378,2019-10-28,59800,500,59900,60200,58800,15415
377,2019-10-29,59700,100,60100,60300,59500,7759
376,2019-10-30,58600,1100,59200,59700,58600,9677
373,2019-10-31,59500,900,59300,59900,58500,16671
372,2019-11-01,58600,900,59100,59500,58100,9577
371,2019-11-04,59400,800,59100,60000,58200,18749
370,2019-11-05,59700,300,59300,60000,59000,10980
369,2019-11-06,59600,100,59400,60300,59200,14281
365,2019-11-07,59800,200,59100,60200,59100,23449
364,2019-11-08,59800,0,60000,60300,59500,15848
363,2019-11-11,59500,300,59500,60100,58700,11914
362,2019-11-12,60400,900,59100,60700,58800,18634
361,2019-11-13,59600,800,60900,60900,59400,9840
358,2019-11-14,60200,600,59500,60300,59300,17101
357,2019-11-15,61200,1000,59800,61500,59700,17678
356,2019-11-18,60000,1200,60800,61500,59800,13123
355,2019-11-19,58800,1200,59700,60100,58800,12516
354,2019-11-20,58000,800,58300,59400,57600,17828
350,2019-11-21,57100,900,58900,58900,56600,24725
349,2019-11-22,57000,100,56800,57400,56700,9563
348,2019-11-25,57700,700,57100,57700,57000,10459
347,2019-11-26,57600,100,57700,58100,57300,10944
346,2019-11-27,57600,0,58100,58200,57400,10186
343,2019-11-28,57800,200,57600,57900,56900,6696
342,2019-11-29,57700,100,57000,58000,56900,12220
341,2019-12-02,57100,600,57900,57900,57000,6621
340,2019-12-03,55800,1300,56100,56800,55800,30322
339,2019-12-04,55000,800,56000,56000,54700,15402
335,2019-12-05,54500,500,55200,55400,54500,13832
334,2019-12-06,54000,500,54100,54900,53900,16450
333,2019-12-09,53000,1000,53900,54800,52500,26835
332,2019-12-10,52800,200,53000,53300,52500,18302
331,2019-12-11,53600,800,53200,53700,52600,22834
328,2019-12-12,54500,900,54000,54700,53600,29189
327,2019-12-13,54300,200,54700,55500,54300,18579
326,2019-12-16,53700,600,55000,55000,53700,20447
325,2019-12-17,54300,600,53500,54700,53500,14028
324,2019-12-18,53800,500,54000,54700,53700,10156
320,2019-12-19,54500,700,53700,54500,53700,10027
319,2019-12-20,54200,300,54900,55200,53900,12817
318,2019-12-23,54800,600,54900,55500,54300,20460
317,2019-12-24,55000,200,54800,55500,54400,12051
316,2019-12-26,55300,300,55300,56000,54500,18679
313,2019-12-27,54700,600,54900,55200,54000,15735
312,2019-12-30,54700,0,55200,55200,54200,11356
311,2020-01-02,54900,200,54200,55800,53900,27105
310,2020-01-03,55500,600,55700,56000,54700,21163
309,2020-01-06,54600,900,56000,56000,54000,20751
305,2020-01-07,55900,1300,54300,56300,54300,22541
304,2020-01-08,53900,2000,55100,55400,53800,32006
303,2020-01-09,54200,300,54200,54700,53500,28325
302,2020-01-10,53700,500,53600,54200,53400,30541
301,2020-01-13,53700,0,53700,54100,53200,15728
298,2020-01-14,53100,600,53200,54000,53000,33257
297,2020-01-15,53300,200,53100,53500,52900,28297
296,2020-01-16,52400,900,53300,53300,52300,53978
295,2020-01-17,50900,1500,52200,52700,50700,103289
294,2020-01-20,50800,100,51000,51300,50500,40570
290,2020-01-21,50500,300,50900,51000,50200,23257
289,2020-01-22,50700,200,50800,50900,50400,24140
288,2020-01-23,50400,300,50400,50800,50200,30370
287,2020-01-28,49000,1400,49800,50000,48850,42258
286,2020-01-29,49400,400,49000,49800,48700,26064
283,2020-01-30,49050,350,49400,50800,49000,23226
282,2020-01-31,48850,200,49050,49650,48800,27660
281,2020-02-03,47800,1050,47700,48350,47100,34806
280,2020-02-04,47800,0,47800,48100,47400,40294
279,2020-02-05,48150,350,47900,48300,47400,32674
275,2020-02-06,49800,1650,48750,49950,48600,29174
274,2020-02-07,50900,1100,50100,51600,49750,48917
273,2020-02-10,51000,100,50100,51200,49500,18576
272,2020-02-11,52000,1000,51500,52200,51300,44873
271,2020-02-12,51500,500,51100,51900,49800,55950
268,2020-02-13,51300,200,51700,51800,50800,27101
267,2020-02-14,51500,200,51300,51800,50600,35741
266,2020-02-17,51700,200,51500,52500,51100,22942
265,2020-02-18,51400,300,51500,52000,50900,20116
264,2020-02-19,50900,500,52400,52400,50600,25925
260,2020-02-20,50800,100,50600,51300,50100,22823
259,2020-02-21,49600,1200,50000,50600,49450,28098
258,2020-02-24,47200,2400,48950,49200,47100,38036
257,2020-02-25,47600,400,46750,47800,46450,27145
256,2020-02-26,47550,50,47600,47700,46800,22522
253,2020-02-27,47100,450,46900,47500,46800,20451
252,2020-02-28,45700,1400,47400,47400,45600,47715
251,2020-03-02,45650,50,46300,46600,45000,26548
250,2020-03-03,45400,250,45750,46200,45350,26413
249,2020-03-04,45400,0,45100,46050,45100,21859
245,2020-03-05,46050,650,46100,46450,45400,23152
244,2020-03-06,45050,1000,45800,45950,44650,32145
243,2020-03-09,43400,1650,44950,44950,42750,33659
242,2020-03-10,43600,200,42850,43600,42600,27757
241,2020-03-11,41450,2150,43050,43700,40700,54008
238,2020-03-12,38300,3150,40100,40800,38250,77262
237,2020-03-13,36450,1850,30350,36500,30350,116861
236,2020-03-16,35300,1150,36050,37050,34200,46905
235,2020-03-17,36650,1350,32100,36650,32100,44354
234,2020-03-18,35250,1400,36000,36550,34750,39370
230,2020-03-19,31450,3800,35600,36200,31050,82369
229,2020-03-20,36750,5300,31450,36750,30400,64513
228,2020-03-23,33550,3200,33000,35200,32000,52556
227,2020-03-24,33600,50,35000,35150,32900,91459
226,2020-03-25,34500,900,34200,34850,33800,63816
223,2020-03-26,35550,1050,34600,36700,34550,85012
222,2020-03-27,36200,650,36800,37400,35000,52445
221,2020-03-30,35150,1050,35200,35800,34000,41284
220,2020-03-31,35250,100,35400,36250,34600,43261
219,2020-04-01,35600,350,34800,36450,34500,49278
215,2020-04-02,35450,150,35200,35900,34600,43861
214,2020-04-03,34700,750,35200,35900,34200,59620
213,2020-04-06,35850,1150,35000,36350,34950,59359
212,2020-04-07,37450,1600,36800,37800,36500,104871
211,2020-04-08,37650,200,37450,38450,37100,56447
208,2020-04-09,39150,1500,38500,39500,38200,67950
207,2020-04-10,39400,250,39250,39550,38300,44393
206,2020-04-13,38400,1000,39150,39350,38350,37365
205,2020-04-14,40000,1600,38950,41000,38650,72166
204,2020-04-16,38800,1200,40000,40000,37850,64774
200,2020-04-17,39500,700,39250,39750,39200,53340
199,2020-04-20,40000,500,39500,40600,39100,46989
198,2020-04-21,39100,900,39900,40000,38150,53655
197,2020-04-22,39200,100,38950,39450,37750,37499
196,2020-04-23,41800,2600,39250,41800,39250,145786
193,2020-04-24,48400,6600,41650,51300,40850,570458
192,2020-04-27,49900,1500,48400,51100,47150,240626
191,2020-04-28,51100,1200,49500,51100,49200,116322
190,2020-04-29,51400,300,50600,51500,50100,63487
189,2020-05-04,50400,1000,50400,51400,49600,74279
185,2020-05-06,52500,2100,51000,53600,50300,106827
184,2020-05-07,52700,200,52500,54200,52200,53387
183,2020-05-08,53900,1200,53000,54400,52300,71396
182,2020-05-11,53800,100,53700,53900,52300,57623
181,2020-05-12,54800,1000,53500,54800,51700,106720
178,2020-05-13,54900,100,53900,55300,53300,60632
177,2020-05-14,56500,1600,55300,58000,54400,161477
176,2020-05-15,56400,100,56200,57100,55500,60756
175,2020-05-18,58700,2300,55700,60600,55700,120423
174,2020-05-19,59500,800,59000,60300,58200,118329
170,2020-05-20,59000,500,60000,60900,58700,74941
169,2020-05-21,60500,1500,59200,60500,58800,106029
168,2020-05-22,60400,100,60500,62800,59800,95190
167,2020-05-25,61000,600,60800,61100,58800,50689
166,2020-05-26,64900,3900,61600,65400,61400,186254
163,2020-05-27,64900,0,65000,66300,64300,101821
162,2020-05-28,66700,1800,64900,67200,63700,175299
161,2020-05-29,68200,1500,67500,70600,66800,316639
160,2020-06-01,70700,2500,68500,71300,68000,165015
159,2020-06-02,74400,3700,70700,74400,69700,209437
155,2020-06-03,71800,2600,74700,74800,70800,276173
154,2020-06-04,69500,2300,71800,72600,68400,240683
153,2020-06-05,68900,600,69300,69300,67300,181134
152,2020-06-08,66500,2400,69200,69700,65500,193091
151,2020-06-09,66500,0,67000,67800,65000,147809
148,2020-06-10,66500,0,66500,68100,65900,105603
147,2020-06-11,68000,1500,67000,69200,66500,235937
146,2020-06-12,65500,2500,65600,66500,64300,162904
145,2020-06-15,59900,5600,65000,65000,59600,153179
144,2020-06-16,62800,2900,61500,63300,60200,112284
140,2020-06-17,61400,1400,62000,63000,60400,80361
139,2020-06-18,61100,300,60800,62500,60500,59632
138,2020-06-19,60400,700,61300,61600,59400,70748
137,2020-06-22,57800,2600,60400,60600,57700,98349
136,2020-06-23,60500,2700,58500,61300,57900,128656
133,2020-06-24,60900,400,60500,61800,60000,54716
132,2020-06-25,58800,2100,59700,60400,58000,86848
131,2020-06-26,62400,3600,59700,64000,59000,135244
130,2020-06-29,65500,3100,61900,65900,61000,164097
129,2020-06-30,64300,1200,67200,67200,62800,114729
125,2020-07-01,63200,1100,64400,65100,63000,63521
124,2020-07-02,63500,300,63800,65500,63200,58238
123,2020-07-03,66700,3200,63500,66900,63500,110815
122,2020-07-06,66700,0,67000,67800,66000,65525
121,2020-07-07,65200,1500,67000,67500,64800,61399
118,2020-07-08,64300,900,65200,65500,63700,38478
117,2020-07-09,67000,2700,66100,68000,65200,154178
116,2020-07-10,67500,500,67000,68100,64700,99634
115,2020-07-13,70600,3100,68900,71900,68900,227626
114,2020-07-14,69800,800,70600,70600,68300,117134
110,2020-07-15,67300,2500,70400,71100,67100,100326
109,2020-07-16,65200,2100,67300,67600,64500,79320
108,2020-07-17,63800,1400,65200,66000,63300,82847
107,2020-07-20,63000,800,64000,64600,62500,50770
106,2020-07-21,62900,100,63200,64100,62000,91359
103,2020-07-22,62700,200,62900,63700,62500,60694
102,2020-07-23,61900,800,62700,63000,61100,85265
101,2020-07-24,60800,1100,61100,61700,60700,41491
100,2020-07-27,61200,400,60900,61800,60600,44033
99,2020-07-28,61300,100,61000,62200,60800,54276
95,2020-07-29,63000,1700,60800,63000,60400,66731
94,2020-07-30,61000,2000,63300,64100,61000,73704
93,2020-07-31,62600,1600,61000,63000,60600,101130
92,2020-08-03,59800,2800,62600,62600,59100,113522
91,2020-08-04,61800,2000,60300,62700,59500,83081
88,2020-08-05,61400,400,61800,61800,60800,40103
87,2020-08-06,60800,600,61400,61900,60500,46069
86,2020-08-07,60000,800,60800,60900,59800,49712
85,2020-08-10,61000,1000,60000,61300,59400,57789
84,2020-08-11,61500,500,61500,62500,60900,82444
80,2020-08-12,60900,600,61500,61500,59900,50996
79,2020-08-13,61800,900,61100,62600,61000,74545
78,2020-08-14,62300,500,61900,63900,61400,58104
77,2020-08-18,58200,4100,61900,61900,58000,121825
76,2020-08-19,57400,800,58000,59200,56300,87874
73,2020-08-20,54300,3100,56700,56800,54200,81568
72,2020-08-21,56100,1800,55000,56900,54600,34886
71,2020-08-24,56500,400,55100,56800,55000,32660
70,2020-08-25,58500,2000,56700,58900,56500,62534
69,2020-08-26,58300,200,59200,59500,57200,35853
65,2020-08-27,56100,2200,58000,58100,56100,37461
64,2020-08-28,57000,900,56100,58000,56100,32456
63,2020-08-31,58000,1000,58000,58400,56800,40148
62,2020-09-01,58300,300,57100,58600,57100,36394
61,2020-09-02,58500,200,58400,58900,57600,24480
58,2020-09-03,58800,300,59200,59200,57600,39988
57,2020-09-04,57700,1100,57300,58100,57000,34181
56,2020-09-07,59900,2200,57000,60500,56500,71044
55,2020-09-08,58500,1400,60000,61100,58400,66772
54,2020-09-09,56500,2000,58400,58500,56300,69443
50,2020-09-10,56700,200,56600,57300,56300,45268
49,2020-09-11,56400,300,56300,56600,56000,29930
48,2020-09-14,57700,1300,56600,57700,56100,36507
47,2020-09-15,58300,600,57300,58600,57000,46449
46,2020-09-16,58500,200,57900,59500,57900,43911
43,2020-09-17,58400,100,58700,58900,57700,36652
42,2020-09-18,59500,1100,59000,60000,58100,70741
41,2020-09-21,58200,1300,59500,60000,58100,28206
40,2020-09-22,56200,2000,58000,58200,56000,58253
39,2020-09-23,57200,1000,56200,57500,56200,31576
35,2020-09-24,54600,2600,56000,56900,54300,50570
34,2020-09-25,54600,0,55500,55500,54300,16645
33,2020-09-28,55500,900,54600,55800,54600,13546
32,2020-09-29,56500,1000,56000,56500,55200,32654
31,2020-10-05,59100,2600,57100,59300,56600,54180
28,2020-10-06,60000,900,58600,60500,58600,43293
27,2020-10-07,62800,2800,60000,63700,59300,154940
26,2020-10-08,67600,4800,63300,68900,63300,297118
25,2020-10-12,69000,1400,68100,69800,66300,129961
24,2020-10-13,68800,200,68100,69300,65900,107975
20,2020-10-14,69000,200,68500,70300,67900,103941
19,2020-10-15,67400,1600,69000,69000,66200,61254
18,2020-10-16,67700,300,67400,68500,66500,43568
17,2020-10-19,67000,700,67700,68400,66800,47758
16,2020-10-20,65600,1400,67000,67400,65100,35579
13,2020-10-21,68400,2800,65600,68900,65600,49746
12,2020-10-22,67300,1100,68600,68900,67300,18923
11,2020-10-23,67000,300,67700,67800,66000,18497
10,2020-10-26,66300,700,66500,66900,65500,30877
9,2020-10-27,64400,1900,66300,66400,64200,35391
5,2020-10-28,68300,3900,64400,68400,63400,59773
4,2020-10-29,66300,2000,68300,68700,65200,73907
3,2020-10-30,66100,200,66200,69100,64900,62838
2,2020-11-02,63600,2500,65500,66500,63400,54972
1,2020-11-03,64500,900,64000,64800,63500,25345
