,date,close,diff,open,high,low,volume
448,2019-08-16,22700,1300,21200,23000,21150,868600
447,2019-08-19,21350,1350,22800,23550,21200,824698
446,2019-08-20,22500,1150,21650,22900,21250,662301
445,2019-08-21,22000,500,22100,22450,21400,526679
444,2019-08-22,21950,50,22500,22500,21800,289607
440,2019-08-23,21900,50,21600,22500,21600,238298
439,2019-08-26,21400,500,21600,21900,21150,297451
438,2019-08-27,22000,600,21850,22600,21700,370460
437,2019-08-28,21800,200,22050,22300,21600,245034
436,2019-08-29,21450,350,22150,22150,21000,382985
433,2019-08-30,21000,450,21700,21700,20250,805627
432,2019-09-02,20150,850,20800,20800,20150,385096
431,2019-09-03,20400,250,20400,20650,20050,312115
430,2019-09-04,21200,800,20450,21200,20350,667231
429,2019-09-05,21000,200,21150,21200,20350,590772
425,2019-09-06,20700,300,21100,21100,20650,237625
424,2019-09-09,21050,350,20850,21800,20800,685389
423,2019-09-10,20600,450,21200,21200,20200,510216
422,2019-09-11,21450,850,20800,21900,20550,402408
421,2019-09-16,21300,150,21700,22600,20850,673278
418,2019-09-17,21450,150,21150,21500,20950,189601
417,2019-09-18,22300,850,21650,22400,21300,457800
416,2019-09-19,21600,700,22500,22800,21550,397683
415,2019-09-20,21600,0,21650,21800,21150,178431
414,2019-09-23,21100,500,21650,21650,21100,216357
410,2019-09-24,20700,400,21150,21200,20600,240072
409,2019-09-25,21050,350,20900,21250,20700,149879
408,2019-09-26,20950,100,21300,21350,20700,143303
407,2019-09-27,21350,400,21150,21450,20850,115172
406,2019-09-30,21350,0,21250,21550,20450,292081
403,2019-10-01,20950,400,21400,21450,20750,215362
402,2019-10-02,20800,150,21000,21150,20500,178317
401,2019-10-04,20700,100,20850,21000,20500,112451
400,2019-10-07,20400,300,20550,20850,20250,147854
399,2019-10-08,20300,100,20200,20600,20100,298254
395,2019-10-10,21000,700,20500,21150,20300,214015
394,2019-10-11,20800,200,20950,21100,20500,132982
393,2019-10-14,20500,300,21100,21100,20400,166516
392,2019-10-15,20200,300,20600,20600,20150,129192
391,2019-10-16,19400,800,20200,20350,19050,558452
388,2019-10-17,18800,600,19400,19700,18600,442628
387,2019-10-18,18700,100,18850,19000,18400,343195
386,2019-10-21,19600,900,18700,19800,18450,522180
385,2019-10-22,20350,750,20100,20750,19900,446800
384,2019-10-23,20000,350,20200,20450,19700,201254
380,2019-10-24,20250,250,19900,20750,19700,716703
379,2019-10-25,21550,1300,20250,21700,20250,647501
378,2019-10-28,21500,50,21450,22250,21150,347557
377,2019-10-29,22100,600,21700,22300,21350,361790
376,2019-10-30,21400,700,21800,22200,21100,354157
373,2019-10-31,21250,150,21400,21750,20950,147308
372,2019-11-01,21650,400,21450,22350,21250,305124
371,2019-11-04,21550,100,21650,21750,21100,180936
370,2019-11-05,21550,0,21500,21950,21200,203390
369,2019-11-06,22000,450,21450,22300,21350,257095
365,2019-11-07,22750,750,22200,23450,22050,774057
364,2019-11-08,21350,1400,22800,22900,20800,1157944
363,2019-11-11,21600,250,21400,21700,20950,266566
362,2019-11-12,21350,250,21550,21650,21250,185222
361,2019-11-13,21950,600,21450,22050,21150,254848
358,2019-11-14,21700,250,22000,22200,21350,206196
357,2019-11-15,21850,150,21800,22300,21400,278467
356,2019-11-18,22500,650,21900,22500,21550,228776
355,2019-11-19,22150,350,22450,22750,22100,218993
354,2019-11-20,21500,650,22150,22750,21400,322932
350,2019-11-21,20700,800,21650,21650,20350,387443
349,2019-11-22,20400,300,20900,20900,20100,273775
348,2019-11-25,20600,200,20450,21050,20250,224978
347,2019-11-26,20250,350,20800,20800,20200,479551
346,2019-11-27,20100,150,20500,20500,20000,96522
343,2019-11-28,20400,300,20400,20650,20050,230671
342,2019-11-29,19400,1000,20400,20450,19350,341203
341,2019-12-02,19500,100,19700,20250,19400,303059
340,2019-12-03,19450,50,19050,20050,19050,247795
339,2019-12-04,19600,150,19550,19850,19450,197499
335,2019-12-05,19950,350,19950,20500,19750,335787
334,2019-12-06,20300,350,20000,20550,19950,233930
333,2019-12-09,20250,50,20550,20600,20200,178884
332,2019-12-10,20450,200,20300,20700,20200,232739
331,2019-12-11,20850,400,20500,21000,20300,256608
328,2019-12-12,20450,400,20850,21050,20300,1002566
327,2019-12-13,20700,250,20650,20850,20250,297696
326,2019-12-16,21400,700,20700,21650,20650,434353
325,2019-12-17,21850,450,21500,21950,21350,311304
324,2019-12-18,21950,100,21750,22150,21550,267306
320,2019-12-19,21750,200,21950,22300,21600,174085
319,2019-12-20,22250,500,21850,22350,21650,278307
318,2019-12-23,22500,250,22100,22900,21200,438023
317,2019-12-24,22250,250,22350,22650,22050,142951
316,2019-12-26,22500,250,22350,22700,22250,227283
313,2019-12-27,22300,200,22500,23000,22000,300421
312,2019-12-30,22200,100,22150,22400,21900,158138
311,2020-01-02,21850,350,22200,22250,21350,257441
310,2020-01-03,21600,250,21800,22150,21450,184953
309,2020-01-06,20700,900,21300,21650,20650,300653
305,2020-01-07,21250,550,21000,21550,20900,203054
304,2020-01-08,20500,750,21300,21450,20350,226665
303,2020-01-09,21300,800,21050,21400,20800,224941
302,2020-01-10,23150,1850,21750,23300,21650,871233
301,2020-01-13,22800,350,23200,23700,22450,438556
298,2020-01-14,23000,200,22800,23450,22400,393907
297,2020-01-15,22700,300,23100,24300,22700,1432512
296,2020-01-16,23100,400,22600,23500,22450,300110
295,2020-01-17,22750,350,23100,23350,22650,221221
294,2020-01-20,22200,550,22750,22950,22200,256845
290,2020-01-21,22250,50,22400,22450,21600,199853
289,2020-01-22,23850,1600,22450,23850,22400,607793
288,2020-01-23,24450,600,23600,24650,23350,553724
287,2020-01-28,23000,1450,23500,23900,22900,414613
286,2020-01-29,23700,700,23300,24150,23000,344221
283,2020-01-30,24800,1100,23550,24850,23300,741452
282,2020-01-31,24200,600,25000,26300,23900,1004762
281,2020-02-03,23950,250,24500,24950,23300,482945
280,2020-02-04,24650,700,24150,24900,23600,351698
279,2020-02-05,24650,0,24650,25400,24400,359239
275,2020-02-06,24450,200,25050,25100,24250,291787
274,2020-02-07,24600,150,24500,25250,24400,415857
273,2020-02-10,25800,1200,24350,25950,24050,576932
272,2020-02-11,26350,550,26050,26700,25200,620374
271,2020-02-12,26850,500,26250,27000,25950,399507
268,2020-02-13,28050,1200,27000,28350,26600,512632
267,2020-02-14,28050,0,28050,28850,27700,386119
266,2020-02-17,28500,450,28150,29500,28050,434085
265,2020-02-18,28600,100,28500,28650,27750,320086
264,2020-02-19,29750,1150,28850,30250,28500,714226
260,2020-02-20,31250,1500,30000,31650,30000,828350
259,2020-02-21,31000,250,31500,31650,30350,594690
258,2020-02-24,30000,1000,31450,32550,29500,875804
257,2020-02-25,31250,1250,30300,31600,29500,570861
256,2020-02-26,31500,250,30700,31800,30600,407284
253,2020-02-27,31400,100,31950,32250,31000,577730
252,2020-02-28,29750,1650,31150,31200,29350,628254
251,2020-03-02,30700,950,30050,30800,29600,317030
250,2020-03-03,28250,2450,31200,31550,28200,1078296
249,2020-03-04,28500,250,28250,29000,27550,585988
245,2020-03-05,27800,700,28900,28900,27550,669431
244,2020-03-06,27900,100,27750,28600,27700,357493
243,2020-03-09,27000,900,27450,28250,26650,499957
242,2020-03-10,27000,0,26500,27450,26250,459941
241,2020-03-11,26000,1000,27100,27250,25950,391675
238,2020-03-12,26200,200,25950,27350,25600,872818
237,2020-03-13,24350,1850,25050,25700,22700,837591
236,2020-03-16,23250,1100,24800,25300,23250,532102
235,2020-03-17,24700,1450,22600,24850,22200,594248
234,2020-03-18,23900,800,25300,26350,23900,899739
230,2020-03-19,22950,950,25350,25950,22200,1387119
229,2020-03-20,25200,2250,24500,25250,23550,712869
228,2020-03-23,24950,250,24100,25650,23300,686203
227,2020-03-24,26500,1550,25900,26800,25300,681833
226,2020-03-25,27600,1100,27350,27650,26500,715913
223,2020-03-26,26800,800,27850,28250,26800,691911
222,2020-03-27,27150,350,27950,27950,25800,612432
221,2020-03-30,30300,3150,26800,30350,26650,918461
220,2020-03-31,30600,300,30800,30850,29350,797060
219,2020-04-01,29450,1150,30200,31050,29450,696027
215,2020-04-02,32450,3000,30050,32450,29900,1087759
214,2020-04-03,34450,2000,32650,39400,32500,3119558
213,2020-04-06,36000,1550,35150,36300,34450,1092906
212,2020-04-07,36100,100,36200,36350,34500,801709
211,2020-04-08,34700,1400,35500,35700,34700,520336
208,2020-04-09,34400,300,35250,35750,34250,566209
207,2020-04-10,33900,500,34400,36600,33500,1127378
206,2020-04-13,33200,700,33500,34550,33000,408412
205,2020-04-14,33900,700,34050,35000,33700,499896
204,2020-04-16,37000,3100,34700,37000,34500,1252727
200,2020-04-17,35950,1050,36950,37000,35300,1139921
199,2020-04-20,35050,900,35500,36100,34800,462683
198,2020-04-21,35000,50,35050,36100,33000,648494
197,2020-04-22,34950,50,34500,35100,34100,271503
196,2020-04-23,37050,2100,35500,38300,35100,1782060
193,2020-04-24,37800,750,36900,38300,36100,996397
192,2020-04-27,37650,150,38800,38800,37150,637980
191,2020-04-28,37400,250,37650,38200,36750,531816
190,2020-04-29,38650,1250,37650,39250,37450,900088
189,2020-05-04,42300,3650,37700,43050,37300,1847125
185,2020-05-06,42550,250,42600,43000,40850,1008809
184,2020-05-07,42100,450,43000,43750,41450,641374
183,2020-05-08,41850,250,42800,42800,41550,532105
182,2020-05-11,44400,2550,42100,45800,42100,1183031
181,2020-05-12,46800,2400,45200,49350,45000,1799274
178,2020-05-13,49100,2300,47000,49300,46850,942391
177,2020-05-14,56400,7300,49250,59300,48500,3041403
176,2020-05-15,56800,400,55000,60000,52900,1966677
175,2020-05-18,52100,4700,56400,58000,51500,1423648
174,2020-05-19,48800,3300,50600,50900,47250,1551801
170,2020-05-20,49000,200,49800,50600,48850,853406
169,2020-05-21,50000,1000,49550,51000,47500,1120941
168,2020-05-22,48900,1100,49700,49950,48300,588025
167,2020-05-25,54000,5100,49700,55000,49400,2275950
166,2020-05-26,55000,1000,54800,55500,52100,1420494
163,2020-05-27,53200,1800,53900,54100,52700,598810
162,2020-05-28,50500,2700,54000,54000,49500,992267
161,2020-05-29,52700,2200,50500,53100,49900,774112
160,2020-06-01,52700,0,52700,52900,51500,434614
159,2020-06-02,51800,900,52500,54100,51500,491547
155,2020-06-03,50200,1600,52300,52300,49800,733925
154,2020-06-04,49150,1050,50200,51300,48900,657256
153,2020-06-05,48100,1050,49100,49100,47300,716840
152,2020-06-08,48100,0,48450,49000,47500,471449
151,2020-06-09,47100,1000,48200,48550,46600,514746
148,2020-06-10,50000,2900,47850,50700,47850,1297998
147,2020-06-11,48800,1200,50800,50800,48000,712511
146,2020-06-12,50600,1800,45750,52800,45650,1735742
145,2020-06-15,47750,2850,50600,51300,47500,706808
144,2020-06-16,49700,1950,49450,50100,48850,446050
140,2020-06-17,51400,1700,49150,51400,48750,716910
139,2020-06-18,49950,1450,52100,52100,49950,522912
138,2020-06-19,50600,650,50700,50700,49650,318718
137,2020-06-22,51600,1000,50600,52300,50000,547842
136,2020-06-23,50700,900,52200,52300,50100,468893
133,2020-06-24,49650,1050,51300,51300,49550,618266
132,2020-06-25,49650,0,49650,50900,49450,332158
131,2020-06-26,49300,350,50000,50200,48800,237491
130,2020-06-29,49300,0,48100,50700,48100,393364
129,2020-06-30,49350,50,49850,49950,48650,212575
125,2020-07-01,48700,650,49400,49600,48700,180557
124,2020-07-02,48950,250,49000,49450,48550,184366
123,2020-07-03,51500,2550,49450,51900,49000,1046830
122,2020-07-06,51500,0,51900,52000,50500,426882
121,2020-07-07,55900,4400,52200,56400,51700,2215956
118,2020-07-08,55000,900,56100,56300,53500,903558
117,2020-07-09,57500,2500,55300,59300,55200,1386761
116,2020-07-10,59600,2100,58300,60200,57700,938325
115,2020-07-13,60100,500,61200,62100,59500,615817
114,2020-07-14,60200,100,58500,60500,57000,626968
110,2020-07-15,58100,2100,60200,60800,58100,461860
109,2020-07-16,54000,4100,57100,57200,53700,712267
108,2020-07-17,54600,600,54200,55600,53200,384365
107,2020-07-20,55100,500,54800,55800,52800,366645
106,2020-07-21,56300,1200,56600,56600,55400,286236
103,2020-07-22,57100,800,56200,57500,53500,388144
102,2020-07-23,59200,2100,57300,59400,57000,376407
101,2020-07-24,57000,2200,58200,59800,56700,312024
100,2020-07-27,56800,200,57400,57900,55500,206946
99,2020-07-28,56100,700,57600,57600,56000,205431
95,2020-07-29,57800,1700,56800,57900,56200,232396
94,2020-07-30,57900,100,58300,58900,57200,243100
93,2020-07-31,62200,4300,59300,63100,58400,1312159
92,2020-08-03,64700,2500,63000,65400,61500,734339
91,2020-08-04,64200,500,65400,66600,62600,427749
88,2020-08-05,67200,3000,64200,67500,63600,467328
87,2020-08-06,67600,400,67500,68400,66500,343794
86,2020-08-07,65800,1800,65500,67200,64500,620222
85,2020-08-10,65500,300,65800,65800,63800,291712
84,2020-08-11,66200,700,65500,70500,65200,592550
80,2020-08-12,63400,2800,65100,65800,62900,406555
79,2020-08-13,63800,400,64300,64800,63400,158734
78,2020-08-14,64100,300,62800,64800,62700,168144
77,2020-08-18,62700,1400,65800,65800,61700,364903
76,2020-08-19,70000,7300,64700,70000,64600,1368113
73,2020-08-20,68000,2000,69600,69600,65800,553721
72,2020-08-21,67300,700,68800,69800,66200,334183
71,2020-08-24,68400,1100,68800,71500,67600,530667
70,2020-08-25,68900,500,69200,69200,67700,178020
69,2020-08-26,68900,0,69600,71300,68800,321356
65,2020-08-27,72500,3600,69400,73000,69000,548284
64,2020-08-28,73500,1000,72800,74400,70300,464828
63,2020-08-31,71900,1600,74200,75000,71100,306476
62,2020-09-01,69700,2200,71900,71900,69600,262018
61,2020-09-02,70400,700,70500,71600,69700,156943
58,2020-09-03,69700,700,70300,70500,69000,196496
57,2020-09-04,69100,600,67000,70800,67000,290192
56,2020-09-07,69200,100,70800,71000,68900,159881
55,2020-09-08,69400,200,69200,70600,68800,187029
54,2020-09-09,67200,2200,68300,68400,67200,179685
50,2020-09-10,68400,1200,68200,68400,67400,110453
49,2020-09-11,67300,1100,68500,68500,66500,141147
48,2020-09-14,65800,1500,67200,67200,65000,185216
47,2020-09-15,67000,1200,66000,68100,65900,177840
46,2020-09-16,65800,1200,67000,67600,65800,129654
43,2020-09-17,65500,300,66200,66700,65000,161323
42,2020-09-18,67000,1500,65400,67200,65300,357421
41,2020-09-21,64300,2700,66400,67700,64000,153827
40,2020-09-22,62000,2300,64300,65000,60700,200883
39,2020-09-23,66000,4000,62900,66400,62400,352051
35,2020-09-24,63000,3000,64400,65400,61600,299986
34,2020-09-25,64000,1000,63700,65000,61500,164858
33,2020-09-28,68200,4200,65900,68200,65000,289077
32,2020-09-29,68500,300,68300,68600,67200,188186
31,2020-10-05,68400,100,68500,69000,67600,115284
28,2020-10-06,68700,300,68600,69900,68500,156734
27,2020-10-07,71600,2900,69200,72400,69100,447456
26,2020-10-08,71800,200,71300,72100,70800,198327
25,2020-10-12,71400,400,71100,71900,69600,182093
24,2020-10-13,71600,200,71900,72900,71400,166886
20,2020-10-14,70700,900,72000,72000,69700,166467
19,2020-10-15,69600,1100,69900,70400,68700,103752
18,2020-10-16,68800,800,69900,70300,67200,91901
17,2020-10-19,65900,2900,68500,69600,65400,166122
16,2020-10-20,66300,400,64800,66400,63200,157665
13,2020-10-21,68700,2400,66400,68900,65900,123641
12,2020-10-22,66700,2000,69600,69700,66700,102351
11,2020-10-23,64900,1800,66900,67100,64900,113937
10,2020-10-26,63400,1500,64200,65200,62200,120950
9,2020-10-27,64800,1400,62700,65800,62700,111695
5,2020-10-28,69300,4500,64800,69900,63900,234239
4,2020-10-29,70000,700,68200,70700,67900,218731
3,2020-10-30,67200,2800,69700,70500,66000,159327
2,2020-11-02,68500,1300,68400,69700,67400,98469
1,2020-11-03,68100,400,69600,69600,67100,91067
