,date,close,diff,open,high,low,volume
448,2008-02-01,3750,50,3565,3900,3540,55173
447,2008-02-04,3845,95,3750,3845,3600,51586
446,2008-02-05,3845,0,3845,3845,3845,0
445,2008-02-11,4000,155,3845,4000,3750,65317
444,2008-02-12,3900,100,4140,4140,3825,49533
440,2008-02-13,4290,390,3940,4400,3900,166749
439,2008-02-14,4400,110,4395,4440,4290,61991
438,2008-02-15,4400,0,4400,4750,4200,222527
437,2008-02-18,4240,160,4400,4500,4205,44696
436,2008-02-19,4260,20,4350,4390,4200,69656
433,2008-02-20,4160,100,4200,4260,4050,17360
432,2008-02-21,4040,120,4060,4160,3960,52791
431,2008-02-22,4350,310,4090,4400,3810,63753
430,2008-02-25,4040,310,4260,4350,4040,61951
429,2008-02-26,4150,110,4060,4160,4000,28031
425,2008-02-27,4230,80,4150,4270,4100,21372
424,2008-02-28,4260,30,4200,4270,4110,27845
423,2008-02-29,4275,15,4385,4385,4100,40181
422,2008-03-03,4395,120,4275,4500,4165,108592
421,2008-03-04,4385,10,4495,4495,4325,50825
418,2008-03-05,4350,35,4390,4400,4300,51466
417,2008-03-06,4470,120,4360,4470,4330,118472
416,2008-03-07,4350,120,4500,4640,4325,40325
415,2008-03-10,4000,350,4300,4350,4000,82102
414,2008-03-11,3650,350,3560,3995,3535,310913
410,2008-03-12,3610,40,3655,3850,3610,62520
409,2008-03-13,3490,120,3610,3700,3440,197133
408,2008-03-14,3750,260,3400,3755,3400,100582
407,2008-03-17,3700,50,3660,3800,3485,26606
406,2008-03-18,3585,115,3555,3775,3490,63038
403,2008-03-19,3500,85,3650,3785,3480,58747
402,2008-03-20,4025,525,3510,4025,3510,174068
401,2008-03-21,4040,15,3910,4190,3910,106665
400,2008-03-24,4030,10,4250,4250,3870,29648
399,2008-03-25,4290,260,4030,4290,3880,88071
395,2008-03-26,4245,45,4300,4495,4110,171104
394,2008-03-27,3950,295,4210,4295,3940,64275
393,2008-03-28,3990,40,3950,4085,3910,26724
392,2008-03-31,3960,30,3925,4190,3925,112737
391,2008-04-01,4000,40,3965,4000,3785,341115
388,2008-04-02,3875,125,4000,4000,3860,79088
387,2008-04-03,3830,45,3875,3900,3830,61745
386,2008-04-04,3890,60,3810,4050,3810,122692
385,2008-04-07,3895,5,3985,4000,3860,86065
384,2008-04-08,3930,35,3850,3950,3835,294358
380,2008-04-10,3855,75,3950,3950,3850,109710
379,2008-04-11,3800,55,3900,3900,3740,163099
378,2008-04-14,3765,35,3685,3795,3675,60087
377,2008-04-15,4000,235,3995,4000,3690,150347
376,2008-04-16,4050,50,4200,4300,3900,240398
373,2008-04-17,3445,605,3770,3890,3445,346268
372,2008-04-18,2930,515,3110,3330,2930,1311544
371,2008-04-21,2780,150,2910,2980,2625,1742420
370,2008-04-22,2765,15,2730,2785,2675,467000
369,2008-04-23,2810,45,2720,2950,2715,896890
365,2008-04-24,2820,10,2755,2845,2695,470463
364,2008-04-25,2650,170,2840,2840,2650,322882
363,2008-04-28,2255,395,2650,2720,2255,363633
362,2008-04-29,1920,335,1925,2045,1920,972884
361,2008-04-30,2120,200,1700,2200,1700,1340744
358,2008-05-02,2310,190,2150,2330,2115,367184
357,2008-05-06,2655,345,2325,2655,2325,519827
356,2008-05-07,2600,55,2715,2800,2260,1270653
355,2008-05-08,2690,90,2490,2800,2490,367869
354,2008-05-09,2920,230,2645,2985,2630,422909
350,2008-05-13,2880,40,2895,3050,2750,219222
349,2008-05-14,2550,330,2920,2920,2455,311151
348,2008-05-15,2640,90,2510,2695,2510,119230
347,2008-05-16,2615,25,2600,2780,2520,147235
346,2008-05-19,2645,30,2580,2700,2450,247075
343,2008-05-20,2900,255,2650,2950,2650,855165
342,2008-05-21,2825,75,2935,3085,2790,798980
341,2008-05-22,2790,35,2980,3000,2510,580302
340,2008-05-23,2400,390,2745,2745,2375,1313659
339,2008-05-26,2330,70,2470,2600,2210,1760415
335,2008-05-27,2230,100,2330,2340,2220,316779
334,2008-05-28,1970,260,2285,2285,1915,577526
333,2008-05-29,2265,295,2000,2265,1910,2212245
332,2008-05-30,2445,180,2310,2525,2265,1804132
331,2008-06-02,2260,185,2380,2385,2130,1022248
328,2008-06-03,2190,70,2180,2190,2040,1267473
327,2008-06-04,2200,10,2115,2270,2115,306607
326,2008-06-05,1900,300,2255,2270,1870,1402173
325,2008-06-09,2000,100,1940,2060,1800,793317
324,2008-06-10,1885,115,2010,2030,1850,595272
320,2008-06-11,1610,275,1895,1900,1605,2694462
319,2008-06-12,1545,65,1630,1640,1510,1075906
318,2008-06-13,1775,230,1620,1775,1605,1651815
317,2008-06-16,1700,75,1825,1875,1515,1335419
316,2008-06-17,1700,0,1675,1720,1570,291947
313,2008-06-18,1745,45,1750,1780,1640,315866
312,2008-06-19,1940,195,1760,1980,1700,682963
311,2008-06-20,2075,135,1960,2120,1860,710420
310,2008-06-23,2065,10,1950,2150,1840,808236
309,2008-06-24,1945,120,2080,2080,1945,226202
305,2008-06-25,1820,125,1950,1995,1810,625667
304,2008-06-26,2090,270,1870,2090,1825,1057639
303,2008-06-27,2300,210,2090,2385,2060,1695398
302,2008-06-30,2285,15,2250,2390,2250,798834
301,2008-07-01,2590,305,2325,2605,2325,1190014
298,2008-07-02,2710,120,2645,2845,2355,1569430
297,2008-07-03,2660,50,2710,2785,2510,457754
296,2008-07-04,2600,60,2655,2790,2545,421877
295,2008-07-07,2590,10,2685,2700,2470,431366
294,2008-07-08,2205,385,2600,2600,2205,896142
290,2008-07-09,1875,330,2250,2315,1875,2129514
289,2008-07-10,1700,175,1660,1800,1595,3392323
288,2008-07-11,1830,130,1740,1895,1650,1339871
287,2008-07-14,1720,110,1800,1855,1685,740463
286,2008-07-15,1790,70,1730,1815,1565,924154
283,2008-07-16,1850,60,1800,1955,1745,1182699
282,2008-07-17,1950,100,1900,1980,1805,733442
281,2008-07-18,2050,100,1965,2090,1935,775372
280,2008-07-21,1985,65,2000,2010,1835,701876
279,2008-07-22,2055,70,1950,2070,1940,411979
275,2008-07-23,2050,5,2070,2095,2040,369807
274,2008-07-24,2040,10,2050,2070,1995,319434
273,2008-07-25,1945,95,2020,2040,1755,411580
272,2008-07-28,1900,45,1945,1950,1825,297711
271,2008-07-29,1975,75,1900,1975,1780,305933
268,2008-07-30,2140,165,2000,2245,1950,617707
267,2008-07-31,2160,20,2145,2245,2090,286815
266,2008-08-01,2140,20,2125,2180,2090,235366
265,2008-08-04,2200,60,2145,2245,2130,337846
264,2008-08-05,2185,15,2180,2240,2175,214258
260,2008-08-06,2260,75,2240,2260,2155,521472
259,2008-08-07,2290,30,2260,2340,2260,515463
258,2008-08-08,2300,10,2305,2335,1990,1410097
257,2008-08-11,2455,155,2260,2460,2135,965928
256,2008-08-12,2300,155,2355,2535,2300,1052987
253,2008-08-13,2010,290,2245,2245,1965,802613
252,2008-08-14,2100,90,2010,2175,2005,329881
251,2008-08-18,2080,20,2095,2135,2030,197510
250,2008-08-19,2150,70,2100,2180,2030,199366
249,2008-08-20,2090,60,2125,2180,2090,209857
245,2008-08-21,2030,60,2135,2135,1780,803573
244,2008-08-22,1780,250,2000,2030,1730,540370
243,2008-08-25,1995,215,1830,2000,1800,380228
242,2008-08-26,2085,90,2010,2085,1975,472745
241,2008-08-27,1775,310,1950,1950,1775,1798158
238,2008-08-28,1900,125,1775,1970,1750,886634
237,2008-08-29,1800,100,1965,1995,1625,641910
236,2008-09-01,1750,50,1740,1905,1640,692294
235,2008-09-02,1695,55,1750,1810,1600,370731
234,2008-09-03,1615,80,1700,1745,1445,1347922
230,2008-09-04,1620,5,1695,1695,1540,283744
229,2008-09-05,1520,100,1620,1620,1510,244501
228,2008-09-08,1745,225,1540,1745,1525,565047
227,2008-09-09,1930,185,1810,2005,1810,1504583
226,2008-09-10,2080,150,1950,2170,1860,563736
223,2008-09-11,2045,35,2080,2150,1990,279284
222,2008-09-12,2005,40,2050,2080,1950,280053
221,2008-09-16,1815,190,1725,1960,1720,261505
220,2008-09-17,1990,175,1850,2045,1850,261461
219,2008-09-18,1900,90,1830,2040,1830,355768
215,2008-09-19,1850,50,1965,1965,1785,341532
214,2008-09-22,1835,15,1805,1940,1730,230048
213,2008-09-23,1935,100,1800,1935,1730,608549
212,2008-09-24,1935,0,1885,1965,1830,468154
211,2008-09-25,1845,90,1930,1995,1845,506478
208,2008-09-26,1935,90,1855,1935,1760,413121
207,2008-09-29,1935,0,2005,2005,1895,260758
206,2008-09-30,1925,10,1900,1945,1780,208848
205,2008-10-01,1870,55,1940,1940,1665,225913
204,2008-10-02,2010,140,1900,2040,1795,441938
200,2008-10-06,2100,90,2010,2120,1965,492706
199,2008-10-07,2100,0,2050,2145,2035,417954
198,2008-10-08,2100,0,2090,2205,1980,894648
197,2008-10-09,2100,0,2060,2125,1785,443957
196,2008-10-10,2030,70,2010,2080,1840,472595
193,2008-10-13,2045,15,2030,2100,2015,565211
192,2008-10-14,2125,80,2080,2160,2005,778136
191,2008-10-15,2200,75,2155,2360,2130,2248767
190,2008-10-16,2105,95,2125,2185,2020,990416
189,2008-10-17,2225,120,2180,2265,2125,1129581
185,2008-10-20,2220,5,2260,2285,2165,559986
184,2008-10-21,2340,120,2265,2420,2205,1194449
183,2008-10-22,2350,10,2345,2425,2260,1381800
182,2008-10-23,2100,250,2310,2350,2010,953777
181,2008-10-24,1785,315,2105,2105,1785,1423340
178,2008-10-27,1520,265,1700,1700,1520,644681
177,2008-10-28,1295,225,1295,1295,1295,25235
176,2008-10-29,1105,190,1105,1360,1105,7432824
175,2008-10-30,1270,165,1150,1270,1035,2331539
174,2008-10-31,1310,40,1280,1365,1200,1124002
170,2008-11-03,1440,130,1310,1470,1285,1056003
169,2008-11-04,1615,175,1450,1620,1390,824386
168,2008-11-05,1600,15,1650,1735,1480,1164265
167,2008-11-06,1495,105,1510,1555,1440,430844
166,2008-11-07,1620,125,1400,1690,1350,799759
163,2008-11-10,1710,90,1645,1765,1620,399979
162,2008-11-11,1800,90,1710,1805,1680,499869
161,2008-11-12,1900,100,1810,1930,1760,524683
160,2008-11-13,1975,75,1860,1980,1775,409747
159,2008-11-14,2150,175,1985,2165,1985,479302
155,2008-11-17,2050,100,2160,2210,1990,687188
154,2008-11-18,2250,200,2000,2270,2000,752725
153,2008-11-19,2350,100,2300,2395,2150,1016021
152,2008-11-20,2000,350,2260,2300,2000,837212
151,2008-11-21,2050,50,1750,2050,1700,1607262
148,2008-11-24,1990,60,2115,2170,1820,738660
147,2008-11-25,1970,20,2010,2050,1865,839902
146,2008-11-26,1675,295,1970,1980,1675,639637
145,2008-11-27,1425,250,1425,1455,1425,6368130
144,2008-11-28,1430,5,1375,1505,1305,2695268
140,2008-12-01,1390,40,1500,1500,1390,1124522
139,2008-12-02,1185,205,1260,1350,1185,2288104
138,2008-12-03,1010,175,1010,1010,1010,403985
137,2008-12-04,860,150,860,860,860,1279688
136,2008-12-05,940,80,735,975,735,16476890
133,2008-12-08,900,40,960,985,880,4076331
132,2008-12-09,790,110,915,915,770,6105140
131,2008-12-10,785,5,805,840,755,3396147
130,2008-12-11,900,115,810,900,800,3758845
129,2008-12-12,880,20,925,965,795,3892544
125,2008-12-15,915,35,890,920,845,2331697
124,2008-12-16,900,15,920,945,875,2415967
123,2008-12-17,865,35,925,925,850,1468025
122,2008-12-18,810,55,865,875,790,1518706
121,2008-12-19,820,10,815,830,765,1458234
118,2008-12-22,825,5,840,845,800,727502
117,2008-12-23,790,35,825,825,755,1335441
116,2008-12-24,710,80,775,790,685,1397563
115,2008-12-26,815,105,710,815,650,2235899
114,2008-12-29,720,95,820,840,720,1307262
110,2008-12-30,730,10,715,780,700,487106
109,2009-01-02,765,35,740,770,730,509428
108,2009-01-05,765,0,790,790,750,492461
107,2009-01-06,790,25,780,815,755,1127158
106,2009-01-07,760,30,790,805,750,1488008
103,2009-01-08,725,35,750,750,715,1077191
102,2009-01-09,700,25,735,735,670,1190865
101,2009-01-12,745,45,695,785,685,1821872
100,2009-01-13,730,15,745,755,715,518044
99,2009-01-14,750,20,725,770,725,588003
95,2009-01-15,700,50,745,745,700,588830
94,2009-01-16,695,5,705,735,690,621342
93,2009-01-19,710,15,615,715,615,1834479
92,2009-01-20,720,10,690,750,690,1069091
91,2009-01-21,670,50,665,700,665,442073
88,2009-01-22,660,10,675,695,635,596778
87,2009-01-23,615,45,645,645,600,552976
86,2009-01-28,640,25,610,705,610,1632355
85,2009-01-29,610,30,645,650,610,460113
84,2009-01-30,625,15,610,640,610,567228
80,2009-02-02,610,15,625,660,610,682884
79,2009-02-03,605,5,615,625,590,439253
78,2009-02-04,640,35,620,665,615,1027647
77,2009-02-05,715,75,640,735,630,1831442
76,2009-02-06,675,40,690,730,660,691150
73,2009-02-09,650,25,670,680,630,612133
72,2009-02-10,635,15,645,660,625,644092
71,2009-02-11,640,5,635,660,615,650456
70,2009-02-12,605,35,640,660,600,1090125
69,2009-02-13,620,15,605,620,595,638308
65,2009-02-16,630,10,620,645,610,828472
64,2009-02-17,595,35,640,645,590,951206
63,2009-02-18,565,30,575,585,550,940428
62,2009-02-19,570,5,560,600,550,1222333
61,2009-02-20,490,80,555,570,485,1438949
58,2009-02-23,455,35,465,490,420,1353429
57,2009-02-24,440,15,425,465,425,455067
56,2009-02-25,410,30,460,460,400,705833
55,2009-02-26,415,5,405,420,390,793106
54,2009-02-27,475,60,415,475,385,1673335
50,2009-03-02,500,25,495,535,455,2488767
49,2009-03-03,475,25,465,520,450,815620
48,2009-03-04,540,65,485,540,480,1071546
47,2009-03-05,535,5,550,580,510,888799
46,2009-03-06,530,5,510,540,505,441131
43,2009-03-09,510,20,525,565,505,1095309
42,2009-03-10,510,0,510,520,490,618087
41,2009-03-11,490,20,500,505,465,1116463
40,2009-03-12,505,15,500,520,485,728315
39,2009-03-13,475,30,515,520,475,510058
35,2009-03-16,405,70,455,465,405,3538439
34,2009-03-17,415,10,380,425,370,2087908
33,2009-03-18,405,10,415,435,405,810667
32,2009-03-19,425,20,415,440,400,2252243
31,2009-03-20,485,60,435,485,435,2478866
28,2009-03-23,515,30,500,545,485,3058063
27,2009-03-24,440,75,440,460,440,1533341
26,2009-03-25,380,60,395,420,375,7185220
25,2009-03-26,325,55,380,385,325,10039985
24,2009-03-27,325,0,0,0,0,0
20,2009-03-30,325,0,0,0,0,0
19,2009-03-31,325,0,0,0,0,0
18,2009-04-01,325,0,0,0,0,0
17,2009-04-02,325,0,0,0,0,0
16,2009-04-03,325,0,0,0,0,0
13,2009-04-06,325,0,0,0,0,0
12,2009-04-07,325,0,0,0,0,0
11,2009-04-08,325,0,0,0,0,0
10,2009-04-09,45,280,25,45,25,16430723
9,2009-04-10,50,5,60,65,45,10738938
5,2009-04-13,40,10,45,45,35,4858106
4,2009-04-14,20,20,30,30,20,5802201
3,2009-04-15,10,10,20,20,10,4684266
2,2009-04-16,10,0,10,15,10,6481593
