,date,close,diff,open,high,low,volume
448,2017-04-20,6000,30,6040,6040,5980,43517
447,2017-04-21,5890,110,6000,6020,5880,48647
446,2017-04-24,5500,390,5890,5920,5460,105531
445,2017-04-25,5560,60,5500,5620,5500,21126
444,2017-04-26,5540,20,5570,5610,5540,15500
440,2017-04-27,5680,140,5540,5730,5430,26415
439,2017-04-28,5630,50,5680,5680,5570,5775
438,2017-05-02,5600,30,5680,5710,5580,10967
437,2017-05-04,5670,70,5860,5860,5530,9970
436,2017-05-08,5590,80,5760,5760,5550,6370
433,2017-05-10,5670,80,5590,5700,5580,14703
432,2017-05-11,5770,100,5700,5890,5680,23221
431,2017-05-12,5680,90,5840,5840,5620,5813
430,2017-05-15,5600,80,5680,5680,5590,4810
429,2017-05-16,5900,300,5940,5990,5770,52369
425,2017-05-17,6010,110,5910,6020,5850,33331
424,2017-05-18,6050,40,6010,6050,5890,25237
423,2017-05-19,6180,130,6090,6260,6000,41234
422,2017-05-22,6170,10,6180,6230,6100,29182
421,2017-05-23,6300,130,6200,6390,6130,63998
418,2017-05-24,6320,20,6290,6420,6230,31331
417,2017-05-25,6330,10,6270,6390,6190,22206
416,2017-05-26,6320,10,6390,6400,6250,19448
415,2017-05-29,6290,30,6320,6370,6220,8549
414,2017-05-30,6210,80,6290,6290,6200,6297
410,2017-05-31,6210,0,6210,6210,6080,31117
409,2017-06-01,6160,50,6290,6290,6120,9697
408,2017-06-02,6240,80,6160,6280,6130,5749
407,2017-06-05,6160,80,6300,6430,6100,20346
406,2017-06-07,6160,0,6160,6420,6090,11809
403,2017-06-08,6250,90,6150,6270,6090,25813
402,2017-06-09,6260,10,6240,6270,6150,4846
401,2017-06-12,6290,30,6250,6300,6100,23991
400,2017-06-13,6290,0,6270,6350,6200,58212
399,2017-06-14,6350,60,6290,6350,6290,9807
395,2017-06-15,6240,110,6330,6360,6150,10286
394,2017-06-16,6200,40,6240,6240,6150,10693
393,2017-06-19,6170,30,6200,6200,6120,2771
392,2017-06-20,6170,0,6170,6170,6110,9143
391,2017-06-21,6150,20,6170,6180,6060,16519
388,2017-06-22,6180,30,6130,6190,6090,10386
387,2017-06-23,6200,20,6180,6250,6180,10025
386,2017-06-26,6350,150,6200,6370,6130,39303
385,2017-06-27,6370,20,6340,6400,6280,16668
384,2017-06-28,6380,10,6370,6400,6300,12431
380,2017-06-29,6340,40,6370,6370,6300,6387
379,2017-06-30,6280,60,6340,6400,6240,12187
378,2017-07-03,6360,80,6280,6400,6140,36308
377,2017-07-04,6260,100,6360,6360,6150,9977
376,2017-07-05,6120,140,6260,6340,6020,22901
373,2017-07-06,6080,40,6120,6140,6050,15056
372,2017-07-07,6130,50,6080,6220,6080,3932
371,2017-07-10,6170,40,6130,6300,6130,6249
370,2017-07-11,6260,90,6170,6300,6170,6855
369,2017-07-12,6050,210,6260,6260,6020,23842
365,2017-07-13,6140,90,6040,6150,6040,12650
364,2017-07-14,6020,120,6050,6130,6000,11193
363,2017-07-17,6150,130,6050,6260,6050,3744
362,2017-07-18,6140,10,6150,6180,6090,4578
361,2017-07-19,6170,30,6140,6180,6090,15705
358,2017-07-20,6200,30,6170,6200,6070,6516
357,2017-07-21,6250,50,6090,6270,6090,7833
356,2017-07-24,6160,90,6220,6250,6160,4418
355,2017-07-25,6090,70,6160,6230,6080,22311
354,2017-07-26,6100,10,6030,6130,6030,10789
350,2017-07-27,6160,60,6090,6160,6080,14755
349,2017-07-28,6030,130,6090,6130,6030,18489
348,2017-07-31,5990,40,6030,6060,5990,12296
347,2017-08-01,6050,60,6000,6060,5980,2553
346,2017-08-02,6030,20,6050,6050,5970,4322
343,2017-08-03,6020,10,6030,6030,5960,9189
342,2017-08-04,5980,40,6080,6080,5940,1046
341,2017-08-07,5900,80,5980,5990,5900,4699
340,2017-08-08,5780,120,6010,6010,5770,11724
339,2017-08-09,5710,70,5800,5830,5710,30270
335,2017-08-10,5610,100,5800,5800,5600,12893
334,2017-08-11,5550,60,5750,5780,5550,8291
333,2017-08-14,5790,240,5620,6750,5620,285865
332,2017-08-16,6020,230,5810,6190,5810,84146
331,2017-08-17,6160,140,6180,6200,6070,33970
328,2017-08-18,6170,10,6160,6200,6040,38551
327,2017-08-21,6300,130,6170,6320,6130,65961
326,2017-08-22,6530,230,6300,6550,6300,76967
325,2017-08-23,6490,40,6530,6640,6320,44806
324,2017-08-24,6540,50,6450,6560,6450,20522
320,2017-08-25,6630,90,6540,6690,6490,42742
319,2017-08-28,6920,290,6730,6920,6660,60796
318,2017-08-29,6940,20,6850,7000,6830,35667
317,2017-08-30,6890,50,6940,6940,6840,18124
316,2017-08-31,6750,140,6890,6890,6470,88781
313,2017-09-01,6590,160,6740,6740,6510,27046
312,2017-09-04,6410,180,6420,6620,6410,23286
311,2017-09-05,6630,220,6390,6630,6390,26892
310,2017-09-06,6590,40,6630,6630,6400,33206
309,2017-09-07,6390,200,6590,6610,6260,62283
305,2017-09-08,6450,60,6390,6600,6300,42054
304,2017-09-11,6300,150,6450,6450,6210,36627
303,2017-09-12,6360,60,6300,6400,6300,4751
302,2017-09-13,6300,60,6360,6370,6230,13489
301,2017-09-14,6330,30,6300,6370,6220,11185
298,2017-09-15,6160,170,6330,6370,6140,16289
297,2017-09-18,6130,30,6230,6230,6110,8376
296,2017-09-19,6140,10,6130,6190,6000,20556
295,2017-09-20,6410,270,6200,6430,6050,38106
294,2017-09-21,6150,260,6330,6330,6110,29564
290,2017-09-22,6010,140,6150,6190,5960,30336
289,2017-09-25,5900,110,6010,6010,5870,25401
288,2017-09-26,5900,0,5900,6200,5860,8672
287,2017-09-27,5970,70,5890,6000,5890,12066
286,2017-09-28,6040,70,6240,6240,5940,5924
283,2017-09-29,6040,0,6200,6200,5960,5886
282,2017-10-10,6120,80,6040,6190,6040,4907
281,2017-10-11,6290,170,6090,6300,6090,11103
280,2017-10-12,6260,30,6290,6320,6250,11622
279,2017-10-13,6240,20,6230,6330,6100,16378
275,2017-10-16,6220,20,6170,6310,6170,19519
274,2017-10-17,6300,80,6220,6300,6220,5764
273,2017-10-18,6170,130,6190,6290,6170,14407
272,2017-10-19,6200,30,6270,6270,6050,9116
271,2017-10-20,6130,70,6080,6210,6080,11954
268,2017-10-23,6170,40,6290,6320,6100,14908
267,2017-10-24,6130,40,6290,6290,6080,9356
266,2017-10-25,6110,20,6260,6260,6110,4742
265,2017-10-26,6120,10,6110,6170,6050,6205
264,2017-10-27,6070,50,6140,6140,6010,3200
260,2017-10-30,6190,120,6070,6300,6050,11229
259,2017-10-31,6160,30,6190,6300,6160,7493
258,2017-11-01,6170,10,6160,6300,6150,6000
257,2017-11-02,6230,60,6150,6290,6150,2023
256,2017-11-03,6260,30,6230,6290,6150,21791
253,2017-11-06,6220,40,6190,6260,6170,4912
252,2017-11-07,6200,20,6220,6220,6200,1785
251,2017-11-08,6110,90,6200,6230,6100,3994
250,2017-11-09,6280,170,6140,6300,6140,9237
249,2017-11-10,6220,60,6210,6280,6210,4970
245,2017-11-13,6410,190,6210,6420,6210,27847
244,2017-11-14,6440,30,6380,6490,6350,28467
243,2017-11-15,6700,260,6710,6920,6570,175293
242,2017-11-16,6810,110,6700,6860,6640,50356
241,2017-11-17,6780,30,6810,6860,6720,27023
238,2017-11-20,6700,80,6900,6900,6640,21947
237,2017-11-21,6400,300,6690,6690,6350,45890
236,2017-11-22,6550,150,6400,6580,6400,43797
235,2017-11-23,6620,70,6540,6640,6450,16866
234,2017-11-24,6640,20,6620,6650,6450,23655
230,2017-11-27,6600,40,6640,6640,6470,16932
229,2017-11-28,6520,80,6600,6600,6450,11533
228,2017-11-29,6520,0,6520,6640,6440,9886
227,2017-11-30,6420,100,6520,6590,6310,43610
226,2017-12-01,6340,80,6420,6540,6340,20467
223,2017-12-04,6330,10,6350,6640,6210,47943
222,2017-12-05,6450,120,6330,6580,6320,35143
221,2017-12-06,6400,50,6450,6550,6360,15723
220,2017-12-07,6390,10,6400,6500,6360,2560
219,2017-12-08,6390,0,6390,6430,6270,4507
215,2017-12-11,6390,0,6390,6500,6300,9270
214,2017-12-12,6380,10,6390,6490,6290,9603
213,2017-12-13,6400,20,6380,6550,6350,20470
212,2017-12-14,6630,230,6400,6650,6400,100169
211,2017-12-15,7230,600,6630,7500,6600,279215
208,2017-12-18,7100,130,7240,7320,7100,56650
207,2017-12-19,6780,320,7050,7050,6700,43721
206,2017-12-20,6950,170,6780,7020,6530,66604
205,2017-12-21,6780,170,6830,6970,6200,38275
204,2017-12-22,6770,10,6700,6890,6660,23157
200,2017-12-26,6670,100,6770,6770,6560,34744
199,2017-12-27,6850,180,6890,6890,6620,15598
198,2017-12-28,7070,220,6780,7110,6780,40076
197,2018-01-02,7150,80,7010,7220,7010,34897
196,2018-01-03,7630,480,7130,7630,7120,240972
193,2018-01-04,8400,770,7700,8550,7570,376137
192,2018-01-05,9980,1580,8530,10250,8530,1153846
191,2018-01-08,9400,580,9850,9970,9250,589343
190,2018-01-09,9350,50,9400,9610,9160,221875
189,2018-01-10,9750,400,9360,9830,9250,280405
185,2018-01-11,10000,250,9800,10550,9630,465107
184,2018-01-12,9900,100,10050,10100,9110,199642
183,2018-01-15,10800,900,9910,10900,9580,666340
182,2018-01-16,10450,350,10650,10700,10300,185650
181,2018-01-17,9720,730,10450,10450,9710,244738
178,2018-01-18,9620,100,9720,10200,9450,173206
177,2018-01-19,9650,30,9700,9790,9550,66111
176,2018-01-22,9330,320,9650,9650,9260,83308
175,2018-01-23,9510,180,9450,9660,9280,102355
174,2018-01-24,9910,400,9470,10000,9420,219091
170,2018-01-25,10600,690,9990,10600,9830,244739
169,2018-01-26,12850,2250,11400,13750,11200,4767838
168,2018-01-29,13150,300,12750,13450,12550,724277
167,2018-01-30,12500,650,12800,12950,12300,343110
166,2018-01-31,12050,450,12250,12300,11450,487532
163,2018-02-01,12950,900,11950,13600,11900,818957
162,2018-02-02,12450,500,13000,13050,12100,206932
161,2018-02-05,11800,650,11900,12250,11600,151047
160,2018-02-06,11600,200,11100,12150,10550,322301
159,2018-02-07,11150,450,11850,13000,11150,520595
155,2018-02-08,11550,400,11450,11900,10950,203301
154,2018-02-09,11100,450,11150,11450,10700,191380
153,2018-02-12,10900,200,11400,11450,10650,167601
152,2018-02-13,10950,50,11150,12200,10950,429688
151,2018-02-14,11350,400,11000,11550,10900,122461
148,2018-02-19,12100,750,11400,12100,10900,184933
147,2018-02-20,11700,400,12300,12300,11600,154657
146,2018-02-21,11700,0,11600,12150,11150,172163
145,2018-02-22,11900,200,11650,12150,11350,129514
144,2018-02-23,11650,250,12050,12050,11650,37893
140,2018-02-26,12400,750,11900,12750,11650,262958
139,2018-02-27,12050,350,12400,12450,11900,169868
138,2018-02-28,12800,750,12800,13550,12550,1161622
137,2018-03-02,14200,1400,12700,15200,12700,2245705
136,2018-03-05,14750,550,14300,15150,14000,690076
133,2018-03-06,14250,500,14750,14950,14000,404001
132,2018-03-07,13600,650,14050,14150,13500,284150
131,2018-03-08,15100,1500,13650,15100,13500,546010
130,2018-03-09,16150,1050,14900,16500,14550,662915
129,2018-03-12,17400,1250,16400,18300,16150,615115
125,2018-03-13,15100,2300,17300,17400,14850,854951
124,2018-03-14,15100,0,14950,15500,14350,559035
123,2018-03-15,14700,400,15050,15150,14300,284121
122,2018-03-16,15600,900,15450,16850,15200,1996326
121,2018-03-19,15950,350,15800,16100,15600,279956
118,2018-03-20,15000,950,15750,16000,14850,271411
117,2018-03-21,14900,100,15150,15350,14850,136661
116,2018-03-22,15400,500,15000,15700,14700,211644
115,2018-03-23,13800,1600,15000,15600,13800,284714
114,2018-03-26,14650,850,13600,14850,13500,221133
110,2018-03-27,14400,250,14800,15000,14200,165114
109,2018-03-28,13950,450,14250,14250,13500,216023
108,2018-03-29,13950,0,13950,14250,13600,86912
107,2018-03-30,14700,750,14450,14850,14150,176672
106,2018-04-02,14100,600,14650,14650,13850,192799
103,2018-04-03,14200,100,14500,14700,13550,608138
102,2018-04-04,13200,1000,14150,14200,13100,349140
101,2018-04-05,13200,0,13250,13650,13150,122556
100,2018-04-06,12950,250,13200,13400,12900,89799
99,2018-04-09,12950,0,13100,13100,12800,104362
95,2018-04-10,12600,350,12900,12900,12300,218292
94,2018-04-11,13350,750,12700,13550,12600,169968
93,2018-04-12,13050,300,13350,13450,13000,74697
92,2018-04-13,13600,550,13350,13900,12900,182538
91,2018-04-16,13300,300,13700,13700,13100,86069
88,2018-04-17,13200,100,13300,13400,12950,59968
87,2018-04-18,12850,350,13250,13400,12850,52178
86,2018-04-19,13400,550,12900,13400,12650,70932
85,2018-04-20,13050,350,13400,13400,13000,60933
84,2018-04-23,13550,500,13050,13850,13000,142711
80,2018-04-24,13300,250,13550,13600,13150,50274
79,2018-04-25,13250,50,13050,13850,13050,90337
78,2018-04-26,13700,450,13250,14350,13100,152109
77,2018-04-27,13450,250,14200,14250,13450,142937
76,2018-04-30,13100,350,13350,13750,12500,243676
73,2018-05-02,12900,200,13000,13150,12800,59661
72,2018-05-03,12700,200,13100,13150,12700,57181
71,2018-05-04,12850,150,12750,12900,12650,34803
70,2018-05-08,12650,200,12750,13050,12650,32631
69,2018-05-09,12500,150,12650,12650,12200,43610
65,2018-05-10,12550,50,12500,12950,12450,59833
64,2018-05-11,12900,350,12550,13200,12500,65649
63,2018-05-14,13150,250,13150,13200,12850,46510
62,2018-05-15,13350,200,13200,13450,13100,50804
61,2018-05-16,12900,450,13350,13500,12700,54016
58,2018-05-17,12850,50,13000,13100,12700,36113
57,2018-05-18,12900,50,12850,13000,12650,36381
56,2018-05-21,12800,100,12950,13150,12800,33108
55,2018-05-23,12500,300,12800,12800,12500,35016
54,2018-05-24,12000,500,12450,12500,11900,93510
50,2018-05-25,11750,250,11900,11900,11600,43279
49,2018-05-28,12500,750,11950,12550,11950,46480
48,2018-05-29,12950,450,12500,13000,12400,38340
47,2018-05-30,12700,250,12900,12900,12500,16370
46,2018-05-31,12250,450,12650,12800,12250,17906
43,2018-06-01,12150,100,12350,12550,12150,17506
42,2018-06-04,12400,250,12150,12450,12050,18612
41,2018-06-05,12400,0,12250,12400,12200,12849
40,2018-06-07,13250,850,12300,13350,12300,102862
39,2018-06-08,13000,250,13100,13450,12600,68754
35,2018-06-11,12900,100,13200,13250,12900,14539
34,2018-06-12,13150,250,12900,13200,12800,24754
33,2018-06-14,13200,50,13150,13300,12900,49193
32,2018-06-15,13100,100,13250,13650,13100,86966
31,2018-06-18,12900,200,13100,13250,12900,29594
28,2018-06-19,12250,650,12900,13000,12100,37821
27,2018-06-20,11950,300,11950,12150,11650,58862
26,2018-06-21,11950,0,11900,12200,11850,20202
25,2018-06-22,11950,0,11950,12100,11850,44899
24,2018-06-25,11800,150,11850,12050,11650,30242
20,2018-06-26,11400,400,11550,11600,11250,50214
19,2018-06-27,11850,450,11250,11900,11250,49341
18,2018-06-28,11850,0,0,0,0,0
17,2018-06-29,11850,0,0,0,0,0
16,2018-07-02,11850,0,0,0,0,0
13,2018-07-03,11850,0,0,0,0,0
12,2018-07-04,11850,0,0,0,0,0
11,2018-07-05,11850,0,0,0,0,0
10,2018-07-06,11850,0,0,0,0,0
9,2018-07-09,11850,0,0,0,0,0
5,2018-07-10,11850,0,0,0,0,0
4,2018-07-11,11850,0,0,0,0,0
3,2018-07-12,11850,0,0,0,0,0
2,2018-07-13,11850,0,0,0,0,0
