,date,close,diff,open,high,low,volume
448,2019-08-16,1345,40,1370,1370,1260,143609
447,2019-08-19,1345,0,1345,1380,1340,84717
446,2019-08-20,1375,30,1340,1390,1310,202348
445,2019-08-21,1410,35,1360,1440,1360,167982
444,2019-08-22,1385,25,1410,1435,1380,125540
440,2019-08-23,1365,20,1360,1410,1350,129778
439,2019-08-26,1295,70,1315,1365,1295,207652
438,2019-08-27,1320,25,1305,1345,1300,100192
437,2019-08-28,1335,15,1305,1350,1305,132115
436,2019-08-29,1340,5,1345,1385,1310,156769
433,2019-08-30,1435,95,1340,1520,1340,927573
432,2019-09-02,1430,5,1435,1460,1400,224120
431,2019-09-03,1430,0,1425,1445,1410,222702
430,2019-09-04,1430,0,1405,1445,1405,118779
429,2019-09-05,1455,25,1430,1465,1425,207200
425,2019-09-06,1475,20,1450,1495,1450,173609
424,2019-09-09,1445,30,1470,1495,1435,179067
423,2019-09-10,1465,20,1430,1480,1420,116359
422,2019-09-11,1505,40,1450,1515,1450,193831
421,2019-09-16,1555,50,1525,1560,1485,263280
418,2019-09-17,1525,30,1585,1585,1505,215815
417,2019-09-18,1590,65,1545,1755,1525,3160447
416,2019-09-19,1570,20,1590,1595,1555,330864
415,2019-09-20,1565,5,1560,1590,1555,197610
414,2019-09-23,1560,5,1550,1585,1540,133735
410,2019-09-24,1560,0,1550,1595,1550,160849
409,2019-09-25,1610,50,1580,1705,1550,1273823
408,2019-09-26,1685,75,1650,1685,1585,428086
407,2019-09-27,1685,0,1675,1730,1615,591183
406,2019-09-30,1710,25,1680,1720,1645,325929
403,2019-10-01,1685,25,1710,1720,1670,156079
402,2019-10-02,1635,50,1700,1710,1610,289447
401,2019-10-04,1615,20,1635,1690,1585,200016
400,2019-10-07,1575,40,1650,1650,1545,273842
399,2019-10-08,1610,35,1570,1620,1555,160528
395,2019-10-10,1615,5,1610,1625,1575,116484
394,2019-10-11,1625,10,1650,1670,1615,243636
393,2019-10-14,1800,175,1630,1840,1630,4805114
392,2019-10-15,2340,540,1895,2340,1870,19302455
391,2019-10-16,2270,70,2590,2745,2180,50147257
388,2019-10-17,2265,5,2300,2350,2135,21034570
387,2019-10-18,2145,120,2375,2470,2140,21489661
386,2019-10-21,2195,50,2075,2325,2050,15541746
385,2019-10-22,2085,110,2160,2170,2080,4445679
384,2019-10-23,2170,85,2205,2285,2105,13797257
380,2019-10-24,2395,225,2110,2510,2045,27005706
379,2019-10-25,2345,50,2445,2525,2260,12792109
378,2019-10-28,2190,155,2300,2545,2160,17221417
377,2019-10-29,2365,175,2190,2365,2145,14311347
376,2019-10-30,2260,105,2670,2770,2260,29449419
373,2019-10-31,2300,40,2250,2380,2185,8023471
372,2019-11-01,2345,45,2300,2380,2260,6472241
371,2019-11-04,2355,10,2335,2420,2315,6611489
370,2019-11-05,2460,105,2350,2530,2310,13377555
369,2019-11-06,2440,20,2430,2455,2380,4041709
365,2019-11-07,2500,60,2445,2545,2410,7615412
364,2019-11-08,2630,130,2475,2640,2465,12588505
363,2019-11-11,3415,785,2680,3415,2680,69873053
362,2019-11-12,3320,95,3350,3745,3185,30655494
361,2019-11-13,3320,0,3255,3640,3150,32631450
358,2019-11-14,2790,530,3300,3405,2715,25250268
357,2019-11-15,2785,5,2745,2840,2635,12002910
356,2019-11-18,2640,145,2740,2840,2640,8867696
355,2019-11-19,2680,40,2670,2795,2610,13277235
354,2019-11-20,2465,215,2710,2920,2280,33849004
350,2019-11-21,2290,175,2480,2570,2205,10365006
349,2019-11-22,2310,20,2290,2580,2240,27031919
348,2019-11-25,2325,15,2395,2540,2305,13681392
347,2019-11-26,2200,125,2340,2345,2195,6766350
346,2019-11-27,2130,70,2220,2255,2075,5713205
343,2019-11-28,2110,20,2125,2255,2090,6758693
342,2019-11-29,2030,80,2115,2165,2030,3824807
341,2019-12-02,2065,35,2045,2160,1965,8818869
340,2019-12-03,2080,15,2180,2240,2060,12856949
339,2019-12-04,1955,125,2040,2060,1925,4081910
335,2019-12-05,1910,45,1965,2010,1895,3912922
334,2019-12-06,2000,90,1900,2010,1900,3598902
333,2019-12-09,1935,65,1985,1995,1915,2765008
332,2019-12-10,1945,10,1930,1975,1915,2528229
331,2019-12-11,1980,35,1930,1990,1915,2298998
328,2019-12-12,1965,15,1975,1990,1940,1608657
327,2019-12-13,2040,75,1975,2045,1970,3378273
326,2019-12-16,2000,40,2040,2045,1975,2063982
325,2019-12-17,1980,20,2000,2025,1950,1762941
324,2019-12-18,2005,25,2000,2040,1975,3888321
320,2019-12-19,1985,20,1985,2010,1930,1610884
319,2019-12-20,1945,40,1995,1995,1935,3015282
318,2019-12-23,1905,40,1940,1960,1895,1479240
317,2019-12-24,1870,35,1910,1935,1860,2171215
316,2019-12-26,1910,40,1865,1960,1855,2019684
313,2019-12-27,1960,50,1910,1975,1910,1622980
312,2019-12-30,2030,70,1955,2035,1955,2054154
311,2020-01-02,1990,40,2025,2040,1980,1157709
310,2020-01-03,1990,0,2020,2030,1970,1515830
309,2020-01-06,1900,90,1960,1965,1895,916402
305,2020-01-07,1960,60,1900,1980,1900,1069428
304,2020-01-08,1865,95,1930,1955,1810,1767639
303,2020-01-09,1965,100,1895,1975,1895,1258499
302,2020-01-10,1965,0,1980,1985,1925,1222804
301,2020-01-13,1985,20,1980,2075,1970,3590600
298,2020-01-14,1965,20,2000,2025,1960,1411907
297,2020-01-15,1975,10,1975,1990,1950,664290
296,2020-01-16,1965,10,1965,2000,1950,688676
295,2020-01-17,1965,0,1960,1975,1945,591151
294,2020-01-20,1905,60,1965,1970,1880,1079946
290,2020-01-21,1865,40,1905,1925,1865,621107
289,2020-01-22,1885,20,1870,1900,1840,391491
288,2020-01-23,1855,30,1865,1885,1850,468350
287,2020-01-28,1725,130,1740,1790,1690,1794468
286,2020-01-29,1790,65,1740,2010,1720,6139498
283,2020-01-30,1730,60,1795,1820,1705,1199265
282,2020-01-31,1645,85,1730,1755,1640,1080711
281,2020-02-03,1685,40,1600,1765,1570,1360310
280,2020-02-04,1825,140,1705,1910,1705,3602749
279,2020-02-05,1815,10,1825,1850,1790,727521
275,2020-02-06,1805,10,1805,1835,1790,421922
274,2020-02-07,1795,10,1810,1815,1775,311885
273,2020-02-10,1850,55,1775,1855,1775,532531
272,2020-02-11,1830,20,1845,1875,1810,557058
271,2020-02-12,1865,35,1835,2030,1830,11032565
268,2020-02-13,2130,265,1865,2255,1805,55265027
267,2020-02-14,1910,220,2045,2090,1885,16267276
266,2020-02-17,1885,25,1920,1950,1870,5111733
265,2020-02-18,1765,120,1865,1885,1755,3950694
264,2020-02-19,1770,5,1775,1790,1690,2031468
260,2020-02-20,1795,25,1745,1795,1710,1520685
259,2020-02-21,1680,115,1755,1760,1680,1872860
258,2020-02-24,1600,80,1610,1645,1565,1547125
257,2020-02-25,1660,60,1565,1675,1565,1114876
256,2020-02-26,1650,10,1620,1670,1590,683301
253,2020-02-27,1565,85,1640,1685,1565,928386
252,2020-02-28,1475,90,1520,1565,1460,1304749
251,2020-03-02,1520,45,1455,1535,1445,887372
250,2020-03-03,1560,40,1535,1585,1530,597525
249,2020-03-04,1595,35,1535,1595,1525,465540
245,2020-03-05,1590,5,1600,1630,1580,393693
244,2020-03-06,1560,30,1570,1590,1530,328297
243,2020-03-09,1465,95,1530,1530,1440,899408
242,2020-03-10,1445,20,1410,1455,1385,959125
241,2020-03-11,1370,75,1435,1465,1345,799674
238,2020-03-12,1270,100,1345,1380,1255,1332559
237,2020-03-13,1150,120,1150,1215,1050,2184717
236,2020-03-16,1115,35,1150,1250,1115,1290482
235,2020-03-17,1170,55,1005,1215,1005,1417322
234,2020-03-18,1090,80,1170,1225,1090,1101132
230,2020-03-19,860,230,1100,1145,820,2117287
229,2020-03-20,938,78,860,964,860,1147793
228,2020-03-23,860,78,834,908,823,962147
227,2020-03-24,921,61,873,923,865,447018
226,2020-03-25,1005,84,967,1015,950,885260
223,2020-03-26,1050,45,1005,1105,992,1080064
222,2020-03-27,1050,0,1080,1120,1000,866942
221,2020-03-30,1120,70,1005,1125,996,954186
220,2020-03-31,1200,80,1160,1275,1120,1763025
219,2020-04-01,1235,35,1180,1370,1150,3763233
215,2020-04-02,1270,35,1230,1285,1170,1126870
214,2020-04-03,1290,20,1305,1320,1210,915270
213,2020-04-06,1275,15,1280,1290,1245,1414381
212,2020-04-07,1305,30,1300,1325,1265,1261871
211,2020-04-08,1305,0,1300,1335,1260,1054745
208,2020-04-09,1290,15,1325,1330,1285,790227
207,2020-04-10,1440,150,1300,1525,1245,10439273
206,2020-04-13,1445,5,1545,1755,1420,37410231
205,2020-04-14,1445,0,1450,1645,1415,11451515
204,2020-04-16,1520,75,1465,1525,1415,3897358
200,2020-04-17,1560,40,1545,1625,1530,6288985
199,2020-04-20,1570,10,1565,1615,1535,2888792
198,2020-04-21,1515,55,1550,1560,1400,2272112
197,2020-04-22,1525,10,1470,1545,1445,1316061
196,2020-04-23,1545,20,1520,1565,1505,1063566
193,2020-04-24,1480,65,1530,1565,1480,1137777
192,2020-04-27,1555,75,1525,1585,1495,1498388
191,2020-04-28,1610,55,1560,1630,1540,3898483
190,2020-04-29,1575,35,1610,1635,1570,1818729
189,2020-05-04,1580,5,1570,1620,1550,915380
185,2020-05-06,1625,45,1600,1665,1600,1945691
184,2020-05-07,1640,15,1625,1650,1610,1437424
183,2020-05-08,1630,10,1655,1655,1595,902937
182,2020-05-11,1595,35,1635,1655,1595,983693
181,2020-05-12,1625,30,1595,1625,1550,671556
178,2020-05-13,1675,50,1600,1675,1590,2022400
177,2020-05-14,1630,45,1675,1695,1615,1092011
176,2020-05-15,1605,25,1635,1645,1595,592492
175,2020-05-18,1645,40,1605,1660,1560,1094941
174,2020-05-19,1685,40,1655,1735,1655,2477430
170,2020-05-20,1685,0,1675,1710,1670,742172
169,2020-05-21,1650,35,1685,1720,1645,1338358
168,2020-05-22,1665,15,1650,1680,1635,953435
167,2020-05-25,1720,55,1665,1720,1645,1060679
166,2020-05-26,1750,30,1705,1785,1705,1756145
163,2020-05-27,1830,80,1780,1950,1735,9583268
162,2020-05-28,1750,80,1810,1820,1680,2454620
161,2020-05-29,1735,15,1745,1795,1710,1128733
160,2020-06-01,1820,85,1735,1930,1735,9330285
159,2020-06-02,1820,0,1820,1840,1785,1756621
155,2020-06-03,1780,40,1825,1845,1780,1167676
154,2020-06-04,1815,35,1800,1840,1775,1055054
153,2020-06-05,1855,40,1820,1895,1815,2823990
152,2020-06-08,1840,15,1880,1880,1810,1028601
151,2020-06-09,1815,25,1840,1850,1785,1262432
148,2020-06-10,1810,5,1820,1860,1780,1125966
147,2020-06-11,1770,40,1800,1805,1740,1000402
146,2020-06-12,1675,95,1645,1715,1630,1167155
145,2020-06-15,1515,160,1680,1690,1510,1718954
144,2020-06-16,1600,85,1565,1600,1550,658222
140,2020-06-17,1565,35,1575,1615,1540,401140
139,2020-06-18,1630,65,1555,1675,1555,666427
138,2020-06-19,1610,20,1630,1670,1585,564877
137,2020-06-22,1600,10,1600,1620,1575,309240
136,2020-06-23,1595,5,1635,1700,1585,572224
133,2020-06-24,1605,10,1600,1635,1585,337525
132,2020-06-25,1560,45,1595,1625,1545,412464
131,2020-06-26,1565,5,1570,1595,1550,281597
130,2020-06-29,1510,55,1545,1620,1505,567649
129,2020-06-30,1595,85,1520,1775,1520,6833185
125,2020-07-01,1560,35,1595,1640,1515,920964
124,2020-07-02,1675,115,1545,1855,1545,15232121
123,2020-07-03,2175,500,1680,2175,1675,64316837
122,2020-07-06,2175,0,2315,2370,2090,41015875
121,2020-07-07,2170,5,2155,2200,2075,20487557
118,2020-07-08,2225,55,2120,2225,2100,16982578
117,2020-07-09,2155,70,2200,2350,2140,23363714
116,2020-07-10,2090,65,2115,2145,2045,6190060
115,2020-07-13,2250,160,2100,2275,2070,15051681
114,2020-07-14,2355,105,2190,2395,2170,14071226
110,2020-07-15,2210,145,2300,2320,2210,6073217
109,2020-07-16,2150,60,2220,2265,2110,4680802
108,2020-07-17,2260,110,2145,2330,2130,7454015
107,2020-07-20,2215,45,2230,2240,2140,3420296
106,2020-07-21,2235,20,2360,2460,2190,23521164
103,2020-07-22,2105,130,2200,2205,2085,4730904
102,2020-07-23,1965,140,2105,2115,1955,4130691
101,2020-07-24,1910,55,1940,1990,1895,2170226
100,2020-07-27,1910,0,1910,1950,1895,1244355
99,2020-07-28,1865,45,1930,1945,1855,1879169
95,2020-07-29,1890,25,1880,1905,1860,1035996
94,2020-07-30,1880,10,1910,1910,1865,885325
93,2020-07-31,1920,40,1890,1945,1885,1408310
92,2020-08-03,2070,150,1925,2355,1860,37138076
91,2020-08-04,2015,55,2045,2070,1990,4677336
88,2020-08-05,1970,45,2020,2035,1940,2713246
87,2020-08-06,1955,15,1995,2010,1950,2047293
86,2020-08-07,1920,35,1975,1990,1910,1622201
85,2020-08-10,1975,55,1910,2075,1905,2863805
84,2020-08-11,1965,10,1985,2000,1950,1106061
80,2020-08-12,2045,80,1960,2105,1935,7749917
79,2020-08-13,2120,75,2055,2145,2050,5943675
78,2020-08-14,2105,15,2130,2135,2030,2821852
77,2020-08-18,1965,140,2100,2100,1895,2514389
76,2020-08-19,2035,70,1965,2085,1945,3110561
73,2020-08-20,1920,115,2030,2030,1890,1743103
72,2020-08-21,1915,5,1925,1950,1880,687679
71,2020-08-24,1860,55,1895,1915,1770,1117259
70,2020-08-25,1930,70,1870,1940,1870,804750
69,2020-08-26,1985,55,1935,1985,1855,1527592
65,2020-08-27,1915,70,1980,1980,1890,1280374
64,2020-08-28,1900,15,1915,2065,1890,3062734
63,2020-08-31,2100,200,1940,2100,1920,5138210
62,2020-09-01,2010,90,2050,2070,2000,2260268
61,2020-09-02,2020,10,2010,2100,1990,2541488
58,2020-09-03,2095,75,2055,2100,2020,3510088
57,2020-09-04,2045,50,1985,2050,1945,2008107
56,2020-09-07,2085,40,2060,2165,2035,6878246
55,2020-09-08,2240,155,2110,2290,2080,20228337
54,2020-09-09,2150,90,2175,2280,2135,5985216
50,2020-09-10,2110,40,2175,2190,2080,2545806
49,2020-09-11,2085,25,2085,2150,2065,1305802
48,2020-09-14,2080,5,2095,2135,2055,1157996
47,2020-09-15,2230,150,2075,2290,2065,8387699
46,2020-09-16,2200,30,2295,2515,2180,33994095
43,2020-09-17,2110,90,2210,2215,2110,3026161
42,2020-09-18,2165,55,2155,2260,2135,4341190
41,2020-09-21,2220,55,2190,2335,2155,8017113
40,2020-09-22,2360,140,2220,2385,2160,13047016
39,2020-09-23,2385,25,2330,2600,2265,35156865
35,2020-09-24,2200,185,2300,2330,2180,6399407
34,2020-09-25,2150,50,2235,2350,2135,10088217
33,2020-09-28,2220,70,2185,2280,2165,3495439
32,2020-09-29,2220,0,2185,2255,2180,2188019
31,2020-10-05,2125,95,2210,2215,2100,2247476
28,2020-10-06,2085,40,2135,2155,2055,2172497
27,2020-10-07,2080,5,2070,2105,2060,871686
26,2020-10-08,2075,5,2095,2095,2065,868207
25,2020-10-12,2050,25,2090,2095,2015,1047104
24,2020-10-13,2040,10,2060,2080,2015,979461
20,2020-10-14,2020,20,2050,2050,1970,1689153
19,2020-10-15,1920,100,2015,2020,1875,2169820
18,2020-10-16,1855,65,1925,1930,1790,1710412
17,2020-10-19,1810,45,1855,1865,1800,838552
16,2020-10-20,1790,20,1790,1840,1725,978757
13,2020-10-21,1845,55,1800,1850,1800,767745
12,2020-10-22,1825,20,1845,1850,1795,631568
11,2020-10-23,1795,30,1845,1845,1765,708583
10,2020-10-26,1700,95,1780,1805,1690,1152121
9,2020-10-27,1695,5,1670,1775,1640,939179
5,2020-10-28,1740,45,1675,1755,1675,566723
4,2020-10-29,1740,0,1705,1750,1675,446024
3,2020-10-30,1755,15,1740,1810,1725,821654
2,2020-11-02,1810,55,1755,1820,1755,521352
1,2020-11-03,1800,10,1820,1850,1790,504422
