,date,close,diff,open,high,low,volume
448,2019-08-16,1185,5,1180,1225,1145,1998584
447,2019-08-19,1140,45,1180,1190,1140,1086141
446,2019-08-20,1150,10,1140,1180,1120,1121187
445,2019-08-21,1165,15,1150,1165,1125,548766
444,2019-08-22,1130,35,1165,1165,1130,554460
440,2019-08-23,1120,10,1115,1155,1100,735575
439,2019-08-26,1125,5,1120,1170,1095,787276
438,2019-08-27,1145,20,1125,1160,1125,461915
437,2019-08-28,1135,10,1165,1170,1050,1845919
436,2019-08-29,1120,15,1195,1200,1120,1128349
433,2019-08-30,1145,25,1130,1155,1105,656594
432,2019-09-02,1195,50,1155,1205,1140,1538876
431,2019-09-03,1200,5,1190,1215,1180,872370
430,2019-09-04,1215,15,1225,1245,1195,1265320
429,2019-09-05,1190,25,1215,1220,1155,1214927
425,2019-09-06,1150,40,1170,1190,1135,905389
424,2019-09-09,1130,20,1155,1160,1110,983922
423,2019-09-10,1130,0,1120,1150,1100,508889
422,2019-09-11,1125,5,1120,1140,1110,557897
421,2019-09-16,1120,5,1120,1140,1115,361785
418,2019-09-17,1095,25,1120,1140,1080,1227564
417,2019-09-18,1045,50,1090,1100,1040,1229827
416,2019-09-19,1065,20,1040,1085,1040,763936
415,2019-09-20,1130,65,1080,1155,1060,2177081
414,2019-09-23,1105,25,1115,1125,1075,875994
410,2019-09-24,1100,5,1115,1125,1095,557503
409,2019-09-25,1090,10,1100,1110,1080,434393
408,2019-09-26,1105,15,1090,1135,1080,637178
407,2019-09-27,1100,5,1090,1110,1085,275184
406,2019-09-30,1105,5,1085,1130,1080,431695
403,2019-10-01,1140,35,1095,1140,1095,673215
402,2019-10-02,1135,5,1150,1160,1125,805501
401,2019-10-04,1145,10,1150,1155,1130,667940
400,2019-10-07,1170,25,1150,1190,1140,1109407
399,2019-10-08,1160,10,1170,1200,1145,976799
395,2019-10-10,1125,35,1160,1175,1115,704805
394,2019-10-11,1135,10,1130,1145,1115,577591
393,2019-10-14,1120,15,1125,1145,1105,564320
392,2019-10-15,1105,15,1120,1135,1100,540340
391,2019-10-16,1115,10,1110,1130,1075,1105021
388,2019-10-17,1150,35,1105,1150,1105,1248502
387,2019-10-18,1155,5,1135,1185,1130,1359828
386,2019-10-21,1120,35,1150,1150,1120,874134
385,2019-10-22,1125,5,1105,1140,1105,1522001
384,2019-10-23,1100,25,1135,1135,1070,1389460
380,2019-10-24,1055,45,1110,1110,1000,2200527
379,2019-10-25,1100,45,1040,1140,1040,1921523
378,2019-10-28,1070,30,1110,1115,1055,712376
377,2019-10-29,1070,0,1070,1110,1065,986462
376,2019-10-30,1080,10,1070,1085,1035,595524
373,2019-10-31,1065,15,1095,1095,1060,464674
372,2019-11-01,1035,30,1075,1080,1010,548689
371,2019-11-04,1060,25,1050,1060,1040,344785
370,2019-11-05,1060,0,1055,1085,1045,521422
369,2019-11-06,1050,10,1060,1065,1035,505122
365,2019-11-07,1055,5,1050,1060,1030,589492
364,2019-11-08,1065,10,1055,1065,1040,510718
363,2019-11-11,1030,35,1055,1070,1030,423991
362,2019-11-12,1040,10,1035,1045,1015,475462
361,2019-11-13,1040,0,1035,1040,1020,403069
358,2019-11-14,1025,15,1030,1040,1010,1360210
357,2019-11-15,1000,25,1065,1080,994,2292219
356,2019-11-18,1020,20,1010,1025,1000,757027
355,2019-11-19,1000,20,1020,1020,1000,590831
354,2019-11-20,980,20,1000,1010,979,935006
350,2019-11-21,981,1,975,992,950,837340
349,2019-11-22,1005,24,981,1015,960,587883
348,2019-11-25,1020,15,1005,1025,999,405265
347,2019-11-26,1020,0,1010,1025,1000,377347
346,2019-11-27,1005,15,1020,1020,999,318295
343,2019-11-28,999,6,1005,1010,950,471648
342,2019-11-29,981,18,999,1000,975,483937
341,2019-12-02,983,2,960,990,960,512485
340,2019-12-03,1015,32,959,1015,959,606043
339,2019-12-04,972,43,1015,1025,970,570371
335,2019-12-05,1015,43,987,1035,984,1427818
334,2019-12-06,1040,25,1025,1060,1010,872116
333,2019-12-09,999,41,1050,1055,995,1005625
332,2019-12-10,990,9,999,1005,986,428503
331,2019-12-11,999,9,986,1005,986,350417
328,2019-12-12,993,6,995,1005,980,425813
327,2019-12-13,977,16,988,1000,977,737400
326,2019-12-16,974,3,977,983,966,360295
325,2019-12-17,970,4,974,982,958,579488
324,2019-12-18,956,14,975,975,956,487433
320,2019-12-19,939,17,960,969,935,730836
319,2019-12-20,968,29,945,986,934,690255
318,2019-12-23,942,26,968,971,935,450616
317,2019-12-24,912,30,943,951,904,841438
316,2019-12-26,932,20,899,939,899,448580
313,2019-12-27,915,17,935,935,910,454972
312,2019-12-30,915,0,915,921,910,539042
311,2020-01-02,874,41,918,925,870,1725688
310,2020-01-03,904,30,880,912,876,794732
309,2020-01-06,880,24,904,904,873,577989
305,2020-01-07,882,2,885,893,876,392608
304,2020-01-08,830,52,880,884,828,747681
303,2020-01-09,870,40,826,881,826,499051
302,2020-01-10,869,1,870,878,860,295095
301,2020-01-13,890,21,872,893,868,437994
298,2020-01-14,894,4,903,903,881,310382
297,2020-01-15,886,8,894,899,880,272851
296,2020-01-16,893,7,890,895,881,466490
295,2020-01-17,907,14,894,937,894,1161757
294,2020-01-20,896,11,915,919,890,434365
290,2020-01-21,880,16,899,899,879,319711
289,2020-01-22,880,0,885,888,876,246830
288,2020-01-23,867,13,888,888,864,250858
287,2020-01-28,854,13,857,866,833,555872
286,2020-01-29,854,0,847,874,842,332696
283,2020-01-30,835,19,855,860,834,541584
282,2020-01-31,811,24,827,850,800,672441
281,2020-02-03,792,19,786,804,761,732621
280,2020-02-04,798,6,797,808,786,569918
279,2020-02-05,794,4,800,812,790,704334
275,2020-02-06,790,4,794,810,777,1328707
274,2020-02-07,765,25,796,796,760,1432753
273,2020-02-10,815,50,767,839,767,1882973
272,2020-02-11,822,7,829,840,809,607729
271,2020-02-12,818,4,825,825,811,344675
268,2020-02-13,816,2,823,824,809,497078
267,2020-02-14,822,6,814,824,808,441339
266,2020-02-17,803,19,811,831,796,655958
265,2020-02-18,800,3,803,811,789,503090
264,2020-02-19,800,0,809,809,786,540536
260,2020-02-20,791,9,800,804,780,608285
259,2020-02-21,782,9,782,798,773,520097
258,2020-02-24,737,45,755,772,733,1106219
257,2020-02-25,778,41,720,780,720,745068
256,2020-02-26,745,33,765,775,738,662169
253,2020-02-27,721,24,748,755,721,726664
252,2020-02-28,682,39,706,710,659,1689306
251,2020-03-02,697,15,682,709,670,489756
250,2020-03-03,710,13,706,730,706,338537
249,2020-03-04,725,15,698,725,697,362832
245,2020-03-05,756,31,735,759,717,440452
244,2020-03-06,734,22,749,755,732,460472
243,2020-03-09,680,54,712,727,680,634039
242,2020-03-10,671,9,660,683,651,687370
241,2020-03-11,645,26,671,683,636,639055
238,2020-03-12,605,40,646,646,597,928859
237,2020-03-13,580,25,506,598,506,1353218
236,2020-03-16,535,45,575,602,531,602700
235,2020-03-17,522,13,486,537,482,830915
234,2020-03-18,489,33,515,536,489,1000225
230,2020-03-19,381,108,491,505,374,2433051
229,2020-03-20,401,20,345,411,345,1962229
228,2020-03-23,413,12,350,480,335,3131527
227,2020-03-24,446,33,407,459,407,1012846
226,2020-03-25,461,15,456,475,440,993875
223,2020-03-26,496,35,465,515,452,1018983
222,2020-03-27,505,9,514,533,474,1114170
221,2020-03-30,534,29,499,538,470,859014
220,2020-03-31,533,1,535,548,521,728599
219,2020-04-01,517,16,518,539,513,752259
215,2020-04-02,527,10,519,527,498,531650
214,2020-04-03,530,3,537,543,522,363439
213,2020-04-06,547,17,530,553,522,636188
212,2020-04-07,557,10,547,569,541,641547
211,2020-04-08,585,28,560,598,544,945759
208,2020-04-09,613,28,591,629,590,741959
207,2020-04-10,604,9,621,635,580,719598
206,2020-04-13,585,19,601,617,580,445499
205,2020-04-14,591,6,588,600,563,186571
204,2020-04-16,602,11,591,602,572,283248
200,2020-04-17,611,9,612,616,604,323376
199,2020-04-20,608,3,611,616,598,468271
198,2020-04-21,583,25,605,608,550,544587
197,2020-04-22,576,7,583,583,545,786544
196,2020-04-23,578,2,579,601,573,418811
193,2020-04-24,570,8,580,584,562,372573
192,2020-04-27,635,65,569,730,567,11507535
191,2020-04-28,618,17,640,654,609,1515599
190,2020-04-29,611,7,618,625,597,1023041
189,2020-05-04,610,1,606,615,587,510414
185,2020-05-06,635,25,610,635,606,768827
184,2020-05-07,645,10,627,645,627,525571
183,2020-05-08,650,5,645,652,636,506549
182,2020-05-11,635,15,650,654,633,377732
181,2020-05-12,632,3,634,637,614,521478
178,2020-05-13,633,1,627,634,615,439107
177,2020-05-14,614,19,630,630,608,512957
176,2020-05-15,616,2,619,621,606,443018
175,2020-05-18,600,16,616,620,596,366577
174,2020-05-19,615,15,603,618,603,303565
170,2020-05-20,616,1,615,625,604,412384
169,2020-05-21,613,3,631,637,611,835466
168,2020-05-22,603,10,616,622,595,612513
167,2020-05-25,602,1,599,615,599,220849
166,2020-05-26,635,33,608,651,600,1640660
163,2020-05-27,628,7,639,657,610,790689
162,2020-05-28,613,15,630,632,590,676445
161,2020-05-29,608,5,611,616,602,212792
160,2020-06-01,611,3,604,617,604,316366
159,2020-06-02,611,0,613,621,608,323389
155,2020-06-03,611,0,615,618,605,505836
154,2020-06-04,608,3,611,615,605,250730
153,2020-06-05,613,5,611,613,601,305488
152,2020-06-08,620,7,618,623,612,369494
151,2020-06-09,614,6,624,624,608,499807
148,2020-06-10,612,2,614,617,607,218006
147,2020-06-11,603,9,615,615,596,525988
146,2020-06-12,604,1,556,614,555,616257
145,2020-06-15,558,46,587,599,556,750349
144,2020-06-16,577,19,570,586,556,434404
140,2020-06-17,636,59,587,650,583,4172140
139,2020-06-18,669,33,636,677,636,2008976
138,2020-06-19,651,18,668,678,642,771192
137,2020-06-22,664,13,651,672,632,881187
136,2020-06-23,654,10,663,685,635,1064623
133,2020-06-24,656,2,654,664,647,479119
132,2020-06-25,635,21,645,656,630,416636
131,2020-06-26,652,17,640,675,630,648129
130,2020-06-29,630,22,651,651,622,578068
129,2020-06-30,627,3,630,638,623,321857
125,2020-07-01,633,6,631,638,624,232514
124,2020-07-02,671,38,637,676,631,1009071
123,2020-07-03,693,22,672,699,659,682562
122,2020-07-06,709,16,693,713,688,646968
121,2020-07-07,683,26,713,713,680,551502
118,2020-07-08,714,31,680,714,676,743828
117,2020-07-09,717,3,719,734,711,510594
116,2020-07-10,687,30,711,720,686,697047
115,2020-07-13,700,13,687,708,680,530554
114,2020-07-14,700,0,700,708,688,567228
110,2020-07-15,703,3,704,712,675,568094
109,2020-07-16,707,4,707,714,695,634859
108,2020-07-17,711,4,711,711,703,423804
107,2020-07-20,706,5,718,718,699,550715
106,2020-07-21,722,16,706,725,699,1271379
103,2020-07-22,730,8,726,752,720,1234268
102,2020-07-23,720,10,734,736,707,649513
101,2020-07-24,695,25,720,722,695,910597
100,2020-07-27,701,6,702,726,700,748612
99,2020-07-28,667,34,703,703,660,1632591
95,2020-07-29,661,6,660,679,649,621862
94,2020-07-30,634,27,661,663,631,801052
93,2020-07-31,627,7,633,638,625,331314
92,2020-08-03,630,3,630,670,627,916858
91,2020-08-04,639,9,633,640,621,476846
88,2020-08-05,684,45,639,685,630,1243534
87,2020-08-06,710,26,689,780,688,5692601
86,2020-08-07,735,25,720,735,702,1612773
85,2020-08-10,754,19,740,790,738,3877809
84,2020-08-11,689,65,745,748,673,5437433
80,2020-08-12,672,17,692,718,672,2938156
79,2020-08-13,629,43,661,668,600,2625486
78,2020-08-14,647,18,629,661,620,998473
77,2020-08-18,634,13,647,664,628,847219
76,2020-08-19,636,2,632,663,621,637026
73,2020-08-20,612,24,640,648,609,994616
72,2020-08-21,614,2,614,630,607,561715
71,2020-08-24,597,17,613,613,576,1436138
70,2020-08-25,600,3,594,607,594,1262676
69,2020-08-26,597,3,600,604,590,765136
65,2020-08-27,569,28,600,600,567,1512207
64,2020-08-28,577,8,575,584,565,626626
63,2020-08-31,585,8,577,596,574,841708
62,2020-09-01,579,6,585,594,573,812363
61,2020-09-02,591,12,582,594,574,882046
58,2020-09-03,609,18,590,617,587,924309
57,2020-09-04,626,17,596,630,577,925498
56,2020-09-07,627,1,628,643,612,1792776
55,2020-09-08,623,4,631,633,598,707805
54,2020-09-09,606,17,620,627,605,476785
50,2020-09-10,588,18,608,613,580,1719425
49,2020-09-11,614,26,589,626,586,1372737
48,2020-09-14,694,80,622,710,616,10776278
47,2020-09-15,714,20,711,782,710,11912822
46,2020-09-16,705,9,714,742,701,1833869
43,2020-09-17,694,11,705,710,685,1176568
42,2020-09-18,688,6,690,697,660,1203168
41,2020-09-21,653,35,678,687,652,1741872
40,2020-09-22,618,35,659,659,614,1337146
39,2020-09-23,624,6,622,637,599,597590
35,2020-09-24,599,25,615,615,595,811255
34,2020-09-25,599,0,611,621,599,628066
33,2020-09-28,612,13,599,620,589,1092766
32,2020-09-29,618,6,620,620,607,402569
31,2020-10-05,623,5,622,625,615,396475
28,2020-10-06,624,1,620,628,617,492505
27,2020-10-07,648,24,624,650,620,636373
26,2020-10-08,643,5,652,652,632,500110
25,2020-10-12,681,38,643,710,636,3428667
24,2020-10-13,680,1,676,691,672,799548
20,2020-10-14,660,20,678,684,655,690318
19,2020-10-15,639,21,661,666,627,740605
18,2020-10-16,645,6,647,650,625,551239
17,2020-10-19,642,3,644,656,636,434200
16,2020-10-20,639,3,635,644,617,564651
13,2020-10-21,638,1,643,643,622,397694
12,2020-10-22,611,27,632,638,611,919594
11,2020-10-23,606,5,612,616,600,495497
10,2020-10-26,593,13,609,609,591,879075
9,2020-10-27,583,10,596,596,571,804258
5,2020-10-28,594,11,583,600,576,440742
4,2020-10-29,600,6,594,603,584,590379
3,2020-10-30,597,3,599,600,588,405625
2,2020-11-02,601,4,597,605,592,390816
1,2020-11-03,599,2,600,608,598,427019
