,date,close,diff,open,high,low,volume
448,2019-08-16,6000,440,6350,6370,6000,303349
447,2019-08-19,6340,340,6090,6550,6070,445070
446,2019-08-20,6230,110,6390,6390,6130,153255
445,2019-08-21,6650,420,6300,6750,6200,485617
444,2019-08-22,5990,660,6630,6630,5970,612587
440,2019-08-23,5850,140,5990,6200,5810,216215
439,2019-08-26,5560,290,5700,5740,5460,385310
438,2019-08-27,5750,190,5610,5750,5540,193537
437,2019-08-28,5510,240,5750,5910,5270,321307
436,2019-08-29,5290,220,5550,5550,5210,158974
433,2019-08-30,5400,110,5350,5500,5330,119550
432,2019-09-02,5640,240,5640,5730,5440,217737
431,2019-09-03,5610,30,5640,5710,5520,73080
430,2019-09-04,5740,130,5610,5770,5550,164552
429,2019-09-05,5440,300,5850,5850,5430,216478
425,2019-09-06,5320,120,5550,5560,5230,164622
424,2019-09-09,5240,80,5320,5440,5230,91710
423,2019-09-10,5390,150,5200,5390,5170,93453
422,2019-09-11,5310,80,5500,5830,5310,216242
421,2019-09-16,5300,10,5380,5380,5260,63466
418,2019-09-17,5440,140,5280,5440,5220,136514
417,2019-09-18,5470,30,5440,5510,5350,91283
416,2019-09-19,5380,90,5520,5520,5200,65460
415,2019-09-20,5550,170,5430,5580,5340,111200
414,2019-09-23,5480,70,5550,5550,5410,42413
410,2019-09-24,5410,70,5480,5540,5410,36324
409,2019-09-25,5420,10,5360,5560,5290,69917
408,2019-09-26,5860,440,5540,5900,5430,420806
407,2019-09-27,5810,50,5860,6010,5700,369117
406,2019-09-30,5600,210,5810,5840,5600,107891
403,2019-10-01,5810,210,5610,5980,5550,221987
402,2019-10-02,5750,60,5720,5840,5560,94430
401,2019-10-04,5610,140,5650,5850,5560,39414
400,2019-10-07,5180,430,5510,5550,5180,121365
399,2019-10-08,5180,0,5150,5250,5050,52208
395,2019-10-10,5110,70,5080,5310,5080,28841
394,2019-10-11,5100,10,5100,5300,5070,42032
393,2019-10-14,5140,40,5100,5210,5100,24264
392,2019-10-15,5300,160,5140,5340,5140,53960
391,2019-10-16,5310,10,5310,5330,5210,42700
388,2019-10-17,5140,170,5350,5350,5140,52970
387,2019-10-18,5030,110,5150,5230,4995,67771
386,2019-10-21,4895,135,5030,5050,4895,63170
385,2019-10-22,4890,5,4890,4980,4875,55353
384,2019-10-23,4520,370,4870,4870,4505,328598
380,2019-10-24,4740,220,4570,4815,4500,124195
379,2019-10-25,4775,35,4715,4810,4615,56218
378,2019-10-28,4765,10,4755,4790,4700,41368
377,2019-10-29,4680,85,4795,4920,4625,249361
376,2019-10-30,4650,30,4680,4700,4535,50834
373,2019-10-31,4550,100,4530,4615,4295,232050
372,2019-11-01,4490,60,4510,4680,4405,59207
371,2019-11-04,4485,5,4535,4595,4465,33235
370,2019-11-05,4605,120,4565,4625,4485,61919
369,2019-11-06,4585,20,4690,4690,4460,36124
365,2019-11-07,4545,40,4585,4765,4535,125906
364,2019-11-08,4530,15,4640,4640,4495,41504
363,2019-11-11,4620,90,4530,4625,4530,23266
362,2019-11-12,4640,20,4620,4685,4540,28502
361,2019-11-13,4690,50,4600,4700,4600,23198
358,2019-11-14,4670,20,4690,4770,4625,39868
357,2019-11-15,4670,0,4670,4720,4620,33930
356,2019-11-18,4670,0,4670,4695,4630,13639
355,2019-11-19,4530,140,4750,4750,4480,38962
354,2019-11-20,4360,170,4500,4590,4335,47017
350,2019-11-21,4415,55,4435,4500,4280,36413
349,2019-11-22,4450,35,4300,4485,4300,19653
348,2019-11-25,4425,25,4500,4500,4395,8134
347,2019-11-26,4530,105,4420,4540,4420,14713
346,2019-11-27,4555,25,4530,4595,4500,8490
343,2019-11-28,4420,135,4490,4595,4375,32374
342,2019-11-29,4365,55,4420,4430,4265,35748
341,2019-12-02,4260,105,4365,4495,4245,27648
340,2019-12-03,4285,25,4190,4350,4105,19312
339,2019-12-04,4170,115,4165,4270,4105,22403
335,2019-12-05,4180,10,4145,4230,4110,11196
334,2019-12-06,4160,20,4120,4200,4120,5447
333,2019-12-09,4145,15,4105,4215,4105,7651
332,2019-12-10,4210,65,4170,4225,4170,5857
331,2019-12-11,4160,50,4125,4250,4125,10110
328,2019-12-12,4160,0,4160,4225,4115,15164
327,2019-12-13,4070,90,4165,4190,4010,64390
326,2019-12-16,4060,10,4145,4145,4055,13994
325,2019-12-17,4080,20,4060,4110,3950,29720
324,2019-12-18,4060,20,3980,4125,3980,61091
320,2019-12-19,4060,0,4060,4105,4040,23706
319,2019-12-20,4065,5,4095,4095,4010,22257
318,2019-12-23,3980,85,4105,4105,3980,33840
317,2019-12-24,3950,30,3980,4045,3930,11191
316,2019-12-26,4000,50,3950,4030,3950,29754
313,2019-12-27,3990,10,4050,4050,3950,23350
312,2019-12-30,4055,65,3990,4075,3975,28322
311,2020-01-02,4075,20,4085,4085,4045,23783
310,2020-01-03,4050,25,4040,4110,4030,18419
309,2020-01-06,3970,80,4090,4090,3940,39334
305,2020-01-07,4030,60,3960,4045,3960,31485
304,2020-01-08,3770,260,4030,4030,3755,94143
303,2020-01-09,3880,110,3815,3885,3790,30180
302,2020-01-10,3945,65,3935,4015,3880,28533
301,2020-01-13,4020,75,3945,4045,3945,38093
298,2020-01-14,4020,0,4065,4065,3990,37361
297,2020-01-15,4070,50,4020,4070,4000,46545
296,2020-01-16,4365,295,4080,4395,4080,188577
295,2020-01-17,4460,95,4370,4640,4370,223216
294,2020-01-20,4310,150,4560,4560,4310,41903
290,2020-01-21,4425,115,4485,4485,4350,38360
289,2020-01-22,4315,110,4425,4445,4300,49709
288,2020-01-23,4180,135,4325,4330,4180,50666
287,2020-01-28,4160,20,4115,4235,3950,51924
286,2020-01-29,4105,55,4160,4160,4025,12483
283,2020-01-30,4090,15,4105,4130,3950,21600
282,2020-01-31,3950,140,4080,4080,3930,23166
281,2020-02-03,3910,40,3925,3950,3750,31984
280,2020-02-04,3980,70,3910,4065,3850,23373
279,2020-02-05,4000,20,4025,4030,3900,21138
275,2020-02-06,4040,40,3995,4045,3925,21712
274,2020-02-07,4085,45,3975,4175,3975,28309
273,2020-02-10,4090,5,4095,4205,4030,11408
272,2020-02-11,4090,0,4185,4185,4030,16308
271,2020-02-12,4090,0,4170,4170,4000,15853
268,2020-02-13,4085,5,4090,4090,4010,36150
267,2020-02-14,4050,35,4040,4080,3990,34591
266,2020-02-17,4030,20,4070,4090,4005,32508
265,2020-02-18,4015,15,4010,4095,3985,31002
264,2020-02-19,4015,0,4015,4120,3950,8794
260,2020-02-20,3985,30,4015,4070,3920,22063
259,2020-02-21,3945,40,3985,4030,3870,26663
258,2020-02-24,3835,110,3955,3955,3750,23805
257,2020-02-25,3850,15,3735,3850,3735,12900
256,2020-02-26,3805,45,3800,3830,3750,8221
253,2020-02-27,3705,100,3805,3825,3705,20420
252,2020-02-28,3395,310,3660,3695,3320,116908
251,2020-03-02,3500,105,3415,3510,3350,21085
250,2020-03-03,3375,125,3580,3615,3375,44008
249,2020-03-04,3465,90,3370,3475,3370,23813
245,2020-03-05,3595,130,3560,3600,3480,32277
244,2020-03-06,3445,150,3540,3545,3435,19616
243,2020-03-09,3280,165,3435,3435,3270,41142
242,2020-03-10,3235,45,3195,3240,3120,38338
241,2020-03-11,3060,175,3255,3360,3055,28196
238,2020-03-12,2870,190,2950,3015,2820,44782
237,2020-03-13,2340,530,2610,2640,2115,206403
236,2020-03-16,2165,175,2310,2490,2150,58675
235,2020-03-17,2075,90,2070,2245,2010,73551
234,2020-03-18,2000,75,2110,2220,1910,113298
230,2020-03-19,1710,290,1960,2080,1660,151863
229,2020-03-20,1750,40,1655,1795,1595,202407
228,2020-03-23,1635,115,1695,1695,1600,65939
227,2020-03-24,1740,105,1605,1750,1605,60257
226,2020-03-25,1880,140,1760,1900,1760,122010
223,2020-03-26,1940,60,1920,2050,1895,211166
222,2020-03-27,2065,125,1970,2065,1900,278354
221,2020-03-30,2430,365,2220,2570,2200,624159
220,2020-03-31,2410,20,2495,2500,2285,221168
219,2020-04-01,2390,20,2375,2450,2310,130444
215,2020-04-02,2350,40,2450,2600,2300,269893
214,2020-04-03,2350,0,2350,2400,2315,84571
213,2020-04-06,2370,20,2350,2395,2290,128453
212,2020-04-07,2490,120,2485,2535,2405,126092
211,2020-04-08,2615,125,2545,2930,2430,405090
208,2020-04-09,2660,45,2655,2675,2610,94084
207,2020-04-10,2625,35,2675,2685,2510,98221
206,2020-04-13,2535,90,2680,2680,2500,87705
205,2020-04-14,2650,115,2545,2750,2545,173648
204,2020-04-16,2745,95,2650,2750,2570,88626
200,2020-04-17,2880,135,2765,2980,2765,205841
199,2020-04-20,2850,30,2975,2975,2845,155832
198,2020-04-21,2750,100,2850,2935,2500,128013
197,2020-04-22,2775,25,2640,2780,2635,39057
196,2020-04-23,3025,250,2780,3080,2780,407020
193,2020-04-24,2920,105,3025,3025,2900,93921
192,2020-04-27,3040,120,2920,3045,2855,134888
191,2020-04-28,3095,55,3095,3110,2980,154620
190,2020-04-29,3190,95,3145,3345,3015,237546
189,2020-05-04,3205,15,3190,3245,3075,55890
185,2020-05-06,3210,5,3205,3285,3125,50098
184,2020-05-07,3250,40,3330,3330,3185,64680
183,2020-05-08,3240,10,3225,3285,3215,47847
182,2020-05-11,3220,20,3250,3300,3200,48252
181,2020-05-12,3150,70,3180,3205,3100,60220
178,2020-05-13,3125,25,3160,3165,3080,44994
177,2020-05-14,3075,50,3160,3160,3040,28549
176,2020-05-15,3080,5,3075,3115,3035,55845
175,2020-05-18,3140,60,3080,3185,3050,41133
174,2020-05-19,3170,30,3140,3180,3110,30598
170,2020-05-20,3185,15,3195,3200,3160,30788
169,2020-05-21,3300,115,3200,3580,3155,646369
168,2020-05-22,3255,45,3325,3370,3210,117462
167,2020-05-25,3340,85,3285,3375,3280,80086
166,2020-05-26,3375,35,3390,3390,3310,67541
163,2020-05-27,3315,60,3400,3420,3260,119102
162,2020-05-28,3215,100,3290,3315,3160,108927
161,2020-05-29,3150,65,3185,3245,3150,49374
160,2020-06-01,3330,180,3150,3330,3150,102465
159,2020-06-02,3335,5,3335,3395,3240,107163
155,2020-06-03,3300,35,3335,3355,3250,71074
154,2020-06-04,3500,200,3360,3580,3300,211748
153,2020-06-05,3405,95,3500,3500,3405,97519
152,2020-06-08,3415,10,3405,3485,3260,77792
151,2020-06-09,3365,50,3415,3440,3310,48051
148,2020-06-10,3415,50,3365,3445,3325,103181
147,2020-06-11,3480,65,3425,3950,3425,905324
146,2020-06-12,3300,180,3270,3350,3185,143183
145,2020-06-15,2965,335,3225,3300,2965,142677
144,2020-06-16,3080,115,2975,3105,2975,53855
140,2020-06-17,3090,10,3080,3145,2980,96850
139,2020-06-18,3080,10,3100,3120,3000,36161
138,2020-06-19,3135,55,3175,3175,3075,39023
137,2020-06-22,3135,0,3195,3195,3090,50047
136,2020-06-23,4075,940,3435,4075,3435,1947698
133,2020-06-24,3910,165,4340,4475,3770,2896327
132,2020-06-25,3925,15,3910,3985,3800,554036
131,2020-06-26,3675,250,3905,3960,3550,544780
130,2020-06-29,3570,105,3550,3600,3495,171149
129,2020-06-30,3505,65,3600,3640,3415,196977
125,2020-07-01,3500,5,3515,3575,3435,80293
124,2020-07-02,3525,25,3540,3565,3425,100958
123,2020-07-03,3625,100,3590,3635,3520,127072
122,2020-07-06,3690,65,3640,3735,3570,183585
121,2020-07-07,3600,90,3730,3730,3570,93029
118,2020-07-08,3640,40,3665,3665,3505,42328
117,2020-07-09,3690,50,3640,3740,3595,111129
116,2020-07-10,3630,60,3760,3760,3565,121661
115,2020-07-13,3670,40,3615,3690,3580,54701
114,2020-07-14,3705,35,3725,3795,3615,144910
110,2020-07-15,3880,175,3720,3890,3720,252256
109,2020-07-16,3830,50,3895,3915,3780,214898
108,2020-07-17,3800,30,3805,3855,3750,58915
107,2020-07-20,3860,60,3800,3865,3740,95974
106,2020-07-21,3855,5,3860,3895,3800,66148
103,2020-07-22,3810,45,3875,3875,3765,51954
102,2020-07-23,3700,110,3845,3845,3645,133936
101,2020-07-24,3670,30,3690,3725,3570,86203
100,2020-07-27,3735,65,3635,3740,3625,68234
99,2020-07-28,3800,65,3775,3850,3710,104650
95,2020-07-29,3800,0,3830,3830,3730,40215
94,2020-07-30,3805,5,3800,3890,3760,100942
93,2020-07-31,3825,20,3810,3835,3735,53579
92,2020-08-03,3795,30,3825,3835,3750,84930
91,2020-08-04,3810,15,3795,3825,3730,59354
88,2020-08-05,3830,20,3790,3890,3710,79706
87,2020-08-06,3820,10,3805,3880,3760,48110
86,2020-08-07,3765,55,3830,3930,3765,70971
85,2020-08-10,3670,95,3765,3800,3655,104068
84,2020-08-11,3680,10,3670,3725,3605,57113
80,2020-08-12,3610,70,3680,3715,3560,49594
79,2020-08-13,3655,45,3610,3715,3610,51071
78,2020-08-14,3700,45,3705,3750,3590,84928
77,2020-08-18,3335,365,3740,3740,3335,189778
76,2020-08-19,3435,100,3340,3495,3335,48402
73,2020-08-20,3255,180,3430,3430,3210,85486
72,2020-08-21,3395,140,3255,3400,3180,198785
71,2020-08-24,3340,55,3375,3375,3240,59465
70,2020-08-25,3420,80,3340,3470,3340,49206
69,2020-08-26,3595,175,3420,3595,3335,121711
65,2020-08-27,3445,150,3580,3655,3435,106782
64,2020-08-28,3465,20,3445,3515,3365,26716
63,2020-08-31,3460,5,3465,3500,3430,22331
62,2020-09-01,3735,275,3460,3740,3430,218720
61,2020-09-02,3715,20,3750,3770,3635,121490
58,2020-09-03,3680,35,3715,3735,3645,63819
57,2020-09-04,3625,55,3520,3645,3510,33767
56,2020-09-07,3770,145,3625,3805,3500,186126
55,2020-09-08,3735,35,3720,3790,3690,61499
54,2020-09-09,3950,215,3650,3995,3635,432937
50,2020-09-10,4100,150,3930,4135,3865,541207
49,2020-09-11,4040,60,4100,4150,3995,111994
48,2020-09-14,3940,100,4020,4140,3915,168698
47,2020-09-15,3920,20,4000,4005,3890,78165
46,2020-09-16,3815,105,3960,3990,3790,96893
43,2020-09-17,4270,455,3815,4470,3735,2019017
42,2020-09-18,4420,150,4600,5300,4260,3721589
41,2020-09-21,4340,80,4320,4415,4185,574401
40,2020-09-22,4190,150,4300,4300,4000,303043
39,2020-09-23,4050,140,4160,4270,4015,98180
35,2020-09-24,3900,150,3960,3985,3810,125545
34,2020-09-25,3930,30,3900,3930,3800,363751
33,2020-09-28,4055,125,4350,4350,4005,343924
32,2020-09-29,4060,5,4095,4100,3980,90394
31,2020-10-05,4195,135,4100,4255,4000,140202
28,2020-10-06,4230,35,4195,4325,4155,109605
27,2020-10-07,4375,145,4200,4380,4180,113918
26,2020-10-08,4355,20,4410,4420,4220,128049
25,2020-10-12,4375,20,4355,4430,4255,111132
24,2020-10-13,4625,250,4375,4625,4330,298161
20,2020-10-14,4365,260,4625,4625,4365,179184
19,2020-10-15,4200,165,4365,4415,4040,222644
18,2020-10-16,4130,70,4200,4200,3995,74611
17,2020-10-19,3915,215,4090,4110,3890,147243
16,2020-10-20,4060,145,3900,4060,3860,65033
13,2020-10-21,4070,10,4030,4115,4010,28505
12,2020-10-22,3915,155,4070,4105,3845,100892
11,2020-10-23,4140,225,3950,4460,3950,649507
10,2020-10-26,3970,170,4230,4230,3970,131405
9,2020-10-27,3960,10,3970,4050,3895,92244
5,2020-10-28,4045,85,3980,4110,3880,110042
4,2020-10-29,3965,80,4000,4005,3905,63919
3,2020-10-30,3865,100,3990,4095,3810,100761
2,2020-11-02,3865,0,3865,3940,3835,43506
1,2020-11-03,3940,75,3870,3995,3840,46432
