,date,close,diff,open,high,low,volume
448,2005-05-12,1600,20,1620,1645,1600,530376
447,2005-05-13,1555,45,1550,1630,1525,1168192
446,2005-05-16,1550,5,1555,1570,1545,525986
445,2005-05-17,1540,10,1555,1590,1525,825884
444,2005-05-18,1495,45,1545,1560,1490,704193
440,2005-05-19,1560,65,1525,1610,1520,1695773
439,2005-05-20,1550,10,1565,1575,1535,703595
438,2005-05-23,1545,5,1550,1565,1530,625016
437,2005-05-24,1630,85,1560,1645,1560,1819181
436,2005-05-25,1690,60,1645,1820,1600,3881315
433,2005-05-26,1640,50,1720,1720,1640,962554
432,2005-05-27,1650,10,1640,1680,1620,1522409
431,2005-05-30,1590,60,1630,1650,1590,1175201
430,2005-05-31,1605,15,1610,1635,1595,720763
429,2005-06-01,1550,55,1605,1610,1550,860661
425,2005-06-02,1605,55,1560,1650,1550,1536113
424,2005-06-03,1625,20,1610,1645,1605,751643
423,2005-06-07,1640,15,1620,1645,1585,883180
422,2005-06-08,1640,0,1625,1680,1620,862898
421,2005-06-09,1675,35,1645,1740,1645,2176270
418,2005-06-10,1645,30,1700,1710,1635,1156773
417,2005-06-13,1620,25,1645,1665,1615,744445
416,2005-06-14,1575,45,1620,1640,1570,1033210
415,2005-06-15,1590,15,1565,1605,1565,720377
414,2005-06-16,1665,75,1585,1670,1575,1707464
410,2005-06-17,1690,25,1655,1740,1620,3201675
409,2005-06-20,1655,35,1715,1725,1605,1995453
408,2005-06-21,1775,120,1670,1790,1645,6209815
407,2005-06-22,1710,65,1790,1835,1695,4644997
406,2005-06-23,1650,60,1700,1755,1645,3492901
403,2005-06-24,1590,60,1610,1650,1585,2089766
402,2005-06-27,1540,50,1560,1600,1540,1623765
401,2005-06-28,1570,30,1545,1600,1545,2019348
400,2005-06-29,1560,10,1570,1595,1555,1459378
399,2005-06-30,1575,15,1565,1590,1560,1284013
395,2005-07-01,1600,25,1570,1615,1570,1850820
394,2005-07-04,1620,20,1605,1635,1595,1215050
393,2005-07-05,1600,20,1620,1630,1595,1278759
392,2005-07-06,1575,25,1600,1615,1575,1213584
391,2005-07-07,1575,0,1580,1590,1565,1009283
388,2005-07-08,1565,10,1570,1600,1560,1479956
387,2005-07-11,1345,220,1480,1485,1335,12811792
386,2005-07-12,1275,70,1350,1430,1270,9255502
385,2005-07-13,1305,30,1310,1340,1290,3590786
384,2005-07-14,1215,90,1300,1325,1180,5089847
380,2005-07-15,1300,85,1210,1330,1205,5815934
379,2005-07-18,1290,10,1320,1325,1260,3167079
378,2005-07-19,1410,120,1270,1470,1270,8017794
377,2005-07-20,1360,50,1425,1445,1310,3307747
376,2005-07-21,1330,30,1365,1420,1330,2610735
373,2005-07-22,1310,20,1290,1345,1290,1698199
372,2005-07-25,1310,0,1300,1370,1290,2922836
371,2005-07-26,1300,10,1320,1335,1280,2373010
370,2005-07-27,1240,40,1270,1285,1220,3139690
369,2005-07-28,1255,15,1245,1285,1215,3016250
365,2005-07-29,1440,185,1265,1440,1260,5819203
364,2005-08-01,1470,30,1495,1640,1450,10158287
363,2005-08-02,1470,0,1500,1580,1370,9104954
362,2005-08-03,1380,90,1525,1525,1365,4241621
361,2005-08-04,1330,50,1380,1490,1280,6055876
358,2005-08-05,1510,180,1305,1525,1305,16188484
357,2005-08-08,1380,130,1440,1485,1380,6692914
356,2005-08-09,1200,180,1255,1330,1200,7153733
355,2005-08-10,1215,15,1180,1285,1125,8105924
354,2005-08-11,1235,20,1225,1260,1225,3537551
350,2005-08-12,1245,10,1240,1330,1220,4484093
349,2005-08-16,1265,20,1245,1305,1245,3451918
348,2005-08-17,1270,5,1250,1270,1240,1720510
347,2005-08-18,1215,55,1290,1290,1215,2205727
346,2005-08-19,1170,45,1150,1235,1140,3097055
343,2005-08-22,1260,90,1205,1310,1180,9734118
342,2005-08-23,1255,5,1290,1340,1255,5092514
341,2005-08-24,1245,10,1290,1310,1240,3797385
340,2005-08-25,1220,25,1230,1270,1210,3023345
339,2005-08-26,1180,40,1205,1235,1180,2297539
335,2005-08-29,1065,115,1140,1180,1065,2674868
334,2005-08-30,1095,30,1065,1160,1065,2760242
333,2005-08-31,1100,5,1060,1155,1060,2718900
332,2005-09-01,1125,25,1120,1140,1115,1329536
331,2005-09-02,1125,0,1125,1130,1110,1047271
328,2005-09-05,1175,50,1125,1180,1125,2176009
327,2005-09-06,1210,35,1175,1210,1155,2636800
326,2005-09-07,1170,40,1240,1240,1165,4870973
325,2005-09-08,1175,5,1175,1215,1175,2424386
324,2005-09-09,1170,5,1130,1240,1100,7016296
320,2005-09-12,1150,20,1175,1195,1150,2066077
319,2005-09-13,1110,40,1150,1160,1110,2191567
318,2005-09-14,1110,0,1100,1125,1100,1308137
317,2005-09-15,1095,15,1100,1125,1095,1707549
316,2005-09-16,1125,30,1095,1130,1090,1237407
313,2005-09-20,1120,5,1135,1135,1115,1239494
312,2005-09-21,1100,20,1110,1120,1095,1469107
311,2005-09-22,1100,0,1095,1140,1090,2422737
310,2005-09-23,1140,40,1105,1175,1100,5454377
309,2005-09-26,1115,25,1155,1155,1115,1830302
305,2005-09-27,1120,5,1115,1140,1110,1712846
304,2005-09-28,1165,45,1120,1210,1120,6148070
303,2005-09-29,1180,15,1165,1195,1165,2276714
302,2005-09-30,1175,5,1195,1200,1165,1419840
301,2005-10-04,1200,25,1185,1230,1180,3613944
298,2005-10-05,1215,15,1205,1235,1205,1454061
297,2005-10-06,1200,15,1230,1240,1190,1757741
296,2005-10-07,1190,10,1200,1220,1180,1648584
295,2005-10-10,1220,30,1170,1240,1170,2406110
294,2005-10-11,1285,65,1240,1300,1240,2923154
290,2005-10-12,1280,5,1290,1320,1255,2349189
289,2005-10-13,1275,5,1295,1300,1265,1426184
288,2005-10-14,1230,45,1275,1285,1225,1616851
287,2005-10-17,1240,10,1210,1285,1210,2743533
286,2005-10-18,1240,0,1245,1260,1230,1218549
283,2005-10-19,1190,50,1230,1240,1180,1436216
282,2005-10-20,1365,175,1190,1365,1190,9985392
281,2005-10-21,1415,50,1420,1550,1405,13898645
280,2005-10-24,1425,10,1440,1445,1350,4433626
279,2005-10-25,1360,65,1465,1470,1360,5575679
275,2005-10-26,1335,25,1365,1385,1330,2998306
274,2005-10-27,1310,25,1335,1375,1300,3245493
273,2005-10-28,1260,50,1280,1315,1260,2423286
272,2005-10-31,1390,130,1295,1440,1265,9096087
271,2005-11-01,1355,35,1400,1405,1335,2903150
268,2005-11-02,1385,30,1365,1390,1340,3045573
267,2005-11-03,1365,20,1405,1415,1365,2103732
266,2005-11-04,1350,15,1365,1370,1330,2122205
265,2005-11-07,1335,15,1360,1365,1330,1755219
264,2005-11-08,1385,50,1335,1385,1335,2957212
260,2005-11-09,1235,150,1395,1415,1180,7169368
259,2005-11-10,1275,40,1275,1300,1260,2620001
258,2005-11-11,1235,40,1265,1290,1230,2528096
257,2005-11-14,1230,5,1225,1255,1225,1482797
256,2005-11-15,1245,15,1230,1250,1225,1840476
253,2005-11-16,1250,5,1255,1270,1250,1414671
252,2005-11-17,1240,10,1250,1260,1235,1414250
251,2005-11-18,1230,10,1230,1245,1225,1634388
250,2005-11-21,1230,0,1225,1240,1225,1407497
249,2005-11-22,1200,30,1235,1245,1190,2083450
245,2005-11-23,1180,20,1195,1210,1175,2404794
244,2005-11-24,1180,0,1200,1210,1175,2071030
243,2005-11-25,1185,5,1180,1200,1180,1240100
242,2005-11-28,1215,30,1190,1240,1190,2154804
241,2005-11-29,1190,25,1200,1225,1180,1853389
238,2005-11-30,1235,45,1225,1260,1215,3521568
237,2005-12-01,1230,5,1240,1260,1230,1662259
236,2005-12-02,1275,45,1250,1320,1245,4257977
235,2005-12-05,1290,15,1300,1310,1270,1985472
234,2005-12-06,1345,55,1305,1375,1300,3707693
230,2005-12-07,1300,45,1340,1370,1300,2298724
229,2005-12-08,1400,100,1325,1465,1320,6396431
228,2005-12-09,1340,60,1385,1415,1340,2467956
227,2005-12-12,1315,25,1340,1345,1290,2327413
226,2005-12-13,1335,20,1305,1370,1305,2838785
223,2005-12-14,1345,10,1330,1365,1330,2056896
222,2005-12-15,1305,40,1350,1355,1305,1571553
221,2005-12-16,1260,45,1245,1285,1220,1969414
220,2005-12-19,1295,35,1230,1295,1230,1517295
219,2005-12-20,1380,85,1310,1415,1290,4371979
215,2005-12-21,1385,5,1435,1495,1385,8166107
214,2005-12-22,1375,10,1420,1455,1360,4031591
213,2005-12-23,1315,60,1355,1375,1290,2627419
212,2005-12-26,1430,115,1325,1445,1325,3975394
211,2005-12-27,1360,70,1410,1440,1355,3596827
208,2005-12-28,1345,15,1355,1410,1345,1856984
207,2005-12-29,1400,55,1350,1410,1350,2464178
206,2006-01-02,1480,80,1455,1550,1435,7250784
205,2006-01-03,1450,30,1490,1500,1405,3147337
204,2006-01-04,1665,215,1475,1665,1470,13393423
200,2006-01-05,1910,245,1800,1910,1800,23474376
199,2006-01-06,1930,20,1865,2165,1830,22660733
198,2006-01-09,2045,115,1990,2160,1930,14442923
197,2006-01-10,2135,90,2090,2350,1940,14529419
196,2006-01-11,2040,95,2100,2200,2000,5417307
193,2006-01-12,1965,75,2000,2135,1950,5695528
192,2006-01-13,1860,105,1900,1980,1825,5663036
191,2006-01-16,1915,55,1880,1985,1850,7760134
190,2006-01-17,1800,115,1940,1965,1780,4008826
189,2006-01-18,1785,15,1810,1860,1615,5325882
185,2006-01-19,1815,30,1760,1850,1720,4320059
184,2006-01-20,1700,115,1860,1945,1700,6698847
183,2006-01-23,1465,235,1600,1700,1460,4358936
182,2006-01-24,1525,60,1480,1550,1325,5997709
181,2006-01-25,1570,45,1525,1635,1510,5987688
178,2006-01-26,1620,50,1570,1620,1530,3174780
177,2006-01-27,1635,15,1670,1680,1620,3047781
176,2006-01-31,1730,95,1645,1855,1645,6211710
175,2006-02-01,1705,25,1720,1790,1660,6006693
174,2006-02-02,1690,15,1765,1765,1665,2971342
170,2006-02-03,1590,100,1610,1660,1575,2558944
169,2006-02-06,1570,20,1520,1580,1500,2122301
168,2006-02-07,1570,0,1550,1610,1550,2144930
167,2006-02-08,1595,25,1565,1635,1565,2269901
166,2006-02-09,1580,15,1640,1665,1580,2410898
163,2006-02-10,1545,35,1570,1600,1525,1874860
162,2006-02-13,1540,5,1580,1585,1535,1737949
161,2006-02-14,1565,25,1545,1580,1535,3554082
160,2006-02-15,1500,65,1585,1605,1475,4234785
159,2006-02-16,1460,40,1505,1515,1410,2071676
155,2006-02-17,1415,45,1450,1475,1410,2568230
154,2006-02-20,1375,40,1410,1410,1345,3700190
153,2006-02-21,1580,205,1385,1580,1385,9150882
152,2006-02-22,1520,60,1590,1645,1520,8733732
151,2006-02-23,1500,20,1530,1550,1470,3451456
148,2006-02-24,1440,60,1500,1510,1440,3279669
147,2006-02-27,1460,20,1445,1480,1435,2769406
146,2006-02-28,1360,100,1460,1505,1250,9321784
145,2006-03-02,1415,55,1380,1450,1325,4237188
144,2006-03-03,1365,50,1440,1440,1360,2406760
140,2006-03-06,1385,20,1340,1445,1340,3899757
139,2006-03-07,1380,5,1365,1430,1365,2111408
138,2006-03-08,1375,5,1380,1410,1370,1773536
137,2006-03-09,1420,45,1385,1440,1385,2359004
136,2006-03-10,1585,165,1450,1630,1430,14139359
133,2006-03-13,1730,145,1600,1790,1580,12919178
132,2006-03-14,1745,15,1815,1905,1720,9414858
131,2006-03-15,1635,110,1720,1780,1620,5027217
130,2006-03-16,1800,165,1650,1870,1650,15930699
129,2006-03-17,1705,95,1785,1835,1630,5750460
125,2006-03-20,1700,5,1700,1780,1680,3688102
124,2006-03-21,1660,40,1725,1760,1660,3683847
123,2006-03-22,1600,60,1640,1655,1570,3690196
122,2006-03-23,1635,35,1630,1710,1600,6326437
121,2006-03-24,1560,75,1610,1660,1535,2570057
118,2006-03-27,1615,55,1575,1650,1575,3303767
117,2006-03-28,1610,5,1610,1655,1585,3556489
116,2006-03-29,1660,50,1640,1735,1625,12282155
115,2006-03-30,1620,40,1680,1690,1605,3986073
114,2006-03-31,1555,65,1620,1635,1555,5365459
110,2006-04-03,1520,35,1560,1605,1500,4839036
109,2006-04-04,1535,15,1530,1585,1485,8107026
108,2006-04-05,1520,15,1560,1570,1520,3393933
107,2006-04-06,1565,45,1525,1580,1505,5525385
106,2006-04-07,1570,5,1565,1605,1555,3645781
103,2006-04-10,1530,40,1575,1580,1530,2337836
102,2006-04-11,1590,60,1530,1655,1510,7537419
101,2006-04-12,1645,55,1550,1680,1550,5351097
100,2006-04-13,1650,5,1665,1670,1600,3455160
99,2006-04-14,1495,155,1540,1570,1480,9902848
95,2006-04-17,1455,40,1490,1495,1440,3982020
94,2006-04-18,1465,10,1445,1530,1445,6535027
93,2006-04-19,1460,5,1465,1490,1440,2838447
92,2006-04-20,1405,55,1450,1460,1400,2492751
91,2006-04-21,1370,35,1400,1420,1350,3211695
88,2006-04-24,1370,0,1355,1390,1350,1797223
87,2006-04-25,1420,50,1360,1425,1360,2757651
86,2006-04-26,1350,70,1420,1435,1345,2515575
85,2006-04-27,1345,5,1355,1370,1340,1931132
84,2006-04-28,1270,35,1270,1320,1260,2026553
80,2006-05-02,1270,0,1260,1290,1260,1066487
79,2006-05-03,1220,50,1260,1270,1220,1498019
78,2006-05-04,1200,20,1195,1235,1165,2302775
77,2006-05-08,1275,75,1215,1285,1200,2461289
76,2006-05-09,1320,45,1300,1335,1295,1963351
73,2006-05-10,1325,5,1325,1350,1325,1329349
72,2006-05-11,1275,50,1345,1345,1260,1663470
71,2006-05-12,1230,45,1250,1270,1225,1470934
70,2006-05-15,1215,15,1215,1240,1195,1334978
69,2006-05-16,1270,55,1215,1335,1215,2661239
65,2006-05-17,1290,20,1300,1305,1270,890746
64,2006-05-18,1245,45,1230,1270,1225,916406
63,2006-05-19,1275,30,1230,1280,1225,942902
62,2006-05-22,1225,50,1255,1295,1225,1357348
61,2006-05-23,1195,30,1215,1225,1165,1022214
58,2006-05-24,1155,40,1170,1185,1125,1308049
57,2006-05-25,1200,45,1210,1225,1175,2059471
56,2006-05-26,1155,45,1230,1280,1100,5887214
55,2006-05-29,1030,125,1135,1155,985,5075051
54,2006-05-30,1050,20,1055,1085,1030,3546452
50,2006-06-01,1205,155,1080,1205,1065,6810514
49,2006-06-02,1100,105,1230,1230,1030,6359275
48,2006-06-05,1060,40,1110,1140,1045,2316914
47,2006-06-07,940,120,1000,1025,940,2525711
46,2006-06-08,935,5,900,990,870,2359432
43,2006-06-09,970,35,945,980,930,2131237
42,2006-06-12,1040,70,995,1105,955,6932801
41,2006-06-13,980,60,1000,1015,975,1867584
40,2006-06-14,980,0,965,1000,960,1927196
39,2006-06-15,990,10,1070,1070,990,2775921
35,2006-06-16,1005,15,1010,1020,990,1941991
34,2006-06-19,980,25,1005,1010,975,1278992
33,2006-06-20,895,85,930,955,885,2568683
32,2006-06-21,810,85,885,905,765,11661125
31,2006-06-22,810,0,825,870,800,8378453
28,2006-06-23,820,10,800,820,765,4486937
27,2006-06-26,700,120,835,850,700,17624791
26,2006-06-27,700,0,700,700,700,0
25,2006-06-28,700,0,700,700,700,0
24,2006-06-29,595,105,595,595,595,589575
20,2006-06-30,510,85,510,510,510,479796
19,2006-07-03,475,35,450,535,435,127295446
18,2006-07-04,545,70,485,545,460,74988977
17,2006-07-05,545,0,520,610,505,59147482
16,2006-07-06,545,0,545,545,545,0
13,2006-07-07,545,0,545,545,545,0
12,2006-07-10,545,0,545,545,545,0
11,2006-07-11,545,0,545,545,545,0
10,2006-07-12,60,485,75,85,60,47620318
9,2006-07-13,45,15,55,55,45,25771425
5,2006-07-14,30,15,40,40,30,19999471
4,2006-07-18,20,10,30,30,20,12618057
3,2006-07-19,25,5,20,30,20,15339116
2,2006-07-20,20,5,25,25,15,14870115
