,date,close,diff,open,high,low,volume
448,2019-08-16,9780,180,9960,9960,9760,12469
447,2019-08-19,9730,50,9690,9800,9660,19711
446,2019-08-20,9780,50,9620,9890,9620,7965
445,2019-08-21,9830,50,9880,9880,9720,5138
444,2019-08-22,9840,10,9800,9870,9740,8961
440,2019-08-23,9800,40,9800,9900,9800,4271
439,2019-08-26,9650,150,9800,9800,9610,9896
438,2019-08-27,9670,20,9650,9750,9650,5696
437,2019-08-28,9710,40,9680,9800,9650,2966
436,2019-08-29,9680,30,9720,9720,9650,18685
433,2019-08-30,9780,100,9680,9820,9680,3800
432,2019-09-02,9750,30,9790,9790,9700,2543
431,2019-09-03,9610,140,9780,9840,9530,23164
430,2019-09-04,9600,10,9620,9640,9500,4179
429,2019-09-05,9590,10,9600,9680,9570,11715
425,2019-09-06,9620,30,9620,9650,9600,5542
424,2019-09-09,9610,10,9630,9650,9580,6863
423,2019-09-10,9560,50,9610,9650,9560,11832
422,2019-09-11,9810,250,9650,9810,9550,11219
421,2019-09-16,9850,40,9820,9860,9730,4471
418,2019-09-17,9860,10,9900,9900,9820,9317
417,2019-09-18,9860,0,9890,9890,9850,2540
416,2019-09-19,9930,70,9890,9940,9860,2300
415,2019-09-20,9960,30,9980,9980,9890,2889
414,2019-09-23,9960,0,9990,9990,9910,705
410,2019-09-24,10000,40,9960,10050,9890,2923
409,2019-09-25,9930,70,10000,10100,9900,1161
408,2019-09-26,9940,10,9930,10050,9900,5649
407,2019-09-27,9780,160,10050,10050,9720,5960
406,2019-09-30,9800,20,9990,9990,9700,3175
403,2019-10-01,9880,80,9890,9890,9710,1334
402,2019-10-02,9870,10,9880,9990,9780,2599
401,2019-10-04,9820,50,9950,9950,9700,3675
400,2019-10-07,9770,50,9820,9820,9730,1469
399,2019-10-08,9980,210,9780,9980,9770,6041
395,2019-10-10,9980,0,9970,9990,9850,2089
394,2019-10-11,10050,70,9970,10050,9860,2873
393,2019-10-14,10050,0,10100,10100,9980,4614
392,2019-10-15,10000,50,9990,10100,9800,6553
391,2019-10-16,10200,200,10000,10250,9910,2551
388,2019-10-17,10200,0,10200,10350,9980,5289
387,2019-10-18,10250,50,10050,10300,10050,5737
386,2019-10-21,10100,150,10250,10250,10100,4647
385,2019-10-22,10200,100,10100,10200,10050,1988
384,2019-10-23,10000,200,10150,10250,10000,1735
380,2019-10-24,10000,0,10000,10200,10000,764
379,2019-10-25,10000,0,10000,10150,9960,2518
378,2019-10-28,10050,50,10150,10150,9970,3996
377,2019-10-29,10000,50,10150,10150,9990,2023
376,2019-10-30,10150,150,10050,10200,9970,10491
373,2019-10-31,10000,150,10150,10150,9920,7297
372,2019-11-01,10050,50,10000,10050,9910,2789
371,2019-11-04,10050,0,10050,10100,9920,3175
370,2019-11-05,10000,50,10050,10050,9930,2654
369,2019-11-06,9900,100,10050,10050,9860,6101
365,2019-11-07,9990,90,9960,10100,9890,11008
364,2019-11-08,9990,0,10000,10050,9990,2913
363,2019-11-11,10050,60,10050,10050,9940,8773
362,2019-11-12,9990,60,10050,10050,9960,7242
361,2019-11-13,9980,10,9990,10050,9910,7043
358,2019-11-14,9960,20,9980,10000,9930,10278
357,2019-11-15,9960,0,9900,10000,9900,9969
356,2019-11-18,9950,10,9940,10050,9930,12128
355,2019-11-19,9930,20,9950,9970,9710,18300
354,2019-11-20,9910,20,9970,9970,9740,20811
350,2019-11-21,9760,150,9960,9960,9760,25371
349,2019-11-22,9800,40,9720,9850,9720,24280
348,2019-11-25,9800,0,9810,9850,9790,23038
347,2019-11-26,9880,80,9800,9900,9800,31745
346,2019-11-27,9840,40,9880,10000,9830,21238
343,2019-11-28,9830,10,9840,9860,9830,16709
342,2019-11-29,9890,60,9830,9890,9810,21160
341,2019-12-02,9890,0,9890,9900,9840,7283
340,2019-12-03,9880,10,9890,9890,9740,4607
339,2019-12-04,9750,130,9870,9870,9740,2798
335,2019-12-05,9700,50,9760,9960,9700,1909
334,2019-12-06,9670,30,9800,9800,9670,2173
333,2019-12-09,9830,160,9720,9830,9640,4637
332,2019-12-10,9800,30,9720,9840,9720,2792
331,2019-12-11,9790,10,9870,9870,9670,4244
328,2019-12-12,9860,70,9790,9860,9680,8902
327,2019-12-13,9760,100,9850,9860,9710,3220
326,2019-12-16,9680,80,9700,9830,9650,5042
325,2019-12-17,9990,310,12550,12550,9960,2210229
324,2019-12-18,9900,90,10200,10300,9880,257516
320,2019-12-19,9690,210,9860,9910,9690,123853
319,2019-12-20,9600,90,9700,9770,9570,64120
318,2019-12-23,9600,0,9660,9660,9550,27809
317,2019-12-24,9470,130,9560,9640,9450,62626
316,2019-12-26,9560,90,9470,9570,9460,49685
313,2019-12-27,9410,150,9520,9560,9380,54385
312,2019-12-30,9280,130,9400,9440,9220,84373
311,2020-01-02,9580,300,9280,9600,9270,51436
310,2020-01-03,9590,10,9580,9690,9440,23215
309,2020-01-06,9540,50,9580,9580,9450,22491
305,2020-01-07,9560,20,9540,9630,9470,25671
304,2020-01-08,9270,290,9560,9590,9240,24942
303,2020-01-09,9340,70,9350,9410,9340,11834
302,2020-01-10,9370,30,9320,9400,9320,10730
301,2020-01-13,9360,10,9420,9420,9280,18720
298,2020-01-14,9360,0,9390,9390,9330,8004
297,2020-01-15,9430,70,9380,9450,9320,15387
296,2020-01-16,9390,40,9400,9410,9370,12361
295,2020-01-17,9390,0,9430,9440,9330,6973
294,2020-01-20,9420,30,9420,9470,9370,12597
290,2020-01-21,9440,20,9370,9440,9350,12379
289,2020-01-22,9320,120,9430,9430,9250,75375
288,2020-01-23,9290,30,9300,9310,9250,10458
287,2020-01-28,9130,160,9220,9220,9060,28371
286,2020-01-29,9140,10,9210,9600,9060,23816
283,2020-01-30,9040,100,9160,9160,9040,22032
282,2020-01-31,9120,80,9100,9120,8970,46022
281,2020-02-03,9050,70,9010,9100,8980,13145
280,2020-02-04,9100,50,9080,9140,9020,14048
279,2020-02-05,9180,80,9100,9220,9100,11418
275,2020-02-06,9400,220,9220,9400,9200,20417
274,2020-02-07,9360,40,9390,9390,9270,16510
273,2020-02-10,9380,20,9370,9400,9300,13241
272,2020-02-11,9450,70,9370,9450,9350,11515
271,2020-02-12,9410,40,9470,9470,9300,10328
268,2020-02-13,9430,20,9410,9500,9330,12973
267,2020-02-14,9500,70,9430,9550,9360,19740
266,2020-02-17,9550,50,9490,9630,9400,29730
265,2020-02-18,9510,40,9570,9600,9490,7452
264,2020-02-19,9450,60,9510,9540,9420,10405
260,2020-02-20,9340,110,9400,9410,9280,10950
259,2020-02-21,9220,120,9340,9370,9200,11781
258,2020-02-24,9000,220,9220,9220,8990,26731
257,2020-02-25,9340,340,8980,9380,8980,23893
256,2020-02-26,9370,30,9200,9380,9190,19726
253,2020-02-27,9280,90,9350,9400,9260,38941
252,2020-02-28,9140,140,9300,9300,9080,36587
251,2020-03-02,9210,70,9140,9270,9140,27413
250,2020-03-03,9310,100,9210,9320,9210,14057
249,2020-03-04,9430,120,9300,9470,9280,16451
245,2020-03-05,9550,120,9430,9580,9420,23540
244,2020-03-06,9480,70,9430,9570,9430,11935
243,2020-03-09,9260,220,9330,9420,9120,28954
242,2020-03-10,9400,140,9140,9440,9140,25564
241,2020-03-11,9370,30,9400,9650,9370,47019
238,2020-03-12,9270,100,9330,9480,9220,25025
237,2020-03-13,9040,230,9000,9260,8850,54772
236,2020-03-16,9020,20,9040,9250,9010,51845
235,2020-03-17,8900,120,8940,9100,8850,33782
234,2020-03-18,8750,150,8850,9020,8750,26488
230,2020-03-19,7210,1540,8620,8750,7210,53908
229,2020-03-20,7280,70,7010,7690,7010,53676
228,2020-03-23,6850,430,7130,7130,6750,27928
227,2020-03-24,7030,180,6820,7490,6820,7767
226,2020-03-25,7340,310,7220,7370,7150,8008
223,2020-03-26,7630,290,7340,7820,7270,7070
222,2020-03-27,7260,370,7740,7900,7010,28622
221,2020-03-30,7560,300,7260,7630,7150,12729
220,2020-03-31,7780,220,7560,8000,7560,11324
219,2020-04-01,8000,220,7780,8140,7780,11545
215,2020-04-02,8000,0,8010,8050,7840,5113
214,2020-04-03,7680,320,8000,8000,7600,15744
213,2020-04-06,7830,150,7700,7840,7670,19013
212,2020-04-07,8050,220,7840,8620,7840,22329
211,2020-04-08,8120,70,8050,8340,8050,6679
208,2020-04-09,10550,2430,9000,10550,8840,952650
207,2020-04-10,10800,250,12150,13150,10650,1354728
206,2020-04-13,9700,1100,10500,10550,9700,302944
205,2020-04-14,9790,90,9720,10100,9600,168065
204,2020-04-16,9520,270,9850,9850,9310,99918
200,2020-04-17,10600,1080,9360,12000,9360,1795116
199,2020-04-20,10400,200,10650,10800,10100,285556
198,2020-04-21,10750,350,10200,11150,10050,424885
197,2020-04-22,10500,250,10500,10800,10400,114213
196,2020-04-23,11100,600,10900,11350,10800,308151
193,2020-04-24,11000,100,10900,11800,10650,317212
192,2020-04-27,10650,350,11050,11150,10600,114917
191,2020-04-28,10450,200,10650,10700,10300,97006
190,2020-04-29,10000,450,10250,10450,9990,113749
189,2020-05-04,10000,0,9950,10150,9820,39856
185,2020-05-06,10250,250,10000,10250,10000,71044
184,2020-05-07,10650,400,10500,10750,10400,149494
183,2020-05-08,10500,150,10650,10750,10500,42717
182,2020-05-11,10200,300,10500,10550,10150,54520
181,2020-05-12,10250,50,10400,10400,10050,39850
178,2020-05-13,10150,100,10200,10250,9990,57427
177,2020-05-14,10400,250,10200,10700,10100,120976
176,2020-05-15,10550,150,10400,10550,10150,47575
175,2020-05-18,10300,250,10600,10700,10300,67670
174,2020-05-19,10600,300,10450,10650,10350,92546
170,2020-05-20,10850,250,10650,10950,10500,87510
169,2020-05-21,10850,0,11000,11000,10700,84986
168,2020-05-22,12850,2000,10950,12850,10900,895721
167,2020-05-25,12150,700,12300,12450,11950,242822
166,2020-05-26,12550,400,12450,12800,12000,217372
163,2020-05-27,12950,400,12450,13100,12050,249429
162,2020-05-28,13000,50,13100,13250,12150,204933
161,2020-05-29,14000,1000,13000,15200,12550,478395
160,2020-06-01,13550,450,14000,14150,13500,183966
159,2020-06-02,13250,300,13550,13650,13200,93438
155,2020-06-03,12350,900,13200,13300,12200,212439
154,2020-06-04,12900,550,12450,13200,12300,176763
153,2020-06-05,12600,300,12700,13150,12500,59671
152,2020-06-08,12550,50,12650,13050,12400,86088
151,2020-06-09,12950,400,12600,13150,12400,149478
148,2020-06-10,13100,150,12950,13100,12550,68926
147,2020-06-11,13300,200,13100,13300,12600,89571
146,2020-06-12,12700,600,12800,12950,12350,67850
145,2020-06-15,11500,1200,12700,12800,11500,84840
144,2020-06-16,11950,450,11750,12400,11600,67324
140,2020-06-17,12150,200,11850,12500,11700,62548
139,2020-06-18,12050,100,12200,12300,11900,41687
138,2020-06-19,12600,550,12050,12850,12000,82342
137,2020-06-22,12350,250,12850,12900,12200,40749
136,2020-06-23,11950,400,12350,12550,11750,58782
133,2020-06-24,11950,0,11900,12150,11850,26623
132,2020-06-25,11900,50,11950,12000,11850,8544
131,2020-06-26,12300,400,12000,12750,11900,76635
130,2020-06-29,12200,100,12300,12450,12050,13076
129,2020-06-30,12100,100,12200,12400,12100,16306
125,2020-07-01,12100,0,12100,12350,11850,28864
124,2020-07-02,12100,0,12050,12150,11850,14145
123,2020-07-03,11700,400,12100,12150,11700,36304
122,2020-07-06,12000,300,11800,12050,11650,29727
121,2020-07-07,12050,50,11900,12100,11750,18863
118,2020-07-08,11950,100,12050,12050,11800,11820
117,2020-07-09,11600,350,12000,12000,11550,28395
116,2020-07-10,11550,50,11550,11700,11250,28137
115,2020-07-13,11950,400,11500,12050,11450,34472
114,2020-07-14,11500,450,11950,11950,11500,21635
110,2020-07-15,11250,250,11600,11700,11150,29128
109,2020-07-16,11350,100,11350,11500,11250,11495
108,2020-07-17,11500,150,11250,11800,11250,18642
107,2020-07-20,11750,250,11600,11750,11500,12312
106,2020-07-21,11400,350,11750,11800,11200,52827
103,2020-07-22,11200,200,11400,11450,11200,24419
102,2020-07-23,11350,150,11200,11350,10800,40471
101,2020-07-24,11450,100,11350,11450,11100,22374
100,2020-07-27,12000,550,11450,12050,11400,84493
99,2020-07-28,11700,300,12000,12050,11700,23249
95,2020-07-29,11750,50,11900,11900,11400,11954
94,2020-07-30,11500,250,11650,11750,11450,11364
93,2020-07-31,11400,100,11450,11600,11400,13898
92,2020-08-03,11300,100,11500,11500,11100,17776
91,2020-08-04,11200,100,11300,11500,11200,14013
88,2020-08-05,11400,200,11400,11650,11250,20513
87,2020-08-06,11450,50,11650,11700,11350,35281
86,2020-08-07,11700,250,11700,11700,11350,28176
85,2020-08-10,11700,0,11550,12050,11550,33814
84,2020-08-11,11750,50,11950,11950,11700,18600
80,2020-08-12,11900,150,11850,11900,11700,13377
79,2020-08-13,11950,50,11900,12400,11900,39981
78,2020-08-14,11850,100,12150,12350,11700,16389
77,2020-08-18,10900,950,11950,11950,10900,26854
76,2020-08-19,10800,100,10850,11150,10600,39147
73,2020-08-20,11250,450,10800,11250,10200,59577
72,2020-08-21,10850,400,11250,11450,10850,14919
71,2020-08-24,10800,50,10900,11050,10500,10101
70,2020-08-25,10900,100,10750,11000,10700,8861
69,2020-08-26,10950,50,10900,11050,10800,5459
65,2020-08-27,10500,450,10950,11000,10300,21737
64,2020-08-28,10500,0,10500,10650,10500,9295
63,2020-08-31,10550,50,10600,10850,10350,23905
62,2020-09-01,10300,250,10550,10550,10100,31875
61,2020-09-02,10550,250,10400,10550,10300,14576
58,2020-09-03,10850,300,10550,11000,10550,25319
57,2020-09-04,10900,50,10650,11000,10400,9799
56,2020-09-07,11100,200,10850,11200,10800,18137
55,2020-09-08,11350,250,11200,11550,11100,23449
54,2020-09-09,11550,200,11350,11850,11200,58963
50,2020-09-10,11500,50,13950,14900,11450,1037214
49,2020-09-11,11550,50,11700,11900,11150,126596
48,2020-09-14,11300,250,11550,11700,11300,60208
47,2020-09-15,11300,0,11350,11450,11200,47367
46,2020-09-16,11050,250,11300,11300,11050,35712
43,2020-09-17,10900,150,11050,11150,10650,39029
42,2020-09-18,10750,150,10800,11000,10650,41647
41,2020-09-21,10750,0,10750,10900,10600,22695
40,2020-09-22,10400,350,10650,10750,10250,36960
39,2020-09-23,10350,50,10500,10500,10050,30315
35,2020-09-24,11600,1250,10100,11600,9930,83665
34,2020-09-25,10750,850,11000,11150,10550,45163
33,2020-09-28,10500,250,10850,10850,10400,16347
32,2020-09-29,10550,50,10650,10850,10550,14608
31,2020-10-05,10850,300,10650,10950,10600,13607
28,2020-10-06,10900,50,10900,10950,10650,25591
27,2020-10-07,10900,0,10900,11050,10750,19761
26,2020-10-08,11000,100,11000,11200,10900,27465
25,2020-10-12,11000,0,11000,11050,10800,20713
24,2020-10-13,10850,150,11000,11050,10800,28665
20,2020-10-14,10800,50,10850,10950,10700,19586
19,2020-10-15,10700,100,10700,10850,10500,33281
18,2020-10-16,10500,200,10800,10850,10450,34692
17,2020-10-19,10500,0,10550,10650,10450,18750
16,2020-10-20,10500,0,10450,10550,10350,13707
13,2020-10-21,10600,100,10550,10800,10550,20095
12,2020-10-22,11000,400,10700,11200,10650,63126
11,2020-10-23,10950,50,11050,11150,10850,21438
10,2020-10-26,10700,250,11150,11200,10700,25391
9,2020-10-27,10900,200,10700,10950,10650,18826
5,2020-10-28,10900,0,10900,10950,10700,6068
4,2020-10-29,10850,50,10800,10900,10700,13767
3,2020-10-30,10750,100,10850,11150,10700,20136
2,2020-11-02,10650,100,10650,10800,10600,14740
1,2020-11-03,10850,200,10800,10900,10650,9097
