,date,close,diff,open,high,low,volume
448,2019-08-16,31850,1000,32600,32600,31550,5016
447,2019-08-19,32400,550,31950,32800,31950,3913
446,2019-08-20,32700,300,32700,33250,32450,3083
445,2019-08-21,32900,200,32350,32950,32350,1833
444,2019-08-22,32800,100,32900,32950,32500,868
440,2019-08-23,33000,200,32700,33450,32450,3960
439,2019-08-26,31750,1250,32550,32550,31500,3281
438,2019-08-27,32150,400,31800,32450,31800,1468
437,2019-08-28,32200,50,33000,33000,31900,793
436,2019-08-29,32000,200,32000,32650,32000,850
433,2019-08-30,32650,650,32650,32700,32200,1116
432,2019-09-02,32800,150,32900,32950,32600,3939
431,2019-09-03,32850,50,32950,32950,32700,1401
430,2019-09-04,33000,150,33000,33050,32850,965
429,2019-09-05,33050,50,33100,33350,33050,1434
425,2019-09-06,33000,50,33250,33250,32900,710
424,2019-09-09,32800,200,32900,33200,32800,450
423,2019-09-10,33300,500,33100,33300,32750,2451
422,2019-09-11,33700,400,33400,33800,33300,4134
421,2019-09-16,35150,1450,34400,35150,34300,6500
418,2019-09-17,36550,1400,36500,37650,36000,14589
417,2019-09-18,36500,50,37600,39000,36500,19271
416,2019-09-19,36000,500,36500,36500,35100,5022
415,2019-09-20,36200,200,36250,36350,35250,1883
414,2019-09-23,36350,150,36250,36650,35600,4115
410,2019-09-24,35600,750,36200,36700,35500,2837
409,2019-09-25,34200,1400,35600,35950,34200,2457
408,2019-09-26,34500,300,34250,34800,34150,1459
407,2019-09-27,34450,50,34500,34750,33500,769
406,2019-09-30,34000,450,33700,34450,33650,2427
403,2019-10-01,33950,50,34000,34900,33950,1924
402,2019-10-02,34400,450,34950,34950,34000,436
401,2019-10-04,36150,1750,34900,36500,34900,15379
400,2019-10-07,34800,1350,34450,34800,33700,8636
399,2019-10-08,34750,50,34800,35150,33950,2035
395,2019-10-10,34300,450,34700,34700,33700,1884
394,2019-10-11,34200,100,34300,34550,33700,5258
393,2019-10-14,35300,1100,34000,35450,34000,4172
392,2019-10-15,35350,50,35000,36000,34600,266
391,2019-10-16,35300,50,35350,35400,34700,575
388,2019-10-17,34900,400,35000,35000,34550,2070
387,2019-10-18,34500,400,35000,35100,34300,1601
386,2019-10-21,34100,400,34250,34800,34000,655
385,2019-10-22,33600,500,34300,34300,33050,2475
384,2019-10-23,33650,50,33600,33900,33350,949
380,2019-10-24,33750,100,33600,33800,33300,1460
379,2019-10-25,33450,300,33700,33750,33100,1767
378,2019-10-28,33000,450,33450,33550,32950,1928
377,2019-10-29,32900,100,33300,33400,32750,1092
376,2019-10-30,32350,550,32900,32900,32100,4389
373,2019-10-31,32350,0,32350,32600,32150,1126
372,2019-11-01,32200,150,32350,32550,32150,692
371,2019-11-04,32800,600,32550,32900,32500,781
370,2019-11-05,33050,250,32800,33300,32700,3552
369,2019-11-06,33400,350,33050,33600,33000,3212
365,2019-11-07,33400,0,33450,33450,33150,1514
364,2019-11-08,33300,100,33500,33800,33200,3946
363,2019-11-11,33250,50,33000,33600,33000,1661
362,2019-11-12,33250,0,33400,33400,33100,1402
361,2019-11-13,33150,100,33300,33900,33100,1751
358,2019-11-14,33150,0,33200,33300,32950,2036
357,2019-11-15,34000,850,33500,34650,33200,3868
356,2019-11-18,34600,600,34700,34850,34400,2173
355,2019-11-19,35000,400,34600,35000,34000,1483
354,2019-11-20,34250,750,34450,35050,33850,1781
350,2019-11-21,33100,1150,34250,34400,33000,3156
349,2019-11-22,33600,500,33100,33600,32850,2508
348,2019-11-25,33850,250,33750,34000,33200,2319
347,2019-11-26,33800,50,34000,34000,33500,2712
346,2019-11-27,35100,1300,33500,35700,33500,4042
343,2019-11-28,35450,350,35750,36400,35050,7699
342,2019-11-29,35400,50,36350,36350,35000,2589
341,2019-12-02,35400,0,35400,35900,35150,2112
340,2019-12-03,35400,0,35400,35850,34850,1907
339,2019-12-04,35400,0,35000,35800,34950,2429
335,2019-12-05,35850,450,35250,35850,35000,2425
334,2019-12-06,36000,150,35350,36000,35350,3012
333,2019-12-09,36150,150,35700,36200,35700,1817
332,2019-12-10,35800,350,36150,36400,35800,2470
331,2019-12-11,35900,100,35850,36200,35650,1854
328,2019-12-12,36200,300,35950,36450,35800,1460
327,2019-12-13,36400,200,36450,36500,36050,2161
326,2019-12-16,36200,200,36100,36700,36100,3093
325,2019-12-17,36150,50,36550,36550,36000,1757
324,2019-12-18,36350,200,36400,36600,35950,1806
320,2019-12-19,36000,350,36400,36650,36000,2319
319,2019-12-20,35900,100,36000,36500,35500,2166
318,2019-12-23,35900,0,35900,36000,35400,2014
317,2019-12-24,36200,300,35850,36250,35800,1568
316,2019-12-26,36100,100,36400,36950,36100,3065
313,2019-12-27,36450,350,36550,36550,35950,1258
312,2019-12-30,36650,200,36500,36750,36000,3454
311,2020-01-02,36700,50,36300,36750,36050,2214
310,2020-01-03,36750,50,37000,37000,36400,2650
309,2020-01-06,36600,150,37100,37450,36200,4860
305,2020-01-07,36900,300,36650,37000,36600,3437
304,2020-01-08,35600,1300,37250,37250,35000,5961
303,2020-01-09,36300,700,35600,36750,35600,2154
302,2020-01-10,36600,300,36350,36700,36000,1698
301,2020-01-13,37100,500,36950,37200,36450,1895
298,2020-01-14,37300,200,37100,37500,37000,2095
297,2020-01-15,37600,300,37650,37650,37000,1527
296,2020-01-16,37850,250,37350,37850,37350,1344
295,2020-01-17,37800,50,37800,38100,37600,2086
294,2020-01-20,38400,600,37800,38700,37600,5726
290,2020-01-21,38800,400,38400,39800,37950,12505
289,2020-01-22,39600,800,39550,39800,38750,5485
288,2020-01-23,38800,800,39750,39750,38800,7107
287,2020-01-28,37850,950,37550,38150,37300,3143
286,2020-01-29,38400,550,37850,38400,37550,2126
283,2020-01-30,38300,100,39400,39400,37850,3120
282,2020-01-31,38050,250,38300,38450,37450,4160
281,2020-02-03,37600,450,37850,37900,35450,4234
280,2020-02-04,38150,550,37550,38250,37550,2197
279,2020-02-05,38150,0,38150,38150,37450,3072
275,2020-02-06,38650,500,38350,38800,37950,3079
274,2020-02-07,38800,150,38800,38800,38050,2604
273,2020-02-10,38600,200,38800,38850,38100,4115
272,2020-02-11,37500,1100,38300,38600,37350,8376
271,2020-02-12,37500,0,38650,38650,36750,5164
268,2020-02-13,37350,150,37500,37600,36750,4173
267,2020-02-14,37100,250,37350,37550,36900,2778
266,2020-02-17,37600,500,37100,37650,37000,3958
265,2020-02-18,37600,0,38200,38200,37500,2895
264,2020-02-19,37500,100,37600,37700,36700,2448
260,2020-02-20,37100,400,37900,38100,37050,1478
259,2020-02-21,35800,1300,37100,37650,34500,4857
258,2020-02-24,35500,300,35100,35550,34000,7036
257,2020-02-25,35600,100,35500,36250,34350,2405
256,2020-02-26,35200,400,35600,35600,34550,2497
253,2020-02-27,34000,1200,35200,35200,33650,6076
252,2020-02-28,33300,700,33550,33550,32450,8142
251,2020-03-02,32800,500,33300,33300,32750,4318
250,2020-03-03,32650,150,32800,33350,32550,4938
249,2020-03-04,32550,100,32450,33250,32050,4910
245,2020-03-05,32500,50,32950,33000,32200,6171
244,2020-03-06,32150,350,32500,32500,31900,2236
243,2020-03-09,31800,350,32200,32200,30900,4960
242,2020-03-10,31800,0,30900,31950,30700,5117
241,2020-03-11,31300,500,31800,31800,30350,7483
238,2020-03-12,29600,1700,31050,31100,28800,21112
237,2020-03-13,27100,2500,25450,27650,24050,28249
236,2020-03-16,24550,2550,25500,26750,24550,21529
235,2020-03-17,23950,600,22100,24500,22100,19529
234,2020-03-18,22100,1850,23750,24050,22050,11007
230,2020-03-19,18000,4100,21600,23000,17950,23057
229,2020-03-20,19150,1150,18050,19800,18050,11941
228,2020-03-23,18400,750,17300,18950,16600,21954
227,2020-03-24,19350,950,18950,19350,18450,9948
226,2020-03-25,20900,1550,19600,20950,19600,11285
223,2020-03-26,20900,0,21300,21700,20650,12175
222,2020-03-27,21050,150,21000,21900,20350,9204
221,2020-03-30,22300,1250,20900,22500,20200,8092
220,2020-03-31,23650,1350,22800,24350,21500,14485
219,2020-04-01,22850,800,23650,23650,22350,6785
215,2020-04-02,23150,300,22850,23200,22200,3298
214,2020-04-03,22450,700,23350,24500,22250,10250
213,2020-04-06,23350,900,22250,23350,22250,5954
212,2020-04-07,23850,500,24200,24350,23300,10458
211,2020-04-08,24000,150,23850,24350,23500,3414
208,2020-04-09,24500,500,24350,24850,24000,5171
207,2020-04-10,25000,500,24950,25350,24100,6252
206,2020-04-13,24300,700,25000,25150,24250,3793
205,2020-04-14,24950,650,24300,25250,24150,3962
204,2020-04-16,25850,900,24900,26750,24400,6316
200,2020-04-17,27000,1150,26800,27600,26050,6818
199,2020-04-20,27900,900,27850,28450,27150,6558
198,2020-04-21,27500,400,27950,28200,26500,6592
197,2020-04-22,27350,150,27050,27350,26300,6745
196,2020-04-23,27350,0,28400,28400,27150,3560
193,2020-04-24,27550,200,28050,28050,27050,1896
192,2020-04-27,27600,50,27600,27700,27200,1580
191,2020-04-28,27500,100,27400,28400,27000,3212
190,2020-04-29,28150,650,27200,28300,27200,1615
189,2020-05-04,29250,1100,28100,29850,27650,6516
185,2020-05-06,29050,200,28950,29450,28950,2549
184,2020-05-07,28950,100,29500,29500,28500,1717
183,2020-05-08,28800,150,29500,29500,28400,4288
182,2020-05-11,28350,450,28800,28950,28000,2762
181,2020-05-12,27950,400,28350,28450,27400,4019
178,2020-05-13,27450,500,27650,27650,27000,3072
177,2020-05-14,26900,550,27400,27400,26050,5230
176,2020-05-15,26400,500,26900,26900,26000,2922
175,2020-05-18,26850,450,26300,26850,26200,2938
174,2020-05-19,26850,0,26850,27350,26800,5158
170,2020-05-20,26900,50,27300,27300,26500,4158
169,2020-05-21,27050,150,26900,27050,26850,2328
168,2020-05-22,26500,550,27050,27150,26500,3248
167,2020-05-25,26500,0,26700,27050,26350,5206
166,2020-05-26,26550,50,26500,26900,26500,3320
163,2020-05-27,26600,50,26600,26900,26500,4416
162,2020-05-28,26600,0,26650,27300,25650,5711
161,2020-05-29,26450,150,26600,26900,25850,4235
160,2020-06-01,26550,100,26450,27300,26450,2827
159,2020-06-02,27400,850,26750,28300,26600,6480
155,2020-06-03,27500,100,27750,28450,27300,10649
154,2020-06-04,27250,250,27500,28000,26600,5816
153,2020-06-05,27450,200,27800,27800,27100,3142
152,2020-06-08,27750,300,28000,28000,27400,3717
151,2020-06-09,28600,850,28350,28900,27600,15607
148,2020-06-10,28200,400,28600,28750,28050,4541
147,2020-06-11,27850,350,28200,28350,27550,4215
146,2020-06-12,26850,1000,27150,27150,26100,5542
145,2020-06-15,26150,700,26850,26850,25700,8363
144,2020-06-16,26700,550,26200,26850,26150,8474
140,2020-06-17,26000,700,26700,26700,25850,4086
139,2020-06-18,26950,950,26000,27400,26000,4927
138,2020-06-19,30250,3300,26950,31500,26550,52542
137,2020-06-22,30000,250,31300,32000,29550,14895
136,2020-06-23,28250,1750,30300,30300,27400,13515
133,2020-06-24,28300,50,28550,28650,27200,15006
132,2020-06-25,28200,100,27900,28200,27450,3489
131,2020-06-26,28300,100,28500,28500,27500,2365
130,2020-06-29,27500,800,28250,28250,27300,3327
129,2020-06-30,27900,400,27350,28100,27300,3820
125,2020-07-01,27050,850,28100,28550,26600,12000
124,2020-07-02,27550,500,27050,27850,26750,4376
123,2020-07-03,27450,100,28500,28500,26850,4811
122,2020-07-06,27900,450,27450,27950,27150,2133
121,2020-07-07,28100,200,28400,28450,27650,2473
118,2020-07-08,28750,650,28400,28800,27900,4305
117,2020-07-09,28800,50,28600,29200,28450,2109
116,2020-07-10,27900,900,28800,28800,27650,7257
115,2020-07-13,27850,50,28350,28350,27400,7542
114,2020-07-14,27950,100,28100,28100,27600,1647
110,2020-07-15,27850,100,27800,28450,27800,1323
109,2020-07-16,28100,250,28000,28650,27800,2612
108,2020-07-17,28400,300,28150,28450,27950,2978
107,2020-07-20,28200,200,28350,28350,27650,8748
106,2020-07-21,28200,0,28000,28350,27800,4246
103,2020-07-22,28300,100,28200,28600,27900,3362
102,2020-07-23,27950,350,27900,28300,27850,2995
101,2020-07-24,27850,100,27700,28250,27450,3255
100,2020-07-27,28000,150,27800,28150,27700,2117
99,2020-07-28,27900,100,28050,28250,27900,1578
95,2020-07-29,27800,100,28050,28100,27700,4614
94,2020-07-30,27600,200,27700,27950,27500,3837
93,2020-07-31,27450,150,27550,27750,27400,2659
92,2020-08-03,27350,100,27450,27450,27250,2050
91,2020-08-04,27500,150,27400,27500,27300,839
88,2020-08-05,27400,100,27350,27800,27250,3597
87,2020-08-06,27650,250,27200,27700,27200,1866
86,2020-08-07,27600,50,27900,27900,27400,3069
85,2020-08-10,27950,350,27700,28000,27400,3137
84,2020-08-11,27950,0,28100,28350,27800,5504
80,2020-08-12,28750,800,27950,29050,27750,14851
79,2020-08-13,28300,450,29200,29300,28150,7222
78,2020-08-14,28250,50,28300,28500,28100,4788
77,2020-08-18,27300,950,28200,28250,27300,6072
76,2020-08-19,27350,50,27200,27850,27200,3794
73,2020-08-20,25950,1400,27350,27350,25800,9954
72,2020-08-21,25950,0,26300,26350,24900,3499
71,2020-08-24,25950,0,25550,26000,25450,2725
70,2020-08-25,26350,400,26050,26450,26000,3679
69,2020-08-26,26650,300,26600,26650,25950,4069
65,2020-08-27,26500,150,26700,27100,26350,4928
64,2020-08-28,26500,0,26500,26850,26350,7330
63,2020-08-31,26450,50,26950,26950,26400,3977
62,2020-09-01,26400,50,26550,26600,26400,4124
61,2020-09-02,26650,250,26450,26850,26450,6047
58,2020-09-03,26900,250,26900,26950,26650,3392
57,2020-09-04,26650,250,26550,26650,26300,3398
56,2020-09-07,27000,350,26650,27150,26600,10799
55,2020-09-08,27000,0,27000,27250,26850,4605
54,2020-09-09,26850,150,26950,27100,26500,4612
50,2020-09-10,27750,900,26800,28800,26800,11969
49,2020-09-11,27700,50,27700,27850,27400,3066
48,2020-09-14,28100,400,27500,28450,27500,6796
47,2020-09-15,28100,0,28400,28400,27300,5224
46,2020-09-16,29250,1150,28100,30750,28100,38418
43,2020-09-17,29500,250,29550,31000,29400,16730
42,2020-09-18,30000,500,29200,30400,29050,8542
41,2020-09-21,29300,700,30000,30000,29300,4343
40,2020-09-22,27950,1350,29300,29300,27600,11117
39,2020-09-23,27200,750,28100,28150,27000,11739
35,2020-09-24,26700,500,26800,27200,26300,11212
34,2020-09-25,26450,250,26550,26950,26450,5125
33,2020-09-28,26650,200,26500,26850,26500,3015
32,2020-09-29,26850,200,26950,26950,26700,2981
31,2020-10-05,26900,50,26600,27150,26550,6501
28,2020-10-06,26900,0,26950,27050,26800,4917
27,2020-10-07,27200,300,26900,27350,26700,7510
26,2020-10-08,27150,50,27350,27400,26900,6490
25,2020-10-12,27150,0,27200,27400,27050,6101
24,2020-10-13,27250,100,27400,27400,27050,1493
20,2020-10-14,27100,150,27250,27850,26950,7322
19,2020-10-15,27000,100,27100,27100,26700,3172
18,2020-10-16,27150,150,26950,27450,26750,8557
17,2020-10-19,27050,100,27150,27500,27000,5427
16,2020-10-20,27100,50,27050,27300,26750,2285
13,2020-10-21,27300,200,27350,27350,27150,5057
12,2020-10-22,27200,100,27300,27300,27050,2715
11,2020-10-23,28100,900,27300,28300,27200,5263
10,2020-10-26,27700,400,28400,28400,27700,2706
9,2020-10-27,27500,200,27300,28000,27100,4391
5,2020-10-28,27900,400,27550,27900,27200,2722
4,2020-10-29,27600,300,27600,27600,27200,8323
3,2020-10-30,27300,300,27900,27900,27300,3569
2,2020-11-02,27400,100,27250,27500,27200,2483
1,2020-11-03,27650,250,27750,27750,27500,1421
