,date,close,diff,open,high,low,volume
448,2005-10-17,5500,60,5500,5500,5500,150
447,2005-10-18,5450,50,5500,5500,5450,200
446,2005-10-19,5450,0,5480,5480,5450,350
445,2005-10-20,5450,0,5450,5450,5450,0
444,2005-10-21,5470,20,5450,5470,5450,1450
440,2005-10-24,5490,20,5480,5490,5480,1540
439,2005-10-25,5490,0,5490,5490,5470,620
438,2005-10-26,5470,20,5500,5500,5470,1730
437,2005-10-27,5480,10,5500,5500,5480,110
436,2005-10-28,5460,20,5460,5460,5460,400
433,2005-10-31,5460,0,5470,5470,5460,700
432,2005-11-01,5470,10,5470,5480,5470,580
431,2005-11-02,5480,10,5470,5500,5470,660
430,2005-11-03,5490,10,5470,5490,5470,430
429,2005-11-04,5490,0,5470,5490,5470,1190
425,2005-11-07,5500,10,5500,5500,5490,566850
424,2005-11-08,5500,0,5500,5500,5500,410
423,2005-11-09,5480,20,5500,5500,5480,350
422,2005-11-10,5490,10,5490,5490,5490,0
421,2005-11-11,5480,10,5480,5480,5480,10
418,2005-11-14,5570,90,5480,5570,5480,4840
417,2005-11-15,5500,70,5570,5570,5120,7390
416,2005-11-16,5320,180,5490,5490,5320,3580
415,2005-11-17,5400,80,5360,5460,5360,7080
414,2005-11-18,5470,70,5380,5470,5380,780
410,2005-11-21,5380,90,5410,5460,5380,6350
409,2005-11-22,5410,30,5380,5460,5380,400
408,2005-11-23,5390,20,5440,5440,5390,930
407,2005-11-24,5450,60,5390,5480,5390,5030
406,2005-11-25,5420,30,5400,5450,5400,1700
403,2005-11-28,5420,0,5420,5420,5420,200
402,2005-11-29,5450,30,5400,5450,5400,910
401,2005-11-30,5460,10,5490,5490,5460,670
400,2005-12-01,5510,50,5460,5510,5460,10010
399,2005-12-02,5490,20,5490,5490,5490,20
395,2005-12-05,5480,10,5490,5490,5480,670
394,2005-12-06,5480,0,5410,5480,5410,30
393,2005-12-07,5480,0,5480,5480,5480,0
392,2005-12-08,5480,0,5470,5480,5440,1330
391,2005-12-09,5430,50,5480,5480,5430,3000
388,2005-12-12,5440,10,5450,5460,5440,1200
387,2005-12-13,5440,0,5470,5470,5430,6920
386,2005-12-14,5420,20,5410,5430,5410,8440
385,2005-12-15,5430,10,5430,5430,5430,0
384,2005-12-16,5460,30,5450,5460,5450,120
380,2005-12-19,5480,20,5470,5480,5470,1250
379,2005-12-20,5500,20,5540,5540,5500,1690
378,2005-12-21,5520,20,5520,5530,5450,2100
377,2005-12-22,5540,20,5460,5540,5460,740
376,2005-12-23,5530,10,5540,5540,5450,210
373,2005-12-26,5470,60,5450,5470,5440,1960
372,2005-12-27,5450,20,5450,5450,5450,1000
371,2005-12-28,5350,100,5350,5350,5350,640
370,2005-12-29,5330,20,5290,5330,5290,660
369,2006-01-02,5300,30,5250,5300,5250,5150
365,2006-01-03,5350,50,5300,5350,5300,2430
364,2006-01-04,5330,20,5300,5340,5260,4030
363,2006-01-05,5330,0,5270,5330,5260,2130
362,2006-01-06,5320,10,5320,5320,5270,800
361,2006-01-09,5280,40,5260,5290,5240,5210
358,2006-01-10,5250,30,5210,5270,5210,5690
357,2006-01-11,5290,40,5210,5290,5210,430
356,2006-01-12,5280,10,5290,5290,5280,400
355,2006-01-13,5270,10,5290,5290,5200,6640
354,2006-01-16,5250,20,5250,5250,5250,20
350,2006-01-17,5250,0,5210,5280,5150,2470
349,2006-01-18,5180,70,5180,5180,5180,100
348,2006-01-19,5200,20,5190,5260,5190,360
347,2006-01-20,5240,40,5290,5290,5150,1840
346,2006-01-23,5150,90,5150,5220,5150,5110
343,2006-01-24,5150,0,5150,5150,5150,210
342,2006-01-25,5160,10,5160,5240,5160,270
341,2006-01-26,5200,40,5150,5210,5150,1800
340,2006-01-27,5200,0,5200,5200,5200,290
339,2006-01-31,5200,0,5200,5200,5200,300
335,2006-02-01,5230,30,5220,5230,5210,960
334,2006-02-02,5230,0,5230,5230,5230,850
333,2006-02-03,5240,10,5240,5240,5200,620
332,2006-02-06,5210,30,5200,5210,5110,1340
331,2006-02-07,5250,40,5280,5280,5250,100
328,2006-02-08,5300,50,5320,5320,5300,1370
327,2006-02-09,5280,20,5280,5280,5280,20
326,2006-02-10,5220,60,5220,5220,5220,1350
325,2006-02-13,5210,10,5220,5220,5210,220
324,2006-02-14,5240,30,5220,5240,5200,1280
320,2006-02-15,5190,50,5210,5210,5180,2050
319,2006-02-16,5180,10,5220,5220,5180,440
318,2006-02-17,5180,0,5190,5190,5180,570
317,2006-02-20,5200,20,5200,5200,5200,500
316,2006-02-21,5200,0,5200,5200,5200,2310
313,2006-02-22,5200,0,5200,5220,5200,1790
312,2006-02-23,5180,20,5200,5200,5180,8470
311,2006-02-24,5190,10,5190,5190,5170,450
310,2006-02-27,5180,10,5190,5190,5180,1380
309,2006-02-28,5180,0,5180,5180,5180,2500
305,2006-03-02,5130,50,5030,5130,5030,2650
304,2006-03-03,5130,0,5130,5130,5130,470
303,2006-03-06,5200,70,5200,5200,5200,10
302,2006-03-07,5200,0,5200,5200,5200,0
301,2006-03-08,5200,0,5120,5200,5120,3330
298,2006-03-09,5150,50,5150,5160,5150,1690
297,2006-03-10,5210,60,5210,5210,5210,10
296,2006-03-13,5190,20,5190,5190,5190,1310
295,2006-03-14,5240,50,5190,5240,5190,1000
294,2006-03-15,5190,50,5220,5220,5190,250
290,2006-03-16,5200,10,5220,5220,5180,1060
289,2006-03-17,5190,10,5190,5190,5190,40
288,2006-03-20,5180,10,5190,5190,5180,110
287,2006-03-21,5200,20,5200,5200,5200,130
286,2006-03-22,5150,50,5190,5190,5150,5090
283,2006-03-23,5180,30,5220,5230,5150,12040
282,2006-03-24,5150,30,5180,5200,5150,2850
281,2006-03-27,5180,30,5150,5180,5150,1380
280,2006-03-28,5150,30,5200,5200,5150,16020
279,2006-03-29,5150,0,5150,5190,5140,10100
275,2006-03-30,5160,10,5190,5190,5130,5340
274,2006-03-31,5200,40,5160,5200,5150,3130
273,2006-04-03,5190,10,5200,5200,5160,520
272,2006-04-04,5190,0,5200,5200,5150,4350
271,2006-04-05,5180,10,5180,5180,5180,160
268,2006-04-06,5150,30,5190,5210,5150,4110
267,2006-04-07,5190,40,5190,5200,5160,130
266,2006-04-10,5180,10,5130,5200,5130,1660
265,2006-04-11,5170,10,5200,5200,5140,3080
264,2006-04-12,5140,30,5140,5190,5100,1230
260,2006-04-13,5130,10,5100,5200,5100,8580
259,2006-04-14,5190,60,5120,5190,5120,640
258,2006-04-17,5180,10,5130,5180,5130,1140
257,2006-04-18,5190,10,5120,5190,5120,2460
256,2006-04-19,5140,50,5160,5160,5130,2090
253,2006-04-20,5200,60,5230,5230,5200,50
252,2006-04-21,5180,20,5170,5180,5140,550
251,2006-04-24,5150,30,5150,5180,5150,2140
250,2006-04-25,5200,50,5150,5230,5150,3060
249,2006-04-26,5230,30,5240,5240,5150,5070
245,2006-04-27,5210,20,5160,5210,5150,530
244,2006-04-28,5190,20,5150,5190,5150,5350
243,2006-05-02,5190,0,5190,5200,5190,2250
242,2006-05-03,5170,20,5190,5190,5150,8720
241,2006-05-04,5170,0,5200,5200,5150,1330
238,2006-05-08,5170,0,5170,5170,5130,3030
237,2006-05-09,5190,20,5150,5210,5150,1140
236,2006-05-10,5140,50,5200,5200,5140,3010
235,2006-05-11,5130,10,5170,5190,5130,2160
234,2006-05-12,5150,20,5140,5180,5140,2050
230,2006-05-15,5180,30,5130,5180,5130,2310
229,2006-05-16,5110,70,5150,5180,5110,13040
228,2006-05-17,5140,30,5130,5160,5100,4920
227,2006-05-18,5140,0,5120,5140,5120,390
226,2006-05-19,5100,40,5130,5140,5090,2260
223,2006-05-22,5180,80,5180,5180,5120,30
222,2006-05-23,5140,40,5120,5180,4995,3550
221,2006-05-24,5150,10,5140,5160,5140,100
220,2006-05-25,5160,10,5100,5160,5100,350
219,2006-05-26,5190,30,5160,5190,5160,1020
215,2006-05-29,5150,40,5120,5150,5120,490
214,2006-05-30,5120,30,5180,5180,5120,1920
213,2006-06-01,5170,50,5170,5170,5140,1030
212,2006-06-02,5190,20,5170,5190,5170,80
211,2006-06-05,5180,10,5180,5180,5180,50
208,2006-06-07,5190,10,5180,5190,5180,3370
207,2006-06-08,5130,60,5120,5130,5120,610
206,2006-06-09,5200,70,5190,5210,5190,170
205,2006-06-12,5220,20,5180,5220,5180,8680
204,2006-06-13,5190,30,5150,5190,5150,785
200,2006-06-14,5190,0,5190,5190,5190,2890
199,2006-06-15,5190,0,5190,5190,5190,650
198,2006-06-16,5100,90,5120,5120,5100,380
197,2006-06-19,5180,80,5180,5180,5180,10
196,2006-06-20,5190,10,5140,5190,5140,410
193,2006-06-21,5190,0,5190,5190,5190,970
192,2006-06-22,5190,0,5190,5200,5190,4360
191,2006-06-23,5180,10,5180,5180,5180,3120
190,2006-06-26,5180,0,5180,5190,5180,19010
189,2006-06-27,5180,0,5190,5190,5170,3240
185,2006-06-28,5180,0,5180,5180,5180,1420
184,2006-06-29,5080,100,5130,5130,5080,10690
183,2006-06-30,4995,85,5080,5080,4990,14100
182,2006-07-03,5000,5,5000,5010,4995,5790
181,2006-07-04,5000,0,5000,5000,4990,3690
178,2006-07-05,4980,20,4980,5000,4980,1650
177,2006-07-06,4980,0,4970,4990,4960,4680
176,2006-07-07,4985,5,4985,4985,4985,20
175,2006-07-10,4985,0,4990,4990,4970,4350
174,2006-07-11,5000,15,4970,5000,4970,3780
170,2006-07-12,5000,0,4990,5030,4990,3110
169,2006-07-13,5040,40,5000,5040,5000,160
168,2006-07-14,5000,40,5000,5000,4965,1710
167,2006-07-18,5000,0,5000,5000,4965,2300
166,2006-07-19,4980,20,5000,5000,4970,230
163,2006-07-20,4990,10,4990,5000,4990,490
162,2006-07-21,4990,0,4990,4990,4990,0
161,2006-07-24,5000,10,4990,5000,4970,12780
160,2006-07-25,4990,10,4980,4990,4970,4710
159,2006-07-26,5000,10,5000,5000,5000,10
155,2006-07-27,4990,10,4990,5000,4990,210
154,2006-07-28,4985,5,4990,4990,4985,5100
153,2006-07-31,5030,45,4985,5030,4985,1010
152,2006-08-01,4990,40,5000,5000,4990,5050
151,2006-08-02,5000,10,5010,5030,5000,890
148,2006-08-03,5010,10,5000,5010,4990,5200
147,2006-08-04,5000,10,5000,5000,5000,740
146,2006-08-07,4995,5,4995,4995,4995,800
145,2006-08-08,5000,5,5000,5010,5000,2890
144,2006-08-09,5000,0,5000,5000,5000,2220
140,2006-08-10,4995,5,4995,4995,4990,4860
139,2006-08-11,5000,5,4990,5000,4990,200
138,2006-08-14,5000,0,5000,5000,4990,2200
137,2006-08-16,5000,0,5000,5000,5000,3000
136,2006-08-17,5000,0,5000,5010,5000,5830
133,2006-08-18,5000,0,5000,5000,5000,5920
132,2006-08-21,5010,10,5010,5010,5010,50
131,2006-08-22,5000,10,5000,5010,5000,2630
130,2006-08-23,4995,5,5000,5020,4995,3420
129,2006-08-24,5000,5,5000,5020,5000,8020
125,2006-08-25,5000,0,5000,5010,5000,3830
124,2006-08-28,5010,10,5000,5010,5000,1630
123,2006-08-29,5010,0,5000,5010,5000,1920
122,2006-08-30,5000,10,5000,5010,4995,1940
121,2006-08-31,4990,10,5000,5000,4960,10700
118,2006-09-01,5000,10,5000,5000,4990,3270
117,2006-09-04,5020,20,5000,5020,4990,6150
116,2006-09-05,5010,10,5000,5010,5000,510
115,2006-09-06,5000,10,4990,5010,4990,2460
114,2006-09-07,5000,0,5000,5010,5000,3360
110,2006-09-08,5010,10,5000,5020,4990,7890
109,2006-09-11,4995,15,5000,5050,4995,12710
108,2006-09-12,5020,25,5000,5020,5000,10590
107,2006-09-13,5030,10,5050,5100,5020,26520
106,2006-09-14,5060,30,5080,5100,5040,26030
103,2006-09-15,5090,30,5060,5090,5020,14610
102,2006-09-18,5130,40,5090,5130,5090,40080
101,2006-09-19,5130,0,5130,5150,5120,21240
100,2006-09-20,5130,0,5120,5130,5100,7340
99,2006-09-21,5140,10,5150,5150,5120,3150
95,2006-09-22,5130,10,5130,5130,5100,9860
94,2006-09-25,5130,0,5100,5130,5090,4720
93,2006-09-26,5100,30,5120,5120,5100,5910
92,2006-09-27,5130,30,5130,5130,5070,4030
91,2006-09-28,5130,0,5120,5160,5120,14830
88,2006-09-29,5130,0,5130,5140,5120,8940
87,2006-10-02,5190,60,5140,5190,5130,15650
86,2006-10-04,5230,40,5180,5240,5180,21500
85,2006-10-09,5180,50,5260,5260,5100,12020
84,2006-10-10,5210,30,5180,5210,5150,6600
80,2006-10-11,5160,50,5200,5200,5160,11180
79,2006-10-12,5190,30,5160,5200,5160,2920
78,2006-10-13,5220,30,5300,5300,5190,3680
77,2006-10-16,5220,0,5290,5290,5200,15300
76,2006-10-17,5210,10,5200,5220,5170,12360
73,2006-10-18,5200,10,5200,5210,5200,3320
72,2006-10-19,5210,10,5200,5210,5200,4330
71,2006-10-20,5210,0,5150,5210,5150,3729
70,2006-10-23,5180,30,5200,5200,5180,5220
69,2006-10-24,5200,20,5200,5210,5190,11340
65,2006-10-25,5220,20,5200,5240,5200,4730
64,2006-10-26,5140,80,5220,5220,5130,9860
63,2006-10-27,5140,0,5150,5170,5110,14590
62,2006-10-30,5200,60,5140,5200,5140,4400
61,2006-10-31,5170,30,5190,5190,5170,6240
58,2006-11-01,5160,10,5160,5170,5150,2980
57,2006-11-02,5130,30,5150,5150,5070,9400
56,2006-11-03,5060,70,5090,5100,5050,6980
55,2006-11-06,5100,40,5050,5100,5020,15320
54,2006-11-07,5090,10,5070,5090,5040,6950
50,2006-11-08,5060,30,5050,5060,5040,11140
49,2006-11-09,5050,10,5040,5050,5030,11430
48,2006-11-10,5050,0,5020,5060,5020,5590
47,2006-11-13,5040,10,5050,5050,5030,7800
46,2006-11-14,5040,0,5030,5040,5020,12840
43,2006-11-15,5020,20,5030,5030,5010,13490
42,2006-11-16,5030,10,5020,5030,5010,12310
41,2006-11-17,5040,10,5020,5040,5020,1070
40,2006-11-20,5030,10,5000,5030,5000,4270
39,2006-11-21,5030,0,5030,5030,5020,5880
35,2006-11-22,5040,10,5020,5050,5020,13840
34,2006-11-23,5030,10,5040,5040,5010,10750
33,2006-11-24,5040,10,5020,5050,5020,5170
32,2006-11-27,5030,10,5040,5060,5030,23240
31,2006-11-28,5060,30,5050,5070,5040,5070
28,2006-11-29,5050,10,5060,5060,5030,12570
27,2006-11-30,5080,30,5050,5080,5030,4950
26,2006-12-01,5050,30,5080,5080,5050,4160
25,2006-12-04,5050,0,5030,5080,5030,7870
24,2006-12-05,5050,0,5060,5070,5040,7340
20,2006-12-06,5040,10,5050,5060,5040,18410
19,2006-12-07,5040,0,5050,5060,5020,11800
18,2006-12-08,5070,30,5040,5070,5040,10120
17,2006-12-11,5070,0,5050,5070,5050,6250
16,2006-12-12,5070,0,5070,5070,5060,8380
13,2006-12-13,5090,20,5070,5090,5070,70800
12,2006-12-14,5090,0,5070,5100,5070,1080
11,2006-12-15,5090,0,5090,5090,5070,4770
10,2006-12-18,5080,10,5070,5090,5070,8410
9,2006-12-19,5130,50,5090,5150,5070,470520
5,2006-12-20,5130,0,5130,5130,5130,0
4,2006-12-21,5130,0,5130,5130,5130,0
3,2006-12-22,5130,0,5130,5130,5130,0
2,2006-12-26,5130,0,5130,5130,5130,0
