,date,close,diff,open,high,low,volume
448,2003-10-28,300,0,300,320,295,2494606
447,2003-10-29,270,30,305,310,270,2325836
446,2003-10-30,300,30,300,300,300,534211
445,2003-10-31,335,35,335,335,335,157504
444,2003-11-03,375,40,375,375,375,257877
440,2003-11-04,420,45,420,420,420,308938
439,2003-11-05,470,50,470,470,440,13149581
438,2003-11-06,415,55,465,470,415,4884503
437,2003-11-07,410,5,415,445,390,4331545
436,2003-11-10,430,20,405,455,405,7081021
433,2003-11-11,385,45,425,455,380,5251294
432,2003-11-12,370,15,385,390,355,5488500
431,2003-11-13,410,40,385,410,385,5188170
430,2003-11-14,375,35,415,425,370,5590066
429,2003-11-17,410,35,385,410,380,2688049
425,2003-11-18,395,15,415,440,380,5617615
424,2003-11-19,385,10,400,410,375,3069927
423,2003-11-20,420,35,390,430,385,6528695
422,2003-11-21,410,10,405,430,390,6594461
421,2003-11-24,410,0,415,445,385,7411306
418,2003-11-25,445,35,410,445,400,6969091
417,2003-11-26,425,20,465,475,425,6603636
416,2003-11-27,420,5,420,430,415,2022462
415,2003-11-28,400,20,425,430,400,3867834
414,2003-12-01,385,15,400,415,380,2817205
410,2003-12-02,400,15,385,410,385,2868736
409,2003-12-03,400,0,405,410,395,1633228
408,2003-12-04,420,20,400,435,395,3765705
407,2003-12-05,430,10,415,435,415,1962285
406,2003-12-08,480,50,440,480,435,4327654
403,2003-12-09,500,20,515,535,480,6803556
402,2003-12-10,495,5,485,520,470,2784713
401,2003-12-11,495,0,500,520,490,2984829
400,2003-12-12,485,10,490,505,475,1782478
399,2003-12-15,540,55,480,540,480,3821788
395,2003-12-16,510,30,530,550,485,3501701
394,2003-12-17,450,60,500,510,450,2161399
393,2003-12-18,425,25,440,455,410,1341654
392,2003-12-19,440,15,430,445,420,946081
391,2003-12-22,400,40,415,435,390,2252765
388,2003-12-23,360,40,385,400,355,3692879
387,2003-12-24,390,30,375,400,320,3984997
386,2003-12-26,405,15,385,425,380,4261096
385,2003-12-29,370,35,420,430,365,2672754
384,2003-12-30,370,0,375,390,365,1217258
380,2004-01-02,385,15,370,395,370,1165828
379,2004-01-05,395,10,375,410,375,2538196
378,2004-01-06,385,10,395,400,375,1025095
377,2004-01-07,380,5,380,410,375,2176902
376,2004-01-08,380,0,375,395,370,869708
373,2004-01-09,380,0,380,400,375,2130961
372,2004-01-12,380,0,380,390,375,2005894
371,2004-01-13,340,40,385,385,335,3318795
370,2004-01-14,320,20,335,345,310,2267462
369,2004-01-15,305,15,315,330,305,1254170
365,2004-01-16,300,5,305,315,300,978858
364,2004-01-19,295,5,300,315,295,803401
363,2004-01-20,285,10,285,300,280,850718
362,2004-01-26,295,10,285,295,285,1068907
361,2004-01-27,330,35,300,330,300,6453807
358,2004-01-28,320,10,330,345,320,1598516
357,2004-01-29,315,5,320,320,305,1022568
356,2004-01-30,315,0,315,325,310,520401
355,2004-02-02,315,0,315,330,315,1594818
354,2004-02-03,300,15,315,320,295,2668806
350,2004-02-04,305,5,300,310,300,1753508
349,2004-02-05,295,10,300,305,290,963662
348,2004-02-06,290,5,290,300,290,1097896
347,2004-02-09,305,15,295,310,295,1344374
346,2004-02-10,290,15,305,310,290,928705
343,2004-02-11,295,5,295,300,290,585334
342,2004-02-12,300,5,295,315,295,1301759
341,2004-02-13,300,0,305,315,300,1174583
340,2004-02-16,295,5,300,305,290,1060875
339,2004-02-17,290,5,295,305,285,2207262
335,2004-02-18,290,0,295,295,285,1215214
334,2004-02-19,295,5,290,310,290,3355788
333,2004-02-20,305,10,290,310,285,2983596
332,2004-02-23,300,5,310,315,295,1692056
331,2004-02-24,295,5,300,310,295,1734681
328,2004-02-25,295,0,295,305,295,1683563
327,2004-02-26,285,10,295,300,280,1574202
326,2004-02-27,290,5,285,295,285,974464
325,2004-03-02,285,5,290,295,285,864971
324,2004-03-03,275,10,285,290,275,1165650
320,2004-03-04,275,0,275,295,270,3014366
319,2004-03-05,280,5,275,285,275,687194
318,2004-03-08,280,0,280,285,275,696845
317,2004-03-09,275,5,275,280,270,813738
316,2004-03-10,270,5,275,275,270,539960
313,2004-03-11,265,5,265,270,250,991785
312,2004-03-12,245,20,260,270,240,1405827
311,2004-03-15,255,10,245,265,245,975710
310,2004-03-16,255,0,245,260,240,1305955
309,2004-03-17,255,0,250,260,250,1491866
305,2004-03-18,250,5,260,260,250,599423
304,2004-03-19,250,0,250,255,250,426034
303,2004-03-22,255,5,255,260,250,536964
302,2004-03-23,255,0,245,260,245,656276
301,2004-03-24,250,5,250,255,250,410592
298,2004-03-25,245,5,250,255,245,304576
297,2004-03-26,245,0,245,260,245,540150
296,2004-03-29,245,0,255,255,245,468829
295,2004-03-30,245,0,245,250,245,263627
294,2004-03-31,245,0,245,250,245,97070
290,2004-04-01,250,5,245,250,240,312669
289,2004-04-02,245,5,255,255,245,347683
288,2004-04-06,260,15,250,260,245,840067
287,2004-04-07,270,10,265,290,260,6895963
286,2004-04-08,280,10,275,285,265,1104231
283,2004-04-09,310,30,280,310,270,3110565
282,2004-04-12,345,35,345,345,345,206603
281,2004-04-13,340,5,385,385,340,4664935
280,2004-04-14,325,15,330,330,300,3902603
279,2004-04-16,310,15,325,330,310,1625014
275,2004-04-19,300,10,305,310,285,1975734
274,2004-04-20,295,5,300,305,290,1661782
273,2004-04-21,330,35,300,330,295,4258035
272,2004-04-22,310,20,335,345,310,2382396
271,2004-04-23,295,15,315,340,280,3491843
268,2004-04-26,330,35,295,330,290,3060156
267,2004-04-27,345,15,325,355,315,3163623
266,2004-04-28,305,40,335,340,305,1643667
265,2004-04-29,300,5,295,310,285,924482
264,2004-04-30,305,5,285,310,285,462330
260,2004-05-03,295,10,290,305,290,629126
259,2004-05-04,300,5,290,305,290,552664
258,2004-05-06,285,15,305,305,285,514845
257,2004-05-07,285,0,275,285,270,530457
256,2004-05-10,260,25,275,280,255,753987
253,2004-05-11,275,15,255,290,255,1667574
252,2004-05-12,295,20,275,300,275,1051290
251,2004-05-13,285,10,300,305,280,560118
250,2004-05-14,285,0,280,295,280,333893
249,2004-05-17,270,15,280,290,265,520493
245,2004-05-18,295,25,275,300,275,1757483
244,2004-05-19,285,10,295,300,285,923071
243,2004-05-20,280,5,280,290,275,460754
242,2004-05-21,285,5,285,290,275,431276
241,2004-05-24,290,5,285,300,285,825622
238,2004-05-25,300,10,295,315,290,2235104
237,2004-05-27,295,5,310,310,290,952701
236,2004-05-28,280,15,295,295,280,605889
235,2004-05-31,280,0,285,290,280,580051
234,2004-06-01,285,5,280,290,280,402923
230,2004-06-02,275,10,285,290,275,567268
229,2004-06-03,280,5,275,295,275,625584
228,2004-06-04,305,25,280,305,280,812602
227,2004-06-07,300,5,300,305,285,624372
226,2004-06-08,310,10,300,320,295,937858
223,2004-06-09,310,0,315,330,305,1934774
222,2004-06-10,320,10,315,330,310,945324
221,2004-06-11,325,5,320,330,310,1121766
220,2004-06-14,330,5,325,340,320,1528995
219,2004-06-15,315,15,330,330,295,1472550
215,2004-06-16,320,5,315,335,315,1072646
214,2004-06-17,355,35,320,355,320,3654387
213,2004-06-18,360,5,355,375,345,2608501
212,2004-06-21,355,5,365,365,325,1297607
211,2004-06-22,360,5,355,370,340,865965
208,2004-06-23,385,25,365,395,365,1690203
207,2004-06-24,380,5,385,395,375,1091357
206,2004-06-25,405,25,385,415,380,1786209
205,2004-06-28,370,35,410,450,365,16847548
204,2004-06-29,390,20,375,390,365,1896510
200,2004-06-30,365,25,405,405,365,1431591
199,2004-07-01,365,0,360,390,355,2663040
198,2004-07-02,340,25,365,370,340,831810
197,2004-07-05,305,35,335,370,305,4211906
196,2004-07-06,305,0,300,315,300,1615703
193,2004-07-07,310,5,305,310,300,963715
192,2004-07-08,325,15,305,335,305,1031792
191,2004-07-09,315,10,320,330,305,782088
190,2004-07-12,305,10,310,320,300,867502
189,2004-07-13,305,0,300,315,300,572769
185,2004-07-14,300,5,300,310,300,472785
184,2004-07-15,295,5,295,300,280,1270588
183,2004-07-16,270,25,290,290,265,1949086
182,2004-07-19,300,30,270,300,265,4533077
181,2004-07-20,300,0,320,330,295,6910501
178,2004-07-21,335,35,310,335,310,4163804
177,2004-07-22,365,30,345,375,335,3755382
176,2004-07-23,360,5,375,380,345,2549063
175,2004-07-26,400,40,365,400,360,3161198
174,2004-07-27,445,45,445,445,445,157187
170,2004-07-28,395,50,495,495,395,10192204
169,2004-07-29,350,45,370,375,350,8287691
168,2004-07-30,310,40,345,385,310,35471020
167,2004-08-02,275,35,295,300,275,4026952
166,2004-08-03,245,30,245,260,245,25617287
163,2004-08-04,220,25,225,235,220,11448383
162,2004-08-05,195,25,195,195,195,223300
161,2004-08-06,175,20,175,175,175,124151
160,2004-08-09,170,5,155,185,155,54870460
159,2004-08-10,150,20,175,180,150,19752886
155,2004-08-11,135,15,150,155,135,10261493
154,2004-08-12,135,0,135,135,135,0
153,2004-08-13,135,0,135,135,135,0
152,2004-08-16,135,0,135,135,135,0
151,2004-08-17,135,0,135,135,135,0
148,2004-08-18,135,0,135,135,135,0
147,2004-08-19,120,15,120,120,120,68377
146,2004-08-20,110,10,110,110,110,26375
145,2004-08-23,100,10,100,100,100,104533
144,2004-08-24,90,10,90,95,90,30703052
140,2004-08-25,100,10,100,100,95,2330046
139,2004-08-26,110,10,110,110,110,70058
138,2004-08-27,110,0,120,120,100,13763735
137,2004-08-30,120,10,115,120,110,6105607
136,2004-08-31,130,10,120,130,115,3534432
133,2004-09-01,145,15,145,145,140,1079114
132,2004-09-02,160,15,160,160,160,213970
131,2004-09-03,175,15,175,175,155,5977285
130,2004-09-06,180,5,175,190,170,3893996
129,2004-09-07,160,20,185,185,160,2084126
125,2004-09-08,145,15,145,145,145,317619
124,2004-09-09,145,0,130,160,130,10988294
123,2004-09-10,130,15,140,145,130,4521447
122,2004-09-13,115,15,140,140,115,6247144
121,2004-09-14,105,10,110,115,105,9470811
118,2004-09-15,115,10,100,115,95,18309284
117,2004-09-16,105,10,120,120,105,5609101
116,2004-09-17,100,5,105,105,95,3684016
115,2004-09-20,110,10,105,110,100,4726477
114,2004-09-21,100,10,105,105,100,2882073
110,2004-09-22,90,10,90,95,90,7130361
109,2004-09-23,90,0,90,90,90,0
108,2004-09-24,90,0,90,90,90,0
107,2004-09-30,90,0,90,90,90,0
106,2004-10-01,100,10,90,100,85,3269387
103,2004-10-04,90,10,100,105,90,2326964
102,2004-10-05,95,5,95,100,90,1421534
101,2004-10-06,90,5,95,95,85,2890588
100,2004-10-07,80,10,85,90,80,4008878
99,2004-10-08,75,5,80,85,75,3855889
95,2004-10-11,80,5,75,80,75,1652815
94,2004-10-12,85,5,80,85,80,2391433
93,2004-10-13,85,0,85,90,80,1504186
92,2004-10-14,80,5,80,85,80,826425
91,2004-10-15,85,5,80,85,75,2175325
88,2004-10-18,95,10,90,95,85,1525144
87,2004-10-19,90,5,105,105,85,4662381
86,2004-10-20,85,5,85,95,85,1044065
85,2004-10-21,80,5,90,90,75,3392731
84,2004-10-22,80,0,75,85,75,3493003
80,2004-10-25,80,0,80,85,75,4044662
79,2004-10-26,75,5,80,85,75,1217756
78,2004-10-27,70,5,75,80,70,1949384
77,2004-10-28,70,0,70,75,65,2272174
76,2004-10-29,65,5,70,70,65,2915836
73,2004-11-01,70,5,70,70,70,922464
72,2004-11-02,75,5,70,75,70,1570554
71,2004-11-03,70,5,75,75,70,2378303
70,2004-11-04,75,5,70,75,65,855901
69,2004-11-05,70,5,70,75,70,2398536
65,2004-11-08,65,5,70,70,65,1405931
64,2004-11-09,65,0,65,70,60,1995823
63,2004-11-10,65,0,60,65,60,858933
62,2004-11-11,65,0,65,70,60,689825
61,2004-11-12,70,5,70,70,65,1745637
58,2004-11-15,75,5,70,75,70,3515236
57,2004-11-16,80,5,75,80,70,3705219
56,2004-11-17,85,5,80,85,80,1648922
55,2004-11-18,95,10,95,95,95,1300810
54,2004-11-19,90,5,105,105,90,6764288
50,2004-11-22,80,10,85,85,80,1301400
49,2004-11-23,85,5,75,85,75,5794324
48,2004-11-24,95,10,95,95,90,7982322
47,2004-11-25,95,0,90,100,85,3923840
46,2004-11-26,105,10,95,105,90,6368462
43,2004-11-29,115,10,110,115,110,1828623
42,2004-11-30,125,10,115,125,115,1545595
41,2004-12-01,140,15,135,140,130,3326269
40,2004-12-02,140,0,155,155,125,7336437
39,2004-12-03,125,15,140,145,125,2662097
35,2004-12-06,140,15,115,140,110,14572696
34,2004-12-07,125,15,145,150,125,3746174
33,2004-12-08,110,15,120,120,110,5692068
32,2004-12-09,100,10,100,100,100,241658
31,2004-12-10,100,0,90,110,90,14477433
28,2004-12-13,90,10,95,100,90,13258632
27,2004-12-14,80,10,90,95,80,10978603
26,2004-12-15,75,5,75,80,75,12614189
25,2004-12-16,70,5,70,70,70,3097541
24,2004-12-17,65,5,65,65,65,8644434
20,2004-12-20,60,5,60,60,60,772277
19,2004-12-21,55,5,55,55,55,390544
18,2004-12-22,50,5,50,50,50,706532
17,2004-12-23,45,5,45,45,45,115853
16,2004-12-24,40,5,40,40,40,103713
13,2004-12-27,40,0,40,40,40,0
12,2004-12-28,40,0,40,40,40,0
11,2004-12-29,40,0,40,40,40,0
10,2004-12-30,10,30,5,10,5,10790600
9,2005-01-03,10,0,10,10,5,5890626
5,2005-01-04,10,0,10,15,10,5187991
4,2005-01-05,10,0,10,10,10,3171318
3,2005-01-06,10,0,10,10,5,3204303
2,2005-01-07,10,0,10,10,10,5958618
