,date,close,diff,open,high,low,volume
448,2019-08-16,669,4,670,683,665,15159
447,2019-08-19,666,3,663,685,660,26302
446,2019-08-20,673,7,652,680,652,48989
445,2019-08-21,672,1,693,693,671,53386
444,2019-08-22,672,0,679,679,671,20413
440,2019-08-23,683,11,663,690,663,46287
439,2019-08-26,668,15,683,683,666,7331
438,2019-08-27,670,2,667,691,667,33496
437,2019-08-28,670,0,662,684,662,57225
436,2019-08-29,672,2,677,678,666,8739
433,2019-08-30,683,11,671,695,671,78758
432,2019-09-02,685,2,690,690,673,58167
431,2019-09-03,686,1,694,694,681,74662
430,2019-09-04,700,14,686,702,686,93474
429,2019-09-05,708,8,714,714,695,54860
425,2019-09-06,715,7,719,720,710,55588
424,2019-09-09,714,1,719,720,698,38908
423,2019-09-10,700,14,701,716,700,37439
422,2019-09-11,719,19,704,719,700,48467
421,2019-09-16,719,0,719,720,712,18914
418,2019-09-17,719,0,724,728,715,32877
417,2019-09-18,711,8,719,723,711,44692
416,2019-09-19,713,2,714,718,703,12568
415,2019-09-20,733,20,717,770,717,374037
414,2019-09-23,722,11,733,733,710,50693
410,2019-09-24,728,6,724,733,714,28485
409,2019-09-25,718,10,728,735,716,25772
408,2019-09-26,718,0,727,727,711,7592
407,2019-09-27,713,5,730,730,713,25132
406,2019-09-30,700,13,706,714,681,99485
403,2019-10-01,706,6,710,716,696,3342
402,2019-10-02,701,5,703,703,696,3141
401,2019-10-04,687,14,703,705,675,15953
400,2019-10-07,690,3,703,703,663,49692
399,2019-10-08,692,2,688,693,670,51734
395,2019-10-10,683,9,692,695,682,17754
394,2019-10-11,694,11,686,700,683,13504
393,2019-10-14,697,3,705,710,692,47650
392,2019-10-15,700,3,715,715,690,17351
391,2019-10-16,702,2,707,707,697,7597
388,2019-10-17,703,1,706,718,698,12425
387,2019-10-18,710,7,700,718,700,14283
386,2019-10-21,703,7,699,715,699,41436
385,2019-10-22,695,8,703,703,694,26414
384,2019-10-23,696,1,701,701,684,27512
380,2019-10-24,685,11,701,701,675,74306
379,2019-10-25,673,12,692,696,660,57525
378,2019-10-28,671,2,673,677,661,41829
377,2019-10-29,680,9,671,701,661,7293
376,2019-10-30,683,3,684,692,665,43821
373,2019-10-31,677,6,683,686,675,14452
372,2019-11-01,665,12,677,685,665,35073
371,2019-11-04,690,25,660,695,660,65764
370,2019-11-05,680,10,690,702,680,25429
369,2019-11-06,685,5,685,689,676,11750
365,2019-11-07,682,3,677,700,677,19925
364,2019-11-08,691,9,710,738,682,688114
363,2019-11-11,691,0,690,699,682,83779
362,2019-11-12,695,4,691,699,679,38458
361,2019-11-13,687,8,690,699,687,38058
358,2019-11-14,692,5,687,707,687,43751
357,2019-11-15,691,1,695,710,686,77927
356,2019-11-18,684,7,687,696,670,128869
355,2019-11-19,680,4,684,687,676,41245
354,2019-11-20,681,1,676,705,675,87032
350,2019-11-21,675,6,684,691,667,87595
349,2019-11-22,670,5,687,690,662,40966
348,2019-11-25,676,6,671,685,668,60167
347,2019-11-26,679,3,677,689,674,62922
346,2019-11-27,680,1,685,686,678,17603
343,2019-11-28,681,1,680,690,676,33701
342,2019-11-29,683,2,680,685,676,38771
341,2019-12-02,683,0,683,687,672,32951
340,2019-12-03,680,3,683,690,672,51865
339,2019-12-04,679,1,673,687,673,8594
335,2019-12-05,676,3,671,690,671,29965
334,2019-12-06,675,1,676,680,670,37331
333,2019-12-09,671,4,675,685,670,39743
332,2019-12-10,660,11,671,674,660,36065
331,2019-12-11,660,0,660,668,653,62628
328,2019-12-12,661,1,666,666,656,37688
327,2019-12-13,661,0,674,699,660,107888
326,2019-12-16,662,1,677,677,658,34820
325,2019-12-17,664,2,662,670,661,26310
324,2019-12-18,659,5,667,667,654,27963
320,2019-12-19,661,2,659,675,657,23639
319,2019-12-20,669,8,660,683,659,77625
318,2019-12-23,677,8,669,691,663,67632
317,2019-12-24,670,7,678,685,670,40508
316,2019-12-26,677,7,664,685,664,68461
313,2019-12-27,677,0,672,688,672,18323
312,2019-12-30,680,3,677,684,676,69827
311,2020-01-02,700,20,685,704,677,91342
310,2020-01-03,701,1,694,706,691,40925
309,2020-01-06,702,1,704,704,690,46331
305,2020-01-07,705,3,701,719,698,29428
304,2020-01-08,696,9,700,709,671,60914
303,2020-01-09,702,6,701,709,690,81433
302,2020-01-10,703,1,702,712,696,30391
301,2020-01-13,714,11,702,718,695,85570
298,2020-01-14,717,3,715,730,709,179818
297,2020-01-15,730,13,721,736,720,87602
296,2020-01-16,732,2,732,743,725,53739
295,2020-01-17,733,1,731,739,730,43313
294,2020-01-20,735,2,732,740,730,31032
290,2020-01-21,735,0,744,744,727,82142
289,2020-01-22,740,5,781,781,731,43806
288,2020-01-23,754,14,739,756,730,93089
287,2020-01-28,714,40,747,752,713,60202
286,2020-01-29,724,10,710,738,708,35975
283,2020-01-30,708,16,717,728,707,46502
282,2020-01-31,700,8,708,714,699,27231
281,2020-02-03,666,34,690,690,662,55136
280,2020-02-04,678,12,666,682,666,48201
279,2020-02-05,701,23,682,701,681,88197
275,2020-02-06,708,7,700,717,700,36019
274,2020-02-07,705,3,708,708,700,47332
273,2020-02-10,690,15,718,718,655,54891
272,2020-02-11,697,7,690,707,690,35933
271,2020-02-12,697,0,697,707,689,72267
268,2020-02-13,700,3,697,706,695,12185
267,2020-02-14,699,1,699,704,690,41110
266,2020-02-17,699,0,695,706,694,18668
265,2020-02-18,700,1,699,705,690,29959
264,2020-02-19,700,0,694,705,694,26900
260,2020-02-20,697,3,699,701,692,16982
259,2020-02-21,697,0,698,698,685,35580
258,2020-02-24,672,25,681,681,662,27839
257,2020-02-25,669,3,666,676,661,38299
256,2020-02-26,659,10,673,673,656,37026
253,2020-02-27,637,22,666,666,637,110280
252,2020-02-28,619,18,630,637,611,59771
251,2020-03-02,620,1,619,620,594,9081
250,2020-03-03,631,11,620,640,615,11772
249,2020-03-04,644,13,635,647,631,14008
245,2020-03-05,651,7,648,656,637,11145
244,2020-03-06,652,1,654,654,638,11544
243,2020-03-09,624,28,651,651,600,34838
242,2020-03-10,619,5,601,621,601,12102
241,2020-03-11,635,16,621,739,621,824030
238,2020-03-12,618,17,635,635,590,97573
237,2020-03-13,568,50,608,608,477,186823
236,2020-03-16,521,47,542,580,520,247675
235,2020-03-17,456,65,416,500,416,602734
234,2020-03-18,404,52,456,501,399,561742
230,2020-03-19,352,52,390,409,321,476794
229,2020-03-20,374,22,360,396,342,90072
228,2020-03-23,349,25,372,372,330,87095
227,2020-03-24,357,8,351,385,351,176167
226,2020-03-25,375,18,367,385,366,285092
223,2020-03-26,407,32,388,420,380,241038
222,2020-03-27,411,4,423,443,396,196241
221,2020-03-30,406,5,415,415,384,61965
220,2020-03-31,421,15,424,425,409,255111
219,2020-04-01,420,1,429,431,420,179727
215,2020-04-02,417,3,420,427,411,159803
214,2020-04-03,431,14,428,431,414,99019
213,2020-04-06,481,50,434,529,434,572328
212,2020-04-07,518,37,499,518,490,204145
211,2020-04-08,618,100,538,673,522,4141972
208,2020-04-09,580,38,620,656,568,1133550
207,2020-04-10,590,10,581,601,560,281252
206,2020-04-13,564,26,589,608,561,159096
205,2020-04-14,572,8,564,575,550,195117
204,2020-04-16,564,8,572,572,547,97352
200,2020-04-17,572,8,564,583,550,116250
199,2020-04-20,580,8,576,602,573,79008
198,2020-04-21,585,5,580,600,560,127250
197,2020-04-22,576,9,584,585,565,30795
196,2020-04-23,576,0,576,590,566,154972
193,2020-04-24,561,15,576,576,560,92143
192,2020-04-27,570,9,560,570,551,115756
191,2020-04-28,568,2,570,580,565,162015
190,2020-04-29,572,4,571,579,562,128524
189,2020-05-04,569,3,572,572,560,66925
185,2020-05-06,570,1,567,585,564,111003
184,2020-05-07,588,18,567,593,566,215484
183,2020-05-08,608,20,588,710,588,2012314
182,2020-05-11,594,14,611,611,591,192715
181,2020-05-12,590,4,595,606,583,136397
178,2020-05-13,595,5,589,602,580,52982
177,2020-05-14,581,14,600,601,578,151207
176,2020-05-15,593,12,581,599,579,83419
175,2020-05-18,579,14,589,608,572,118222
174,2020-05-19,597,18,579,602,579,115763
170,2020-05-20,609,12,607,615,598,127080
169,2020-05-21,791,182,612,791,606,13017340
168,2020-05-22,750,41,860,885,730,18059524
167,2020-05-25,721,29,753,753,697,4882886
166,2020-05-26,708,13,739,742,708,3560476
163,2020-05-27,690,18,708,711,674,2086080
162,2020-05-28,653,37,688,690,644,1223622
161,2020-05-29,620,33,652,653,616,1754234
160,2020-06-01,626,6,639,640,621,880663
159,2020-06-02,650,24,632,650,628,660680
155,2020-06-03,632,18,650,650,628,637040
154,2020-06-04,636,4,636,642,621,426656
153,2020-06-05,649,13,637,653,628,510526
152,2020-06-08,657,8,653,658,646,401600
151,2020-06-09,651,6,664,670,642,528147
148,2020-06-10,648,3,647,653,627,447840
147,2020-06-11,637,11,648,664,633,492783
146,2020-06-12,621,16,610,635,591,441171
145,2020-06-15,564,57,614,620,552,658373
144,2020-06-16,590,26,565,590,565,331348
140,2020-06-17,597,7,590,606,578,318590
139,2020-06-18,610,13,596,613,595,310973
138,2020-06-19,597,13,610,624,588,209899
137,2020-06-22,585,12,608,608,577,402708
136,2020-06-23,572,13,584,598,562,249448
133,2020-06-24,572,0,572,585,571,88450
132,2020-06-25,554,18,557,573,551,176442
131,2020-06-26,552,2,560,562,552,158087
130,2020-06-29,555,3,561,561,530,369636
129,2020-06-30,557,2,555,574,500,428827
125,2020-07-01,558,1,558,566,554,76466
124,2020-07-02,554,4,556,566,550,65556
123,2020-07-03,547,7,558,562,542,132126
122,2020-07-06,551,4,559,559,546,47981
121,2020-07-07,571,20,559,578,552,324251
118,2020-07-08,566,5,573,579,565,78124
117,2020-07-09,568,2,566,583,566,91997
116,2020-07-10,565,3,576,576,557,127332
115,2020-07-13,569,4,578,578,552,134067
114,2020-07-14,579,10,569,590,560,276237
110,2020-07-15,577,2,584,585,573,127043
109,2020-07-16,584,7,576,586,571,168862
108,2020-07-17,577,7,584,588,573,64095
107,2020-07-20,577,0,583,583,571,95079
106,2020-07-21,574,3,583,583,570,87708
103,2020-07-22,568,6,584,584,568,81158
102,2020-07-23,560,8,575,575,557,101721
101,2020-07-24,553,7,558,565,551,57023
100,2020-07-27,552,1,556,560,541,112953
99,2020-07-28,544,8,551,555,524,470614
95,2020-07-29,548,4,543,549,537,167889
94,2020-07-30,545,3,552,552,543,28056
93,2020-07-31,538,7,545,549,528,183830
92,2020-08-03,544,6,538,548,523,98468
91,2020-08-04,539,5,542,543,532,98415
88,2020-08-05,545,6,539,546,529,93108
87,2020-08-06,541,4,540,541,535,87630
86,2020-08-07,540,1,541,541,535,77871
85,2020-08-10,535,5,536,540,530,91554
84,2020-08-11,543,8,535,558,528,154702
80,2020-08-12,545,2,539,549,539,81000
79,2020-08-13,550,5,542,553,542,70629
78,2020-08-14,554,4,555,562,547,226002
77,2020-08-18,548,6,554,559,527,204199
76,2020-08-19,539,9,545,545,535,63018
73,2020-08-20,518,21,538,538,500,146304
72,2020-08-21,519,1,515,532,515,49628
71,2020-08-24,517,2,515,520,493,61141
70,2020-08-25,524,7,508,534,508,64431
69,2020-08-26,520,4,524,530,514,81204
65,2020-08-27,519,1,520,524,511,66363
64,2020-08-28,520,1,505,523,505,62948
63,2020-08-31,509,11,525,525,509,69960
62,2020-09-01,509,0,510,515,507,75851
61,2020-09-02,540,31,509,612,501,1597900
58,2020-09-03,539,1,541,550,522,197815
57,2020-09-04,527,12,531,532,511,90376
56,2020-09-07,528,1,519,533,516,155459
55,2020-09-08,541,13,525,561,525,224228
54,2020-09-09,526,15,540,540,513,124316
50,2020-09-10,558,32,526,598,526,1560893
49,2020-09-11,539,19,560,560,520,627950
48,2020-09-14,541,2,539,545,525,217471
47,2020-09-15,568,27,532,585,532,1006816
46,2020-09-16,574,6,568,624,568,1639362
43,2020-09-17,555,19,574,580,553,193481
42,2020-09-18,566,11,555,566,547,156523
41,2020-09-21,539,27,565,566,521,416211
40,2020-09-22,529,10,530,534,516,212259
39,2020-09-23,515,14,526,531,513,206351
35,2020-09-24,497,18,503,514,492,235072
34,2020-09-25,508,11,496,516,489,156327
33,2020-09-28,512,4,508,518,508,102164
32,2020-09-29,516,4,522,522,512,81963
31,2020-10-05,524,8,520,524,515,96605
28,2020-10-06,523,1,525,527,517,93329
27,2020-10-07,527,4,523,532,522,104641
26,2020-10-08,532,5,532,550,527,237954
25,2020-10-12,543,11,542,547,532,237667
24,2020-10-13,541,2,547,547,535,130182
20,2020-10-14,548,7,542,552,537,232358
19,2020-10-15,527,21,548,548,523,237280
18,2020-10-16,516,11,527,535,515,79742
17,2020-10-19,522,6,510,530,505,73158
16,2020-10-20,511,11,523,525,507,69506
13,2020-10-21,514,3,511,527,510,83309
12,2020-10-22,521,7,514,527,512,59636
11,2020-10-23,515,6,521,521,511,82004
10,2020-10-26,511,4,513,523,510,88040
9,2020-10-27,511,0,511,516,505,62321
5,2020-10-28,542,31,506,556,506,1503563
4,2020-10-29,523,19,543,543,514,329898
3,2020-10-30,518,5,526,531,513,112929
2,2020-11-02,519,1,518,520,505,67726
1,2020-11-03,520,1,523,523,518,74903
