,date,close,diff,open,high,low,volume
448,2019-08-16,4030,30,3990,4035,3895,64839
447,2019-08-19,4115,85,4030,4150,4030,184665
446,2019-08-20,4210,95,4690,4895,4185,5164960
445,2019-08-21,4175,35,4185,4280,4150,405484
444,2019-08-22,4035,140,4170,4220,3900,397397
440,2019-08-23,4010,25,4010,4100,3960,209085
439,2019-08-26,3875,135,3950,3980,3835,260824
438,2019-08-27,3875,0,3880,3955,3830,135001
437,2019-08-28,3895,20,3870,3925,3865,90402
436,2019-08-29,3880,15,3895,3915,3865,71755
433,2019-08-30,3990,110,3875,4025,3875,110280
432,2019-09-02,4015,25,3990,4035,3955,86605
431,2019-09-03,4070,55,4000,4075,3990,43926
430,2019-09-04,4085,15,4065,4085,4020,74687
429,2019-09-05,4145,60,4065,4250,4065,278894
425,2019-09-06,4075,70,4140,4225,4075,129800
424,2019-09-09,4070,5,4075,4170,4055,108800
423,2019-09-10,4185,115,4040,4440,4040,857426
422,2019-09-11,4185,0,4160,4370,4150,83228
421,2019-09-16,4215,30,4185,4250,4130,131694
418,2019-09-17,4285,70,4185,4340,4185,137005
417,2019-09-18,4235,50,4245,4350,4220,127884
416,2019-09-19,4230,5,4225,4310,4210,77439
415,2019-09-20,4250,20,4240,4275,4200,57662
414,2019-09-23,4235,15,4250,4265,4170,74685
410,2019-09-24,4250,15,4200,4300,4200,94228
409,2019-09-25,4170,80,4290,4290,4165,92298
408,2019-09-26,4195,25,4250,4250,4150,58561
407,2019-09-27,4110,85,4200,4200,4095,84210
406,2019-09-30,4110,0,4070,4125,4040,63643
403,2019-10-01,4075,35,4100,4100,4020,61245
402,2019-10-02,4020,55,4050,4090,3990,76524
401,2019-10-04,3950,70,4065,4065,3915,52966
400,2019-10-07,3895,55,3950,3980,3885,83367
399,2019-10-08,3860,35,3865,3920,3835,59313
395,2019-10-10,3860,0,3870,3880,3835,30060
394,2019-10-11,4050,190,3910,4050,3860,84011
393,2019-10-14,4030,20,4040,4100,3955,75984
392,2019-10-15,4030,0,4065,4065,3985,60548
391,2019-10-16,4065,35,4045,4145,4010,26315
388,2019-10-17,4025,40,4080,4080,4015,41749
387,2019-10-18,4100,75,4055,4170,4045,60993
386,2019-10-21,4070,30,4100,4130,4050,31470
385,2019-10-22,4045,25,4040,4190,4000,60967
384,2019-10-23,3960,85,4045,4070,3950,92018
380,2019-10-24,3965,5,3955,4000,3945,40051
379,2019-10-25,3980,15,3955,4005,3950,41240
378,2019-10-28,3985,5,4005,4060,3945,35249
377,2019-10-29,3975,10,3965,4040,3965,18192
376,2019-10-30,3915,60,3975,4000,3915,60521
373,2019-10-31,3900,15,3915,4025,3885,30328
372,2019-11-01,3935,35,3975,3980,3870,63904
371,2019-11-04,3970,35,3995,3995,3930,29541
370,2019-11-05,3970,0,3955,3995,3955,34278
369,2019-11-06,3995,25,3970,4025,3955,34759
365,2019-11-07,4000,5,3995,4020,3960,29817
364,2019-11-08,4000,0,3975,4035,3975,28660
363,2019-11-11,4055,55,4005,4070,4005,46594
362,2019-11-12,4060,5,4065,4065,4020,40167
361,2019-11-13,4035,25,4075,4075,4020,35026
358,2019-11-14,4065,30,4035,4075,4025,39757
357,2019-11-15,4040,25,4065,4065,4010,29480
356,2019-11-18,4035,5,4045,4060,4005,30407
355,2019-11-19,3965,70,4060,4060,3960,39491
354,2019-11-20,3940,25,3925,3960,3910,69518
350,2019-11-21,3805,135,3940,3940,3750,113952
349,2019-11-22,3770,35,3810,3850,3710,104968
348,2019-11-25,3845,75,3800,3865,3800,36186
347,2019-11-26,3905,60,3870,3950,3810,25380
346,2019-11-27,3905,0,3950,3950,3900,10903
343,2019-11-28,3915,10,3960,3960,3890,30574
342,2019-11-29,3890,25,3890,3920,3880,27676
341,2019-12-02,3900,10,3950,3950,3880,26532
340,2019-12-03,3835,65,3870,3900,3810,61841
339,2019-12-04,3780,55,3755,3850,3750,22101
335,2019-12-05,3740,40,3800,3800,3730,20049
334,2019-12-06,3810,70,3800,3835,3755,19445
333,2019-12-09,3815,5,3840,3840,3785,26254
332,2019-12-10,3820,5,3800,3835,3770,48496
331,2019-12-11,3805,15,3820,3840,3760,20551
328,2019-12-12,3800,5,3805,3910,3770,48213
327,2019-12-13,3840,40,3905,3990,3825,87560
326,2019-12-16,3860,20,3840,3905,3820,34712
325,2019-12-17,3830,30,3830,3890,3820,40016
324,2019-12-18,3800,30,3830,3845,3800,25621
320,2019-12-19,3840,40,3800,3895,3800,31123
319,2019-12-20,3820,20,3830,3880,3800,36961
318,2019-12-23,3795,25,3820,3830,3780,33996
317,2019-12-24,3795,0,3800,3820,3760,20811
316,2019-12-26,3815,20,3795,3840,3780,46449
313,2019-12-27,3815,0,3815,3815,3775,14863
312,2019-12-30,3815,0,3815,3825,3680,21590
311,2020-01-02,3845,30,3840,3845,3785,42641
310,2020-01-03,3840,5,3845,3865,3795,37710
309,2020-01-06,3760,80,3840,3840,3720,38263
305,2020-01-07,3735,25,3800,3800,3735,55489
304,2020-01-08,3595,140,3750,3750,3475,120254
303,2020-01-09,3660,65,3605,3850,3605,36776
302,2020-01-10,3640,20,3785,3835,3605,72375
301,2020-01-13,3680,40,3650,3695,3620,31018
298,2020-01-14,3710,30,3670,3715,3670,26363
297,2020-01-15,3735,25,3675,3740,3675,20836
296,2020-01-16,3720,15,3735,3780,3700,33996
295,2020-01-17,3760,40,3760,3830,3730,25558
294,2020-01-20,3720,40,3835,3835,3710,30527
290,2020-01-21,3730,10,3720,3800,3705,44143
289,2020-01-22,3775,45,3730,3800,3715,65420
288,2020-01-23,3760,15,3770,3805,3730,72724
287,2020-01-28,3615,145,3665,3750,3595,86307
286,2020-01-29,3600,15,3640,3640,3600,16214
283,2020-01-30,3525,75,3560,3600,3500,73735
282,2020-01-31,3440,85,3515,3640,3435,54565
281,2020-02-03,3420,20,3365,3450,3255,66511
280,2020-02-04,3460,40,3490,3490,3415,21454
279,2020-02-05,3600,140,3490,3945,3475,986944
275,2020-02-06,3585,15,3600,3750,3530,257395
274,2020-02-07,3595,10,3585,3690,3550,88330
273,2020-02-10,3600,5,3550,3630,3540,52269
272,2020-02-11,3675,75,3585,3680,3555,40777
271,2020-02-12,3715,40,3675,3800,3635,118502
268,2020-02-13,3680,35,3715,3790,3650,42799
267,2020-02-14,3585,95,3670,3670,3560,66335
266,2020-02-17,3590,5,3585,3940,3510,1265643
265,2020-02-18,3530,60,3590,3625,3515,118153
264,2020-02-19,3510,20,3515,3555,3450,133237
260,2020-02-20,3505,5,3445,3535,3445,87473
259,2020-02-21,3405,100,3500,3505,3330,78595
258,2020-02-24,3215,190,3260,3345,3125,185791
257,2020-02-25,3260,45,3160,3310,3160,44302
256,2020-02-26,3270,10,3215,3300,3210,35564
253,2020-02-27,3200,70,3245,3270,3185,44346
252,2020-02-28,3000,200,3115,3160,2970,165255
251,2020-03-02,3040,40,3040,3050,2940,80659
250,2020-03-03,3060,20,3145,3145,3030,61647
249,2020-03-04,3090,30,3060,3095,3010,28733
245,2020-03-05,3170,80,3120,3180,3090,40004
244,2020-03-06,3065,105,3150,3160,3035,46761
243,2020-03-09,2935,130,3065,3095,2900,75728
242,2020-03-10,2880,55,2860,2935,2800,74922
241,2020-03-11,2715,165,2880,2900,2680,134851
238,2020-03-12,2580,135,2620,2700,2495,190230
237,2020-03-13,2420,160,2390,2440,2245,316064
236,2020-03-16,2295,125,2400,2540,2295,76430
235,2020-03-17,2250,45,2055,2290,2055,98599
234,2020-03-18,2185,65,2220,2315,2180,108776
230,2020-03-19,1925,260,2170,2235,1905,212057
229,2020-03-20,1965,40,2330,2330,1920,234345
228,2020-03-23,2005,40,1900,2150,1860,137693
227,2020-03-24,2140,135,2005,2245,2005,82046
226,2020-03-25,2260,120,2200,2290,2180,462692
223,2020-03-26,2310,50,2300,2355,2280,60574
222,2020-03-27,2310,0,2340,2420,2280,100072
221,2020-03-30,2425,115,2290,2450,2220,62847
220,2020-03-31,2550,125,2425,2580,2425,59853
219,2020-04-01,2540,10,2550,2715,2510,75133
215,2020-04-02,2555,15,2545,2700,2500,42533
214,2020-04-03,2540,15,2555,2630,2525,47075
213,2020-04-06,2640,100,2500,2740,2500,72506
212,2020-04-07,2715,75,2720,2790,2620,117901
211,2020-04-08,2765,50,2715,2825,2670,79324
208,2020-04-09,2800,35,2855,2950,2760,60981
207,2020-04-10,2820,20,2920,2920,2745,61857
206,2020-04-13,2775,45,2820,2875,2755,34032
205,2020-04-14,2855,80,2775,3185,2765,375855
204,2020-04-16,2875,20,2840,2900,2780,61503
200,2020-04-17,2940,65,2875,2960,2850,70323
199,2020-04-20,2935,5,2940,2990,2920,51920
198,2020-04-21,2875,60,2935,2945,2755,82794
197,2020-04-22,2875,0,2845,2875,2750,61827
196,2020-04-23,2930,55,2875,3070,2860,77066
193,2020-04-24,2860,70,2930,2930,2820,61163
192,2020-04-27,3400,540,2860,3655,2840,2769083
191,2020-04-28,3140,260,3340,3385,3090,900135
190,2020-04-29,3150,10,3140,3205,3110,253885
189,2020-05-04,3150,0,3150,3175,3070,90175
185,2020-05-06,3185,35,3165,3205,3135,102171
184,2020-05-07,3170,15,3180,3200,3135,67305
183,2020-05-08,3170,0,3170,3195,3150,38021
182,2020-05-11,3185,15,3140,3225,3135,53493
181,2020-05-12,3105,80,3230,3230,3100,80886
178,2020-05-13,3110,5,3060,3140,3050,51288
177,2020-05-14,3060,50,3115,3120,3020,72971
176,2020-05-15,3020,40,3060,3110,3020,77303
175,2020-05-18,3030,10,3075,3140,2980,96108
174,2020-05-19,3095,65,3050,3300,3035,283318
170,2020-05-20,3095,0,3050,3195,3050,96537
169,2020-05-21,3120,25,3190,3190,3105,113111
168,2020-05-22,3200,80,3130,3220,3100,166870
167,2020-05-25,3185,15,3240,3250,3175,123716
166,2020-05-26,3185,0,3180,3290,3180,219319
163,2020-05-27,3200,15,3240,3240,3175,68744
162,2020-05-28,3160,40,3240,3285,3010,192033
161,2020-05-29,3350,190,3230,3635,3165,1392143
160,2020-06-01,3320,30,3350,3365,3245,238466
159,2020-06-02,3410,90,3455,3630,3340,223874
155,2020-06-03,3425,15,3420,3585,3405,186528
154,2020-06-04,3675,250,3450,4200,3445,3136716
153,2020-06-05,3720,45,3600,3735,3545,257220
152,2020-06-08,3860,140,3685,4170,3630,2103194
151,2020-06-09,3715,145,3855,3980,3705,402468
148,2020-06-10,3550,165,3660,3685,3550,198736
147,2020-06-11,3620,70,3595,3640,3515,150078
146,2020-06-12,3435,185,3450,3500,3310,243631
145,2020-06-15,3170,265,3415,3425,3145,239802
144,2020-06-16,3430,260,3195,3700,3180,618254
140,2020-06-17,3345,85,3355,3590,3330,174147
139,2020-06-18,3385,40,3425,3490,3340,53156
138,2020-06-19,3355,30,3430,3430,3305,69965
137,2020-06-22,3320,35,3410,3445,3290,82247
136,2020-06-23,3270,50,3395,3395,3230,50965
133,2020-06-24,3275,5,3345,3350,3260,68358
132,2020-06-25,3220,55,3300,3300,3185,46845
131,2020-06-26,3220,0,3220,3300,3185,47271
130,2020-06-29,3135,85,3250,3250,3115,58284
129,2020-06-30,3205,70,3355,3425,3155,60318
125,2020-07-01,3220,15,3295,3295,3195,39912
124,2020-07-02,3415,195,3280,3560,3220,304287
123,2020-07-03,3410,5,3450,3450,3380,45659
122,2020-07-06,3420,10,3485,3485,3400,55409
121,2020-07-07,3420,0,3475,3475,3400,25573
118,2020-07-08,3425,5,3420,3495,3405,28553
117,2020-07-09,3485,60,3480,3565,3400,121551
116,2020-07-10,3495,10,3580,3580,3330,38983
115,2020-07-13,3485,10,3590,3590,3470,26473
114,2020-07-14,3450,35,3555,3555,3420,37994
110,2020-07-15,3565,115,3420,3760,3420,343438
109,2020-07-16,3570,5,3625,3625,3500,38146
108,2020-07-17,3580,10,3610,3630,3500,76095
107,2020-07-20,3660,80,3595,3770,3530,286222
106,2020-07-21,3640,20,3710,3715,3625,107976
103,2020-07-22,3675,35,3735,3800,3645,126990
102,2020-07-23,3585,90,3730,3730,3570,56039
101,2020-07-24,3575,10,3620,3880,3515,226680
100,2020-07-27,3605,30,3575,3685,3510,65266
99,2020-07-28,3565,40,3660,3665,3545,59046
95,2020-07-29,3645,80,3650,3655,3530,59250
94,2020-07-30,3620,25,3670,3700,3610,45575
93,2020-07-31,3600,20,3680,3680,3550,59282
92,2020-08-03,3540,60,3600,3600,3530,44510
91,2020-08-04,3600,60,3580,3645,3530,71602
88,2020-08-05,3500,100,3665,3665,3500,88473
87,2020-08-06,3545,45,3565,3565,3465,85815
86,2020-08-07,3605,60,3620,3670,3495,150633
85,2020-08-10,3780,175,3625,3830,3625,219819
84,2020-08-11,3745,35,3800,3810,3710,71829
80,2020-08-12,3720,25,3795,3795,3630,111213
79,2020-08-13,3725,5,3775,3780,3630,114315
78,2020-08-14,3810,85,3770,4000,3640,732289
77,2020-08-18,3500,310,3815,3855,3440,290970
76,2020-08-19,3600,100,3605,3605,3500,73750
73,2020-08-20,3500,100,3665,3665,3340,141836
72,2020-08-21,3535,35,3600,3605,3440,49953
71,2020-08-24,3545,10,3595,3595,3425,57637
70,2020-08-25,3590,45,3615,3650,3545,55081
69,2020-08-26,3670,80,3735,3785,3590,207402
65,2020-08-27,3590,80,3690,3705,3420,110798
64,2020-08-28,3575,15,3590,3620,3555,54664
63,2020-08-31,3625,50,3540,3675,3540,123072
62,2020-09-01,3610,15,3625,3660,3575,52035
61,2020-09-02,3620,10,3665,3670,3605,63580
58,2020-09-03,3635,15,3620,3675,3600,44319
57,2020-09-04,3650,15,3485,3650,3485,90119
56,2020-09-07,3715,65,3650,3785,3640,155607
55,2020-09-08,3695,20,3805,3805,3685,114008
54,2020-09-09,3675,20,3705,3705,3630,44664
50,2020-09-10,3715,40,3740,3740,3630,67549
49,2020-09-11,3715,0,3735,3735,3650,88602
48,2020-09-14,3790,75,3905,4150,3715,583210
47,2020-09-15,4000,210,3870,4060,3800,305003
46,2020-09-16,3840,160,4060,4060,3795,281884
43,2020-09-17,3890,50,3890,3945,3800,61134
42,2020-09-18,4000,110,3895,4000,3825,177112
41,2020-09-21,4030,30,4135,4165,3990,365519
40,2020-09-22,4000,30,4040,4180,3920,182183
39,2020-09-23,4000,0,4090,4090,3895,117319
35,2020-09-24,3855,145,3945,4020,3830,164054
34,2020-09-25,3835,20,3900,3910,3805,55072
33,2020-09-28,3960,125,3845,4025,3845,74491
32,2020-09-29,3975,15,3985,4025,3935,76499
31,2020-10-05,4130,155,4050,4195,4000,203151
28,2020-10-06,4285,155,4400,4580,4210,331771
27,2020-10-07,4215,70,4205,4300,4170,81950
26,2020-10-08,4215,0,4215,4315,4190,173612
25,2020-10-12,4230,15,4285,4285,4215,67260
24,2020-10-13,4250,20,4240,4260,4185,115308
20,2020-10-14,4345,95,4330,4395,4230,272339
19,2020-10-15,4490,145,4375,4500,4235,333971
18,2020-10-16,4490,0,4490,4500,4250,171105
17,2020-10-19,4485,5,4500,4580,4440,152519
16,2020-10-20,4405,80,4485,4545,4330,108605
13,2020-10-21,4370,35,4480,4480,4370,73638
12,2020-10-22,4315,55,4370,4420,4275,150347
11,2020-10-23,4285,30,4315,4345,4245,70693
10,2020-10-26,4290,5,4290,4380,4260,117228
9,2020-10-27,4295,5,4200,4340,4195,64887
5,2020-10-28,4355,60,4295,4400,4290,65660
4,2020-10-29,4375,20,4300,4405,4270,57174
3,2020-10-30,4295,80,4375,4390,4290,59723
2,2020-11-02,4295,0,4290,4355,4250,36597
1,2020-11-03,4330,35,4325,4350,4295,47696
