,date,close,diff,open,high,low,volume
448,2008-02-27,905,5,915,930,900,384185
447,2008-02-28,900,5,915,915,895,192451
446,2008-02-29,895,5,900,905,885,260930
445,2008-03-03,880,15,865,885,860,272910
444,2008-03-04,880,0,880,890,875,192089
440,2008-03-05,890,10,880,905,880,198337
439,2008-03-06,890,0,900,900,885,205664
438,2008-03-07,875,15,890,895,875,219749
437,2008-03-10,850,25,865,880,840,228557
436,2008-03-11,870,20,845,875,830,169291
433,2008-03-12,895,25,890,905,870,299111
432,2008-03-13,860,35,895,895,860,181837
431,2008-03-14,875,15,880,885,855,212030
430,2008-03-17,855,20,860,865,820,258220
429,2008-03-18,835,20,840,860,830,130640
425,2008-03-19,835,0,845,860,825,195089
424,2008-03-20,840,5,830,840,825,225676
423,2008-03-21,845,5,840,850,830,346270
422,2008-03-24,835,10,845,850,830,498264
421,2008-03-25,835,0,845,850,830,300680
418,2008-03-26,815,20,840,845,805,569828
417,2008-03-27,810,5,820,830,800,340221
416,2008-03-28,810,0,815,820,800,450580
415,2008-03-31,835,25,810,835,805,296601
414,2008-04-01,840,5,845,860,835,509080
410,2008-04-02,825,15,845,850,825,181361
409,2008-04-03,810,15,825,835,805,345953
408,2008-04-04,825,15,815,830,810,230277
407,2008-04-07,850,25,840,865,835,813150
406,2008-04-08,860,10,860,870,840,386260
403,2008-04-10,880,20,860,890,845,701858
402,2008-04-11,915,35,895,920,885,837127
401,2008-04-14,920,5,930,930,890,476800
400,2008-04-15,910,10,910,930,910,198029
399,2008-04-16,910,0,905,925,900,209400
395,2008-04-17,910,0,915,920,895,128660
394,2008-04-18,915,5,910,915,900,332620
393,2008-04-21,900,15,915,920,900,259410
392,2008-04-22,880,20,890,900,875,169295
391,2008-04-23,880,0,865,900,860,130940
388,2008-04-24,890,10,875,890,870,318290
387,2008-04-25,875,15,890,895,875,178649
386,2008-04-28,855,20,885,885,855,136939
385,2008-04-29,855,0,850,870,850,172440
384,2008-04-30,930,75,865,965,855,950794
380,2008-05-02,940,10,950,950,915,821923
379,2008-05-06,950,10,930,950,925,430993
378,2008-05-07,1000,50,945,1080,940,3561703
377,2008-05-08,1120,120,985,1150,980,3480733
376,2008-05-09,1150,30,1130,1195,1085,2878067
373,2008-05-13,1105,45,1175,1185,1075,1922991
372,2008-05-14,1230,125,1120,1270,1020,7693744
371,2008-05-15,1075,155,1305,1410,1065,45186859
370,2008-05-16,1065,10,1090,1130,1035,5073077
369,2008-05-19,1015,50,1090,1100,990,2893535
365,2008-05-20,1165,150,1100,1165,1100,9070987
364,2008-05-21,1335,170,1250,1335,1190,13482689
363,2008-05-22,1350,15,1390,1510,1300,21370045
362,2008-05-23,1380,30,1355,1550,1330,22206697
361,2008-05-26,1440,60,1380,1525,1365,12104994
358,2008-05-27,1440,0,1485,1580,1430,12013919
357,2008-05-28,1365,75,1470,1475,1345,7684886
356,2008-05-29,1390,25,1365,1440,1340,4213015
355,2008-05-30,1325,65,1430,1435,1300,3934639
354,2008-06-02,1330,5,1305,1340,1270,3311614
350,2008-06-03,1475,145,1315,1525,1300,20577213
349,2008-06-04,1495,20,1475,1555,1425,8867043
348,2008-06-05,1410,85,1525,1530,1400,4768339
347,2008-06-09,1400,10,1380,1455,1355,2462994
346,2008-06-10,1610,210,1420,1610,1350,6698859
343,2008-06-11,1850,240,1850,1850,1850,1132321
342,2008-06-12,1720,130,1850,2065,1720,30169970
341,2008-06-13,1975,255,1820,1975,1765,15036364
340,2008-06-16,1915,60,2175,2270,1755,26921375
339,2008-06-17,1850,65,1825,2050,1780,10117082
335,2008-06-18,2125,275,1890,2125,1810,16953233
334,2008-06-19,1810,315,2175,2250,1810,20363266
333,2008-06-20,1680,130,1660,1830,1595,12964355
332,2008-06-23,1845,165,1710,1915,1700,9899656
331,2008-06-24,1950,105,1945,2100,1790,18228014
328,2008-06-25,1960,10,1920,2015,1875,8410572
327,2008-06-26,1955,5,1960,2040,1865,7253515
326,2008-06-27,1865,90,1880,1950,1855,4351641
325,2008-06-30,1920,55,1870,1955,1815,6739388
324,2008-07-01,1860,60,1875,1930,1840,4077063
320,2008-07-02,1620,240,1825,1875,1585,6552106
319,2008-07-03,1630,10,1505,1815,1450,8743342
318,2008-07-04,1630,0,1680,1710,1615,2210305
317,2008-07-07,1530,100,1585,1645,1515,2885614
316,2008-07-08,1410,120,1550,1580,1320,4743896
313,2008-07-09,1450,40,1450,1575,1410,4809122
312,2008-07-10,1530,80,1450,1590,1395,4066942
311,2008-07-11,1575,45,1510,1630,1510,3489154
310,2008-07-14,1550,25,1570,1620,1520,2194475
309,2008-07-15,1780,230,1630,1780,1600,6967633
305,2008-07-16,1820,40,1820,2010,1770,13838077
304,2008-07-17,1965,145,1890,1985,1870,5928417
303,2008-07-18,1900,65,2020,2205,1870,12098001
302,2008-07-21,2185,285,2105,2185,2050,15055206
301,2008-07-22,2510,325,2330,2510,2250,17262435
298,2008-07-23,2625,115,2510,2825,2410,21436232
297,2008-07-24,2580,45,2625,2660,2505,9945512
296,2008-07-25,2720,140,2600,2745,2530,9495108
295,2008-07-28,2645,75,2750,2800,2570,6719856
294,2008-07-29,2255,390,2595,2620,2250,7196470
290,2008-07-30,2315,60,2225,2485,2205,9129691
289,2008-07-31,2175,140,2390,2440,2105,10961552
288,2008-08-01,2480,305,2350,2500,2325,13096286
287,2008-08-04,2505,25,2430,2675,2255,8129834
286,2008-08-05,2350,155,2510,2540,2330,4627787
283,2008-08-06,2245,105,2245,2370,2215,5894264
282,2008-08-07,2240,5,2315,2385,2205,5149706
281,2008-08-08,2100,140,2210,2235,2065,5984123
280,2008-08-11,2035,65,2135,2175,2000,3863437
279,2008-08-12,2100,65,2025,2280,1925,15842030
275,2008-08-13,1950,150,2100,2130,1950,5342456
274,2008-08-14,1895,55,1955,2035,1895,4522604
273,2008-08-18,1695,200,1855,1915,1680,7362834
272,2008-08-19,1905,210,1705,1945,1700,14429409
271,2008-08-20,1910,5,1930,2110,1880,13183583
268,2008-08-21,1730,180,1935,1980,1730,6765972
267,2008-08-22,1675,55,1725,1780,1605,4685942
266,2008-08-25,1690,15,1700,1785,1690,3281376
265,2008-08-26,1700,10,1635,1760,1635,3074496
264,2008-08-27,1610,90,1750,1750,1605,3595573
260,2008-08-28,1500,110,1610,1645,1490,3985738
259,2008-08-29,1725,225,1535,1725,1480,13402295
258,2008-09-01,1700,25,1710,1935,1665,21036325
257,2008-09-02,1445,255,1660,1770,1445,7720400
256,2008-09-03,1230,215,1230,1230,1230,328589
253,2008-09-04,1220,10,1105,1300,1070,20712499
252,2008-09-05,1285,65,1175,1335,1170,11434960
251,2008-09-08,1250,35,1350,1405,1250,12601348
250,2008-09-09,1200,50,1280,1300,1185,7330327
249,2008-09-10,1220,20,1250,1310,1200,11799051
245,2008-09-11,1190,30,1240,1250,1140,4251458
244,2008-09-12,1205,15,1215,1245,1180,5800320
243,2008-09-16,1385,180,1385,1385,1350,8076285
242,2008-09-17,1450,65,1480,1530,1430,17865217
241,2008-09-18,1365,85,1390,1445,1305,7522787
238,2008-09-19,1350,15,1410,1425,1290,5690947
237,2008-09-22,1295,55,1350,1385,1290,4459269
236,2008-09-23,1350,55,1285,1355,1255,3542617
235,2008-09-24,1160,190,1310,1335,1150,12212382
234,2008-09-25,1215,55,1170,1250,1100,7557288
230,2008-09-26,1160,55,1230,1230,1150,3391310
229,2008-09-29,1090,70,1160,1175,1090,2782485
228,2008-09-30,1060,30,960,1080,930,3909348
227,2008-10-01,1030,30,1080,1090,1000,3341447
226,2008-10-02,1070,40,1030,1170,1030,6587506
223,2008-10-06,960,110,1050,1060,930,3022779
222,2008-10-07,960,0,920,960,870,3601430
221,2008-10-08,820,140,895,960,820,2578666
220,2008-10-09,795,25,830,850,770,2410716
219,2008-10-10,705,90,745,750,680,2662622
215,2008-10-13,810,105,720,810,720,3098280
214,2008-10-14,855,45,880,890,845,3492016
213,2008-10-15,875,20,855,890,815,1910981
212,2008-10-16,745,130,790,820,745,1908679
211,2008-10-17,710,35,790,795,650,1699875
208,2008-10-20,695,15,710,740,655,1273652
207,2008-10-21,700,5,710,730,690,1429196
206,2008-10-22,665,35,685,740,600,1621980
205,2008-10-23,580,85,630,630,570,1578916
204,2008-10-24,495,85,600,600,495,1699932
200,2008-10-27,450,45,440,515,425,1276464
199,2008-10-28,515,65,440,515,405,1878179
198,2008-10-29,475,40,565,565,440,2308379
197,2008-10-30,545,70,510,545,490,1988344
196,2008-10-31,600,55,560,625,545,2405438
193,2008-11-03,690,90,660,690,625,1803381
192,2008-11-04,790,100,760,790,685,5112200
191,2008-11-05,905,115,835,905,805,4766729
190,2008-11-06,770,135,820,845,770,3930730
189,2008-11-07,785,15,670,810,655,6079485
185,2008-11-10,780,5,815,830,770,2935590
184,2008-11-11,795,15,750,810,690,3097894
183,2008-11-12,755,40,780,855,755,4272994
182,2008-11-13,690,65,720,720,655,1942922
181,2008-11-14,790,100,735,790,710,5515313
178,2008-11-17,755,35,790,835,735,6946852
177,2008-11-18,780,25,775,835,755,3955620
176,2008-11-19,785,5,800,825,750,5021453
175,2008-11-20,670,115,730,770,670,2453222
174,2008-11-21,710,40,610,730,585,3127819
170,2008-11-24,815,105,715,815,690,6835890
169,2008-11-25,795,20,845,880,770,7307094
168,2008-11-26,815,20,830,870,800,4364944
167,2008-11-27,795,20,835,855,795,3533278
166,2008-11-28,785,10,800,815,775,1996032
163,2008-12-01,790,5,795,835,780,2280465
162,2008-12-02,765,25,720,790,720,2475653
161,2008-12-03,775,10,805,805,760,1694681
160,2008-12-04,890,115,790,890,780,13201641
159,2008-12-05,920,30,920,940,870,9753281
155,2008-12-08,905,15,940,970,900,8193676
154,2008-12-09,915,10,915,955,890,5995635
153,2008-12-10,1050,135,925,1050,920,12816228
152,2008-12-11,1000,50,1030,1040,990,6655285
151,2008-12-12,975,25,985,1035,865,5907138
148,2008-12-15,995,20,970,1045,965,7600174
147,2008-12-16,965,30,995,995,955,3964256
146,2008-12-17,960,5,990,995,955,2179560
145,2008-12-18,940,20,960,965,920,2002996
144,2008-12-19,995,55,940,1025,915,4680123
140,2008-12-22,995,0,1035,1055,985,3992013
139,2008-12-23,955,40,990,990,935,1962725
138,2008-12-24,995,40,945,1005,915,3146431
137,2008-12-26,955,40,995,1020,955,4056779
136,2008-12-29,950,5,970,1045,945,7057220
133,2008-12-30,930,20,970,975,930,2684370
132,2009-01-02,950,20,940,950,910,1713881
131,2009-01-05,930,20,970,970,930,1984183
130,2009-01-06,940,10,930,945,910,2904217
129,2009-01-07,935,5,960,960,930,1773835
125,2009-01-08,920,15,930,945,910,1427610
124,2009-01-09,920,0,930,935,910,1270570
123,2009-01-12,885,35,925,935,880,2135855
122,2009-01-13,855,30,870,875,825,2404108
121,2009-01-14,865,10,855,895,840,3002225
118,2009-01-15,740,125,840,855,740,3075306
117,2009-01-16,785,45,765,785,750,1673339
116,2009-01-19,775,10,785,805,770,1942449
115,2009-01-20,720,55,775,780,710,1816836
114,2009-01-21,730,10,675,805,615,3145850
110,2009-01-22,725,5,750,775,705,3093126
109,2009-01-23,685,40,715,725,680,1383867
108,2009-01-28,715,30,700,745,700,1083944
107,2009-01-29,795,80,730,820,725,8993587
106,2009-01-30,820,25,765,820,750,2794189
103,2009-02-02,815,5,810,860,805,2724367
102,2009-02-03,810,5,815,845,800,1547428
101,2009-02-04,795,15,815,830,795,2266091
100,2009-02-05,780,15,795,800,770,1922977
99,2009-02-06,770,10,795,795,755,1828447
95,2009-02-09,755,15,785,785,745,2317721
94,2009-02-10,765,10,760,775,755,1353352
93,2009-02-11,750,15,740,765,730,1835717
92,2009-02-12,745,5,760,765,740,1379947
91,2009-02-13,735,10,745,750,725,2440272
88,2009-02-16,745,10,735,780,725,3868737
87,2009-02-17,700,45,750,755,690,2494744
86,2009-02-18,690,10,685,700,660,2371070
85,2009-02-19,675,15,690,710,660,1872087
84,2009-02-20,620,55,665,675,580,2954556
80,2009-02-23,670,50,610,695,600,2695436
79,2009-02-24,630,40,630,645,620,1244340
78,2009-02-25,620,10,660,660,615,937104
77,2009-02-26,585,35,625,650,580,1445714
76,2009-02-27,605,20,585,610,580,1083290
73,2009-03-02,565,40,600,600,550,1779594
72,2009-03-03,540,25,525,560,505,2179620
71,2009-03-04,620,80,555,620,535,7147457
70,2009-03-05,620,0,620,620,620,0
69,2009-03-06,620,0,620,620,620,0
65,2009-03-09,620,0,620,620,620,0
64,2009-03-10,620,0,620,620,620,0
63,2009-03-11,620,0,620,620,620,0
62,2009-03-12,620,0,620,620,620,0
61,2009-03-13,620,0,620,620,620,0
58,2009-03-16,620,0,620,620,620,0
57,2009-03-17,620,0,620,620,620,0
56,2009-03-18,620,0,620,620,620,0
55,2009-03-19,620,0,620,620,620,0
54,2009-03-20,620,0,0,0,0,0
50,2009-03-23,620,0,0,0,0,0
49,2009-03-24,620,0,0,0,0,0
48,2009-03-25,620,0,0,0,0,0
47,2009-03-26,620,0,0,0,0,0
46,2009-03-27,620,0,0,0,0,0
43,2009-03-30,620,0,0,0,0,0
42,2009-03-31,620,0,0,0,0,0
41,2009-04-01,620,0,0,0,0,0
40,2009-04-02,620,0,0,0,0,0
39,2009-04-03,620,0,0,0,0,0
35,2009-04-06,620,0,0,0,0,0
34,2009-04-07,620,0,0,0,0,0
33,2009-04-08,620,0,0,0,0,0
32,2009-04-09,620,0,0,0,0,0
31,2009-04-10,620,0,0,0,0,0
28,2009-04-13,620,0,0,0,0,0
27,2009-04-14,620,0,0,0,0,0
26,2009-04-15,620,0,0,0,0,0
25,2009-04-16,620,0,0,0,0,0
24,2009-04-17,620,0,0,0,0,0
20,2009-04-20,620,0,0,0,0,0
19,2009-04-21,620,0,0,0,0,0
18,2009-04-22,620,0,0,0,0,0
17,2009-04-23,620,0,0,0,0,0
16,2009-04-24,620,0,0,0,0,0
13,2009-04-27,620,0,0,0,0,0
12,2009-04-28,620,0,0,0,0,0
11,2009-04-29,620,0,0,0,0,0
10,2009-04-30,60,560,40,60,40,31020798
9,2009-05-04,45,15,55,55,45,12574001
5,2009-05-06,55,10,50,55,50,7935605
4,2009-05-07,50,5,55,55,50,6783241
3,2009-05-08,55,5,55,65,50,8856575
2,2009-05-11,45,10,55,55,45,6458917
