,date,close,diff,open,high,low,volume
448,2019-08-16,4285,85,4305,4360,4235,4854
447,2019-08-19,4280,5,4285,4385,4180,8851
446,2019-08-20,4265,15,4280,4345,4165,9741
445,2019-08-21,4300,35,4265,4300,4255,3047
444,2019-08-22,4285,15,4300,4315,4205,5653
440,2019-08-23,4265,20,4285,4285,4215,1695
439,2019-08-26,4135,130,4255,4255,4135,6859
438,2019-08-27,4145,10,4135,4200,4100,4206
437,2019-08-28,4090,55,4145,4200,4075,29319
436,2019-08-29,4045,45,4145,4145,4035,6919
433,2019-08-30,4110,65,4180,4180,4055,13128
432,2019-09-02,4120,10,4110,4130,4075,3693
431,2019-09-03,4130,10,4120,4170,4115,6195
430,2019-09-04,4180,50,4170,4180,4130,8819
429,2019-09-05,4190,10,4180,4230,4150,13691
425,2019-09-06,4240,50,4210,4245,4195,5246
424,2019-09-09,4250,10,4230,4255,4210,8814
423,2019-09-10,4285,35,4250,4290,4205,10808
422,2019-09-11,4280,5,4285,4285,4205,4914
421,2019-09-16,4295,15,4280,4315,4245,7866
418,2019-09-17,4300,5,4330,4360,4295,10349
417,2019-09-18,4305,5,4360,4360,4265,14117
416,2019-09-19,4340,35,4305,4400,4305,10964
415,2019-09-20,4360,20,4335,4380,4305,8766
414,2019-09-23,4305,55,4370,4395,4295,1695
410,2019-09-24,4290,15,4305,4395,4270,4855
409,2019-09-25,4295,5,4320,4320,4270,4278
408,2019-09-26,4330,35,4360,4360,4270,8571
407,2019-09-27,4345,15,4360,4365,4290,7173
406,2019-09-30,4320,25,4340,4340,4275,4162
403,2019-10-01,4325,5,4320,4345,4255,6650
402,2019-10-02,4340,15,4325,4370,4235,1258
401,2019-10-04,4270,70,4340,4340,4205,13536
400,2019-10-07,4205,65,4205,4310,4195,10640
399,2019-10-08,4260,55,4300,4300,4180,11826
395,2019-10-10,4270,10,4260,4295,4210,12995
394,2019-10-11,4180,90,4270,4310,4140,26788
393,2019-10-14,4220,40,4210,4225,4180,3815
392,2019-10-15,4270,50,4220,4270,4190,4324
391,2019-10-16,4300,30,4340,4370,4225,11562
388,2019-10-17,4250,50,4300,4305,4240,12796
387,2019-10-18,4230,20,4250,4315,4205,22651
386,2019-10-21,4230,0,4285,4285,4150,25562
385,2019-10-22,4200,30,4230,4290,4150,22971
384,2019-10-23,4270,70,4240,4290,4190,33043
380,2019-10-24,4400,130,4225,4640,4225,79285
379,2019-10-25,4405,5,4450,4450,4345,6112
378,2019-10-28,4400,5,4380,4415,4370,8284
377,2019-10-29,4305,95,4370,4425,4305,15830
376,2019-10-30,4240,65,4305,4385,4235,11329
373,2019-10-31,4260,20,4345,4345,4215,5072
372,2019-11-01,4215,45,4240,4275,4180,25158
371,2019-11-04,4200,15,4215,4250,4200,19235
370,2019-11-05,4260,60,4240,4265,4210,21922
369,2019-11-06,4245,15,4270,4315,4215,7065
365,2019-11-07,4365,120,4275,4365,4245,30343
364,2019-11-08,4625,260,4365,4645,4295,91844
363,2019-11-11,4760,135,4625,5080,4550,401633
362,2019-11-12,4590,170,4760,4830,4510,85398
361,2019-11-13,4520,70,4590,4595,4465,38655
358,2019-11-14,4650,130,4520,4660,4470,28691
357,2019-11-15,4675,25,4680,4685,4605,21867
356,2019-11-18,4725,50,4695,4725,4595,21059
355,2019-11-19,4870,145,4735,5020,4685,137691
354,2019-11-20,4710,160,4815,4865,4710,26377
350,2019-11-21,4710,0,4570,4750,4570,29871
349,2019-11-22,4695,15,4790,4790,4505,18558
348,2019-11-25,4660,35,4690,4705,4500,46286
347,2019-11-26,4685,25,4570,4690,4570,14712
346,2019-11-27,4645,40,4675,4675,4615,3361
343,2019-11-28,4595,50,4580,4635,4530,8894
342,2019-11-29,4605,10,4590,4780,4540,14195
341,2019-12-02,4610,5,4570,4755,4570,7560
340,2019-12-03,4520,90,4605,4660,4505,32989
339,2019-12-04,4555,35,4525,4555,4425,10066
335,2019-12-05,4425,130,4550,4550,4300,47568
334,2019-12-06,4470,45,4430,4485,4380,13483
333,2019-12-09,4500,30,4430,4540,4420,19769
332,2019-12-10,4440,60,4540,4540,4425,20264
331,2019-12-11,4535,95,4435,4535,4435,10378
328,2019-12-12,4625,90,4535,4635,4535,31253
327,2019-12-13,4605,20,4645,4645,4515,15957
326,2019-12-16,4620,15,4600,4625,4555,8932
325,2019-12-17,4580,40,4560,4670,4560,10593
324,2019-12-18,4635,55,4550,4635,4510,13144
320,2019-12-19,4615,20,4625,4635,4565,7484
319,2019-12-20,4635,20,4615,4650,4605,19587
318,2019-12-23,4600,35,4600,4640,4600,7536
317,2019-12-24,4585,15,4600,4600,4490,27788
316,2019-12-26,4620,35,4590,4620,4525,14457
313,2019-12-27,4585,35,4615,4615,4545,4024
312,2019-12-30,4575,10,4510,4580,4510,2921
311,2020-01-02,4560,15,4525,4575,4485,5544
310,2020-01-03,4465,95,4500,4560,4360,18838
309,2020-01-06,4380,85,4490,4490,4370,7398
305,2020-01-07,4375,5,4380,4470,4375,6009
304,2020-01-08,4275,100,4415,4415,4220,49579
303,2020-01-09,4520,245,4295,4530,4295,31711
302,2020-01-10,4510,10,4485,4565,4465,2638
301,2020-01-13,4515,5,4520,4530,4455,4315
298,2020-01-14,4525,10,4525,4560,4500,3048
297,2020-01-15,4495,30,4530,4530,4495,447
296,2020-01-16,4520,25,4520,4600,4490,12766
295,2020-01-17,4455,65,4460,4525,4435,15300
294,2020-01-20,4400,55,4480,4480,4355,17098
290,2020-01-21,4445,45,4450,4450,4370,6736
289,2020-01-22,4395,50,4480,4485,4395,4908
288,2020-01-23,4395,0,4395,4430,4375,3706
287,2020-01-28,4310,85,4265,4350,4245,11230
286,2020-01-29,4380,70,4425,4425,4305,7939
283,2020-01-30,4375,5,4375,4375,4260,21396
282,2020-01-31,4610,235,4375,4690,4375,95792
281,2020-02-03,4390,220,4515,4550,4295,49051
280,2020-02-04,5430,1040,4420,5700,4370,3108373
279,2020-02-05,5610,180,5330,5930,5180,2963324
275,2020-02-06,5610,0,5560,5660,5400,554099
274,2020-02-07,5440,170,5530,5800,5410,532416
273,2020-02-10,5500,60,5400,5510,5170,238580
272,2020-02-11,5480,20,5430,5610,5350,166288
271,2020-02-12,5590,110,5480,5640,5480,152622
268,2020-02-13,5540,50,5670,5680,5430,172328
267,2020-02-14,5500,40,5540,5870,5300,455715
266,2020-02-17,5200,300,5460,5480,5030,232236
265,2020-02-18,5100,100,5250,5270,5000,119726
264,2020-02-19,5130,30,5130,5140,4935,98959
260,2020-02-20,5080,50,5220,5230,5030,93836
259,2020-02-21,4940,140,5070,5090,4920,107326
258,2020-02-24,4775,165,4855,4930,4750,74362
257,2020-02-25,4905,130,4775,4950,4745,58853
256,2020-02-26,4890,15,4750,5140,4750,89923
253,2020-02-27,4740,150,4890,5020,4685,37165
252,2020-02-28,4420,320,4590,4650,4320,101916
251,2020-03-02,4560,140,4350,4715,4350,21476
250,2020-03-03,4510,50,4610,4670,4490,40498
249,2020-03-04,4620,110,4510,4620,4480,48095
245,2020-03-05,4700,80,4620,4755,4615,28307
244,2020-03-06,4735,35,4700,4750,4600,12577
243,2020-03-09,4490,245,4735,4735,4490,37123
242,2020-03-10,4435,55,4320,4470,4315,53472
241,2020-03-11,4190,245,4435,4445,4165,61227
238,2020-03-12,3875,315,4175,4240,3845,115548
237,2020-03-13,3525,350,3500,3700,3205,163917
236,2020-03-16,3420,105,3525,3660,3410,76043
235,2020-03-17,3445,25,3230,3500,3210,35611
234,2020-03-18,3240,205,3450,3580,3240,41406
230,2020-03-19,2860,380,3240,3325,2830,41633
229,2020-03-20,2860,0,2955,3070,2700,147041
228,2020-03-23,2590,270,2690,2720,2585,51035
227,2020-03-24,2740,150,2595,2780,2595,41793
226,2020-03-25,2925,185,2810,2940,2755,67216
223,2020-03-26,2970,45,2950,3075,2805,85448
222,2020-03-27,2990,20,3060,3190,2915,57428
221,2020-03-30,3130,140,2825,3145,2825,37319
220,2020-03-31,3200,70,3170,3340,3120,69456
219,2020-04-01,3170,30,3165,3450,3120,42672
215,2020-04-02,3255,85,3170,3370,3050,30001
214,2020-04-03,3305,50,3235,3485,3210,49935
213,2020-04-06,3500,195,3370,3505,3320,77893
212,2020-04-07,3640,140,3580,3720,3465,48267
211,2020-04-08,3610,30,3670,3840,3450,36952
208,2020-04-09,4690,1080,3680,4690,3620,1193326
207,2020-04-10,6090,1400,5500,6090,5210,3984236
206,2020-04-13,5050,1040,6420,6720,4910,4635119
205,2020-04-14,4790,260,5040,5400,4735,2135418
204,2020-04-16,4780,10,4805,5140,4550,1786341
200,2020-04-17,5000,220,4785,5000,4675,689620
199,2020-04-20,4915,85,4900,5040,4845,579720
198,2020-04-21,5420,505,4965,5420,4470,2360204
197,2020-04-22,5140,280,5140,5250,5000,898560
196,2020-04-23,4890,250,5140,5200,4890,524179
193,2020-04-24,4690,200,4805,4870,4550,767485
192,2020-04-27,4870,180,5340,5410,4870,2033320
191,2020-04-28,4800,70,4870,4960,4700,487111
190,2020-04-29,4730,70,4770,4895,4720,281533
189,2020-05-04,4815,85,4695,4960,4675,306102
185,2020-05-06,4880,65,4870,4910,4765,260540
184,2020-05-07,4975,95,4835,5040,4790,285235
183,2020-05-08,4955,20,5030,5090,4905,159165
182,2020-05-11,4930,25,5000,5070,4905,207742
181,2020-05-12,4810,120,4970,4970,4730,169093
178,2020-05-13,5180,370,4805,5310,4730,1186761
177,2020-05-14,5060,120,5060,5190,4950,407208
176,2020-05-15,5120,60,5050,5160,4950,232416
175,2020-05-18,5250,130,5120,5250,5020,363461
174,2020-05-19,5020,230,5300,5310,5000,376200
170,2020-05-20,5030,10,5020,5120,4970,142344
169,2020-05-21,5070,40,5030,5170,4960,150609
168,2020-05-22,5090,20,5030,5380,5010,340801
167,2020-05-25,5020,70,5120,5170,4985,219216
166,2020-05-26,5390,370,5810,6140,5190,2581123
163,2020-05-27,5200,190,5380,5380,5190,318309
162,2020-05-28,5180,20,5250,5330,4990,365203
161,2020-05-29,5090,90,5190,5240,5060,161805
160,2020-06-01,5150,60,5100,5220,5070,117656
159,2020-06-02,5360,210,5150,5360,5120,254322
155,2020-06-03,5500,140,5680,6240,5500,3878544
154,2020-06-04,5420,80,5530,5640,5400,246135
153,2020-06-05,5740,320,5430,5760,5350,381518
152,2020-06-08,5700,40,5750,5790,5580,264686
151,2020-06-09,5600,100,5690,5750,5530,185300
148,2020-06-10,7280,1680,5720,7280,5620,4342712
147,2020-06-11,7090,190,7720,7900,6790,4863647
146,2020-06-12,7010,80,6660,7130,6540,975206
145,2020-06-15,5860,1150,6890,7010,5830,871496
144,2020-06-16,6170,310,6050,6330,6020,410913
140,2020-06-17,6330,160,5970,6540,5970,501251
139,2020-06-18,6430,100,6350,6550,6280,289160
138,2020-06-19,6550,120,6450,6710,6440,270437
137,2020-06-22,6600,50,6650,6740,6280,196352
136,2020-06-23,6790,190,6610,6800,6400,203382
133,2020-06-24,6690,100,6790,6890,6580,155795
132,2020-06-25,6550,140,6570,6880,6350,274964
131,2020-06-26,6420,130,6570,6650,6400,123440
130,2020-06-29,6080,340,6350,6390,6020,121333
129,2020-06-30,6220,140,6160,6350,6050,108957
125,2020-07-01,6060,160,6220,6280,6030,97956
124,2020-07-02,6270,210,6000,6380,5910,131402
123,2020-07-03,6490,220,6590,6880,6250,472910
122,2020-07-06,6390,100,6600,6600,6190,264877
121,2020-07-07,6120,270,6320,6380,6120,102180
118,2020-07-08,6190,70,6090,6190,6010,97325
117,2020-07-09,6130,60,6130,6200,6040,57222
116,2020-07-10,6060,70,6050,6150,5930,86136
115,2020-07-13,6100,40,6020,6200,5910,64280
114,2020-07-14,6100,0,6030,6150,5970,89858
110,2020-07-15,6090,10,6060,6140,5980,65090
109,2020-07-16,5970,120,5980,6060,5950,71508
108,2020-07-17,5970,0,5970,6080,5880,65366
107,2020-07-20,5900,70,5920,5970,5700,85671
106,2020-07-21,6090,190,5920,6110,5820,97432
103,2020-07-22,6240,150,6120,6310,6050,163901
102,2020-07-23,6150,90,6330,6330,6130,103664
101,2020-07-24,6330,180,6120,6730,6110,413028
100,2020-07-27,6320,10,6410,6410,6190,80685
99,2020-07-28,6890,570,6330,6900,6320,635130
95,2020-07-29,6760,130,6720,6950,6600,227944
94,2020-07-30,6610,150,6800,6910,6430,200339
93,2020-07-31,6520,90,6520,6740,6400,147736
92,2020-08-03,6400,120,6710,6710,6400,92615
91,2020-08-04,6670,270,6470,6780,6420,155628
88,2020-08-05,6790,120,6920,6930,6690,188915
87,2020-08-06,7030,240,6810,7330,6730,647726
86,2020-08-07,6850,180,6990,7020,6700,237400
85,2020-08-10,6920,70,6850,6930,6650,97581
84,2020-08-11,6880,40,6920,6970,6720,149573
80,2020-08-12,6560,320,6780,6880,6490,188178
79,2020-08-13,6500,60,6560,6720,6440,108174
78,2020-08-14,6150,350,6340,6470,6100,204813
77,2020-08-18,6040,110,6380,6380,5680,141521
76,2020-08-19,6040,0,6040,6140,5810,102599
73,2020-08-20,5970,70,6040,6100,5630,142608
72,2020-08-21,5900,70,5820,6000,5800,92691
71,2020-08-24,5920,20,5820,6040,5690,92617
70,2020-08-25,6150,230,5940,6260,5940,95843
69,2020-08-26,6290,140,6150,6330,6100,88493
65,2020-08-27,6180,110,6320,6320,6010,67022
64,2020-08-28,6020,160,6180,6180,5650,137829
63,2020-08-31,6020,0,6030,6210,5850,69498
62,2020-09-01,6330,310,6120,6390,5950,155433
61,2020-09-02,6190,140,6290,6330,6060,70615
58,2020-09-03,5990,200,6180,6180,5870,136177
57,2020-09-04,5830,160,5790,5950,5750,117767
56,2020-09-07,6020,190,5960,6100,5850,71510
55,2020-09-08,6150,130,6020,6200,6010,90580
54,2020-09-09,6120,30,6110,6250,6000,50829
50,2020-09-10,6300,180,6120,6430,6120,185811
49,2020-09-11,6210,90,6300,6330,6100,37432
48,2020-09-14,6420,210,6270,6420,6080,179652
47,2020-09-15,6870,450,6700,6950,6470,506459
46,2020-09-16,6600,270,6800,6920,6370,192933
43,2020-09-17,6830,230,6650,6900,6350,228609
42,2020-09-18,6450,380,6700,6850,6440,116147
41,2020-09-21,6510,60,6610,6680,6210,77151
40,2020-09-22,6340,170,6470,6550,6290,75035
39,2020-09-23,6290,50,6300,6400,6000,86769
35,2020-09-24,6030,260,6190,6250,6000,82073
34,2020-09-25,6390,360,6100,6560,6070,172529
33,2020-09-28,6330,60,6460,6550,6290,57840
32,2020-09-29,6230,100,6390,6430,6190,46654
31,2020-10-05,7000,770,6270,7000,6270,803145
28,2020-10-06,7300,300,6930,7300,6790,526539
27,2020-10-07,8100,800,7050,8100,7050,781852
26,2020-10-08,8000,100,8060,8390,7770,982552
25,2020-10-12,8090,90,7920,8270,7830,488042
24,2020-10-13,7720,370,7950,8170,7490,399717
20,2020-10-14,7700,20,8000,8240,7650,462921
19,2020-10-15,7690,10,7050,7970,7050,260925
18,2020-10-16,7200,490,7700,7850,7030,248380
17,2020-10-19,7030,170,7340,7500,6900,282287
16,2020-10-20,6850,180,7030,7200,6750,133190
13,2020-10-21,6710,140,6920,7100,6690,175509
12,2020-10-22,6860,150,6820,7050,6550,201598
11,2020-10-23,6750,110,6860,6940,6500,138624
10,2020-10-26,6450,300,6800,6800,6260,148809
9,2020-10-27,6130,320,6320,6320,6070,175256
5,2020-10-28,6400,270,6120,6420,6110,52961
4,2020-10-29,6480,80,6060,6620,6060,62603
3,2020-10-30,6150,330,6590,6590,6120,76896
2,2020-11-02,6500,350,6120,6530,6100,72150
1,2020-11-03,6700,200,6500,6850,6500,131372
