,date,close,diff,open,high,low,volume
448,2019-08-16,8050,90,7950,8490,7850,140160
447,2019-08-19,8260,210,8250,8340,8010,33404
446,2019-08-20,8320,60,8250,8350,8230,20674
445,2019-08-21,8380,60,8320,8400,8240,15965
444,2019-08-22,8530,150,8260,9000,8260,245032
440,2019-08-23,8310,220,8400,8560,8120,43669
439,2019-08-26,8050,260,7980,8240,7960,40381
438,2019-08-27,8230,180,8090,8440,8090,24345
437,2019-08-28,8170,60,8120,8270,8100,14015
436,2019-08-29,8120,50,8220,8220,8080,8874
433,2019-08-30,8290,170,8170,8380,8170,26224
432,2019-09-02,8340,50,8290,8340,8190,11136
431,2019-09-03,8450,110,8390,8520,8300,24289
430,2019-09-04,8450,0,8580,8580,8310,15426
429,2019-09-05,8500,50,8480,8560,8370,33959
425,2019-09-06,8600,100,8690,8710,8370,37443
424,2019-09-09,8520,80,8600,8810,8390,64984
423,2019-09-10,8870,350,8580,8930,8530,100624
422,2019-09-11,8860,10,8890,9090,8770,58091
421,2019-09-16,9260,400,8950,9330,8920,168000
418,2019-09-17,9100,160,9110,9350,8980,70583
417,2019-09-18,9110,10,9070,9180,8830,65729
416,2019-09-19,9040,70,9250,9250,9030,22165
415,2019-09-20,9000,40,9110,9120,8890,33758
414,2019-09-23,9100,100,9130,9150,8980,41190
410,2019-09-24,9050,50,9010,9150,8910,19800
409,2019-09-25,8500,550,9050,9050,8490,78113
408,2019-09-26,8460,40,8600,8760,8110,56401
407,2019-09-27,8430,30,8460,8500,8290,20150
406,2019-09-30,8490,60,8470,8490,8250,21382
403,2019-10-01,8500,10,8530,8620,8430,18804
402,2019-10-02,8450,50,8720,8740,8270,44701
401,2019-10-04,8440,10,8320,8540,8300,21637
400,2019-10-07,8040,400,8030,8200,7850,77166
399,2019-10-08,8130,90,7980,8190,7950,30223
395,2019-10-10,8100,30,8000,8160,7970,22518
394,2019-10-11,7940,160,8030,8100,7940,16111
393,2019-10-14,8170,230,8000,8280,7960,41524
392,2019-10-15,8050,120,8130,8250,8000,24267
391,2019-10-16,8200,150,8100,8230,8070,41132
388,2019-10-17,8250,50,8210,8450,8160,32824
387,2019-10-18,8290,40,8500,8500,8260,40149
386,2019-10-21,8250,40,8370,8370,8180,30929
385,2019-10-22,8300,50,8210,8330,8210,23179
384,2019-10-23,8120,180,8290,8290,8040,60869
380,2019-10-24,8110,10,8070,8290,8000,40806
379,2019-10-25,8090,20,8110,8110,7950,29696
378,2019-10-28,8090,0,8130,8280,8070,30737
377,2019-10-29,8400,310,8090,8460,8090,81622
376,2019-10-30,8210,190,8340,8450,8210,30785
373,2019-10-31,8240,30,8210,8300,8010,37259
372,2019-11-01,8210,30,8230,8270,8140,13957
371,2019-11-04,9690,1480,8250,9960,8230,780560
370,2019-11-05,9280,410,9440,9570,9200,269189
369,2019-11-06,9780,500,9360,10950,9290,1477269
365,2019-11-07,10500,720,9780,10700,9680,655767
364,2019-11-08,11300,800,10450,12250,10300,2045780
363,2019-11-11,13100,1800,11400,14100,11350,5726703
362,2019-11-12,12500,600,13100,14300,12100,4566836
361,2019-11-13,13100,600,12650,14000,12400,2260593
358,2019-11-14,13250,150,12900,13400,12800,603103
357,2019-11-15,12900,350,13050,13900,12750,769588
356,2019-11-18,13000,100,13300,13300,12650,410980
355,2019-11-19,13350,350,12800,14500,12800,2392826
354,2019-11-20,13900,550,13350,13900,13100,695301
350,2019-11-21,14050,150,13900,14550,13700,1055606
349,2019-11-22,14250,200,14050,14450,13550,633643
348,2019-11-25,14300,50,14250,14450,13900,544451
347,2019-11-26,15600,1300,14600,16450,14400,2755124
346,2019-11-27,15450,150,15650,16800,15000,1559742
343,2019-11-28,16500,1050,15650,16500,15350,827546
342,2019-11-29,14850,1650,16800,17300,13950,1302399
341,2019-12-02,14300,550,14950,15200,13550,998958
340,2019-12-03,14650,350,14350,15100,13750,470267
339,2019-12-04,13700,950,14350,14750,13200,422313
335,2019-12-05,12600,1100,13550,13650,12350,589442
334,2019-12-06,13100,500,12600,13350,12600,430243
333,2019-12-09,15500,2400,13500,15750,13300,3184758
332,2019-12-10,15950,450,15400,15950,15000,910074
331,2019-12-11,15550,400,16400,16400,15500,491161
328,2019-12-12,15000,550,15800,15800,14800,338006
327,2019-12-13,16850,1850,14700,17400,14500,1401755
326,2019-12-16,16100,750,16700,17100,16050,657115
325,2019-12-17,16850,750,16150,17900,15950,2757456
324,2019-12-18,15550,1300,16900,17350,15250,1435249
320,2019-12-19,15400,150,15600,15850,15150,564095
319,2019-12-20,15400,0,15400,16350,15250,830526
318,2019-12-23,14350,1050,15350,15450,14050,679315
317,2019-12-24,14550,200,14350,15100,14200,420112
316,2019-12-26,15850,1300,14850,16650,14850,1768162
313,2019-12-27,15850,0,15950,16300,15750,449178
312,2019-12-30,16100,250,15950,16250,15650,458407
311,2020-01-02,16600,500,16550,16650,15800,602422
310,2020-01-03,16650,50,16600,16750,16250,407934
309,2020-01-06,15900,750,16300,16500,15850,391470
305,2020-01-07,16150,250,16150,16700,15800,453648
304,2020-01-08,15350,800,15900,16300,14400,1086293
303,2020-01-09,16300,950,15950,16400,15750,491773
302,2020-01-10,16300,0,16450,16500,16100,231046
301,2020-01-13,18300,2000,16500,18400,16300,2056765
298,2020-01-14,17200,1100,17800,17950,16800,1326470
297,2020-01-15,17000,200,17250,18550,16650,2019680
296,2020-01-16,16850,150,17150,17450,16000,799469
295,2020-01-17,16600,250,16800,17150,16400,366854
294,2020-01-20,15950,650,16650,16750,15750,432073
290,2020-01-21,15700,250,15750,16250,15550,322645
289,2020-01-22,16150,450,15750,16300,15600,343175
288,2020-01-23,15800,350,16500,16600,15650,369895
287,2020-01-28,15000,800,14850,15400,14600,357459
286,2020-01-29,15150,150,15250,15450,15000,271207
283,2020-01-30,14550,600,14950,15100,14100,376960
282,2020-01-31,13900,650,14550,14900,13800,418845
281,2020-02-03,15050,1150,13500,15100,13450,570841
280,2020-02-04,15350,300,15050,15650,14800,377226
279,2020-02-05,15250,100,15450,15650,15000,160147
275,2020-02-06,15600,350,15500,15750,15300,215477
274,2020-02-07,16250,650,15800,16300,15350,323977
273,2020-02-10,16300,50,16300,16600,16050,354805
272,2020-02-11,16050,250,16300,16450,15850,237085
271,2020-02-12,15700,350,16050,16200,15650,216385
268,2020-02-13,15050,650,15650,15900,14800,308692
267,2020-02-14,14950,100,15050,15300,14650,148596
266,2020-02-17,14700,250,15050,15100,14550,145714
265,2020-02-18,15000,300,14650,15650,14650,299559
264,2020-02-19,14750,250,15150,15150,14300,189023
260,2020-02-20,14200,550,14750,14950,14100,225206
259,2020-02-21,13600,600,13950,14400,13500,333049
258,2020-02-24,12700,900,13050,13300,12600,324088
257,2020-02-25,13700,1000,12700,14050,12700,791623
256,2020-02-26,13600,100,13300,13800,13000,281442
253,2020-02-27,12900,700,13600,13750,12750,240920
252,2020-02-28,12500,400,12600,13200,12400,301564
251,2020-03-02,13150,650,12500,13250,12350,283894
250,2020-03-03,12900,250,13700,13700,12900,188545
249,2020-03-04,14000,1100,12900,14000,12900,333938
245,2020-03-05,14000,0,13950,14150,13700,224731
244,2020-03-06,13700,300,13850,14100,13400,194809
243,2020-03-09,13200,500,13300,13650,13050,222759
242,2020-03-10,14100,900,13100,14400,13000,727176
241,2020-03-11,13350,750,13950,14100,13050,461290
238,2020-03-12,12900,450,13200,13550,12550,388698
237,2020-03-13,11150,1750,11500,12000,9930,1160717
236,2020-03-16,10500,650,11250,11950,10500,732904
235,2020-03-17,11400,900,9600,11500,9550,794118
234,2020-03-18,10150,1250,11600,11950,10050,633741
230,2020-03-19,9260,890,10800,10900,8760,984704
229,2020-03-20,9870,610,9460,9930,9200,678092
228,2020-03-23,9100,770,9250,9550,8880,521911
227,2020-03-24,10200,1100,9400,10250,9310,572153
226,2020-03-25,10450,250,10600,10750,10000,600836
223,2020-03-26,11650,1200,10650,12600,10300,1060198
222,2020-03-27,13950,2300,12450,13950,11250,1052355
221,2020-03-30,15000,1050,13450,15350,13250,1184842
220,2020-03-31,15000,0,15150,15550,14450,676428
219,2020-04-01,14400,600,15250,15500,14100,542696
215,2020-04-02,14300,100,14500,14700,13550,587607
214,2020-04-03,14950,650,14500,15650,14000,1265533
213,2020-04-06,15150,200,15550,16000,14800,1330808
212,2020-04-07,14300,850,15550,15550,14000,805318
211,2020-04-08,13300,1000,14400,14400,13100,969884
208,2020-04-09,13400,100,13200,13600,12900,627677
207,2020-04-10,12500,900,13650,13750,12250,819387
206,2020-04-13,12200,300,12450,13050,12100,518555
205,2020-04-14,13900,1700,12500,13900,12350,984783
204,2020-04-16,14250,350,14200,14400,13100,1150395
200,2020-04-17,13550,700,14050,14050,13400,633998
199,2020-04-20,13600,50,13500,14250,13300,727716
198,2020-04-21,14550,950,13300,15750,13050,3245612
197,2020-04-22,15650,1100,14400,15700,13850,1558602
196,2020-04-23,14700,950,15100,15350,14650,814832
193,2020-04-24,13700,1000,14350,14750,13650,470047
192,2020-04-27,13700,0,13900,14200,13700,240361
191,2020-04-28,14250,550,13950,14600,13750,511630
190,2020-04-29,14450,200,14350,15050,14050,659105
189,2020-05-04,14650,200,14300,14950,14200,343599
185,2020-05-06,14850,200,14900,15000,14700,390724
184,2020-05-07,14900,50,14850,14950,14550,274158
183,2020-05-08,14550,350,14850,15000,14550,235547
182,2020-05-11,13900,650,14550,14600,13900,323695
181,2020-05-12,13550,350,13850,14000,13250,247609
178,2020-05-13,13800,250,13500,13800,13350,140814
177,2020-05-14,13450,350,13550,13950,13450,151333
176,2020-05-15,13600,150,13650,13850,13000,197068
175,2020-05-18,13700,100,13600,13900,13350,141129
174,2020-05-19,14300,600,13750,14400,13500,273090
170,2020-05-20,14200,100,14350,14750,14050,294017
169,2020-05-21,14150,50,14350,14350,14000,108753
168,2020-05-22,14300,150,14200,14700,14050,360726
167,2020-05-25,14300,0,14300,14550,14200,150130
166,2020-05-26,14300,0,14350,14800,14200,279947
163,2020-05-27,15750,1450,14450,16200,14400,1746453
162,2020-05-28,15150,600,15800,15950,14800,766703
161,2020-05-29,16650,1500,15000,17000,14950,2138508
160,2020-06-01,17650,1000,16800,17800,16550,1173330
159,2020-06-02,17450,200,17550,17900,17100,465957
155,2020-06-03,17400,50,17350,18050,17150,514131
154,2020-06-04,17000,400,17650,17950,16600,464039
153,2020-06-05,17200,200,16850,17250,16800,228648
152,2020-06-08,16900,300,17200,17400,16850,221561
151,2020-06-09,16400,500,16750,16950,16100,370410
148,2020-06-10,15850,550,16200,16300,15700,268272
147,2020-06-11,15950,100,16000,16350,15700,262461
146,2020-06-12,15600,350,15100,15950,14850,379553
145,2020-06-15,14400,1200,15550,16300,14400,350383
144,2020-06-16,15550,1150,15000,15600,14850,249264
140,2020-06-17,15200,350,15350,15900,14900,302100
139,2020-06-18,15900,700,15150,16200,15050,343413
138,2020-06-19,16350,450,15850,16550,15700,282996
137,2020-06-22,16300,50,16150,16500,15900,184981
136,2020-06-23,15750,550,16400,16400,15350,219949
133,2020-06-24,16800,1050,16100,16850,15700,517413
132,2020-06-25,16150,650,16200,16550,15950,267944
131,2020-06-26,16700,550,16300,17050,16000,434031
130,2020-06-29,16850,150,16700,17450,16600,638983
129,2020-06-30,16750,100,17200,17300,16350,337030
125,2020-07-01,16450,300,16900,17400,16450,333043
124,2020-07-02,17300,850,16650,17500,16600,349477
123,2020-07-03,17050,250,17500,17550,16800,291576
122,2020-07-06,16650,400,17200,17300,16600,273433
121,2020-07-07,16100,550,16750,16900,15900,373098
118,2020-07-08,15850,250,16500,16700,15850,294621
117,2020-07-09,15650,200,16000,16100,15650,163559
116,2020-07-10,15600,50,15800,15950,15350,168628
115,2020-07-13,15600,0,15600,15700,15400,104776
114,2020-07-14,15900,300,15550,16200,15450,178351
110,2020-07-15,16250,350,15900,16300,15700,185210
109,2020-07-16,15800,450,16150,16250,15600,346871
108,2020-07-17,15750,50,15800,16200,15750,130176
107,2020-07-20,15150,600,15800,15900,14800,289962
106,2020-07-21,15150,0,15100,15200,14900,131884
103,2020-07-22,14800,350,15150,15150,14650,160566
102,2020-07-23,14750,50,14750,14850,14550,129115
101,2020-07-24,14600,150,14550,14900,14350,144678
100,2020-07-27,14850,250,14750,15200,14700,140384
99,2020-07-28,14750,100,15000,15050,14700,61840
95,2020-07-29,15250,500,14650,15300,14600,145950
94,2020-07-30,15300,50,15250,15350,15000,100892
93,2020-07-31,15150,150,15300,15400,15050,109201
92,2020-08-03,15100,50,15150,15300,15000,90720
91,2020-08-04,15850,750,15100,16200,15100,275386
88,2020-08-05,15600,250,15850,16000,15400,141070
87,2020-08-06,14900,700,15700,15700,14700,259148
86,2020-08-07,14700,200,14850,15150,14550,125949
85,2020-08-10,14750,50,14900,15000,14500,134928
84,2020-08-11,15550,800,14950,15550,14900,291307
80,2020-08-12,15000,550,15400,15400,14800,167638
79,2020-08-13,15350,350,15000,15650,14750,230475
78,2020-08-14,14600,750,15550,15550,14450,299641
77,2020-08-18,13200,1400,14500,14500,12800,324285
76,2020-08-19,13450,250,13100,13600,12850,203677
73,2020-08-20,12650,800,13300,13600,12550,234603
72,2020-08-21,13850,1200,12700,14350,12150,286868
71,2020-08-24,14100,250,13450,14100,13250,135570
70,2020-08-25,14150,50,14150,14200,13850,98777
69,2020-08-26,14250,100,14100,14250,13700,86426
65,2020-08-27,13750,500,14100,14150,13600,101356
64,2020-08-28,14100,350,13800,14450,13700,177102
63,2020-08-31,13750,350,14500,14650,13700,144359
62,2020-09-01,13700,50,13900,13950,13500,97707
61,2020-09-02,13550,150,13750,13900,13350,129746
58,2020-09-03,13500,50,13450,13650,13400,76262
57,2020-09-04,13450,50,12950,13450,12800,97057
56,2020-09-07,13600,150,13400,13850,13250,90337
55,2020-09-08,13450,150,13750,13800,13300,59006
54,2020-09-09,14050,600,13250,14200,13250,174135
50,2020-09-10,14100,50,14200,14300,13850,162218
49,2020-09-11,13950,150,14000,14200,13700,162691
48,2020-09-14,13850,100,13950,14050,13700,91518
47,2020-09-15,13800,50,13850,13950,13700,55150
46,2020-09-16,13900,100,13950,14150,13750,99994
43,2020-09-17,13500,400,13950,13950,13400,101489
42,2020-09-18,13800,300,13500,13900,13350,95713
41,2020-09-21,13900,100,13800,14500,13700,90566
40,2020-09-22,13400,500,13800,13950,13250,101932
39,2020-09-23,13250,150,13500,13500,13050,79990
35,2020-09-24,12600,650,13000,13200,12500,118456
34,2020-09-25,12700,100,12650,12850,12300,54887
33,2020-09-28,13000,300,12750,13050,12750,47519
32,2020-09-29,13300,300,13000,13500,12950,56411
31,2020-10-05,13350,50,13300,13400,13000,45591
28,2020-10-06,13350,0,13350,13550,13150,50133
27,2020-10-07,13400,50,13150,13400,13000,50416
26,2020-10-08,13400,0,13400,13550,13350,32351
25,2020-10-12,13050,350,13300,13350,13000,63618
24,2020-10-13,13350,300,13050,13450,12800,111286
20,2020-10-14,13300,50,13300,13450,13200,58918
19,2020-10-15,13250,50,13250,13350,12900,51468
18,2020-10-16,13200,50,13300,13350,12900,79626
17,2020-10-19,12850,350,13100,13200,12800,62381
16,2020-10-20,12750,100,12700,12900,12500,54545
13,2020-10-21,13050,300,12800,13100,12600,53110
12,2020-10-22,12850,200,13100,13100,12750,31187
11,2020-10-23,12700,150,13100,13100,12600,45954
10,2020-10-26,11900,800,12550,12600,11800,92626
9,2020-10-27,11600,300,11700,12050,11050,154404
5,2020-10-28,11700,100,11550,11800,11450,64745
4,2020-10-29,11700,0,11350,11750,11200,70308
3,2020-10-30,11400,300,11600,11700,11250,50092
2,2020-11-02,11700,300,11300,11750,11300,36151
1,2020-11-03,11500,200,11700,11900,11450,52238
