,date,close,diff,open,high,low,volume
448,2019-08-16,4225,85,4130,4290,4025,41379
447,2019-08-19,4285,60,4225,4360,4225,53963
446,2019-08-20,4550,265,4360,4550,4295,122372
445,2019-08-21,4380,170,4545,4600,4350,54247
444,2019-08-22,4715,335,4420,4745,4350,147078
440,2019-08-23,4730,15,4630,4795,4580,68419
439,2019-08-26,4680,50,4555,4830,4535,31368
438,2019-08-27,4650,30,4680,4800,4580,27860
437,2019-08-28,4490,160,4580,4765,4490,148023
436,2019-08-29,4830,340,4520,4830,4445,78239
433,2019-08-30,5260,430,4830,5380,4800,648113
432,2019-09-02,5360,100,5220,5460,5180,256531
431,2019-09-03,4960,400,5370,5480,4600,277876
430,2019-09-04,5130,170,4860,5130,4500,200352
429,2019-09-05,4880,250,5190,5190,4865,91754
425,2019-09-06,4870,10,4830,5130,4780,76074
424,2019-09-09,5630,760,4825,5800,4825,802863
423,2019-09-10,4600,1030,5560,5630,4570,820631
422,2019-09-11,5040,440,4600,5540,4600,506672
421,2019-09-16,5060,20,5040,5350,4995,142635
418,2019-09-17,5230,170,5060,5260,4905,79014
417,2019-09-18,5080,150,5150,5290,5010,42431
416,2019-09-19,5140,60,5030,5300,5000,71057
415,2019-09-20,6150,1010,5070,6490,5000,1951960
414,2019-09-23,7200,1050,6570,7460,6530,2467400
410,2019-09-24,7130,70,7020,7580,6570,949457
409,2019-09-25,5400,1730,6980,7470,5270,1460571
408,2019-09-26,6130,730,5650,6870,5340,3138030
407,2019-09-27,5650,480,6020,6490,5490,599866
406,2019-09-30,5110,540,5410,5580,4705,752363
403,2019-10-01,5120,10,5080,5490,4800,982043
402,2019-10-02,4950,170,5070,5800,4880,1302257
401,2019-10-04,4770,180,4980,5000,4760,227822
400,2019-10-07,4510,260,4845,4845,4380,373315
399,2019-10-08,4515,5,4585,4650,4400,134424
395,2019-10-10,4530,15,4415,4665,4400,162828
394,2019-10-11,4630,100,4530,4750,4400,135131
393,2019-10-14,4460,170,4650,4680,4425,204351
392,2019-10-15,4300,160,4490,4490,4250,238666
391,2019-10-16,4260,40,4310,4550,4175,401959
388,2019-10-17,4540,280,4270,4580,4235,336375
387,2019-10-18,4610,70,4535,4610,4475,133601
386,2019-10-21,4660,50,4680,4700,4480,215396
385,2019-10-22,4530,130,4660,4775,4490,160982
384,2019-10-23,4240,290,4525,4525,4100,262066
380,2019-10-24,4310,70,4275,4430,4195,150377
379,2019-10-25,4480,170,4320,4570,4300,147159
378,2019-10-28,4645,165,4530,4730,4495,116355
377,2019-10-29,4890,245,4590,4900,4590,176315
376,2019-10-30,4875,15,4880,5020,4730,142665
373,2019-10-31,5090,215,4860,5400,4860,531254
372,2019-11-01,5710,620,5050,5850,5050,961024
371,2019-11-04,5290,420,5680,5680,5120,573157
370,2019-11-05,5070,220,5280,5330,4940,263302
369,2019-11-06,4835,235,5070,5180,4820,183382
365,2019-11-07,4700,135,4835,4945,4640,146605
364,2019-11-08,5060,360,4745,5090,4710,188515
363,2019-11-11,5120,60,5060,5370,4870,482007
362,2019-11-12,5230,110,5130,5250,4960,159486
361,2019-11-13,5100,130,5200,5360,5000,280044
358,2019-11-14,5400,300,5110,5500,5100,429799
357,2019-11-15,5400,0,5380,5510,5240,171490
356,2019-11-18,5130,270,5400,5430,4910,254481
355,2019-11-19,5470,340,5130,5540,4890,350803
354,2019-11-20,5070,400,5260,5370,5010,282076
350,2019-11-21,5000,70,5040,5150,4940,94493
349,2019-11-22,5090,90,5000,5250,4865,154806
348,2019-11-25,5270,180,5090,5350,5070,166268
347,2019-11-26,5270,0,5270,5330,5090,88879
346,2019-11-27,5310,40,5240,5420,5190,84778
343,2019-11-28,5130,180,5220,5300,5070,60041
342,2019-11-29,5110,20,5080,5180,5010,82287
341,2019-12-02,4960,150,5110,5240,4905,85456
340,2019-12-03,5090,130,4965,5130,4865,55421
339,2019-12-04,5060,30,5070,5090,4940,38561
335,2019-12-05,4905,155,5070,5140,4800,71617
334,2019-12-06,4605,300,4880,4950,4515,85851
333,2019-12-09,4630,25,4750,4790,4475,63846
332,2019-12-10,4500,130,4630,4670,4400,107078
331,2019-12-11,4395,105,4540,4540,4300,71671
328,2019-12-12,4440,45,4395,4520,4315,77892
327,2019-12-13,4310,130,4540,4540,4210,87769
326,2019-12-16,4245,65,4310,4310,4200,29236
325,2019-12-17,4245,0,0,0,0,0
324,2019-12-18,4245,0,0,0,0,0
320,2019-12-19,4245,0,0,0,0,0
319,2019-12-20,4245,0,0,0,0,0
318,2019-12-23,4245,0,0,0,0,0
317,2019-12-24,4245,0,0,0,0,0
316,2019-12-26,4245,0,0,0,0,0
313,2019-12-27,4245,0,0,0,0,0
312,2019-12-30,4245,0,0,0,0,0
311,2020-01-02,4245,0,0,0,0,0
310,2020-01-03,4245,0,0,0,0,0
309,2020-01-06,4245,0,0,0,0,0
305,2020-01-07,4245,0,0,0,0,0
304,2020-01-08,4245,0,0,0,0,0
303,2020-01-09,4245,0,0,0,0,0
302,2020-01-10,4245,0,0,0,0,0
301,2020-01-13,4245,0,0,0,0,0
298,2020-01-14,4245,0,0,0,0,0
297,2020-01-15,4245,0,0,0,0,0
296,2020-01-16,4245,0,0,0,0,0
295,2020-01-17,4245,0,0,0,0,0
294,2020-01-20,4245,0,0,0,0,0
290,2020-01-21,4245,0,0,0,0,0
289,2020-01-22,4245,0,0,0,0,0
288,2020-01-23,4245,0,0,0,0,0
287,2020-01-28,4245,0,0,0,0,0
286,2020-01-29,4245,0,0,0,0,0
283,2020-01-30,4245,0,0,0,0,0
282,2020-01-31,4245,0,0,0,0,0
281,2020-02-03,5430,1250,4180,5430,3900,1682569
280,2020-02-04,6000,570,5850,6300,5500,3110049
279,2020-02-05,6100,100,5850,6250,5650,538651
275,2020-02-06,6190,90,5970,6430,5890,242504
274,2020-02-07,6700,510,6330,6900,6000,476758
273,2020-02-10,6180,520,7300,7350,6180,321531
272,2020-02-11,5900,280,6230,6230,5730,135522
271,2020-02-12,5690,210,5920,5940,5610,112163
268,2020-02-13,6900,1210,5700,7320,5200,1360935
267,2020-02-14,6400,500,6700,6800,6230,355729
266,2020-02-17,6500,100,6330,6780,6090,177658
265,2020-02-18,6660,160,6340,6740,6340,67026
264,2020-02-19,7010,350,6670,7250,6480,330169
260,2020-02-20,6290,720,7000,7000,6120,163241
259,2020-02-21,6200,90,5950,6400,5940,74475
258,2020-02-24,6400,200,5900,6620,5810,140948
257,2020-02-25,6630,230,6400,6660,6200,61331
256,2020-02-26,7290,660,6620,7500,6480,484628
253,2020-02-27,7290,0,7290,7390,6860,105953
252,2020-02-28,6990,300,7100,7200,6760,86501
251,2020-03-02,7250,260,6880,7250,6600,46522
250,2020-03-03,7080,170,7390,7440,7080,30538
249,2020-03-04,7070,10,6950,7170,6830,42856
245,2020-03-05,6880,190,7070,7200,6790,68412
244,2020-03-06,6600,280,6860,7100,6500,38387
243,2020-03-09,6280,320,6590,6690,5940,73247
242,2020-03-10,6130,150,6200,6300,5870,48189
241,2020-03-11,5990,140,6130,6150,5810,29785
238,2020-03-12,5780,210,5920,6080,5460,43126
237,2020-03-13,4915,865,5680,5680,4390,92162
236,2020-03-16,4665,250,4995,5150,4600,78770
235,2020-03-17,4970,305,4370,5100,4290,62933
234,2020-03-18,4800,170,4970,5240,4690,16050
230,2020-03-19,3950,850,5070,5080,3715,49709
229,2020-03-20,4060,110,3750,4180,3660,82992
228,2020-03-23,3705,355,3700,4040,3505,26935
227,2020-03-24,3900,195,4050,4050,3660,19793
226,2020-03-25,4210,310,4100,4285,3935,38882
223,2020-03-26,4220,10,4215,4390,4000,28791
222,2020-03-27,4210,10,4200,4475,4010,30554
221,2020-03-30,4485,275,4210,4540,4125,25532
220,2020-03-31,4670,185,4400,4725,4400,47258
219,2020-04-01,4600,70,4700,4850,4515,32020
215,2020-04-02,4770,170,4600,4770,4505,8562
214,2020-04-03,4750,20,4800,4805,4420,12216
213,2020-04-06,4760,10,4750,4890,4505,34872
212,2020-04-07,4760,0,0,0,0,0
211,2020-04-08,4805,45,5200,5200,4505,64167
208,2020-04-09,5150,345,6180,6180,4970,157915
207,2020-04-10,5170,20,5300,5300,4700,31296
206,2020-04-13,5140,30,5200,5490,4890,40466
205,2020-04-14,5140,0,5180,5180,4960,12841
204,2020-04-16,5040,100,5140,5290,4945,19753
200,2020-04-17,5100,60,5040,5180,4985,28003
199,2020-04-20,5040,60,5100,5390,5030,12811
198,2020-04-21,4990,50,5060,5120,4630,14506
197,2020-04-22,4990,0,4790,5000,4760,6441
196,2020-04-23,4940,50,5000,5100,4905,7327
193,2020-04-24,4990,50,4940,5340,4940,21383
192,2020-04-27,4990,0,4990,5200,4910,19547
191,2020-04-28,4950,40,4995,5290,4820,26057
190,2020-04-29,4825,125,4950,4995,4790,18218
189,2020-05-04,4815,10,4825,4825,4685,15559
185,2020-05-06,4875,60,4785,5090,4775,14985
184,2020-05-07,4990,115,4885,5150,4850,26266
183,2020-05-08,5070,80,5010,5180,4970,32279
182,2020-05-11,5170,100,5070,5240,5030,24571
181,2020-05-12,5190,20,5170,5310,5030,18536
178,2020-05-13,5190,0,5180,5190,5050,7438
177,2020-05-14,5020,170,5190,5230,5000,12835
176,2020-05-15,5060,40,5000,5140,4965,14253
175,2020-05-18,4970,90,5010,5040,4785,8208
174,2020-05-19,4995,25,4970,5040,4950,7888
170,2020-05-20,5100,105,4995,5100,4945,11420
169,2020-05-21,5040,60,5090,5090,4970,14540
168,2020-05-22,4925,115,5030,5030,4925,9097
167,2020-05-25,5150,225,4925,5150,4925,10391
166,2020-05-26,5140,10,5160,5280,5030,12270
163,2020-05-27,5080,60,5130,5260,5010,32906
162,2020-05-28,5100,20,5080,5140,4970,17741
161,2020-05-29,5260,160,5040,6050,5000,156171
160,2020-06-01,5360,100,5260,5600,5260,34412
159,2020-06-02,5400,40,5360,5550,5260,22220
155,2020-06-03,5300,100,5400,5510,5220,17200
154,2020-06-04,5400,100,5300,5440,5240,23265
153,2020-06-05,5310,90,5390,5470,5260,17976
152,2020-06-08,5250,60,5300,5350,5110,21227
151,2020-06-09,5150,100,5260,5350,5150,13136
148,2020-06-10,5080,70,5170,5260,5070,13903
147,2020-06-11,5020,60,5070,5070,4985,14568
146,2020-06-12,5000,20,4715,5000,4700,8672
145,2020-06-15,4510,490,4900,4935,4510,16855
144,2020-06-16,4800,290,4510,5050,4435,20495
140,2020-06-17,4755,45,4750,5030,4650,10596
139,2020-06-18,4765,10,4755,4815,4650,5033
138,2020-06-19,4990,225,4750,4990,4680,9152
137,2020-06-22,4870,120,4980,4980,4810,5786
136,2020-06-23,4750,120,4870,4915,4740,5982
133,2020-06-24,4850,100,4750,4900,4655,7233
132,2020-06-25,4820,30,4845,4845,4505,5836
131,2020-06-26,4720,100,4760,4900,4705,5606
130,2020-06-29,4725,5,4700,4725,4625,2461
129,2020-06-30,4655,70,4665,4725,4625,4850
125,2020-07-01,4515,140,4625,4645,4500,7985
124,2020-07-02,4740,225,4485,4740,4485,5983
123,2020-07-03,4755,15,4740,4795,4670,1724
122,2020-07-06,4725,30,4760,4785,4670,2820
121,2020-07-07,4690,35,4720,4720,4645,7731
118,2020-07-08,4760,70,4650,4770,4615,5180
117,2020-07-09,4780,20,4760,4780,4670,6201
116,2020-07-10,4685,95,4780,4780,4685,3652
115,2020-07-13,4740,55,4685,4750,4610,2678
114,2020-07-14,4610,130,4680,4740,4505,14723
110,2020-07-15,4725,115,4600,4810,4530,7936
109,2020-07-16,4700,25,4670,4725,4640,6789
108,2020-07-17,4600,100,4630,4705,4600,11821
107,2020-07-20,4695,95,4600,4695,4555,4188
106,2020-07-21,4600,95,4695,4695,4600,8625
103,2020-07-22,4600,0,4600,4625,4525,12568
102,2020-07-23,4535,65,4555,4595,4525,4977
101,2020-07-24,4585,50,4590,4710,4515,7127
100,2020-07-27,4520,65,4540,4570,4515,7091
99,2020-07-28,4470,50,4520,4560,4455,21349
95,2020-07-29,4395,75,4400,4465,4395,9159
94,2020-07-30,4390,5,4350,4435,4260,17055
93,2020-07-31,4400,10,4390,4450,4330,13843
92,2020-08-03,4350,50,4400,4400,4215,12240
91,2020-08-04,4650,300,4295,5250,4150,65701
88,2020-08-05,4535,115,4650,4650,4475,10081
87,2020-08-06,4480,55,4535,4535,4410,6396
86,2020-08-07,4505,25,4475,4620,4430,8595
85,2020-08-10,4470,35,4505,4505,4400,11066
84,2020-08-11,4535,65,4470,4560,4465,14529
80,2020-08-12,4460,75,4765,4800,4410,31904
79,2020-08-13,4435,25,4420,4505,4420,8068
78,2020-08-14,4415,20,4430,4465,4415,8807
77,2020-08-18,4340,75,4315,4405,4225,15735
76,2020-08-19,4245,95,4275,4335,4210,15401
73,2020-08-20,4005,240,4245,4250,4005,14353
72,2020-08-21,4035,30,4005,4175,3955,11732
71,2020-08-24,4050,15,4035,4160,4005,8666
70,2020-08-25,4200,150,4060,4300,4060,8040
69,2020-08-26,4395,195,4350,4395,4225,19847
65,2020-08-27,4400,5,4490,4490,4260,11838
64,2020-08-28,4485,85,4400,4595,4335,16007
63,2020-08-31,4530,45,4490,4620,4330,10315
62,2020-09-01,4545,15,4450,4550,4355,13151
61,2020-09-02,4575,30,4545,4665,4385,23873
58,2020-09-03,4540,35,4570,4580,4460,10961
57,2020-09-04,4680,140,4520,4800,4420,10911
56,2020-09-07,4700,20,4665,4720,4535,23760
55,2020-09-08,4645,55,4700,4700,4585,6804
54,2020-09-09,4640,5,4645,4645,4525,3525
50,2020-09-10,4545,95,4630,4640,4520,6540
49,2020-09-11,4650,105,4545,4660,4510,5626
48,2020-09-14,4730,80,4635,4750,4610,3601
47,2020-09-15,4735,5,4730,4750,4695,4323
46,2020-09-16,4740,5,4735,4740,4650,8427
43,2020-09-17,4685,55,4740,4850,4660,5288
42,2020-09-18,4555,130,4685,4685,4520,4396
41,2020-09-21,4525,30,4555,4555,4405,10958
40,2020-09-22,4320,205,4515,4515,4215,7856
39,2020-09-23,4320,0,4320,4365,4270,5407
35,2020-09-24,4275,45,4320,4375,4275,2361
34,2020-09-25,4270,5,4275,4325,4270,1633
33,2020-09-28,4370,100,4270,4480,4270,1863
32,2020-09-29,4500,130,4370,4585,4370,5537
31,2020-10-05,4500,0,4500,4540,4495,2653
28,2020-10-06,4500,0,4515,4525,4450,7716
27,2020-10-07,4490,10,4500,4610,4490,4587
26,2020-10-08,4490,0,4530,4545,4490,5544
25,2020-10-12,4540,50,4530,4800,4505,17896
24,2020-10-13,4575,35,4540,4630,4500,11709
20,2020-10-14,4545,30,4575,4620,4500,14946
19,2020-10-15,4515,30,4535,4545,4420,12198
18,2020-10-16,4450,65,4495,4525,4320,11470
17,2020-10-19,4365,85,4445,4460,4365,8339
16,2020-10-20,4500,135,4485,4770,4360,52448
13,2020-10-21,4495,5,4515,4520,4415,12569
12,2020-10-22,4500,5,4450,4520,4420,8152
11,2020-10-23,4370,130,4480,4495,4350,9954
10,2020-10-26,4400,30,4370,4500,4330,1772
9,2020-10-27,4235,165,4400,4540,4220,13779
5,2020-10-28,4355,120,4235,4390,4235,1479
4,2020-10-29,4295,60,4355,4540,4250,6264
3,2020-10-30,4260,35,4440,4440,4260,2520
2,2020-11-02,4275,15,4260,4320,4115,6408
1,2020-11-03,4280,5,4275,4400,4275,2724
