,date,close,diff,open,high,low,volume
448,2019-08-16,7410,290,7510,7630,7410,249257
447,2019-08-19,7310,100,7440,7530,7280,237726
446,2019-08-20,7430,120,7260,7490,7260,218391
445,2019-08-21,7510,80,7400,7850,7320,470535
444,2019-08-22,7680,170,7520,8120,7510,1182566
440,2019-08-23,7370,310,7590,7660,7350,382720
439,2019-08-26,6840,530,7160,7280,6800,476501
438,2019-08-27,6890,50,7000,7110,6880,214647
437,2019-08-28,7300,410,6920,7610,6910,1018124
436,2019-08-29,7200,100,7250,7280,7090,217763
433,2019-08-30,7410,210,7240,7620,7240,409170
432,2019-09-02,7790,380,7350,7890,7310,484761
431,2019-09-03,7630,160,7760,7870,7600,256611
430,2019-09-04,7620,10,7620,7800,7550,189593
429,2019-09-05,7620,0,7710,7800,7500,200261
425,2019-09-06,7530,90,7630,7790,7530,165975
424,2019-09-09,7550,20,7630,7830,7530,237649
423,2019-09-10,7640,90,7630,7760,7590,136905
422,2019-09-11,7660,20,7670,7720,7500,167742
421,2019-09-16,7800,140,7640,7850,7640,235611
418,2019-09-17,7760,40,7800,7840,7650,166431
417,2019-09-18,7760,0,7760,7800,7680,177197
416,2019-09-19,7740,20,7730,7900,7710,202442
415,2019-09-20,7870,130,7740,7940,7650,410167
414,2019-09-23,7780,90,7930,7930,7770,186012
410,2019-09-24,7910,130,7700,7910,7690,313973
409,2019-09-25,7210,700,7970,8570,7210,1988487
408,2019-09-26,7120,90,7260,7410,7050,283950
407,2019-09-27,7040,80,7110,7240,7010,185826
406,2019-09-30,7030,10,6990,7150,6870,186312
403,2019-10-01,7170,140,7010,7190,7000,168208
402,2019-10-02,7140,30,7100,7320,7070,172994
401,2019-10-04,7070,70,7130,7190,7050,97404
400,2019-10-07,6980,90,7040,7140,6950,165482
399,2019-10-08,7090,110,6960,7140,6940,155310
395,2019-10-10,7110,20,7080,7230,6990,210212
394,2019-10-11,7110,0,7120,7260,7080,140918
393,2019-10-14,7380,270,7200,7430,7140,238887
392,2019-10-15,7280,100,7340,7390,7260,143558
391,2019-10-16,7190,90,7330,7330,7160,141454
388,2019-10-17,7200,10,7200,7330,7200,117877
387,2019-10-18,7100,100,7210,7250,7080,142398
386,2019-10-21,7000,100,7110,7130,6950,190833
385,2019-10-22,6940,60,7010,7020,6900,222440
384,2019-10-23,6860,80,6940,7100,6840,269742
380,2019-10-24,7310,450,6860,8260,6830,6639117
379,2019-10-25,7490,180,7390,7790,7230,1731715
378,2019-10-28,7410,80,7570,7740,7300,978347
377,2019-10-29,7190,220,7340,7410,7160,492925
376,2019-10-30,7250,60,7270,7900,7250,3952394
373,2019-10-31,7290,40,7290,7400,7200,531605
372,2019-11-01,7360,70,7300,7400,7180,412637
371,2019-11-04,7500,140,7360,7560,7300,467119
370,2019-11-05,7470,30,7550,7580,7370,375544
369,2019-11-06,7570,100,7470,7660,7430,518736
365,2019-11-07,7260,310,7580,7590,7230,657417
364,2019-11-08,7180,80,7270,7320,7100,378152
363,2019-11-11,7080,100,7230,7230,7050,230087
362,2019-11-12,7100,20,7100,7160,7030,197429
361,2019-11-13,6950,150,7090,7090,6930,327178
358,2019-11-14,6980,30,6950,7120,6950,254741
357,2019-11-15,6990,10,7380,7500,6990,948261
356,2019-11-18,7010,20,7040,7060,6980,185305
355,2019-11-19,6970,40,7020,7030,6920,236036
354,2019-11-20,6830,140,6980,6990,6810,283628
350,2019-11-21,6600,230,6870,6870,6600,234096
349,2019-11-22,6550,50,6630,6680,6530,149994
348,2019-11-25,6670,120,6550,6710,6550,101190
347,2019-11-26,6770,100,6680,6790,6640,96031
346,2019-11-27,6790,20,6800,6950,6730,126380
343,2019-11-28,6740,50,6740,6850,6690,99280
342,2019-11-29,6750,10,6740,6810,6680,126537
341,2019-12-02,6730,20,6700,6840,6700,72731
340,2019-12-03,6600,130,6690,6730,6570,107429
339,2019-12-04,6640,40,6530,6710,6520,75829
335,2019-12-05,6640,0,6620,6770,6620,121854
334,2019-12-06,6830,190,6640,6830,6630,104198
333,2019-12-09,6930,100,6840,6960,6800,97769
332,2019-12-10,6920,10,6870,6970,6850,80870
331,2019-12-11,6960,40,6860,7050,6860,183921
328,2019-12-12,7050,90,7080,7180,6970,332920
327,2019-12-13,7060,10,7070,7180,6950,143908
326,2019-12-16,7020,40,7020,7100,7000,66643
325,2019-12-17,6960,60,7020,7080,6960,132570
324,2019-12-18,7000,40,6940,7030,6930,119725
320,2019-12-19,6850,150,7010,7010,6750,214162
319,2019-12-20,6910,60,6850,6920,6820,153674
318,2019-12-23,6690,220,6950,6950,6690,242955
317,2019-12-24,6560,130,6650,6760,6560,183096
316,2019-12-26,6720,160,6530,6730,6530,127140
313,2019-12-27,6810,90,6660,6840,6620,108740
312,2019-12-30,6950,140,6850,6970,6840,129348
311,2020-01-02,7110,160,6990,7130,6880,355603
310,2020-01-03,6970,140,7110,7220,6950,240239
309,2020-01-06,6770,200,6860,6920,6700,208638
305,2020-01-07,6810,40,6850,6850,6720,127824
304,2020-01-08,6520,290,6720,6750,6470,330907
303,2020-01-09,6780,260,6620,6780,6580,120118
302,2020-01-10,6890,110,6770,7130,6730,238429
301,2020-01-13,7040,150,6950,7080,6870,225243
298,2020-01-14,7010,30,7020,7150,7010,209170
297,2020-01-15,7080,70,7010,7330,7000,380342
296,2020-01-16,7090,10,7090,7160,7050,86401
295,2020-01-17,7180,90,7090,7210,7090,161306
294,2020-01-20,6980,200,7170,7180,6960,194663
290,2020-01-21,6830,150,6980,7040,6830,136796
289,2020-01-22,6920,90,6830,6920,6810,63622
288,2020-01-23,6820,100,6850,6920,6790,95545
287,2020-01-28,6600,220,6620,6680,6500,328538
286,2020-01-29,6890,290,6620,6900,6620,198329
283,2020-01-30,6610,280,6890,6920,6540,280652
282,2020-01-31,6470,140,6610,6800,6470,234558
281,2020-02-03,6400,70,6410,6530,6150,246139
280,2020-02-04,6640,240,6360,6680,6360,141160
279,2020-02-05,6710,70,6700,6880,6620,216244
275,2020-02-06,6750,40,6720,6810,6710,87767
274,2020-02-07,6610,140,6710,6760,6570,149972
273,2020-02-10,6740,130,6570,6830,6510,145891
272,2020-02-11,6730,10,6730,6870,6720,131064
271,2020-02-12,6730,0,6720,6770,6680,91440
268,2020-02-13,6700,30,6750,6780,6630,98511
267,2020-02-14,6640,60,6700,6700,6610,93885
266,2020-02-17,6590,50,6670,6670,6530,118463
265,2020-02-18,6470,120,6570,6590,6420,145035
264,2020-02-19,6450,20,6460,6470,6320,125525
260,2020-02-20,6350,100,6430,6490,6330,133636
259,2020-02-21,6170,180,6310,6350,6150,180176
258,2020-02-24,5730,440,6120,6160,5700,331341
257,2020-02-25,6230,500,5620,6280,5600,322290
256,2020-02-26,6090,140,6080,6170,5950,143793
253,2020-02-27,5840,250,6140,6140,5700,174016
252,2020-02-28,5570,270,5620,5740,5510,199000
251,2020-03-02,5840,270,5470,5880,5470,182015
250,2020-03-03,5780,60,5910,6000,5760,122131
249,2020-03-04,5870,90,5650,5930,5650,78708
245,2020-03-05,6000,130,5910,6030,5840,156836
244,2020-03-06,5850,150,6000,6000,5770,118339
243,2020-03-09,5550,300,5790,5790,5500,170106
242,2020-03-10,5570,20,5500,5700,5500,140812
241,2020-03-11,5500,70,5580,5730,5400,178227
238,2020-03-12,4940,560,5500,5500,4860,402539
237,2020-03-13,4430,510,4310,4630,4275,328707
236,2020-03-16,4345,85,4430,4680,4345,208597
235,2020-03-17,4300,45,4000,4325,4000,241313
234,2020-03-18,3850,450,4275,4400,3850,254170
230,2020-03-19,3190,660,3850,4005,2800,477947
229,2020-03-20,3700,510,3145,3700,3145,355178
228,2020-03-23,3230,470,3400,3400,3150,306754
227,2020-03-24,3645,415,3250,3750,3250,324545
226,2020-03-25,4140,495,3710,4140,3710,314642
223,2020-03-26,4100,40,4170,4280,3900,369515
222,2020-03-27,4080,20,4420,4420,3905,306989
221,2020-03-30,4120,40,3865,4130,3865,177620
220,2020-03-31,4250,130,4165,4285,4010,254732
219,2020-04-01,4160,90,4165,4480,4120,312344
215,2020-04-02,4270,110,4150,4345,4105,161206
214,2020-04-03,4375,105,4300,4400,4210,168384
213,2020-04-06,4770,395,4590,4770,4415,265821
212,2020-04-07,4780,10,4925,4960,4680,231828
211,2020-04-08,4765,15,4755,4875,4640,169711
208,2020-04-09,4770,5,4870,4870,4755,181433
207,2020-04-10,4740,30,4800,4900,4580,223910
206,2020-04-13,4810,70,4770,5100,4710,317563
205,2020-04-14,4995,185,4810,5100,4810,215628
204,2020-04-16,5090,95,4985,5120,4775,191885
200,2020-04-17,5360,270,5150,5430,5090,330340
199,2020-04-20,5790,430,5410,5890,5400,535250
198,2020-04-21,5590,200,5830,5840,4705,492031
197,2020-04-22,5480,110,5410,5560,5300,210407
196,2020-04-23,5580,100,5470,5630,5450,188850
193,2020-04-24,5410,170,5670,5670,5400,154601
192,2020-04-27,7030,1620,5650,7030,5640,7598561
191,2020-04-28,7600,570,7120,8810,6930,21059867
190,2020-04-29,7380,220,7650,8000,7320,5002891
189,2020-05-04,7360,20,7300,8220,7050,5635713
185,2020-05-06,7530,170,7380,7700,7290,1546330
184,2020-05-07,7830,300,7590,8460,7400,6931579
183,2020-05-08,7850,20,7890,8050,7710,1386798
182,2020-05-11,7990,140,7960,8380,7570,1897882
181,2020-05-12,8450,460,8200,8950,8020,10131683
178,2020-05-13,8410,40,8350,8550,8130,1906314
177,2020-05-14,8040,370,8260,8480,8030,1387498
176,2020-05-15,7820,220,8100,8150,7710,879591
175,2020-05-18,8030,210,8160,8430,7980,2242354
174,2020-05-19,8040,10,8030,8210,7900,625545
170,2020-05-20,7950,90,8040,8100,7940,400697
169,2020-05-21,8090,140,8020,8370,7850,1252164
168,2020-05-22,8280,190,8200,8600,8190,2350178
167,2020-05-25,8370,90,8390,8530,8270,952745
166,2020-05-26,8400,30,8420,8560,8280,969494
163,2020-05-27,8280,120,8400,8450,8210,629544
162,2020-05-28,7890,390,8260,8280,7610,1040931
161,2020-05-29,8070,180,7800,8170,7780,614933
160,2020-06-01,8160,90,8080,8310,8020,565194
159,2020-06-02,8400,240,8290,8400,8130,1279823
155,2020-06-03,9650,1250,8650,10900,8450,30802223
154,2020-06-04,9660,10,9500,10250,9320,8303611
153,2020-06-05,9440,220,9740,9740,9290,1618701
152,2020-06-08,10050,610,9490,10500,9490,8880041
151,2020-06-09,10150,100,10050,10500,9800,2661901
148,2020-06-10,9800,350,10250,10300,9800,1374893
147,2020-06-11,9310,490,9860,9870,9310,1741775
146,2020-06-12,9140,170,8760,9220,8400,1415983
145,2020-06-15,9200,60,9180,10050,9000,4011089
144,2020-06-16,9680,480,9480,9930,9380,2395801
140,2020-06-17,9430,250,9550,9650,9100,959829
139,2020-06-18,9550,120,9580,9640,9330,772809
138,2020-06-19,9400,150,9490,10250,9100,3550227
137,2020-06-22,9740,340,9490,9890,9450,1458956
136,2020-06-23,10950,1210,9770,10950,9770,5883906
133,2020-06-24,11000,50,10900,12250,10700,12964674
132,2020-06-25,11150,150,10700,11500,10400,2777019
131,2020-06-26,11050,100,11400,11700,10850,1971397
130,2020-06-29,11550,500,11200,12200,11050,6637186
129,2020-06-30,12200,650,11700,13250,11500,11450306
125,2020-07-01,12250,50,12250,12650,11900,2261558
124,2020-07-02,12500,250,12250,13050,12050,3435099
123,2020-07-03,12650,150,12600,12850,12500,1244157
122,2020-07-06,13300,650,12750,13500,12400,2860519
121,2020-07-07,13150,150,13200,13550,13000,1395511
118,2020-07-08,12950,200,13200,13300,12350,1399530
117,2020-07-09,12650,300,13000,13100,12600,890004
116,2020-07-10,12700,50,12600,12900,12150,925075
115,2020-07-13,12900,200,12750,13100,12500,1157130
114,2020-07-14,13100,200,12900,13150,12500,1224250
110,2020-07-15,12600,500,13350,13400,12550,1106819
109,2020-07-16,12250,350,12600,12600,12050,838986
108,2020-07-17,12450,200,12450,12450,11600,1016102
107,2020-07-20,12550,100,12500,13150,12100,1131868
106,2020-07-21,12600,50,12800,12800,12350,538203
103,2020-07-22,12350,250,12600,12650,12250,498951
102,2020-07-23,12400,50,12700,13150,12350,1986948
101,2020-07-24,12400,0,12200,12650,12100,538284
100,2020-07-27,13300,900,12500,13700,12300,2830300
99,2020-07-28,14200,900,13550,15600,13400,17271097
95,2020-07-29,14500,300,14200,14750,13950,2771419
94,2020-07-30,14950,450,14750,15150,14550,2780576
93,2020-07-31,15050,100,14950,15050,14500,1289797
92,2020-08-03,19000,3950,15800,19550,15500,16642953
91,2020-08-04,19650,650,19350,22500,18350,14489441
88,2020-08-05,21150,1500,19700,21800,19400,7981261
87,2020-08-06,20600,550,21300,21600,20350,2506163
86,2020-08-07,21150,550,21050,22850,20800,3474939
85,2020-08-10,21450,300,21500,21700,19550,2487931
84,2020-08-11,18650,2800,20500,21100,18600,5307854
80,2020-08-12,19400,750,18000,20400,17600,5502661
79,2020-08-13,19100,300,19200,19750,18800,1650506
78,2020-08-14,19050,50,18950,19850,18850,1433258
77,2020-08-18,18500,550,18500,19700,17800,1535476
76,2020-08-19,18700,200,18500,19000,17800,1588722
73,2020-08-20,17200,1500,18500,18750,16750,1727642
72,2020-08-21,17000,200,17300,17850,16950,936644
71,2020-08-24,17350,350,16800,17850,16200,875300
70,2020-08-25,17350,0,17350,17750,17200,889578
69,2020-08-26,18100,750,17400,18550,17000,1368814
65,2020-08-27,17550,550,17900,18600,17450,1277029
64,2020-08-28,18200,650,17450,18450,17450,1184817
63,2020-08-31,18450,250,18350,18900,18100,1017000
62,2020-09-01,19600,1150,18700,20100,18500,3179322
61,2020-09-02,19200,400,19650,19900,19000,902660
58,2020-09-03,19100,100,19200,19400,18500,905570
57,2020-09-04,18950,150,18500,18950,18150,838555
56,2020-09-07,18100,850,18800,18850,18050,760339
55,2020-09-08,17950,150,18100,18350,17800,609544
54,2020-09-09,17750,200,17500,18000,17350,432835
50,2020-09-10,17900,150,18400,18500,17800,572107
49,2020-09-11,18000,100,17900,18300,17700,273466
48,2020-09-14,17850,150,18250,18250,17800,388782
47,2020-09-15,18000,150,17950,18000,17300,550104
46,2020-09-16,17350,650,17750,17850,17350,396130
43,2020-09-17,16800,550,17300,17300,16550,597864
42,2020-09-18,16200,600,16800,16800,15900,724223
41,2020-09-21,16350,150,16050,16850,16000,474238
40,2020-09-22,15350,1000,16350,16400,14700,880229
39,2020-09-23,15350,0,15450,16950,14700,1657198
35,2020-09-24,14250,1100,14650,15200,14150,489201
34,2020-09-25,14200,50,14300,14700,13800,342186
33,2020-09-28,15250,1050,14250,15400,14200,359708
32,2020-09-29,15250,0,15500,15600,15000,224037
31,2020-10-05,15250,0,15250,15250,14700,139601
28,2020-10-06,15250,0,15400,15500,14950,210283
27,2020-10-07,15400,150,15250,15450,15000,131821
26,2020-10-08,15200,200,15450,15500,15050,149263
25,2020-10-12,14900,300,15150,15200,14800,146524
24,2020-10-13,14650,250,14850,15150,14500,221061
20,2020-10-14,14650,0,14550,14900,14450,157936
19,2020-10-15,13900,750,14650,14650,13700,290870
18,2020-10-16,13450,450,13750,13950,13150,259395
17,2020-10-19,13400,50,13450,13950,13000,211782
16,2020-10-20,13450,50,13200,13550,12750,224173
13,2020-10-21,13300,150,13550,13600,13150,108391
12,2020-10-22,12600,700,13200,13250,12300,222179
11,2020-10-23,12700,100,12900,13500,12500,395819
10,2020-10-26,11750,950,12700,13000,11750,324321
9,2020-10-27,12150,400,11650,12450,11300,291848
5,2020-10-28,12500,350,11950,12600,11550,206663
4,2020-10-29,12450,50,12100,12550,12000,180734
3,2020-10-30,11750,700,12500,12650,11650,165631
2,2020-11-02,12200,450,11700,12450,11700,133677
1,2020-11-03,12200,0,12200,12450,12100,98993
