,date,close,diff,open,high,low,volume
448,2019-08-16,18600,950,19800,19800,17950,244939
447,2019-08-19,18150,450,18850,19000,17850,108814
446,2019-08-20,19650,1500,18800,19750,18500,110247
445,2019-08-21,19950,300,19650,20400,19450,75909
444,2019-08-22,19800,150,19950,21100,19750,132177
440,2019-08-23,19500,300,19500,19950,19300,32081
439,2019-08-26,18850,650,18950,19450,18600,41269
438,2019-08-27,18400,450,19150,19300,18200,57699
437,2019-08-28,18500,100,18500,18700,18000,66077
436,2019-08-29,18050,450,18300,18750,17750,80620
433,2019-08-30,18650,600,18700,18850,18350,74346
432,2019-09-02,19850,1200,18650,19950,18550,104100
431,2019-09-03,19850,0,19850,20150,19500,55834
430,2019-09-04,20200,350,19700,20200,19450,78678
429,2019-09-05,20050,150,20700,20700,19600,87283
425,2019-09-06,20100,50,20200,20400,19700,39581
424,2019-09-09,19750,350,20200,20600,19600,51610
423,2019-09-10,19100,650,19650,19900,19000,68604
422,2019-09-11,19450,350,19200,19550,18950,42360
421,2019-09-16,19500,50,19600,19750,19150,43260
418,2019-09-17,19900,400,19350,19950,18950,73064
417,2019-09-18,20750,850,20350,21100,19950,190150
416,2019-09-19,20350,400,20800,21400,20300,100085
415,2019-09-20,20550,200,20350,20900,20150,50590
414,2019-09-23,20050,500,20400,20500,20050,27478
410,2019-09-24,20100,50,20050,20300,19700,30760
409,2019-09-25,19500,600,20050,20100,19350,40367
408,2019-09-26,19350,150,19700,19700,18950,74418
407,2019-09-27,19200,150,19150,19500,19150,24608
406,2019-09-30,19300,100,19200,19550,18950,41963
403,2019-10-01,19700,400,19100,19700,19100,25755
402,2019-10-02,19350,350,19300,19700,19050,26959
401,2019-10-04,18900,450,19250,19350,18900,18724
400,2019-10-07,19300,400,19000,19400,18850,18740
399,2019-10-08,19300,0,19200,19400,19100,10818
395,2019-10-10,19100,200,19100,19200,18750,23759
394,2019-10-11,19100,0,19050,19300,18900,13624
393,2019-10-14,19150,50,19300,19500,18900,17221
392,2019-10-15,19350,200,19100,19650,19100,24999
391,2019-10-16,19750,400,19350,19850,19200,31549
388,2019-10-17,19500,250,19750,19950,19350,26292
387,2019-10-18,19600,100,19500,20150,19400,61606
386,2019-10-21,20100,500,20300,20350,19850,104778
385,2019-10-22,20150,50,20000,20250,19800,51869
384,2019-10-23,20550,400,20200,20600,20050,90734
380,2019-10-24,20600,50,20850,20900,20400,45715
379,2019-10-25,19950,650,20350,20700,19850,44680
378,2019-10-28,19800,150,19800,20400,19750,32028
377,2019-10-29,19800,0,19900,19900,19600,22096
376,2019-10-30,19600,200,19750,20000,19500,43773
373,2019-10-31,20100,500,19550,20150,19500,47826
372,2019-11-01,21000,900,20050,21200,19900,146444
371,2019-11-04,21000,0,21300,21300,20750,60901
370,2019-11-05,20700,300,21200,21200,20500,41942
369,2019-11-06,21800,1100,20800,22300,20800,126822
365,2019-11-07,21800,0,21800,21850,21400,40184
364,2019-11-08,21900,100,21800,22400,21650,53076
363,2019-11-11,21650,250,21850,22350,21500,48607
362,2019-11-12,21850,200,21650,21900,21550,14456
361,2019-11-13,21800,50,21850,22100,21400,34349
358,2019-11-14,21550,250,22000,22000,21500,26628
357,2019-11-15,22200,650,21700,22600,21700,84991
356,2019-11-18,22600,400,22250,22600,21850,57855
355,2019-11-19,22050,550,22650,22650,22050,25103
354,2019-11-20,21150,900,22100,22250,21100,40966
350,2019-11-21,20750,400,21300,21300,20250,33663
349,2019-11-22,20500,250,20750,21000,20400,29774
348,2019-11-25,20550,50,20500,20950,20350,60305
347,2019-11-26,20700,150,20800,20800,20400,30936
346,2019-11-27,20500,200,20700,20700,20200,29093
343,2019-11-28,20300,200,20400,20600,20200,22265
342,2019-11-29,20050,250,20400,20600,20050,40443
341,2019-12-02,20200,150,20200,20600,20100,19755
340,2019-12-03,20000,200,20300,20300,19700,21909
339,2019-12-04,20100,100,20000,20150,19800,20501
335,2019-12-05,19700,400,20050,20150,19450,36685
334,2019-12-06,20100,400,20000,20350,19750,20981
333,2019-12-09,19750,350,20150,20400,19550,25598
332,2019-12-10,20000,250,19550,20000,19550,8738
331,2019-12-11,20100,100,20150,20550,19800,48337
328,2019-12-12,20000,100,20450,20500,19900,17437
327,2019-12-13,20200,200,20000,20400,20000,18657
326,2019-12-16,20250,50,20250,20550,20200,15651
325,2019-12-17,20200,50,20500,20500,20050,15285
324,2019-12-18,20300,100,20200,20400,20100,9173
320,2019-12-19,20050,250,20450,20450,19950,11865
319,2019-12-20,19900,150,20050,20300,19700,28300
318,2019-12-23,20000,100,20000,20150,19750,20978
317,2019-12-24,19700,300,19850,20000,19700,13170
316,2019-12-26,19900,200,19550,20000,19250,98803
313,2019-12-27,20000,100,19900,20150,19800,40071
312,2019-12-30,20100,100,20000,20250,19950,23537
311,2020-01-02,20500,400,20200,20600,20050,40295
310,2020-01-03,20500,0,20300,20750,20300,23733
309,2020-01-06,19700,800,20350,20450,19650,55556
305,2020-01-07,19800,100,19900,20150,19600,29835
304,2020-01-08,19300,500,19600,19700,19200,46043
303,2020-01-09,19450,150,19750,19750,19300,22004
302,2020-01-10,20000,550,19400,20250,19300,52696
301,2020-01-13,20750,750,20000,21000,19950,71373
298,2020-01-14,20450,300,20750,20950,20450,27199
297,2020-01-15,21150,700,20450,21200,20400,69246
296,2020-01-16,20750,400,21400,21500,20600,50721
295,2020-01-17,20700,50,20750,21250,20600,36115
294,2020-01-20,21100,400,20700,21500,20700,50700
290,2020-01-21,21150,50,21100,21350,20950,31575
289,2020-01-22,22100,950,21450,22300,21350,95047
288,2020-01-23,22150,50,22000,22250,21750,44894
287,2020-01-28,21850,300,21500,22150,21050,78715
286,2020-01-29,21700,150,22500,22500,21400,45744
283,2020-01-30,21700,0,21550,22050,21150,61470
282,2020-01-31,22150,450,21700,22600,21550,84411
281,2020-02-03,22850,700,22150,23100,21500,120372
280,2020-02-04,23800,950,23250,23800,23100,106627
279,2020-02-05,23200,600,23800,23850,22500,164384
275,2020-02-06,23400,200,23550,24250,23200,170770
274,2020-02-07,23800,400,23500,24450,23500,110826
273,2020-02-10,23450,350,24000,24250,23100,118355
272,2020-02-11,24350,900,23900,24550,23600,163474
271,2020-02-12,24200,150,24350,24450,23750,72859
268,2020-02-13,23850,350,24250,24250,23500,40644
267,2020-02-14,23400,450,23850,23900,23000,79700
266,2020-02-17,23500,100,23550,23700,23100,59055
265,2020-02-18,23450,50,23600,24200,23200,42200
264,2020-02-19,24150,700,23300,24450,23150,69830
260,2020-02-20,23900,250,24150,24400,23650,42850
259,2020-02-21,23750,150,23350,24600,23350,87948
258,2020-02-24,23600,150,23200,24250,23000,122156
257,2020-02-25,24000,400,23550,24300,23050,53180
256,2020-02-26,23050,950,24000,24000,23050,60053
253,2020-02-27,22200,850,22850,23650,22150,62463
252,2020-02-28,21550,650,21850,22500,21100,89243
251,2020-03-02,24000,2450,21650,24250,21650,236477
250,2020-03-03,23950,50,24450,24550,23200,147823
249,2020-03-04,24200,250,23900,24500,23550,62697
245,2020-03-05,25150,950,24500,25350,24050,160923
244,2020-03-06,24950,200,24700,25400,24650,67634
243,2020-03-09,24450,500,24850,24950,24000,87415
242,2020-03-10,24550,100,24100,25150,23500,130436
241,2020-03-11,24100,450,24400,24400,23150,90225
238,2020-03-12,23450,650,23900,24000,21950,134774
237,2020-03-13,21650,1800,22300,22500,20350,125150
236,2020-03-16,21750,100,22050,23000,21500,135134
235,2020-03-17,23000,1250,20900,23000,20800,146708
234,2020-03-18,21900,1100,23000,23900,21800,69187
230,2020-03-19,20350,1550,22400,22700,19200,149742
229,2020-03-20,21000,650,21100,21250,19650,74933
228,2020-03-23,18550,2450,19600,20350,17850,150492
227,2020-03-24,19700,1150,19100,20000,18600,69230
226,2020-03-25,19700,0,20100,20600,19250,76884
223,2020-03-26,19200,500,19700,20150,19050,117770
222,2020-03-27,20650,1450,19800,21250,19550,171736
221,2020-03-30,22250,1600,20300,22850,19750,136563
220,2020-03-31,22100,150,22800,23400,21500,202222
219,2020-04-01,21650,450,22150,22900,21350,160362
215,2020-04-02,22200,550,21700,22600,21300,84744
214,2020-04-03,22300,100,22800,23200,22050,118637
213,2020-04-06,23900,1600,22300,24000,22300,179645
212,2020-04-07,23600,300,24100,24250,23100,124924
211,2020-04-08,22850,750,23600,23650,22850,79664
208,2020-04-09,22500,350,22850,23100,22250,102982
207,2020-04-10,23450,950,22700,23950,22300,181559
206,2020-04-13,24150,700,24000,25400,23950,447814
205,2020-04-14,25150,1000,24600,25450,24300,229215
204,2020-04-16,25200,50,25100,25650,24500,175641
200,2020-04-17,24650,550,25200,25350,24000,156093
199,2020-04-20,24900,250,24800,25400,24400,159228
198,2020-04-21,24750,150,24650,25500,23150,178218
197,2020-04-22,25600,850,24300,26250,24300,269841
196,2020-04-23,25600,0,25800,25950,25050,133032
193,2020-04-24,26550,950,25500,27250,25150,400233
192,2020-04-27,26550,0,27350,27750,26350,286020
191,2020-04-28,26450,100,26600,27000,26100,106865
190,2020-04-29,26400,50,26500,27200,26100,118819
189,2020-05-04,27600,1200,25900,28200,25400,334044
185,2020-05-06,28800,1200,27900,29600,27700,378501
184,2020-05-07,28950,150,28900,29800,28600,141309
183,2020-05-08,28900,50,28950,29200,28350,92912
182,2020-05-11,29100,200,29050,29600,28550,113026
181,2020-05-12,29600,500,29350,30200,27900,278458
178,2020-05-13,31950,2350,29550,32500,29200,387458
177,2020-05-14,33500,1550,32050,33700,31550,279782
176,2020-05-15,33600,100,33600,34250,32150,182306
175,2020-05-18,32750,850,34000,34150,32600,143471
174,2020-05-19,32200,550,33600,33600,30250,265463
170,2020-05-20,31850,350,31950,32500,31600,130594
169,2020-05-21,32300,450,32100,32750,31350,166869
168,2020-05-22,32200,100,31900,32550,31450,100653
167,2020-05-25,33700,1500,33100,34700,32650,384017
166,2020-05-26,33400,300,33900,34300,32800,166690
163,2020-05-27,32400,1000,33100,33350,31600,194050
162,2020-05-28,31450,950,32400,32450,30500,252609
161,2020-05-29,32150,700,31350,32550,31000,144570
160,2020-06-01,32500,350,33000,33550,32200,233211
159,2020-06-02,32500,0,33150,33150,31900,128444
155,2020-06-03,31900,600,32700,32950,31050,162882
154,2020-06-04,31400,500,32000,32050,30800,167234
153,2020-06-05,31550,150,31400,32150,31000,115435
152,2020-06-08,30750,800,32000,32000,30600,146812
151,2020-06-09,30950,200,30850,30950,29800,118250
148,2020-06-10,30550,400,31050,31500,30300,86654
147,2020-06-11,30650,100,30550,31000,30050,73769
146,2020-06-12,31250,600,29200,31250,28750,111466
145,2020-06-15,30400,850,31750,32800,30200,349491
144,2020-06-16,31900,1500,31200,31950,30650,141509
140,2020-06-17,31100,800,31900,32000,30400,105846
139,2020-06-18,30300,800,31100,31600,30150,88685
138,2020-06-19,29700,600,30550,30700,29250,120893
137,2020-06-22,32400,2700,30900,32750,30900,429020
136,2020-06-23,32300,100,32150,32550,30700,221501
133,2020-06-24,32600,300,33300,33350,31850,169447
132,2020-06-25,35150,2550,32300,35900,32050,576681
131,2020-06-26,35600,450,36000,36850,34700,407364
130,2020-06-29,35800,200,35200,36350,34250,222017
129,2020-06-30,34650,1150,35650,36200,33900,216491
125,2020-07-01,33850,800,35100,35400,33500,146602
124,2020-07-02,34100,250,34100,34800,33950,93719
123,2020-07-03,36400,2300,34500,36400,34200,201194
122,2020-07-06,36600,200,36850,36850,35400,159488
121,2020-07-07,37500,900,37050,38750,36300,262073
118,2020-07-08,39100,1600,37700,39250,37550,175740
117,2020-07-09,38800,300,39200,39350,38000,144110
116,2020-07-10,40000,1200,39400,40450,38800,178392
115,2020-07-13,40900,900,40350,42000,39500,240764
114,2020-07-14,39450,1450,40800,40900,39300,121337
110,2020-07-15,39500,50,39300,40300,38750,100891
109,2020-07-16,38400,1100,40100,40100,37700,138582
108,2020-07-17,38250,150,38800,38800,37850,99980
107,2020-07-20,37900,350,38800,38850,37750,103730
106,2020-07-21,38850,950,37900,39450,37800,117334
103,2020-07-22,38450,400,38800,38800,37600,206246
102,2020-07-23,40550,2100,39200,40950,38250,226259
101,2020-07-24,39300,1250,39700,40250,39000,111782
100,2020-07-27,41800,2500,39600,42250,39600,269255
99,2020-07-28,41750,50,41900,42500,40600,140383
95,2020-07-29,40600,1150,41850,42200,40250,98829
94,2020-07-30,39900,700,40850,40850,39300,96330
93,2020-07-31,40050,150,39750,40900,39400,87676
92,2020-08-03,42200,2150,41300,42500,40500,141690
91,2020-08-04,40850,1350,42600,42600,40600,116482
88,2020-08-05,41200,350,41000,42050,40800,114117
87,2020-08-06,41150,50,42000,42000,40400,95079
86,2020-08-07,43150,2000,41750,43800,41300,197690
85,2020-08-10,43900,750,44000,45800,43300,198687
84,2020-08-11,42950,950,43700,43700,42400,123611
80,2020-08-12,42900,50,44000,44650,42050,145637
79,2020-08-13,42050,850,43700,44200,41600,154352
78,2020-08-14,41600,450,42750,42800,41000,105565
77,2020-08-18,40900,700,41600,43150,40400,157449
76,2020-08-19,41150,250,40500,41750,39950,77338
73,2020-08-20,40150,1000,41150,41150,39300,137122
72,2020-08-21,40600,450,40700,42900,40250,160540
71,2020-08-24,41800,1200,40650,42200,39950,96476
70,2020-08-25,42300,500,42300,42350,41300,86260
69,2020-08-26,41700,600,42400,42400,41000,48696
65,2020-08-27,43150,1450,41600,43500,40900,193115
64,2020-08-28,43350,200,44000,44250,42350,146759
63,2020-08-31,42900,450,43600,43600,41800,92935
62,2020-09-01,44750,1850,43400,45550,43150,224907
61,2020-09-02,43750,1000,44500,44750,42900,201140
58,2020-09-03,43750,0,44200,44200,43050,67568
57,2020-09-04,42850,900,42000,43800,41750,79229
56,2020-09-07,44400,1550,43250,44450,43100,173952
55,2020-09-08,43550,850,45000,45000,43400,128657
54,2020-09-09,42300,1250,42750,43450,42000,85770
50,2020-09-10,42100,200,42750,43500,41800,92956
49,2020-09-11,41900,200,41800,42150,40850,82252
48,2020-09-14,41900,0,42000,42350,40900,76869
47,2020-09-15,44200,2300,42800,44700,42500,244524
46,2020-09-16,43000,1200,44350,44450,42950,88322
43,2020-09-17,42050,950,44200,44200,41850,68788
42,2020-09-18,42500,450,42000,42750,41550,40708
41,2020-09-21,41300,1200,43000,43000,41300,69004
40,2020-09-22,40200,1100,40800,41250,40050,60911
39,2020-09-23,40650,450,40750,41100,38600,52256
35,2020-09-24,39600,1050,39650,40600,39450,55398
34,2020-09-25,39150,450,41000,41000,38750,47078
33,2020-09-28,40550,1400,39200,40750,38750,38085
32,2020-09-29,40550,0,41200,41200,40400,33030
31,2020-10-05,40650,100,40600,41100,40500,27856
28,2020-10-06,40400,250,41000,41000,40150,31488
27,2020-10-07,40450,50,40500,40900,40200,25194
26,2020-10-08,39900,550,40450,40750,39850,26850
25,2020-10-12,39700,200,39900,40000,38950,65506
24,2020-10-13,39100,600,39700,39800,39000,33287
20,2020-10-14,39150,50,39050,39350,38700,33812
19,2020-10-15,38050,1100,39050,39250,38000,40796
18,2020-10-16,38200,150,38300,38450,37050,78857
17,2020-10-19,38200,0,38250,38550,37350,35148
16,2020-10-20,38300,100,37800,38450,37050,56603
13,2020-10-21,38300,0,38300,38650,37750,36458
12,2020-10-22,38550,250,39250,40150,38300,91026
11,2020-10-23,38700,150,39000,39000,38000,29606
10,2020-10-26,37450,1250,38700,39000,37000,69756
9,2020-10-27,37000,450,37400,37450,36650,54819
5,2020-10-28,37700,700,36700,37700,36600,18806
4,2020-10-29,37550,150,37350,38000,36650,33017
3,2020-10-30,36500,1050,37950,37950,36200,29456
2,2020-11-02,36350,150,36500,36850,35800,44273
1,2020-11-03,37700,1350,36400,37750,36400,41575
