,date,close,diff,open,high,low,volume
448,2019-08-16,72500,100,72100,73200,71700,3588
447,2019-08-19,72600,100,72400,73500,71500,2097
446,2019-08-20,73400,800,72600,74000,72600,651
445,2019-08-21,73500,100,73800,74100,73300,1394
444,2019-08-22,76100,2600,73900,76200,73600,2821
440,2019-08-23,76200,100,75600,77600,75500,781
439,2019-08-26,77400,1200,76200,77600,75100,1608
438,2019-08-27,75500,1900,77500,77600,75500,1060
437,2019-08-28,77300,1800,76100,77500,75700,800
436,2019-08-29,78200,900,76900,78200,76700,378
433,2019-08-30,80000,1800,78200,80000,78200,1652
432,2019-09-02,80000,0,79500,80100,79000,543
431,2019-09-03,82700,2700,80000,82800,80000,1942
430,2019-09-04,85300,2600,82600,85500,82300,5938
429,2019-09-05,84100,1200,84900,85000,83400,1619
425,2019-09-06,84600,500,83900,84600,82800,896
424,2019-09-09,84400,200,84200,85000,84000,254
423,2019-09-10,86600,2200,84900,86900,84700,2089
422,2019-09-11,87000,400,86500,87400,85600,1624
421,2019-09-16,88600,1600,87400,89200,86500,1243
418,2019-09-17,88700,100,88600,88800,87500,690
417,2019-09-18,88400,300,88800,88800,87200,743
416,2019-09-19,88300,100,88400,88400,87000,1295
415,2019-09-20,87500,800,87800,88300,86500,718
414,2019-09-23,88100,600,87200,88100,86300,1094
410,2019-09-24,87300,800,88000,88500,86300,817
409,2019-09-25,87300,0,87400,87800,86300,1479
408,2019-09-26,88200,900,87900,88900,87100,475
407,2019-09-27,88500,300,88000,88500,87200,12601
406,2019-09-30,88600,100,88800,88800,87400,802
403,2019-10-01,89000,400,87100,89700,87100,3779
402,2019-10-02,89200,200,89400,89400,87800,816
401,2019-10-04,87900,1300,89300,89300,87900,1171
400,2019-10-07,89000,1100,87900,89100,87900,994
399,2019-10-08,89000,0,89300,89300,87800,1625
395,2019-10-10,88800,200,89000,89000,87500,578
394,2019-10-11,88500,300,88900,88900,88000,594
393,2019-10-14,89000,500,89000,89100,88300,601
392,2019-10-15,90000,1000,88000,90000,87700,2614
391,2019-10-16,89600,400,88800,89800,88400,1208
388,2019-10-17,89700,100,89300,89800,88300,1610
387,2019-10-18,88900,800,89700,89700,88200,1074
386,2019-10-21,88600,300,88400,88800,87300,770
385,2019-10-22,87500,1100,88600,88600,87100,1659
384,2019-10-23,86900,600,87000,87000,85500,1664
380,2019-10-24,86900,0,86900,86900,85500,1544
379,2019-10-25,87000,100,86900,87600,85800,998
378,2019-10-28,86800,200,87000,87000,86100,583
377,2019-10-29,85600,1200,87300,88000,85600,636
376,2019-10-30,87200,1600,85400,87500,85400,1356
373,2019-10-31,86400,800,86600,86900,85100,1165
372,2019-11-01,86900,500,86300,87200,85900,673
371,2019-11-04,87900,1000,87100,87900,85800,1312
370,2019-11-05,88100,200,87500,88100,87200,1190
369,2019-11-06,87100,1000,87400,87400,86200,838
365,2019-11-07,87100,0,87200,87400,85900,512
364,2019-11-08,86900,200,87200,87600,85900,732
363,2019-11-11,88300,1400,87000,88300,85900,993
362,2019-11-12,88000,300,88100,88100,86300,1071
361,2019-11-13,86200,1800,88000,88000,86200,300
358,2019-11-14,85500,700,86500,86500,84300,2087
357,2019-11-15,85900,400,84100,85900,84100,695
356,2019-11-18,84700,1200,85900,85900,83700,776
355,2019-11-19,84600,100,84700,84900,83900,347
354,2019-11-20,83700,900,84400,84400,82600,2507
350,2019-11-21,82100,1600,83700,83700,82100,659
349,2019-11-22,82200,100,82900,82900,82100,87
348,2019-11-25,82200,0,83600,83600,81600,352
347,2019-11-26,79400,2800,82500,82500,79400,3472
346,2019-11-27,80700,1300,80200,80900,78400,4472
343,2019-11-28,78400,2300,80600,80600,78400,917
342,2019-11-29,77900,500,79000,79000,77900,610
341,2019-12-02,76100,1800,78300,78300,76100,727
340,2019-12-03,76300,200,76700,76700,75000,1425
339,2019-12-04,77000,700,76400,77000,75400,326
335,2019-12-05,75700,1300,76900,76900,74700,964
334,2019-12-06,74000,1700,75400,76200,73800,1429
333,2019-12-09,73600,400,75000,75000,72500,1456
332,2019-12-10,73700,100,73900,74000,72600,888
331,2019-12-11,74200,500,74200,74200,73400,350
328,2019-12-12,74700,500,74800,74800,73500,1482
327,2019-12-13,73000,1700,75000,75500,73000,3442
326,2019-12-16,73700,700,73400,74000,73400,1656
325,2019-12-17,73900,200,73100,74000,73100,1668
324,2019-12-18,73900,0,73800,73900,73200,633
320,2019-12-19,74900,1000,74000,74900,74000,1942
319,2019-12-20,78800,3900,75000,78800,74400,4141
318,2019-12-23,78200,600,78700,78700,76600,920
317,2019-12-24,77500,700,78000,78000,77100,844
316,2019-12-26,78200,700,77800,78500,77300,763
313,2019-12-27,78400,200,77500,78400,76500,561
312,2019-12-30,78500,100,78400,78600,77800,307
311,2020-01-02,79400,900,79100,79400,78500,3103
310,2020-01-03,79500,100,79400,79600,78700,1945
309,2020-01-06,78500,1000,79000,79000,76900,1202
305,2020-01-07,78000,500,78500,78500,77500,1680
304,2020-01-08,77200,800,77800,77800,76300,15901
303,2020-01-09,76500,700,77200,77500,76500,7845
302,2020-01-10,76500,0,76900,77800,76300,9667
301,2020-01-13,77400,900,76500,77400,76100,3503
298,2020-01-14,77800,400,77400,78500,77400,695
297,2020-01-15,78200,400,78000,78700,78000,1596
296,2020-01-16,78400,200,78700,78800,77900,336
295,2020-01-17,77200,1200,78400,78600,77100,1027
294,2020-01-20,78300,1100,77200,78400,77200,989
290,2020-01-21,78000,300,77800,78300,77800,1589
289,2020-01-22,77700,300,78200,78200,73400,1630
288,2020-01-23,78700,1000,77000,78700,76900,1074
287,2020-01-28,77300,1400,78700,79700,76000,1689
286,2020-01-29,77000,300,78200,78200,76600,1100
283,2020-01-30,76700,300,77000,77000,75300,953
282,2020-01-31,77400,700,75300,77700,75300,1942
281,2020-02-03,76400,1000,77400,77700,76300,1525
280,2020-02-04,77000,600,76900,77200,76500,1663
279,2020-02-05,77300,300,77000,77400,76100,1129
275,2020-02-06,78000,700,77700,79100,77500,3874
274,2020-02-07,78300,300,78900,78900,77300,1357
273,2020-02-10,78800,500,77000,79000,77000,3170
272,2020-02-11,81300,2500,79000,81400,79000,5813
271,2020-02-12,81500,200,83200,86200,80300,9816
268,2020-02-13,78700,2800,81900,84400,78600,4711
267,2020-02-14,78300,400,78700,79800,78300,1862
266,2020-02-17,78300,0,79900,79900,77000,2180
265,2020-02-18,77700,600,78500,78500,77000,1394
264,2020-02-19,79400,1700,77700,79600,76600,3280
260,2020-02-20,78900,500,79500,79800,77900,2728
259,2020-02-21,78900,0,78800,80800,77300,9054
258,2020-02-24,77000,1900,79100,82000,76900,7995
257,2020-02-25,77000,0,77000,78300,75900,2695
256,2020-02-26,76500,500,77000,77600,75900,3073
253,2020-02-27,76500,0,76400,77000,75700,3098
252,2020-02-28,75700,800,76000,76600,73000,3901
251,2020-03-02,75500,200,75300,75700,73100,3730
250,2020-03-03,74300,1200,75800,75800,74200,1715
249,2020-03-04,75900,1600,74100,76000,73900,2943
245,2020-03-05,74300,1600,76000,76300,74300,3434
244,2020-03-06,73700,600,74000,74100,73200,1172
243,2020-03-09,70900,2800,72600,72700,70900,3664
242,2020-03-10,69000,1900,69400,70900,67900,4346
241,2020-03-11,69000,0,69500,69700,67900,3285
238,2020-03-12,65800,3200,68500,68900,65100,4172
237,2020-03-13,63300,2500,59400,64900,59000,7895
236,2020-03-16,67300,4000,63300,67400,62800,6892
235,2020-03-17,67300,0,66000,69200,65000,4342
234,2020-03-18,67400,100,69000,69000,66200,2479
230,2020-03-19,63900,3500,68000,68000,60000,2792
229,2020-03-20,65400,1500,63900,65600,61700,2837
228,2020-03-23,64500,900,60500,65000,60500,3493
227,2020-03-24,64500,0,64500,64800,63000,4462
226,2020-03-25,65000,500,65600,65700,63500,1794
223,2020-03-26,65500,500,66500,66500,64100,5256
222,2020-03-27,65600,100,66500,67200,65600,5091
221,2020-03-30,67700,2100,64900,67900,64900,2613
220,2020-03-31,70000,2300,68000,70200,67800,2282
219,2020-04-01,70900,900,70000,72600,69500,2631
215,2020-04-02,72100,1200,70900,72100,69500,2163
214,2020-04-03,72100,0,71100,72300,71100,972
213,2020-04-06,75700,3600,73500,75900,72700,4648
212,2020-04-07,75800,100,76500,79300,74600,5563
211,2020-04-08,77700,1900,78400,78400,75800,5459
208,2020-04-09,77000,700,78500,78500,75800,4199
207,2020-04-10,74300,2700,77700,77700,73300,4077
206,2020-04-13,73900,400,74300,74400,72700,2671
205,2020-04-14,74300,400,73700,74600,72800,3924
204,2020-04-16,73600,700,74200,74200,72600,1753
200,2020-04-17,73700,100,74000,78700,73300,4185
199,2020-04-20,73100,600,73700,74700,73000,1890
198,2020-04-21,72500,600,72900,73900,70800,4805
197,2020-04-22,72400,100,71500,72400,70400,2841
196,2020-04-23,73000,600,72000,73100,71300,3059
193,2020-04-24,74300,1300,72000,74300,72000,4058
192,2020-04-27,76000,1700,74300,76800,74300,6118
191,2020-04-28,75100,900,75700,76100,74300,4478
190,2020-04-29,74500,600,75300,76300,73700,9854
189,2020-05-04,74100,400,74500,74900,73400,2383
185,2020-05-06,74200,100,73500,74700,73500,990
184,2020-05-07,75500,1300,74200,75500,74200,1526
183,2020-05-08,75300,200,75900,76200,75300,2428
182,2020-05-11,76000,700,76400,76400,75000,2228
181,2020-05-12,77700,1700,76000,77900,75200,5776
178,2020-05-13,78300,600,76700,78300,76300,3678
177,2020-05-14,76000,2300,77900,77900,75300,5169
176,2020-05-15,78600,2600,76200,78900,76200,10173
175,2020-05-18,81000,2400,79000,81000,79000,6290
174,2020-05-19,79100,1900,81000,81000,79000,5444
170,2020-05-20,79600,500,78500,80400,78400,1769
169,2020-05-21,81200,1600,79600,81300,79600,3584
168,2020-05-22,80700,500,81200,81200,79900,1620
167,2020-05-25,80800,100,80400,81600,80400,2977
166,2020-05-26,81100,300,80800,81600,80700,1175
163,2020-05-27,81400,300,80800,82100,80600,4733
162,2020-05-28,78600,2800,81200,81400,75000,4569
161,2020-05-29,76300,2300,78100,79100,76300,4164
160,2020-06-01,78800,2500,79800,79900,77600,1828
159,2020-06-02,79900,1100,78900,79900,78300,2808
155,2020-06-03,78800,1100,79900,80200,78500,2785
154,2020-06-04,77800,1000,78800,78800,77400,4119
153,2020-06-05,77300,500,78800,78800,77100,3788
152,2020-06-08,77200,100,77500,78000,77200,4246
151,2020-06-09,77100,100,78000,78000,76500,3559
148,2020-06-10,77100,0,77200,78300,77100,4148
147,2020-06-11,76500,600,77200,79100,76100,5748
146,2020-06-12,78000,1500,75100,79600,74000,9481
145,2020-06-15,81100,3100,79000,83700,77900,25374
144,2020-06-16,82500,1400,81400,83200,80600,10507
140,2020-06-17,86800,4300,83600,87500,82600,18142
139,2020-06-18,85700,1100,87400,87400,85300,6946
138,2020-06-19,83900,1800,85300,85700,83400,5524
137,2020-06-22,83900,0,83900,84000,82600,3023
136,2020-06-23,84200,300,83900,85000,81600,7333
133,2020-06-24,83000,1200,83500,84600,82700,3246
132,2020-06-25,84400,1400,83000,84700,82100,3543
131,2020-06-26,84400,0,85000,85500,83500,2089
130,2020-06-29,82900,1500,83200,85200,81500,4410
129,2020-06-30,82900,0,83000,83200,81500,3036
125,2020-07-01,81600,1300,82100,83600,81600,2567
124,2020-07-02,83100,1500,81800,83100,81700,2457
123,2020-07-03,82800,300,83900,83900,82500,1130
122,2020-07-06,83800,1000,83900,84400,82300,2364
121,2020-07-07,83700,100,84400,84400,82900,1724
118,2020-07-08,83700,0,83600,84400,83200,1045
117,2020-07-09,83000,700,84200,85300,82400,2513
116,2020-07-10,82000,1000,83000,83800,81000,3605
115,2020-07-13,82900,900,82100,83100,81700,2103
114,2020-07-14,83800,900,82900,84100,82500,1947
110,2020-07-15,83800,0,84500,84500,82700,1358
109,2020-07-16,82800,1000,84400,84400,82500,2083
108,2020-07-17,81400,1400,82300,82700,81000,3937
107,2020-07-20,83600,2200,81800,84900,81300,3827
106,2020-07-21,83600,0,84400,84400,82700,1171
103,2020-07-22,83100,500,83600,84000,82600,1184
102,2020-07-23,83000,100,83200,83700,82000,1947
101,2020-07-24,82800,200,83100,83100,81900,1774
100,2020-07-27,82300,500,82000,82300,81400,4005
99,2020-07-28,81900,400,82000,82200,81300,1966
95,2020-07-29,80300,1600,81800,81800,80000,3958
94,2020-07-30,79900,400,79700,80700,79100,3385
93,2020-07-31,80500,600,80600,81100,79300,1767
92,2020-08-03,80700,200,80100,82000,79900,2743
91,2020-08-04,81200,500,81000,82000,80700,3124
88,2020-08-05,81000,200,81300,82000,80800,2738
87,2020-08-06,79900,1100,81000,81300,79600,7230
86,2020-08-07,79800,100,79900,80500,79600,2260
85,2020-08-10,80400,600,79200,80700,79200,2078
84,2020-08-11,81100,700,80600,81900,80600,2331
80,2020-08-12,80400,700,81100,81100,79600,11369
79,2020-08-13,79900,500,80400,80700,78300,19577
78,2020-08-14,80500,600,80600,80600,79600,4636
77,2020-08-18,80200,300,81900,82600,79900,8691
76,2020-08-19,81300,1100,79100,81900,79100,4939
73,2020-08-20,80000,1300,81600,83300,79900,8868
72,2020-08-21,80000,0,80500,80900,78900,6428
71,2020-08-24,79600,400,80200,81000,79300,4351
70,2020-08-25,79600,0,79700,80200,79400,5613
69,2020-08-26,79200,400,79600,79900,79100,3143
65,2020-08-27,79800,600,79500,80300,78900,4856
64,2020-08-28,79200,600,80000,80100,78600,6359
63,2020-08-31,78400,800,79200,79400,78200,11028
62,2020-09-01,78600,200,78400,78600,77600,5253
61,2020-09-02,78800,200,78800,78900,77800,4570
58,2020-09-03,78000,800,78800,78800,77600,10935
57,2020-09-04,77000,1000,76800,77900,76500,5307
56,2020-09-07,78100,1100,77800,78400,76700,3494
55,2020-09-08,78200,100,78300,79000,78000,3758
54,2020-09-09,77900,300,78200,78600,77200,2411
50,2020-09-10,78700,800,79900,79900,77700,3665
49,2020-09-11,79100,400,78700,79500,78400,2879
48,2020-09-14,79500,400,79100,79500,78100,2960
47,2020-09-15,79100,400,79800,80000,78600,3288
46,2020-09-16,78800,300,79000,79100,78200,2895
43,2020-09-17,77900,900,78800,79100,77800,1754
42,2020-09-18,77500,400,77900,78400,77300,1426
41,2020-09-21,76900,600,77500,77900,76800,1565
40,2020-09-22,76000,900,76900,77400,75300,3044
39,2020-09-23,75500,500,76300,76300,75100,1766
35,2020-09-24,73300,2200,75000,75200,73000,3181
34,2020-09-25,74000,700,73600,74500,73000,1210
33,2020-09-28,73900,100,74000,74500,73400,949
32,2020-09-29,74400,500,73900,74700,73700,1699
31,2020-10-05,76000,1600,74800,76100,74700,1860
28,2020-10-06,76000,0,76000,76200,75000,1074
27,2020-10-07,75700,300,76000,76000,75100,884
26,2020-10-08,75200,500,75700,75700,74900,1296
25,2020-10-12,75500,300,76000,76000,74800,1816
24,2020-10-13,75100,400,75500,75900,75000,692
20,2020-10-14,74400,700,75100,75100,73900,3052
19,2020-10-15,74300,100,74500,74500,73400,1477
18,2020-10-16,73800,500,74300,74400,73000,2414
17,2020-10-19,73800,0,74300,74300,73800,1723
16,2020-10-20,74600,800,73800,74600,73500,1472
13,2020-10-21,73500,1100,74700,74700,73100,5007
12,2020-10-22,73200,300,73100,73700,72900,2772
11,2020-10-23,73900,700,73300,74400,73100,1972
10,2020-10-26,73800,100,74100,74100,73100,3294
9,2020-10-27,73500,300,73000,73800,72900,2439
5,2020-10-28,73600,100,73900,73900,73200,665
4,2020-10-29,73300,300,73500,73500,73100,2744
3,2020-10-30,72400,900,73300,73700,71500,5395
2,2020-11-02,71500,900,72400,72500,71300,3091
1,2020-11-03,72500,1000,71600,73400,71600,1061
