,date,close,diff,open,high,low,volume
448,2019-08-16,1785,70,1820,1820,1710,192625
447,2019-08-19,1860,75,1780,1875,1780,209303
446,2019-08-20,1865,5,1850,1895,1840,171298
445,2019-08-21,1940,75,1850,2020,1850,726243
444,2019-08-22,1925,15,1940,1950,1870,190780
440,2019-08-23,1890,35,1925,1930,1885,154557
439,2019-08-26,1770,120,1825,1855,1740,284736
438,2019-08-27,1815,45,1780,1870,1780,156283
437,2019-08-28,1850,35,1820,1910,1805,149686
436,2019-08-29,1825,25,1840,1870,1815,86955
433,2019-08-30,1895,70,1830,1950,1805,286663
432,2019-09-02,1915,20,1890,1930,1830,93356
431,2019-09-03,1915,0,1920,1935,1890,67696
430,2019-09-04,1935,20,1910,1935,1875,113226
429,2019-09-05,2015,80,1935,2100,1935,730792
425,2019-09-06,2015,0,2010,2035,1970,227083
424,2019-09-09,1990,25,2010,2030,1980,133855
423,2019-09-10,2020,30,1990,2160,1970,627622
422,2019-09-11,2005,15,2005,2030,1990,148663
421,2019-09-16,2030,25,2020,2030,1980,80313
418,2019-09-17,2010,20,2015,2040,2000,117737
417,2019-09-18,2065,55,2010,2130,2010,412787
416,2019-09-19,2055,10,2065,2130,2040,211630
415,2019-09-20,2045,10,2055,2070,2030,101356
414,2019-09-23,2005,40,2050,2060,1975,121184
410,2019-09-24,2010,5,1990,2035,1990,78405
409,2019-09-25,1960,50,2010,2010,1955,149910
408,2019-09-26,1995,35,1960,2025,1900,153624
407,2019-09-27,1960,35,1995,2005,1945,85857
406,2019-09-30,1935,25,1960,1960,1850,213326
403,2019-10-01,1935,0,1935,1955,1905,128292
402,2019-10-02,1940,5,1925,1940,1910,48113
401,2019-10-04,1940,0,1930,1965,1925,45255
400,2019-10-07,1890,50,1880,1925,1860,139871
399,2019-10-08,1920,30,1855,1970,1855,99863
395,2019-10-10,1935,15,1920,1950,1895,34915
394,2019-10-11,1920,15,1935,1935,1900,39711
393,2019-10-14,1955,35,1925,1960,1915,41614
392,2019-10-15,2005,50,1955,2020,1945,117962
391,2019-10-16,2005,0,2020,2020,1980,92825
388,2019-10-17,1990,15,1995,2000,1980,54709
387,2019-10-18,1990,0,2000,2015,1955,110332
386,2019-10-21,1985,5,1980,1990,1935,52310
385,2019-10-22,1935,50,1930,1975,1930,78779
384,2019-10-23,1930,5,1950,1950,1900,118565
380,2019-10-24,1915,15,1885,1915,1880,169361
379,2019-10-25,2070,155,1930,2325,1885,7566643
378,2019-10-28,2345,275,2095,2465,2070,12638478
377,2019-10-29,2310,35,2310,2390,2250,2306127
376,2019-10-30,2350,40,2310,2410,2260,2989861
373,2019-10-31,2355,5,2370,2400,2305,1262934
372,2019-11-01,2230,125,2350,2355,2185,1062356
371,2019-11-04,2240,10,2230,2265,2210,401505
370,2019-11-05,2260,20,2240,2265,2200,275598
369,2019-11-06,2195,65,2270,2270,2180,369628
365,2019-11-07,2200,5,2225,2225,2150,201695
364,2019-11-08,2235,35,2220,2300,2195,521232
363,2019-11-11,2155,80,2280,2280,2105,431675
362,2019-11-12,2210,55,2190,2220,2125,267997
361,2019-11-13,2200,10,2205,2235,2135,246981
358,2019-11-14,2220,20,2190,2225,2170,190335
357,2019-11-15,2205,15,2200,2240,2165,172479
356,2019-11-18,2205,0,2220,2225,2160,181474
355,2019-11-19,2125,80,2205,2205,2105,202718
354,2019-11-20,2050,75,2130,2150,2030,229945
350,2019-11-21,2000,50,2025,2050,1980,198161
349,2019-11-22,2045,45,1985,2075,1985,122049
348,2019-11-25,2070,25,2030,2105,2030,116404
347,2019-11-26,2105,35,2105,2115,2070,101281
346,2019-11-27,2070,35,2105,2150,2055,56150
343,2019-11-28,2035,35,2050,2100,2000,118304
342,2019-11-29,2005,30,2010,2060,1980,116511
341,2019-12-02,1995,10,1995,2030,1960,125258
340,2019-12-03,2010,15,1950,2040,1935,95641
339,2019-12-04,2065,55,2010,2065,1950,120300
335,2019-12-05,1970,95,2060,2060,1950,112626
334,2019-12-06,2050,80,1955,2050,1955,51943
333,2019-12-09,2045,5,2085,2085,1945,56476
332,2019-12-10,2065,20,2020,2085,2000,116721
331,2019-12-11,2055,10,2010,2080,2010,91795
328,2019-12-12,2150,95,2055,2190,2055,394196
327,2019-12-13,2150,0,2150,2170,2120,163188
326,2019-12-16,2240,90,2135,2240,2125,349690
325,2019-12-17,2195,45,2210,2240,2170,195293
324,2019-12-18,2190,5,2195,2210,2135,101651
320,2019-12-19,2150,40,2190,2195,2150,135863
319,2019-12-20,2160,10,2145,2180,2125,65934
318,2019-12-23,2100,60,2160,2160,2095,60623
317,2019-12-24,2000,100,2090,2150,1980,157053
316,2019-12-26,2000,0,2000,2035,1985,75224
313,2019-12-27,2065,65,2020,2075,2010,101189
312,2019-12-30,2125,60,2065,2140,2055,105373
311,2020-01-02,2200,75,2180,2200,2080,206557
310,2020-01-03,2175,25,2210,2230,2155,184850
309,2020-01-06,2190,15,2150,2210,2090,248771
305,2020-01-07,2195,5,2190,2235,2165,174629
304,2020-01-08,2100,95,2190,2205,2090,188377
303,2020-01-09,2200,100,2135,2225,2130,177843
302,2020-01-10,2210,10,2200,2225,2185,98393
301,2020-01-13,2265,55,2225,2275,2190,361227
298,2020-01-14,2260,5,2230,2275,2210,266548
297,2020-01-15,2230,30,2250,2260,2205,79988
296,2020-01-16,2180,50,2215,2250,2165,183743
295,2020-01-17,2170,10,2175,2200,2165,77202
294,2020-01-20,2135,35,2165,2190,2125,130681
290,2020-01-21,2080,55,2135,2150,2035,240403
289,2020-01-22,2130,50,2080,2135,2080,128061
288,2020-01-23,2100,30,2130,2155,2080,82527
287,2020-01-28,2010,90,2000,2045,1995,190337
286,2020-01-29,2065,55,2010,2085,2010,67327
283,2020-01-30,2000,65,2040,2085,1970,156618
282,2020-01-31,1945,55,2000,2015,1945,157026
281,2020-02-03,1950,5,1870,1955,1840,164136
280,2020-02-04,1985,35,1935,2045,1935,64355
279,2020-02-05,2045,60,1980,2060,1980,84065
275,2020-02-06,2090,45,2045,2100,2045,156237
274,2020-02-07,2100,10,2080,2105,2075,115729
273,2020-02-10,2070,30,2080,2120,2045,105076
272,2020-02-11,2100,30,2020,2100,2020,245570
271,2020-02-12,2165,65,2080,2190,2080,228717
268,2020-02-13,2180,15,2170,2195,2150,161075
267,2020-02-14,2175,5,2185,2200,2160,133466
266,2020-02-17,2200,25,2195,2210,2145,176721
265,2020-02-18,2140,60,2180,2220,2140,127887
264,2020-02-19,2140,0,2130,2180,2120,88831
260,2020-02-20,2150,10,2170,2170,2090,115146
259,2020-02-21,2100,50,2085,2125,2085,52864
258,2020-02-24,2020,80,2025,2085,1980,117963
257,2020-02-25,2075,55,1985,2075,1980,103768
256,2020-02-26,2070,5,2055,2080,2005,60585
253,2020-02-27,1990,80,2085,2085,1970,126390
252,2020-02-28,1815,175,1920,1970,1795,444418
251,2020-03-02,1890,75,1795,1900,1760,105199
250,2020-03-03,1880,10,1905,1930,1875,55183
249,2020-03-04,1935,55,1785,1955,1785,181665
245,2020-03-05,1950,15,1935,1960,1900,129539
244,2020-03-06,1910,40,1945,1945,1885,111136
243,2020-03-09,1795,115,1900,1900,1790,155436
242,2020-03-10,1800,5,1720,1800,1710,110114
241,2020-03-11,1755,45,1815,1840,1670,159269
238,2020-03-12,1455,300,1735,1735,1450,530970
237,2020-03-13,1265,190,1310,1330,1085,570055
236,2020-03-16,1190,75,1220,1370,1160,331006
235,2020-03-17,1095,95,1025,1125,1005,883962
234,2020-03-18,1115,20,1135,1235,1085,453001
230,2020-03-19,945,170,1100,1175,902,277805
229,2020-03-20,1015,70,933,1040,933,235480
228,2020-03-23,946,69,980,995,906,129332
227,2020-03-24,999,53,949,1020,946,125900
226,2020-03-25,1065,66,1020,1115,1020,330018
223,2020-03-26,1130,65,1060,1160,1035,214603
222,2020-03-27,1135,5,1165,1200,1055,175206
221,2020-03-30,1160,25,1075,1160,1055,139877
220,2020-03-31,1210,50,1160,1235,1155,197401
219,2020-04-01,1160,50,1210,1240,1135,288803
215,2020-04-02,1165,5,1180,1180,1110,62403
214,2020-04-03,1215,50,1155,1220,1130,493707
213,2020-04-06,1575,360,1450,1575,1440,8580488
212,2020-04-07,1545,30,1635,1735,1510,5985567
211,2020-04-08,1520,25,1545,1545,1435,1369552
208,2020-04-09,1580,60,1790,1825,1580,3674676
207,2020-04-10,1565,15,1630,1650,1500,932805
206,2020-04-13,1460,105,1515,1560,1450,575107
205,2020-04-14,1510,50,1470,1535,1445,480221
204,2020-04-16,1540,30,1485,1550,1450,318914
200,2020-04-17,1540,0,1550,1570,1520,352369
199,2020-04-20,1555,15,1580,1600,1535,291250
198,2020-04-21,1495,60,1555,1575,1350,487532
197,2020-04-22,1515,20,1500,1515,1445,162160
196,2020-04-23,1540,25,1520,1545,1505,235779
193,2020-04-24,1510,30,1540,1540,1470,179875
192,2020-04-27,1510,0,1520,1530,1500,160348
191,2020-04-28,1500,10,1510,1545,1480,162530
190,2020-04-29,1520,20,1500,1540,1485,229122
189,2020-05-04,1505,15,1510,1535,1480,265651
185,2020-05-06,1520,15,1505,1525,1480,168486
184,2020-05-07,1535,15,1525,1555,1500,562647
183,2020-05-08,1690,155,1530,1690,1525,2322608
182,2020-05-11,1590,100,1660,1670,1585,960011
181,2020-05-12,1585,5,1600,1615,1525,491345
178,2020-05-13,1555,30,1540,1580,1535,293931
177,2020-05-14,1500,55,1555,1570,1500,240972
176,2020-05-15,1475,25,1510,1530,1475,276680
175,2020-05-18,1405,70,1465,1485,1405,360786
174,2020-05-19,1480,75,1420,1480,1420,245713
170,2020-05-20,1530,50,1490,1540,1450,237118
169,2020-05-21,1530,0,1550,1550,1510,173834
168,2020-05-22,1500,30,1525,1560,1490,178166
167,2020-05-25,1515,15,1500,1540,1480,120240
166,2020-05-26,1580,65,1505,1590,1500,381284
163,2020-05-27,1570,10,1600,1630,1555,276008
162,2020-05-28,1525,45,1555,1580,1455,228370
161,2020-05-29,1495,30,1530,1530,1470,109769
160,2020-06-01,1515,20,1495,1540,1485,92503
159,2020-06-02,1570,55,1515,1580,1495,243420
155,2020-06-03,1550,20,1570,1575,1535,129460
154,2020-06-04,1580,30,1550,1610,1550,376589
153,2020-06-05,1600,20,1580,1630,1545,315409
152,2020-06-08,1575,25,1600,1640,1570,171516
151,2020-06-09,1530,45,1575,1600,1510,245180
148,2020-06-10,1525,5,1530,1545,1495,158620
147,2020-06-11,1500,25,1525,1565,1465,168088
146,2020-06-12,1445,55,1420,1455,1400,288821
145,2020-06-15,1295,150,1420,1445,1270,404145
144,2020-06-16,1350,55,1300,1370,1300,233595
140,2020-06-17,1415,65,1325,1420,1320,261358
139,2020-06-18,1390,25,1420,1435,1375,126525
138,2020-06-19,1415,25,1390,1415,1375,111814
137,2020-06-22,1445,30,1415,1450,1400,128185
136,2020-06-23,1445,0,1445,1470,1420,183533
133,2020-06-24,1440,5,1445,1490,1430,98080
132,2020-06-25,1410,30,1435,1475,1390,111149
131,2020-06-26,1405,5,1410,1435,1390,64883
130,2020-06-29,1375,30,1365,1390,1350,80026
129,2020-06-30,1380,5,1375,1400,1355,76055
125,2020-07-01,1375,5,1370,1400,1355,52487
124,2020-07-02,1380,5,1360,1400,1350,66971
123,2020-07-03,1415,35,1370,1420,1370,122177
122,2020-07-06,1495,80,1415,1500,1390,187171
121,2020-07-07,1425,70,1470,1500,1420,181882
118,2020-07-08,1445,20,1425,1450,1410,69019
117,2020-07-09,1445,0,1405,1465,1405,132204
116,2020-07-10,1425,20,1445,1465,1405,84159
115,2020-07-13,1420,5,1425,1455,1415,48888
114,2020-07-14,1445,25,1430,1445,1400,141787
110,2020-07-15,1485,40,1440,1490,1430,226598
109,2020-07-16,1465,20,1465,1510,1440,215343
108,2020-07-17,1470,5,1465,1480,1430,98553
107,2020-07-20,1480,10,1470,1500,1450,89676
106,2020-07-21,1480,0,1480,1520,1455,149028
103,2020-07-22,1450,30,1480,1480,1420,142086
102,2020-07-23,1440,10,1450,1450,1420,85110
101,2020-07-24,1425,15,1440,1445,1390,114717
100,2020-07-27,1435,10,1390,1440,1390,119282
99,2020-07-28,1425,10,1425,1450,1395,118059
95,2020-07-29,1430,5,1435,1445,1405,106893
94,2020-07-30,1445,15,1440,1445,1400,113872
93,2020-07-31,1445,0,1445,1450,1405,96014
92,2020-08-03,1395,50,1455,1455,1385,137077
91,2020-08-04,1375,20,1395,1410,1365,139706
88,2020-08-05,1420,45,1375,1420,1370,89303
87,2020-08-06,1425,5,1420,1435,1390,157348
86,2020-08-07,1425,0,1425,1430,1380,75168
85,2020-08-10,1530,105,1390,1570,1390,754850
84,2020-08-11,1725,195,1510,1920,1505,7527138
80,2020-08-12,1655,70,1705,1715,1610,1211927
79,2020-08-13,1620,35,1655,1765,1620,1392221
78,2020-08-14,1725,105,1610,1845,1575,2978322
77,2020-08-18,1615,110,1695,1700,1545,1449958
76,2020-08-19,1575,40,1570,1605,1510,799009
73,2020-08-20,1470,105,1560,1585,1420,634456
72,2020-08-21,1510,40,1470,1545,1440,224452
71,2020-08-24,1605,95,1495,1620,1480,369340
70,2020-08-25,1675,70,1595,1695,1575,447987
69,2020-08-26,1695,20,1675,1710,1610,401438
65,2020-08-27,1660,35,1690,1700,1640,338814
64,2020-08-28,1795,135,1660,1940,1650,2418945
63,2020-08-31,1765,30,1780,1795,1715,386416
62,2020-09-01,1785,20,1780,1850,1755,310799
61,2020-09-02,1820,35,1790,1825,1755,227199
58,2020-09-03,1790,30,1810,1830,1755,257247
57,2020-09-04,1750,40,1655,1755,1655,350788
56,2020-09-07,1755,5,1740,1765,1680,129881
55,2020-09-08,1830,75,1760,1895,1745,491837
54,2020-09-09,1900,70,1840,1900,1780,259952
50,2020-09-10,2160,260,1945,2470,1920,14208332
49,2020-09-11,2240,80,2135,2250,2125,1278539
48,2020-09-14,2290,50,2205,2420,2155,2066045
47,2020-09-15,2330,40,2290,2330,2230,580571
46,2020-09-16,2280,50,2345,2380,2200,629334
43,2020-09-17,2170,110,2300,2385,2120,525512
42,2020-09-18,2240,70,2170,2270,2155,229660
41,2020-09-21,2305,65,2220,2430,2200,1332220
40,2020-09-22,2355,50,2350,2580,2270,2678041
39,2020-09-23,2350,5,2405,2405,2170,815550
35,2020-09-24,2230,120,2300,2345,2230,412292
34,2020-09-25,2280,50,2280,2325,2230,324620
33,2020-09-28,2385,105,2285,2390,2270,264144
32,2020-09-29,2365,20,2400,2405,2195,682991
31,2020-10-05,2400,35,2330,2415,2295,228802
28,2020-10-06,2400,0,2400,2450,2370,191588
27,2020-10-07,2435,35,2400,2850,2375,5905525
26,2020-10-08,2365,70,2450,2480,2310,711340
25,2020-10-12,2405,40,2365,2475,2330,509128
24,2020-10-13,2600,195,2375,2610,2370,1317565
20,2020-10-14,2240,360,2560,2600,2230,1930337
19,2020-10-15,2245,5,2250,2260,2100,881645
18,2020-10-16,2225,20,2245,2280,2150,350224
17,2020-10-19,2185,40,2205,2250,2155,254115
16,2020-10-20,2185,0,2155,2190,2070,499745
13,2020-10-21,2160,25,2170,2180,2130,113469
12,2020-10-22,2140,20,2160,2205,2120,190863
11,2020-10-23,2220,80,2150,2260,2120,296857
10,2020-10-26,2155,65,2220,2225,2155,303262
9,2020-10-27,2155,0,2155,2210,2110,129536
5,2020-10-28,2155,0,2170,2180,2115,141845
4,2020-10-29,2080,75,2110,2150,2040,234454
3,2020-10-30,2040,40,2080,2090,2005,167768
2,2020-11-02,2130,90,2035,2170,2000,276409
1,2020-11-03,2165,35,2130,2275,2130,440211
