,date,close,diff,open,high,low,volume
448,2019-08-16,7700,220,7820,7900,7610,41651
447,2019-08-19,7750,50,7800,7830,7670,33214
446,2019-08-20,7900,150,7870,7940,7850,56023
445,2019-08-21,8110,210,7900,8170,7860,76581
444,2019-08-22,8170,60,8180,8400,8070,76935
440,2019-08-23,8240,70,8160,8280,8070,53379
439,2019-08-26,8000,240,8180,8180,7970,45070
438,2019-08-27,8050,50,8080,8160,8050,17077
437,2019-08-28,8050,0,8050,8100,8000,15125
436,2019-08-29,8030,20,8080,8150,8020,15039
433,2019-08-30,8160,130,8040,8220,8040,17225
432,2019-09-02,8140,20,8240,8240,8140,5701
431,2019-09-03,8200,60,8100,8230,8100,19037
430,2019-09-04,8240,40,8250,8320,8200,16584
429,2019-09-05,8360,120,8330,8440,8270,51274
425,2019-09-06,8280,80,8390,8390,8260,21051
424,2019-09-09,8350,70,8280,8400,8250,11136
423,2019-09-10,8560,210,8350,8570,8350,34448
422,2019-09-11,8570,10,8570,8650,8550,30854
421,2019-09-16,8600,30,8600,8670,8580,17838
418,2019-09-17,8710,110,8580,8730,8580,19245
417,2019-09-18,8740,30,8710,8770,8630,18613
416,2019-09-19,8770,30,8760,8850,8730,17450
415,2019-09-20,8700,70,8830,8830,8700,9150
414,2019-09-23,8630,70,8590,8700,8590,14657
410,2019-09-24,8710,80,8630,8830,8630,8428
409,2019-09-25,8590,120,8760,8760,8470,17047
408,2019-09-26,8480,110,8590,8680,8450,25213
407,2019-09-27,8450,30,8500,8570,8380,7572
406,2019-09-30,8380,70,8370,8420,8260,12810
403,2019-10-01,8430,50,8350,8430,8310,5930
402,2019-10-02,8310,120,8500,8500,8300,13401
401,2019-10-04,8160,150,8310,8310,8100,11414
400,2019-10-07,8120,40,8250,8250,8120,11303
399,2019-10-08,8180,60,8210,8220,8120,3299
395,2019-10-10,8110,70,8200,8200,8110,8844
394,2019-10-11,8170,60,8240,8240,8120,6820
393,2019-10-14,8340,170,8230,8340,8170,9076
392,2019-10-15,8370,30,8340,8420,8290,9795
391,2019-10-16,8420,50,8410,8480,8340,9614
388,2019-10-17,8420,0,8470,8490,8300,4959
387,2019-10-18,8390,30,8420,8450,8360,4081
386,2019-10-21,8240,150,8390,8390,8210,8426
385,2019-10-22,8170,70,8210,8320,8130,12824
384,2019-10-23,8130,40,8280,8280,8050,28021
380,2019-10-24,8020,110,8140,8140,7990,26073
379,2019-10-25,8040,20,8100,8150,8000,18504
378,2019-10-28,8040,0,8120,8170,7990,18959
377,2019-10-29,7900,140,8070,8090,7870,42349
376,2019-10-30,7880,20,7910,7950,7830,24570
373,2019-10-31,7960,80,7950,7960,7860,20248
372,2019-11-01,7960,0,7960,7960,7790,15946
371,2019-11-04,8100,140,8000,8100,7980,24046
370,2019-11-05,8180,80,8100,8190,8050,14071
369,2019-11-06,8180,0,8180,8210,8110,12387
365,2019-11-07,8200,20,8180,8240,8140,7689
364,2019-11-08,8190,10,8210,8240,8130,15461
363,2019-11-11,8180,10,8210,8210,8060,8183
362,2019-11-12,8000,180,8180,8180,7990,33676
361,2019-11-13,8000,0,8080,8080,8000,8931
358,2019-11-14,8000,0,8020,8050,7960,8560
357,2019-11-15,8170,170,8030,8200,8030,21876
356,2019-11-18,8150,20,8220,8230,8110,8944
355,2019-11-19,8430,280,8150,8600,8130,95967
354,2019-11-20,8280,150,8400,8620,8250,58836
350,2019-11-21,8220,60,8450,8450,8140,28563
349,2019-11-22,8150,70,8230,8340,8050,41916
348,2019-11-25,8300,150,8150,8320,8050,27409
347,2019-11-26,8320,20,8220,8330,8220,11994
346,2019-11-27,8310,10,8310,8320,8200,12320
343,2019-11-28,8270,40,8310,8350,8140,30976
342,2019-11-29,8150,120,8270,8270,8140,10883
341,2019-12-02,8090,60,8140,8200,8070,21643
340,2019-12-03,7990,100,8080,8080,7950,23154
339,2019-12-04,7780,210,8030,8030,7770,53883
335,2019-12-05,7780,0,7900,7920,7750,29219
334,2019-12-06,7800,20,7830,7840,7750,8602
333,2019-12-09,7800,0,7810,7870,7740,17785
332,2019-12-10,7760,40,7760,7830,7740,20824
331,2019-12-11,7810,50,7850,7850,7720,16275
328,2019-12-12,7960,150,7820,8000,7810,22859
327,2019-12-13,8050,90,7970,8090,7950,39349
326,2019-12-16,8170,120,8030,8280,8030,47305
325,2019-12-17,8240,70,8280,8280,8120,23676
324,2019-12-18,8340,100,8240,8350,8240,27309
320,2019-12-19,8240,100,8340,8400,8240,37207
319,2019-12-20,8310,70,8200,8340,8200,24234
318,2019-12-23,8190,120,8310,8390,8180,23750
317,2019-12-24,8220,30,8240,8260,8170,7722
316,2019-12-26,8240,20,8220,8280,8150,38451
313,2019-12-27,8280,40,8180,8290,8130,14945
312,2019-12-30,8300,20,8330,8330,8260,16775
311,2020-01-02,8350,50,8340,8350,8260,14713
310,2020-01-03,8340,10,8400,8400,8260,14510
309,2020-01-06,8300,40,8250,8330,8170,42806
305,2020-01-07,8460,160,8270,8550,8270,244004
304,2020-01-08,8250,210,8600,8600,8170,85560
303,2020-01-09,8420,170,8310,8450,8280,145258
302,2020-01-10,8420,0,8500,8500,8350,78738
301,2020-01-13,8620,200,8480,8720,8460,281152
298,2020-01-14,8340,280,8620,8640,8320,482607
297,2020-01-15,8230,110,8390,8390,8200,132920
296,2020-01-16,8220,10,8260,8270,8200,40098
295,2020-01-17,8250,30,8250,8270,8180,37556
294,2020-01-20,8220,30,8280,8280,8200,41409
290,2020-01-21,8200,20,8230,8230,8100,63858
289,2020-01-22,8250,50,8230,8270,8160,32072
288,2020-01-23,8260,10,8220,8280,7750,69392
287,2020-01-28,8050,210,7850,8090,7850,67237
286,2020-01-29,8100,50,8150,8200,8050,32030
283,2020-01-30,8070,30,8150,8180,8000,31992
282,2020-01-31,7900,170,8060,8130,7900,26937
281,2020-02-03,7910,10,7840,7920,7730,86175
280,2020-02-04,8050,140,7960,8110,7960,30095
279,2020-02-05,8270,220,8080,8290,8080,75590
275,2020-02-06,8310,40,8310,8390,8230,136495
274,2020-02-07,8200,110,8390,8390,8150,309033
273,2020-02-10,8300,100,8230,8310,8190,68287
272,2020-02-11,8270,30,8350,8390,8240,29163
271,2020-02-12,8260,10,8270,8340,8190,44385
268,2020-02-13,8230,30,8270,8340,8150,104561
267,2020-02-14,8360,130,8240,8400,8220,159750
266,2020-02-17,8300,60,8360,8380,8210,140480
265,2020-02-18,8230,70,8280,8430,8160,179657
264,2020-02-19,8090,140,8210,8250,8060,68018
260,2020-02-20,7980,110,8200,8200,7930,53281
259,2020-02-21,7850,130,7960,7960,7840,57293
258,2020-02-24,7470,380,7570,7750,7400,102850
257,2020-02-25,7590,120,7360,7610,7360,37552
256,2020-02-26,7630,40,7420,7680,7410,39865
253,2020-02-27,7440,190,7680,7680,7440,18608
252,2020-02-28,7430,10,7700,7700,7300,119674
251,2020-03-02,7500,70,7330,7670,7330,38271
250,2020-03-03,7500,0,7700,7700,7450,40855
249,2020-03-04,7590,90,7440,7630,7410,48548
245,2020-03-05,7700,110,7700,7710,7590,44814
244,2020-03-06,7640,60,7590,7680,7550,32108
243,2020-03-09,7400,240,7600,7600,7380,69382
242,2020-03-10,7340,60,7100,7420,7100,74759
241,2020-03-11,6970,370,7360,7360,6900,98296
238,2020-03-12,6500,470,6850,6970,6300,73262
237,2020-03-13,5900,600,6000,6280,5450,194055
236,2020-03-16,5590,310,5900,6090,5590,89538
235,2020-03-17,5320,270,5100,5560,5100,105070
234,2020-03-18,4990,330,5340,5440,4990,63281
230,2020-03-19,4500,490,5000,5090,4165,317854
229,2020-03-20,5510,1010,4525,5850,4520,231508
228,2020-03-23,5290,220,5200,5500,4960,1002117
227,2020-03-24,5500,210,5490,5550,5360,62372
226,2020-03-25,6040,540,5670,6430,5670,285873
223,2020-03-26,5950,90,6140,6260,5950,105244
222,2020-03-27,5960,10,6150,6200,5900,58996
221,2020-03-30,6010,50,5850,6150,5670,104151
220,2020-03-31,6200,190,6110,6400,6050,100412
219,2020-04-01,6190,10,6230,6700,6150,164035
215,2020-04-02,6890,700,6350,7300,6220,403469
214,2020-04-03,6770,120,6910,6960,6660,101735
213,2020-04-06,6900,130,6780,6980,6740,117019
212,2020-04-07,7120,220,7050,7550,7000,284382
211,2020-04-08,7080,40,7120,7250,7000,76704
208,2020-04-09,7290,210,7110,7370,7110,161129
207,2020-04-10,7240,50,7300,7350,6800,94287
206,2020-04-13,7110,130,7210,7300,7040,82423
205,2020-04-14,7240,130,7200,7350,7120,69262
204,2020-04-16,7310,70,7300,7390,7100,76263
200,2020-04-17,7730,420,7500,7980,7410,179696
199,2020-04-20,7650,80,7740,7820,7580,1379164
198,2020-04-21,7510,140,7650,7820,7200,121835
197,2020-04-22,7580,70,7500,7600,7340,74385
196,2020-04-23,7990,410,7730,8350,7620,474019
193,2020-04-24,8060,70,7900,8420,7890,342827
192,2020-04-27,8100,40,8080,8210,7990,113207
191,2020-04-28,8090,10,8130,8170,7980,84089
190,2020-04-29,8190,100,8190,8260,8000,122110
189,2020-05-04,8000,190,8030,8150,7900,155819
185,2020-05-06,8180,180,8190,8190,8060,119350
184,2020-05-07,10600,2420,8230,10600,8160,2682337
183,2020-05-08,11700,1100,11500,13000,11050,11097423
182,2020-05-11,12450,750,11950,13850,11900,7464960
181,2020-05-12,12850,400,12800,12850,12450,742212
178,2020-05-13,13050,200,12550,13050,12550,588872
177,2020-05-14,13550,500,13050,13650,13050,806616
176,2020-05-15,13700,150,13750,16350,12700,6687562
175,2020-05-18,14100,400,13300,14750,12950,3122425
174,2020-05-19,14400,300,13850,14450,13500,1251881
170,2020-05-20,14550,150,14200,16500,14150,7185088
169,2020-05-21,13850,700,14600,14700,13650,1422097
168,2020-05-22,13300,550,13700,13800,13050,1148959
167,2020-05-25,14450,1150,13500,14600,13450,2037099
166,2020-05-26,14500,50,14600,14600,14000,909083
163,2020-05-27,14500,0,14400,14600,14100,1004186
162,2020-05-28,14350,150,15350,16850,14050,9072833
161,2020-05-29,13750,600,13900,14300,13550,984965
160,2020-06-01,13700,50,13800,14300,13700,842256
159,2020-06-02,13800,100,14000,14000,13600,573038
155,2020-06-03,13650,150,13850,14100,13650,575977
154,2020-06-04,12950,700,13650,13700,12800,999742
153,2020-06-05,13350,400,12950,13550,12950,494240
152,2020-06-08,13650,300,13450,13700,13150,432155
151,2020-06-09,14500,850,13700,14550,13450,1075482
148,2020-06-10,13950,550,14350,14600,13900,774864
147,2020-06-11,14000,50,14050,14350,13700,1019591
146,2020-06-12,13250,750,13200,13500,12900,773724
145,2020-06-15,11700,1550,12950,13050,11700,945256
144,2020-06-16,12450,750,12100,12650,11900,442710
140,2020-06-17,12300,150,12150,12550,11850,338637
139,2020-06-18,12950,650,12150,13350,12050,964793
138,2020-06-19,13050,100,13100,13300,12650,358372
137,2020-06-22,13350,300,12900,13500,12650,776904
136,2020-06-23,13900,550,14300,14500,13350,2466912
133,2020-06-24,13900,0,14050,14250,13700,688834
132,2020-06-25,14050,150,13550,14050,13400,609812
131,2020-06-26,13450,600,14200,14200,13350,483082
130,2020-06-29,12650,800,13050,13200,12550,419071
129,2020-06-30,12550,100,12850,13050,12300,328850
125,2020-07-01,12600,50,12700,12950,12550,195765
124,2020-07-02,13000,400,12650,13050,12550,198388
123,2020-07-03,13050,50,13000,13350,12900,193408
122,2020-07-06,12950,100,13150,13150,12500,199472
121,2020-07-07,13850,900,12950,13900,12900,932806
118,2020-07-08,14000,150,13800,14000,13450,484573
117,2020-07-09,14650,650,14300,14900,13950,2126149
116,2020-07-10,14350,300,14450,15600,14150,3692525
115,2020-07-13,14750,400,14600,15050,14350,954085
114,2020-07-14,13950,800,14500,14550,13800,723784
110,2020-07-15,13900,50,14000,14100,13550,429426
109,2020-07-16,13750,150,13850,14100,13550,417975
108,2020-07-17,13800,50,13650,13950,13600,266140
107,2020-07-20,13500,300,13900,13950,13350,300622
106,2020-07-21,13900,400,13600,14100,13300,671135
103,2020-07-22,14600,700,13900,14700,13750,1095897
102,2020-07-23,14150,450,14500,14600,13850,502356
101,2020-07-24,13550,600,13850,14100,13450,373807
100,2020-07-27,14050,500,13600,14050,13500,273596
99,2020-07-28,14050,0,14100,14250,13950,361371
95,2020-07-29,14350,300,14100,14450,13900,385104
94,2020-07-30,15350,1000,14400,15350,14150,1598060
93,2020-07-31,14550,800,15600,17750,14550,10341411
92,2020-08-03,16200,1650,14800,16250,14700,3496678
91,2020-08-04,15700,500,16200,16200,15550,1026831
88,2020-08-05,15600,100,16000,17100,15500,3344466
87,2020-08-06,15200,400,15700,15850,15150,567261
86,2020-08-07,15100,100,15350,15600,14950,436904
85,2020-08-10,15700,600,15000,15700,14700,580656
84,2020-08-11,15700,0,16000,16000,15450,490981
80,2020-08-12,15200,500,15700,15800,14900,415422
79,2020-08-13,14950,250,15450,15500,14850,318263
78,2020-08-14,14400,550,14850,15050,14150,442317
77,2020-08-18,13400,1000,14500,15100,13200,809535
76,2020-08-19,14050,650,13500,14050,13100,419567
73,2020-08-20,13050,1000,13950,14000,12800,555488
72,2020-08-21,13200,150,13150,13500,12650,410010
71,2020-08-24,13250,50,13200,13500,12550,273186
70,2020-08-25,13650,400,13400,13750,13300,249093
69,2020-08-26,13450,200,13550,13650,13200,241361
65,2020-08-27,13250,200,13600,13650,13200,254823
64,2020-08-28,13250,0,13350,13500,13050,259218
63,2020-08-31,13550,300,13400,13800,13250,297296
62,2020-09-01,14100,550,13600,14500,13600,580655
61,2020-09-02,14250,150,14200,14400,13950,275989
58,2020-09-03,14050,200,14500,14500,14050,297431
57,2020-09-04,13850,200,13300,13950,13250,389636
56,2020-09-07,14850,1000,14050,15000,13750,1238645
55,2020-09-08,15250,400,15350,17750,15100,11499335
54,2020-09-09,15650,400,14750,15850,14700,1290783
50,2020-09-10,15000,650,15600,15750,14900,904336
49,2020-09-11,15350,350,14950,16150,14800,1699853
48,2020-09-14,15150,200,15400,15850,15050,550395
47,2020-09-15,14650,500,15050,15100,14550,450396
46,2020-09-16,14400,250,14600,14800,14150,476161
43,2020-09-17,14200,200,14500,14850,14200,371532
42,2020-09-18,14300,100,14250,14700,13950,241964
41,2020-09-21,13650,650,14150,14350,13500,318141
40,2020-09-22,13100,550,13550,13650,13050,350904
39,2020-09-23,13400,300,13200,13700,13150,294895
35,2020-09-24,12550,850,13100,13500,12500,389654
34,2020-09-25,12750,200,12700,12900,12450,167198
33,2020-09-28,13050,300,12850,13200,12800,187420
32,2020-09-29,13200,150,13250,13250,13050,124503
31,2020-10-05,13600,400,13100,13600,13100,144364
28,2020-10-06,13600,0,13800,13850,13450,138425
27,2020-10-07,13550,50,13450,13700,13350,93956
26,2020-10-08,13500,50,13800,13800,13350,154843
25,2020-10-12,13300,200,13550,13600,13200,139062
24,2020-10-13,13350,50,13350,13500,13200,126680
20,2020-10-14,13000,350,13350,13400,12900,160909
19,2020-10-15,12550,450,12850,13000,12400,288273
18,2020-10-16,12350,200,12500,12700,12000,233188
17,2020-10-19,12250,100,12350,12500,12100,112249
16,2020-10-20,12000,250,12050,12250,11650,224833
13,2020-10-21,12350,350,12100,12350,11850,96995
12,2020-10-22,12000,350,12250,12250,12000,93682
11,2020-10-23,11950,50,12100,12150,11750,94056
10,2020-10-26,11000,950,11950,12000,10800,623304
9,2020-10-27,11000,0,10800,11300,10750,271018
5,2020-10-28,11400,400,11050,11500,11050,173537
4,2020-10-29,11500,100,11150,11550,11100,161391
3,2020-10-30,10800,700,11450,11450,10800,241932
2,2020-11-02,11450,650,10800,11450,10700,221930
1,2020-11-03,11750,300,11450,11850,11450,179655
