,date,close,diff,open,high,low,volume
448,2019-08-16,94900,2800,92100,95700,91600,172714
447,2019-08-19,95600,700,95600,96400,93900,75741
446,2019-08-20,98300,2700,95200,98800,95100,156010
445,2019-08-21,102500,4200,99200,103000,98500,239361
444,2019-08-22,97500,5000,102000,102000,97000,167469
440,2019-08-23,97000,500,97000,97900,96100,74450
439,2019-08-26,94900,2100,96500,96800,94800,51694
438,2019-08-27,94300,600,95600,96800,93600,161120
437,2019-08-28,94700,400,95400,95900,94100,64116
436,2019-08-29,94500,200,94800,95300,93300,73844
433,2019-08-30,97700,3200,95500,97800,94900,118051
432,2019-09-02,96500,1200,102500,102500,96400,72489
431,2019-09-03,96500,0,96200,97300,95900,75093
430,2019-09-04,95200,1300,95700,96200,93700,151850
429,2019-09-05,95800,600,95100,96900,95000,96334
425,2019-09-06,97100,1300,95600,97500,95600,70001
424,2019-09-09,97300,200,97000,98000,96500,75913
423,2019-09-10,98500,1200,97400,99300,96700,119266
422,2019-09-11,99100,600,98800,100000,97600,166303
421,2019-09-16,102000,2900,101500,103500,100500,167810
418,2019-09-17,102000,0,101500,103000,100500,93310
417,2019-09-18,101000,1000,103500,103500,99300,75270
416,2019-09-19,99700,1300,100000,101500,98600,85480
415,2019-09-20,101000,1300,98900,102500,98800,115566
414,2019-09-23,101500,500,101000,103000,100500,50608
410,2019-09-24,100000,1500,101000,102500,99700,115681
409,2019-09-25,98800,1200,99700,101500,98500,102197
408,2019-09-26,100500,1700,99100,102000,99100,121026
407,2019-09-27,102500,2000,103000,106000,100500,319159
406,2019-09-30,104000,1500,102500,104000,99200,143264
403,2019-10-01,102500,1500,102500,103500,101000,76937
402,2019-10-02,100000,2500,100500,102500,99700,94779
401,2019-10-04,97400,2600,99100,99900,96700,170714
400,2019-10-07,98100,700,97600,98700,97100,66837
399,2019-10-08,97300,800,98100,98700,96900,104979
395,2019-10-10,93300,4000,96000,96900,93300,272190
394,2019-10-11,94200,900,94000,94800,92600,85121
393,2019-10-14,97300,3100,95000,97800,95000,93370
392,2019-10-15,97300,0,97700,97800,96000,71547
391,2019-10-16,97900,600,97300,98600,96600,77327
388,2019-10-17,97300,600,98500,98600,97000,72809
387,2019-10-18,97300,0,98100,99400,96900,92040
386,2019-10-21,96300,1000,98000,98000,95600,55073
385,2019-10-22,97600,1300,96800,98200,96500,64086
384,2019-10-23,93500,4100,96600,97200,92900,153037
380,2019-10-24,94300,800,93100,94500,92800,120283
379,2019-10-25,92600,1700,93500,94300,91900,110487
378,2019-10-28,92500,100,93000,93300,92300,52245
377,2019-10-29,91400,1100,92800,93100,91000,112085
376,2019-10-30,92700,1300,92300,93500,91700,97724
373,2019-10-31,91000,1700,92200,92700,91000,134170
372,2019-11-01,91500,500,91200,91900,90100,78170
371,2019-11-04,93100,1600,92500,93600,92000,91436
370,2019-11-05,93900,800,93200,94100,92400,96834
369,2019-11-06,93300,600,93900,94000,92800,84486
365,2019-11-07,93200,100,93700,94000,92700,73873
364,2019-11-08,93300,100,93200,93500,92300,84437
363,2019-11-11,92500,800,93200,93700,92200,59235
362,2019-11-12,93200,700,93100,93500,92400,66472
361,2019-11-13,92500,700,93300,93500,92200,90633
358,2019-11-14,90700,1800,92500,92600,90500,136942
357,2019-11-15,93800,3100,90700,94300,90700,127100
356,2019-11-18,93600,200,93800,94200,92500,56374
355,2019-11-19,93800,200,92800,94100,92000,99276
354,2019-11-20,94300,500,92700,94700,92200,117597
350,2019-11-21,89900,4400,93300,93700,89500,228862
349,2019-11-22,91900,2000,90400,92400,90000,92445
348,2019-11-25,94100,2200,91900,95300,91900,138167
347,2019-11-26,94200,100,94000,95600,94000,164199
346,2019-11-27,93600,600,94200,94700,92700,49478
343,2019-11-28,92100,1500,92800,94100,91500,46397
342,2019-11-29,89900,2200,92600,92600,89800,108381
341,2019-12-02,88800,1100,90100,90300,88300,106534
340,2019-12-03,87300,1500,88300,88600,86400,135535
339,2019-12-04,87000,300,87600,88600,86300,127557
335,2019-12-05,87200,200,87000,88100,86100,77882
334,2019-12-06,86100,1100,87100,87500,85800,140407
333,2019-12-09,86500,400,86000,87300,85800,157891
332,2019-12-10,87300,800,86800,87800,86100,117357
331,2019-12-11,89200,1900,87500,89300,87200,116582
328,2019-12-12,90500,1300,88900,90900,88300,321983
327,2019-12-13,91600,1100,91300,92300,90900,179629
326,2019-12-16,91000,600,91100,92700,90700,119579
325,2019-12-17,89700,1300,91000,91100,89100,137698
324,2019-12-18,89300,400,89300,90500,88400,148697
320,2019-12-19,90100,800,88900,90400,88000,109524
319,2019-12-20,91600,1500,90200,92200,89700,147071
318,2019-12-23,91600,0,91900,91900,90800,95371
317,2019-12-24,91000,600,92000,92000,90600,50887
316,2019-12-26,90800,200,91200,91800,90500,68707
313,2019-12-27,88800,2000,89500,89900,88300,127638
312,2019-12-30,90500,1700,89000,90600,88600,101139
311,2020-01-02,87800,2700,90600,90700,87600,134537
310,2020-01-03,87800,0,87800,88700,87400,101282
309,2020-01-06,84100,3700,87000,87400,83500,235620
305,2020-01-07,85200,1100,85000,86000,83500,146068
304,2020-01-08,82600,2600,83700,84100,81500,172508
303,2020-01-09,83600,1000,83100,84600,82700,197330
302,2020-01-10,83600,0,82900,83900,82300,116901
301,2020-01-13,84100,500,83700,85100,83000,95972
298,2020-01-14,84600,500,84300,85500,84100,69738
297,2020-01-15,85700,1100,85000,87000,84500,152496
296,2020-01-16,85400,300,85700,86400,85200,68357
295,2020-01-17,85400,0,85800,86500,85400,69174
294,2020-01-20,86400,1000,85200,87500,85000,81869
290,2020-01-21,87000,600,86500,87600,86100,70851
289,2020-01-22,87600,600,87800,88000,86800,60015
288,2020-01-23,85100,2500,85600,86300,84400,181685
287,2020-01-28,83200,1900,83100,85200,83000,88395
286,2020-01-29,84500,1300,83500,85300,82500,114834
283,2020-01-30,83800,700,84200,85200,83600,90995
282,2020-01-31,81000,2800,84900,85100,81000,163308
281,2020-02-03,79600,1400,81000,81900,79300,146546
280,2020-02-04,81700,2100,79800,83300,79700,125134
279,2020-02-05,82500,800,84100,84100,82100,151915
275,2020-02-06,84500,2000,82900,85200,82100,156210
274,2020-02-07,83900,600,84600,84800,83100,71948
273,2020-02-10,82200,1700,83200,83900,81400,114859
272,2020-02-11,83300,1100,82500,83900,82300,105852
271,2020-02-12,85100,1800,82700,85100,82700,126575
268,2020-02-13,83000,2100,84800,84900,82900,122116
267,2020-02-14,80800,2200,83000,83200,80700,170016
266,2020-02-17,80800,0,81100,81400,79400,120557
265,2020-02-18,80300,500,80300,80600,79800,90851
264,2020-02-19,79300,1000,80800,80900,79200,98880
260,2020-02-20,77800,1500,79500,79900,77600,134218
259,2020-02-21,76700,1100,77000,77900,76500,106742
258,2020-02-24,72900,3800,74500,74800,72700,196480
257,2020-02-25,76200,3300,72700,76700,72100,170857
256,2020-02-26,75900,300,74000,77300,74000,141881
253,2020-02-27,74400,1500,75900,76800,74300,92796
252,2020-02-28,72500,1900,72500,74200,71800,199093
251,2020-03-02,71400,1100,73100,73200,70700,141563
250,2020-03-03,72200,800,72400,73500,72200,99384
249,2020-03-04,73600,1400,72100,75100,72100,125979
245,2020-03-05,75700,2100,74100,77100,73900,173148
244,2020-03-06,73000,2700,75200,75200,72300,164656
243,2020-03-09,69700,3300,71900,71900,68800,287194
242,2020-03-10,70500,800,69700,71000,68700,206062
241,2020-03-11,69200,1300,70400,72200,68600,238990
238,2020-03-12,66100,3100,69600,69900,63300,388547
237,2020-03-13,63200,2900,60100,64700,58700,453473
236,2020-03-16,60000,3200,63000,65200,59700,237690
235,2020-03-17,58500,1500,55100,61000,55100,206445
234,2020-03-18,55100,3400,58800,59500,55100,322816
230,2020-03-19,49000,6100,55400,56500,47950,559253
229,2020-03-20,56600,7600,49600,58600,49050,305317
228,2020-03-23,52500,4100,52500,54900,52500,239989
227,2020-03-24,56000,3500,53500,56900,52500,317211
226,2020-03-25,59000,3000,57600,60000,56000,451382
223,2020-03-26,60300,1300,58500,63300,57700,374288
222,2020-03-27,61300,1000,63200,63600,59000,324559
221,2020-03-30,66800,5500,60000,68500,59500,563525
220,2020-03-31,73700,6900,68300,78300,68300,958005
219,2020-04-01,68100,5600,77000,77500,68100,689291
215,2020-04-02,78700,10600,69800,84300,67800,2034731
214,2020-04-03,77800,900,79000,82000,75200,991464
213,2020-04-06,78000,200,76000,79600,75700,485619
212,2020-04-07,75200,2800,78800,78900,74000,547741
211,2020-04-08,74200,1000,74800,77100,73200,297407
208,2020-04-09,75100,900,75000,75700,73900,326349
207,2020-04-10,75100,0,75100,75700,73600,236255
206,2020-04-13,75200,100,75700,78700,74100,385239
205,2020-04-14,76700,1500,76200,78400,75000,335047
204,2020-04-16,75100,1600,76000,76400,73700,328360
200,2020-04-17,78700,3600,75500,81400,75500,704930
199,2020-04-20,81600,2900,78400,84700,77600,737680
198,2020-04-21,81400,200,82400,84200,75300,769096
197,2020-04-22,85200,3800,79900,85200,79100,524318
196,2020-04-23,84200,1000,84800,86700,83400,448534
193,2020-04-24,81400,2800,83100,84200,81400,332785
192,2020-04-27,81500,100,82100,83900,81100,270906
191,2020-04-28,87400,5900,81800,87400,81700,457174
190,2020-04-29,88100,700,88500,90700,85700,624286
189,2020-05-04,82700,5400,85600,86000,82700,515714
185,2020-05-06,82600,100,83900,84300,82100,311296
184,2020-05-07,82100,500,82600,83100,81700,220737
183,2020-05-08,81300,800,82100,84000,81100,337770
182,2020-05-11,80800,500,81800,83300,80800,230420
181,2020-05-12,81200,400,81700,81700,79600,312091
178,2020-05-13,81100,100,80000,81100,79200,289675
177,2020-05-14,78600,2500,80500,80600,78000,292440
176,2020-05-15,80400,1800,79300,80400,78300,192692
175,2020-05-18,80800,400,81000,81000,78700,167386
174,2020-05-19,81600,800,81700,82700,81400,267362
170,2020-05-20,82000,400,81000,83200,81000,166775
169,2020-05-21,80100,1900,82300,82600,79500,301356
168,2020-05-22,78900,1200,80400,80500,78000,227183
167,2020-05-25,79900,1000,79400,80400,78900,130128
166,2020-05-26,83600,3700,80000,85600,79900,623400
163,2020-05-27,86500,2900,83800,87200,83700,504494
162,2020-05-28,85900,600,87500,89700,84000,524307
161,2020-05-29,92300,6400,85500,94500,84600,1062582
160,2020-06-01,92900,600,91500,94000,90500,367400
159,2020-06-02,97400,4500,92500,98500,89400,678204
155,2020-06-03,96000,1400,98000,99300,95600,440087
154,2020-06-04,93300,2700,96800,97300,92600,344486
153,2020-06-05,94900,1600,93300,95600,92900,199462
152,2020-06-08,92300,2600,95500,95600,92000,262935
151,2020-06-09,92200,100,91800,93000,90800,232900
148,2020-06-10,93000,800,92100,94500,90800,253014
147,2020-06-11,89600,3400,92200,94000,88900,449401
146,2020-06-12,85600,4000,84000,86600,84000,311175
145,2020-06-15,80100,5500,84500,85500,80100,308770
144,2020-06-16,84500,4400,82100,84500,81100,193927
140,2020-06-17,85000,500,84500,85100,82100,211637
139,2020-06-18,83800,1200,84000,85400,83400,141265
138,2020-06-19,88000,4200,84500,88900,82500,279486
137,2020-06-22,86800,1200,86000,88500,86000,214192
136,2020-06-23,84800,2000,87000,87100,84600,232087
133,2020-06-24,86100,1300,84600,87300,84600,141469
132,2020-06-25,82700,3400,85000,85100,82700,185550
131,2020-06-26,82500,200,83500,84300,82400,154167
130,2020-06-29,80500,2000,81800,82000,79600,165062
129,2020-06-30,82300,1800,81000,83400,80700,149754
125,2020-07-01,82300,0,83400,84000,82100,110103
124,2020-07-02,84700,2400,82400,84800,82400,98062
123,2020-07-03,84600,100,85400,85400,83600,76508
122,2020-07-06,85000,400,84600,85000,83300,105693
121,2020-07-07,84700,300,85400,86400,84500,132270
118,2020-07-08,83300,1400,84300,85200,83300,149496
117,2020-07-09,82900,400,83300,85100,82900,167005
116,2020-07-10,82000,900,83000,83400,81700,132392
115,2020-07-13,84900,2900,82700,85700,81600,220055
114,2020-07-14,86100,1200,84900,86500,83400,215438
110,2020-07-15,87000,900,87400,89900,86900,357192
109,2020-07-16,89400,2400,87000,90700,86800,248857
108,2020-07-17,88900,500,89400,90300,87700,116094
107,2020-07-20,91800,2900,89000,92900,88300,261412
106,2020-07-21,90000,1800,91400,92200,89600,208357
103,2020-07-22,89500,500,90300,91700,88600,202543
102,2020-07-23,87100,2400,89500,89500,86700,148736
101,2020-07-24,86500,600,86300,87700,85500,120883
100,2020-07-27,84300,2200,86500,87600,83600,218436
99,2020-07-28,83700,600,84400,85300,82800,236271
95,2020-07-29,84100,400,83100,84600,82600,137754
94,2020-07-30,83700,400,84400,84400,83300,141058
93,2020-07-31,83700,0,85100,87500,83400,437698
92,2020-08-03,83200,500,84300,84500,82400,190424
91,2020-08-04,86700,3500,83800,90400,83800,807738
88,2020-08-05,84600,2100,87600,87700,83800,431556
87,2020-08-06,84900,300,84600,85600,84200,242822
86,2020-08-07,86300,1400,85200,88100,84800,355108
85,2020-08-10,85800,500,86100,86200,84300,259209
84,2020-08-11,87300,1500,86300,89100,86300,346139
80,2020-08-12,88000,700,87100,88000,85000,207762
79,2020-08-13,86800,1200,89200,89500,85900,317748
78,2020-08-14,87200,400,86800,88400,86300,170636
77,2020-08-18,82700,4500,87200,87200,82200,384080
76,2020-08-19,82300,400,82500,83800,82200,194522
73,2020-08-20,78900,3400,82000,82100,77400,367866
72,2020-08-21,78800,100,78900,80100,77900,224178
71,2020-08-24,78500,300,78800,79500,77200,163717
70,2020-08-25,81400,2900,79300,82000,79100,202841
69,2020-08-26,80800,600,81400,81600,79700,160617
65,2020-08-27,78600,2200,80300,81000,78500,223885
64,2020-08-28,89200,10600,79000,89600,78800,910007
63,2020-08-31,86900,2300,89400,93500,86900,783899
62,2020-09-01,94200,7300,88100,95000,87700,790761
61,2020-09-02,93800,400,94600,95200,92700,279178
58,2020-09-03,92000,1800,94200,95700,91800,301523
57,2020-09-04,90900,1100,89400,92300,87400,415768
56,2020-09-07,96700,5800,90400,99900,90300,730832
55,2020-09-08,96000,700,96700,98400,93600,385687
54,2020-09-09,94900,1100,94200,97300,93000,513910
50,2020-09-10,92800,2100,97800,97900,92800,642280
49,2020-09-11,87200,5600,89300,90000,84000,1487256
48,2020-09-14,85100,2100,87100,87500,84600,644194
47,2020-09-15,83000,2100,85100,85400,81700,634599
46,2020-09-16,83000,0,83100,85200,82200,410539
43,2020-09-17,81200,1800,83000,83100,81000,340398
42,2020-09-18,83500,2300,81800,84200,81500,408152
41,2020-09-21,82400,1100,83700,84300,82200,219336
40,2020-09-22,79300,3100,82100,82400,78500,414481
39,2020-09-23,78200,1100,79700,80200,77500,307785
35,2020-09-24,75100,3100,77100,77800,74900,345696
34,2020-09-25,76200,1100,75700,77300,74600,182928
33,2020-09-28,77400,1200,76500,77800,75700,138988
32,2020-09-29,77400,0,78700,79100,76600,218334
31,2020-10-05,80800,3400,77900,81500,76200,342808
28,2020-10-06,79400,1400,80500,81100,78700,172927
27,2020-10-07,78900,500,79200,79700,77600,226617
26,2020-10-08,78000,900,79600,79700,77300,395066
25,2020-10-12,78500,500,78700,79100,77900,188569
24,2020-10-13,78300,200,78600,78900,77400,192351
20,2020-10-14,76600,1700,78200,78300,76200,271138
19,2020-10-15,81700,5100,76800,81900,75800,511303
18,2020-10-16,82600,900,82200,83200,80300,580921
17,2020-10-19,80800,1800,82400,82500,80300,257577
16,2020-10-20,81000,200,80000,81000,77900,288228
13,2020-10-21,80000,1000,80500,81100,79300,244660
12,2020-10-22,81600,1600,79500,83100,79500,414524
11,2020-10-23,83300,1700,81600,83700,80700,366369
10,2020-10-26,82500,800,83300,84300,81900,268830
9,2020-10-27,81300,1200,82000,84000,80400,232852
5,2020-10-28,86500,5200,81500,86700,80700,831170
4,2020-10-29,83400,3100,84000,84200,82200,459936
3,2020-10-30,78000,5400,82000,82300,77200,773767
2,2020-11-02,77400,600,78100,79000,77000,315074
1,2020-11-03,78400,1000,77900,79400,77800,188850
