,date,close,diff,open,high,low,volume
444,2018-12-27,19500,0,19500,19500,19500,0
429,2018-12-27,19500,0,19500,19500,19500,0
425,2018-12-28,19700,200,19700,19700,19700,0
440,2018-12-28,19700,200,19700,19700,19700,0
439,2019-01-02,19800,100,19800,19800,19800,0
424,2019-01-02,19800,100,19800,19800,19800,0
438,2019-01-03,19900,100,19900,19900,19900,0
423,2019-01-03,19900,100,19900,19900,19900,0
437,2019-01-04,19950,50,19950,19950,19950,0
422,2019-01-04,19950,50,19950,19950,19950,0
436,2019-01-07,20000,50,20000,20000,20000,0
421,2019-01-07,20000,50,20000,20000,20000,0
418,2019-01-08,20050,50,20050,20050,20050,0
417,2019-01-09,20050,0,20050,20050,20050,0
416,2019-01-10,20150,100,20150,20150,20150,0
415,2019-01-11,20200,50,20200,20200,20200,0
414,2019-01-14,20250,50,20250,20250,20250,0
410,2019-01-15,20300,50,20300,20300,20300,0
409,2019-01-16,20450,150,20450,20450,20450,0
408,2019-01-17,20500,50,20500,20500,20500,0
407,2019-01-18,20550,50,20550,20550,20550,0
406,2019-01-21,20600,50,20600,20600,20600,0
403,2019-01-22,20650,50,20650,20650,20650,0
402,2019-01-23,20700,50,20700,20700,20700,0
401,2019-01-24,20750,50,20750,20750,20750,0
400,2019-01-25,20800,50,20800,20800,20800,0
399,2019-01-28,20850,50,20850,20850,20850,0
395,2019-01-29,20900,50,20900,20900,20900,0
394,2019-01-30,20950,50,20950,20950,20950,0
393,2019-01-31,21000,50,21000,21000,21000,0
392,2019-02-01,21050,50,21050,21050,21050,0
391,2019-02-07,21100,50,21100,21100,21100,0
388,2019-02-08,21150,50,21150,21150,21150,0
387,2019-02-11,21200,50,21200,21200,21200,0
386,2019-02-12,21250,50,21250,21250,21250,0
385,2019-02-13,21300,50,21300,21300,21300,0
384,2019-02-14,21350,50,21350,21350,21350,0
380,2019-02-15,21350,0,21350,21350,21350,0
379,2019-02-18,21400,50,21400,21400,21400,0
378,2019-02-19,21450,50,21450,21450,21450,0
377,2019-02-20,21500,50,21500,21500,21500,0
376,2019-02-21,21500,0,21500,21500,21500,0
373,2019-02-22,21500,0,21500,21500,21500,0
372,2019-02-25,21550,50,21550,21550,21550,0
371,2019-02-26,21600,50,21600,21600,21600,0
370,2019-02-27,21650,50,21650,21650,21650,0
369,2019-02-28,21700,50,21700,21700,21700,0
365,2019-03-04,21750,50,21750,21750,21750,0
364,2019-03-05,21800,50,21800,21800,21800,0
363,2019-03-06,21850,50,21850,21850,21850,0
362,2019-03-07,21900,50,21900,21900,21900,0
361,2019-03-08,21950,50,21950,21950,21950,0
358,2019-03-11,22000,50,22000,22000,22000,0
357,2019-03-12,22050,50,22050,22050,22050,0
356,2019-03-13,22100,50,22100,22100,22100,0
355,2019-03-14,22150,50,22150,22150,22150,0
354,2019-03-15,22200,50,22200,22200,22200,0
350,2019-03-18,22250,50,22250,22250,22250,0
349,2019-03-19,22300,50,22300,22300,22300,0
348,2019-03-20,22300,0,22300,22300,22300,0
347,2019-03-21,22350,50,22350,22350,22350,0
346,2019-03-22,22400,50,22400,22400,22400,0
343,2019-03-25,22450,50,22450,22450,22450,0
342,2019-03-26,22500,50,22500,22500,22500,0
341,2019-03-27,22550,50,22550,22550,22550,0
340,2019-03-28,22600,50,22600,22600,22600,0
339,2019-03-29,22650,50,22650,22650,22650,0
335,2019-04-01,22700,50,22700,22700,22700,0
334,2019-04-02,22750,50,22750,22750,22750,0
333,2019-04-03,22800,50,22800,22800,22800,0
332,2019-04-04,22850,50,22850,22850,22850,0
331,2019-04-05,22900,50,22900,22900,22900,0
328,2019-04-08,22950,50,22950,22950,22950,0
327,2019-04-09,23000,50,23000,23000,23000,0
326,2019-04-10,23050,50,23050,23050,23050,0
325,2019-04-11,23100,50,23100,23100,23100,0
324,2019-04-12,23100,0,23100,23100,23100,0
320,2019-04-15,23100,0,23100,23100,23100,0
319,2019-04-16,23100,0,23100,23100,23100,0
318,2019-04-17,23100,0,23100,23100,23100,0
317,2019-04-18,23100,0,23100,23100,23100,0
316,2019-04-19,23100,0,23100,23100,23100,0
313,2019-04-22,23100,0,23100,23100,23100,0
312,2019-04-23,23100,0,23100,23100,23100,0
311,2019-04-24,23100,0,23100,23100,23100,0
310,2019-04-25,23100,0,23100,23100,23100,0
309,2019-04-26,23100,0,23100,23100,23100,0
305,2019-04-29,23100,0,23100,23100,23100,0
304,2019-04-30,23100,0,23100,23100,23100,0
303,2019-05-02,23100,0,23100,23100,23100,0
302,2019-05-03,23100,0,23100,23100,23100,0
301,2019-05-07,23100,0,23100,23100,23100,0
298,2019-05-08,23100,0,23100,23100,23100,0
297,2019-05-09,23100,0,23100,23100,23100,0
296,2019-05-10,23100,0,23100,23100,23100,0
295,2019-05-13,23100,0,23100,23100,23100,0
294,2019-05-14,23100,0,23100,23100,23100,0
290,2019-05-15,23100,0,23100,23100,23100,0
289,2019-05-16,23100,0,23100,23100,23100,0
288,2019-05-17,23100,0,23100,23100,23100,0
287,2019-05-20,23100,0,23100,23100,23100,0
286,2019-05-21,23100,0,23100,23100,23100,0
283,2019-05-22,23100,0,23100,23100,23100,0
282,2019-05-23,23100,0,23100,23100,23100,0
281,2019-05-24,23100,0,23100,23100,23100,0
280,2019-05-27,23100,0,23100,23100,23100,0
279,2019-05-28,23100,0,23100,23100,23100,0
275,2019-05-29,23100,0,23100,23100,23100,0
274,2019-05-30,23100,0,23100,23100,23100,0
273,2019-05-31,23100,0,23100,23100,23100,0
272,2019-06-03,23100,0,23100,23100,23100,0
271,2019-06-04,23100,0,23100,23100,23100,0
268,2019-06-05,23100,0,23100,23100,23100,0
267,2019-06-07,23100,0,23100,23100,23100,0
266,2019-06-10,23100,0,23100,23100,23100,0
265,2019-06-11,23100,0,23100,23100,23100,0
264,2019-06-12,23100,0,23100,23100,23100,0
260,2019-06-13,23100,0,23100,23100,23100,0
259,2019-06-14,23100,0,23100,23100,23100,0
258,2019-06-17,23100,0,23100,23100,23100,0
257,2019-06-18,23100,0,23100,23100,23100,0
256,2019-06-19,23100,0,23100,23100,23100,0
253,2019-06-20,23100,0,23100,23100,23100,0
252,2019-06-21,23100,0,23100,23100,23100,0
251,2019-06-24,23100,0,23100,23100,23100,0
250,2019-06-25,23100,0,23100,23100,23100,0
249,2019-06-26,23100,0,23100,23100,23100,0
245,2019-06-27,23100,0,23100,23100,23100,0
244,2019-06-28,23100,0,23100,23100,23100,0
243,2019-07-01,23100,0,23100,23100,23100,0
242,2019-07-02,23100,0,23100,23100,23100,0
241,2019-07-03,23100,0,23100,23100,23100,0
238,2019-07-04,23100,0,23100,23100,23100,0
237,2019-07-05,23100,0,23100,23100,23100,0
236,2019-07-08,23100,0,23100,23100,23100,0
235,2019-07-09,23100,0,23100,23100,23100,0
234,2019-07-10,23100,0,23100,23100,23100,0
230,2019-07-11,23100,0,23100,23100,23100,0
229,2019-07-12,23100,0,23100,23100,23100,0
228,2019-07-15,23100,0,23100,23100,23100,0
227,2019-07-16,23100,0,23100,23100,23100,0
226,2019-07-17,23100,0,23100,23100,23100,0
223,2019-07-18,23100,0,23100,23100,23100,0
222,2019-07-19,23100,0,23100,23100,23100,0
221,2019-07-22,23100,0,23100,23100,23100,0
220,2019-07-23,23100,0,23100,23100,23100,0
219,2019-07-24,23100,0,23100,23100,23100,0
215,2019-07-25,23100,0,23100,23100,23100,0
214,2019-07-26,23100,0,23100,23100,23100,0
213,2019-07-29,23100,0,23100,23100,23100,0
212,2019-07-30,23100,0,23100,23100,23100,0
211,2019-07-31,23100,0,23100,23100,23100,0
208,2019-08-01,23100,0,23100,23100,23100,0
207,2019-08-02,23100,0,23100,23100,23100,0
206,2019-08-05,23100,0,23100,23100,23100,0
205,2019-08-06,23100,0,23100,23100,23100,0
204,2019-08-07,23100,0,23100,23100,23100,0
200,2019-08-08,23100,0,23100,23100,23100,0
199,2019-08-09,23100,0,23100,23100,23100,0
198,2019-08-12,23100,0,23100,23100,23100,0
197,2019-08-13,23100,0,23100,23100,23100,0
196,2019-08-14,23100,0,23100,23100,23100,0
193,2019-08-16,23100,0,23100,23100,23100,0
192,2019-08-19,23100,0,23100,23100,23100,0
191,2019-08-20,23100,0,23100,23100,23100,0
190,2019-08-21,23100,0,23100,23100,23100,0
189,2019-08-22,23100,0,23100,23100,23100,0
185,2019-08-23,23100,0,23100,23100,23100,0
184,2019-08-26,23100,0,23100,23100,23100,0
183,2019-08-27,23100,0,23100,23100,23100,0
182,2019-08-28,23100,0,23100,23100,23100,0
181,2019-08-29,23100,0,23100,23100,23100,0
178,2019-08-30,23100,0,23100,23100,23100,0
177,2019-09-02,23100,0,23100,23100,23100,0
176,2019-09-03,23100,0,23100,23100,23100,0
175,2019-09-04,23100,0,23100,23100,23100,0
174,2019-09-05,23100,0,23100,23100,23100,0
170,2019-09-06,23100,0,23100,23100,23100,0
169,2019-09-09,23100,0,23100,23100,23100,0
168,2019-09-10,23100,0,23100,23100,23100,0
167,2019-09-11,23100,0,23100,23100,23100,0
166,2019-09-16,23100,0,23100,23100,23100,0
163,2019-09-17,23100,0,23100,23100,23100,0
162,2019-09-18,23100,0,23100,23100,23100,0
161,2019-09-19,23100,0,23100,23100,23100,0
160,2019-09-20,23100,0,23100,23100,23100,0
159,2019-09-23,23100,0,23100,23100,23100,0
155,2019-09-24,23100,0,23100,23100,23100,0
154,2019-09-25,23100,0,23100,23100,23100,0
153,2019-09-26,23100,0,23100,23100,23100,0
152,2019-09-27,23100,0,23100,23100,23100,0
151,2019-09-30,23100,0,23100,23100,23100,0
148,2019-10-01,23100,0,23100,23100,23100,0
147,2019-10-02,23100,0,23100,23100,23100,0
146,2019-10-04,23100,0,23100,23100,23100,0
145,2019-10-07,23100,0,23100,23100,23100,0
144,2019-10-08,23100,0,23100,23100,23100,0
140,2019-10-10,23100,0,23100,23100,23100,0
139,2019-10-11,23100,0,23100,23100,23100,0
138,2019-10-14,23100,0,23100,23100,23100,0
137,2019-10-15,23100,0,23100,23100,23100,0
136,2019-10-16,23100,0,23100,23100,23100,0
133,2019-10-17,23100,0,23100,23100,23100,0
132,2019-10-18,23100,0,23100,23100,23100,0
131,2019-10-21,23100,0,23100,23100,23100,0
130,2019-10-22,23100,0,23100,23100,23100,0
129,2019-10-23,23100,0,23100,23100,23100,0
125,2019-10-24,23100,0,23100,23100,23100,0
124,2019-10-25,23100,0,23100,23100,23100,0
123,2019-10-28,23100,0,23100,23100,23100,0
122,2019-10-29,23100,0,23100,23100,23100,0
121,2019-10-30,23100,0,23100,23100,23100,0
118,2019-10-31,23100,0,23100,23100,23100,0
117,2019-11-01,23100,0,23100,23100,23100,0
116,2019-11-04,23100,0,23100,23100,23100,0
115,2019-11-05,23100,0,23100,23100,23100,0
114,2019-11-06,23100,0,23100,23100,23100,0
110,2019-11-07,23100,0,23100,23100,23100,0
109,2019-11-08,23100,0,23100,23100,23100,0
108,2019-11-11,23100,0,23100,23100,23100,0
107,2019-11-12,23100,0,23100,23100,23100,0
106,2019-11-13,23100,0,23100,23100,23100,0
103,2019-11-14,23100,0,23100,23100,23100,0
102,2019-11-15,23100,0,23100,23100,23100,0
101,2019-11-18,23100,0,23100,23100,23100,0
100,2019-11-19,23100,0,23100,23100,23100,0
99,2019-11-20,23100,0,23100,23100,23100,0
95,2019-11-21,23100,0,23100,23100,23100,0
94,2019-11-22,23100,0,23100,23100,23100,0
93,2019-11-25,23100,0,23100,23100,23100,0
92,2019-11-26,23100,0,23100,23100,23100,0
91,2019-11-27,23100,0,23100,23100,23100,0
88,2019-11-28,23100,0,23100,23100,23100,0
87,2019-11-29,23100,0,23100,23100,23100,0
86,2019-12-02,23100,0,23100,23100,23100,0
85,2019-12-03,23100,0,23100,23100,23100,0
84,2019-12-04,23100,0,23100,23100,23100,0
80,2019-12-05,23100,0,23100,23100,23100,0
79,2019-12-06,23100,0,23100,23100,23100,0
78,2019-12-09,23100,0,23100,23100,23100,0
77,2019-12-10,23100,0,23100,23100,23100,0
76,2019-12-11,23100,0,23100,23100,23100,0
73,2019-12-12,23100,0,23100,23100,23100,0
72,2019-12-13,23100,0,23100,23100,23100,0
71,2019-12-16,23100,0,23100,23100,23100,0
70,2019-12-17,23100,0,23100,23100,23100,0
69,2019-12-18,23100,0,23100,23100,23100,0
65,2019-12-19,23100,0,23100,23100,23100,0
64,2019-12-20,23100,0,23100,23100,23100,0
63,2019-12-23,23100,0,23100,23100,23100,0
62,2019-12-24,23100,0,23100,23100,23100,0
61,2019-12-26,23100,0,23100,23100,23100,0
58,2019-12-27,23100,0,23100,23100,23100,0
57,2019-12-30,23100,0,23100,23100,23100,0
56,2020-01-02,23100,0,0,0,0,0
55,2020-01-03,23100,0,0,0,0,0
54,2020-01-06,23100,0,0,0,0,0
50,2020-01-07,23100,0,0,0,0,0
49,2020-01-08,23100,0,0,0,0,0
48,2020-01-09,23100,0,0,0,0,0
47,2020-01-10,23100,0,0,0,0,0
46,2020-01-13,23100,0,0,0,0,0
43,2020-01-14,23100,0,0,0,0,0
42,2020-01-15,23100,0,0,0,0,0
41,2020-01-16,23100,0,0,0,0,0
40,2020-01-17,23100,0,0,0,0,0
39,2020-01-20,23100,0,0,0,0,0
35,2020-01-21,23100,0,0,0,0,0
34,2020-01-22,23100,0,0,0,0,0
33,2020-01-23,23100,0,0,0,0,0
32,2020-01-28,23100,0,0,0,0,0
31,2020-01-29,23100,0,0,0,0,0
28,2020-01-30,23100,0,0,0,0,0
27,2020-01-31,23100,0,0,0,0,0
26,2020-02-03,23100,0,0,0,0,0
25,2020-02-04,23100,0,0,0,0,0
24,2020-02-05,23100,0,0,0,0,0
20,2020-02-06,23100,0,0,0,0,0
19,2020-02-07,23100,0,0,0,0,0
18,2020-02-10,23100,0,0,0,0,0
17,2020-02-11,23100,0,0,0,0,0
16,2020-02-12,23100,0,0,0,0,0
13,2020-02-13,23100,0,0,0,0,0
12,2020-02-14,23100,0,0,0,0,0
11,2020-02-17,23100,0,0,0,0,0
10,2020-02-18,23100,0,23100,23100,23100,0
9,2020-02-19,23100,0,23100,23100,23100,0
5,2020-02-20,23100,0,23100,23100,23100,0
4,2020-02-21,23100,0,23100,23100,23100,0
3,2020-02-24,23100,0,23100,23100,23100,0
2,2020-02-25,23100,0,23100,23100,23100,0
