,date,close,diff,open,high,low,volume
448,2019-08-16,3355,65,3385,3420,3325,554718
447,2019-08-19,3430,75,3370,3460,3370,523129
446,2019-08-20,3515,85,3470,3530,3430,931073
445,2019-08-21,3600,85,3520,3620,3485,1109430
444,2019-08-22,3530,70,3650,3655,3525,812222
440,2019-08-23,3605,75,3485,3640,3425,1297152
439,2019-08-26,3390,215,3520,3550,3350,1148489
438,2019-08-27,3405,15,3450,3500,3405,597494
437,2019-08-28,3630,225,3420,3680,3410,3027241
436,2019-08-29,3950,320,3650,4230,3635,23085307
433,2019-08-30,3960,10,3955,4145,3900,5407769
432,2019-09-02,3990,30,4020,4105,3920,5964604
431,2019-09-03,4080,90,4375,4475,4050,14937005
430,2019-09-04,4250,170,4025,4275,4000,6351381
429,2019-09-05,4105,145,4280,4285,4100,3835748
425,2019-09-06,4110,5,4145,4225,4100,2354359
424,2019-09-09,4000,110,4135,4170,4000,1472647
423,2019-09-10,3920,80,4000,4090,3895,1824100
422,2019-09-11,3925,5,3925,3985,3880,1032683
421,2019-09-16,4100,175,3995,4135,3980,2626524
418,2019-09-17,4095,5,4050,4175,4045,1811692
417,2019-09-18,4110,15,4100,4145,4040,1118576
416,2019-09-19,4135,25,4100,4220,4100,1790813
415,2019-09-20,4150,15,4145,4230,4145,1244422
414,2019-09-23,4160,10,4165,4300,4110,2920140
410,2019-09-24,4085,75,4155,4205,4085,1191510
409,2019-09-25,4100,15,4085,4105,4000,1219937
408,2019-09-26,4075,25,4230,4415,4035,9742109
407,2019-09-27,4040,35,4025,4070,3940,2205152
406,2019-09-30,4035,5,4195,4220,4020,2521601
403,2019-10-01,4020,15,3995,4135,3995,1779047
402,2019-10-02,3960,60,4020,4020,3930,1048699
401,2019-10-04,3895,65,3975,3975,3880,872838
400,2019-10-07,3885,10,3935,3940,3840,1018881
399,2019-10-08,3915,30,3850,3935,3845,922815
395,2019-10-10,3920,5,3920,3965,3880,606382
394,2019-10-11,3920,0,3940,3985,3900,621131
393,2019-10-14,3940,20,3960,3965,3900,695815
392,2019-10-15,4035,95,3960,4040,3930,1402687
391,2019-10-16,4015,20,4055,4070,4000,754285
388,2019-10-17,4060,45,4025,4085,4005,925070
387,2019-10-18,4100,40,4060,4160,4020,1749646
386,2019-10-21,4030,70,4070,4090,4030,913950
385,2019-10-22,3990,40,4045,4050,3980,1014455
384,2019-10-23,3995,5,3975,4035,3960,694693
380,2019-10-24,3920,75,3985,3995,3850,1029343
379,2019-10-25,3890,30,3935,3950,3890,614385
378,2019-10-28,3960,70,3910,3990,3910,673360
377,2019-10-29,3995,35,3975,4050,3960,950026
376,2019-10-30,3940,55,4010,4025,3935,573783
373,2019-10-31,4010,70,3970,4095,3955,1441036
372,2019-11-01,4040,30,4040,4045,3975,724786
371,2019-11-04,4125,85,4070,4180,4040,2812091
370,2019-11-05,4040,85,4145,4160,4030,1117573
369,2019-11-06,4005,35,4030,4065,3985,801303
365,2019-11-07,3930,75,4005,4015,3920,926296
364,2019-11-08,3950,20,3940,3995,3930,568354
363,2019-11-11,3930,20,3955,3965,3920,402933
362,2019-11-12,3940,10,3935,3965,3920,502605
361,2019-11-13,3925,15,3970,3980,3925,532028
358,2019-11-14,3640,285,3560,3755,3555,2732340
357,2019-11-15,3505,135,3610,3635,3470,1608506
356,2019-11-18,3490,15,3515,3530,3475,655886
355,2019-11-19,3490,0,3490,3510,3415,651270
354,2019-11-20,3430,60,3480,3520,3400,693018
350,2019-11-21,3290,140,3400,3425,3290,976663
349,2019-11-22,3290,0,3260,3340,3260,459449
348,2019-11-25,3400,110,3290,3400,3290,604484
347,2019-11-26,3520,120,3405,3520,3385,586007
346,2019-11-27,3480,40,3540,3540,3460,300987
343,2019-11-28,3340,140,3450,3450,3340,677076
342,2019-11-29,3270,70,3330,3360,3260,415774
341,2019-12-02,3240,30,3270,3315,3220,433842
340,2019-12-03,3255,15,3190,3265,3160,361015
339,2019-12-04,3225,30,3215,3245,3200,269616
335,2019-12-05,3250,25,3230,3360,3215,678785
334,2019-12-06,3345,95,3250,3375,3250,530328
333,2019-12-09,3380,35,3405,3415,3340,506543
332,2019-12-10,3380,0,3350,3380,3340,257823
331,2019-12-11,3420,40,3365,3455,3365,561115
328,2019-12-12,3380,40,3450,3460,3345,2920162
327,2019-12-13,3415,35,3430,3445,3400,619794
326,2019-12-16,3420,5,3415,3490,3405,550397
325,2019-12-17,3415,5,3420,3460,3400,390869
324,2019-12-18,3375,40,3405,3445,3370,456051
320,2019-12-19,3350,25,3380,3400,3320,315245
319,2019-12-20,3350,0,3345,3365,3315,285811
318,2019-12-23,3275,75,3350,3375,3265,465542
317,2019-12-24,3215,60,3270,3305,3210,435954
316,2019-12-26,3200,15,3215,3275,3185,469743
313,2019-12-27,3220,20,3195,3240,3180,430712
312,2019-12-30,3320,100,3230,3320,3225,461599
311,2020-01-02,3410,90,3290,3410,3290,759918
310,2020-01-03,3390,20,3470,3470,3355,500551
309,2020-01-06,3270,120,3300,3345,3260,435154
305,2020-01-07,3350,80,3300,3370,3290,355811
304,2020-01-08,3145,205,3350,3350,3110,952571
303,2020-01-09,3280,135,3245,3310,3210,645334
302,2020-01-10,3325,45,3280,3410,3280,673754
301,2020-01-13,3415,90,3400,3425,3340,719757
298,2020-01-14,3395,20,3455,3460,3380,632566
297,2020-01-15,3455,60,3395,3635,3390,3560332
296,2020-01-16,3405,50,3455,3485,3395,668948
295,2020-01-17,3400,5,3420,3495,3400,869021
294,2020-01-20,3380,20,3405,3430,3380,483245
290,2020-01-21,3355,25,3365,3485,3335,714147
289,2020-01-22,3370,15,3355,3400,3350,296771
288,2020-01-23,3300,70,3355,3390,3290,644959
287,2020-01-28,3160,140,3130,3195,3110,887013
286,2020-01-29,3135,25,3170,3205,3125,624342
283,2020-01-30,2995,140,3135,3150,2960,1319524
282,2020-01-31,2695,300,2960,3005,2685,2407905
281,2020-02-03,2650,45,2600,2705,2510,1629260
280,2020-02-04,2900,250,2655,2965,2655,2109205
279,2020-02-05,2900,0,2905,2980,2850,1118020
275,2020-02-06,2980,80,2945,2990,2910,566636
274,2020-02-07,2990,10,2995,3005,2925,437713
273,2020-02-10,3050,60,3010,3050,2955,478583
272,2020-02-11,3125,75,3090,3135,3070,721154
271,2020-02-12,3200,75,3175,3255,3145,1671895
268,2020-02-13,3185,15,3240,3305,3125,1316352
267,2020-02-14,3205,20,3185,3240,3175,550884
266,2020-02-17,3250,45,3195,3295,3180,580728
265,2020-02-18,3170,80,3320,3320,3155,590946
264,2020-02-19,3170,0,3170,3200,3060,527311
260,2020-02-20,3125,45,3170,3195,3090,460045
259,2020-02-21,3045,80,3070,3160,3045,438974
258,2020-02-24,2860,185,2915,2995,2850,1044846
257,2020-02-25,2985,125,2800,3005,2800,717882
256,2020-02-26,3035,50,2920,3120,2880,812319
253,2020-02-27,2900,135,3015,3075,2880,605324
252,2020-02-28,2795,105,2825,2925,2705,835592
251,2020-03-02,2730,65,2760,2800,2640,932157
250,2020-03-03,2700,30,2815,2830,2700,751994
249,2020-03-04,2800,100,2660,2800,2655,586654
245,2020-03-05,2845,45,2850,2875,2805,357206
244,2020-03-06,2880,35,2810,2950,2760,1300632
243,2020-03-09,2645,235,2850,2860,2630,1101065
242,2020-03-10,2645,0,2565,2645,2500,1108946
241,2020-03-11,2490,155,2670,2690,2490,798952
238,2020-03-12,2170,320,2450,2495,2160,1903026
237,2020-03-13,1965,205,1900,2065,1715,2635055
236,2020-03-16,1890,75,1965,2090,1885,1685905
235,2020-03-17,1905,15,1750,1945,1730,1583097
234,2020-03-18,1770,135,1915,1975,1765,1213620
230,2020-03-19,1375,395,1800,1855,1330,2911244
229,2020-03-20,1500,125,1380,1525,1380,2650583
228,2020-03-23,1460,40,1365,1525,1360,1309139
227,2020-03-24,1625,165,1520,1640,1510,1336369
226,2020-03-25,1715,90,1750,1795,1650,1754990
223,2020-03-26,1770,55,1795,1850,1705,1785267
222,2020-03-27,1755,15,1860,1860,1685,1699330
221,2020-03-30,1855,100,1700,1885,1600,1814344
220,2020-03-31,2030,175,1925,2050,1920,2387721
219,2020-04-01,2170,140,2050,2445,2000,5854532
215,2020-04-02,2380,210,2205,2390,2130,3905574
214,2020-04-03,2680,300,2455,2970,2410,10641185
213,2020-04-06,2710,30,2765,2770,2605,3440390
212,2020-04-07,2725,15,2775,2860,2650,3233094
211,2020-04-08,2730,5,2695,2770,2620,2591322
208,2020-04-09,2840,110,2915,2930,2750,4011414
207,2020-04-10,2730,110,2850,2855,2570,1576431
206,2020-04-13,2585,145,2730,2730,2570,1073989
205,2020-04-14,2625,40,2600,2660,2585,780436
204,2020-04-16,2775,150,2630,2880,2620,3963578
200,2020-04-17,2780,5,2840,2865,2770,1666457
199,2020-04-20,2840,60,2835,2870,2780,2030976
198,2020-04-21,2950,110,2865,3015,2505,6949106
197,2020-04-22,3130,180,2950,3130,2880,5287956
196,2020-04-23,3260,130,3320,3560,3260,13836011
193,2020-04-24,3290,30,3200,3440,3150,5346018
192,2020-04-27,3310,20,3310,3430,3290,3477317
191,2020-04-28,3230,80,3345,3385,3215,2032541
190,2020-04-29,3300,70,3255,3445,3165,6856225
189,2020-05-04,3235,65,3235,3325,3190,1653963
185,2020-05-06,3210,25,3270,3280,3195,1235635
184,2020-05-07,3350,140,3240,3350,3215,2167079
183,2020-05-08,3320,30,3420,3420,3320,1538526
182,2020-05-11,3275,45,3375,3375,3250,1053534
181,2020-05-12,3205,70,3285,3285,3140,1221339
178,2020-05-13,3230,25,3150,3235,3105,964606
177,2020-05-14,3155,75,3200,3240,3145,828372
176,2020-05-15,3045,110,3185,3195,3030,1606111
175,2020-05-18,3075,30,2990,3165,2920,1982772
174,2020-05-19,3135,60,3105,3145,3050,1183572
170,2020-05-20,3105,30,3135,3150,3100,760849
169,2020-05-21,3700,595,3140,3920,3135,68032913
168,2020-05-22,3555,145,3655,3745,3470,13083556
167,2020-05-25,3950,395,3685,4245,3660,85052009
166,2020-05-26,4015,65,3980,4325,3900,40565704
163,2020-05-27,4160,145,4080,4430,4080,37031445
162,2020-05-28,4020,140,4270,4300,3850,9739722
161,2020-05-29,3795,225,4020,4095,3795,5256441
160,2020-06-01,3925,130,3820,4095,3820,11540267
159,2020-06-02,3910,15,3925,4015,3850,4977676
155,2020-06-03,3920,10,3945,4000,3730,6666736
154,2020-06-04,3885,35,3935,3965,3875,2952083
153,2020-06-05,3820,65,3890,3910,3815,2133191
152,2020-06-08,3865,45,3825,3945,3825,2883220
151,2020-06-09,3860,5,3900,3910,3850,2291390
148,2020-06-10,4110,250,3870,4110,3860,16851192
147,2020-06-11,3960,150,4020,4070,3950,5509783
146,2020-06-12,3820,140,3650,3870,3640,3284427
145,2020-06-15,3445,375,3750,3820,3380,3460132
144,2020-06-16,3780,335,3505,3925,3505,8495570
140,2020-06-17,3750,30,3755,3910,3650,5394405
139,2020-06-18,3715,35,3750,3820,3710,1906743
138,2020-06-19,3665,50,3715,3785,3655,1813530
137,2020-06-22,3690,25,3640,3770,3630,1929315
136,2020-06-23,3640,50,3745,3770,3635,1379038
133,2020-06-24,3795,155,3655,3815,3635,4935123
132,2020-06-25,3675,120,3725,3765,3675,1451598
131,2020-06-26,3700,25,3735,3980,3700,11237153
130,2020-06-29,3735,35,3695,3835,3665,2346609
129,2020-06-30,3725,10,3790,3870,3710,2657440
125,2020-07-01,3690,35,3765,3865,3690,3341574
124,2020-07-02,3700,10,3700,3755,3675,1291230
123,2020-07-03,3720,20,3730,3800,3685,2262073
122,2020-07-06,3735,15,3775,3780,3720,1590148
121,2020-07-07,3965,230,3760,4045,3740,16487534
118,2020-07-08,3965,0,3970,3980,3845,3875184
117,2020-07-09,3895,70,3965,3965,3880,2577626
116,2020-07-10,3895,0,3895,4065,3890,7078071
115,2020-07-13,4000,105,3935,4035,3925,4053955
114,2020-07-14,3920,80,3995,4095,3895,7733303
110,2020-07-15,4120,200,3990,4165,3950,13141969
109,2020-07-16,3985,135,4160,4165,3960,5196786
108,2020-07-17,3935,50,3985,4030,3915,2413574
107,2020-07-20,4075,140,3990,4080,3950,4393714
106,2020-07-21,4050,25,4085,4120,4020,3215862
103,2020-07-22,3975,75,4070,4100,3970,2528660
102,2020-07-23,3895,80,3975,4015,3890,2300121
101,2020-07-24,3820,75,3810,3935,3810,1953825
100,2020-07-27,3820,0,3790,3895,3785,1244819
99,2020-07-28,3830,10,3850,3900,3800,1293975
95,2020-07-29,3835,5,3815,3870,3805,923101
94,2020-07-30,3795,40,3870,3870,3790,1306668
93,2020-07-31,3765,30,3840,3840,3760,980386
92,2020-08-03,3810,45,3775,3835,3750,1181403
91,2020-08-04,3835,25,3850,3880,3815,1253914
88,2020-08-05,3950,115,3860,3950,3795,3157199
87,2020-08-06,3890,60,4195,4195,3870,7370103
86,2020-08-07,4005,115,3890,4060,3850,5056235
85,2020-08-10,3970,35,4055,4060,3955,3088218
84,2020-08-11,3945,25,3970,4090,3935,5296487
80,2020-08-12,3860,85,3900,4015,3850,2337385
79,2020-08-13,3850,10,3900,3940,3850,1367382
78,2020-08-14,3755,95,3830,3870,3755,1617412
77,2020-08-18,3365,390,3735,3740,3310,3250736
76,2020-08-19,3420,55,3365,3475,3340,1170948
73,2020-08-20,3115,305,3370,3395,3065,2776940
72,2020-08-21,3140,25,3140,3200,3050,1199183
71,2020-08-24,3200,60,3085,3240,3080,902451
70,2020-08-25,3330,130,3230,3375,3230,1188367
69,2020-08-26,3410,80,3335,3425,3295,1532891
65,2020-08-27,3310,100,3455,3460,3300,847749
64,2020-08-28,3400,90,3320,3545,3320,2265289
63,2020-08-31,3435,35,3430,3490,3390,894894
62,2020-09-01,3450,15,3465,3480,3385,560026
61,2020-09-02,3575,125,3475,3650,3475,2261153
58,2020-09-03,3575,0,3650,3650,3555,991464
57,2020-09-04,3585,10,3430,3670,3350,1673966
56,2020-09-07,3790,205,3645,3835,3590,4640514
55,2020-09-08,4500,710,3980,4805,3960,126684278
54,2020-09-09,4480,20,4430,4520,4285,21652629
50,2020-09-10,4355,125,4465,5090,4310,74210009
49,2020-09-11,4390,35,4340,4510,4300,10518454
48,2020-09-14,4245,145,4485,4490,4220,6983827
47,2020-09-15,4375,130,4305,4650,4290,29102308
46,2020-09-16,4280,95,4425,4465,4260,4738485
43,2020-09-17,4180,100,4270,4410,4180,4085648
42,2020-09-18,4215,35,4155,4255,4060,2978487
41,2020-09-21,4020,195,4205,4225,3900,3023264
40,2020-09-22,3875,145,4000,4020,3815,2410380
39,2020-09-23,3855,20,3905,4020,3805,2090362
35,2020-09-24,3580,275,3765,3810,3565,2791046
34,2020-09-25,3620,40,3610,3680,3570,1930073
33,2020-09-28,3700,80,3655,3745,3620,1894007
32,2020-09-29,3815,115,3740,3915,3730,2622479
31,2020-10-05,3870,55,3860,3900,3800,1087564
28,2020-10-06,3870,0,3920,3935,3850,1528576
27,2020-10-07,3895,25,3830,3910,3810,992195
26,2020-10-08,3860,35,3900,3930,3850,1185520
25,2020-10-12,3800,60,3870,3880,3760,1013254
24,2020-10-13,3790,10,3820,3865,3785,953123
20,2020-10-14,3795,5,3800,3885,3765,1225984
19,2020-10-15,3695,100,3810,3870,3660,1541124
18,2020-10-16,4005,310,3790,4220,3755,31551359
17,2020-10-19,3990,15,4035,4270,3990,15568678
16,2020-10-20,3920,70,3950,4095,3835,3627622
13,2020-10-21,4215,295,3920,4230,3920,22895702
12,2020-10-22,3925,290,4450,4530,3925,30975302
11,2020-10-23,3815,110,3975,4090,3805,5231457
10,2020-10-26,3560,255,3820,3875,3560,3292073
9,2020-10-27,3540,20,3500,3665,3445,2234015
5,2020-10-28,3600,60,3540,3615,3530,1199572
4,2020-10-29,3570,30,3505,3570,3490,981646
3,2020-10-30,3530,40,3565,3690,3520,2077641
2,2020-11-02,3605,75,3530,3645,3525,913461
1,2020-11-03,3805,200,3660,3860,3630,4090378
