,date,close,diff,open,high,low,volume
448,2019-08-16,57800,4300,61800,62700,54500,824162
447,2019-08-19,56300,1500,57700,58000,55800,337021
446,2019-08-20,55800,500,56900,59300,55800,508844
445,2019-08-21,58800,3000,56500,59300,56000,400317
444,2019-08-22,57600,1200,60000,60000,56500,233985
440,2019-08-23,56800,800,57200,57500,56500,111395
439,2019-08-26,54600,2200,55600,55900,54600,149068
438,2019-08-27,56300,1700,55000,56900,55000,89681
437,2019-08-28,57500,1200,56600,58100,56200,116053
436,2019-08-29,58300,800,58200,58500,56800,106480
433,2019-08-30,57400,900,58400,58700,57300,151225
432,2019-09-02,58100,700,57400,58400,57300,58158
431,2019-09-03,58500,400,58500,58800,58200,112375
430,2019-09-04,61300,2800,59000,61900,58900,228715
429,2019-09-05,61700,400,61500,63100,60300,132397
425,2019-09-06,61500,200,62000,62500,60700,88942
424,2019-09-09,63300,1800,62100,63800,61800,120588
423,2019-09-10,61000,2300,63800,63800,60700,115145
422,2019-09-11,62100,1100,61700,62600,61000,54687
421,2019-09-16,61700,400,62300,62300,61200,41397
418,2019-09-17,61300,400,61500,62200,61300,59095
417,2019-09-18,64600,3300,61700,65000,61400,157481
416,2019-09-19,64200,400,64900,65200,63800,118244
415,2019-09-20,63400,800,64300,65100,63300,81230
414,2019-09-23,64200,800,63500,64800,63100,52032
410,2019-09-24,65100,900,64800,65500,64200,72256
409,2019-09-25,65100,0,64500,66100,64500,51310
408,2019-09-26,65300,200,65500,65900,64700,43500
407,2019-09-27,64500,800,65300,65700,64100,54149
406,2019-09-30,65400,900,64100,65500,64000,67147
403,2019-10-01,65100,300,65700,65900,64600,54812
402,2019-10-02,65700,600,65200,65800,64700,26926
401,2019-10-04,64900,800,65700,65800,64600,37231
400,2019-10-07,65100,200,65000,65100,63800,66511
399,2019-10-08,65500,400,64000,65500,64000,25850
395,2019-10-10,65000,500,64700,65500,64500,60696
394,2019-10-11,65000,0,64500,65700,64500,33580
393,2019-10-14,65000,0,65900,66800,65000,45558
392,2019-10-15,65000,0,65600,66000,64500,39965
391,2019-10-16,63200,1800,65100,65500,63200,73994
388,2019-10-17,62400,800,63500,63600,61800,81176
387,2019-10-18,62200,200,62600,63400,62200,109635
386,2019-10-21,62300,100,62500,62800,61300,104586
385,2019-10-22,62000,300,62000,62800,60900,101213
384,2019-10-23,68000,6000,62000,68200,61500,364584
380,2019-10-24,68500,500,68200,69100,66800,210822
379,2019-10-25,69500,1000,68600,70500,68600,95713
378,2019-10-28,70900,1400,70000,71200,68300,109414
377,2019-10-29,71600,700,70900,72000,70900,45123
376,2019-10-30,72600,1000,71600,73300,71100,121706
373,2019-10-31,73400,800,73900,74100,73200,80838
372,2019-11-01,74700,1300,74000,75000,73000,105506
371,2019-11-04,74300,400,74600,74800,73200,94591
370,2019-11-05,77100,2800,75500,77500,74500,128917
369,2019-11-06,80500,3400,77400,81600,77300,216824
365,2019-11-07,75500,5000,80700,80700,73500,250086
364,2019-11-08,75600,100,75500,76500,74400,180151
363,2019-11-11,76200,600,75600,76700,70800,138432
362,2019-11-12,75800,400,76400,76500,75400,37436
361,2019-11-13,74700,1100,75600,76600,74600,71583
358,2019-11-14,76400,1700,74200,76400,74200,56671
357,2019-11-15,76000,400,76700,78400,75700,53310
356,2019-11-18,76400,400,76100,76700,74600,46249
355,2019-11-19,75500,900,76300,76300,75200,31388
354,2019-11-20,73400,2100,75600,75600,72500,69125
350,2019-11-21,71400,2000,73300,73300,70000,117274
349,2019-11-22,71500,100,71400,75000,71300,45452
348,2019-11-25,72100,600,72700,72900,71300,37978
347,2019-11-26,70800,1300,71800,72600,70800,45600
346,2019-11-27,70500,300,70600,71600,70400,20962
343,2019-11-28,70900,400,70600,72200,70500,40516
342,2019-11-29,71400,500,70200,72400,70200,51662
341,2019-12-02,70800,600,70500,72500,70300,46421
340,2019-12-03,71800,1000,70800,72200,70500,139290
339,2019-12-04,70500,1300,71500,71500,69100,100287
335,2019-12-05,70300,200,70900,71200,69500,50082
334,2019-12-06,71900,1600,70300,72500,70200,67396
333,2019-12-09,70200,1700,72400,72400,70000,57705
332,2019-12-10,70100,100,69800,70200,69600,76326
331,2019-12-11,71700,1600,69800,72000,69800,50771
328,2019-12-12,74200,2500,72500,75000,72500,125843
327,2019-12-13,74500,300,75200,75300,73300,47037
326,2019-12-16,74900,400,74900,76000,74000,114102
325,2019-12-17,76500,1600,75900,76900,75300,212670
324,2019-12-18,75100,1400,76700,76700,74900,90100
320,2019-12-19,76600,1500,75700,76800,75500,86577
319,2019-12-20,77500,900,77200,78000,76600,139218
318,2019-12-23,77700,200,77500,77800,76500,59727
317,2019-12-24,77200,500,77700,77900,76900,68121
316,2019-12-26,79200,2000,77200,79500,77100,111010
313,2019-12-27,80300,1100,80000,81000,79400,47894
312,2019-12-30,81000,700,80800,81000,80000,117618
311,2020-01-02,80700,300,81100,81600,80300,38463
310,2020-01-03,79700,1000,80700,81800,78200,118091
309,2020-01-06,79600,100,79700,80900,75000,86724
305,2020-01-07,80800,1200,80200,81100,78700,78084
304,2020-01-08,80200,600,80300,81900,79200,59558
303,2020-01-09,81200,1000,80200,82000,80200,63027
302,2020-01-10,83200,2000,81300,84900,81300,88894
301,2020-01-13,83400,200,83900,84900,82300,48970
298,2020-01-14,84700,1300,84000,85100,83000,69604
297,2020-01-15,84100,600,84800,84800,83600,37390
296,2020-01-16,84700,600,85300,85500,84100,38041
295,2020-01-17,87200,2500,84300,88800,84300,157211
294,2020-01-20,86700,500,87700,89600,86700,91530
290,2020-01-21,87900,1200,86700,87900,86000,58136
289,2020-01-22,90600,2700,88300,90700,87300,94226
288,2020-01-23,90900,300,90800,92000,90000,40507
287,2020-01-28,88700,2200,87600,89800,87600,102500
286,2020-01-29,89600,900,91400,91800,87600,148935
283,2020-01-30,90200,600,90700,91900,89600,177183
282,2020-01-31,90200,0,90600,91800,89500,68404
281,2020-02-03,90200,0,89200,90400,87800,96873
280,2020-02-04,91000,800,90500,91600,89300,80873
279,2020-02-05,93600,2600,92000,95000,90000,174561
275,2020-02-06,90400,3200,93200,93200,87600,169892
274,2020-02-07,91600,1200,90500,91900,89000,135359
273,2020-02-10,89200,2400,90400,90400,88600,121795
272,2020-02-11,92900,3700,90500,93000,89900,122110
271,2020-02-12,94300,1400,93000,94900,91000,94176
268,2020-02-13,96500,2200,94300,96900,94000,129806
267,2020-02-14,97900,1400,96900,98200,96000,84832
266,2020-02-17,99600,1700,97900,100500,96500,156295
265,2020-02-18,99800,200,99900,103000,99300,106827
264,2020-02-19,101500,1700,99900,101500,99300,94881
260,2020-02-20,98900,2600,102500,102500,98400,177777
259,2020-02-21,96900,2000,98800,98800,96100,152894
258,2020-02-24,95600,1300,95900,96500,93200,142472
257,2020-02-25,96000,400,95600,96100,93800,123816
256,2020-02-26,95100,900,95000,95100,94300,102948
253,2020-02-27,90900,4200,94600,94700,90500,173124
252,2020-02-28,86000,4900,88900,89100,84800,305016
251,2020-03-02,86000,0,86500,86900,83400,263946
250,2020-03-03,88200,2200,87900,92600,87700,357250
249,2020-03-04,86700,1500,88200,88300,85400,220666
245,2020-03-05,87300,600,88000,88300,86700,137079
244,2020-03-06,89900,2600,87300,89900,86500,179389
243,2020-03-09,86500,3400,88600,91100,85600,190987
242,2020-03-10,87300,800,84700,87300,83600,134745
241,2020-03-11,83300,4000,89500,89600,82300,164169
238,2020-03-12,81200,2100,81000,84600,79900,233880
237,2020-03-13,78300,2900,76000,80000,68900,398892
236,2020-03-16,72700,5600,78300,81200,72200,203830
235,2020-03-17,71300,1400,69500,73200,68500,323372
234,2020-03-18,65500,5800,72600,73800,65400,258251
230,2020-03-19,55500,10000,67000,68400,53500,475184
229,2020-03-20,68000,12500,58300,68000,58300,318875
228,2020-03-23,68000,0,63600,70400,62000,322336
227,2020-03-24,79500,11500,74600,79900,73000,324767
226,2020-03-25,84400,4900,87300,89300,78100,321699
223,2020-03-26,80000,4400,83000,83600,80000,169994
222,2020-03-27,77000,3000,82500,84400,75000,263320
221,2020-03-30,82500,5500,76700,82600,75600,241426
220,2020-03-31,81000,1500,84500,84500,80200,181946
219,2020-04-01,80000,1000,82000,82000,79200,139095
215,2020-04-02,81800,1800,79900,81900,78300,113857
214,2020-04-03,80500,1300,82500,82700,80100,100290
213,2020-04-06,81800,1300,80700,83000,80400,128887
212,2020-04-07,82900,1100,83600,84000,81300,172620
211,2020-04-08,81800,1100,83000,83000,81200,110262
208,2020-04-09,81700,100,82700,82700,81500,80709
207,2020-04-10,80200,1500,81700,81700,79700,108851
206,2020-04-13,76900,3300,80200,80600,76200,144562
205,2020-04-14,78300,1400,77700,80300,77400,107848
204,2020-04-16,90000,11700,79700,91100,79500,660682
200,2020-04-17,90500,500,89500,93000,87500,262546
199,2020-04-20,91400,900,90900,95400,90000,295250
198,2020-04-21,89800,1600,90300,92500,85700,289969
197,2020-04-22,89500,300,88200,89500,86200,136268
196,2020-04-23,92000,2500,91200,93500,90100,231471
193,2020-04-24,89500,2500,90600,92600,89300,121394
192,2020-04-27,88700,800,92000,92000,87600,176015
191,2020-04-28,87200,1500,89000,89600,86700,194270
190,2020-04-29,87900,700,89500,90200,87500,195680
189,2020-05-04,89000,1100,85900,89700,85100,172065
185,2020-05-06,89500,500,89900,90200,88200,220992
184,2020-05-07,95600,6100,89900,97500,89900,577767
183,2020-05-08,99800,4200,97500,102500,97000,414818
182,2020-05-11,103000,3200,101500,103000,99700,298334
181,2020-05-12,101000,2000,103000,105000,99100,333946
178,2020-05-13,106000,5000,103000,115000,103000,807846
177,2020-05-14,106500,500,105000,106500,101000,249942
176,2020-05-15,104000,2500,107500,108000,103000,160654
175,2020-05-18,102000,2000,104000,108000,102000,169821
174,2020-05-19,99500,2500,103000,104000,99000,299813
170,2020-05-20,102500,3000,98800,103000,98700,165822
169,2020-05-21,101500,1000,103000,104500,100500,175279
168,2020-05-22,101000,500,101000,103000,99800,191933
167,2020-05-25,107500,6500,101500,109000,101000,311410
166,2020-05-26,108500,1000,109500,110000,105000,223126
163,2020-05-27,109500,1000,107500,110000,106500,169565
162,2020-05-28,114500,5000,110000,116500,107500,410991
161,2020-05-29,120000,5500,114000,120000,111000,1746783
160,2020-06-01,119500,500,120000,122000,118000,317849
159,2020-06-02,122000,2500,118500,123500,118000,179171
155,2020-06-03,114000,8000,122000,122500,112500,506605
154,2020-06-04,110000,4000,112000,115000,108500,433114
153,2020-06-05,105500,4500,110000,111000,104000,360028
152,2020-06-08,103000,2500,106000,106500,102000,356136
151,2020-06-09,106000,3000,104000,106500,103000,194399
148,2020-06-10,112500,6500,107000,114000,106000,305281
147,2020-06-11,114500,2000,113000,115000,110500,244861
146,2020-06-12,114000,500,108500,116000,105000,277187
145,2020-06-15,108000,6000,114000,116500,103500,287834
144,2020-06-16,111000,3000,112000,112000,105500,268672
140,2020-06-17,114000,3000,109500,118000,108000,388302
139,2020-06-18,112000,2000,117000,119500,110000,854346
138,2020-06-19,110000,2000,115500,116000,107500,396524
137,2020-06-22,107000,3000,108500,110000,105000,177587
136,2020-06-23,113500,6500,107500,114000,107500,255660
133,2020-06-24,108500,5000,114000,114000,108000,216662
132,2020-06-25,104500,4000,106500,107500,103500,208624
131,2020-06-26,102500,2000,106500,106500,101000,192825
130,2020-06-29,102500,0,102500,104000,101500,90524
129,2020-06-30,102000,500,105500,105500,101000,113383
125,2020-07-01,100000,2000,102500,103000,100000,106838
124,2020-07-02,101000,1000,101000,102000,100000,86704
123,2020-07-03,105000,4000,102000,106000,101000,132024
122,2020-07-06,106000,1000,106000,107000,103500,102778
121,2020-07-07,106500,500,108000,109500,105000,151703
118,2020-07-08,104000,2500,106500,107500,103500,91240
117,2020-07-09,106000,2000,106500,106500,103500,95731
116,2020-07-10,108000,2000,107000,109500,105500,233254
115,2020-07-13,110000,2000,109500,110000,107000,132011
114,2020-07-14,110000,0,110000,111500,108000,169076
110,2020-07-15,109000,1000,111500,111500,106000,156309
109,2020-07-16,106000,3000,109000,109000,104500,112211
108,2020-07-17,105000,1000,106000,107000,104500,53868
107,2020-07-20,105000,0,106000,107000,104500,79003
106,2020-07-21,109000,4000,106500,110000,106000,117421
103,2020-07-22,106500,2500,108000,108000,106000,83156
102,2020-07-23,107000,500,107000,107500,105500,58451
101,2020-07-24,105500,1500,106000,107500,105000,57538
100,2020-07-27,105000,500,105500,106500,104500,71992
99,2020-07-28,105000,0,105500,106000,105000,45597
95,2020-07-29,105000,0,105500,108000,104000,68630
94,2020-07-30,105000,0,105000,105500,104000,71718
93,2020-07-31,104500,500,106000,110000,104000,152062
92,2020-08-03,103500,1000,105500,106500,103500,85585
91,2020-08-04,104500,1000,105000,106000,103500,137812
88,2020-08-05,105000,500,106000,106500,104000,72977
87,2020-08-06,102500,2500,104500,105000,101500,229034
86,2020-08-07,102000,500,102000,102500,101000,85084
85,2020-08-10,100500,1500,102500,102500,100000,108229
84,2020-08-11,100500,0,100500,102000,100000,55576
80,2020-08-12,103000,2500,101000,103500,101000,101423
79,2020-08-13,101000,2000,104000,104500,101000,68848
78,2020-08-14,102000,1000,102000,102000,100000,81182
77,2020-08-18,98600,3400,102500,102500,98500,166899
76,2020-08-19,101000,2400,99700,101000,99400,139460
73,2020-08-20,99000,2000,100000,101000,97500,83094
72,2020-08-21,99400,400,99100,99500,97400,52281
71,2020-08-24,100500,1100,98500,101500,97500,101476
70,2020-08-25,101000,500,101000,101500,99500,64856
69,2020-08-26,101000,0,101500,101500,99900,76652
65,2020-08-27,103000,2000,102500,106000,102000,320229
64,2020-08-28,99800,3200,102500,102500,99700,127241
63,2020-08-31,101000,1200,100500,101000,97600,179939
62,2020-09-01,100000,1000,101000,102000,99500,69196
61,2020-09-02,105500,5500,102000,107000,101500,403669
58,2020-09-03,106500,1000,105500,108500,105000,184549
57,2020-09-04,126500,20000,112000,133000,109500,2501985
56,2020-09-07,124000,2500,127000,129000,121500,708350
55,2020-09-08,120000,4000,127500,136000,118500,1305998
54,2020-09-09,115000,5000,117000,119000,113500,352632
50,2020-09-10,115000,0,117000,117500,112000,262121
49,2020-09-11,112000,3000,115000,116500,111000,205804
48,2020-09-14,118000,6000,113000,118500,111500,245936
47,2020-09-15,119000,1000,119000,121000,117000,171349
46,2020-09-16,115500,3500,118500,119000,115000,220840
43,2020-09-17,111500,4000,115500,116000,111500,125673
42,2020-09-18,109000,2500,112000,113000,108000,142103
41,2020-09-21,105000,4000,109500,110000,104000,186501
40,2020-09-22,103000,2000,105000,107000,101500,129962
39,2020-09-23,107000,4000,104500,108500,101500,135666
35,2020-09-24,104000,3000,104500,107000,103000,86277
34,2020-09-25,106000,2000,105500,107000,103000,74491
33,2020-09-28,102500,3500,106500,107000,102500,115526
32,2020-09-29,104500,2000,104000,106000,103500,104065
31,2020-10-05,105000,500,104000,106000,103000,84011
28,2020-10-06,108500,3500,106500,111000,106500,215867
27,2020-10-07,109000,500,107000,110500,106500,168218
26,2020-10-08,114000,5000,110000,114000,109000,233871
25,2020-10-12,113000,1000,115000,115500,112000,172416
24,2020-10-13,108000,5000,114000,114500,108000,107947
20,2020-10-14,109500,1500,112500,112500,107000,92200
19,2020-10-15,106000,3500,108500,109500,106000,76526
18,2020-10-16,105500,500,105000,107500,103500,75871
17,2020-10-19,107500,2000,105000,108000,105000,56059
16,2020-10-20,108500,1000,106000,108500,105000,61339
13,2020-10-21,106000,2500,107500,108000,105000,72325
12,2020-10-22,104500,1500,105000,106000,102500,110378
11,2020-10-23,106000,1500,104500,107500,103000,81615
10,2020-10-26,100500,5500,106000,106000,100500,100061
9,2020-10-27,99000,1500,99500,100000,98000,122636
5,2020-10-28,100500,1500,98800,101000,98800,101782
4,2020-10-29,102000,1500,99000,103000,98500,109064
3,2020-10-30,99700,2300,101000,101500,99700,67034
2,2020-11-02,102500,2800,99700,103000,99700,68756
1,2020-11-03,103500,1000,103000,106000,102500,48475
