,date,close,diff,open,high,low,volume
448,2019-08-16,1700,10,1705,1725,1650,198642
447,2019-08-19,1715,15,1725,1745,1700,200988
446,2019-08-20,1720,5,1720,1735,1710,151644
445,2019-08-21,1730,10,1720,1745,1700,89845
444,2019-08-22,1705,25,1730,1740,1700,121044
440,2019-08-23,1680,25,1680,1715,1675,112345
439,2019-08-26,1605,75,1625,1665,1590,234970
438,2019-08-27,1640,35,1635,1670,1625,89938
437,2019-08-28,1660,20,1640,1665,1630,72802
436,2019-08-29,1650,10,1660,1660,1615,108234
433,2019-08-30,1730,80,1650,1810,1650,559173
432,2019-09-02,1710,20,1745,1745,1690,203862
431,2019-09-03,1725,15,1725,1735,1700,100447
430,2019-09-04,1790,65,1740,1805,1720,323353
429,2019-09-05,1780,10,1820,1820,1765,173209
425,2019-09-06,1745,35,1780,1800,1745,135309
424,2019-09-09,1800,55,1785,1825,1745,303470
423,2019-09-10,1830,30,1805,1870,1780,703901
422,2019-09-11,1835,5,1820,1870,1810,293995
421,2019-09-16,1895,60,1830,1910,1805,552020
418,2019-09-17,1850,45,1865,1880,1825,275890
417,2019-09-18,1865,15,1840,1870,1830,229954
416,2019-09-19,1855,10,1865,1870,1845,138142
415,2019-09-20,1850,5,1860,1865,1825,232994
414,2019-09-23,1915,65,1865,1955,1855,850620
410,2019-09-24,1895,20,1915,1935,1875,435167
409,2019-09-25,1795,100,1905,1920,1790,534667
408,2019-09-26,1805,10,1805,1840,1780,161046
407,2019-09-27,1795,10,1805,1840,1795,150886
406,2019-09-30,1760,35,1795,1810,1650,232976
403,2019-10-01,1755,5,1750,1775,1740,143264
402,2019-10-02,1760,5,1785,1785,1710,211272
401,2019-10-04,1715,45,1760,1765,1705,240085
400,2019-10-07,1660,55,1670,1690,1640,447060
399,2019-10-08,1670,10,1640,1695,1640,172619
395,2019-10-10,1680,10,1670,1690,1635,163201
394,2019-10-11,1765,85,1685,1765,1670,180478
393,2019-10-14,1750,15,1755,1775,1745,168515
392,2019-10-15,1740,10,1735,1765,1730,125301
391,2019-10-16,1740,0,1750,1755,1730,90162
388,2019-10-17,1740,0,1740,1760,1725,50985
387,2019-10-18,1725,15,1730,1745,1715,78948
386,2019-10-21,1680,45,1725,1725,1670,97715
385,2019-10-22,1680,0,1680,1700,1665,111972
384,2019-10-23,1655,25,1680,1700,1655,174594
380,2019-10-24,1645,10,1660,1660,1620,187219
379,2019-10-25,1625,20,1645,1650,1595,169705
378,2019-10-28,1625,0,1620,1660,1600,210099
377,2019-10-29,1640,15,1635,1650,1625,84342
376,2019-10-30,1630,10,1620,1650,1615,77743
373,2019-10-31,1615,15,1640,1645,1590,223867
372,2019-11-01,1620,5,1620,1625,1585,155510
371,2019-11-04,1655,35,1630,1685,1625,131307
370,2019-11-05,1690,35,1660,1690,1655,109365
369,2019-11-06,1700,10,1700,1715,1680,142417
365,2019-11-07,1675,25,1690,1695,1645,220373
364,2019-11-08,1690,15,1675,1695,1675,70270
363,2019-11-11,1685,5,1690,1695,1670,65323
362,2019-11-12,1690,5,1680,1715,1675,165711
361,2019-11-13,1700,10,1695,1705,1685,91792
358,2019-11-14,1685,15,1700,1715,1670,84966
357,2019-11-15,1700,15,1705,1720,1690,111419
356,2019-11-18,1720,20,1715,1755,1680,358665
355,2019-11-19,1690,30,1715,1735,1690,208416
354,2019-11-20,1630,60,1680,1705,1620,154242
350,2019-11-21,1610,20,1630,1640,1595,170977
349,2019-11-22,1585,25,1600,1625,1580,205611
348,2019-11-25,1620,35,1590,1635,1590,61760
347,2019-11-26,1640,20,1635,1650,1620,63473
346,2019-11-27,1625,15,1640,1645,1620,52809
343,2019-11-28,1625,0,1625,1635,1605,67483
342,2019-11-29,1620,5,1620,1630,1595,102801
341,2019-12-02,1615,5,1620,1635,1585,109631
340,2019-12-03,1600,15,1610,1615,1580,90883
339,2019-12-04,1590,10,1595,1615,1585,107249
335,2019-12-05,1570,20,1595,1610,1555,128305
334,2019-12-06,1570,0,1570,1595,1570,68070
333,2019-12-09,1535,35,1575,1580,1520,258569
332,2019-12-10,1510,25,1520,1530,1500,184082
331,2019-12-11,1525,15,1500,1535,1500,131472
328,2019-12-12,1550,25,1520,1565,1520,81118
327,2019-12-13,1585,35,1605,1605,1565,65992
326,2019-12-16,1585,0,1610,1615,1560,68008
325,2019-12-17,1615,30,1590,1620,1570,119839
324,2019-12-18,1575,40,1600,1615,1560,120055
320,2019-12-19,1570,5,1575,1585,1560,66555
319,2019-12-20,1570,0,1570,1580,1560,80344
318,2019-12-23,1545,25,1570,1580,1530,161161
317,2019-12-24,1530,15,1540,1555,1525,126049
316,2019-12-26,1520,10,1530,1555,1510,208010
313,2019-12-27,1555,35,1525,1555,1515,89876
312,2019-12-30,1555,0,1545,1575,1545,111522
311,2020-01-02,1580,25,1555,1585,1550,108998
310,2020-01-03,1590,10,1580,1600,1565,117433
309,2020-01-06,1535,55,1580,1580,1515,175076
305,2020-01-07,1525,10,1535,1565,1520,122282
304,2020-01-08,1425,100,1515,1525,1425,408716
303,2020-01-09,1495,70,1465,1500,1450,152504
302,2020-01-10,1505,10,1500,1515,1480,149888
301,2020-01-13,1530,25,1505,1530,1490,106372
298,2020-01-14,1540,10,1530,1550,1520,110261
297,2020-01-15,1565,25,1535,1565,1535,100660
296,2020-01-16,1540,25,1565,1570,1535,140666
295,2020-01-17,1525,15,1540,1560,1505,90944
294,2020-01-20,1525,0,1535,1540,1515,71456
290,2020-01-21,1505,20,1540,1540,1490,146537
289,2020-01-22,1510,5,1500,1515,1490,80621
288,2020-01-23,1500,10,1505,1515,1485,103813
287,2020-01-28,1425,75,1445,1450,1400,230952
286,2020-01-29,1445,20,1420,1450,1420,85631
283,2020-01-30,1420,25,1445,1450,1410,162932
282,2020-01-31,1395,25,1405,1435,1395,191755
281,2020-02-03,1455,60,1500,1565,1420,746872
280,2020-02-04,1470,15,1445,1500,1420,222372
279,2020-02-05,1500,30,1475,1500,1460,138998
275,2020-02-06,1585,85,1485,1590,1485,384244
274,2020-02-07,1685,100,1610,1945,1590,18384821
273,2020-02-10,1675,10,1660,1730,1615,2186191
272,2020-02-11,1775,100,1660,1830,1660,5897436
271,2020-02-12,1750,25,1750,1810,1700,3274129
268,2020-02-13,1700,50,1730,1745,1655,1158345
267,2020-02-14,1715,15,1695,1735,1645,836230
266,2020-02-17,1745,30,1715,1865,1660,7423612
265,2020-02-18,1675,70,1755,1765,1670,1057123
264,2020-02-19,1730,55,1675,1775,1615,1898002
260,2020-02-20,1765,35,1715,1860,1680,6637241
259,2020-02-21,2040,275,1855,2090,1810,30739122
258,2020-02-24,2650,610,2650,2650,2530,12769679
257,2020-02-25,2205,445,2430,2615,2105,32536299
256,2020-02-26,2260,55,2575,2650,2205,38594557
253,2020-02-27,2220,40,2260,2475,2050,22671646
252,2020-02-28,2125,95,2180,2285,2050,8234598
251,2020-03-02,2035,90,2120,2160,1980,5121750
250,2020-03-03,2085,50,2005,2115,2000,5164119
249,2020-03-04,2070,15,2070,2150,2035,5387266
245,2020-03-05,2020,50,2060,2095,1975,3882588
244,2020-03-06,1950,70,1975,2020,1870,4266997
243,2020-03-09,1895,55,1955,2120,1880,8160514
242,2020-03-10,1910,15,1850,1915,1795,3302000
241,2020-03-11,2115,205,1915,2125,1830,17035571
238,2020-03-12,1980,135,2080,2115,1910,5246375
237,2020-03-13,1680,300,1790,1840,1620,4396272
236,2020-03-16,1555,125,1730,1775,1555,3777241
235,2020-03-17,1515,40,1430,1620,1420,3676588
234,2020-03-18,1480,35,1540,1755,1480,9356547
230,2020-03-19,1460,20,1565,1670,1360,7513808
229,2020-03-20,1520,60,1460,1590,1460,4257255
228,2020-03-23,1380,140,1490,1490,1355,2001625
227,2020-03-24,1445,65,1410,1460,1395,3216947
226,2020-03-25,1530,85,1500,1550,1460,4944476
223,2020-03-26,1535,5,1575,1600,1525,4864307
222,2020-03-27,1535,0,1595,1635,1440,7690989
221,2020-03-30,1670,135,1490,1680,1480,7411363
220,2020-03-31,1780,110,1810,1920,1650,9889024
219,2020-04-01,1780,0,1775,1975,1710,14510136
215,2020-04-02,1850,70,1800,1860,1700,5258435
214,2020-04-03,1900,50,1865,1945,1800,6222854
213,2020-04-06,1990,90,1900,1990,1860,6134660
212,2020-04-07,1875,115,2000,2010,1835,4352679
211,2020-04-08,1915,40,1880,1990,1815,6504527
208,2020-04-09,1945,30,1930,2040,1910,6742608
207,2020-04-10,1840,105,1955,1960,1785,2888758
206,2020-04-13,1950,110,1880,2130,1860,27269091
205,2020-04-14,2030,80,1985,2215,1965,27112188
204,2020-04-16,2325,295,2030,2390,1990,25360418
200,2020-04-17,2185,140,2285,2330,2170,7834612
199,2020-04-20,2190,5,2190,2320,2150,6912469
198,2020-04-21,2060,130,2275,2310,1910,8336467
197,2020-04-22,2090,30,1995,2150,1990,2740806
196,2020-04-23,2115,25,2095,2185,2065,3957150
193,2020-04-24,2125,10,2210,2280,2065,8960391
192,2020-04-27,2155,30,2160,2205,2130,2213356
191,2020-04-28,2130,25,2155,2170,2090,1721484
190,2020-04-29,2175,45,2150,2305,2140,13434094
189,2020-05-04,2320,145,2175,2385,2145,13581387
185,2020-05-06,2265,55,2300,2325,2240,4961535
184,2020-05-07,2300,35,2290,2450,2210,9025169
183,2020-05-08,2300,0,2360,2395,2290,4650249
182,2020-05-11,2415,115,2335,2415,2220,4639205
181,2020-05-12,2320,95,2390,2390,2275,2818436
178,2020-05-13,2315,5,2275,2365,2250,2047887
177,2020-05-14,2335,20,2290,2355,2275,1814244
176,2020-05-15,2250,85,2355,2400,2245,3739647
175,2020-05-18,2335,85,2230,2690,2145,34882520
174,2020-05-19,2270,65,2340,2345,2250,3140274
170,2020-05-20,2290,20,2300,2330,2265,2598868
169,2020-05-21,2280,10,2290,2320,2270,1586224
168,2020-05-22,2180,100,2280,2310,2175,1600696
167,2020-05-25,2200,20,2180,2285,2165,2509012
166,2020-05-26,2175,25,2240,2245,2165,1295192
163,2020-05-27,2190,15,2175,2295,2150,3391702
162,2020-05-28,2155,35,2185,2340,2125,4639365
161,2020-05-29,2115,40,2155,2195,2105,1260352
160,2020-06-01,2120,5,2100,2150,2095,993113
159,2020-06-02,2125,5,2125,2165,2115,879527
155,2020-06-03,2125,0,2130,2165,2120,765343
154,2020-06-04,2160,35,2145,2170,2125,729923
153,2020-06-05,2250,90,2165,2270,2145,2371370
152,2020-06-08,2205,45,2240,2240,2175,741110
151,2020-06-09,2125,80,2205,2225,2120,1085167
148,2020-06-10,2080,45,2115,2140,2045,788983
147,2020-06-11,2045,35,2070,2115,2030,554525
146,2020-06-12,1985,60,1910,2000,1900,794717
145,2020-06-15,1800,185,1970,1995,1800,1081650
144,2020-06-16,1910,110,1820,1920,1820,579124
140,2020-06-17,1890,20,1880,1970,1860,492308
139,2020-06-18,1940,50,1895,1940,1870,415434
138,2020-06-19,1915,25,1965,1970,1900,419876
137,2020-06-22,1885,30,1910,1930,1880,320522
136,2020-06-23,1945,60,1895,1955,1880,781282
133,2020-06-24,1930,15,1980,2020,1910,1019422
132,2020-06-25,1900,30,1905,1925,1880,347406
131,2020-06-26,2030,130,1895,2200,1850,3632447
130,2020-06-29,1920,110,1930,1955,1875,1344347
129,2020-06-30,1875,45,1930,1935,1875,451231
125,2020-07-01,1850,25,1885,1900,1835,466517
124,2020-07-02,1865,15,1840,1875,1830,385130
123,2020-07-03,1865,0,1865,1880,1850,309014
122,2020-07-06,1880,15,1855,1895,1840,328403
121,2020-07-07,1860,20,1870,1885,1850,303783
118,2020-07-08,1845,15,1880,1880,1825,375032
117,2020-07-09,1850,5,1850,1880,1845,457828
116,2020-07-10,1845,5,1850,1850,1820,361685
115,2020-07-13,1900,55,1860,1915,1840,781023
114,2020-07-14,1885,15,1900,1905,1865,307575
110,2020-07-15,1935,50,1905,1945,1880,662092
109,2020-07-16,1920,15,1945,1960,1910,518331
108,2020-07-17,2005,85,1925,2025,1920,1488154
107,2020-07-20,1935,70,1985,2000,1930,680915
106,2020-07-21,1925,10,1960,1960,1900,472637
103,2020-07-22,1940,15,1910,1965,1905,470445
102,2020-07-23,1925,15,1940,1950,1900,388914
101,2020-07-24,1925,0,1930,1960,1900,537016
100,2020-07-27,1915,10,1925,1925,1900,288553
99,2020-07-28,1900,15,1900,1930,1900,274892
95,2020-07-29,1910,10,1900,1925,1875,340076
94,2020-07-30,1905,5,1915,1930,1880,302080
93,2020-07-31,1905,0,1895,1945,1895,392905
92,2020-08-03,1885,20,1910,1940,1875,503361
91,2020-08-04,1895,10,1885,1905,1880,325350
88,2020-08-05,1895,0,1890,1905,1875,541870
87,2020-08-06,1880,15,1900,1930,1870,958685
86,2020-08-07,1850,30,1890,1890,1835,604766
85,2020-08-10,1820,30,1900,1905,1800,1598256
84,2020-08-11,1810,10,1815,1835,1800,410625
80,2020-08-12,1760,50,1820,1820,1745,611017
79,2020-08-13,1760,0,1765,1800,1735,578617
78,2020-08-14,1715,45,1735,1760,1710,642924
77,2020-08-18,1660,55,1715,1750,1610,1135397
76,2020-08-19,1750,90,1640,1750,1640,838887
73,2020-08-20,1865,115,1735,1865,1650,3502152
72,2020-08-21,1855,10,1790,1945,1755,6018862
71,2020-08-24,1910,55,1895,2030,1890,8346553
70,2020-08-25,1960,50,1890,2000,1790,3840487
69,2020-08-26,2005,45,1935,2135,1905,10832950
65,2020-08-27,2140,135,2070,2190,2030,13605648
64,2020-08-28,2430,290,2420,2665,2310,91233895
63,2020-08-31,2360,70,2525,2555,2315,13102665
62,2020-09-01,2320,40,2360,2380,2255,5050309
61,2020-09-02,2230,90,2300,2495,2210,14900077
58,2020-09-03,2245,15,2225,2300,2190,2695076
57,2020-09-04,2225,20,2105,2305,2105,3026940
56,2020-09-07,2220,5,2195,2250,2160,1684691
55,2020-09-08,2150,70,2225,2235,2140,1544644
54,2020-09-09,2145,5,2090,2250,2090,1801797
50,2020-09-10,2170,25,2150,2225,2145,1255830
49,2020-09-11,2165,5,2160,2245,2160,888976
48,2020-09-14,2155,10,2160,2200,2140,1032325
47,2020-09-15,2150,5,2180,2215,2135,1479485
46,2020-09-16,2145,5,2155,2235,2125,1886193
43,2020-09-17,2295,150,2170,2315,2070,8735415
42,2020-09-18,2220,75,2240,2380,2200,9313936
41,2020-09-21,2190,30,2240,2250,2065,2390072
40,2020-09-22,2095,95,2185,2190,2060,1885690
39,2020-09-23,2195,100,2115,2280,2075,5369544
35,2020-09-24,2050,145,2160,2185,2050,1834689
34,2020-09-25,1935,115,2050,2095,1895,2158398
33,2020-09-28,1940,5,1940,1975,1925,722435
32,2020-09-29,1965,25,1950,1995,1940,685047
31,2020-10-05,1935,30,1990,1990,1925,530630
28,2020-10-06,1950,15,1930,1990,1930,654938
27,2020-10-07,1980,30,1935,1980,1935,696339
26,2020-10-08,1970,10,2065,2090,1965,1651285
25,2020-10-12,1995,25,1955,2000,1935,613306
24,2020-10-13,1945,50,1995,2020,1940,708348
20,2020-10-14,1920,25,1945,1980,1905,722941
19,2020-10-15,1900,20,1910,1965,1870,1111875
18,2020-10-16,1830,70,1880,1915,1805,912822
17,2020-10-19,1800,30,1815,1865,1795,705231
16,2020-10-20,1810,10,1780,1820,1760,534584
13,2020-10-21,1865,55,1795,1885,1795,598576
12,2020-10-22,1905,40,1870,1935,1850,870175
11,2020-10-23,1915,10,1895,1930,1895,472195
10,2020-10-26,1865,50,1915,1940,1850,425495
9,2020-10-27,1885,20,1815,1960,1810,1342697
5,2020-10-28,1960,75,1875,2145,1830,11128110
4,2020-10-29,1970,10,1915,1970,1885,1841437
3,2020-10-30,1895,75,1960,1960,1895,1304948
2,2020-11-02,1970,75,1930,2075,1925,7402517
1,2020-11-03,1990,20,1985,2015,1955,1367963
