,date,close,diff,open,high,low,volume
448,2016-03-25,3275,10,3270,3350,3200,314
447,2016-03-28,3280,5,3280,3290,3275,342
446,2016-03-29,3285,5,3285,3285,3285,6
445,2016-03-30,3040,245,3290,3290,3015,308
444,2016-03-31,3065,25,3140,3140,3065,8
440,2016-04-01,3235,170,3310,3310,3215,50
439,2016-04-04,3200,35,3240,3240,3190,93
438,2016-04-05,3200,0,3200,3200,3200,3
437,2016-04-06,3155,45,3205,3205,3155,27
436,2016-04-07,3150,5,3160,3160,3150,5
433,2016-04-08,3210,60,3150,3210,3150,13
432,2016-04-11,3200,10,3200,3200,3200,10
431,2016-04-12,3010,190,3200,3200,3010,10
430,2016-04-14,3200,190,3025,3200,3025,3
429,2016-04-15,3185,15,3200,3215,3185,439
425,2016-04-18,3085,100,3200,3215,3085,74
424,2016-04-19,3065,20,3095,3215,3065,121
423,2016-04-20,3100,35,3070,3145,3055,109
422,2016-04-21,2885,215,3100,3205,2840,11168
421,2016-04-22,2850,35,2810,2880,2705,5297
418,2016-04-25,2895,45,3095,3100,2535,199
417,2016-04-26,2845,50,2900,2995,2765,11
416,2016-04-27,2790,55,2845,2870,2610,95
415,2016-04-28,2665,125,2760,2770,2630,16047
414,2016-04-29,2765,100,2665,2775,2665,3036
410,2016-05-02,2675,90,2765,2810,2585,11074
409,2016-05-03,2805,130,2865,2865,2805,767
408,2016-05-04,2805,0,2815,2815,2800,5
407,2016-05-09,2580,225,2870,2870,2580,9929
406,2016-05-10,2655,75,2605,2655,2605,801
403,2016-05-11,2745,90,2660,2745,2660,6093
402,2016-05-12,2740,5,2740,2740,2740,2927
401,2016-05-13,2700,40,2740,2740,2700,650
400,2016-05-16,2700,0,2700,2700,2700,0
399,2016-05-17,2700,0,2700,2700,2700,426
395,2016-05-18,2700,0,2700,2700,2700,0
394,2016-05-19,2660,40,2660,2660,2660,1
393,2016-05-20,2660,0,2660,2660,2660,0
392,2016-05-23,2660,0,2660,2660,2660,0
391,2016-05-24,2660,0,2660,2660,2660,0
388,2016-05-25,2660,0,2660,2660,2660,0
387,2016-05-26,2660,0,2660,2660,2660,0
386,2016-05-27,2830,170,2785,2995,2785,434
385,2016-05-30,3675,845,2865,3675,2865,50362
384,2016-05-31,3455,220,3900,4540,3300,97333
380,2016-06-01,3305,150,3455,3620,3270,8514
379,2016-06-02,3490,185,3420,4000,3310,19794
378,2016-06-03,3620,130,3415,3700,3410,11338
377,2016-06-07,3735,115,3515,3780,3515,5814
376,2016-06-08,3850,115,3735,3935,3700,3903
373,2016-06-09,3870,20,3930,4000,3625,7572
372,2016-06-10,3975,105,4000,4005,3910,12560
371,2016-06-13,3995,20,3805,4040,3805,5488
370,2016-06-14,4000,5,3810,4000,3810,2377
369,2016-06-15,4000,0,4000,4030,4000,1302
365,2016-06-16,3965,35,4095,4095,3960,1467
364,2016-06-17,4000,35,4000,4045,4000,7925
363,2016-06-20,4005,5,4000,4020,4000,4900
362,2016-06-21,3970,35,4005,4100,3970,2935
361,2016-06-22,3970,0,4000,4030,3970,3961
358,2016-06-23,4020,50,4010,4100,4010,9365
357,2016-06-24,3940,80,4000,4050,3940,2310
356,2016-06-27,4000,60,4000,4000,4000,1000
355,2016-06-28,4000,0,4000,4000,4000,59
354,2016-06-29,3980,20,3980,3980,3980,60
350,2016-06-30,3980,0,3980,3980,3980,500
349,2016-07-01,3980,0,3980,3980,3980,1
348,2016-07-04,4000,20,4000,4000,4000,4117
347,2016-07-05,4095,95,4100,4100,4095,23
346,2016-07-06,4195,100,4195,4195,4195,5
343,2016-07-07,4000,195,4000,4180,4000,2733
342,2016-07-08,4060,60,4065,4065,4060,6
341,2016-07-11,4050,10,4050,4050,4050,0
340,2016-07-12,4050,0,4050,4050,4050,300
339,2016-07-13,4000,50,4000,4000,4000,754
335,2016-07-14,4010,10,4000,4020,4000,4871
334,2016-07-15,4290,280,4110,4295,4110,49
333,2016-07-18,4290,0,4290,4290,4290,0
332,2016-07-19,4300,10,4295,4305,4295,1557
331,2016-07-20,4300,0,4300,4300,4300,0
328,2016-07-21,4385,85,4300,4385,4300,7
327,2016-07-22,4355,30,4135,4355,4135,2
326,2016-07-25,4330,25,4330,4330,4330,0
325,2016-07-26,4265,65,4200,4300,4200,14137
324,2016-07-27,4270,5,4265,4440,4265,76
320,2016-07-28,4275,5,4275,4275,4275,0
319,2016-07-29,4275,0,4275,4275,4275,0
318,2016-08-01,4450,175,4450,4450,4450,1
317,2016-08-02,4425,25,4425,4425,4425,5
316,2016-08-03,4425,0,4200,4425,4200,3
313,2016-08-04,4450,25,4450,4450,4450,2
312,2016-08-05,4440,10,4300,4440,4300,4
311,2016-08-08,4450,10,4450,4450,4450,224
310,2016-08-09,4450,0,4300,4450,4300,168
309,2016-08-10,4490,40,4300,4490,4300,2
305,2016-08-11,4305,185,4500,4500,4305,44
304,2016-08-12,4305,0,4305,4305,4305,0
303,2016-08-16,4300,5,4300,4300,4300,910
302,2016-08-17,4300,0,4300,4300,4300,1303
301,2016-08-18,4300,0,4300,4300,4300,0
298,2016-08-19,4300,0,4300,4300,4300,0
297,2016-08-22,4300,0,4300,4300,4300,28
296,2016-08-23,4300,0,4300,4300,4300,1800
295,2016-08-24,4305,5,4305,4305,4305,100
294,2016-08-25,4305,0,4305,4305,4305,100
290,2016-08-26,4310,5,4310,4310,4310,0
289,2016-08-29,4310,0,4310,4310,4310,100
288,2016-08-30,4495,185,4360,4495,4360,1007
287,2016-08-31,4495,0,4495,4495,4495,0
286,2016-09-01,4485,10,4400,4485,4400,5103
283,2016-09-02,4480,5,4400,4480,4400,3136
282,2016-09-05,4480,0,4480,4480,4480,0
281,2016-09-06,4395,85,4450,4450,4205,10407
280,2016-09-07,4395,0,4300,4395,4300,11605
279,2016-09-08,4410,15,4410,4410,4410,300
275,2016-09-09,4410,0,4400,4410,4400,192
274,2016-09-12,4410,0,4410,4410,4410,0
273,2016-09-13,4040,370,4190,4495,4010,1680
272,2016-09-19,4590,550,4595,4595,4590,152
271,2016-09-20,4400,190,4400,4400,4400,34
268,2016-09-21,4400,0,4200,4495,4200,389
267,2016-09-22,4595,195,4600,4600,4595,1203
266,2016-09-23,4575,20,4590,4590,4575,15
265,2016-09-26,4300,275,4300,4300,4300,4
264,2016-09-27,4300,0,4300,4395,4300,2110
260,2016-09-28,4300,0,4300,4300,4300,0
259,2016-09-29,4300,0,4300,4300,4300,0
258,2016-09-30,4300,0,4300,4300,4300,0
257,2016-10-04,4300,0,4300,5590,4250,6589
256,2016-10-05,4300,0,4300,4580,4285,2388
253,2016-10-06,4300,0,4300,4300,4300,197
252,2016-10-07,4500,200,4300,4500,4300,3
251,2016-10-10,4310,190,4305,4310,4305,2
250,2016-10-11,4300,10,4385,4495,4300,44
249,2016-10-12,4300,0,4300,4300,4300,108
245,2016-10-13,4300,0,4300,4300,4300,0
244,2016-10-14,4490,190,4135,4490,4135,8
243,2016-10-17,4490,0,4490,4490,4490,0
242,2016-10-18,4350,140,4300,4350,4300,2001
241,2016-10-19,4780,430,4865,4865,4200,4371
238,2016-10-20,4350,430,4350,4350,4350,0
237,2016-10-21,4305,45,4850,4850,4200,140
236,2016-10-24,4470,165,4470,4470,4470,1
235,2016-10-25,4350,120,4350,4350,4350,0
234,2016-10-26,4500,150,4300,4580,4290,3140
230,2016-10-27,4530,30,4530,4530,4530,1
229,2016-10-28,4485,45,4485,4485,4485,0
228,2016-10-31,4485,0,4485,4485,4485,0
227,2016-11-01,4480,5,4480,4480,4480,0
226,2016-11-02,4470,10,4300,4470,4300,201
223,2016-11-03,4460,10,4460,4460,4460,0
222,2016-11-04,4350,110,4350,4350,4350,130
221,2016-11-07,4350,0,4350,4350,4350,0
220,2016-11-08,4400,50,4280,4400,4280,12532
219,2016-11-09,4400,0,4305,4400,4305,400
215,2016-11-10,4400,0,4400,4400,4400,20
214,2016-11-11,4400,0,4400,4400,4400,0
213,2016-11-14,4490,90,4490,4490,4490,1
212,2016-11-15,4490,0,4490,4490,4490,0
211,2016-11-16,4350,140,4450,4475,4345,1617
208,2016-11-17,4350,0,4350,4350,4350,0
207,2016-11-18,4400,50,4400,4400,4400,1
206,2016-11-21,4400,0,4400,4400,4400,0
205,2016-11-22,4495,95,4400,4495,4400,311
204,2016-11-23,4485,10,4485,4485,4485,0
200,2016-11-24,4475,10,4475,4475,4475,0
199,2016-11-25,4515,40,4515,4515,4515,1
198,2016-11-28,4410,105,4305,4410,4305,4
197,2016-11-29,4410,0,4410,4410,4410,0
196,2016-11-30,4410,0,4350,4410,4350,1297
193,2016-12-01,4485,75,4565,4565,4310,150
192,2016-12-02,4320,165,4040,4570,4040,302
191,2016-12-05,4305,15,4305,4305,4305,23
190,2016-12-06,4545,240,4545,4545,4545,1
189,2016-12-07,4485,60,4800,4800,4240,261
185,2016-12-08,4540,55,4285,4540,4285,4
184,2016-12-09,4480,60,4135,4480,4135,3
183,2016-12-12,4440,40,4575,4575,4440,2
182,2016-12-13,4350,90,4285,4610,4285,44
181,2016-12-14,4310,40,4340,4345,4310,3
178,2016-12-15,4330,20,4300,4330,4300,7
177,2016-12-16,4310,20,4310,4310,4310,2
176,2016-12-19,4330,20,4330,4330,4330,0
175,2016-12-20,4535,205,4580,4580,4305,24005
174,2016-12-21,4525,10,4525,4525,4525,0
170,2016-12-22,4355,170,4350,4555,4350,10
169,2016-12-23,4355,0,4355,4355,4355,0
168,2016-12-26,4405,50,4405,4405,4405,2
167,2016-12-27,4405,0,4405,4405,4405,0
166,2016-12-28,4405,0,4405,4405,4405,0
163,2016-12-29,4400,5,4400,4400,4360,3362
162,2017-01-02,4400,0,4400,4400,4400,0
161,2017-01-03,4400,0,4400,4400,4400,0
160,2017-01-04,4400,0,4400,4400,4400,0
159,2017-01-05,4400,0,4400,4400,4400,0
155,2017-01-06,4400,0,4400,4400,4400,0
154,2017-01-09,4400,0,4400,4400,4400,0
153,2017-01-10,4400,0,4400,4400,4400,0
152,2017-01-11,4400,0,4400,4400,4400,0
151,2017-01-12,4400,0,4315,4400,4315,685
148,2017-01-13,4400,0,4400,4400,4400,0
147,2017-01-16,4400,0,4400,4400,4400,0
146,2017-01-17,4400,0,4400,4400,4400,288
145,2017-01-18,4400,0,4400,4400,4400,0
144,2017-01-19,4595,195,4595,4595,4595,1
140,2017-01-20,4500,95,4595,4595,4500,61
139,2017-01-23,4500,0,4500,4500,4500,0
138,2017-01-24,4500,0,4500,4500,4500,0
137,2017-01-25,4500,0,4500,4500,4500,0
136,2017-01-26,4735,235,4735,4735,4735,1
133,2017-01-31,4730,5,4730,4730,4730,0
132,2017-02-01,4730,0,4730,4730,4730,0
131,2017-02-02,4730,0,4730,4730,4730,0
130,2017-02-03,4740,10,4775,4775,4415,4
129,2017-02-06,4690,50,4700,4700,4520,12
125,2017-02-07,4690,0,4690,4690,4690,0
124,2017-02-08,4690,0,4775,4775,4690,82
123,2017-02-09,4760,70,4760,4760,4760,1
122,2017-02-10,4550,210,4550,4550,4550,0
121,2017-02-13,4480,70,4550,4550,4480,2950
118,2017-02-14,4760,280,4760,4760,4760,1
117,2017-02-15,4760,0,4760,4760,4760,0
116,2017-02-16,4760,0,4760,4760,4760,0
115,2017-02-17,4760,0,4760,4760,4760,0
114,2017-02-20,4760,0,4760,4760,4760,0
110,2017-02-21,4760,0,4760,4760,4760,0
109,2017-02-22,4465,295,4825,4825,4465,2107
108,2017-02-23,4465,0,4465,4465,4465,1202
107,2017-02-24,4790,325,4465,4840,4410,26
106,2017-02-27,4790,0,4790,4790,4790,0
103,2017-02-28,4845,55,4850,4850,4425,6
102,2017-03-02,4800,45,4800,4800,4800,10
101,2017-03-03,4800,0,4800,4800,4800,0
100,2017-03-06,4815,15,4825,4825,4550,402
99,2017-03-07,4600,215,4600,4600,4600,6223
95,2017-03-08,4695,95,4695,4695,4695,1769
94,2017-03-09,4875,180,4875,4875,4600,124
93,2017-03-10,4865,10,4865,4865,4865,0
92,2017-03-13,4555,310,4555,4555,4555,0
91,2017-03-14,4750,195,4750,4750,4750,0
88,2017-03-15,4600,150,4550,4810,4550,56
87,2017-03-16,4840,240,4500,5730,4500,267641
86,2017-03-17,4660,180,4880,5650,4635,438945
85,2017-03-20,4500,160,4660,4660,4350,76631
84,2017-03-21,4420,80,4500,4500,4400,72999
80,2017-03-22,4420,0,4470,4690,4415,28400
79,2017-03-23,4370,50,4420,4420,4350,15567
78,2017-03-24,4365,5,4480,4480,4350,12409
77,2017-03-27,4365,0,4310,4460,4300,6896
76,2017-03-28,4730,365,4795,4795,4700,121301
73,2017-03-29,4715,15,4710,4750,4680,7084
72,2017-03-30,4730,15,4625,4780,4625,3138
71,2017-03-31,4835,105,4720,4845,4720,9406
70,2017-04-03,4800,35,4865,4870,4760,2345
69,2017-04-04,4745,55,4730,4855,4730,1892
65,2017-04-05,4755,10,4745,4755,4720,6617
64,2017-04-06,4785,30,4760,4785,4760,2079
63,2017-04-07,4760,25,4710,4760,4710,2743
62,2017-04-10,4760,0,4830,4830,4715,1057
61,2017-04-11,4775,15,4760,4780,4760,4866
58,2017-04-12,4780,5,4775,4815,4775,2495
57,2017-04-13,4780,0,4760,4780,4760,5098
56,2017-04-14,4770,10,4755,4770,4750,8158
55,2017-04-17,4765,5,4750,4765,4750,2399
54,2017-04-18,4785,20,4755,4785,4755,567
50,2017-04-19,4765,20,4755,4765,4755,1718
49,2017-04-20,4795,30,4795,4795,4795,2242
48,2017-04-21,4775,20,4765,4795,4765,1350
47,2017-04-24,4765,10,4760,4765,4760,767
46,2017-04-25,4825,60,4815,4850,4815,6287
43,2017-04-26,4790,35,4790,4825,4790,8643
42,2017-04-27,4820,30,4790,4820,4790,9247
41,2017-04-28,4830,10,4825,4830,4825,754
40,2017-05-02,4830,0,4830,4830,4790,3216
39,2017-05-04,4825,5,4830,4830,4825,5850
35,2017-05-08,4820,5,4820,4825,4800,956
34,2017-05-10,4855,35,4845,4855,4835,6421
33,2017-05-11,4880,25,4855,4880,4855,11509
32,2017-05-12,4945,65,4880,4950,4875,22698
31,2017-05-15,4980,35,4945,4980,4945,88818
28,2017-05-16,4985,5,4975,4985,4975,28878
27,2017-05-17,4995,10,4990,4995,4990,46087
26,2017-05-18,5000,5,5000,5000,5000,20800
25,2017-05-19,5020,20,5000,5020,5000,35766
24,2017-05-22,5020,0,5020,5020,5020,48922
20,2017-05-23,5030,10,5020,5030,5020,35664
19,2017-05-24,5030,0,5030,5030,5030,5761
18,2017-05-25,5040,10,5030,5050,5030,47727
17,2017-05-26,5020,20,5020,5020,5020,16163
16,2017-05-29,5020,0,0,0,0,0
13,2017-05-30,5020,0,0,0,0,0
12,2017-05-31,5020,0,0,0,0,0
11,2017-06-01,5020,0,0,0,0,0
10,2017-06-02,5020,0,0,0,0,0
9,2017-06-05,5020,0,0,0,0,0
5,2017-06-07,5020,0,0,0,0,0
4,2017-06-08,5020,0,0,0,0,0
3,2017-06-09,5020,0,0,0,0,0
2,2017-06-12,5020,0,0,0,0,0
