,date,close,diff,open,high,low,volume
448,2019-02-14,5020,0,5020,5020,5020,0
447,2019-02-15,5020,0,5020,5020,5020,132
446,2019-02-18,5010,10,5010,5010,5010,100
445,2019-02-19,5010,0,5010,5010,5010,6000
444,2019-02-20,5010,0,5010,5010,5010,0
440,2019-02-21,5010,0,5010,5010,5010,0
439,2019-02-22,5010,0,5010,5010,5010,3200
438,2019-02-25,5010,0,5010,5010,5010,830
437,2019-02-26,5010,0,5010,5010,5010,35
436,2019-02-27,5010,0,5010,5010,5010,361
433,2019-02-28,5010,0,5010,5010,5010,126
432,2019-03-04,5010,0,5010,5010,5010,0
431,2019-03-05,5010,0,5010,5010,5010,40
430,2019-03-06,5010,0,5010,5010,5010,0
429,2019-03-07,5010,0,5010,5010,5010,4764
425,2019-03-08,5010,0,5010,5010,5010,0
424,2019-03-11,5010,0,5010,5010,5010,0
423,2019-03-12,5010,0,5010,5010,5010,0
422,2019-03-13,5010,0,5010,5010,5010,400
421,2019-03-14,5010,0,5010,5010,5010,16
418,2019-03-15,5010,0,5010,5010,5010,0
417,2019-03-18,5010,0,5010,5010,5010,1
416,2019-03-19,5010,0,5010,5010,5010,0
415,2019-03-20,5010,0,5010,5010,5010,0
414,2019-03-21,5020,10,5020,5020,5020,0
410,2019-03-22,5050,30,5050,5050,5050,1
409,2019-03-25,5050,0,5050,5050,5050,0
408,2019-03-26,5050,0,5050,5050,5050,0
407,2019-03-27,5040,10,5040,5040,5040,1
406,2019-03-28,5040,0,5040,5040,5040,0
403,2019-03-29,5030,10,5040,5040,5030,171
402,2019-04-01,5030,0,5010,5030,5010,15
401,2019-04-02,5030,0,5030,5030,5030,522
400,2019-04-03,5040,10,5040,5040,5040,548
399,2019-04-04,5040,0,5040,5040,5040,1002
395,2019-04-05,5040,0,5040,5040,5040,6
394,2019-04-08,5030,10,5030,5030,5030,90
393,2019-04-09,5040,10,5040,5040,5030,109
392,2019-04-10,5040,0,5040,5040,5040,20
391,2019-04-11,5040,0,5040,5040,5040,410
388,2019-04-12,5040,0,5040,5040,5040,813
387,2019-04-15,5040,0,5040,5040,5040,3
386,2019-04-16,5040,0,5040,5040,5040,52
385,2019-04-17,5040,0,5040,5040,5040,0
384,2019-04-18,5040,0,5040,5040,5040,0
380,2019-04-19,5040,0,5040,5040,5040,17
379,2019-04-22,5030,10,5040,5040,5030,745
378,2019-04-23,5040,10,5040,5040,5040,129
377,2019-04-24,5040,0,5040,5040,5040,4692
376,2019-04-25,5040,0,5040,5040,5040,4
373,2019-04-26,5050,10,5050,5050,5050,100
372,2019-04-29,5020,30,5020,5020,5020,3
371,2019-04-30,5010,10,5000,5010,5000,2082
370,2019-05-02,5000,10,5020,5020,5000,132
369,2019-05-03,5000,0,5000,5000,5000,0
365,2019-05-07,5000,0,5000,5000,5000,1
364,2019-05-08,5000,0,5000,5000,5000,0
363,2019-05-09,5000,0,5000,5000,5000,0
362,2019-05-10,5000,0,5000,5000,5000,0
361,2019-05-13,4955,45,4955,4955,4955,2
358,2019-05-14,4980,25,4980,4980,4980,0
357,2019-05-15,4980,0,4980,4980,4980,2
356,2019-05-16,5030,50,5030,5030,5030,1
355,2019-05-17,5030,0,5030,5030,5030,0
354,2019-05-20,5000,30,5000,5000,5000,500
350,2019-05-21,5010,10,5010,5010,5010,0
349,2019-05-22,5050,40,5000,5050,5000,3
348,2019-05-23,5010,40,5050,5050,5010,1001
347,2019-05-24,5010,0,5010,5010,5010,4546
346,2019-05-27,5010,0,5010,5010,5010,0
343,2019-05-28,5010,0,5010,5010,5010,29
342,2019-05-29,5010,0,5010,5010,5010,0
341,2019-05-30,5010,0,5010,5010,5010,0
340,2019-05-31,5010,0,5010,5010,5010,0
339,2019-06-03,5010,0,5010,5010,5010,0
335,2019-06-04,5010,0,5010,5010,5010,0
334,2019-06-05,5010,0,5010,5010,5010,0
333,2019-06-07,5010,0,5010,5010,5010,0
332,2019-06-10,5010,0,5010,5010,5010,0
331,2019-06-11,5010,0,5010,5010,5010,0
328,2019-06-12,5010,0,5010,5010,5010,0
327,2019-06-13,5010,0,5010,5010,5010,0
326,2019-06-14,5010,0,5010,5010,5010,0
325,2019-06-17,5010,0,5010,5010,5010,0
324,2019-06-18,5010,0,5010,5010,5010,0
320,2019-06-19,5010,0,5010,5010,5010,0
319,2019-06-20,5010,0,5010,5010,5010,0
318,2019-06-21,5040,30,5040,5040,5040,116
317,2019-06-24,5040,0,5040,5040,5040,0
316,2019-06-25,5030,10,5030,5030,5030,0
313,2019-06-26,5030,0,5030,5030,5030,0
312,2019-06-27,5030,0,5030,5030,5030,0
311,2019-06-28,5030,0,5030,5030,5030,0
310,2019-07-01,5030,0,5030,5030,5030,0
309,2019-07-02,5030,0,5030,5030,5030,0
305,2019-07-03,5040,10,5040,5040,5040,1819
304,2019-07-04,5040,0,5040,5040,5040,0
303,2019-07-05,5040,0,5040,5040,5040,0
302,2019-07-08,5030,10,5030,5030,5030,13
301,2019-07-09,5030,0,5030,5030,5030,0
298,2019-07-10,5030,0,5030,5030,5030,0
297,2019-07-11,5030,0,5030,5030,5030,0
296,2019-07-12,5010,20,5010,5010,5010,21
295,2019-07-15,5000,10,5000,5000,5000,29
294,2019-07-16,5010,10,5010,5010,5010,0
290,2019-07-17,5010,0,5010,5010,5010,0
289,2019-07-18,5010,0,5010,5010,5010,0
288,2019-07-19,5010,0,5010,5010,5010,0
287,2019-07-22,5010,0,5010,5010,5010,0
286,2019-07-23,5010,0,5010,5010,5010,0
283,2019-07-24,5010,0,5010,5010,5010,0
282,2019-07-25,5010,0,5010,5010,5010,0
281,2019-07-26,5010,0,5010,5010,5010,0
280,2019-07-29,5010,0,5010,5010,5010,0
279,2019-07-30,5010,0,5010,5010,5010,0
275,2019-07-31,5060,50,5060,5060,5060,1
274,2019-08-01,4990,70,5000,5000,4990,2
273,2019-08-02,4990,0,4990,4990,4990,0
272,2019-08-05,5100,110,5100,5100,5100,122
271,2019-08-06,5100,0,5100,5100,5100,0
268,2019-08-07,5100,0,5100,5100,5100,0
267,2019-08-08,5100,0,5100,5100,5100,0
266,2019-08-09,4955,145,4990,4990,4950,2423
265,2019-08-12,4980,25,4965,4985,4965,2794
264,2019-08-13,4980,0,4975,4980,4975,488
260,2019-08-14,4980,0,4980,4980,4980,1026
259,2019-08-16,4990,10,5000,5000,4980,7835
258,2019-08-19,4995,5,4995,5000,4995,524
257,2019-08-20,4995,0,4995,4995,4995,0
256,2019-08-21,4995,0,4995,4995,4995,0
253,2019-08-22,4995,0,4995,4995,4995,0
252,2019-08-23,4970,25,4970,4970,4970,100
251,2019-08-26,4905,65,4905,4905,4905,1
250,2019-08-27,4945,40,4945,4945,4945,0
249,2019-08-28,4955,10,4955,4955,4955,0
245,2019-08-29,5100,145,5100,5100,5100,47
244,2019-08-30,4950,150,4950,5010,4950,22
243,2019-09-02,4990,40,4990,4990,4990,0
242,2019-09-03,4990,0,4990,4990,4990,0
241,2019-09-04,5010,20,5010,5010,5010,100
238,2019-09-05,5010,0,5000,5010,5000,550
237,2019-09-06,5010,0,5010,5010,5010,0
236,2019-09-09,5000,10,5010,5010,5000,1039
235,2019-09-10,5000,0,5000,5000,5000,1500
234,2019-09-11,5000,0,5000,5000,5000,2000
230,2019-09-16,5000,0,5000,5000,4980,3117
229,2019-09-17,5000,0,5090,5090,5000,1812
228,2019-09-18,4995,5,5000,5000,4995,1014
227,2019-09-19,5000,5,5000,5000,5000,241
226,2019-09-20,5040,40,5040,5040,5040,2
223,2019-09-23,5080,40,5040,5080,5040,2
222,2019-09-24,4990,90,5090,5090,4990,3
221,2019-09-25,4990,0,4990,4990,4990,0
220,2019-09-26,4990,0,4990,4990,4990,0
219,2019-09-27,4990,0,4990,4990,4990,0
215,2019-09-30,5000,10,5000,5000,5000,0
214,2019-10-01,5000,0,5000,5000,5000,0
213,2019-10-02,5090,90,5090,5090,5090,69
212,2019-10-04,5090,0,5090,5090,5090,0
211,2019-10-07,5090,0,5090,5090,5090,0
208,2019-10-08,5090,0,5090,5090,5090,0
207,2019-10-10,5090,0,5090,5090,5090,0
206,2019-10-11,5090,0,5090,5090,5090,0
205,2019-10-14,5000,90,5000,5000,5000,5800
204,2019-10-15,5010,10,5010,5010,5010,150
200,2019-10-16,5030,20,5030,5030,5030,500
199,2019-10-17,5030,0,5030,5030,5030,0
198,2019-10-18,5030,0,5030,5030,5030,0
197,2019-10-21,5030,0,5030,5030,5030,0
196,2019-10-22,5030,0,5030,5030,5030,0
193,2019-10-23,5030,0,5030,5030,5030,0
192,2019-10-24,5100,70,5100,5100,5100,51
191,2019-10-25,5020,80,5090,5100,5020,3
190,2019-10-28,5100,80,5100,5100,5100,9
189,2019-10-29,5000,100,5000,5000,5000,770
185,2019-10-30,5000,0,5000,5000,5000,2238
184,2019-10-31,5000,0,5000,5000,5000,3
183,2019-11-01,5000,0,5010,5010,5000,70
182,2019-11-04,4980,20,4970,4980,4970,51
181,2019-11-05,4980,0,4980,4980,4980,2
178,2019-11-06,5010,30,4965,5010,4965,153
177,2019-11-07,4995,15,4990,4995,4990,95
176,2019-11-08,5020,25,5020,5020,5020,425
175,2019-11-11,5020,0,5020,5020,5020,0
174,2019-11-12,5000,20,5000,5000,5000,2181
170,2019-11-13,4980,20,5010,5010,4980,5
169,2019-11-14,4980,0,4980,4980,4980,0
168,2019-11-15,5010,30,5010,5010,4975,8810
167,2019-11-18,5010,0,5010,5010,5010,5
166,2019-11-19,5010,0,5010,5010,5010,4745
163,2019-11-20,5000,10,5000,5000,5000,31
162,2019-11-21,5000,0,5000,5000,5000,50
161,2019-11-22,5020,20,5020,5020,5020,2
160,2019-11-25,5020,0,5020,5020,5020,1
159,2019-11-26,5010,10,5010,5010,5000,887
155,2019-11-27,4970,40,4970,4970,4970,1
154,2019-11-28,4975,5,4975,4975,4975,10
153,2019-11-29,5020,45,5020,5020,5020,1
152,2019-12-02,4980,40,4980,4980,4980,376
151,2019-12-03,4980,0,4980,4980,4980,0
148,2019-12-04,4970,10,4975,4975,4970,61
147,2019-12-05,5000,30,4970,5020,4970,136
146,2019-12-06,5000,0,5000,5000,5000,0
145,2019-12-09,4970,30,4970,4970,4970,20
144,2019-12-10,4970,0,4970,4970,4970,0
140,2019-12-11,4970,0,4970,4970,4970,468
139,2019-12-12,4970,0,4970,4970,4970,452
138,2019-12-13,4970,0,4970,4970,4970,101
137,2019-12-16,4970,0,4970,4970,4970,312
136,2019-12-17,4970,0,4970,4970,4970,0
133,2019-12-18,4970,0,4970,4970,4970,0
132,2019-12-19,4970,0,4970,4970,4970,186
131,2019-12-20,4960,10,4960,4960,4960,1
130,2019-12-23,4960,0,4960,4960,4960,0
129,2019-12-24,4950,10,4950,4950,4950,204
125,2019-12-26,4950,0,4950,4950,4950,0
124,2019-12-27,5000,50,5010,5010,5000,1343
123,2019-12-30,5000,0,5000,5000,5000,5740
122,2020-01-02,5000,0,5000,5000,5000,7187
121,2020-01-03,5000,0,5000,5000,5000,1916
118,2020-01-06,5000,0,5000,5000,5000,1347
117,2020-01-07,5000,0,5000,5000,5000,4000
116,2020-01-08,5000,0,5000,5000,5000,1
115,2020-01-09,5000,0,5000,5100,5000,8191
114,2020-01-10,5000,0,5000,5000,5000,0
110,2020-01-13,5000,0,5000,5000,5000,0
109,2020-01-14,5010,10,5010,5010,5010,0
108,2020-01-15,5010,0,5010,5010,5010,0
107,2020-01-16,5030,20,5030,5030,5030,0
106,2020-01-17,5030,0,5030,5030,5030,0
103,2020-01-20,5030,0,5030,5030,5030,0
102,2020-01-21,5030,0,5070,5070,5030,802
101,2020-01-22,5030,0,5030,5030,5030,0
100,2020-01-23,5030,0,5030,5030,5030,0
99,2020-01-28,5030,0,5030,5030,5030,5
95,2020-01-29,5000,30,5070,5070,5000,3897
94,2020-01-30,4990,10,4990,4990,4990,300
93,2020-01-31,5000,10,5000,5000,5000,205
92,2020-02-03,5000,0,5000,5000,5000,0
91,2020-02-04,5000,0,5000,5000,5000,110
88,2020-02-05,5000,0,5000,5000,5000,0
87,2020-02-06,5000,0,5000,5000,5000,0
86,2020-02-07,5000,0,5000,5000,5000,0
85,2020-02-10,5000,0,5000,5000,5000,0
84,2020-02-11,4970,30,4970,4970,4970,1
80,2020-02-12,5000,30,5000,5000,5000,941
79,2020-02-13,5000,0,5000,5000,5000,1000
78,2020-02-14,5000,0,5000,5000,5000,0
77,2020-02-17,5000,0,5000,5000,5000,0
76,2020-02-18,5000,0,5000,5000,5000,0
73,2020-02-19,5000,0,5000,5000,5000,70
72,2020-02-20,5000,0,5000,5000,5000,0
71,2020-02-21,5000,0,5000,5000,5000,0
70,2020-02-24,5000,0,5000,5000,5000,0
69,2020-02-25,5000,0,5000,5000,5000,0
65,2020-02-26,5000,0,5000,5000,5000,0
64,2020-02-27,5010,10,5010,5010,5010,99
63,2020-02-28,5020,10,5030,5030,5020,214
62,2020-03-02,5010,10,5020,5020,5010,615
61,2020-03-03,5010,0,5020,5020,5010,307
58,2020-03-04,5010,0,5000,5010,5000,92
57,2020-03-05,5010,0,5010,5010,5010,0
56,2020-03-06,5000,10,5000,5000,5000,3
55,2020-03-09,5020,20,5020,5020,5020,10
54,2020-03-10,5000,20,5000,5000,5000,7
50,2020-03-11,5010,10,5010,5010,5010,202
49,2020-03-12,5000,10,5000,5000,5000,1037
48,2020-03-13,5000,0,5000,5010,4995,226
47,2020-03-16,5000,0,5000,5000,5000,100
46,2020-03-17,5020,20,5000,5020,4995,300
43,2020-03-18,5020,0,5020,5020,5020,0
42,2020-03-19,5000,20,4970,5000,4970,640
41,2020-03-20,5000,0,5000,5000,5000,0
40,2020-03-23,4990,10,4990,4990,4990,1
39,2020-03-24,4990,0,4990,4990,4990,88
35,2020-03-25,4900,90,4900,4900,4900,3
34,2020-03-26,4930,30,4930,4930,4930,1
33,2020-03-27,4955,25,4955,4955,4955,0
32,2020-03-30,4955,0,4955,4955,4955,0
31,2020-03-31,4955,0,4955,4955,4955,0
28,2020-04-01,4955,0,4955,4955,4955,0
27,2020-04-02,4955,0,4955,4955,4955,0
26,2020-04-03,4955,0,4955,4955,4955,0
25,2020-04-06,5060,105,5110,5110,5060,14
24,2020-04-07,5050,10,5050,5050,5050,16
20,2020-04-08,5050,0,5050,5050,5050,21
19,2020-04-09,5050,0,5050,5050,5050,0
18,2020-04-10,5050,0,5050,5050,5050,0
17,2020-04-13,5050,0,5050,5050,5050,0
16,2020-04-14,5030,20,5030,5030,5030,1900
13,2020-04-16,5030,0,5030,5030,5030,6510
12,2020-04-17,5030,0,5030,5030,5030,4500
11,2020-04-20,5030,0,5030,5030,5030,8114
10,2020-04-21,5040,10,5040,5040,5040,833
9,2020-04-22,5040,0,5040,5040,5040,0
5,2020-04-23,5040,0,5040,5040,5040,0
4,2020-04-24,5030,10,5070,5070,5030,4837
3,2020-04-27,5030,0,5030,5030,5030,450
2,2020-04-28,5030,0,0,0,0,0
