,date,close,diff,open,high,low,volume
448,2019-08-16,7850,210,8040,8060,7760,182718
447,2019-08-19,8360,510,7840,8390,7810,283900
446,2019-08-20,8350,10,8360,8370,8210,152417
445,2019-08-21,8230,120,8240,8370,8190,137417
444,2019-08-22,8130,100,8250,8250,8060,133993
440,2019-08-23,8020,110,8010,8270,7980,138501
439,2019-08-26,7660,360,7800,7850,7540,157446
438,2019-08-27,7710,50,7780,7900,7700,74436
437,2019-08-28,7700,10,7660,7790,7590,104548
436,2019-08-29,7640,60,7710,7750,7550,64082
433,2019-08-30,8100,460,7690,8180,7690,195733
432,2019-09-02,8010,90,8080,8080,7930,81630
431,2019-09-03,8200,190,8270,8340,8130,222012
430,2019-09-04,8380,180,8200,8400,8140,154146
429,2019-09-05,8740,360,8460,8830,8430,545254
425,2019-09-06,9340,600,8740,9390,8740,1084359
424,2019-09-09,9400,60,9360,9780,9340,734054
423,2019-09-10,9230,170,9510,9600,9140,248922
422,2019-09-11,9480,250,9420,9590,9270,322585
421,2019-09-16,9480,0,9700,9970,9410,571006
418,2019-09-17,9680,200,9480,9850,9350,323554
417,2019-09-18,9910,230,9630,10100,9630,458270
416,2019-09-19,10200,290,10150,10500,9990,918591
415,2019-09-20,10700,500,10200,10850,10200,696684
414,2019-09-23,10550,150,10600,10900,10350,529876
410,2019-09-24,10650,100,10550,10750,10300,348746
409,2019-09-25,10650,0,10200,10650,10000,668088
408,2019-09-26,10450,200,10550,10800,10250,368538
407,2019-09-27,10500,50,10250,10600,10200,263354
406,2019-09-30,10600,100,10450,10650,10150,266378
403,2019-10-01,10650,50,10650,10950,10400,347893
402,2019-10-02,10650,0,10300,10800,10300,243108
401,2019-10-04,10350,300,10600,10700,10350,228487
400,2019-10-07,10450,100,10450,10550,10300,145451
399,2019-10-08,10950,500,10450,10950,10350,378140
395,2019-10-10,10950,0,10900,11150,10700,284248
394,2019-10-11,10950,0,11200,11200,10750,274757
393,2019-10-14,10750,200,11000,11000,10700,288105
392,2019-10-15,10650,100,10850,10850,10300,266068
391,2019-10-16,10450,200,10650,10750,10400,163224
388,2019-10-17,10450,0,10450,10650,10150,184254
387,2019-10-18,10300,150,10400,10950,10150,377251
386,2019-10-21,10300,0,10250,10500,10100,160959
385,2019-10-22,10350,50,10450,10650,10250,316885
384,2019-10-23,10250,100,10400,10400,10150,135208
380,2019-10-24,10000,250,10350,10350,9990,215973
379,2019-10-25,10250,250,10000,10350,10000,101614
378,2019-10-28,10200,50,10150,10300,9970,211214
377,2019-10-29,10450,250,10300,10500,10100,257496
376,2019-10-30,10050,400,10550,10550,9980,309189
373,2019-10-31,10000,50,10150,10200,9930,105533
372,2019-11-01,9930,70,9970,10150,9890,119587
371,2019-11-04,10050,120,10000,10300,9940,150277
370,2019-11-05,9920,130,10050,10150,9850,121549
369,2019-11-06,9520,400,9930,9930,9350,525194
365,2019-11-07,9770,250,9410,9840,9410,295521
364,2019-11-08,10050,280,9860,10050,9780,193969
363,2019-11-11,9620,430,10050,10050,9610,204935
362,2019-11-12,9800,180,9650,9820,9560,129837
361,2019-11-13,9700,100,9810,9840,9630,89162
358,2019-11-14,9660,40,9700,9750,9390,215175
357,2019-11-15,9700,40,9610,9800,9520,159069
356,2019-11-18,9450,250,9700,9770,9280,384813
355,2019-11-19,9710,260,9370,9840,9370,307797
354,2019-11-20,9650,60,9710,9750,9470,141639
350,2019-11-21,9470,180,9690,9690,9350,148356
349,2019-11-22,9660,190,9430,9870,9390,223733
348,2019-11-25,10400,740,9740,10450,9700,609400
347,2019-11-26,10400,0,10500,10650,10250,312074
346,2019-11-27,10150,250,10400,10500,10100,198997
343,2019-11-28,10250,100,10150,10450,10100,197791
342,2019-11-29,9980,270,10350,10350,9920,203418
341,2019-12-02,9900,80,10000,10050,9830,120722
340,2019-12-03,9870,30,9920,9970,9750,100512
339,2019-12-04,9700,170,9900,9950,9590,111725
335,2019-12-05,9820,120,9690,10150,9410,219994
334,2019-12-06,10050,230,9850,10100,9750,178080
333,2019-12-09,10050,0,10150,10200,10000,133109
332,2019-12-10,9830,220,10000,10100,9810,137390
331,2019-12-11,9680,150,9800,9870,9530,179558
328,2019-12-12,9710,30,9680,9740,9560,191116
327,2019-12-13,9850,140,9840,9900,9770,129795
326,2019-12-16,9990,140,9930,10100,9800,205559
325,2019-12-17,10050,60,10100,10150,9990,232787
324,2019-12-18,9940,110,10050,10050,9750,260151
320,2019-12-19,9950,10,9860,9970,9790,180628
319,2019-12-20,10600,650,10050,10750,10000,1222186
318,2019-12-23,10200,400,10550,10750,10150,476278
317,2019-12-24,10050,150,10150,10200,9910,324833
316,2019-12-26,10050,0,10100,10100,9890,291578
313,2019-12-27,10200,150,10000,10450,10000,386780
312,2019-12-30,10550,350,10150,10650,10050,349517
311,2020-01-02,10550,0,10650,10650,10400,183579
310,2020-01-03,10650,100,10600,10950,10600,391354
309,2020-01-06,10600,50,10500,10850,10350,222864
305,2020-01-07,10900,300,10750,11050,10650,342191
304,2020-01-08,10500,400,10850,11000,10450,511758
303,2020-01-09,10700,200,10800,10900,10500,313953
302,2020-01-10,11200,500,10750,11350,10700,776440
301,2020-01-13,11200,0,11200,11300,10900,331702
298,2020-01-14,11000,200,11200,11250,10950,211905
297,2020-01-15,10950,50,10950,11150,10900,127020
296,2020-01-16,11150,200,11150,11200,11000,155134
295,2020-01-17,10900,250,11200,11200,10850,243152
294,2020-01-20,10850,50,10900,11100,10750,152311
290,2020-01-21,10850,0,10900,11100,10850,118936
289,2020-01-22,11000,150,11000,11150,10800,115560
288,2020-01-23,10600,400,10950,10950,10500,264876
287,2020-01-28,10150,450,10050,10400,10000,306474
286,2020-01-29,10150,0,10350,10450,10100,184083
283,2020-01-30,9950,200,10100,10200,9850,253204
282,2020-01-31,9690,260,10050,10100,9680,187359
281,2020-02-03,9630,60,9500,9730,9330,317107
280,2020-02-04,9900,270,9650,10050,9650,207365
279,2020-02-05,9850,50,10000,10200,9820,191697
275,2020-02-06,10650,800,9930,10700,9910,557235
274,2020-02-07,10450,200,10600,10600,10300,191929
273,2020-02-10,10650,200,10400,10650,10250,126913
272,2020-02-11,10550,100,10650,10650,10400,132508
271,2020-02-12,10450,100,10550,10550,10350,234453
268,2020-02-13,10950,500,10550,11050,10450,544040
267,2020-02-14,11000,50,11100,11300,10800,452191
266,2020-02-17,10750,250,11000,11000,10550,308773
265,2020-02-18,10550,200,10700,10750,10550,154879
264,2020-02-19,10500,50,10550,10850,10350,249550
260,2020-02-20,10650,150,10650,10800,10400,241364
259,2020-02-21,10450,200,10450,10800,10400,186521
258,2020-02-24,9970,480,10050,10300,9400,372208
257,2020-02-25,10100,130,9970,10150,9760,172638
256,2020-02-26,10000,100,9950,10100,9800,154928
253,2020-02-27,9780,220,10000,10100,9750,275105
252,2020-02-28,9430,350,9620,9730,9340,335558
251,2020-03-02,9550,120,9500,9660,9310,210139
250,2020-03-03,9800,250,9860,10100,9770,267787
249,2020-03-04,10100,300,9700,10150,9680,161127
245,2020-03-05,10000,100,10200,10200,10000,85564
244,2020-03-06,9820,180,9900,10050,9650,250820
243,2020-03-09,8480,1340,9600,9610,8450,1098662
242,2020-03-10,8750,270,8330,8800,8250,471465
241,2020-03-11,8200,550,8800,8850,8200,344359
238,2020-03-12,7610,590,8000,8110,7520,526873
237,2020-03-13,6840,770,6620,7200,6370,624505
236,2020-03-16,6620,220,6870,7300,6620,341493
235,2020-03-17,6420,200,6290,6650,6160,489171
234,2020-03-18,5860,560,6420,6560,5850,647565
230,2020-03-19,4685,1175,5920,6090,4500,782155
229,2020-03-20,5140,455,4770,5230,4770,623580
228,2020-03-23,4810,330,4700,4890,4530,292384
227,2020-03-24,5440,630,5000,5450,4915,266837
226,2020-03-25,6170,730,5680,6240,5680,616700
223,2020-03-26,5970,200,6170,6270,5890,475688
222,2020-03-27,6010,40,6370,6370,5880,533368
221,2020-03-30,6110,100,5780,6180,5700,261345
220,2020-03-31,6340,230,6260,6440,5940,343513
219,2020-04-01,6350,10,6320,6750,6240,468033
215,2020-04-02,6740,390,6350,6750,6250,287569
214,2020-04-03,6860,120,7000,7180,6780,295359
213,2020-04-06,7000,140,6860,7030,6840,260979
212,2020-04-07,7060,60,7210,7230,6920,298174
211,2020-04-08,6950,110,6980,7030,6920,280561
208,2020-04-09,7090,140,7010,7110,6980,228838
207,2020-04-10,7120,30,7080,7290,6960,306384
206,2020-04-13,6800,320,7130,7130,6790,237485
205,2020-04-14,6850,50,6870,6990,6840,164555
204,2020-04-16,6890,40,6800,6910,6630,183928
200,2020-04-17,6990,100,7000,7070,6890,402831
199,2020-04-20,7160,170,7000,7190,6990,260825
198,2020-04-21,6990,170,7160,7160,6680,305189
197,2020-04-22,7200,210,6940,7260,6910,502252
196,2020-04-23,7430,230,7310,7570,7270,754836
193,2020-04-24,7620,190,7450,7900,7340,737582
192,2020-04-27,7850,230,7700,7950,7700,405732
191,2020-04-28,7790,60,7780,7920,7550,270016
190,2020-04-29,7960,170,7820,8140,7800,422921
189,2020-05-04,8100,140,7960,8220,7810,478666
185,2020-05-06,8190,90,8180,8260,8050,253570
184,2020-05-07,8120,70,8180,8210,7990,293392
183,2020-05-08,8000,120,8190,8200,7950,460756
182,2020-05-11,8010,10,8000,8070,7920,209708
181,2020-05-12,7880,130,8010,8030,7750,242509
178,2020-05-13,7780,100,7770,7840,7660,265552
177,2020-05-14,7800,20,7700,7890,7680,210367
176,2020-05-15,7890,90,7900,8160,7850,562051
175,2020-05-18,7870,20,7870,7900,7700,288688
174,2020-05-19,8020,150,8060,8070,7930,335844
170,2020-05-20,8310,290,8010,8360,7990,647466
169,2020-05-21,8620,310,8450,8820,8380,728846
168,2020-05-22,8370,250,8630,8660,8270,394770
167,2020-05-25,8890,520,8800,8980,8710,1133385
166,2020-05-26,9340,450,9000,9560,8990,1460639
163,2020-05-27,10100,760,9470,10100,9450,2332060
162,2020-05-28,9660,440,10350,10400,9400,1316995
161,2020-05-29,9990,330,9660,10150,9520,1061447
160,2020-06-01,10400,410,10300,10850,10150,1475472
159,2020-06-02,10800,400,11950,12350,10500,3850973
155,2020-06-03,11600,800,11100,12850,10400,10112796
154,2020-06-04,11400,200,11850,12250,11200,1938410
153,2020-06-05,11050,350,11400,11500,10950,841543
152,2020-06-08,10950,100,11150,11300,10850,704158
151,2020-06-09,10650,300,11050,11100,10500,765566
148,2020-06-10,10550,100,10600,10750,10400,453614
147,2020-06-11,10300,250,10600,10600,10100,685998
146,2020-06-12,10200,100,9850,10200,9720,770242
145,2020-06-15,9210,990,10100,10150,9200,910655
144,2020-06-16,9650,440,9400,9730,9400,476986
140,2020-06-17,9360,290,9550,9740,9260,530073
139,2020-06-18,9650,290,9430,9820,9360,386773
138,2020-06-19,9580,70,9780,9800,9440,227732
137,2020-06-22,9550,30,9690,9770,9520,291198
136,2020-06-23,9320,230,9620,9630,9240,332600
133,2020-06-24,9410,90,9390,9460,9240,192283
132,2020-06-25,9170,240,9250,9320,9080,264369
131,2020-06-26,8840,330,9090,9230,8770,533509
130,2020-06-29,8570,270,8720,8750,8460,346372
129,2020-06-30,8620,50,8690,8850,8600,237646
125,2020-07-01,8670,50,8740,9050,8670,329910
124,2020-07-02,8820,150,8690,8880,8680,139246
123,2020-07-03,9040,220,8830,9050,8830,165780
122,2020-07-06,9010,30,9070,9180,8960,234088
121,2020-07-07,8940,70,9010,9090,8870,176311
118,2020-07-08,8870,70,8980,8990,8810,157345
117,2020-07-09,8870,0,8900,8980,8830,145185
116,2020-07-10,8690,180,8820,8850,8580,255451
115,2020-07-13,8950,260,8690,8980,8580,204723
114,2020-07-14,8870,80,8890,9000,8760,188045
110,2020-07-15,9670,800,8960,9670,8960,906638
109,2020-07-16,9630,40,9700,9830,9500,697573
108,2020-07-17,9370,260,9630,9650,9330,316930
107,2020-07-20,9500,130,9380,9580,9380,221133
106,2020-07-21,9810,310,9620,9930,9620,733408
103,2020-07-22,9750,60,9810,9930,9650,323998
102,2020-07-23,9550,200,9750,9790,9400,292280
101,2020-07-24,9470,80,9500,9640,9380,234805
100,2020-07-27,9530,60,9470,9640,9200,191660
99,2020-07-28,9520,10,9530,9680,9490,231639
95,2020-07-29,9990,470,9560,9990,9400,648345
94,2020-07-30,10100,110,10200,10250,9770,636483
93,2020-07-31,10000,100,10050,10200,9880,404789
92,2020-08-03,10450,450,10050,10500,9960,629422
91,2020-08-04,10550,100,10650,10900,10400,804807
88,2020-08-05,10150,400,10500,10650,9990,764694
87,2020-08-06,10050,100,10250,10250,9990,351810
86,2020-08-07,9780,270,10000,10100,9730,355192
85,2020-08-10,10050,270,9800,10100,9600,525578
84,2020-08-11,9950,100,10000,10100,9900,379615
80,2020-08-12,9780,170,9950,10150,9740,378881
79,2020-08-13,9970,190,9850,10050,9780,261472
78,2020-08-14,10100,130,10100,10350,9800,809068
77,2020-08-18,9260,840,10250,10300,9200,765429
76,2020-08-19,9380,120,9700,9700,9340,380447
73,2020-08-20,8810,570,9360,9360,8760,556671
72,2020-08-21,8850,40,8910,9040,8500,400523
71,2020-08-24,9090,240,8850,9220,8740,299884
70,2020-08-25,9600,510,9200,9700,9120,453287
69,2020-08-26,9370,230,9600,9640,9240,352401
65,2020-08-27,9100,270,9360,9360,9040,309956
64,2020-08-28,9080,20,9200,9210,9060,205153
63,2020-08-31,9190,110,9060,9280,9060,211152
62,2020-09-01,9490,300,9120,9720,9120,639695
61,2020-09-02,9500,10,9440,9640,9370,243411
58,2020-09-03,9680,180,9530,9750,9530,296139
57,2020-09-04,10150,470,9750,10350,9730,1797780
56,2020-09-07,10300,150,10200,10650,9900,1356642
55,2020-09-08,10000,300,10550,10550,9960,686041
54,2020-09-09,10150,150,9860,10250,9750,494708
50,2020-09-10,10100,50,10300,10450,10000,655615
49,2020-09-11,10100,0,10150,10150,9990,227828
48,2020-09-14,10150,50,10400,10450,10100,360553
47,2020-09-15,10050,100,10300,10300,10000,251268
46,2020-09-16,10050,0,10150,10150,9990,278776
43,2020-09-17,9840,210,10050,10150,9800,287393
42,2020-09-18,9930,90,9910,9950,9740,217042
41,2020-09-21,9800,130,9920,10150,9700,287914
40,2020-09-22,9350,450,9800,9850,9310,273647
39,2020-09-23,9420,70,9520,9530,9210,195755
35,2020-09-24,9190,230,9290,9520,9150,239369
34,2020-09-25,9250,60,9300,9370,9150,157596
33,2020-09-28,9780,530,9280,10200,9280,508543
32,2020-09-29,9880,100,10000,10100,9780,276539
31,2020-10-05,10250,370,9890,10250,9700,385020
28,2020-10-06,10050,200,10300,10300,10050,261653
27,2020-10-07,10450,400,9960,10550,9930,884182
26,2020-10-08,10250,200,10400,10450,10150,342847
25,2020-10-12,10100,150,10350,10400,10050,247467
24,2020-10-13,10450,350,10200,10500,10150,623228
20,2020-10-14,10000,450,10400,10500,9930,443853
19,2020-10-15,10150,150,10200,10300,9950,545702
18,2020-10-16,10000,150,10250,10450,9980,541895
17,2020-10-19,9870,130,10000,10100,9750,272980
16,2020-10-20,9790,80,9840,9970,9620,229603
13,2020-10-21,10400,610,9750,10500,9720,1045169
12,2020-10-22,10150,250,10400,10450,9960,770048
11,2020-10-23,9890,260,10200,10250,9880,390837
10,2020-10-26,9520,370,9900,9920,9520,330262
9,2020-10-27,9520,0,9490,9730,9300,215311
5,2020-10-28,9750,230,9450,9800,9450,155298
4,2020-10-29,9580,170,9460,9640,9400,183463
3,2020-10-30,9440,140,9600,9750,9410,155490
2,2020-11-02,9510,70,9430,9650,9420,105891
1,2020-11-03,9790,280,9700,9920,9620,268833
