,date,close,diff,open,high,low,volume
448,2019-08-16,230000,6500,235000,236000,228500,1652
447,2019-08-19,229500,500,235000,235000,226500,1025
446,2019-08-20,228500,1000,229500,232000,227500,946
445,2019-08-21,230500,2000,228500,233500,226500,1437
444,2019-08-22,227500,3000,230500,233500,227500,1205
440,2019-08-23,224500,3000,228500,228500,224500,2835
439,2019-08-26,224500,0,223000,225000,220000,2502
438,2019-08-27,221000,3500,224500,225000,220500,1517
437,2019-08-28,219500,1500,221000,222500,217500,1415
436,2019-08-29,227000,7500,219500,227000,219500,920
433,2019-08-30,229000,2000,227000,231500,227000,1465
432,2019-09-02,226500,2500,227000,231500,226000,917
431,2019-09-03,226000,500,224500,227500,215000,2033
430,2019-09-04,224000,2000,224500,226500,220500,2622
429,2019-09-05,221500,2500,225500,226000,221500,1448
425,2019-09-06,219000,2500,223000,224500,217500,1363
424,2019-09-09,222000,3000,219000,223500,217000,3331
423,2019-09-10,222500,500,222000,223500,219000,5924
422,2019-09-11,223500,1000,222500,228500,221500,2738
421,2019-09-16,224000,500,221000,225500,216500,9047
418,2019-09-17,224500,500,228000,235000,223500,5628
417,2019-09-18,224500,0,227000,227000,220500,1312
416,2019-09-19,220500,4000,226000,226000,220500,3782
415,2019-09-20,223000,2500,220500,223000,218500,2609
414,2019-09-23,220000,3000,221000,222500,218000,2662
410,2019-09-24,218000,2000,223500,223500,215000,4586
409,2019-09-25,215500,2500,219000,223500,215000,3283
408,2019-09-26,215000,500,219500,220500,214000,4007
407,2019-09-27,213500,1500,215000,216500,212000,5216
406,2019-09-30,214500,1000,213500,216500,212500,1179
403,2019-10-01,215000,500,214000,219000,211500,4663
402,2019-10-02,218500,3500,214500,220500,214500,2119
401,2019-10-04,219000,500,218500,219000,217500,651
400,2019-10-07,217500,1500,218000,219000,217500,688
399,2019-10-08,219500,2000,217500,220500,216500,697
395,2019-10-10,221000,1500,218500,221000,215500,1449
394,2019-10-11,223000,2000,217500,223500,217500,1788
393,2019-10-14,224000,1000,223000,226000,222500,2020
392,2019-10-15,224000,0,223500,224500,220500,999
391,2019-10-16,223000,1000,222000,224500,221500,1870
388,2019-10-17,220000,3000,223500,223500,218000,3889
387,2019-10-18,226000,6000,220500,226500,219000,3081
386,2019-10-21,234500,8500,225500,234500,223000,3360
385,2019-10-22,226500,8000,234500,234500,226000,2266
384,2019-10-23,223500,3000,226500,227000,220500,1676
380,2019-10-24,223000,500,224000,225000,220000,1419
379,2019-10-25,221500,1500,222000,223500,220500,1065
378,2019-10-28,219500,2000,221000,221000,218500,1279
377,2019-10-29,222500,3000,221000,229000,219500,7741
376,2019-10-30,217000,5500,221000,224000,212500,6262
373,2019-10-31,214000,3000,217500,217500,212500,1696
372,2019-11-01,212500,1500,215000,215500,211000,1229
371,2019-11-04,216500,4000,212000,218500,211000,2724
370,2019-11-05,221500,5000,225000,225000,218000,1727
369,2019-11-06,221000,500,223500,223500,219500,1651
365,2019-11-07,224000,3000,224500,226000,220500,2634
364,2019-11-08,221000,3000,226000,226500,221000,719
363,2019-11-11,224500,3500,221000,225000,219000,639
362,2019-11-12,224500,0,225000,225000,220500,905
361,2019-11-13,222000,2500,223000,223000,220000,938
358,2019-11-14,220500,1500,220000,222000,220000,430
357,2019-11-15,221500,1000,220000,223000,220000,749
356,2019-11-18,220000,1500,223000,223000,219000,423
355,2019-11-19,222000,2000,217000,222500,217000,716
354,2019-11-20,222000,0,222000,224000,217000,1577
350,2019-11-21,219000,3000,222000,222000,215500,1095
349,2019-11-22,218000,1000,218000,220500,216500,1213
348,2019-11-25,219500,1500,219500,220500,216500,639
347,2019-11-26,224500,5000,219500,224500,219500,2125
346,2019-11-27,225500,1000,225500,229500,222000,1435
343,2019-11-28,223000,2500,224000,227500,223000,389
342,2019-11-29,222000,1000,222500,226000,218500,1909
341,2019-12-02,220000,2000,222000,222000,218000,1493
340,2019-12-03,214500,5500,220000,220000,214500,2653
339,2019-12-04,217500,3000,214500,217500,213000,823
335,2019-12-05,210000,7500,214000,215000,208500,2749
334,2019-12-06,210500,500,211000,213500,209000,2214
333,2019-12-09,208500,2000,210500,210500,208500,634
332,2019-12-10,205500,3000,208500,210500,203500,1183
331,2019-12-11,207000,1500,204500,207500,204500,1209
328,2019-12-12,205500,1500,206000,209000,205500,3658
327,2019-12-13,203500,2000,205500,207500,202500,2257
326,2019-12-16,202000,1500,204500,205000,202000,1390
325,2019-12-17,204000,2000,204500,204500,202000,1554
324,2019-12-18,204000,0,204000,205000,203000,1692
320,2019-12-19,205000,1000,203500,205000,202000,4014
319,2019-12-20,210500,5500,204500,210500,203500,5757
318,2019-12-23,210000,500,210000,212000,208000,1435
317,2019-12-24,208000,2000,212000,213000,207000,2003
316,2019-12-26,210000,2000,208500,211000,206000,1233
313,2019-12-27,209500,500,209500,211500,207000,1399
312,2019-12-30,211500,2000,207000,212000,207000,1085
311,2020-01-02,213000,1500,213000,213500,210000,2893
310,2020-01-03,220000,7000,213000,222000,211500,5273
309,2020-01-06,216000,4000,218000,220500,214500,2215
305,2020-01-07,212000,4000,216000,217500,212000,1917
304,2020-01-08,210000,2000,212000,212000,206500,2317
303,2020-01-09,216000,6000,210000,219500,207500,4252
302,2020-01-10,211500,4500,216000,216500,211000,1535
301,2020-01-13,212500,1000,211500,216000,211500,2294
298,2020-01-14,212000,500,211500,215000,211500,1283
297,2020-01-15,215000,3000,212000,215000,211500,1001
296,2020-01-16,214000,1000,213500,216500,211500,2394
295,2020-01-17,209000,5000,212500,214500,209000,3371
294,2020-01-20,206000,3000,209500,209500,204500,4565
290,2020-01-21,206000,0,206000,208000,204000,2667
289,2020-01-22,207000,1000,206000,209000,204500,2881
288,2020-01-23,209500,2500,206000,211000,205000,4203
287,2020-01-28,202500,7000,207500,207500,200500,2324
286,2020-01-29,199500,3000,203500,203500,198500,5751
283,2020-01-30,201000,1500,200000,201000,196500,1966
282,2020-01-31,202000,1000,201000,205500,199500,1608
281,2020-02-03,200000,2000,199500,200500,197000,996
280,2020-02-04,204500,4500,204000,206000,199500,1462
279,2020-02-05,203000,1500,204000,205000,202000,1509
275,2020-02-06,204500,1500,203000,206500,202000,1012
274,2020-02-07,199500,5000,205000,205000,199000,1216
273,2020-02-10,200000,500,199500,200500,198500,550
272,2020-02-11,201000,1000,198500,202000,198000,927
271,2020-02-12,203000,2000,199500,203000,199500,7398
268,2020-02-13,204000,1000,205000,207500,203000,12698
267,2020-02-14,201000,3000,202000,207500,200500,3063
266,2020-02-17,199000,2000,201000,201500,199000,1828
265,2020-02-18,197500,1500,199000,199000,195000,3075
264,2020-02-19,194000,3500,196000,196500,192000,2897
260,2020-02-20,194500,500,195000,195000,192500,1209
259,2020-02-21,189000,5500,194500,194500,186500,3244
258,2020-02-24,188000,1000,186000,193000,185000,2570
257,2020-02-25,196500,8500,195000,198500,189500,4647
256,2020-02-26,195500,1000,198500,205500,195000,9079
253,2020-02-27,191000,4500,195500,201000,191000,5011
252,2020-02-28,196000,5000,191000,198000,190000,4580
251,2020-03-02,194000,2000,192000,196500,192000,1064
250,2020-03-03,193500,500,194500,196500,193000,1044
249,2020-03-04,195000,1500,191000,195000,186500,1412
245,2020-03-05,201000,6000,196500,201500,193000,2360
244,2020-03-06,197000,4000,197000,199000,193000,1699
243,2020-03-09,193000,4000,196500,196500,188500,1599
242,2020-03-10,188500,4500,188000,190000,186000,1111
241,2020-03-11,188500,0,188500,189500,187000,1030
238,2020-03-12,182000,6500,188000,188000,178000,2420
237,2020-03-13,175500,6500,165500,179000,153000,4917
236,2020-03-16,166500,9000,176000,177500,166500,2341
235,2020-03-17,158500,8000,155000,167000,153500,3224
234,2020-03-18,153500,5000,157500,160500,151500,3146
230,2020-03-19,136000,17500,151000,152000,135000,8005
229,2020-03-20,130500,5500,136000,149000,130500,7133
228,2020-03-23,125500,5000,126000,126500,118500,6431
227,2020-03-24,136000,10500,126000,136500,126000,4138
226,2020-03-25,144500,8500,139000,149500,139000,4580
223,2020-03-26,145500,1000,147500,155000,145000,2608
222,2020-03-27,149000,3500,150000,155500,148500,3364
221,2020-03-30,154000,5000,149000,154000,145500,2911
220,2020-03-31,172500,18500,157500,172500,157500,5422
219,2020-04-01,184000,11500,176000,190000,176000,13573
215,2020-04-02,181500,2500,182500,190000,178000,7457
214,2020-04-03,184500,3000,181500,186500,178000,5900
213,2020-04-06,188500,4000,185500,191000,183500,4777
212,2020-04-07,185000,3500,188500,190500,181000,7777
211,2020-04-08,188500,3500,185500,190000,182500,3019
208,2020-04-09,191500,3000,190000,192000,186500,3525
207,2020-04-10,193500,2000,191500,194000,188000,1868
206,2020-04-13,193000,500,203000,203000,185500,4223
205,2020-04-14,195000,2000,206000,206000,192000,4540
204,2020-04-16,191500,3500,195000,195000,190000,1878
200,2020-04-17,194500,3000,204000,204000,192000,4084
199,2020-04-20,195500,1000,195000,198000,192000,2147
198,2020-04-21,196000,500,195500,196500,189500,3391
197,2020-04-22,203000,7000,196000,203000,191500,2740
196,2020-04-23,212000,9000,206000,215500,203000,5953
193,2020-04-24,218000,6000,212500,221500,209000,8125
192,2020-04-27,228000,10000,218500,239500,218500,12435
191,2020-04-28,227000,1000,238000,238000,223000,5026
190,2020-04-29,226000,1000,227000,230500,223500,2267
189,2020-05-04,224000,2000,225500,226000,210000,2617
185,2020-05-06,229000,5000,224000,229000,224000,3829
184,2020-05-07,232500,3500,228500,233500,225000,3940
183,2020-05-08,232500,0,241500,243000,229500,9446
182,2020-05-11,245500,13000,233500,248500,229000,10438
181,2020-05-12,245500,0,247500,248000,236000,5488
178,2020-05-13,245000,500,242000,245500,239500,1893
177,2020-05-14,238500,6500,245000,252000,236500,5463
176,2020-05-15,240000,1500,239500,248000,237500,6233
175,2020-05-18,245500,5500,238500,248000,238500,5098
174,2020-05-19,242000,3500,243000,246500,241000,3511
170,2020-05-20,242000,0,238000,243500,238000,3539
169,2020-05-21,242000,0,244500,244500,238000,3688
168,2020-05-22,239000,3000,242500,242500,237000,1955
167,2020-05-25,244000,5000,242000,245000,238500,2790
166,2020-05-26,246500,2500,244000,250000,240500,3440
163,2020-05-27,241000,5500,245500,247000,238500,3785
162,2020-05-28,232000,9000,241000,241000,230500,4530
161,2020-05-29,226000,6000,234500,235000,226000,9850
160,2020-06-01,225500,500,227500,230000,222500,6464
159,2020-06-02,230000,4500,230000,231500,222500,4368
155,2020-06-03,225000,5000,230000,230000,225000,6171
154,2020-06-04,224000,1000,226500,227000,220000,5583
153,2020-06-05,220500,3500,225000,225000,219500,5855
152,2020-06-08,216500,4000,221500,225000,215000,7689
151,2020-06-09,213500,3000,216500,216500,209000,7197
148,2020-06-10,214500,1000,213500,216000,210000,5266
147,2020-06-11,205500,9000,212000,213500,205500,10518
146,2020-06-12,213000,7500,198000,214000,198000,7474
145,2020-06-15,201000,12000,213000,214500,201000,5709
144,2020-06-16,218000,17000,205000,219000,205000,5869
140,2020-06-17,218000,0,217500,221000,214500,2520
139,2020-06-18,216000,2000,218000,220000,215000,2419
138,2020-06-19,207500,8500,216000,218000,207500,2672
137,2020-06-22,201500,6000,208000,208000,201000,2622
136,2020-06-23,202500,1000,201500,206000,201000,1410
133,2020-06-24,207500,5000,204000,207500,204000,1446
132,2020-06-25,207500,0,213000,213000,206500,2360
131,2020-06-26,209500,2000,211000,213000,204000,2612
130,2020-06-29,203500,6000,209500,210500,203000,1368
129,2020-06-30,200500,3000,205500,205500,200500,1800
125,2020-07-01,197000,3500,201000,203000,195500,1763
124,2020-07-02,202500,5500,197500,203000,197000,981
123,2020-07-03,202500,0,200500,204000,199000,826
122,2020-07-06,201000,1500,203000,204000,200500,2007
121,2020-07-07,200500,500,201500,204000,200000,3534
118,2020-07-08,200000,500,200500,202000,197000,2660
117,2020-07-09,200500,500,200000,201500,199000,1998
116,2020-07-10,197500,3000,198500,200500,195500,3181
115,2020-07-13,197500,0,198000,200000,196000,2356
114,2020-07-14,204000,6500,198500,206000,196000,4240
110,2020-07-15,201000,3000,205000,206500,200000,2487
109,2020-07-16,197500,3500,201000,201000,196500,3951
108,2020-07-17,197000,500,197500,199000,196500,3472
107,2020-07-20,197500,500,198000,200000,194500,2577
106,2020-07-21,196000,1500,198500,198500,195500,2306
103,2020-07-22,195000,1000,197000,197500,194500,2212
102,2020-07-23,196500,1500,195000,196500,193500,1793
101,2020-07-24,195000,1500,195000,196500,192000,3809
100,2020-07-27,196500,1500,195000,197000,194000,1139
99,2020-07-28,195500,1000,197000,197500,194000,4577
95,2020-07-29,193000,2500,195500,195500,190500,4914
94,2020-07-30,189000,4000,193500,193500,188500,7808
93,2020-07-31,188000,1000,189000,190000,185500,4204
92,2020-08-03,186500,1500,188000,191000,185000,7990
91,2020-08-04,201500,15000,204000,222000,197500,49093
88,2020-08-05,200500,1000,204500,208000,198000,12805
87,2020-08-06,210000,9500,205500,212500,205000,22479
86,2020-08-07,211500,1500,209000,212000,204500,9803
85,2020-08-10,210000,1500,211500,213500,209000,11176
84,2020-08-11,210500,500,209500,212000,208000,5817
80,2020-08-12,207500,3000,210000,211000,205000,3348
79,2020-08-13,207000,500,208000,209000,204500,2748
78,2020-08-14,202500,4500,205500,206000,201500,2945
77,2020-08-18,199500,3000,202500,203500,195000,5956
76,2020-08-19,206500,7000,200000,209500,198500,7517
73,2020-08-20,200000,6500,209500,209500,197000,5989
72,2020-08-21,207500,7500,202000,207500,199000,5427
71,2020-08-24,223500,16000,212000,225000,205500,17724
70,2020-08-25,222500,1000,223500,224000,219000,8148
69,2020-08-26,220500,2000,224000,224000,218000,4253
65,2020-08-27,215000,5500,222500,224000,212500,5288
64,2020-08-28,212000,3000,215000,218000,210000,3785
63,2020-08-31,222500,10500,216500,232500,216500,19776
62,2020-09-01,222000,500,223500,228000,215500,8774
61,2020-09-02,218000,4000,222000,222000,217500,2155
58,2020-09-03,214500,3500,218000,218000,212500,5553
57,2020-09-04,208000,6500,207500,211000,206000,7102
56,2020-09-07,210000,2000,207500,211500,206000,3276
55,2020-09-08,211500,1500,211000,213500,208500,3081
54,2020-09-09,215000,3500,217000,220000,213500,12763
50,2020-09-10,223000,8000,217500,225000,216000,19364
49,2020-09-11,221000,2000,223000,224000,215500,6527
48,2020-09-14,221000,0,223000,223000,218000,2948
47,2020-09-15,224000,3000,221000,224000,218000,5359
46,2020-09-16,222000,2000,221500,225500,219500,3622
43,2020-09-17,218000,4000,223000,223000,217000,3562
42,2020-09-18,212500,5500,218000,218000,212500,4997
41,2020-09-21,208500,4000,213500,214500,207500,3967
40,2020-09-22,207000,1500,207500,210000,205500,3874
39,2020-09-23,207000,0,211500,211500,205000,3529
35,2020-09-24,206500,500,204500,208500,200500,5494
34,2020-09-25,207000,500,206500,210000,205000,1721
33,2020-09-28,209500,2500,207500,210000,205500,2290
32,2020-09-29,209000,500,209500,210000,206500,2402
31,2020-10-05,211000,2000,208500,219500,206000,1732
28,2020-10-06,213500,2500,210000,215000,208500,2593
27,2020-10-07,219500,6000,213500,220500,212000,4066
26,2020-10-08,222000,2500,219500,222500,216000,3607
25,2020-10-12,219000,3000,224000,224000,212000,5029
24,2020-10-13,219000,0,218500,221000,213500,1990
20,2020-10-14,216000,3000,219000,219000,213500,3443
19,2020-10-15,218000,2000,216000,218500,213500,2730
18,2020-10-16,224500,6500,219000,224500,218000,5472
17,2020-10-19,222000,2500,226000,226000,220500,4738
16,2020-10-20,217500,4500,221500,224000,214500,4958
13,2020-10-21,213000,4500,218500,218500,212500,6504
12,2020-10-22,209500,3500,212000,212000,208500,3418
11,2020-10-23,209500,0,210000,211000,207000,2399
10,2020-10-26,204500,5000,209500,210000,204000,3652
9,2020-10-27,203000,1500,201500,204500,199000,3687
5,2020-10-28,207000,4000,203000,207500,201000,2662
4,2020-10-29,203000,4000,201500,205000,201500,2750
3,2020-10-30,201500,1500,203000,204000,200500,3263
2,2020-11-02,207000,5500,202000,208500,200000,3528
1,2020-11-03,208500,1500,208000,210000,206500,2229
