,date,close,diff,open,high,low,volume
448,2019-08-16,12450,200,12500,12500,12300,2227
447,2019-08-19,12600,150,12450,12600,12250,1353
446,2019-08-20,12950,350,12650,12950,12400,6924
445,2019-08-21,13100,150,13000,13150,12800,1192
444,2019-08-22,13100,0,13000,13100,12750,1797
440,2019-08-23,12850,250,12850,12950,12750,1329
439,2019-08-26,12600,250,12500,12900,12400,2321
438,2019-08-27,12750,150,12500,12750,12500,1202
437,2019-08-28,12850,100,12600,12850,12600,1087
436,2019-08-29,13050,200,12850,13200,12850,10769
433,2019-08-30,13300,250,13050,13900,13000,15381
432,2019-09-02,13450,150,13150,13450,13000,2013
431,2019-09-03,13350,100,13450,14150,13000,184017
430,2019-09-04,13500,150,13450,13600,13150,27863
429,2019-09-05,13150,350,13350,13500,12750,38770
425,2019-09-06,13050,100,13150,13150,12800,9808
424,2019-09-09,13450,400,14050,14650,13150,171534
423,2019-09-10,13100,350,13450,13550,13050,10385
422,2019-09-11,13300,200,13000,13300,12900,12570
421,2019-09-16,13400,100,13150,13450,13100,4533
418,2019-09-17,13600,200,13150,13600,13100,10285
417,2019-09-18,13400,200,13350,13500,13250,8582
416,2019-09-19,13500,100,13300,13750,13200,10518
415,2019-09-20,13400,100,13300,13500,13000,9023
414,2019-09-23,13300,100,13250,13350,13050,5508
410,2019-09-24,12900,400,13150,13250,12800,11900
409,2019-09-25,12400,500,12750,12950,12350,13072
408,2019-09-26,12400,0,12450,12700,12300,6691
407,2019-09-27,12400,0,12400,12550,12150,3918
406,2019-09-30,12500,100,12250,12550,12250,2629
403,2019-10-01,12500,0,12400,12700,12300,7929
402,2019-10-02,12400,100,12400,12500,12150,7953
401,2019-10-04,12500,100,12300,12700,12300,7198
400,2019-10-07,12350,150,12450,12700,12350,4205
399,2019-10-08,12700,350,12350,12700,12350,4026
395,2019-10-10,12950,250,12700,12950,12550,4238
394,2019-10-11,12400,550,12900,12900,12350,6508
393,2019-10-14,12650,250,12450,12650,12200,6685
392,2019-10-15,12400,250,12650,12750,12300,3192
391,2019-10-16,12650,250,12400,12750,12400,7696
388,2019-10-17,12800,150,12600,12850,12550,8818
387,2019-10-18,12800,0,12750,12800,12650,1037
386,2019-10-21,12850,50,12800,13000,12600,6776
385,2019-10-22,12700,150,12650,12850,12450,10638
384,2019-10-23,12500,200,12550,12750,12400,14166
380,2019-10-24,12500,0,12450,12500,12300,5818
379,2019-10-25,12300,200,12350,12450,12200,8350
378,2019-10-28,12400,100,12300,12500,12200,7105
377,2019-10-29,12250,150,12400,12500,12200,6742
376,2019-10-30,12250,0,12250,12400,12150,9888
373,2019-10-31,12900,650,12250,12950,12200,17566
372,2019-11-01,13150,250,12950,13500,12900,16659
371,2019-11-04,13550,400,13250,13550,13150,23512
370,2019-11-05,13550,0,13250,13650,13200,5590
369,2019-11-06,13450,100,13550,13600,12800,46539
365,2019-11-07,13300,150,13400,13550,13000,10389
364,2019-11-08,13350,50,13300,13400,13000,12831
363,2019-11-11,13300,50,13350,13400,13000,7744
362,2019-11-12,13250,50,13300,13300,13150,3494
361,2019-11-13,13450,200,13150,13450,13150,5491
358,2019-11-14,13250,200,13400,13400,13100,7586
357,2019-11-15,13200,50,13200,13200,12800,10701
356,2019-11-18,13200,0,13250,13250,12950,10193
355,2019-11-19,12650,550,13200,13400,12650,18643
354,2019-11-20,12750,100,12700,12800,12450,7358
350,2019-11-21,12050,700,12600,12750,11900,56431
349,2019-11-22,12200,150,12200,12350,11950,22369
348,2019-11-25,12400,200,12200,12450,12200,5693
347,2019-11-26,12400,0,12400,12450,12200,9863
346,2019-11-27,12450,50,12400,12450,12150,6561
343,2019-11-28,12500,50,12450,12500,12300,1404
342,2019-11-29,12500,0,12450,12500,12150,7801
341,2019-12-02,12400,100,12400,12500,12200,3561
340,2019-12-03,12600,200,12400,12600,12250,2418
339,2019-12-04,12450,150,12550,12600,12250,4786
335,2019-12-05,12100,350,12400,12400,11950,11269
334,2019-12-06,12250,150,12100,12350,12000,8937
333,2019-12-09,12450,200,12300,12500,12150,4921
332,2019-12-10,12550,100,12400,12550,12250,2098
331,2019-12-11,12650,100,12550,12650,12450,1133
328,2019-12-12,12650,0,12650,12700,12450,1633
327,2019-12-13,12650,0,12600,12700,12550,2012
326,2019-12-16,12700,50,12650,12700,12500,771
325,2019-12-17,12700,0,12700,12800,12500,1854
324,2019-12-18,12700,0,12500,12700,12500,2381
320,2019-12-19,12500,200,12550,12700,12450,8275
319,2019-12-20,12400,100,12500,12550,12000,10062
318,2019-12-23,12800,400,12400,12950,12300,18916
317,2019-12-24,12750,50,12800,12850,12600,4737
316,2019-12-26,12800,50,12700,12950,12650,5358
313,2019-12-27,12200,150,12400,12500,11950,20589
312,2019-12-30,12400,200,12200,12400,12050,3395
311,2020-01-02,12150,250,12250,12400,11900,11166
310,2020-01-03,12300,150,12150,12350,12000,11232
309,2020-01-06,12200,100,12150,12200,11900,9768
305,2020-01-07,12300,100,12200,12350,12200,3762
304,2020-01-08,12050,250,12300,12450,11900,11775
303,2020-01-09,12000,50,12050,12150,11850,14731
302,2020-01-10,12000,0,12000,12050,11750,12308
301,2020-01-13,12000,0,12000,12000,11850,1212
298,2020-01-14,12000,0,12000,12050,11900,1760
297,2020-01-15,12100,100,12100,12100,11950,2590
296,2020-01-16,11750,350,12100,12150,11450,80592
295,2020-01-17,11850,100,11750,11900,11650,3144
294,2020-01-20,11800,50,11850,12000,11550,13120
290,2020-01-21,11550,250,11800,11800,11500,19403
289,2020-01-22,11800,250,11550,11800,11550,4713
288,2020-01-23,11800,0,11800,11900,11650,1320
287,2020-01-28,11700,100,11550,11800,11300,24396
286,2020-01-29,11800,100,11700,11800,11600,1821
283,2020-01-30,11750,50,11800,11800,11500,4115
282,2020-01-31,11250,500,11650,11750,11250,20524
281,2020-02-03,11300,50,11200,11400,10950,16450
280,2020-02-04,11700,400,11400,11700,11100,5799
279,2020-02-05,11650,50,11700,11850,11350,2409
275,2020-02-06,11750,100,11600,11750,11450,2534
274,2020-02-07,12000,250,11750,12150,11650,18763
273,2020-02-10,12200,200,12300,12300,11850,7404
272,2020-02-11,12050,150,11950,12150,11900,4323
271,2020-02-12,12050,0,12050,12150,11950,4218
268,2020-02-13,11650,400,11900,11950,11500,9933
267,2020-02-14,11200,450,11650,11650,10950,50132
266,2020-02-17,11300,100,11200,11300,11150,5918
265,2020-02-18,11600,300,11300,11600,11300,6390
264,2020-02-19,11600,0,11500,11650,11350,3565
260,2020-02-20,11700,100,11450,11850,11450,18268
259,2020-02-21,11600,100,11500,11750,11350,15458
258,2020-02-24,11650,50,11600,11700,11400,5409
257,2020-02-25,11350,300,11500,11650,11200,6578
256,2020-02-26,11350,0,11300,11350,11150,3416
253,2020-02-27,11350,0,11350,11500,11100,2999
252,2020-02-28,11200,150,11150,11350,10850,9534
251,2020-03-02,11300,100,11100,11300,10750,15935
250,2020-03-03,11400,100,11350,11600,11250,1757
249,2020-03-04,11350,50,11300,11450,11150,2819
245,2020-03-05,11450,100,11350,11700,11300,1429
244,2020-03-06,11200,250,11500,11600,10950,19662
243,2020-03-09,11050,150,11000,11200,10600,7471
242,2020-03-10,10200,850,10900,11000,9960,99979
241,2020-03-11,9960,240,10150,10400,9790,20954
238,2020-03-12,9840,120,9870,10000,9530,23795
237,2020-03-13,9220,620,9500,9700,8530,29028
236,2020-03-16,9430,210,9500,9650,9240,7112
235,2020-03-17,9250,180,8720,9370,8720,3630
234,2020-03-18,9390,140,9800,10000,9160,7241
230,2020-03-19,9140,250,9400,9400,8530,17959
229,2020-03-20,9480,340,9240,9640,9050,12322
228,2020-03-23,9430,50,9470,9470,8820,2454
227,2020-03-24,9550,120,9400,9630,9370,9886
226,2020-03-25,9480,70,9680,9740,9360,4919
223,2020-03-26,9230,250,9580,9580,9140,24397
222,2020-03-27,9190,40,9270,9300,9120,8753
221,2020-03-30,9240,50,9140,9250,9140,3005
220,2020-03-31,9270,30,9250,9320,9110,11780
219,2020-04-01,9270,0,9220,9360,9150,15399
215,2020-04-02,9290,20,9300,9350,9190,13927
214,2020-04-03,9390,100,9330,9570,9240,10606
213,2020-04-06,9530,140,9460,9540,9310,11706
212,2020-04-07,9580,50,9700,9790,9400,18548
211,2020-04-08,9830,250,9560,9910,9500,21025
208,2020-04-09,9880,50,9830,10050,9680,21151
207,2020-04-10,9800,80,9880,9880,9650,11437
206,2020-04-13,9730,70,9780,9800,9620,9294
205,2020-04-14,9770,40,9630,9820,9600,13177
204,2020-04-16,9850,80,9750,9850,9600,13385
200,2020-04-17,10100,250,10350,10400,9920,38044
199,2020-04-20,9890,210,10050,10100,9890,6598
198,2020-04-21,9840,50,9900,9920,9700,9932
197,2020-04-22,9970,130,9820,10150,9690,6010
196,2020-04-23,9980,10,9780,9980,9600,8306
193,2020-04-24,9980,0,9980,9980,9890,3365
192,2020-04-27,9980,0,9910,10150,9870,8534
191,2020-04-28,10050,70,9980,10100,9880,4540
190,2020-04-29,10050,0,10050,10150,9930,2803
189,2020-05-04,10050,0,10000,10100,9920,3422
185,2020-05-06,10100,50,10000,10100,9850,8531
184,2020-05-07,10100,0,10100,10100,9870,8341
183,2020-05-08,10400,300,10200,10400,9980,18304
182,2020-05-11,10450,50,10300,10550,10200,9749
181,2020-05-12,10350,100,10300,10550,10150,4833
178,2020-05-13,10450,100,10300,10450,10200,2401
177,2020-05-14,10700,250,10450,10700,10300,8544
176,2020-05-15,10600,100,10500,10650,10300,6178
175,2020-05-18,10200,400,10400,10500,10200,6799
174,2020-05-19,10300,100,10200,10350,10150,3778
170,2020-05-20,10450,150,10250,10500,10150,2139
169,2020-05-21,10400,50,10250,10500,10250,1178
168,2020-05-22,10350,50,10450,10500,10100,7413
167,2020-05-25,10300,50,10200,10400,10100,12573
166,2020-05-26,10100,200,10300,10350,9890,75891
163,2020-05-27,10000,100,10000,10250,9920,14661
162,2020-05-28,10000,0,10000,10050,9810,11705
161,2020-05-29,10250,250,10000,10350,9950,10114
160,2020-06-01,10350,100,10250,10450,10100,11480
159,2020-06-02,10450,100,10350,10500,10100,12582
155,2020-06-03,10550,100,10450,10550,10400,4829
154,2020-06-04,10750,200,10550,10800,10550,3853
153,2020-06-05,10800,50,10750,10800,10550,7178
152,2020-06-08,10600,200,10800,10800,10600,1307
151,2020-06-09,10700,100,10600,10750,10400,3500
148,2020-06-10,10600,100,10650,10750,10450,5447
147,2020-06-11,10550,50,10450,10650,10300,6754
146,2020-06-12,10050,500,10300,10300,9850,46907
145,2020-06-15,9600,450,10050,10050,9600,15231
144,2020-06-16,9870,270,9600,9910,9600,7043
140,2020-06-17,9850,20,9840,9990,9700,5712
139,2020-06-18,10450,600,9850,10800,9800,56785
138,2020-06-19,10900,450,10550,11350,10350,113461
137,2020-06-22,10550,350,11300,11550,10050,97741
136,2020-06-23,9920,630,10600,10750,9920,53085
133,2020-06-24,9820,100,9990,9990,9710,19008
132,2020-06-25,9500,320,9780,9820,9450,24925
131,2020-06-26,9660,160,9520,9880,9500,10637
130,2020-06-29,9580,80,9560,9730,9450,14661
129,2020-06-30,9590,10,9580,9670,9360,19471
125,2020-07-01,9440,150,9590,9690,9440,4074
124,2020-07-02,9500,60,9530,9670,9370,9047
123,2020-07-03,9500,0,9590,9730,9440,9884
122,2020-07-06,9640,140,9580,9650,9450,5709
121,2020-07-07,9750,110,9640,9760,9490,10159
118,2020-07-08,9750,0,9750,9810,9660,5858
117,2020-07-09,9690,60,9780,9820,9510,15578
116,2020-07-10,9640,50,9610,9680,9460,6700
115,2020-07-13,9640,0,9610,9810,9580,1829
114,2020-07-14,9390,250,9640,9640,9340,17625
110,2020-07-15,9370,20,9400,9500,9250,11478
109,2020-07-16,9370,0,9290,9460,9290,22899
108,2020-07-17,9480,110,9350,9590,9350,3642
107,2020-07-20,9380,100,9480,9480,9300,9764
106,2020-07-21,9460,80,9350,9590,9350,4394
103,2020-07-22,9430,30,9460,9580,9430,7256
102,2020-07-23,9480,50,9420,9620,9370,5039
101,2020-07-24,9450,30,9380,9550,9300,6454
100,2020-07-27,9350,100,9410,9490,9280,7100
99,2020-07-28,9290,60,9350,9580,9060,15048
95,2020-07-29,9280,10,9350,9350,9150,3938
94,2020-07-30,9290,10,9280,9320,9160,4428
93,2020-07-31,9220,70,9290,9430,9180,4104
92,2020-08-03,9210,10,9160,9310,9080,7871
91,2020-08-04,9220,10,9190,9240,9130,3811
88,2020-08-05,9290,70,9210,9320,9170,4533
87,2020-08-06,9290,0,9280,9310,9160,6049
86,2020-08-07,9300,10,9290,9380,9190,4741
85,2020-08-10,9230,70,9220,9290,9150,5332
84,2020-08-11,9210,20,9230,9230,9030,16221
80,2020-08-12,9200,10,9210,9210,9040,8884
79,2020-08-13,9160,40,9200,9200,9060,12944
78,2020-08-14,9160,0,9140,9170,9050,14433
77,2020-08-18,9150,10,9090,9200,9000,21004
76,2020-08-19,9170,20,9060,9220,9040,7804
73,2020-08-20,9120,50,9090,9170,9060,3962
72,2020-08-21,9140,20,9060,9160,9010,6270
71,2020-08-24,9240,100,9110,9240,9040,5285
70,2020-08-25,9210,30,9240,9310,9160,2945
69,2020-08-26,9340,130,9230,9470,9150,26967
65,2020-08-27,9300,40,9340,9340,9140,6919
64,2020-08-28,9300,0,9280,9300,9160,50343
63,2020-08-31,9360,60,9330,9460,9210,7137
62,2020-09-01,9400,40,9360,9430,9260,2611
61,2020-09-02,9460,60,9460,9470,9300,5285
58,2020-09-03,12100,2640,9470,12250,9420,484636
57,2020-09-04,11650,450,11000,13300,10700,561072
56,2020-09-07,11300,350,11650,11650,10850,122754
55,2020-09-08,10550,750,11200,11300,10100,96580
54,2020-09-09,10800,250,10300,10850,10250,43613
50,2020-09-10,10800,0,10700,10900,10450,27068
49,2020-09-11,10800,0,10700,11650,10300,255582
48,2020-09-14,10800,0,10950,11000,10600,30491
47,2020-09-15,10900,100,10800,11000,10650,34982
46,2020-09-16,10800,100,10900,11500,10600,67415
43,2020-09-17,10700,100,10800,10900,10400,40426
42,2020-09-18,11400,700,10700,11400,10600,54184
41,2020-09-21,10550,850,11300,11300,10400,39169
40,2020-09-22,10850,300,10400,11050,10150,61928
39,2020-09-23,10950,100,10800,10950,10450,31692
35,2020-09-24,11050,100,10900,11050,10550,48767
34,2020-09-25,11150,100,11600,12200,10900,252067
33,2020-09-28,11500,350,11200,11500,10600,101239
32,2020-09-29,11300,200,11700,11800,10900,107663
31,2020-10-05,11250,50,11200,11350,10800,93496
28,2020-10-06,11600,350,11300,11700,11100,119937
27,2020-10-07,11750,150,11300,11750,11250,92430
26,2020-10-08,11600,150,11750,11800,11450,42329
25,2020-10-12,11600,0,11450,11850,11450,53963
24,2020-10-13,11350,250,12000,12050,11300,85089
20,2020-10-14,11800,450,11350,11800,11000,87562
19,2020-10-15,11600,200,11700,11900,11200,59819
18,2020-10-16,11500,100,11500,11700,11000,58670
17,2020-10-19,11250,250,11500,11650,11150,48419
16,2020-10-20,11300,50,11250,11400,11050,23727
13,2020-10-21,11500,200,11300,11700,11100,29080
12,2020-10-22,11600,100,11500,11750,11300,43865
11,2020-10-23,11150,450,11600,12100,11150,74980
10,2020-10-26,10850,300,11150,11250,10650,28821
9,2020-10-27,10850,0,10650,11200,10500,70548
5,2020-10-28,11450,600,10850,11500,10750,51729
4,2020-10-29,11450,0,11400,11450,10900,19389
3,2020-10-30,11000,450,11450,11500,10750,37359
2,2020-11-02,11000,0,11000,11050,10850,11696
1,2020-11-03,11400,400,11000,11650,11000,61788
