,date,close,diff,open,high,low,volume
448,2003-01-15,2920,180,3110,3150,2800,101137
447,2003-01-16,3270,350,2920,3270,2840,102943
446,2003-01-17,3280,10,3480,3660,3180,298945
445,2003-01-20,3100,180,3280,3280,2950,72047
444,2003-01-21,2980,120,3300,3400,2940,76260
440,2003-01-22,3000,20,2890,3050,2750,76383
439,2003-01-23,2920,80,2860,3100,2860,42328
438,2003-01-24,2620,300,3050,3050,2620,25548
437,2003-01-27,2600,20,2630,2790,2500,17071
436,2003-01-28,2540,60,2520,2600,2500,19301
433,2003-01-29,2580,40,2600,2700,2410,25369
432,2003-01-30,2470,110,2730,2730,2450,9284
431,2003-02-03,2490,20,2600,2600,2400,25213
430,2003-02-04,2550,60,2600,2600,2500,12039
429,2003-02-05,2500,50,2500,2690,2500,19800
425,2003-02-06,2400,100,2520,2520,2400,12884
424,2003-02-07,2320,80,2380,2470,2240,24083
423,2003-02-10,2260,60,2290,2330,2210,8671
422,2003-02-11,2260,0,2210,2400,2200,12562
421,2003-02-12,2300,40,2260,2300,2150,5760
418,2003-02-13,2300,0,2300,2350,2250,4146
417,2003-02-14,2250,50,2270,2300,2250,5374
416,2003-02-17,2290,40,2260,2400,2260,15204
415,2003-02-18,2250,40,2310,2320,2240,21611
414,2003-02-19,2420,170,2330,2420,2240,33034
410,2003-02-20,2400,20,2500,2500,2340,17400
409,2003-02-21,2320,80,2360,2390,2290,11458
408,2003-02-24,2290,30,2270,2330,2250,11050
407,2003-02-25,2200,90,2040,2200,2040,28438
406,2003-02-26,2190,10,2200,2320,2170,6521
403,2003-02-27,2150,40,2120,2220,2120,10639
402,2003-02-28,2070,80,2190,2190,2060,13777
401,2003-03-03,2080,10,2030,2090,2030,1807
400,2003-03-04,1970,110,2030,2070,1950,10524
399,2003-03-05,1940,30,1970,2010,1850,2560
395,2003-03-06,1890,50,1790,1910,1790,10585
394,2003-03-07,1670,220,1750,1840,1670,17355
393,2003-03-10,1660,10,1660,1730,1640,3180
392,2003-03-11,1540,120,1570,1600,1520,2778
391,2003-03-12,1720,180,1630,1720,1620,14965
388,2003-03-13,1690,30,1750,1750,1610,3781
387,2003-03-14,1880,190,1730,1890,1730,7408
386,2003-03-17,1740,140,1840,1840,1660,14614
385,2003-03-18,1790,50,1940,1940,1700,8356
384,2003-03-19,1700,90,1670,1810,1670,10127
380,2003-03-20,1750,50,1800,1800,1620,23755
379,2003-03-21,1750,0,1800,1850,1740,15939
378,2003-03-24,1660,90,1740,1760,1650,40071
377,2003-03-25,1570,90,1570,1600,1550,10247
376,2003-03-26,1600,30,1580,1640,1570,18277
373,2003-03-27,1600,0,1570,1640,1560,7784
372,2003-03-28,1570,30,1560,1610,1500,9640
371,2003-03-31,1560,10,1520,1590,1520,4107
370,2003-04-01,1610,50,1560,1610,1550,5960
369,2003-04-02,1670,60,1650,1690,1620,12011
365,2003-04-03,1700,30,1740,1740,1650,5647
364,2003-04-04,1720,1720,1630,1740,1600,6758
363,2003-04-07,1780,60,1690,1890,1690,5660
362,2003-04-08,1800,20,1740,1800,1680,8771
361,2003-04-09,1790,10,1770,1900,1660,5430
358,2003-04-10,1810,20,1750,1850,1710,3993
357,2003-04-11,1840,30,1810,1860,1750,5009
356,2003-04-14,1910,70,1810,2000,1810,1672
355,2003-04-15,1940,30,1900,1980,1900,8540
354,2003-04-16,1940,0,1990,2000,1870,18917
350,2003-04-17,1910,30,1910,1950,1880,14202
349,2003-04-18,2050,140,1940,2050,1910,7299
348,2003-04-21,2060,10,2020,2070,1980,3192
347,2003-04-22,2120,60,2060,2210,2010,9434
346,2003-04-23,2120,0,2130,2190,1880,22098
343,2003-04-24,1960,160,2090,2120,1960,13048
342,2003-04-25,1950,10,1910,1960,1820,6899
341,2003-04-28,1870,80,1830,1900,1820,7266
340,2003-04-29,1920,50,1940,2090,1840,41850
339,2003-04-30,2050,130,1900,2050,1880,4850
335,2003-05-02,2010,40,2020,2070,1980,3911
334,2003-05-06,2020,10,1990,2110,1990,4592
333,2003-05-07,2000,20,2030,2030,1960,3807
332,2003-05-09,1960,40,1880,2000,1880,9535
331,2003-05-12,1990,30,2130,2130,1960,16427
328,2003-05-13,2030,40,2030,2030,1940,36573
327,2003-05-14,2060,30,2160,2160,2030,18890
326,2003-05-15,2070,10,2070,2070,2000,2277
325,2003-05-16,1980,90,2000,2030,1970,15953
324,2003-05-19,1980,0,1980,2030,1830,7430
320,2003-05-20,1920,60,1960,1990,1870,22994
319,2003-05-21,1880,40,1920,2010,1880,108138
318,2003-05-22,1840,40,1890,1940,1840,32165
317,2003-05-23,2060,220,1860,2060,1860,68000
316,2003-05-26,2300,240,2240,2300,2060,108509
313,2003-05-27,2370,70,2270,2570,2270,73569
312,2003-05-28,2100,270,2450,2450,2100,23669
311,2003-05-29,2260,160,2230,2300,2130,23546
310,2003-05-30,2440,180,2260,2440,2200,28034
309,2003-06-02,2400,40,2630,2630,2330,36225
305,2003-06-03,2580,180,2680,2680,2470,91591
304,2003-06-04,2470,110,2520,2610,2390,32141
303,2003-06-05,2760,290,2760,2760,2760,24807
302,2003-06-09,2840,80,3090,3090,2600,200924
301,2003-06-10,2590,250,2760,2760,2510,62104
298,2003-06-11,2360,230,2680,2680,2340,44070
297,2003-06-12,2430,70,2350,2540,2330,48873
296,2003-06-13,2350,80,2370,2410,2240,40814
295,2003-06-16,2240,110,2270,2360,2240,29604
294,2003-06-17,2300,60,2330,2390,2230,21891
290,2003-06-18,2290,10,2310,2330,2250,5868
289,2003-06-19,2350,60,2270,2540,2190,34134
288,2003-06-20,2270,80,2380,2380,2240,5004
287,2003-06-23,2230,40,2240,2350,2210,12773
286,2003-06-24,2220,10,2180,2290,2170,18395
283,2003-06-25,2210,10,2200,2260,2160,16145
282,2003-06-26,2160,50,2210,2240,2090,36503
281,2003-06-27,2250,90,2270,2280,2130,11731
280,2003-06-30,2150,100,2240,2250,2120,31473
279,2003-07-01,2200,50,2090,2200,2090,7489
275,2003-07-02,1940,260,2170,2200,1940,238836
274,2003-07-03,1830,110,1980,1980,1730,981815
273,2003-07-04,1840,10,1830,1840,1790,195262
272,2003-07-07,2060,220,1860,2060,1840,422535
271,2003-07-08,2300,240,2270,2300,2130,641642
268,2003-07-09,2300,0,2330,2560,2200,776637
267,2003-07-10,2100,200,2360,2360,2060,399791
266,2003-07-11,2280,180,2110,2350,2110,319839
265,2003-07-14,2460,180,2300,2540,2250,351535
264,2003-07-15,2510,50,2410,2710,2410,333469
260,2003-07-16,2370,140,2560,2580,2330,232916
259,2003-07-18,2270,100,2300,2350,2240,140155
258,2003-07-21,2300,30,2240,2380,2240,111231
257,2003-07-22,2330,30,2300,2400,2280,136411
256,2003-07-23,2350,20,2350,2420,2335,119547
253,2003-07-24,2450,100,2380,2490,2320,136574
252,2003-07-25,2500,50,2470,2610,2425,345716
251,2003-07-28,2430,70,2520,2560,2420,131836
250,2003-07-29,2400,30,2490,2490,2285,134414
249,2003-07-30,2350,50,2370,2415,2310,83012
245,2003-07-31,2270,80,2315,2360,2255,157041
244,2003-08-01,2240,30,2260,2320,2240,110381
243,2003-08-04,2080,160,2180,2230,1975,317533
242,2003-08-05,2220,140,2070,2220,1985,220198
241,2003-08-06,2350,130,2220,2350,2160,152577
238,2003-08-07,2400,50,2270,2400,2270,129603
237,2003-08-08,2400,0,2395,2455,2340,135020
236,2003-08-11,2430,30,2440,2455,2350,85899
235,2003-08-12,2370,60,2370,2400,2160,214494
234,2003-08-13,2430,60,2330,2440,2270,103375
230,2003-08-14,2390,40,2425,2455,2325,145618
229,2003-08-18,2200,190,2390,2390,2200,104592
228,2003-08-19,2200,0,2175,2250,2080,204601
227,2003-08-20,2100,100,2175,2290,2100,114301
226,2003-08-21,2150,50,2055,2150,1930,317138
223,2003-08-22,2295,145,2140,2320,2120,122476
222,2003-08-25,2315,20,2230,2315,2215,110142
221,2003-08-26,2290,25,2315,2315,2240,35289
220,2003-08-27,2250,40,2290,2290,2160,140253
219,2003-08-28,2250,0,2210,2285,2175,44631
215,2003-08-29,2180,70,2205,2250,2180,87954
214,2003-09-01,2200,20,2200,2250,2180,78828
213,2003-09-02,2290,90,2185,2290,2170,30614
212,2003-09-03,2200,90,2295,2295,2200,48550
211,2003-09-04,2170,30,2220,2240,2170,20442
208,2003-09-05,1995,175,2140,2175,1960,171746
207,2003-09-08,1840,155,1995,1995,1815,87197
206,2003-09-09,1920,80,1800,1950,1800,92446
205,2003-09-15,2100,180,1935,2140,1920,130270
204,2003-09-16,2350,250,2290,2350,2180,417498
200,2003-09-17,2340,10,2490,2490,2320,324834
199,2003-09-18,2280,60,2375,2375,2260,103041
198,2003-09-19,2335,55,2265,2380,2265,175513
197,2003-09-22,2550,215,2390,2600,2350,380516
196,2003-09-23,2650,100,2600,2715,2350,298394
193,2003-09-24,2620,30,2710,2710,2565,185915
192,2003-09-25,2560,60,2490,2615,2490,208646
191,2003-09-26,2530,30,2520,2630,2440,123442
190,2003-09-29,2430,100,2450,2590,2420,108401
189,2003-09-30,2520,90,2430,2555,2310,207437
185,2003-10-01,2650,130,2510,2650,2450,137260
184,2003-10-02,2630,20,2750,2830,2620,140392
183,2003-10-06,2650,20,2625,2700,2580,108500
182,2003-10-07,2500,150,2610,2690,2500,141426
181,2003-10-08,2200,300,2495,2495,2200,258890
178,2003-10-09,2200,0,2080,2200,1940,399350
177,2003-10-10,2070,130,2300,2300,2070,102729
176,2003-10-13,2000,70,2010,2055,1970,104196
175,2003-10-14,2000,0,1990,2050,1970,98285
174,2003-10-15,1975,25,2000,2025,1975,77269
170,2003-10-16,2000,25,1970,2010,1970,54856
169,2003-10-17,1900,100,1980,2000,1810,153595
168,2003-10-20,1890,10,1920,1995,1890,99496
167,2003-10-21,1890,0,1810,1920,1810,76945
166,2003-10-22,1960,70,1945,1990,1910,96132
163,2003-10-23,1915,45,1910,1990,1900,39420
162,2003-10-24,1735,180,1900,2000,1735,25517
161,2003-10-27,1815,80,1900,1900,1790,102823
160,2003-10-28,1760,55,1780,1830,1750,69876
159,2003-10-29,1750,10,1745,1795,1730,38919
155,2003-10-30,1780,30,1755,1830,1750,32290
154,2003-10-31,1775,5,1755,1800,1745,26229
153,2003-11-03,1970,195,1750,1970,1750,73797
152,2003-11-04,2070,100,1980,2180,1950,164262
151,2003-11-05,2070,0,2150,2150,1990,115794
148,2003-11-06,2315,245,2110,2315,2110,415747
147,2003-11-07,2300,15,2315,2450,2250,598754
146,2003-11-10,2350,50,2300,2420,2025,781025
145,2003-11-11,2110,240,2360,2545,2100,807878
144,2003-11-12,1860,250,2090,2215,1860,604653
140,2003-11-13,1640,220,1755,1770,1640,1868275
139,2003-11-14,1445,195,1600,1610,1445,3105005
138,2003-11-17,1440,5,1455,1515,1410,1430026
137,2003-11-18,1270,170,1450,1470,1270,2164547
136,2003-11-19,1315,45,1240,1370,1215,2749498
133,2003-11-20,1160,155,1320,1345,1160,1520130
132,2003-11-21,1205,45,1100,1290,1065,2658223
131,2003-11-24,1215,10,1170,1290,1170,917801
130,2003-11-25,1180,35,1225,1260,1165,677391
129,2003-11-26,1130,50,1175,1220,1110,743694
125,2003-11-27,995,135,1105,1130,995,1290958
124,2003-11-28,1015,20,995,1040,980,864829
123,2003-12-01,930,85,1015,1030,910,1374219
122,2003-12-02,930,0,940,950,910,757179
121,2003-12-03,1040,110,940,1040,940,1881209
118,2003-12-04,1050,10,1040,1135,1000,1666142
117,2003-12-05,1045,5,1080,1110,1000,633008
116,2003-12-08,1090,45,1075,1105,1045,897974
115,2003-12-09,1025,65,1105,1120,1010,929197
114,2003-12-10,970,55,1005,1020,960,720407
110,2003-12-11,1015,45,965,1060,950,584709
109,2003-12-12,1015,0,1015,1015,1015,0
108,2003-12-15,895,120,895,895,895,41609
107,2003-12-16,790,105,790,790,790,29157
106,2003-12-17,700,90,700,700,700,7446
103,2003-12-18,620,80,620,620,620,10041
102,2003-12-19,690,70,590,690,590,2012182
101,2003-12-22,770,80,760,770,730,248328
100,2003-12-23,860,90,855,860,825,812715
99,2003-12-24,870,10,820,940,760,844884
95,2003-12-26,770,100,795,840,770,269435
94,2003-12-29,680,90,680,740,680,631400
93,2003-12-30,705,25,680,720,680,272890
92,2004-01-02,700,5,695,740,690,193058
91,2004-01-05,620,80,690,705,620,487592
88,2004-01-06,610,10,605,635,600,469585
87,2004-01-07,630,20,615,655,610,499690
86,2004-01-08,610,20,595,640,595,390671
85,2004-01-09,680,70,615,680,615,464601
84,2004-01-12,760,80,735,760,705,422819
80,2004-01-13,670,90,830,850,670,963400
79,2004-01-14,615,55,645,670,590,500832
78,2004-01-15,620,5,605,630,600,281640
77,2004-01-16,610,10,605,645,605,218002
76,2004-01-19,570,40,610,640,545,331913
73,2004-01-20,590,20,555,590,555,146499
72,2004-01-26,520,70,550,575,520,351693
71,2004-01-27,510,10,480,530,480,218993
70,2004-01-28,495,15,535,540,450,316029
69,2004-01-29,470,25,480,495,465,199559
65,2004-01-30,490,20,460,520,460,198983
64,2004-02-02,545,55,480,545,480,498590
63,2004-02-03,505,40,545,550,480,345297
62,2004-02-04,495,10,510,520,485,231550
61,2004-02-05,495,0,490,495,465,216862
58,2004-02-06,475,20,490,495,475,232826
57,2004-02-09,470,5,475,490,465,66533
56,2004-02-10,460,10,455,495,455,351602
55,2004-02-11,460,0,460,460,460,0
54,2004-02-12,460,0,460,460,460,0
50,2004-02-13,405,55,405,405,405,1636
49,2004-02-16,360,45,360,360,360,10379
48,2004-02-17,320,40,320,320,320,26401
47,2004-02-18,285,35,285,285,285,13099
46,2004-02-19,295,10,275,310,270,10251208
43,2004-02-20,275,20,295,315,265,2769588
42,2004-02-23,285,10,275,300,275,1999115
41,2004-02-24,280,5,300,305,275,2528374
40,2004-02-25,250,30,265,275,250,1804748
39,2004-02-26,220,30,235,245,220,1287334
35,2004-02-27,195,25,195,210,195,912289
34,2004-03-02,175,20,175,190,175,1755485
33,2004-03-03,195,20,175,195,175,1714049
32,2004-03-04,215,20,205,215,190,1383551
31,2004-03-05,190,25,190,190,190,144776
28,2004-03-08,190,0,190,190,190,0
27,2004-03-09,170,20,170,170,170,3150
26,2004-03-10,150,20,160,160,150,2449249
25,2004-03-11,165,15,145,165,140,2396453
24,2004-03-12,180,15,170,180,155,1567616
20,2004-03-15,160,20,180,195,160,1794779
19,2004-03-16,145,15,155,160,145,1373723
18,2004-03-17,135,10,140,150,130,1324656
17,2004-03-18,130,5,140,140,130,721203
16,2004-03-19,125,5,125,140,120,977172
13,2004-03-22,125,0,125,125,125,0
12,2004-03-23,125,0,125,125,125,0
11,2004-03-24,125,0,125,125,125,0
10,2004-03-25,15,110,15,15,10,2555884
9,2004-03-26,10,5,15,15,10,1387037
5,2004-03-29,10,0,10,10,5,1082527
4,2004-03-30,5,5,10,10,5,610979
3,2004-03-31,5,0,10,10,5,1053683
2,2004-04-01,5,0,5,5,5,2083136
