,date,close,diff,open,high,low,volume
448,2019-08-16,9660,210,9680,10200,9240,2703380
447,2019-08-19,10900,1240,9700,11100,9700,5662358
446,2019-08-20,10600,300,11400,12000,10450,3069539
445,2019-08-21,10750,150,10550,10850,10300,983334
444,2019-08-22,9910,840,10600,10600,9910,886253
440,2019-08-23,9610,300,10050,10200,9460,618512
439,2019-08-26,9300,310,9460,9990,9130,721643
438,2019-08-27,9390,90,9400,9430,9170,194657
437,2019-08-28,9000,390,9350,9490,8930,306304
436,2019-08-29,8910,90,9130,9140,8830,146858
433,2019-08-30,9350,440,8990,9690,8990,1379787
432,2019-09-02,9070,280,9370,9480,9010,490618
431,2019-09-03,9080,10,9140,9300,9020,461239
430,2019-09-04,9000,80,9080,9190,8880,212352
429,2019-09-05,8850,150,9000,9060,8770,248713
425,2019-09-06,8710,140,8980,9040,8710,196390
424,2019-09-09,8570,140,8660,8810,8570,128978
423,2019-09-10,8680,110,8550,8740,8500,95151
422,2019-09-11,8850,170,8700,8930,8700,138296
421,2019-09-16,8930,80,8820,8950,8760,130044
418,2019-09-17,10150,1220,10050,10350,9530,2333607
417,2019-09-18,9860,290,10450,10750,9740,1259152
416,2019-09-19,9650,210,9720,9840,9450,317862
415,2019-09-20,9800,150,9600,10000,9360,654362
414,2019-09-23,9480,320,9520,9720,9420,221779
410,2019-09-24,9660,180,10000,10200,9570,419843
409,2019-09-25,10400,740,9720,10400,9550,1016111
408,2019-09-26,10750,350,11600,12950,10550,10377818
407,2019-09-27,10850,100,10900,11550,10400,1591499
406,2019-09-30,9860,990,10350,10550,9840,642506
403,2019-10-01,9700,160,9640,9780,9380,386887
402,2019-10-02,9520,180,9720,10000,9420,434963
401,2019-10-04,9260,260,9590,9690,9260,214885
400,2019-10-07,9250,10,9110,9400,9100,162301
399,2019-10-08,9030,220,9120,9200,8950,206626
395,2019-10-10,8940,90,9150,9280,8920,123178
394,2019-10-11,9250,310,8940,9270,8920,122890
393,2019-10-14,9120,130,9470,9470,9090,184777
392,2019-10-15,9170,50,9120,9280,9100,88457
391,2019-10-16,9270,100,9180,9380,9080,131288
388,2019-10-17,9160,110,9220,9270,9130,40545
387,2019-10-18,9140,20,9120,9240,9120,49430
386,2019-10-21,9550,410,9320,9780,9250,440246
385,2019-10-22,9330,220,9410,9540,9260,166670
384,2019-10-23,9350,20,9370,9470,9260,108887
380,2019-10-24,9080,270,9340,9380,9080,97992
379,2019-10-25,9000,80,9190,9190,8900,86877
378,2019-10-28,9320,320,9040,9370,9040,108651
377,2019-10-29,9340,20,9390,9400,9250,64347
376,2019-10-30,9370,30,9220,9380,9130,71378
373,2019-10-31,9200,170,9250,9350,9170,70120
372,2019-11-01,9420,220,9130,9510,9130,110945
371,2019-11-04,9510,90,9570,9660,9380,110493
370,2019-11-05,9400,110,9510,9590,9340,72719
369,2019-11-06,9500,100,9440,9650,9340,105463
365,2019-11-07,9580,80,9550,9780,9510,88545
364,2019-11-08,9750,170,9650,9960,9630,154057
363,2019-11-11,9460,290,9720,9740,9420,101871
362,2019-11-12,9660,200,9460,9780,9410,66525
361,2019-11-13,9730,70,9660,9790,9480,56507
358,2019-11-14,9640,90,9730,9900,9540,140935
357,2019-11-15,9720,80,9550,9890,9510,103334
356,2019-11-18,9840,120,9750,9920,9680,85019
355,2019-11-19,9750,90,9800,9890,9710,72135
354,2019-11-20,9330,420,9700,9740,9310,119772
350,2019-11-21,9210,120,9230,9460,9180,62617
349,2019-11-22,9200,10,9210,9330,9130,35599
348,2019-11-25,9380,180,9180,9400,9180,40181
347,2019-11-26,9600,220,9380,9650,9340,57721
346,2019-11-27,9590,10,9760,9760,9580,34167
343,2019-11-28,9660,70,9590,9730,9590,43516
342,2019-11-29,9630,30,9560,9770,9560,52338
341,2019-12-02,10200,570,9650,10200,9640,213061
340,2019-12-03,9940,260,10200,10350,9820,210248
339,2019-12-04,10050,110,9810,10150,9730,142946
335,2019-12-05,10400,350,10100,10500,9970,295234
334,2019-12-06,10150,250,10500,10600,10150,190025
333,2019-12-09,10250,100,10150,10600,10150,70642
332,2019-12-10,10500,250,10200,10600,10150,116771
331,2019-12-11,10600,100,10500,10700,10350,81305
328,2019-12-12,10550,50,10600,10700,10450,72388
327,2019-12-13,10750,200,10600,10950,10550,210259
326,2019-12-16,10900,150,10750,10900,10700,69691
325,2019-12-17,10400,500,10950,11000,10300,179846
324,2019-12-18,10500,100,10300,10550,10250,82257
320,2019-12-19,10650,150,10550,10650,10400,47766
319,2019-12-20,10850,200,10650,10850,10550,69525
318,2019-12-23,10750,100,10850,10900,10500,119872
317,2019-12-24,11000,250,10750,11300,10700,217577
316,2019-12-26,10850,150,10950,11200,10800,95305
313,2019-12-27,10700,150,10800,10950,10500,106867
312,2019-12-30,10150,550,10800,10800,10100,140302
311,2020-01-02,10250,100,10150,10300,9990,104488
310,2020-01-03,10250,0,10250,10650,10200,84922
309,2020-01-06,10200,50,10100,10450,10050,63300
305,2020-01-07,10250,50,10200,10350,10150,37012
304,2020-01-08,9800,450,10100,10150,9530,166078
303,2020-01-09,10250,450,9890,10300,9890,45516
302,2020-01-10,10200,50,10250,10350,10050,57020
301,2020-01-13,10350,150,10300,10400,10100,41520
298,2020-01-14,10500,150,10350,10600,10150,78157
297,2020-01-15,10400,100,10500,10600,10300,48846
296,2020-01-16,10200,200,10400,10400,10150,44322
295,2020-01-17,10400,200,10200,10450,10200,23485
294,2020-01-20,10250,150,10400,10450,10000,48374
290,2020-01-21,10100,150,10150,10250,9980,85038
289,2020-01-22,10250,150,10100,10250,10000,29717
288,2020-01-23,10350,100,10250,10350,10050,26278
287,2020-01-28,10650,300,10100,10700,9990,213423
286,2020-01-29,10600,50,10650,10800,10450,69216
283,2020-01-30,10550,50,10600,10700,10350,120717
282,2020-01-31,10350,200,10650,11350,10350,357662
281,2020-02-03,11300,950,10250,12200,10200,1755164
280,2020-02-04,10950,350,11100,11200,10750,379497
279,2020-02-05,11000,50,11050,11600,10800,377482
275,2020-02-06,11150,150,10900,11250,10900,125141
274,2020-02-07,10950,200,11200,11300,10800,98699
273,2020-02-10,11300,350,10850,12100,10850,908528
272,2020-02-11,10900,400,11250,11300,10800,155558
271,2020-02-12,11050,150,11000,11350,10850,143764
268,2020-02-13,11100,50,11250,11500,11100,189323
267,2020-02-14,11000,100,11400,11850,11000,482613
266,2020-02-17,10950,50,10950,11050,10750,81187
265,2020-02-18,10700,250,10850,11050,10600,100567
264,2020-02-19,10700,0,10800,10850,10500,55896
260,2020-02-20,10500,200,10700,10800,10500,48945
259,2020-02-21,10600,100,10350,10700,10250,65888
258,2020-02-24,11300,700,10800,12000,10550,1887623
257,2020-02-25,10300,1000,10850,11050,10200,481175
256,2020-02-26,10400,100,10450,10600,10050,192196
253,2020-02-27,9990,410,10400,10650,9990,180099
252,2020-02-28,9580,410,9700,10200,9550,206072
251,2020-03-02,9690,110,9680,9850,9530,76309
250,2020-03-03,9600,90,9800,9950,9600,75416
249,2020-03-04,9670,70,9580,9690,9430,42295
245,2020-03-05,9730,60,9800,9860,9660,70273
244,2020-03-06,9490,240,9670,9780,9420,80455
243,2020-03-09,8710,780,9390,9390,8680,251725
242,2020-03-10,8600,110,8500,8990,8370,157087
241,2020-03-11,8350,250,8640,8750,8300,119026
238,2020-03-12,7800,550,8280,8300,7750,172109
237,2020-03-13,6740,1060,6920,7290,6230,454748
236,2020-03-16,6800,60,6800,7260,6710,235290
235,2020-03-17,6750,50,6100,7010,6100,162438
234,2020-03-18,6370,380,6770,6950,6370,169954
230,2020-03-19,5110,1260,6540,6600,5050,410327
229,2020-03-20,5880,770,5110,5880,5110,153065
228,2020-03-23,5440,440,5360,5670,5160,160808
227,2020-03-24,5780,340,5550,5900,5450,152968
226,2020-03-25,6190,410,6160,6290,5990,151233
223,2020-03-26,6200,10,6400,6490,6090,169046
222,2020-03-27,6290,90,6490,6740,6000,152156
221,2020-03-30,6690,400,6150,6750,6060,155688
220,2020-03-31,7040,350,7200,7740,6800,476990
219,2020-04-01,7920,880,7060,8650,6850,1280271
215,2020-04-02,7840,80,7920,8120,7640,244896
214,2020-04-03,8010,170,7920,8170,7720,185814
213,2020-04-06,8280,270,8010,8390,8000,311730
212,2020-04-07,8210,70,8430,8430,7970,186786
211,2020-04-08,8220,10,8190,8310,8000,127340
208,2020-04-09,8290,70,8380,8390,8220,174449
207,2020-04-10,8240,50,8310,8360,8120,140675
206,2020-04-13,8300,60,8280,9400,8200,1006962
205,2020-04-14,8400,100,8410,8540,8320,183181
204,2020-04-16,8540,140,8480,8550,8230,152268
200,2020-04-17,8530,10,8630,8690,8470,121896
199,2020-04-20,8780,250,8580,8860,8500,157409
198,2020-04-21,8470,310,8820,8980,7930,211244
197,2020-04-22,8550,80,8460,8550,8240,65884
196,2020-04-23,8850,300,8620,8900,8540,213182
193,2020-04-24,8540,310,8900,8930,8410,149050
192,2020-04-27,8700,160,8720,8920,8590,209584
191,2020-04-28,8720,20,8740,8890,8570,173071
190,2020-04-29,8700,20,8760,8900,8640,168710
189,2020-05-04,8770,70,8590,8930,8530,126946
185,2020-05-06,9100,330,8940,9390,8790,443532
184,2020-05-07,9040,60,9210,9220,8960,157954
183,2020-05-08,9030,10,9040,9100,8980,63403
182,2020-05-11,8850,180,9070,9070,8830,73206
181,2020-05-12,8760,90,8850,8900,8490,74942
178,2020-05-13,8940,180,8710,9000,8620,59133
177,2020-05-14,8900,40,8900,9100,8780,70110
176,2020-05-15,9220,320,8900,9300,8880,200249
175,2020-05-18,9180,40,9310,9360,9070,138315
174,2020-05-19,9210,30,9190,9250,8980,98417
170,2020-05-20,9530,320,9280,9750,9250,332859
169,2020-05-21,9400,130,9610,9620,9270,114046
168,2020-05-22,9080,320,9400,9400,9080,132374
167,2020-05-25,9150,70,9090,9290,9060,45379
166,2020-05-26,9230,80,9160,9270,9150,48880
163,2020-05-27,9220,10,9270,9270,9100,47379
162,2020-05-28,9600,380,9440,11200,9170,2984326
161,2020-05-29,9470,130,9630,9890,9430,314391
160,2020-06-01,9570,100,9530,9690,9400,187521
159,2020-06-02,9740,170,9700,9830,9580,147715
155,2020-06-03,9590,150,9740,9780,9520,96728
154,2020-06-04,9600,10,9590,9700,9490,109354
153,2020-06-05,9610,10,9560,9650,9530,86087
152,2020-06-08,9710,100,9600,10100,9540,760041
151,2020-06-09,9650,60,9880,9960,9550,175575
148,2020-06-10,9600,50,9750,9750,9520,76641
147,2020-06-11,9420,180,9600,9620,9410,89444
146,2020-06-12,9180,240,9050,9250,8820,154969
145,2020-06-15,8600,580,9070,9280,8590,171529
144,2020-06-16,9090,490,8730,9100,8720,74987
140,2020-06-17,9000,90,8990,9140,8810,54871
139,2020-06-18,9050,50,9100,9180,8900,49762
138,2020-06-19,8910,140,9070,9180,8900,44583
137,2020-06-22,8940,30,8910,9250,8770,48611
136,2020-06-23,8970,30,8980,9130,8870,56572
133,2020-06-24,9010,40,8990,9150,8890,32744
132,2020-06-25,9340,330,8960,9580,8710,310625
131,2020-06-26,9120,220,9250,9320,9050,131575
130,2020-06-29,8720,400,9010,9100,8660,101965
129,2020-06-30,9070,350,8790,9240,8790,154783
125,2020-07-01,9100,30,9250,9500,9060,196598
124,2020-07-02,9220,120,9030,9240,9030,64712
123,2020-07-03,9300,80,9310,9340,9190,69965
122,2020-07-06,9290,10,9350,9370,9220,44734
121,2020-07-07,9240,50,9350,9350,9130,55746
118,2020-07-08,9200,40,9080,9230,9080,39987
117,2020-07-09,9220,20,9250,9260,9170,36303
116,2020-07-10,9070,150,9170,9250,9050,63438
115,2020-07-13,9240,170,9090,9260,9070,73363
114,2020-07-14,9270,30,9210,9550,9180,117918
110,2020-07-15,9300,30,9420,9500,9220,81553
109,2020-07-16,9300,0,9300,9330,9220,37333
108,2020-07-17,9320,20,9300,9410,9260,47155
107,2020-07-20,9400,80,9330,9430,9280,44959
106,2020-07-21,9400,0,9440,9450,9340,49188
103,2020-07-22,9560,160,9400,9560,9370,86330
102,2020-07-23,9320,240,9590,9590,9290,81415
101,2020-07-24,9100,220,9280,9280,9030,90264
100,2020-07-27,9240,140,9120,9320,9100,54760
99,2020-07-28,9160,80,9290,9300,9100,40779
95,2020-07-29,9340,180,9150,9340,9070,82564
94,2020-07-30,9360,20,9600,9690,9280,146406
93,2020-07-31,9280,80,9350,9400,9200,48617
92,2020-08-03,9300,20,9300,9470,9100,74285
91,2020-08-04,9500,200,9320,9550,9310,131286
88,2020-08-05,9420,80,9500,9530,9360,86057
87,2020-08-06,9430,10,9420,9470,9330,51737
86,2020-08-07,9480,50,9460,9670,9430,106300
85,2020-08-10,9340,140,9470,9520,9270,80471
84,2020-08-11,9370,30,9380,9530,9300,77536
80,2020-08-12,9320,50,9410,9460,9150,60521
79,2020-08-13,9380,60,9370,9510,9320,70848
78,2020-08-14,9230,150,9430,9450,9140,82775
77,2020-08-18,8680,550,9120,9120,8650,141693
76,2020-08-19,8770,90,8680,8840,8590,51024
73,2020-08-20,8410,360,8710,8820,8320,86512
72,2020-08-21,8440,30,8420,8550,8310,52758
71,2020-08-24,8590,150,8440,8640,8330,44216
70,2020-08-25,8720,130,8570,8770,8570,38274
69,2020-08-26,8680,40,8720,8780,8600,32360
65,2020-08-27,8660,20,8720,8720,8440,72988
64,2020-08-28,8940,280,9060,9640,8810,441084
63,2020-08-31,9300,360,9720,10250,9270,2240544
62,2020-09-01,8840,460,9170,9200,8830,363386
61,2020-09-02,8880,40,8870,8960,8840,105697
58,2020-09-03,8900,20,8840,9010,8840,121730
57,2020-09-04,8820,80,8710,8890,8710,110864
56,2020-09-07,8900,80,8780,8990,8780,87919
55,2020-09-08,8880,20,8870,8970,8860,63610
54,2020-09-09,8880,0,8620,8900,8620,57992
50,2020-09-10,8970,90,8880,9220,8820,137768
49,2020-09-11,9020,50,9000,9110,8970,74432
48,2020-09-14,9110,90,9040,9120,8970,74183
47,2020-09-15,9120,10,9110,9230,8990,59245
46,2020-09-16,8990,130,9070,9170,8990,60209
43,2020-09-17,9010,20,8990,9020,8920,57474
42,2020-09-18,8970,40,9010,9010,8880,42701
41,2020-09-21,8830,140,8920,9150,8810,97204
40,2020-09-22,8660,170,8820,8830,8630,86160
39,2020-09-23,8810,150,8750,8890,8560,50614
35,2020-09-24,8680,130,8790,8910,8400,71003
34,2020-09-25,8710,30,8840,8970,8710,86942
33,2020-09-28,8820,110,8710,8860,8700,24571
32,2020-09-29,8850,30,8820,8900,8800,39590
31,2020-10-05,8910,60,8850,9020,8850,63810
28,2020-10-06,9040,130,8920,9120,8920,83603
27,2020-10-07,9020,20,9160,9160,8990,26567
26,2020-10-08,9020,0,9020,9150,8900,41246
25,2020-10-12,9080,60,9340,9390,9040,115626
24,2020-10-13,9010,70,9090,9110,8990,42098
20,2020-10-14,8980,30,9010,9080,8940,29841
19,2020-10-15,8880,100,8980,9030,8730,67934
18,2020-10-16,8670,210,9110,9900,8600,3156677
17,2020-10-19,8760,90,8750,8890,8660,228417
16,2020-10-20,8890,130,8780,9030,8650,216909
13,2020-10-21,8980,90,8980,9060,8840,156574
12,2020-10-22,9510,530,9000,10200,8950,2378925
11,2020-10-23,9190,320,9440,9650,9170,591892
10,2020-10-26,8830,360,9220,9220,8800,220574
9,2020-10-27,8780,50,8710,8900,8710,90543
5,2020-10-28,8840,60,8760,8930,8750,78548
4,2020-10-29,8790,50,8770,8800,8680,89363
3,2020-10-30,8560,230,8800,8800,8520,111284
2,2020-11-02,8770,210,8540,8800,8520,79849
1,2020-11-03,8870,100,8780,8930,8780,75752
