,date,close,diff,open,high,low,volume
448,2019-08-16,11950,400,11600,12050,11450,4760
447,2019-08-19,12000,50,11950,12050,11950,2754
446,2019-08-20,12000,0,12000,12100,11950,2419
445,2019-08-21,12050,50,11950,12100,11950,2678
444,2019-08-22,11900,150,12000,12050,11850,3465
440,2019-08-23,11550,350,11950,11950,11500,2612
439,2019-08-26,11550,0,11450,11650,11350,3633
438,2019-08-27,11600,50,11500,11650,11400,951
437,2019-08-28,11700,100,11550,11800,11150,5875
436,2019-08-29,11700,0,11700,11750,11450,2552
433,2019-08-30,11700,0,11600,11750,11600,1075
432,2019-09-02,11500,200,11600,11700,11450,4744
431,2019-09-03,11650,150,11500,11750,11500,1181
430,2019-09-04,11550,100,12000,12000,11550,4830
429,2019-09-05,11700,150,11600,11850,11550,2313
425,2019-09-06,11800,100,11750,11800,11600,655
424,2019-09-09,12100,300,12000,12100,11800,35272
423,2019-09-10,12150,50,12300,12300,11850,9160
422,2019-09-11,12350,200,12100,12400,12000,7399
421,2019-09-16,12350,0,12300,12400,12100,2086
418,2019-09-17,12350,0,12300,12400,12150,4982
417,2019-09-18,12550,200,12350,12550,12300,7859
416,2019-09-19,12650,100,12500,12650,12400,6754
415,2019-09-20,12700,50,12650,12750,12500,9206
414,2019-09-23,12600,100,12700,12800,12550,11693
410,2019-09-24,12550,50,12700,12700,12350,6418
409,2019-09-25,12400,150,12550,12550,12200,2663
408,2019-09-26,12450,50,12300,12700,12300,1461
407,2019-09-27,12400,50,12300,12450,12300,88
406,2019-09-30,12350,50,12350,12400,12150,331
403,2019-10-01,12450,100,12450,12450,12350,998
402,2019-10-02,12400,50,12450,12450,12350,116
401,2019-10-04,12400,0,12400,12500,12400,508
400,2019-10-07,12400,0,12400,12400,12250,190
399,2019-10-08,12400,0,12250,12450,12250,239
395,2019-10-10,12400,0,12350,12400,12200,539
394,2019-10-11,12200,200,12350,12400,12200,4021
393,2019-10-14,12300,100,12350,12450,12200,589
392,2019-10-15,12350,50,12300,12400,12200,824
391,2019-10-16,12350,0,12350,12400,12200,1112
388,2019-10-17,12350,0,12300,12350,12250,136
387,2019-10-18,12400,50,12350,12450,12300,134
386,2019-10-21,12400,0,12350,12400,12300,149
385,2019-10-22,12300,100,12400,12400,12200,292
384,2019-10-23,12200,100,12300,12400,12150,904
380,2019-10-24,12250,50,12150,12250,12100,277
379,2019-10-25,12200,50,12300,12300,12050,1558
378,2019-10-28,12300,100,12200,12350,12100,1858
377,2019-10-29,12300,0,12350,12350,12250,268
376,2019-10-30,12200,100,12300,12300,12200,419
373,2019-10-31,12200,0,12300,12300,12150,921
372,2019-11-01,12300,100,12200,12400,12200,415
371,2019-11-04,12350,50,12500,12500,12200,1138
370,2019-11-05,12000,350,12350,12600,11900,29193
369,2019-11-06,11500,500,12000,12100,11450,55206
365,2019-11-07,11700,200,11550,11800,11550,9110
364,2019-11-08,11750,50,11800,11800,11550,14240
363,2019-11-11,11900,150,11750,12000,11750,7736
362,2019-11-12,12000,100,12000,12050,11900,5498
361,2019-11-13,11950,50,12000,12000,11800,3927
358,2019-11-14,12050,100,12300,12400,11950,24891
357,2019-11-15,12100,50,12200,12250,12000,2719
356,2019-11-18,12150,50,12150,12200,12100,853
355,2019-11-19,12200,50,12050,12250,12050,3322
354,2019-11-20,12150,50,12200,12250,11900,9970
350,2019-11-21,12300,150,12000,12300,11800,22642
349,2019-11-22,12250,50,12250,12300,12150,1665
348,2019-11-25,12450,200,12250,12500,12150,13087
347,2019-11-26,12400,50,12450,12500,12300,4989
346,2019-11-27,12450,50,12400,12450,12350,2664
343,2019-11-28,12350,100,12450,12450,12250,4563
342,2019-11-29,12300,50,12350,12350,12150,3430
341,2019-12-02,12200,100,12250,12300,12150,938
340,2019-12-03,12200,0,12150,12200,12150,426
339,2019-12-04,12100,100,12200,12200,12100,740
335,2019-12-05,12100,0,12150,12150,12000,14454
334,2019-12-06,12100,0,12000,12150,12000,7169
333,2019-12-09,12050,50,12000,12150,12000,2804
332,2019-12-10,12050,0,12100,12100,12000,948
331,2019-12-11,12050,0,12050,12100,11950,3870
328,2019-12-12,12100,50,12050,12100,12000,3941
327,2019-12-13,12300,200,12100,12350,12100,3068
326,2019-12-16,12300,0,12300,12300,12150,1920
325,2019-12-17,12350,50,12250,12400,12150,1417
324,2019-12-18,12250,100,12350,12350,12100,7626
320,2019-12-19,12200,50,12250,12250,12150,2778
319,2019-12-20,12200,0,12200,12300,12200,4077
318,2019-12-23,12250,50,12200,12300,12200,1352
317,2019-12-24,12350,100,12250,12450,12250,6075
316,2019-12-26,12500,150,12350,12500,12300,3668
313,2019-12-27,12250,250,12300,12350,12050,4305
312,2019-12-30,12150,100,12250,12250,12000,4989
311,2020-01-02,12100,50,12150,12150,12050,1435
310,2020-01-03,12100,0,12100,12150,12050,7907
309,2020-01-06,12050,50,12100,12100,11950,8459
305,2020-01-07,11950,100,12050,12100,11900,3130
304,2020-01-08,11900,50,11900,11950,11750,9519
303,2020-01-09,11700,200,11900,11900,11600,20572
302,2020-01-10,11800,100,11700,11800,11650,9556
301,2020-01-13,11700,100,11800,11800,11700,1258
298,2020-01-14,11800,100,11750,11800,11700,1909
297,2020-01-15,11800,0,11750,11900,11700,15712
296,2020-01-16,11700,100,11800,11800,11700,1911
295,2020-01-17,11800,100,11700,11850,11500,27545
294,2020-01-20,11850,50,11800,11950,11750,7102
290,2020-01-21,11950,100,11850,12000,11800,3776
289,2020-01-22,12100,150,11950,12250,11800,6855
288,2020-01-23,12250,150,12100,12250,11950,2818
287,2020-01-28,12050,200,12000,12200,11850,1963
286,2020-01-29,12050,0,12150,12150,11900,1683
283,2020-01-30,11800,250,12150,12150,11800,2304
282,2020-01-31,11700,100,11900,12000,11550,5447
281,2020-02-03,11700,0,11700,11800,11600,18985
280,2020-02-04,11750,50,11650,12000,11600,11503
279,2020-02-05,11800,50,11750,12000,11700,5679
275,2020-02-06,11850,50,11800,11950,11750,5923
274,2020-02-07,11800,50,11900,11950,11800,1060
273,2020-02-10,11800,0,11850,11900,11700,1121
272,2020-02-11,11750,50,11800,11850,11750,3490
271,2020-02-12,11800,50,11850,11900,11700,4168
268,2020-02-13,11800,0,11800,12200,11750,3590
267,2020-02-14,11850,50,11900,11900,11750,4494
266,2020-02-17,11750,100,11750,11950,11700,2415
265,2020-02-18,11750,0,11850,11850,11750,4050
264,2020-02-19,11800,50,11800,12000,11700,22605
260,2020-02-20,11800,0,11900,11900,11700,5029
259,2020-02-21,11650,150,11850,11850,11650,2366
258,2020-02-24,11200,450,11650,11650,11150,30685
257,2020-02-25,11400,200,11300,11700,11150,8370
256,2020-02-26,11350,50,11400,11400,11100,5506
253,2020-02-27,11250,100,11350,11400,11100,5165
252,2020-02-28,10900,350,11250,11250,10750,27888
251,2020-03-02,11000,100,11350,11500,10900,13978
250,2020-03-03,11000,0,11050,11300,11000,3531
249,2020-03-04,11400,400,11150,11400,11050,3959
245,2020-03-05,11650,250,11400,11650,11400,2888
244,2020-03-06,11500,150,11650,11650,11350,1853
243,2020-03-09,11100,400,11500,11650,10900,16670
242,2020-03-10,10950,150,11100,11100,10850,2815
241,2020-03-11,10900,50,11000,11200,10750,11486
238,2020-03-12,10750,150,11050,11100,10350,22799
237,2020-03-13,10300,450,10350,10650,9920,29615
236,2020-03-16,10000,300,11150,11150,10000,16897
235,2020-03-17,10000,0,9900,10550,9810,8908
234,2020-03-18,9950,50,10000,10200,9950,11632
230,2020-03-19,9690,260,9900,9980,9310,17786
229,2020-03-20,9850,160,9430,9870,9430,4202
228,2020-03-23,9620,230,9800,9800,9510,16225
227,2020-03-24,9740,120,9700,9740,9620,9183
226,2020-03-25,10350,610,9780,10950,9780,5937
223,2020-03-26,10450,100,10950,10950,10400,1915
222,2020-03-27,10250,200,10650,10900,10200,1555
221,2020-03-30,10300,50,10250,10650,9810,1770
220,2020-03-31,10350,50,10350,10700,10150,2494
219,2020-04-01,10000,350,10350,10950,9980,38098
215,2020-04-02,10150,150,10000,10200,9960,3263
214,2020-04-03,10100,50,10150,10250,10050,4304
213,2020-04-06,10250,150,10200,11000,10100,7097
212,2020-04-07,10400,150,10300,10550,10250,9101
211,2020-04-08,10100,300,10400,10450,10100,17193
208,2020-04-09,10150,50,10100,10250,10050,8060
207,2020-04-10,11300,1150,10350,12900,10350,539404
206,2020-04-13,10400,900,11400,11450,10400,98352
205,2020-04-14,10350,50,10450,10550,10200,53540
204,2020-04-16,10400,50,10450,10450,10100,29122
200,2020-04-17,10600,200,10400,10600,10400,25626
199,2020-04-20,10550,50,10600,10950,10550,26032
198,2020-04-21,10450,100,10500,10700,10200,26321
197,2020-04-22,10350,100,10350,10400,10000,22560
196,2020-04-23,10550,200,10550,10600,10350,11454
193,2020-04-24,10250,300,10600,10600,10150,14896
192,2020-04-27,10300,50,10300,10350,10150,18379
191,2020-04-28,10350,50,10350,10450,10100,12661
190,2020-04-29,10500,150,10400,10750,10300,33614
189,2020-05-04,10650,150,10650,10800,10050,27772
185,2020-05-06,10600,50,10700,10800,10550,44924
184,2020-05-07,10650,50,10700,10700,10400,8495
183,2020-05-08,10950,300,10700,10950,10550,17154
182,2020-05-11,10950,0,11100,11150,10750,17463
181,2020-05-12,10750,200,11050,11050,10550,14189
178,2020-05-13,10650,100,10750,10750,10450,32409
177,2020-05-14,10700,50,10450,10750,10450,4550
176,2020-05-15,10600,100,10700,10850,10450,12957
175,2020-05-18,10650,50,10650,10650,10400,16307
174,2020-05-19,10750,100,10850,10850,10550,48533
170,2020-05-20,10750,0,10800,10950,10650,17309
169,2020-05-21,10750,0,10800,10900,10650,16875
168,2020-05-22,10650,100,10800,10800,10550,9340
167,2020-05-25,10650,0,10650,10700,10550,16399
166,2020-05-26,10800,150,10650,10800,10500,25379
163,2020-05-27,10800,0,10800,10850,10700,10214
162,2020-05-28,10750,50,10850,10900,10550,19455
161,2020-05-29,10650,100,10600,10800,10600,5044
160,2020-06-01,10800,150,10650,10950,10650,22234
159,2020-06-02,10850,50,10900,11200,10800,16668
155,2020-06-03,10950,100,10850,11100,10850,14379
154,2020-06-04,10900,50,10950,11100,10850,14383
153,2020-06-05,11000,100,10950,11400,10900,17803
152,2020-06-08,11000,0,11250,11300,11000,8781
151,2020-06-09,10950,50,10950,11150,10900,9989
148,2020-06-10,10950,0,11050,11050,10850,5219
147,2020-06-11,10700,250,11000,11000,10600,30939
146,2020-06-12,10700,0,10450,10700,10350,17109
145,2020-06-15,10550,150,10750,10900,10450,10882
144,2020-06-16,10650,100,10800,10800,10550,4937
140,2020-06-17,10650,0,10650,10900,10500,9033
139,2020-06-18,10750,100,10750,10800,10600,3535
138,2020-06-19,10700,50,10800,10850,10600,4297
137,2020-06-22,10650,50,10650,10750,10650,7187
136,2020-06-23,10600,50,10800,10800,10500,4625
133,2020-06-24,10650,50,10750,10750,10550,3326
132,2020-06-25,10600,50,10700,10700,10550,3451
131,2020-06-26,10600,0,10700,10700,10550,1312
130,2020-06-29,10500,100,10700,10700,10350,11284
129,2020-06-30,10550,50,10700,10700,10450,2723
125,2020-07-01,10400,150,10500,10650,10400,6457
124,2020-07-02,10450,50,10500,10500,10400,3403
123,2020-07-03,10550,100,10500,10550,10450,2274
122,2020-07-06,10650,100,10550,10650,10450,4157
121,2020-07-07,10650,0,10750,10800,10550,1941
118,2020-07-08,10650,0,10700,10750,10600,1973
117,2020-07-09,10750,100,10750,10850,10650,6907
116,2020-07-10,10700,50,10800,10800,10600,3932
115,2020-07-13,10750,50,10550,10800,10500,6689
114,2020-07-14,10750,0,10750,10750,10600,1155
110,2020-07-15,10650,100,10800,10800,10600,2735
109,2020-07-16,10700,50,10650,10750,10600,3901
108,2020-07-17,10700,0,10600,10750,10600,2529
107,2020-07-20,10800,100,10850,10850,10650,3962
106,2020-07-21,10800,0,10700,11000,10650,8941
103,2020-07-22,10900,100,10900,10950,10700,16013
102,2020-07-23,10950,50,11000,11000,10800,4809
101,2020-07-24,11050,100,10800,11200,10800,17366
100,2020-07-27,11000,50,11200,11200,10950,8796
99,2020-07-28,11050,50,11150,11200,10950,4404
95,2020-07-29,11000,50,11050,11150,10900,6028
94,2020-07-30,10900,100,11000,11100,10900,3634
93,2020-07-31,10900,0,10900,11050,10850,4959
92,2020-08-03,11000,100,11000,11050,10850,3151
91,2020-08-04,11000,0,11100,11100,10900,3537
88,2020-08-05,10950,50,11100,11100,10900,2005
87,2020-08-06,10900,50,10950,11000,10850,8165
86,2020-08-07,10900,0,10950,11000,10850,6440
85,2020-08-10,11000,100,10900,11050,10850,5569
84,2020-08-11,11000,0,11000,11100,10950,5459
80,2020-08-12,11000,0,11000,11100,10900,2294
79,2020-08-13,10950,50,11050,11100,10850,10022
78,2020-08-14,10850,100,10950,10950,10750,30278
77,2020-08-18,10650,200,10850,10950,10650,8426
76,2020-08-19,10750,100,10650,10800,10550,3290
73,2020-08-20,10600,150,10700,10750,10450,14768
72,2020-08-21,10600,0,10550,10800,10550,4960
71,2020-08-24,10550,50,10650,10700,10500,8815
70,2020-08-25,10650,100,10600,10700,10550,2372
69,2020-08-26,10800,150,10700,10800,10600,2717
65,2020-08-27,10700,100,10850,10850,10600,4961
64,2020-08-28,10800,100,10750,10900,10650,3535
63,2020-08-31,10700,100,10850,10900,10650,3917
62,2020-09-01,10800,100,10750,10850,10750,2225
61,2020-09-02,10700,100,10850,10900,10600,2913
58,2020-09-03,10700,0,10750,10850,10550,12478
57,2020-09-04,10700,0,10550,10700,10550,2861
56,2020-09-07,10750,50,10800,10800,10600,7975
55,2020-09-08,10800,50,10950,10950,10700,1901
54,2020-09-09,10600,200,10850,10850,10550,4972
50,2020-09-10,10700,100,10600,10750,10600,6183
49,2020-09-11,10700,0,10700,10700,10600,4776
48,2020-09-14,10750,50,10700,10800,10600,18205
47,2020-09-15,10750,0,10750,10750,10650,3930
46,2020-09-16,10800,50,10650,10800,10650,5024
43,2020-09-17,10900,100,10800,11050,10750,40358
42,2020-09-18,11000,100,10850,11000,10850,3442
41,2020-09-21,11000,0,11000,11100,10900,18463
40,2020-09-22,11050,50,11050,11050,10850,25580
39,2020-09-23,11050,0,11150,11150,10950,4486
35,2020-09-24,10750,300,11050,11050,10750,7689
34,2020-09-25,10900,150,10800,10900,10750,3108
33,2020-09-28,10950,50,10900,10950,10800,3110
32,2020-09-29,10850,100,11000,11000,10750,10171
31,2020-10-05,10850,0,10900,10950,10750,4013
28,2020-10-06,10850,0,10900,10950,10800,7025
27,2020-10-07,11000,150,10800,11000,10800,3511
26,2020-10-08,10950,50,11000,11050,10900,8051
25,2020-10-12,10800,150,10950,10950,10750,21712
24,2020-10-13,10800,0,10800,10850,10700,12767
20,2020-10-14,10900,100,10850,10950,10750,4489
19,2020-10-15,10900,0,10950,11000,10800,9438
18,2020-10-16,10850,50,10900,10950,10800,5100
17,2020-10-19,10800,50,10900,10900,10800,4604
16,2020-10-20,10850,50,10800,10850,10750,3812
13,2020-10-21,10950,100,10850,11000,10800,5478
12,2020-10-22,10950,0,11000,11000,10800,2833
11,2020-10-23,10900,50,10850,10950,10800,2489
10,2020-10-26,10900,0,10900,11000,10800,3047
9,2020-10-27,10900,0,10900,11000,10800,1368
5,2020-10-28,10950,50,10800,10950,10800,828
4,2020-10-29,10800,150,10900,10950,10750,5384
3,2020-10-30,10850,50,10900,10900,10750,8541
2,2020-11-02,10900,50,10950,10950,10800,1807
1,2020-11-03,10950,50,10850,11100,10850,2729
