,date,close,diff,open,high,low,volume
448,2019-08-16,5990,40,5980,6030,5810,62888
447,2019-08-19,5940,50,6000,6020,5890,54717
446,2019-08-20,6050,110,5930,6110,5910,83556
445,2019-08-21,6200,150,6070,6270,6010,102917
444,2019-08-22,6080,120,6200,6320,6040,83644
440,2019-08-23,5860,220,6070,6170,5860,114633
439,2019-08-26,5430,430,5620,5730,5410,77186
438,2019-08-27,5520,90,5470,5680,5470,42863
437,2019-08-28,5760,240,5520,5760,5510,63570
436,2019-08-29,5610,150,5760,5840,5610,44455
433,2019-08-30,6620,1010,5650,7050,5650,3612095
432,2019-09-02,6680,60,6540,6730,6510,435278
431,2019-09-03,6830,150,6670,6860,6440,531511
430,2019-09-04,6630,200,6900,7020,6610,453487
429,2019-09-05,6760,130,6670,6820,6560,187464
425,2019-09-06,6500,260,6770,6850,6500,247898
424,2019-09-09,7120,620,6510,7360,6500,1815597
423,2019-09-10,6930,190,7030,7050,6820,351456
422,2019-09-11,7070,140,6910,7220,6880,598475
421,2019-09-16,7000,70,7090,7230,7000,181114
418,2019-09-17,7550,550,6910,7880,6850,1648263
417,2019-09-18,7330,220,7540,7540,7300,252942
416,2019-09-19,7150,180,7300,7420,7070,177279
415,2019-09-20,7320,170,7180,7320,7100,129164
414,2019-09-23,7200,120,7260,7320,7160,70106
410,2019-09-24,7190,10,7120,7290,7100,80701
409,2019-09-25,6950,240,7200,7240,6950,122114
408,2019-09-26,7020,70,7030,7160,6900,115500
407,2019-09-27,7300,280,7020,8390,6950,1818517
406,2019-09-30,7350,50,7300,7450,7120,332457
403,2019-10-01,7420,70,7220,7780,7220,514363
402,2019-10-02,7170,250,7400,7420,7150,176440
401,2019-10-04,6990,180,7100,7200,6900,121203
400,2019-10-07,7100,110,6980,7210,6950,116626
399,2019-10-08,7060,40,7100,7190,7010,96830
395,2019-10-10,7030,30,7060,7120,7000,69613
394,2019-10-11,7310,280,7080,7900,7060,1393003
393,2019-10-14,7580,270,7370,7840,7350,669570
392,2019-10-15,7590,10,7510,7650,7420,184946
391,2019-10-16,8030,440,7670,8330,7640,1832133
388,2019-10-17,7890,140,7990,7990,7820,241287
387,2019-10-18,7950,60,7930,8280,7850,718228
386,2019-10-21,8100,150,7950,8130,7820,345772
385,2019-10-22,8140,40,8110,8290,8060,434585
384,2019-10-23,8320,180,8200,8450,8130,388038
380,2019-10-24,8250,70,8370,8420,8080,210279
379,2019-10-25,8130,120,8250,8250,8090,94619
378,2019-10-28,8170,40,8130,8280,8130,69355
377,2019-10-29,8210,40,8180,8250,8150,79398
376,2019-10-30,7900,310,8220,8250,7900,137738
373,2019-10-31,8020,120,7850,8130,7850,71016
372,2019-11-01,8180,160,7950,8250,7920,77123
371,2019-11-04,8380,200,8340,8590,8200,175564
370,2019-11-05,8730,350,8390,8750,8370,221378
369,2019-11-06,8650,80,8950,9180,8570,201343
365,2019-11-07,8580,70,8540,8710,8540,60560
364,2019-11-08,8650,70,8580,8780,8540,50971
363,2019-11-11,8410,240,8600,8710,8360,84118
362,2019-11-12,8400,10,8410,8550,8380,36091
361,2019-11-13,8380,20,8510,8510,8250,51712
358,2019-11-14,8400,20,8380,8510,8340,36914
357,2019-11-15,8330,70,8400,8490,8280,56398
356,2019-11-18,8560,230,8350,8580,8320,64165
355,2019-11-19,8320,240,8500,8640,8320,56207
354,2019-11-20,7820,500,8280,8380,7820,141637
350,2019-11-21,7680,140,7820,7960,7680,41447
349,2019-11-22,7890,210,7680,8090,7660,33723
348,2019-11-25,8120,230,8320,8320,8030,30076
347,2019-11-26,8150,30,8380,8380,8080,15649
346,2019-11-27,8020,130,8080,8170,8000,19695
343,2019-11-28,7900,120,8020,8110,7810,18399
342,2019-11-29,7640,260,7770,7970,7640,34817
341,2019-12-02,7790,150,7640,7920,7640,39277
340,2019-12-03,7680,110,7650,7800,7580,15561
339,2019-12-04,7550,130,7780,7780,7310,18908
335,2019-12-05,7410,140,7560,7670,7360,40814
334,2019-12-06,7640,230,7430,7690,7430,17077
333,2019-12-09,7610,30,7680,7800,7570,16530
332,2019-12-10,7700,90,7500,7700,7450,16572
331,2019-12-11,7700,0,7620,7720,7550,18821
328,2019-12-12,7920,220,7700,8000,7680,37042
327,2019-12-13,7900,20,7910,7980,7790,32105
326,2019-12-16,7970,70,7940,8020,7910,24287
325,2019-12-17,8020,50,7850,8080,7850,37154
324,2019-12-18,8020,0,8090,8090,7900,32201
320,2019-12-19,8040,20,8070,8160,8000,35368
319,2019-12-20,7900,140,8000,8120,7840,34062
318,2019-12-23,7840,60,7900,7980,7820,18492
317,2019-12-24,7720,120,7750,7950,7720,37500
316,2019-12-26,7900,180,7720,7900,7700,35794
313,2019-12-27,8090,190,7810,8120,7650,51711
312,2019-12-30,8340,250,8130,8530,8090,89098
311,2020-01-02,8350,10,8350,8400,8220,34905
310,2020-01-03,8360,10,8450,8450,8240,32384
309,2020-01-06,8090,270,8170,8240,8010,39134
305,2020-01-07,8070,20,8090,8260,8060,31988
304,2020-01-08,7500,570,7990,8090,7500,117788
303,2020-01-09,7720,220,7800,7870,7700,32315
302,2020-01-10,7750,30,7720,7910,7690,27010
301,2020-01-13,7800,50,7750,7890,7600,11175
298,2020-01-14,7740,60,7840,8080,7720,23046
297,2020-01-15,7770,30,7780,7820,7710,16720
296,2020-01-16,7900,130,7770,8000,7770,17857
295,2020-01-17,7900,0,7870,7980,7870,11167
294,2020-01-20,8040,140,7920,8140,7900,45417
290,2020-01-21,8030,10,8120,8130,8000,25180
289,2020-01-22,8050,20,7970,8120,7970,13319
288,2020-01-23,8000,50,8040,8090,7910,12194
287,2020-01-28,7730,270,7790,8210,7600,32959
286,2020-01-29,7690,40,7660,7750,7570,46719
283,2020-01-30,7500,190,7730,7730,7450,37372
282,2020-01-31,7450,50,7410,7540,7190,31435
281,2020-02-03,7300,150,7440,7440,6700,35220
280,2020-02-04,7260,40,7240,7410,7150,27163
279,2020-02-05,7270,10,7280,7450,7220,20882
275,2020-02-06,7520,250,7270,7530,7270,23675
274,2020-02-07,7450,70,7410,7540,7380,37144
273,2020-02-10,7380,70,7450,7490,7350,19407
272,2020-02-11,7370,10,7320,7500,7320,14739
271,2020-02-12,7420,50,7390,7490,7350,17451
268,2020-02-13,7380,40,7380,7500,7360,23383
267,2020-02-14,7390,10,7330,7470,7330,22483
266,2020-02-17,7380,10,7590,7590,7370,13683
265,2020-02-18,7270,110,7420,7420,7260,24056
264,2020-02-19,7330,60,7200,7350,7200,19428
260,2020-02-20,7290,40,7360,7360,7200,13134
259,2020-02-21,7640,350,7330,8700,7260,754467
258,2020-02-24,7220,420,7830,7940,7220,125719
257,2020-02-25,8040,820,7200,8400,7010,2365065
256,2020-02-26,8320,280,8790,9040,7650,3607410
253,2020-02-27,8600,280,8170,8950,7900,2708043
252,2020-02-28,8200,400,8400,8600,7940,1054025
251,2020-03-02,8650,450,8110,8690,7860,1417300
250,2020-03-03,8990,340,8540,8990,8200,1593089
249,2020-03-04,8660,330,8780,8850,8580,1001283
245,2020-03-05,8140,520,8690,8760,8140,618961
244,2020-03-06,7970,170,8010,8290,7870,363935
243,2020-03-09,7200,770,7780,7860,7200,468607
242,2020-03-10,7000,200,6940,7260,6880,324576
241,2020-03-11,6370,630,7030,7130,6250,457350
238,2020-03-12,5830,540,6350,6370,5740,291622
237,2020-03-13,5250,580,5300,5630,4830,468412
236,2020-03-16,5110,140,5420,5690,5110,198513
235,2020-03-17,5190,80,4600,5310,4600,137380
234,2020-03-18,5330,140,5350,6500,5210,1151424
230,2020-03-19,4780,550,5520,5780,4645,457425
229,2020-03-20,5200,420,4800,5800,4800,810192
228,2020-03-23,5290,90,4980,5470,4965,220421
227,2020-03-24,6110,820,5370,6250,5320,1129030
226,2020-03-25,6620,510,6690,6870,6340,767844
223,2020-03-26,6570,50,6680,6800,6460,374280
222,2020-03-27,6470,100,6710,6960,6040,306277
221,2020-03-30,7120,650,6550,7380,6400,748693
220,2020-03-31,7670,550,7310,7880,6890,1046205
219,2020-04-01,7410,260,7670,8100,7300,1123150
215,2020-04-02,7050,360,7410,7600,6700,510775
214,2020-04-03,7920,870,7880,8300,7500,1098143
213,2020-04-06,8350,430,7920,8900,7760,1503220
212,2020-04-07,9750,1400,9000,9800,8430,2808395
211,2020-04-08,10500,750,10350,12300,10000,4415843
208,2020-04-09,12000,1500,10850,12500,10800,4450133
207,2020-04-10,11350,650,11800,11850,10800,1245230
206,2020-04-13,10950,400,11600,11800,10900,618708
205,2020-04-14,12800,1850,11350,13650,11200,5584767
204,2020-04-16,12500,300,12400,12800,11900,656253
200,2020-04-17,12150,350,12250,12350,11500,747973
199,2020-04-20,11950,200,11800,12300,11500,338526
198,2020-04-21,12350,400,12000,12600,11100,884457
197,2020-04-22,13750,1400,12850,14100,12650,2487887
196,2020-04-23,13850,100,14150,14400,13550,570372
193,2020-04-24,13700,150,13400,13800,13200,292413
192,2020-04-27,13950,250,14350,14500,13600,290965
191,2020-04-28,13450,500,13750,13900,13300,223250
190,2020-04-29,13850,400,13600,14300,13500,350515
189,2020-05-04,13600,250,13500,14200,13300,327395
185,2020-05-06,14500,900,13950,15050,13900,1087707
184,2020-05-07,16550,2050,14500,18200,14350,6233875
183,2020-05-08,16300,250,16300,16550,15750,682783
182,2020-05-11,16000,300,16250,16600,15800,497086
181,2020-05-12,17100,1100,16150,18400,16050,2122182
178,2020-05-13,17400,300,17150,17500,16600,476296
177,2020-05-14,18550,1150,17400,18900,17150,930042
176,2020-05-15,20650,2100,18750,22200,18150,2219028
175,2020-05-18,21750,1100,21050,22750,20350,1051979
174,2020-05-19,19200,2550,19950,20600,18550,1254826
170,2020-05-20,18900,300,19550,20850,18500,960951
169,2020-05-21,19350,450,19150,19650,18550,552492
168,2020-05-22,18750,600,19350,19900,18250,577754
167,2020-05-25,20200,1450,18850,20250,18700,742648
166,2020-05-26,19600,600,20500,20650,19300,444329
163,2020-05-27,18850,750,19700,19800,18600,393841
162,2020-05-28,18350,500,19000,19550,17850,637680
161,2020-05-29,18350,0,18600,19350,18100,484567
160,2020-06-01,18450,100,18450,18750,18150,289570
159,2020-06-02,17750,700,18700,18700,17100,604116
155,2020-06-03,16750,1000,17750,17800,16400,644017
154,2020-06-04,17000,250,16400,17150,16200,449802
153,2020-06-05,16550,450,17000,17400,16250,419197
152,2020-06-08,17650,1100,16550,17650,16400,523292
151,2020-06-09,17500,150,17800,17850,16950,327872
148,2020-06-10,17300,200,17500,17950,17250,263418
147,2020-06-11,17500,200,17200,18000,16950,349210
146,2020-06-12,17850,350,17000,18150,16800,493578
145,2020-06-15,18450,600,18200,19800,18000,1717182
144,2020-06-16,18550,100,19000,19100,18200,539391
140,2020-06-17,17500,1050,18200,18200,16900,489671
139,2020-06-18,17400,100,17400,17700,17200,151529
138,2020-06-19,17200,200,17600,17650,16950,197471
137,2020-06-22,17400,200,17200,18550,17200,466185
136,2020-06-23,18300,900,17600,18300,16950,626780
133,2020-06-24,17800,500,18350,18500,17750,240389
132,2020-06-25,18250,450,17600,18500,17500,295184
131,2020-06-26,17950,300,18450,18600,17650,186882
130,2020-06-29,18400,450,18150,18750,17900,409159
129,2020-06-30,17900,500,18400,18800,17900,296549
125,2020-07-01,17050,850,18000,18100,17050,271798
124,2020-07-02,17150,100,17050,17200,16550,120450
123,2020-07-03,17800,650,16900,18000,16900,173841
122,2020-07-06,18050,250,18000,18250,17600,162216
121,2020-07-07,17700,350,18050,18600,17500,228943
118,2020-07-08,18500,800,17750,18500,17500,237504
117,2020-07-09,18200,300,18700,19850,17900,1117280
116,2020-07-10,20400,2200,18250,20650,18200,1819966
115,2020-07-13,20400,0,20650,22300,20100,1588866
114,2020-07-14,22500,2100,20300,25400,20000,2775091
110,2020-07-15,21950,550,21850,24000,21500,1675755
109,2020-07-16,21350,600,22000,22600,21200,395650
108,2020-07-17,20900,450,21050,21500,20550,258322
107,2020-07-20,23300,2400,20950,25850,20350,3645586
106,2020-07-21,22550,750,23400,23800,22000,874701
103,2020-07-22,21100,1450,22350,22700,21000,732024
102,2020-07-23,21150,50,21100,23200,21000,1249310
101,2020-07-24,21000,150,20700,21900,20650,683096
100,2020-07-27,20600,400,21050,21600,20500,383997
99,2020-07-28,20650,50,20950,21000,20450,242166
95,2020-07-29,20450,200,20650,20750,20400,188281
94,2020-07-30,21100,650,20500,21300,20350,345111
93,2020-07-31,20800,300,21200,21600,20800,295372
92,2020-08-03,22200,1400,21050,22350,21050,703437
91,2020-08-04,22500,300,23200,23300,22150,723923
88,2020-08-05,23050,550,22800,23250,22600,396891
87,2020-08-06,22500,550,23300,23750,22200,524953
86,2020-08-07,22000,500,22400,22700,21700,342806
85,2020-08-10,22250,250,22250,22500,21650,229649
84,2020-08-11,22350,100,22400,22550,21900,275279
80,2020-08-12,21800,550,22350,23300,21800,423444
79,2020-08-13,22000,200,21950,22300,21800,156847
78,2020-08-14,20600,1400,22100,22150,19900,353226
77,2020-08-18,19650,950,21150,21200,19150,444770
76,2020-08-19,19850,200,19500,20050,19450,215686
73,2020-08-20,18350,1500,19950,20000,18200,354046
72,2020-08-21,18650,300,18500,19350,18350,296418
71,2020-08-24,19500,850,18500,19500,18200,245307
70,2020-08-25,19700,200,19500,19800,19100,179073
69,2020-08-26,19100,600,19600,19600,18950,160144
65,2020-08-27,19200,100,19250,19600,19050,175665
64,2020-08-28,18800,400,19350,19350,18050,207746
63,2020-08-31,18300,500,19000,19150,18250,234642
62,2020-09-01,18350,50,18300,18450,17750,313664
61,2020-09-02,18100,250,18400,18500,17800,152554
58,2020-09-03,18400,300,18100,19000,17950,224727
57,2020-09-04,17900,500,17500,18100,17400,145777
56,2020-09-07,18550,650,17850,18650,17750,165145
55,2020-09-08,18300,250,18500,18750,18150,107845
54,2020-09-09,17750,550,17900,18150,17600,124721
50,2020-09-10,17850,100,17850,18050,17700,90495
49,2020-09-11,18500,650,17900,19200,17900,442956
48,2020-09-14,19050,550,18900,19250,18600,231679
47,2020-09-15,19450,400,19300,20200,19200,361960
46,2020-09-16,18700,750,19500,19700,18700,150724
43,2020-09-17,18150,550,18700,18850,18050,115210
42,2020-09-18,18400,250,18100,18450,17800,71522
41,2020-09-21,17600,800,18600,18600,17450,139517
40,2020-09-22,16950,650,17550,17600,16700,166367
39,2020-09-23,17000,50,17000,17650,16450,135024
35,2020-09-24,16550,450,17000,17800,16500,212798
34,2020-09-25,16300,250,16850,17250,16300,85869
33,2020-09-28,16400,100,16400,16750,16250,79430
32,2020-09-29,16550,150,16450,16950,16450,61160
31,2020-10-05,18050,1500,16700,18250,16600,251336
28,2020-10-06,19150,1100,18150,21200,18150,1708642
27,2020-10-07,18650,500,19150,19250,18650,172770
26,2020-10-08,18500,150,18750,18900,18450,118276
25,2020-10-12,18000,500,18500,18600,17900,113010
24,2020-10-13,18200,200,18000,18400,18000,90451
20,2020-10-14,18000,200,18150,18200,17850,62734
19,2020-10-15,17550,450,17850,18450,17100,187068
18,2020-10-16,17650,100,17500,18200,17150,157206
17,2020-10-19,17100,550,17500,17800,17050,75593
16,2020-10-20,17000,100,16850,17300,16700,70418
13,2020-10-21,17000,0,17000,17250,16800,56481
12,2020-10-22,16750,250,16800,17200,16750,54921
11,2020-10-23,16900,150,16800,16950,16650,44307
10,2020-10-26,16300,600,16650,16850,16300,91097
9,2020-10-27,15950,350,16200,16400,15800,88368
5,2020-10-28,16250,300,15900,16250,15600,53212
4,2020-10-29,16350,100,15800,16350,15750,53568
3,2020-10-30,15800,550,16350,16350,15800,49487
2,2020-11-02,15700,100,15700,15950,15500,53277
1,2020-11-03,16000,300,15800,16100,15800,44942
