,date,close,diff,open,high,low,volume
448,2019-08-16,13600,200,13500,13750,13150,56437
447,2019-08-19,13900,300,13800,14550,13600,44396
446,2019-08-20,13550,350,13900,13900,13200,73027
445,2019-08-21,13500,50,13650,13800,13300,33512
444,2019-08-22,13400,100,13500,13750,12950,78305
440,2019-08-23,13200,200,13100,13400,13100,11565
439,2019-08-26,12850,350,13000,13200,12450,65070
438,2019-08-27,13100,250,12800,13300,12800,32835
437,2019-08-28,13200,100,13200,13250,12950,12823
436,2019-08-29,13100,100,13100,13250,12900,11532
433,2019-08-30,13250,150,13100,13350,13050,20629
432,2019-09-02,13300,50,13250,13300,13050,9558
431,2019-09-03,13500,200,13300,13600,13150,21861
430,2019-09-04,13550,50,13500,13650,13400,9953
429,2019-09-05,13800,250,13650,13800,13450,30594
425,2019-09-06,13750,50,13900,14000,13450,34872
424,2019-09-09,13600,150,13700,13950,13350,46867
423,2019-09-10,13050,550,13450,13550,12900,66781
422,2019-09-11,13250,200,13100,13250,12950,13306
421,2019-09-16,13200,50,13250,13350,13000,21356
418,2019-09-17,13200,0,13200,13200,12950,24518
417,2019-09-18,14100,900,13300,14100,13100,102701
416,2019-09-19,13900,200,14050,14100,13700,54924
415,2019-09-20,13750,150,13800,14000,13600,36184
414,2019-09-23,13800,50,13700,13800,13500,20129
410,2019-09-24,13750,50,13600,13800,13550,14545
409,2019-09-25,13650,100,13600,13750,13500,18684
408,2019-09-26,13450,200,13700,13800,13250,35289
407,2019-09-27,14200,750,13450,14250,13250,59858
406,2019-09-30,13800,400,14200,14250,13600,63329
403,2019-10-01,13700,100,13700,13950,13600,24830
402,2019-10-02,13500,200,13650,13650,13300,36359
401,2019-10-04,13600,100,13500,13800,13300,25779
400,2019-10-07,13650,50,13800,13800,13450,7628
399,2019-10-08,13650,0,13600,13700,13400,31210
395,2019-10-10,13650,0,13750,13750,13400,23228
394,2019-10-11,13500,150,13700,13700,13400,25169
393,2019-10-14,13550,50,13450,13600,13350,27606
392,2019-10-15,13400,150,13550,13650,13050,89147
391,2019-10-16,12900,500,13450,13500,12900,94597
388,2019-10-17,13050,150,12950,13300,12900,33769
387,2019-10-18,13200,150,13100,13200,12950,30966
386,2019-10-21,13300,100,13200,13300,12950,28469
385,2019-10-22,13350,50,13300,13400,13150,18860
384,2019-10-23,13400,50,13350,13450,13000,35181
380,2019-10-24,13750,350,13350,13950,13200,43717
379,2019-10-25,13600,150,13750,13850,13450,25902
378,2019-10-28,13750,150,13600,13950,13550,38083
377,2019-10-29,13700,50,13900,13900,13350,41198
376,2019-10-30,13800,100,13700,13900,13550,45901
373,2019-10-31,14650,850,13900,14650,13550,113575
372,2019-11-01,15000,350,14550,15300,14550,103375
371,2019-11-04,14600,400,14950,15200,14050,95462
370,2019-11-05,14800,200,14450,14800,14250,27004
369,2019-11-06,14450,350,14700,14850,14450,23866
365,2019-11-07,14350,100,14400,14450,13950,52658
364,2019-11-08,14400,50,14250,14400,14100,19344
363,2019-11-11,14550,150,14400,14550,14000,37258
362,2019-11-12,14500,50,14600,14600,14300,13642
361,2019-11-13,14400,100,14550,14550,14200,15797
358,2019-11-14,14600,200,14400,14700,14250,22225
357,2019-11-15,15000,400,14700,15000,14450,43588
356,2019-11-18,15100,100,15000,15150,14650,30496
355,2019-11-19,15250,150,15050,15400,14600,66255
354,2019-11-20,15200,50,15250,15450,15050,33626
350,2019-11-21,14850,350,15050,15200,14650,24651
349,2019-11-22,14600,250,15000,15000,14450,41711
348,2019-11-25,14750,150,14700,14950,14450,41513
347,2019-11-26,14750,0,14800,14950,14650,28954
346,2019-11-27,14950,200,14800,14950,14600,28656
343,2019-11-28,15050,100,14950,15050,14850,13544
342,2019-11-29,14700,350,14950,15050,14600,29331
341,2019-12-02,14300,400,14700,14750,14200,56375
340,2019-12-03,14100,200,14000,14150,13950,35620
339,2019-12-04,13950,150,13950,14100,13800,7603
335,2019-12-05,14500,550,14250,14500,14000,58487
334,2019-12-06,15000,500,14550,15050,14250,104865
333,2019-12-09,14800,200,14950,15000,14600,38167
332,2019-12-10,15350,550,14850,15550,14800,93418
331,2019-12-11,15300,50,15350,15600,15150,47914
328,2019-12-12,15150,150,15300,15400,15100,34112
327,2019-12-13,15250,100,15200,15400,15050,31285
326,2019-12-16,15200,50,15300,15350,15050,28798
325,2019-12-17,15450,250,15300,15550,15050,64274
324,2019-12-18,15300,150,15300,15500,15150,42643
320,2019-12-19,15050,250,15300,15350,15050,45141
319,2019-12-20,15550,500,15200,15600,15050,53325
318,2019-12-23,15400,150,15550,15650,15250,35837
317,2019-12-24,14900,500,15400,15450,14900,64635
316,2019-12-26,16400,1500,15500,17200,15500,632778
313,2019-12-27,18300,1900,16300,19900,16150,1227333
312,2019-12-30,19450,1150,18300,20050,18250,588081
311,2020-01-02,20000,550,19150,20000,18500,245935
310,2020-01-03,18550,1450,19600,19700,18450,305755
309,2020-01-06,18000,550,18300,18750,17950,148517
305,2020-01-07,18750,750,18000,18950,17800,161907
304,2020-01-08,18100,650,18700,18800,17750,115824
303,2020-01-09,19450,1350,18600,20400,18550,469834
302,2020-01-10,20100,650,20000,20200,18850,191358
301,2020-01-13,20250,150,20350,20900,19650,194275
298,2020-01-14,19700,550,20250,20550,19550,127164
297,2020-01-15,20400,700,19900,21500,19850,300308
296,2020-01-16,20550,150,20250,20650,19750,66622
295,2020-01-17,20300,250,20550,20600,19850,125825
294,2020-01-20,20300,0,20200,20600,20000,90582
290,2020-01-21,21200,900,20300,21300,19800,139797
289,2020-01-22,21350,150,21100,21650,21050,113207
288,2020-01-23,23700,2350,21650,23800,21450,546344
287,2020-01-28,22300,1400,22750,23150,22050,173457
286,2020-01-29,23200,900,22650,23850,22400,112994
283,2020-01-30,24550,1350,23200,26000,23000,397553
282,2020-01-31,22750,1800,24600,24850,22500,152022
281,2020-02-03,22850,100,22800,23200,22050,131090
280,2020-02-04,23600,750,23000,24000,22600,166106
279,2020-02-05,22800,800,23600,23700,22100,133864
275,2020-02-06,22500,300,22950,22950,22100,100009
274,2020-02-07,23100,600,22500,23200,22150,131108
273,2020-02-10,23350,250,23100,23350,22500,43193
272,2020-02-11,22500,850,23150,23150,22100,131356
271,2020-02-12,23050,550,23050,23950,22350,223178
268,2020-02-13,23100,50,23050,23200,22350,84998
267,2020-02-14,23950,850,23200,24400,22800,204311
266,2020-02-17,24600,650,23950,24800,23800,107785
265,2020-02-18,23400,1200,24700,25450,23100,117327
264,2020-02-19,23550,150,23550,24250,22600,134638
260,2020-02-20,23850,300,23600,24350,23550,63156
259,2020-02-21,24600,750,23600,24900,23500,118069
258,2020-02-24,23550,1050,24350,24450,23150,93908
257,2020-02-25,25000,1450,23000,26100,23000,324761
256,2020-02-26,24800,200,24500,25550,24200,112800
253,2020-02-27,23900,900,24700,24850,23150,145316
252,2020-02-28,22500,1400,23250,23700,22000,120380
251,2020-03-02,23200,700,22300,23200,22050,67648
250,2020-03-03,23100,100,23400,24150,23050,93091
249,2020-03-04,23200,100,22700,23850,22650,141106
245,2020-03-05,22300,900,23400,23500,21400,216159
244,2020-03-06,21900,400,22300,22300,20800,147935
243,2020-03-09,21500,400,21600,21800,20500,136640
242,2020-03-10,21200,300,21050,21500,20650,144520
241,2020-03-11,20350,850,21200,21200,20000,156516
238,2020-03-12,19900,450,20200,20900,19450,133625
237,2020-03-13,19100,800,18450,19900,16850,199386
236,2020-03-16,17400,1700,19050,19400,17400,131015
235,2020-03-17,18000,600,16350,18000,16250,137745
234,2020-03-18,16950,1050,18300,18300,16900,91172
230,2020-03-19,14800,2150,17100,17600,13450,318581
229,2020-03-20,16350,1550,15600,16400,14800,165992
228,2020-03-23,15600,750,14900,16200,14150,123578
227,2020-03-24,18050,2450,16200,18450,15650,202382
226,2020-03-25,17750,300,18450,19000,17000,148623
223,2020-03-26,16950,800,17750,17950,16800,223991
222,2020-03-27,17050,100,17500,18300,16100,280844
221,2020-03-30,17700,650,16200,17700,16150,146785
220,2020-03-31,19600,1900,17750,20050,17500,447875
219,2020-04-01,19100,500,20200,20350,18500,283165
215,2020-04-02,20450,1350,19250,20700,18550,194420
214,2020-04-03,21150,700,20500,21350,19700,200451
213,2020-04-06,21300,150,21200,21800,20800,160416
212,2020-04-07,21200,100,21400,21550,20450,150142
211,2020-04-08,20550,650,21000,21150,20350,126182
208,2020-04-09,20200,350,20650,20950,19850,146745
207,2020-04-10,20300,100,20350,20350,19150,135679
206,2020-04-13,20300,0,20300,21100,19750,190721
205,2020-04-14,22500,2200,20700,22750,20550,390623
204,2020-04-16,22650,150,22200,22800,21850,162520
200,2020-04-17,22250,400,22550,22700,21800,154480
199,2020-04-20,21700,550,22400,23500,21600,232581
198,2020-04-21,21850,150,21600,22350,20400,182617
197,2020-04-22,22300,450,21750,22300,21100,99683
196,2020-04-23,23300,1000,22750,23350,22150,260968
193,2020-04-24,22750,550,23200,23750,22350,166078
192,2020-04-27,22650,100,22950,23100,22350,104516
191,2020-04-28,22150,500,22550,22650,21750,116934
190,2020-04-29,23000,850,22150,23250,21650,237685
189,2020-05-04,23200,200,22850,23300,22350,155545
185,2020-05-06,27250,4050,23350,28450,23300,1050171
184,2020-05-07,26300,950,27250,27400,25750,327430
183,2020-05-08,26700,400,26300,26700,25900,188615
182,2020-05-11,27450,750,26600,28150,26100,246668
181,2020-05-12,28300,850,27500,28300,27400,177032
178,2020-05-13,28300,0,28150,28450,27700,94571
177,2020-05-14,28500,200,28300,29450,27550,176727
176,2020-05-15,27050,1450,27700,27950,25450,478841
175,2020-05-18,26550,500,27050,27500,26500,159613
174,2020-05-19,26450,100,26600,26850,25500,152742
170,2020-05-20,26350,100,26350,26750,26200,82443
169,2020-05-21,27250,900,26600,27600,26300,176597
168,2020-05-22,27000,250,27250,27500,26050,113761
167,2020-05-25,27850,850,27050,28100,26650,151527
166,2020-05-26,27850,0,28500,28900,27800,202847
163,2020-05-27,27000,850,27850,28500,26750,155859
162,2020-05-28,26550,450,27300,27450,26100,198900
161,2020-05-29,25550,1000,26550,26650,25300,145366
160,2020-06-01,26800,1250,25800,26900,25650,112712
159,2020-06-02,28500,1700,27050,29250,26700,505379
155,2020-06-03,26600,1900,28600,28600,26400,294771
154,2020-06-04,26600,0,26900,26900,26000,126198
153,2020-06-05,26250,350,26600,26650,25750,113397
152,2020-06-08,25700,550,26300,26300,25350,136026
151,2020-06-09,26150,450,25700,26350,25550,98436
148,2020-06-10,26650,500,26250,26650,25800,133694
147,2020-06-11,27000,350,26800,27200,26250,152625
146,2020-06-12,26400,600,25850,26750,25350,104794
145,2020-06-15,25850,550,26150,28450,25300,463596
144,2020-06-16,26550,700,25850,27300,25850,163208
140,2020-06-17,26700,150,26950,27100,25800,108263
139,2020-06-18,26550,150,26700,26850,26150,67295
138,2020-06-19,26050,500,26450,26650,25900,57334
137,2020-06-22,26250,200,26050,26450,25750,64407
136,2020-06-23,29000,2750,26500,29650,26200,696273
133,2020-06-24,29250,250,28650,30050,28000,365824
132,2020-06-25,29800,550,29300,30450,29000,377863
131,2020-06-26,30000,200,30650,30650,28850,199149
130,2020-06-29,29350,650,29900,31350,28800,313916
129,2020-06-30,29300,50,29950,29950,29000,118106
125,2020-07-01,29250,50,29350,29750,28700,103653
124,2020-07-02,31200,1950,29050,31450,28850,198390
123,2020-07-03,31550,350,31900,32200,30600,147487
122,2020-07-06,32000,450,31550,33000,31400,151692
121,2020-07-07,32500,500,32000,32900,31650,91770
118,2020-07-08,33450,950,32800,33500,31550,110365
117,2020-07-09,35000,1550,33800,35800,33800,170127
116,2020-07-10,34100,900,35100,35350,33600,126804
115,2020-07-13,33600,500,34450,34450,32600,127114
114,2020-07-14,33600,0,33200,33900,32400,113756
110,2020-07-15,32850,750,33950,33950,32500,116207
109,2020-07-16,32750,100,32950,33200,32000,82839
108,2020-07-17,35700,2950,32550,37800,32500,293649
107,2020-07-20,33400,2300,35750,36000,33200,167827
106,2020-07-21,32950,450,33400,34200,32550,172777
103,2020-07-22,33500,550,33100,35000,31400,269181
102,2020-07-23,33400,100,33200,34200,32800,114589
101,2020-07-24,33800,400,33300,35250,32800,200613
100,2020-07-27,34700,900,34050,35100,33900,102438
99,2020-07-28,35500,800,35150,35550,34400,105910
95,2020-07-29,36150,650,35800,36150,34600,95020
94,2020-07-30,36550,400,36400,38400,35800,226971
93,2020-07-31,36500,50,36950,37400,36150,66905
92,2020-08-03,38150,1650,38100,38950,36800,174290
91,2020-08-04,37600,550,38200,38500,37150,97046
88,2020-08-05,37500,100,37600,37850,36950,70070
87,2020-08-06,36500,1000,38200,38200,36450,97221
86,2020-08-07,36250,250,36700,37450,36150,65200
85,2020-08-10,37100,850,36300,38550,36300,165638
84,2020-08-11,37100,0,37700,37700,36850,78291
80,2020-08-12,36150,950,37300,37750,35700,108169
79,2020-08-13,36050,100,36200,37300,34450,241979
78,2020-08-14,35150,900,37100,37100,34550,147884
77,2020-08-18,34700,450,35700,36450,33500,134085
76,2020-08-19,35300,600,34700,35750,34200,78719
73,2020-08-20,36150,850,36400,38500,35100,388406
72,2020-08-21,35750,400,36300,36550,34400,133150
71,2020-08-24,36050,300,35750,36200,35100,67334
70,2020-08-25,41600,5550,36150,43250,35850,755507
69,2020-08-26,40550,1050,41100,41450,39050,318567
65,2020-08-27,42800,2250,40200,44550,40150,476924
64,2020-08-28,40850,1950,46500,46550,40750,640245
63,2020-08-31,41750,900,40850,43000,40250,225369
62,2020-09-01,40650,1100,41250,41550,40150,126350
61,2020-09-02,41050,400,40650,41350,39800,91357
58,2020-09-03,40650,400,41050,41250,40000,106069
57,2020-09-04,41250,600,39200,41400,39150,127904
56,2020-09-07,41650,400,41000,41650,40350,90791
55,2020-09-08,42300,650,42250,43300,41250,147062
54,2020-09-09,41000,1300,41450,41950,40800,80371
50,2020-09-10,43400,2400,41550,43850,40700,157939
49,2020-09-11,43800,400,43400,44300,42550,104458
48,2020-09-14,42800,1000,44050,44050,42400,106324
47,2020-09-15,41750,1050,42800,42800,41150,108543
46,2020-09-16,41800,50,41900,42000,40600,118287
43,2020-09-17,40300,1500,41750,41800,40100,98398
42,2020-09-18,40200,100,40450,40700,40050,38713
41,2020-09-21,37950,2250,40200,40600,37500,154230
40,2020-09-22,36700,1250,38000,38650,36000,103309
39,2020-09-23,37200,500,37200,38450,35500,187298
35,2020-09-24,35200,2000,35800,36650,34250,137875
34,2020-09-25,36400,1200,35150,36400,34000,89003
33,2020-09-28,36400,0,36400,36750,35900,71409
32,2020-09-29,35850,550,36450,36550,35850,56292
31,2020-10-05,36000,150,35550,36900,35550,84981
28,2020-10-06,35900,100,36200,36450,35700,40863
27,2020-10-07,34750,1150,35850,35950,34750,90117
26,2020-10-08,34100,650,35050,35200,33800,107695
25,2020-10-12,34800,700,34200,35300,32700,148753
24,2020-10-13,35600,800,34550,35600,34150,81891
20,2020-10-14,36300,700,35650,36500,34950,111279
19,2020-10-15,35500,800,36400,36550,34700,89595
18,2020-10-16,34450,1050,35250,35900,33500,65238
17,2020-10-19,33250,1200,34050,34400,32450,89580
16,2020-10-20,33400,150,32700,33700,32050,72618
13,2020-10-21,32900,500,33400,33400,32350,40190
12,2020-10-22,32900,0,32300,34200,29550,395148
11,2020-10-23,32050,850,33500,33600,31600,48121
10,2020-10-26,28850,3200,31600,31850,28800,112811
9,2020-10-27,29400,550,28350,29600,27600,136326
5,2020-10-28,30200,800,28950,30200,28250,85928
4,2020-10-29,30200,0,29700,30650,28950,66183
3,2020-10-30,29700,500,30350,30600,29200,108651
2,2020-11-02,32050,2350,30000,32750,29100,126395
1,2020-11-03,32400,350,32000,32600,31000,96802
