,date,close,diff,open,high,low,volume
448,2019-08-16,3780,50,3730,3850,3680,139068
447,2019-08-19,3930,150,3780,3980,3780,55785
446,2019-08-20,3950,20,3880,3950,3880,11746
445,2019-08-21,3950,0,3905,3950,3870,9777
444,2019-08-22,3915,35,3950,3950,3880,8764
440,2019-08-23,3900,15,3930,3950,3855,17967
439,2019-08-26,3860,40,3860,3895,3780,16186
438,2019-08-27,3860,0,3875,3880,3805,12144
437,2019-08-28,3865,5,3860,3870,3805,2534
436,2019-08-29,3865,0,3940,3970,3865,21814
433,2019-08-30,3865,0,3865,3920,3845,32365
432,2019-09-02,3865,0,3865,3875,3840,11613
431,2019-09-03,3870,5,3865,3875,3800,8620
430,2019-09-04,3870,0,3870,3870,3830,2049
429,2019-09-05,3855,15,3900,3900,3850,5374
425,2019-09-06,3885,30,3900,3900,3850,3484
424,2019-09-09,3770,115,3875,3895,3725,80927
423,2019-09-10,3810,40,3795,3820,3780,1998
422,2019-09-11,3810,0,3810,3820,3800,5602
421,2019-09-16,3830,20,3790,3830,3770,9111
418,2019-09-17,3820,10,3830,3850,3795,6686
417,2019-09-18,3840,20,3800,3840,3800,2821
416,2019-09-19,3840,0,3840,3840,3810,1537
415,2019-09-20,3845,5,3810,3860,3805,9528
414,2019-09-23,3840,5,3840,3840,3830,1992
410,2019-09-24,3780,60,3855,3855,3730,28302
409,2019-09-25,3730,50,3755,3780,3685,58075
408,2019-09-26,3710,20,3740,3755,3705,15726
407,2019-09-27,3700,10,3665,3780,3665,10072
406,2019-09-30,3715,15,3730,3730,3665,20389
403,2019-10-01,3725,10,3720,3725,3680,16380
402,2019-10-02,3730,5,3725,3730,3700,5507
401,2019-10-04,3735,5,3735,3750,3705,1346
400,2019-10-07,3720,15,3730,3740,3705,5468
399,2019-10-08,3720,0,3720,3725,3670,11683
395,2019-10-10,3700,20,3770,3770,3690,5884
394,2019-10-11,3695,5,3675,3710,3675,5106
393,2019-10-14,3690,5,3685,3705,3670,9637
392,2019-10-15,3690,0,3700,3700,3670,3917
391,2019-10-16,3690,0,3680,3720,3665,5698
388,2019-10-17,3680,10,3680,3730,3670,7894
387,2019-10-18,3725,45,3675,3800,3665,12392
386,2019-10-21,3680,45,3720,3725,3680,4821
385,2019-10-22,3695,15,3665,3700,3665,9525
384,2019-10-23,3680,15,3695,3695,3665,17197
380,2019-10-24,3695,15,3670,3730,3655,22447
379,2019-10-25,3695,0,3665,3695,3645,12189
378,2019-10-28,3700,5,3655,3710,3645,3780
377,2019-10-29,3710,10,3675,3800,3670,10670
376,2019-10-30,3690,20,3710,3710,3670,7009
373,2019-10-31,3705,15,3690,3725,3685,12970
372,2019-11-01,3715,10,3705,3730,3680,5718
371,2019-11-04,3695,20,3715,3730,3675,6442
370,2019-11-05,3700,5,3695,3710,3685,6464
369,2019-11-06,3700,0,3705,3715,3655,15290
365,2019-11-07,3680,20,3695,3720,3680,12888
364,2019-11-08,3680,0,3675,3720,3670,12080
363,2019-11-11,3680,0,3705,3705,3670,8158
362,2019-11-12,3700,20,3665,3725,3665,15875
361,2019-11-13,3675,25,3700,3705,3675,13781
358,2019-11-14,3690,15,3680,3705,3665,7741
357,2019-11-15,3700,10,3690,3705,3670,6622
356,2019-11-18,3720,20,3700,3720,3695,14421
355,2019-11-19,3715,5,3720,3725,3675,6809
354,2019-11-20,3680,35,3705,3715,3650,13924
350,2019-11-21,3680,0,3680,3695,3655,7753
349,2019-11-22,3700,20,3705,3705,3640,18410
348,2019-11-25,3680,20,3700,3715,3680,2341
347,2019-11-26,3690,10,3710,3715,3675,1013
346,2019-11-27,3695,5,3675,3700,3675,1494
343,2019-11-28,3695,0,3675,3705,3665,6169
342,2019-11-29,3695,0,3695,3700,3665,6702
341,2019-12-02,3690,5,3695,3695,3665,7172
340,2019-12-03,3690,0,3710,3710,3655,12658
339,2019-12-04,3685,5,3690,3690,3660,4890
335,2019-12-05,3650,35,3665,3715,3630,42711
334,2019-12-06,3685,35,3640,3685,3635,5841
333,2019-12-09,3650,35,3685,3685,3645,2864
332,2019-12-10,3675,25,3680,3680,3650,2863
331,2019-12-11,3695,20,3650,3720,3650,3604
328,2019-12-12,3700,5,3690,3730,3665,7852
327,2019-12-13,3710,10,3675,3730,3675,2151
326,2019-12-16,3695,15,3710,3710,3665,4928
325,2019-12-17,3655,40,3695,3700,3655,8019
324,2019-12-18,3690,35,3655,3690,3640,9223
320,2019-12-19,3670,20,3690,3690,3670,2785
319,2019-12-20,3705,35,3650,3705,3650,10672
318,2019-12-23,3710,5,3690,3710,3690,3193
317,2019-12-24,3720,10,3710,3725,3695,15706
316,2019-12-26,3765,45,3715,3765,3695,39309
313,2019-12-27,3685,80,3730,3750,3685,7557
312,2019-12-30,3740,55,3685,3740,3630,7719
311,2020-01-02,3665,75,3730,3740,3650,23622
310,2020-01-03,3670,5,3670,3700,3650,11287
309,2020-01-06,3670,0,3700,3700,3640,6844
305,2020-01-07,3675,5,3670,3685,3650,5828
304,2020-01-08,3655,20,3675,3675,3640,11828
303,2020-01-09,3655,0,3660,3700,3630,13488
302,2020-01-10,3665,10,3670,3690,3650,4326
301,2020-01-13,3675,10,3665,3685,3650,2343
298,2020-01-14,3670,5,3660,3700,3655,11274
297,2020-01-15,3655,15,3670,3690,3650,9327
296,2020-01-16,3690,35,3700,3700,3655,6954
295,2020-01-17,3690,0,3690,3690,3630,8327
294,2020-01-20,3680,10,3690,3690,3660,7338
290,2020-01-21,3665,15,3620,3680,3620,20008
289,2020-01-22,3655,10,3685,3690,3630,6488
288,2020-01-23,3650,5,3655,3680,3635,21687
287,2020-01-28,3535,115,3580,3650,3535,47566
286,2020-01-29,3550,15,3560,3615,3535,47720
283,2020-01-30,3530,20,3570,3595,3525,25557
282,2020-01-31,3560,30,3540,3570,3530,23906
281,2020-02-03,3565,5,3530,3565,3510,7469
280,2020-02-04,3590,25,3535,3590,3525,18415
279,2020-02-05,3580,10,3615,3650,3540,16076
275,2020-02-06,3565,15,3610,3610,3515,39255
274,2020-02-07,3580,15,3565,3585,3555,22475
273,2020-02-10,3590,10,3540,3620,3535,16510
272,2020-02-11,3625,35,3590,3660,3575,14729
271,2020-02-12,3615,10,3625,3645,3585,5682
268,2020-02-13,3605,10,3615,3645,3590,13512
267,2020-02-14,3610,5,3605,3645,3600,5242
266,2020-02-17,3600,10,3610,3640,3550,32445
265,2020-02-18,3600,0,3600,3630,3585,7286
264,2020-02-19,3600,0,3600,3620,3575,12076
260,2020-02-20,3575,25,3600,3625,3565,15262
259,2020-02-21,3575,0,3600,3610,3555,13293
258,2020-02-24,3565,10,3575,3585,3510,14369
257,2020-02-25,3530,35,3565,3625,3515,36136
256,2020-02-26,3535,5,3530,3605,3515,21935
253,2020-02-27,3535,0,3550,3605,3490,28112
252,2020-02-28,3495,40,3535,3535,3340,69214
251,2020-03-02,3445,50,3555,3555,3395,22261
250,2020-03-03,3455,10,3550,3550,3415,27585
249,2020-03-04,3490,35,3495,3495,3400,22421
245,2020-03-05,3495,5,3540,3540,3470,17731
244,2020-03-06,3495,0,3535,3535,3470,10776
243,2020-03-09,3360,135,3525,3530,3360,17622
242,2020-03-10,3420,60,3340,3425,3190,65929
241,2020-03-11,3310,110,3420,3425,3310,39165
238,2020-03-12,3300,10,3415,3440,3200,32578
237,2020-03-13,3150,150,2850,3300,2850,63338
236,2020-03-16,3070,80,3160,3160,3070,32103
235,2020-03-17,2995,75,2855,3070,2855,15764
234,2020-03-18,2810,185,3040,3200,2810,37103
230,2020-03-19,2590,220,2865,2985,2325,72499
229,2020-03-20,2730,140,2350,2730,2350,81931
228,2020-03-23,2655,75,2490,2850,2490,105785
227,2020-03-24,2720,65,2630,2880,2630,84833
226,2020-03-25,2830,110,2795,2980,2775,41939
223,2020-03-26,2845,15,2850,2900,2820,21122
222,2020-03-27,2730,115,2875,2950,2730,58752
221,2020-03-30,2765,35,2730,2840,2705,37922
220,2020-03-31,2830,65,2775,2900,2765,19367
219,2020-04-01,2825,5,2825,2925,2750,26514
215,2020-04-02,2800,25,2800,2835,2760,22307
214,2020-04-03,2745,55,2800,2880,2730,42836
213,2020-04-06,2760,15,2785,2795,2735,47986
212,2020-04-07,3085,325,2800,3085,2760,99742
211,2020-04-08,3070,15,3070,3095,2980,38761
208,2020-04-09,3010,60,3080,3080,2990,34871
207,2020-04-10,2965,45,3065,3110,2910,28384
206,2020-04-13,2900,65,3060,3060,2885,19328
205,2020-04-14,2900,0,2925,2925,2855,35548
204,2020-04-16,2930,30,2895,2930,2880,11255
200,2020-04-17,3025,95,2990,3100,2940,31541
199,2020-04-20,3025,0,3025,3070,2990,31674
198,2020-04-21,2975,50,3025,3025,2910,21189
197,2020-04-22,2970,5,2975,2975,2930,11105
196,2020-04-23,3000,30,3025,3025,2970,21151
193,2020-04-24,2935,65,3020,3020,2935,14399
192,2020-04-27,3010,75,2950,3010,2930,13806
191,2020-04-28,2995,15,3045,3045,2990,5878
190,2020-04-29,3010,15,3040,3040,2985,2291
189,2020-05-04,3035,25,3010,3045,3005,7907
185,2020-05-06,3095,60,3040,3100,3035,13505
184,2020-05-07,3100,5,3125,3125,3075,10626
183,2020-05-08,3090,10,3120,3140,3080,18566
182,2020-05-11,3090,0,3090,3140,3085,19801
181,2020-05-12,3050,40,3120,3120,3010,18444
178,2020-05-13,3055,5,3080,3080,3010,4918
177,2020-05-14,2990,65,3090,3090,2980,22718
176,2020-05-15,2990,0,3080,3080,2975,9269
175,2020-05-18,3015,25,3000,3125,2980,9122
174,2020-05-19,3065,50,3060,3070,2955,16509
170,2020-05-20,3140,75,3100,3140,3030,40367
169,2020-05-21,3695,555,3160,4030,3155,4164249
168,2020-05-22,3685,10,3730,3765,3590,455855
167,2020-05-25,3770,85,3675,3840,3600,349572
166,2020-05-26,3850,80,3770,3865,3685,313934
163,2020-05-27,3840,10,3805,3870,3725,294323
162,2020-05-28,3695,145,3870,3870,3610,187065
161,2020-05-29,3690,5,3620,3750,3600,118992
160,2020-06-01,3745,55,3705,3795,3660,119775
159,2020-06-02,3735,10,3710,3840,3600,157515
155,2020-06-03,3650,85,3735,3830,3615,118071
154,2020-06-04,3650,0,3700,3755,3600,94381
153,2020-06-05,3715,65,3645,3830,3550,146602
152,2020-06-08,3670,45,3715,3750,3620,76828
151,2020-06-09,3695,25,3670,3710,3635,44513
148,2020-06-10,3655,40,3735,3740,3600,87008
147,2020-06-11,3595,60,3650,3650,3545,80258
146,2020-06-12,3500,95,3345,3525,3340,53531
145,2020-06-15,3250,250,3410,3480,3235,47572
144,2020-06-16,3350,100,3320,3410,3265,44089
140,2020-06-17,3345,5,3310,3465,3280,47089
139,2020-06-18,3370,25,3435,3435,3285,17919
138,2020-06-19,3340,30,3375,3445,3265,44382
137,2020-06-22,3455,115,3380,3460,3305,20404
136,2020-06-23,3445,10,3415,3505,3355,32039
133,2020-06-24,3440,5,3460,3500,3350,42121
132,2020-06-25,3295,145,3440,3440,3270,28592
131,2020-06-26,3280,15,3295,3420,3220,26718
130,2020-06-29,3265,15,3290,3375,3180,32011
129,2020-06-30,3245,20,3260,3305,3230,21051
125,2020-07-01,3245,0,3260,3280,3200,27096
124,2020-07-02,3300,55,3280,3300,3215,20894
123,2020-07-03,3110,190,3345,3345,3100,119558
122,2020-07-06,3210,100,3140,3245,3135,23733
121,2020-07-07,3230,20,3220,3240,3165,27524
118,2020-07-08,3290,60,3235,3290,3185,25264
117,2020-07-09,3290,0,3290,3320,3220,55486
116,2020-07-10,3190,100,3260,3320,3105,102848
115,2020-07-13,3180,10,3270,3270,3130,44741
114,2020-07-14,3155,25,3185,3245,3140,68207
110,2020-07-15,3150,5,3160,3235,3135,62169
109,2020-07-16,3240,90,3225,3310,3150,47834
108,2020-07-17,3240,0,3235,3285,3190,29053
107,2020-07-20,3250,10,3270,3270,3210,8656
106,2020-07-21,3230,20,3230,3310,3205,21797
103,2020-07-22,3230,0,3205,3260,3190,36624
102,2020-07-23,3190,40,3245,3245,3175,25784
101,2020-07-24,3255,65,3190,3260,3170,48518
100,2020-07-27,3205,50,3210,3300,3205,21570
99,2020-07-28,3220,15,3210,3235,3195,35200
95,2020-07-29,3245,25,3220,3290,3185,34827
94,2020-07-30,3270,25,3340,3340,3230,22901
93,2020-07-31,3320,50,3260,3355,3245,35961
92,2020-08-03,3270,50,3360,3360,3230,26259
91,2020-08-04,3245,25,3290,3290,3220,29470
88,2020-08-05,3245,0,3250,3265,3215,21777
87,2020-08-06,3245,0,3250,3265,3215,29523
86,2020-08-07,3220,25,3245,3270,3215,34004
85,2020-08-10,3260,40,3230,3285,3215,32718
84,2020-08-11,3265,5,3270,3295,3240,55232
80,2020-08-12,3230,35,3250,3295,3215,25706
79,2020-08-13,3245,15,3290,3290,3215,27345
78,2020-08-14,3205,40,3230,3245,3200,42197
77,2020-08-18,3160,45,3205,3265,3140,51161
76,2020-08-19,3210,50,3170,3220,3150,20694
73,2020-08-20,3170,40,3160,3210,3110,35718
72,2020-08-21,3130,40,3160,3215,3090,15388
71,2020-08-24,3150,20,3115,3245,3115,24370
70,2020-08-25,3185,35,3170,3235,3155,8183
69,2020-08-26,3205,20,3185,3235,3120,13163
65,2020-08-27,3205,0,3165,3215,3130,34314
64,2020-08-28,3160,45,3170,3225,3160,23596
63,2020-08-31,3145,15,3165,3220,3145,18234
62,2020-09-01,3165,20,3145,3200,3135,21416
61,2020-09-02,3160,5,3195,3205,3150,12441
58,2020-09-03,3150,10,3200,3200,3150,27992
57,2020-09-04,3190,40,3100,3220,3080,34824
56,2020-09-07,3210,20,3220,3220,3170,29471
55,2020-09-08,3195,15,3210,3280,3175,73410
54,2020-09-09,3225,30,3160,3230,3160,17804
50,2020-09-10,3240,15,3225,3250,3215,35471
49,2020-09-11,3320,80,3245,3360,3240,63396
48,2020-09-14,3420,100,3320,3485,3285,93348
47,2020-09-15,3460,40,3425,3510,3390,88750
46,2020-09-16,3430,30,3460,3460,3395,39155
43,2020-09-17,3355,75,3430,3455,3305,19238
42,2020-09-18,3490,135,3355,3495,3315,110355
41,2020-09-21,3560,70,3475,3610,3415,170598
40,2020-09-22,3425,135,3555,3585,3400,72059
39,2020-09-23,3505,80,3430,3520,3340,41206
35,2020-09-24,3505,0,3505,3510,3340,202300
34,2020-09-25,3430,75,3475,3570,3415,59925
33,2020-09-28,3500,70,3420,3525,3365,62018
32,2020-09-29,3480,20,3500,3500,3440,345630
31,2020-10-05,3500,20,3535,3550,3435,200803
28,2020-10-06,3420,80,3500,3525,3420,63040
27,2020-10-07,3470,50,3410,3525,3390,57005
26,2020-10-08,3470,0,3455,3530,3440,27781
25,2020-10-12,3450,20,3470,3480,3425,25275
24,2020-10-13,3480,30,3485,3495,3435,16290
20,2020-10-14,3620,140,3485,3650,3475,198856
19,2020-10-15,3640,20,3650,3665,3530,190081
18,2020-10-16,3565,75,3615,3650,3520,92584
17,2020-10-19,3495,70,3565,3605,3495,44574
16,2020-10-20,3390,105,3495,3495,3375,55140
13,2020-10-21,3440,50,3390,3460,3365,25408
12,2020-10-22,3375,65,3430,3480,3375,22024
11,2020-10-23,3355,20,3375,3430,3355,23381
10,2020-10-26,3360,5,3375,3395,3340,13517
9,2020-10-27,3360,0,3350,3395,3330,17975
5,2020-10-28,3490,130,3335,3560,3335,44909
4,2020-10-29,3490,0,3485,3490,3420,24543
3,2020-10-30,3450,40,3455,3465,3415,5825
2,2020-11-02,3410,40,3445,3505,3395,10566
1,2020-11-03,3360,50,3420,3540,3315,49475
