,date,close,diff,open,high,low,volume
448,2019-08-16,8010,260,8120,8250,7960,873760
447,2019-08-19,7700,310,8160,8170,7610,522046
446,2019-08-20,7240,460,7530,7590,7100,664707
445,2019-08-21,7150,90,7340,7550,7100,520945
444,2019-08-22,6720,430,7150,7220,6670,731124
440,2019-08-23,6980,260,6970,7110,6770,835930
439,2019-08-26,7330,350,6800,7580,6660,1815269
438,2019-08-27,7460,130,7330,7480,7160,529015
437,2019-08-28,7290,170,7460,7690,7260,634390
436,2019-08-29,6800,490,7300,7380,6800,572021
433,2019-08-30,6380,420,6650,6700,6330,667345
432,2019-09-02,6510,130,6490,6680,6450,344737
431,2019-09-03,6450,60,6530,6610,6310,255987
430,2019-09-04,7240,790,6890,7650,6880,2710809
429,2019-09-05,7290,50,7240,7380,6960,724344
425,2019-09-06,7080,210,7310,7340,7040,294524
424,2019-09-09,6960,120,7020,7190,6900,246428
423,2019-09-10,6860,100,7010,7070,6800,192437
422,2019-09-11,6990,130,6930,6990,6600,150110
421,2019-09-16,6780,210,7010,7040,6770,150462
418,2019-09-17,6710,70,6610,6790,6610,124968
417,2019-09-18,6720,10,6660,6750,6600,147540
416,2019-09-19,6830,110,6720,6860,6700,133136
415,2019-09-20,6860,30,6830,6900,6760,114471
414,2019-09-23,6500,360,6800,6880,6280,269234
410,2019-09-24,6520,20,6500,6550,6350,169013
409,2019-09-25,6210,310,6520,6590,6210,209459
408,2019-09-26,6420,210,6320,6530,6260,140086
407,2019-09-27,6530,110,6410,6550,6350,95530
406,2019-09-30,6310,220,6530,6570,6270,96973
403,2019-10-01,6620,310,6260,7000,6250,562766
402,2019-10-02,6920,300,6620,7070,6430,564224
401,2019-10-04,8990,2070,8360,8990,8350,5117496
400,2019-10-07,9240,250,9500,10200,9230,9785736
399,2019-10-08,9830,590,9030,11200,8590,14322662
395,2019-10-10,9840,10,9950,10350,9550,3904680
394,2019-10-11,9500,340,9730,10100,9270,2513320
393,2019-10-14,9160,340,9950,9950,9030,1718777
392,2019-10-15,9150,10,9070,9430,9000,1821914
391,2019-10-16,8950,200,9160,9200,8820,1142827
388,2019-10-17,8680,270,9000,9080,8600,933264
387,2019-10-18,8550,130,8710,8820,8490,810000
386,2019-10-21,8240,310,8500,8620,8160,794088
385,2019-10-22,8440,200,8310,8540,8150,942487
384,2019-10-23,8000,440,8440,8460,7990,693655
380,2019-10-24,8110,110,8010,8120,7810,446519
379,2019-10-25,8160,50,8110,8730,7990,2332688
378,2019-10-28,7730,430,8260,8350,7730,681033
377,2019-10-29,7680,50,7740,7820,7410,429590
376,2019-10-30,7700,20,7650,8090,7580,534322
373,2019-10-31,7850,150,7710,7950,7710,253235
372,2019-11-01,8000,150,7880,8320,7820,930693
371,2019-11-04,7630,370,8020,8060,7600,499536
370,2019-11-05,7690,60,7650,7760,7600,208163
369,2019-11-06,7690,0,7860,7930,7640,386429
365,2019-11-07,7340,350,7710,7750,7300,384503
364,2019-11-08,7310,30,7370,7450,7250,186197
363,2019-11-11,7430,120,7290,7440,7160,179227
362,2019-11-12,7750,320,7430,7780,7380,460018
361,2019-11-13,7730,20,7760,7920,7580,394967
358,2019-11-14,7830,100,7830,7880,7710,318975
357,2019-11-15,7950,120,7790,7960,7730,283701
356,2019-11-18,7600,350,7660,7750,7450,474521
355,2019-11-19,7530,70,7430,7580,7400,209411
354,2019-11-20,7270,260,7540,7700,7060,260381
350,2019-11-21,7190,80,7150,7320,7130,113986
349,2019-11-22,7450,260,7100,7770,7100,633564
348,2019-11-25,7340,110,7290,7380,7070,229304
347,2019-11-26,7530,190,7280,7620,7280,173642
346,2019-11-27,7550,20,7530,7740,7460,209524
343,2019-11-28,7510,40,7550,7720,7410,144207
342,2019-11-29,7450,60,7490,7740,7410,121388
341,2019-12-02,7540,90,7530,7620,7450,110021
340,2019-12-03,7500,40,7480,7640,7400,112271
339,2019-12-04,7630,130,7510,7640,7440,131630
335,2019-12-05,7260,370,7750,7790,7170,370196
334,2019-12-06,7380,120,7270,7400,7170,73900
333,2019-12-09,7470,90,7340,7630,7310,121484
332,2019-12-10,7480,10,7450,7590,7310,77949
331,2019-12-11,7620,140,7580,7660,7350,138719
328,2019-12-12,7690,70,7660,7850,7600,310681
327,2019-12-13,7640,50,7720,7800,7630,125393
326,2019-12-16,7700,60,7640,7790,7630,161680
325,2019-12-17,8300,600,7720,8300,7680,1295812
324,2019-12-18,8030,270,8310,8320,8000,463471
320,2019-12-19,8110,80,8100,8430,8060,929230
319,2019-12-20,8080,30,8150,8290,8010,240929
318,2019-12-23,7600,480,8040,8080,7520,484505
317,2019-12-24,7460,140,7600,7620,7410,163411
316,2019-12-26,7540,80,7420,7610,7350,136383
313,2019-12-27,7740,200,7540,7740,7440,172940
312,2019-12-30,7670,70,7800,7800,7600,157329
311,2020-01-02,7710,40,7790,7790,7590,98794
310,2020-01-03,8130,420,7830,8760,7800,3903761
309,2020-01-06,8240,110,8130,8330,7850,1043130
305,2020-01-07,8030,210,8290,8360,8030,479693
304,2020-01-08,7530,500,8030,8030,7430,595583
303,2020-01-09,7830,300,7740,7900,7650,247657
302,2020-01-10,7880,50,7830,7920,7770,196856
301,2020-01-13,7900,20,7870,7900,7730,164329
298,2020-01-14,7920,20,7850,8240,7850,620872
297,2020-01-15,7890,30,7910,8020,7820,215945
296,2020-01-16,7810,80,7890,7970,7750,157485
295,2020-01-17,7970,160,7810,8140,7810,266717
294,2020-01-20,7800,170,7970,8020,7800,209610
290,2020-01-21,7650,150,7750,7870,7610,209446
289,2020-01-22,7720,70,7620,7770,7550,136472
288,2020-01-23,7710,10,7720,7840,7670,146785
287,2020-01-28,7300,410,7400,7450,6880,263596
286,2020-01-29,7260,40,7400,7400,7150,126204
283,2020-01-30,7120,140,7260,7300,7050,156845
282,2020-01-31,6590,530,7020,7170,6590,223022
281,2020-02-03,7000,410,6410,7000,6400,266347
280,2020-02-04,7040,40,6980,7100,6860,101928
279,2020-02-05,7070,30,7120,7220,7040,112440
275,2020-02-06,7290,220,7090,7390,7060,155817
274,2020-02-07,7390,100,7290,7470,7180,112244
273,2020-02-10,7330,60,7250,7390,7210,86448
272,2020-02-11,7370,40,7400,7490,7280,125730
271,2020-02-12,7600,230,7400,7770,7290,263473
268,2020-02-13,7400,200,7650,7650,7350,138153
267,2020-02-14,7340,60,7410,7470,7290,79192
266,2020-02-17,7450,110,7300,7450,7280,92266
265,2020-02-18,7330,120,7450,7580,7330,116688
264,2020-02-19,7150,180,7330,7390,7070,162069
260,2020-02-20,7130,20,7160,7290,7040,105540
259,2020-02-21,6820,310,6970,7130,6770,165120
258,2020-02-24,6450,370,6530,6730,6430,156355
257,2020-02-25,6700,250,6210,6820,6210,107634
256,2020-02-26,6440,260,6540,6560,6390,104711
253,2020-02-27,6100,340,6500,6500,6090,158869
252,2020-02-28,5800,300,5910,6090,5710,176779
251,2020-03-02,6170,370,5740,6180,5740,112595
250,2020-03-03,6030,140,6260,6450,6030,72898
249,2020-03-04,6170,140,6000,6240,5890,95381
245,2020-03-05,6240,70,6300,6340,6200,73720
244,2020-03-06,6140,100,6180,6240,6040,64382
243,2020-03-09,5660,480,5990,6130,5660,114971
242,2020-03-10,5730,70,5490,5800,5410,163937
241,2020-03-11,5350,380,5730,5780,5320,131615
238,2020-03-12,4975,375,5250,5400,4930,174463
237,2020-03-13,4410,565,4685,4695,3900,246107
236,2020-03-16,4245,165,4275,4750,4245,156766
235,2020-03-17,4255,10,3660,4505,3660,190163
234,2020-03-18,3925,330,4165,4350,3925,153918
230,2020-03-19,2980,945,3930,4140,2910,459358
229,2020-03-20,3280,300,3005,3305,3000,310823
228,2020-03-23,3140,140,3095,3230,2950,113686
227,2020-03-24,3600,460,3235,3700,3175,210164
226,2020-03-25,3800,200,3900,3935,3705,193979
223,2020-03-26,4375,575,4120,4940,3880,619676
222,2020-03-27,4535,160,4645,4995,4395,329120
221,2020-03-30,4900,365,4495,4980,4230,296095
220,2020-03-31,4910,10,5200,5200,4855,206334
219,2020-04-01,4805,105,4910,5140,4780,256188
215,2020-04-02,4900,95,4805,5050,4700,141501
214,2020-04-03,4850,50,4925,4980,4730,129377
213,2020-04-06,5120,270,4790,5180,4790,223572
212,2020-04-07,5400,280,5300,5630,5200,363012
211,2020-04-08,5740,340,5520,5950,5400,406205
208,2020-04-09,5780,40,5760,5940,5750,180284
207,2020-04-10,5700,80,5800,5900,5500,172686
206,2020-04-13,5330,370,5860,5860,5330,162436
205,2020-04-14,5520,190,5370,5600,5370,90051
204,2020-04-16,5700,180,5520,5770,5480,148088
200,2020-04-17,5770,70,5830,5880,5670,210474
199,2020-04-20,5710,60,5900,5980,5680,120030
198,2020-04-21,5590,120,5710,5740,5210,144498
197,2020-04-22,5550,40,5450,5550,5310,100496
196,2020-04-23,5600,50,5700,5700,5470,132115
193,2020-04-24,5420,180,5600,5660,5400,122174
192,2020-04-27,5510,90,5430,5550,5330,96222
191,2020-04-28,5440,70,5590,5590,5380,80821
190,2020-04-29,5510,70,5480,5640,5420,135091
189,2020-05-04,5490,20,5530,5560,5410,96793
185,2020-05-06,5540,50,5510,5560,5450,96635
184,2020-05-07,5990,450,5600,6380,5510,875780
183,2020-05-08,6110,120,6010,6150,5910,248131
182,2020-05-11,5950,160,6180,6180,5910,172593
181,2020-05-12,5880,70,6010,6050,5760,152958
178,2020-05-13,5870,10,5800,5950,5510,146741
177,2020-05-14,5830,40,5870,6090,5770,172735
176,2020-05-15,5800,30,5940,5940,5760,98053
175,2020-05-18,5910,110,5810,6000,5760,145106
174,2020-05-19,6030,120,6040,6050,5870,163583
170,2020-05-20,6750,720,6000,7210,5950,2277375
169,2020-05-21,6670,80,6770,6940,6580,607056
168,2020-05-22,6710,40,6710,6740,6390,267101
167,2020-05-25,6770,60,6700,6880,6640,248387
166,2020-05-26,6900,130,6820,7090,6790,447860
163,2020-05-27,6720,180,7040,7040,6680,256421
162,2020-05-28,6450,270,6730,6790,6250,234044
161,2020-05-29,6330,120,6420,6500,6260,117496
160,2020-06-01,6840,510,6400,6900,6360,409048
159,2020-06-02,6820,20,6840,7280,6740,1312159
155,2020-06-03,6850,30,7000,7100,6800,368308
154,2020-06-04,7240,390,7090,7320,6930,1268753
153,2020-06-05,7930,690,7520,8680,7490,10340309
152,2020-06-08,7980,50,7950,8130,7780,1419110
151,2020-06-09,7800,180,7880,7930,7640,738961
148,2020-06-10,7520,280,7740,7740,7490,554125
147,2020-06-11,7310,210,7430,7670,7260,527333
146,2020-06-12,7150,160,7000,7160,6900,412129
145,2020-06-15,6410,740,7070,7220,6400,648426
144,2020-06-16,6580,170,6690,6710,6550,239886
140,2020-06-17,6690,110,6450,6770,6410,266565
139,2020-06-18,6850,160,6690,7030,6690,242948
138,2020-06-19,7480,630,7020,7850,6750,3561824
137,2020-06-22,7450,30,7400,7580,7140,717915
136,2020-06-23,7280,170,7470,7600,7200,439642
133,2020-06-24,7580,300,7420,7760,7390,1315718
132,2020-06-25,7730,150,7430,8000,7300,1311313
131,2020-06-26,7550,180,8000,8000,7540,688609
130,2020-06-29,7350,200,7360,7620,7300,321497
129,2020-06-30,7760,410,7630,7990,7470,1938904
125,2020-07-01,7570,190,7980,7990,7560,814966
124,2020-07-02,7660,90,7660,7660,7420,274761
123,2020-07-03,7600,60,7720,7870,7470,359673
122,2020-07-06,7480,120,7610,7700,7430,273940
121,2020-07-07,7350,130,7620,7620,7320,265581
118,2020-07-08,7520,170,7350,7520,7330,237074
117,2020-07-09,7610,90,7690,7830,7520,705654
116,2020-07-10,7490,120,7620,7780,7440,419534
115,2020-07-13,7570,80,7490,7630,7400,235766
114,2020-07-14,7470,100,7560,7570,7400,197601
110,2020-07-15,7640,170,7510,7710,7430,337426
109,2020-07-16,8200,560,7690,8240,7690,3028031
108,2020-07-17,7920,280,8050,8160,7850,840822
107,2020-07-20,7730,190,7910,7920,7610,445362
106,2020-07-21,7770,40,7710,7800,7650,316326
103,2020-07-22,7570,200,7700,7740,7520,344100
102,2020-07-23,7570,0,7570,7640,7400,330952
101,2020-07-24,7350,220,7570,7570,7330,260538
100,2020-07-27,7890,540,7460,8100,7450,1686348
99,2020-07-28,7780,110,8070,8070,7730,776755
95,2020-07-29,7790,10,7720,7850,7710,272029
94,2020-07-30,8010,220,7950,8020,7790,649147
93,2020-07-31,7830,180,7970,7990,7800,327078
92,2020-08-03,8120,290,7900,8160,7830,1131017
91,2020-08-04,7950,170,8270,8540,7950,1803574
88,2020-08-05,7940,10,8000,8060,7800,497594
87,2020-08-06,8370,430,7910,8550,7900,3503725
86,2020-08-07,8130,240,8300,8310,8000,754574
85,2020-08-10,8110,20,8150,8150,7900,366142
84,2020-08-11,8080,30,8150,8270,8010,429743
80,2020-08-12,7810,270,8080,8080,7710,365537
79,2020-08-13,7810,0,7820,7990,7800,195879
78,2020-08-14,7690,120,7830,7830,7610,209547
77,2020-08-18,6890,800,7420,7500,6580,868834
76,2020-08-19,6830,60,6890,7030,6790,205197
73,2020-08-20,6480,350,6710,6970,6350,331874
72,2020-08-21,6580,100,6670,6700,6300,253667
71,2020-08-24,6780,200,6580,6840,6430,134984
70,2020-08-25,6850,70,6780,6950,6780,153988
69,2020-08-26,6870,20,6900,6960,6740,126669
65,2020-08-27,6650,220,6800,6830,6620,178565
64,2020-08-28,6830,180,6650,6920,6610,277499
63,2020-08-31,6710,120,6800,6880,6660,133725
62,2020-09-01,6880,170,6660,6950,6640,221438
61,2020-09-02,6900,20,6990,7090,6880,252250
58,2020-09-03,7380,480,7050,7450,6950,812523
57,2020-09-04,7200,180,7010,7310,6970,241719
56,2020-09-07,7250,50,7300,7300,7070,340248
55,2020-09-08,7230,20,7470,7480,7200,234941
54,2020-09-09,7140,90,7150,7230,7070,120730
50,2020-09-10,7230,90,7170,7270,7140,128588
49,2020-09-11,7190,40,7200,7230,7080,90916
48,2020-09-14,7260,70,7200,7380,7190,130301
47,2020-09-15,7240,20,7230,7320,7170,93176
46,2020-09-16,7140,100,7240,7280,7090,127459
43,2020-09-17,6990,150,7150,7150,6970,133003
42,2020-09-18,6900,90,6990,7060,6850,116664
41,2020-09-21,6790,110,7010,7010,6780,95312
40,2020-09-22,6590,200,6670,6780,6590,109298
39,2020-09-23,6720,130,6620,6990,6580,77265
35,2020-09-24,6500,220,6510,6630,6460,102719
34,2020-09-25,6410,90,6430,6580,6400,64358
33,2020-09-28,6550,140,6410,6550,6410,36925
32,2020-09-29,6570,20,6620,6670,6520,34440
31,2020-10-05,6620,50,6570,6660,6470,48185
28,2020-10-06,6720,100,6640,6760,6640,51681
27,2020-10-07,6730,10,6720,6730,6530,34003
26,2020-10-08,6660,70,6750,6780,6640,44202
25,2020-10-12,6660,0,6670,6800,6610,53202
24,2020-10-13,6640,20,6510,6730,6510,62905
20,2020-10-14,6600,40,6570,6700,6530,61448
19,2020-10-15,6450,150,6590,6590,6380,80496
18,2020-10-16,6450,0,6400,6520,6350,53295
17,2020-10-19,6390,60,6340,6480,6340,44784
16,2020-10-20,6190,200,6300,6460,5990,153639
13,2020-10-21,6250,60,6190,6260,6130,32358
12,2020-10-22,6230,20,6300,6320,6180,38227
11,2020-10-23,6180,50,6210,6260,6120,39498
10,2020-10-26,5930,250,6180,6180,5920,94380
9,2020-10-27,6150,220,5850,6230,5740,123176
5,2020-10-28,6130,20,6080,6150,5960,42022
4,2020-10-29,6050,80,6040,6050,5930,28535
3,2020-10-30,5940,110,6100,6100,5900,39841
2,2020-11-02,5930,10,6000,6000,5870,22114
1,2020-11-03,6000,70,6090,6090,5970,40031
