,date,close,diff,open,high,low,volume
448,2019-08-16,411000,7000,415000,419500,407000,938
447,2019-08-19,419500,8500,410500,419500,408000,1435
446,2019-08-20,418000,1500,413500,424000,413000,1675
445,2019-08-21,430500,12500,418000,431000,417000,1548
444,2019-08-22,427000,3500,432500,432500,424000,1077
440,2019-08-23,432500,5500,423500,434500,421000,1173
439,2019-08-26,423500,9000,429500,429500,415000,988
438,2019-08-27,421000,2500,424000,428500,420500,1253
437,2019-08-28,424000,3000,425500,425500,417000,802
436,2019-08-29,437500,13500,423500,437500,420500,1362
433,2019-08-30,443000,5500,438000,449500,434500,1537
432,2019-09-02,444000,1000,443500,448000,436000,655
431,2019-09-03,448500,4500,441000,450000,441000,847
430,2019-09-04,448500,0,444500,452000,438000,1283
429,2019-09-05,442500,6000,442000,448000,442000,960
425,2019-09-06,434500,8000,441000,442500,432500,1366
424,2019-09-09,428000,6500,431500,440500,427000,1838
423,2019-09-10,429500,1500,428500,432000,427000,1267
422,2019-09-11,436000,6500,431500,436500,430500,1913
421,2019-09-16,436500,500,436500,439000,433000,1088
418,2019-09-17,454500,18000,440500,463000,437500,2601
417,2019-09-18,453000,1500,460000,460000,448000,974
416,2019-09-19,451000,2000,450500,454500,445000,1510
415,2019-09-20,447000,4000,447000,453500,444500,1650
414,2019-09-23,447500,500,447000,452000,445000,851
410,2019-09-24,450000,2500,447500,454500,446500,1184
409,2019-09-25,447000,3000,454500,455000,447000,870
408,2019-09-26,446000,1000,451000,454000,441500,1156
407,2019-09-27,438000,8000,447500,447500,435500,1184
406,2019-09-30,440000,2000,438000,441500,433500,766
403,2019-10-01,451500,11500,438000,451500,436000,938
402,2019-10-02,442000,9500,445000,447000,440500,970
401,2019-10-04,428500,13500,442000,442000,426000,1748
400,2019-10-07,432500,4000,427000,434000,423000,532
399,2019-10-08,436500,4000,427000,438500,427000,727
395,2019-10-10,427500,9000,429000,436500,426000,1547
394,2019-10-11,429500,2000,434500,434500,428000,956
393,2019-10-14,431500,2000,430000,435000,429500,631
392,2019-10-15,441500,10000,432000,447000,432000,1151
391,2019-10-16,441000,500,441000,446000,439000,661
388,2019-10-17,439500,1500,439500,445000,439000,702
387,2019-10-18,438000,1500,445500,446000,436000,813
386,2019-10-21,439500,1500,441500,444000,437000,678
385,2019-10-22,431000,8500,437500,449000,430000,3146
384,2019-10-23,433000,2000,430000,435500,428500,1303
380,2019-10-24,435000,2000,432000,437000,425500,1050
379,2019-10-25,437000,2000,432000,440000,432000,984
378,2019-10-28,433500,3500,440000,447000,433500,1006
377,2019-10-29,432500,1000,433500,438500,432500,656
376,2019-10-30,432000,500,431000,438000,430500,998
373,2019-10-31,431500,500,433500,435500,431000,939
372,2019-11-01,429500,2000,430000,437500,427500,780
371,2019-11-04,444000,14500,430000,449500,430000,2226
370,2019-11-05,441000,3000,444000,450000,437500,915
369,2019-11-06,450000,9000,439500,451000,438000,2145
365,2019-11-07,461000,11000,447000,462500,447000,2133
364,2019-11-08,457500,3500,457000,462000,456500,1391
363,2019-11-11,448000,9500,457500,460500,442500,1588
362,2019-11-12,451000,3000,450000,452500,442500,1300
361,2019-11-13,445000,6000,449000,449500,444000,785
358,2019-11-14,446000,1000,443000,449000,441000,1148
357,2019-11-15,454000,8000,443000,456500,443000,1541
356,2019-11-18,451000,3000,453000,453500,448000,732
355,2019-11-19,445500,5500,448500,451000,442000,1798
354,2019-11-20,441000,4500,441500,442500,436000,1630
350,2019-11-21,435500,5500,445000,448500,431500,2009
349,2019-11-22,428500,7000,438000,438000,427500,1433
348,2019-11-25,428500,0,430500,434000,427500,1850
347,2019-11-26,425500,3000,428500,429500,424500,2251
346,2019-11-27,425000,500,425000,429000,423000,1786
343,2019-11-28,432000,7000,423500,432000,422000,1338
342,2019-11-29,431000,1000,432000,440000,425500,2554
341,2019-12-02,434500,3500,438000,438000,428500,1813
340,2019-12-03,429000,5500,434500,443000,425500,1531
339,2019-12-04,427500,1500,423500,432000,423500,882
335,2019-12-05,422000,5500,425000,430000,421000,1709
334,2019-12-06,423500,1500,422500,426500,420000,1195
333,2019-12-09,414000,9500,422000,422500,414000,2066
332,2019-12-10,411000,3000,414000,415500,408500,1942
331,2019-12-11,406000,5000,414000,414000,404000,2226
328,2019-12-12,410500,4500,404500,412500,403000,4554
327,2019-12-13,411000,500,410500,424000,410500,2460
326,2019-12-16,409000,2000,414500,417000,409000,2141
325,2019-12-17,413000,4000,409000,414500,408500,1912
324,2019-12-18,411500,1500,411500,416500,410500,1911
320,2019-12-19,411500,0,410500,415000,409000,1798
319,2019-12-20,409500,2000,415500,416000,409000,3103
318,2019-12-23,412500,3000,412500,419500,410000,2639
317,2019-12-24,413500,1000,413000,417000,412500,1751
316,2019-12-26,422000,8500,416500,423000,412500,3161
313,2019-12-27,413500,8500,417000,417500,411500,2241
312,2019-12-30,413000,500,413500,414000,410500,2175
311,2020-01-02,405000,8000,413000,414000,404000,3100
310,2020-01-03,414500,9500,406000,418500,405000,4780
309,2020-01-06,404500,10000,414500,415500,404500,2139
305,2020-01-07,406500,2000,405500,411000,404500,1993
304,2020-01-08,395000,11500,404500,404500,395000,3294
303,2020-01-09,399000,4000,394500,401000,394500,1882
302,2020-01-10,395000,4000,397000,399500,391000,1763
301,2020-01-13,394000,1000,391500,397000,391500,1522
298,2020-01-14,396000,2000,399000,400500,395500,1390
297,2020-01-15,401500,5500,396000,405000,396000,1529
296,2020-01-16,400000,1500,400000,403000,398500,751
295,2020-01-17,396500,3500,399500,404500,396500,1455
294,2020-01-20,397000,500,396500,402000,396500,1874
290,2020-01-21,395000,2000,401500,401500,395000,1126
289,2020-01-22,391000,4000,400000,400000,390000,1618
288,2020-01-23,387000,4000,391000,391000,386000,1837
287,2020-01-28,375500,11500,385000,390000,375000,2236
286,2020-01-29,370500,5000,373000,374500,369000,1825
283,2020-01-30,371000,500,369000,371500,367500,1655
282,2020-01-31,360000,11000,365500,370000,356000,2847
281,2020-02-03,352500,7500,355500,356000,347000,2271
280,2020-02-04,350500,2000,348500,354000,348500,2447
279,2020-02-05,349500,1000,348500,354500,347500,2011
275,2020-02-06,360500,11000,354000,363000,353000,2038
274,2020-02-07,356500,4000,360000,362500,353000,2626
273,2020-02-10,357500,1000,358000,359500,352000,1175
272,2020-02-11,367500,10000,358500,370500,358500,1925
271,2020-02-12,377500,10000,364500,377500,364500,2920
268,2020-02-13,374500,3000,377500,381000,368500,2531
267,2020-02-14,375000,500,372000,379000,372000,1904
266,2020-02-17,374000,1000,373000,376000,371500,1506
265,2020-02-18,362500,11500,370500,373000,361500,1581
264,2020-02-19,362500,0,370000,370000,358500,1606
260,2020-02-20,352000,10500,357000,365500,350000,2748
259,2020-02-21,345000,7000,349500,349500,341000,2456
258,2020-02-24,331000,14000,342500,355500,331000,2727
257,2020-02-25,337000,6000,334000,337000,331000,1671
256,2020-02-26,335000,2000,339000,339000,331000,1854
253,2020-02-27,333500,1500,331000,335000,327500,1594
252,2020-02-28,331500,2000,336500,336500,322500,3622
251,2020-03-02,335500,4000,338000,341000,331500,2251
250,2020-03-03,333500,2000,335000,339500,332500,1533
249,2020-03-04,334000,500,333500,338500,332000,1777
245,2020-03-05,339500,5500,334000,341000,330000,2391
244,2020-03-06,328000,11500,337000,342500,327000,2565
243,2020-03-09,316500,11500,321000,321000,310000,2920
242,2020-03-10,310000,6500,315500,316500,305000,2387
241,2020-03-11,304000,6000,305500,312000,301000,1942
238,2020-03-12,296500,7500,304000,309000,288000,3955
237,2020-03-13,275500,21000,280000,283000,260500,5558
236,2020-03-16,270500,5000,275500,278500,263500,2568
235,2020-03-17,258000,12500,265000,269500,257500,3315
234,2020-03-18,238500,19500,256000,260000,237500,4484
230,2020-03-19,212000,26500,236000,242500,212000,5246
229,2020-03-20,219500,7500,210000,220000,210000,4406
228,2020-03-23,211500,8000,209000,217500,204000,3687
227,2020-03-24,230000,18500,212000,230000,212000,3337
226,2020-03-25,264500,34500,241000,299000,235000,6788
223,2020-03-26,289500,25000,264500,298500,261500,6428
222,2020-03-27,290000,500,306000,309000,282000,3944
221,2020-03-30,307000,17000,298500,307000,275500,3636
220,2020-03-31,300000,7000,307000,307500,300000,3496
219,2020-04-01,295500,4500,294000,321000,293500,8070
215,2020-04-02,303000,7500,297000,306500,285000,3876
214,2020-04-03,314000,11000,303000,315500,295000,4971
213,2020-04-06,352500,38500,320000,362000,314500,11253
212,2020-04-07,387500,35000,368000,388000,365000,12063
211,2020-04-08,380500,7000,388000,388000,368500,6812
208,2020-04-09,376000,4500,379000,384000,372000,4211
207,2020-04-10,372000,4000,376000,378500,363500,3516
206,2020-04-13,351500,20500,366000,369500,350000,4949
205,2020-04-14,364000,12500,350000,369000,347500,3910
204,2020-04-16,356000,8000,363500,363500,350500,2947
200,2020-04-17,358000,2000,356000,362500,356000,2494
199,2020-04-20,352500,5500,360000,363000,351500,3140
198,2020-04-21,354500,2000,355500,355500,342000,3517
197,2020-04-22,350000,4500,354500,354500,341500,2076
196,2020-04-23,363000,13000,350000,363000,350000,3052
193,2020-04-24,361000,2000,364500,367500,356000,2863
192,2020-04-27,374500,13500,358500,375500,357000,2745
191,2020-04-28,385000,10500,381000,392000,376500,5007
190,2020-04-29,382500,2500,385000,390500,380500,4441
189,2020-05-04,370500,12000,375500,379500,366000,4680
185,2020-05-06,378500,8000,376000,384500,373500,3960
184,2020-05-07,386000,7500,385000,387000,379000,3507
183,2020-05-08,387500,1500,387500,391000,382500,2533
182,2020-05-11,386500,1000,385000,390000,374000,2545
181,2020-05-12,378500,8000,386000,386000,375500,2845
178,2020-05-13,373000,5500,378000,378000,371500,2025
177,2020-05-14,370000,3000,373000,377500,370000,2589
176,2020-05-15,386500,16500,375500,388000,372000,5681
175,2020-05-18,382500,4000,393500,393500,381500,3149
174,2020-05-19,387500,5000,385000,391000,384000,3031
170,2020-05-20,387500,0,391500,391500,386500,1831
169,2020-05-21,380000,7500,387000,387000,380000,3628
168,2020-05-22,375000,5000,383500,383500,373000,2577
167,2020-05-25,372500,2500,375000,377500,370000,1970
166,2020-05-26,376000,3500,374500,379000,373000,1600
163,2020-05-27,380000,4000,372500,384500,372000,2579
162,2020-05-28,374000,6000,372500,383500,370500,1975
161,2020-05-29,361000,13000,377500,377500,361000,2720
160,2020-06-01,377000,16000,362500,377000,362500,1641
159,2020-06-02,377500,500,375000,378000,371500,1646
155,2020-06-03,377500,0,383500,383500,375000,2775
154,2020-06-04,374500,3000,377500,381000,374500,1957
153,2020-06-05,377000,2500,375000,379000,372500,1592
152,2020-06-08,376000,1000,380000,384000,376000,2303
151,2020-06-09,376000,0,382000,382000,376000,2066
148,2020-06-10,371000,5000,379500,379500,371000,3152
147,2020-06-11,369000,2000,368000,371000,364500,156244
146,2020-06-12,355000,14000,361000,364000,351500,5893
145,2020-06-15,335500,19500,350000,350500,324500,8324
144,2020-06-16,344500,9000,340000,351000,335000,4779
140,2020-06-17,343000,1500,347000,347000,340000,2472
139,2020-06-18,337000,6000,339000,342500,334000,2835
138,2020-06-19,334500,2500,335500,339000,331000,2640
137,2020-06-22,328000,6500,333500,333500,328000,1943
136,2020-06-23,343000,15000,332500,346500,332000,4074
133,2020-06-24,344000,1000,343000,346000,339500,2495
132,2020-06-25,337000,7000,345000,346500,335000,2861
131,2020-06-26,353000,16000,338500,355000,338000,3970
130,2020-06-29,353500,500,350000,355500,344500,1929
129,2020-06-30,350000,3500,351500,356500,348500,2824
125,2020-07-01,348000,2000,350000,354000,347000,1236
124,2020-07-02,349500,1500,346500,355000,346500,1506
123,2020-07-03,350000,500,348000,353000,347000,1225
122,2020-07-06,350000,0,355000,355000,346500,1482
121,2020-07-07,345000,5000,351000,351000,344000,2676
118,2020-07-08,353500,8500,353000,353500,342500,2734
117,2020-07-09,352000,1500,353500,359500,349000,2870
116,2020-07-10,341000,11000,359000,359000,340000,3526
115,2020-07-13,341000,0,344000,345000,335500,1996
114,2020-07-14,343000,2000,339500,343500,338000,1617
110,2020-07-15,341000,2000,340500,349500,340500,2731
109,2020-07-16,339000,2000,341000,345000,337500,2810
108,2020-07-17,334000,5000,342500,342500,334000,3232
107,2020-07-20,334000,0,338500,339000,332000,1757
106,2020-07-21,334500,500,333000,338000,332500,2510
103,2020-07-22,334000,500,334500,338000,333000,2650
102,2020-07-23,331000,3000,335500,335500,327500,5336
101,2020-07-24,327500,3500,329000,330000,326500,2177
100,2020-07-27,332500,5000,327500,338000,326500,3140
99,2020-07-28,333000,500,331000,336000,328000,2947
95,2020-07-29,330500,2500,328000,332500,328000,1799
94,2020-07-30,331000,500,330000,333000,329000,2198
93,2020-07-31,329500,1500,329000,333000,328500,1558
92,2020-08-03,324000,5500,328000,331000,324000,1955
91,2020-08-04,330000,6000,324000,333000,324000,2568
88,2020-08-05,328000,2000,328500,332500,327500,1708
87,2020-08-06,332500,4500,328000,334000,327500,2122
86,2020-08-07,331000,1500,331000,333500,329500,1493
85,2020-08-10,328500,2500,329000,330500,326000,2058
84,2020-08-11,335000,6500,327500,336000,327500,3784
80,2020-08-12,334000,1000,335000,336500,330000,2511
79,2020-08-13,336500,2500,334000,336500,329500,7256
78,2020-08-14,333000,3500,337000,338000,331500,2695
77,2020-08-18,325500,7500,333500,336000,325000,2961
76,2020-08-19,321000,4500,326000,327000,319500,4363
73,2020-08-20,304000,17000,321500,321500,302000,5366
72,2020-08-21,307500,3500,304000,311500,304000,2543
71,2020-08-24,310000,2500,307500,310000,303500,2040
70,2020-08-25,316000,6000,310000,316500,306500,2474
69,2020-08-26,310500,5500,315000,315000,308000,2723
65,2020-08-27,304500,6000,310500,312000,304500,3554
64,2020-08-28,308000,3500,309500,309500,305500,1979
63,2020-08-31,304000,4000,309000,314500,304000,3514
62,2020-09-01,307000,3000,304000,308500,303500,1876
61,2020-09-02,312500,5500,310000,312500,306500,2183
58,2020-09-03,308500,4000,313000,313500,308000,3333
57,2020-09-04,305000,3500,308000,308000,303500,3855
56,2020-09-07,306500,1500,305000,308000,304000,1592
55,2020-09-08,308000,1500,307000,311000,307000,1851
54,2020-09-09,304000,4000,308000,310500,304000,3754
50,2020-09-10,304000,0,304500,305500,303500,3792
49,2020-09-11,306000,2000,304000,307000,303500,1678
48,2020-09-14,309500,3500,308000,311500,306000,2412
47,2020-09-15,308000,1500,310000,310500,307500,4449
46,2020-09-16,309000,1000,307000,311000,307000,2505
43,2020-09-17,307500,1500,308000,310000,305500,1865
42,2020-09-18,304000,3500,310000,310000,303500,4346
41,2020-09-21,303500,500,306000,306500,303500,3346
40,2020-09-22,299500,4000,304000,305000,298500,4649
39,2020-09-23,296000,3500,299500,303000,295000,3324
35,2020-09-24,288500,7500,295000,296000,287000,3924
34,2020-09-25,290000,1500,292500,292500,287000,2833
33,2020-09-28,292000,2000,294000,294500,289000,3375
32,2020-09-29,299500,7500,295000,300000,292500,1429
31,2020-10-05,304500,5000,302500,305000,301000,1500
28,2020-10-06,306000,1500,303500,307000,303500,1517
27,2020-10-07,309500,3500,306000,310500,304500,2748
26,2020-10-08,308000,1500,308500,311000,308000,1516
25,2020-10-12,310000,2000,308000,311000,307500,1894
24,2020-10-13,310500,500,310500,311500,309000,2339
20,2020-10-14,308000,2500,310000,311500,306500,2971
19,2020-10-15,308000,0,307000,311500,307000,1677
18,2020-10-16,306500,1500,307000,310500,305000,2573
17,2020-10-19,308500,2000,306500,310000,306000,2625
16,2020-10-20,308000,500,310000,311500,305500,1806
13,2020-10-21,309500,1500,308500,310000,307000,1344
12,2020-10-22,312500,3000,310000,313000,306500,2233
11,2020-10-23,312000,500,313000,314000,310000,1387
10,2020-10-26,311500,500,314500,315500,308000,3263
9,2020-10-27,310000,1500,308500,312500,307000,2620
5,2020-10-28,308500,1500,306500,311500,306000,1523
4,2020-10-29,305500,3000,306000,307000,303000,2596
3,2020-10-30,306000,500,304500,306000,302000,1430
2,2020-11-02,306500,500,307500,308500,304500,957
1,2020-11-03,306000,500,304500,308000,304500,745
