,date,close,diff,open,high,low,volume
448,2011-11-08,15700,50,16150,16300,15600,246570
447,2011-11-09,15600,100,16000,16000,15600,146103
446,2011-11-10,14400,1200,15100,15150,14400,355379
445,2011-11-11,14950,550,14700,15250,14550,208341
444,2011-11-14,15550,600,15200,15700,15100,169266
440,2011-11-15,15150,400,15200,15600,15100,119861
439,2011-11-16,16300,1150,15700,17350,15700,1699885
438,2011-11-17,16100,200,16450,16600,15650,402868
437,2011-11-18,15500,600,15700,15900,15400,215900
436,2011-11-21,15400,100,15550,15850,15300,145226
433,2011-11-22,15150,250,15000,15350,14950,225264
432,2011-11-23,14900,250,15050,15200,14550,232852
431,2011-11-24,14850,50,14900,14950,14250,208310
430,2011-11-25,14500,350,14750,14900,14400,125394
429,2011-11-28,14900,400,14700,15000,14600,167362
425,2011-11-29,14950,50,15100,15150,14900,133370
424,2011-11-30,14750,200,14950,15050,14700,121711
423,2011-12-01,15250,500,15150,15450,15100,206118
422,2011-12-02,15250,0,15550,15700,15100,279818
421,2011-12-05,17500,2250,16500,17500,16500,536090
418,2011-12-06,16500,1000,18700,18850,16500,2602564
417,2011-12-07,16250,250,16700,16800,16150,572768
416,2011-12-08,16400,150,16350,17050,16250,597385
415,2011-12-09,16100,300,15800,16200,15750,307219
414,2011-12-12,16850,750,16400,16850,16150,402756
410,2011-12-13,16300,550,16650,16700,16300,218199
409,2011-12-14,16500,200,16250,16950,16250,270978
408,2011-12-15,17300,800,16800,17850,16750,1215795
407,2011-12-16,16900,400,17300,17350,16850,346622
406,2011-12-19,15450,1450,17000,17050,14900,710866
403,2011-12-20,15750,300,15500,15850,15450,178344
402,2011-12-21,16000,250,16350,16400,16000,257477
401,2011-12-22,16400,400,16000,16750,16000,248050
400,2011-12-23,16300,100,16600,16700,16300,201691
399,2011-12-26,15850,450,16450,16500,15850,190537
395,2011-12-27,15500,350,15950,15950,15200,226595
394,2011-12-28,16100,600,15400,16500,15400,313468
393,2011-12-29,16000,100,16050,16200,15900,81844
392,2012-01-02,15600,400,16000,16000,15600,136961
391,2012-01-03,15850,250,15750,16000,15700,140721
388,2012-01-04,16200,350,16000,16750,15850,356579
387,2012-01-05,16200,0,16300,16350,16050,129632
386,2012-01-06,15950,250,16300,16650,15950,306240
385,2012-01-09,15700,250,15950,16050,15650,144696
384,2012-01-10,16350,650,15900,16350,15750,215528
380,2012-01-11,16150,200,16400,16450,16150,137261
379,2012-01-12,16500,350,16200,16500,15900,160068
378,2012-01-13,16400,100,16800,17150,16300,364583
377,2012-01-16,16050,350,16350,16350,16000,114128
376,2012-01-17,16500,450,16200,16650,16150,221859
373,2012-01-18,16550,50,16400,16900,16400,206572
372,2012-01-19,16650,100,16650,16900,16450,262218
371,2012-01-20,16300,350,16750,16750,16250,215776
370,2012-01-25,16350,50,16350,16600,16250,128361
369,2012-01-26,16400,50,16400,16700,16400,173829
365,2012-01-27,17200,800,16450,17200,16400,544315
364,2012-01-30,16850,350,17150,17350,16800,258072
363,2012-01-31,17150,300,17000,17400,16800,285653
362,2012-02-01,17100,50,17250,17400,17050,282813
361,2012-02-02,17500,400,17300,17750,17150,465448
358,2012-02-03,17450,50,17800,18000,17300,376419
357,2012-02-06,16950,500,17550,17550,16900,213115
356,2012-02-07,17100,150,16900,17200,16750,161260
355,2012-02-08,17350,250,17200,17500,17000,298216
354,2012-02-09,17000,350,17400,17400,16900,211795
350,2012-02-10,16800,200,17050,17300,16800,244487
349,2012-02-13,16950,150,16800,17100,16750,118833
348,2012-02-14,16600,350,17000,17000,16600,192294
347,2012-02-15,16500,100,16600,16750,16450,139842
346,2012-02-16,16550,50,16400,16900,16400,138588
343,2012-02-17,16500,50,16700,16800,16500,135573
342,2012-02-20,16800,300,16550,16850,16450,150072
341,2012-02-21,16750,50,16800,16900,16600,114775
340,2012-02-22,16550,200,16700,16750,16500,93825
339,2012-02-23,16450,100,16550,16700,16400,132617
335,2012-02-24,17100,650,16500,17200,16450,300631
334,2012-02-27,16650,450,17050,17050,16650,146057
333,2012-02-28,16500,150,16600,16750,16400,107792
332,2012-02-29,16650,150,16550,16800,16500,111463
331,2012-03-02,16750,100,16700,17000,16600,122684
328,2012-03-05,16450,300,16800,16800,16450,85516
327,2012-03-06,16100,350,16450,16600,15800,232591
326,2012-03-07,15800,300,15700,16050,15700,90690
325,2012-03-08,15950,150,15850,16050,15800,68395
324,2012-03-09,16000,50,16000,16100,15850,71971
320,2012-03-12,15800,200,16000,16100,15700,149560
319,2012-03-13,16050,250,15850,16100,15800,68530
318,2012-03-14,15950,100,16150,16200,15950,79958
317,2012-03-15,15900,50,15950,16100,15800,108100
316,2012-03-16,15750,150,15900,15950,15700,99484
313,2012-03-19,15650,100,15750,15850,15650,74092
312,2012-03-20,15500,150,15550,15750,15400,116397
311,2012-03-21,15600,100,15300,15650,15300,68914
310,2012-03-22,15450,150,15500,15600,15300,92538
309,2012-03-23,15250,200,15350,15400,15100,75714
305,2012-03-26,14900,350,15250,15350,14850,88241
304,2012-03-27,14850,50,15000,15100,14850,76216
303,2012-03-28,14600,250,14750,14850,14500,97783
302,2012-03-29,14550,50,14400,14650,14200,159077
301,2012-03-30,14800,250,14650,14900,14550,74901
298,2012-04-02,14800,0,14850,15000,14750,75783
297,2012-04-03,14600,200,14900,15000,14600,61662
296,2012-04-04,15150,550,14750,16050,14700,588177
295,2012-04-05,15150,0,15250,15300,14850,109052
294,2012-04-06,15150,0,15100,15700,15000,130693
290,2012-04-09,14950,200,15100,15650,14950,118725
289,2012-04-10,14600,350,14950,15150,14600,151650
288,2012-04-12,14600,0,14500,14750,14500,58633
287,2012-04-13,14850,250,14750,14950,14700,94746
286,2012-04-16,14750,100,14750,14900,14600,51628
283,2012-04-17,15600,850,14800,16200,14800,640714
282,2012-04-18,15350,250,15650,15800,15350,110498
281,2012-04-19,15450,100,15400,15800,15300,130115
280,2012-04-20,15400,50,15800,16150,15400,223943
279,2012-04-23,15150,250,15300,15650,15100,108010
275,2012-04-24,14800,350,15050,15200,14800,117290
274,2012-04-25,14600,200,15000,15000,14600,87694
273,2012-04-26,14500,100,14550,15000,14500,157300
272,2012-04-27,14450,50,14650,14700,14400,65689
271,2012-04-30,14350,100,14500,14600,14250,113670
268,2012-05-02,14550,200,14350,14800,14300,99811
267,2012-05-03,14700,150,14550,14800,14500,80000
266,2012-05-04,14550,150,14400,14700,14400,53152
265,2012-05-07,14250,300,14350,14550,14250,71793
264,2012-05-08,14450,200,14300,14600,14300,50255
260,2012-05-09,14250,200,14450,14550,14250,57027
259,2012-05-10,14550,300,14200,14550,14200,34220
258,2012-05-11,14250,300,14550,14550,14250,59562
257,2012-05-14,13900,350,14300,14350,13850,93196
256,2012-05-15,13800,100,13700,13800,13300,67737
253,2012-05-16,13250,550,13600,13800,13250,65923
252,2012-05-17,13300,50,13100,13400,13100,55613
251,2012-05-18,12750,550,13000,13100,12700,105455
250,2012-05-21,12450,300,12750,13050,12350,109179
249,2012-05-22,12850,400,12650,13000,12550,107519
245,2012-05-23,12650,200,12850,12850,12450,47636
244,2012-05-24,12850,200,12700,13100,12700,50908
243,2012-05-25,13900,1050,13200,14450,13200,434984
242,2012-05-29,13600,300,13850,13900,13500,85336
241,2012-05-30,13750,150,13700,14150,13650,98150
238,2012-05-31,13750,0,13600,13750,13500,50016
237,2012-06-01,14100,350,14050,14400,13700,260399
236,2012-06-04,13500,600,14800,15300,13500,1208153
235,2012-06-05,13350,150,13750,13800,13000,283330
234,2012-06-07,13150,200,13600,13750,13150,168509
230,2012-06-08,12950,200,13250,13600,12950,171044
229,2012-06-11,13250,300,13200,13450,13100,109374
228,2012-06-12,13150,100,13050,13250,13000,63240
227,2012-06-13,12950,200,13250,13250,12950,87889
226,2012-06-14,13050,100,13000,13200,12950,73354
223,2012-06-15,13050,0,13100,13200,12950,65851
222,2012-06-18,13300,250,13200,13350,13150,85191
221,2012-06-19,13600,300,13300,13750,13250,140832
220,2012-06-20,13500,100,13700,13700,13400,107731
219,2012-06-21,13700,200,13500,13900,13400,135752
215,2012-06-22,13600,100,13500,13700,13400,89141
214,2012-06-25,13200,400,13550,13550,13200,69771
213,2012-06-26,13350,150,13100,13600,13050,74764
212,2012-06-27,13400,50,13350,13400,13100,41558
211,2012-06-28,13350,50,13350,13600,13350,54462
208,2012-06-29,13400,50,13350,13500,13150,43963
207,2012-07-02,14200,800,13600,14400,13400,451583
206,2012-07-03,14050,150,14100,14200,13850,125530
205,2012-07-04,13950,100,14100,14200,13850,87380
204,2012-07-05,14200,250,13950,14700,13950,233057
200,2012-07-06,14050,150,14200,14350,13900,101656
199,2012-07-09,13750,300,13900,13950,13700,73505
198,2012-07-10,13750,0,13700,13800,13550,33217
197,2012-07-11,13800,50,13700,14000,13600,60074
196,2012-07-12,13300,500,13700,13800,13300,111858
193,2012-07-13,13350,50,13300,13600,13000,65887
192,2012-07-16,13200,150,13350,13500,13200,51303
191,2012-07-17,13150,50,13250,13300,13050,57993
190,2012-07-18,12950,200,13100,13300,12900,86880
189,2012-07-19,13000,50,13000,13200,13000,59128
185,2012-07-20,13100,100,13050,13400,13000,59580
184,2012-07-23,12900,200,13000,13050,12900,45103
183,2012-07-24,12800,100,12850,13100,12750,59549
182,2012-07-25,12500,300,12800,12800,12500,49946
181,2012-07-26,12650,150,12650,12650,12500,20491
178,2012-07-27,12800,150,12750,12950,12750,25936
177,2012-07-30,12700,100,12850,13000,12700,37674
176,2012-07-31,13000,300,12750,13100,12750,37451
175,2012-08-01,13000,0,13000,13050,12900,23173
174,2012-08-02,12950,50,13000,13250,12900,55355
170,2012-08-03,13000,50,12850,13000,12850,16323
169,2012-08-06,13250,250,13100,13450,13100,82618
168,2012-08-07,13200,50,13100,13300,13050,39796
167,2012-08-08,13200,0,13300,13350,13150,56805
166,2012-08-09,13300,100,13250,13500,13200,61664
163,2012-08-10,13300,0,13300,13400,13200,35342
162,2012-08-13,13200,100,13400,13400,13200,34498
161,2012-08-14,13300,100,13300,13400,13200,31203
160,2012-08-16,13550,250,13300,13900,13200,198584
159,2012-08-17,13600,50,13700,13700,13350,127092
155,2012-08-20,13450,150,13500,13650,13450,79591
154,2012-08-21,13600,150,13450,13650,13450,96930
153,2012-08-22,13350,250,13550,13600,13300,75292
152,2012-08-23,13300,50,13350,13500,13300,73340
151,2012-08-24,13250,50,13300,13400,13200,57952
148,2012-08-27,13500,250,13300,13500,13250,78697
147,2012-08-28,13400,100,13600,13600,13300,45802
146,2012-08-29,13700,300,13400,13850,13300,148045
145,2012-08-30,13550,150,13700,13800,13450,84449
144,2012-08-31,13300,250,13500,13650,13250,76830
140,2012-09-03,13250,50,13350,13500,13200,130328
139,2012-09-04,13200,50,13250,13350,13200,97208
138,2012-09-05,12800,400,13200,13500,12800,156848
137,2012-09-06,12850,50,12850,12950,12750,47699
136,2012-09-07,12950,100,13050,13100,12800,126843
133,2012-09-10,12800,150,12900,13000,12750,94902
132,2012-09-11,12750,50,12750,12850,12700,59196
131,2012-09-12,12850,100,12800,12900,12700,95823
130,2012-09-13,12800,50,12850,12950,12750,89641
129,2012-09-14,12950,150,13000,13100,12850,187155
125,2012-09-17,12950,0,13000,13100,12850,186710
124,2012-09-18,13000,50,13000,13050,12850,92873
123,2012-09-19,12850,150,13000,13000,12750,167996
122,2012-09-20,13100,250,12850,13400,12850,345740
121,2012-09-21,12950,150,13250,13350,12900,180194
118,2012-09-24,12850,100,12950,13000,12800,114882
117,2012-09-25,12800,50,12850,12950,12800,66752
116,2012-09-26,12700,100,12750,13000,12700,124355
115,2012-09-27,12650,50,12650,12750,12600,106599
114,2012-09-28,12700,50,12700,12750,12600,62217
110,2012-10-02,12650,50,12700,12800,12600,57594
109,2012-10-04,12550,100,12600,12700,12500,114798
108,2012-10-05,12400,150,12550,12600,12350,129697
107,2012-10-08,12400,0,12400,12650,12400,94782
106,2012-10-09,12400,0,12400,12550,12350,86646
103,2012-10-10,12250,150,12350,12400,12200,113985
102,2012-10-11,12000,250,12200,12250,11950,115764
101,2012-10-12,12050,50,12050,12200,12000,78039
100,2012-10-15,11950,100,11950,12200,11900,137480
99,2012-10-16,12350,400,12000,12400,12000,115775
95,2012-10-17,12850,500,12300,12850,12250,232351
94,2012-10-18,13050,200,12850,13300,12750,420195
93,2012-10-19,13000,50,13350,13450,12650,1030802
92,2012-10-22,12600,400,12950,12950,12550,234006
91,2012-10-23,12700,100,12650,12850,12500,214120
88,2012-10-24,12750,50,12600,12850,12400,232107
87,2012-10-25,12600,150,12900,12900,12600,112409
86,2012-10-26,12400,200,12550,12650,12300,132015
85,2012-10-29,12450,50,12350,12550,12300,153791
84,2012-10-30,12300,150,12400,12550,12300,95971
80,2012-10-31,12550,250,12300,12650,12300,232233
79,2012-11-01,12400,150,12500,12550,12300,123529
78,2012-11-02,12550,150,12550,12700,12500,91976
77,2012-11-05,12450,100,12550,12650,12350,106989
76,2012-11-06,12600,150,12400,12600,12400,92005
73,2012-11-07,12500,100,12600,12700,12500,74730
72,2012-11-08,12500,0,12400,12600,12300,101295
71,2012-11-09,12250,250,12450,12450,12100,98220
70,2012-11-12,12300,50,12200,12400,12050,66033
69,2012-11-13,12650,350,12250,12950,12250,317292
65,2012-11-14,12700,50,12800,12900,12600,147200
64,2012-11-15,12400,300,12550,12700,12300,99214
63,2012-11-16,12350,50,12200,12400,12150,135113
62,2012-11-19,12250,100,12300,12500,12200,58565
61,2012-11-20,12750,500,12350,12850,12300,403033
58,2012-11-21,12850,100,12750,13000,12700,311054
57,2012-11-22,13250,400,12950,13300,12850,467484
56,2012-11-23,13200,50,13300,13300,13050,224064
55,2012-11-26,13350,150,13150,13350,12950,241392
54,2012-11-27,13050,300,13350,13450,12950,198248
50,2012-11-28,13150,100,13050,13300,12800,141880
49,2012-11-29,13250,100,13350,13400,12950,154194
48,2012-11-30,13250,0,13250,13400,13100,137637
47,2012-12-03,13250,0,13300,13350,13000,172442
46,2012-12-04,13300,50,13300,13700,13200,200583
43,2012-12-05,13400,100,13150,13450,13100,218514
42,2012-12-06,13300,100,13350,13500,13250,197441
41,2012-12-07,13250,50,13250,13400,12950,207440
40,2012-12-10,13050,200,13200,13250,13050,114015
39,2012-12-11,13200,150,13000,13300,13000,173878
35,2012-12-12,13300,100,13250,13350,13150,189093
34,2012-12-13,13650,350,13300,13650,13300,298526
33,2012-12-14,13600,50,13600,13850,13500,214472
32,2012-12-17,13700,100,13650,13800,13550,189152
31,2012-12-18,13700,0,13650,13850,13600,180096
28,2012-12-20,13750,50,13600,13800,13350,211270
27,2012-12-21,13800,50,13800,13850,13650,142738
26,2012-12-24,13550,250,13800,13800,13550,176140
25,2012-12-26,13800,250,13350,14050,13350,688782
24,2012-12-27,13800,0,0,0,0,0
20,2012-12-28,13800,0,0,0,0,0
19,2013-01-02,13800,0,0,0,0,0
18,2013-01-03,13800,0,0,0,0,0
17,2013-01-04,13800,0,0,0,0,0
16,2013-01-07,13800,0,0,0,0,0
13,2013-01-08,13800,0,0,0,0,0
12,2013-01-09,13800,0,0,0,0,0
11,2013-01-10,13800,0,0,0,0,0
10,2013-01-11,13800,0,0,0,0,0
9,2013-01-14,13800,0,0,0,0,0
5,2013-01-15,13800,0,0,0,0,0
4,2013-01-16,13800,0,0,0,0,0
3,2013-01-17,13800,0,0,0,0,0
2,2013-01-18,13800,0,0,0,0,0
