,date,close,diff,open,high,low,volume
448,2019-08-16,40700,1050,41300,41500,40500,19039
447,2019-08-19,40100,600,41000,41000,40050,16902
446,2019-08-20,40550,450,40600,40800,40150,10934
445,2019-08-21,40300,250,40150,40750,39900,23305
444,2019-08-22,41700,1400,40350,42000,40350,74661
440,2019-08-23,41950,250,41200,42250,40600,48625
439,2019-08-26,40750,1200,41000,41950,40550,32993
438,2019-08-27,42600,1850,41300,42600,40750,52943
437,2019-08-28,43750,1150,42250,44150,42150,73515
436,2019-08-29,43150,600,43600,43700,42350,21715
433,2019-08-30,43100,50,43100,43250,42350,33279
432,2019-09-02,43200,100,43100,43950,42700,22681
431,2019-09-03,41800,1400,43050,43100,41450,32302
430,2019-09-04,43800,2000,41850,44350,41850,69439
429,2019-09-05,44300,500,44350,44550,43850,38154
425,2019-09-06,43850,450,44700,44750,43350,20174
424,2019-09-09,42550,1300,44000,44050,42050,60362
423,2019-09-10,42300,250,42100,43350,41850,31401
422,2019-09-11,42000,300,42250,42750,41800,29567
421,2019-09-16,42000,0,42400,42400,41500,28392
418,2019-09-17,41500,500,41700,41700,41100,52468
417,2019-09-18,42700,1200,41650,43000,41500,55390
416,2019-09-19,42400,300,42700,43150,42300,26785
415,2019-09-20,42550,150,42450,42800,41600,9628
414,2019-09-23,42650,100,42750,42750,41950,19699
410,2019-09-24,42350,300,42300,42750,42100,23279
409,2019-09-25,43550,1200,42400,43950,42300,54419
408,2019-09-26,44900,1350,43800,45000,43450,68858
407,2019-09-27,44400,500,44600,45050,43850,36493
406,2019-09-30,45400,1000,44100,46100,44100,53796
403,2019-10-01,46000,600,45400,46200,44950,43109
402,2019-10-02,45600,400,46100,46100,44200,45128
401,2019-10-04,45500,100,45500,45700,44500,30326
400,2019-10-07,44300,1200,45050,45700,44300,23684
399,2019-10-08,44350,50,44600,44600,43750,24503
395,2019-10-10,43400,950,43950,44500,43200,40414
394,2019-10-11,45400,2000,42750,45450,42750,58653
393,2019-10-14,44700,700,45000,45350,44350,28510
392,2019-10-15,44600,100,45100,45250,44450,18780
391,2019-10-16,44000,600,44700,44850,43500,62465
388,2019-10-17,45400,1400,44200,45800,44000,81405
387,2019-10-18,45200,200,45400,47200,45050,53786
386,2019-10-21,45550,350,46000,46950,45200,65196
385,2019-10-22,45100,450,45800,45850,44600,52913
384,2019-10-23,44000,1100,45000,45550,43800,49486
380,2019-10-24,43750,250,43950,44250,43100,34059
379,2019-10-25,43850,100,43850,44500,43400,24410
378,2019-10-28,43400,450,44000,44000,43200,21651
377,2019-10-29,44000,600,43400,44250,42750,65499
376,2019-10-30,44100,100,44100,44900,43500,47346
373,2019-10-31,44300,200,44450,44650,43600,22610
372,2019-11-01,44000,300,44300,44400,43350,31194
371,2019-11-04,45000,1000,44800,45350,44450,65613
370,2019-11-05,44600,400,45150,45200,44350,28174
369,2019-11-06,43450,1150,44750,44750,43350,76941
365,2019-11-07,44450,1000,43350,44650,43000,61170
364,2019-11-08,44500,50,44200,44600,43200,130718
363,2019-11-11,43700,800,44900,44900,43350,62382
362,2019-11-12,46300,2600,43800,46400,43500,196837
361,2019-11-13,45850,450,46400,46400,45500,38626
358,2019-11-14,45300,550,45600,46000,45000,29082
357,2019-11-15,45400,100,45100,45700,44750,31874
356,2019-11-18,44850,550,45250,45600,44550,30714
355,2019-11-19,44300,550,44850,44900,44000,29145
354,2019-11-20,44300,0,44250,45000,43900,26950
350,2019-11-21,44100,200,44300,44650,43500,24537
349,2019-11-22,44100,0,44100,44700,43250,25658
348,2019-11-25,44300,200,43700,45650,43700,41085
347,2019-11-26,44000,300,44550,44600,43850,14696
346,2019-11-27,43250,750,44000,44350,43200,25838
343,2019-11-28,43750,500,43450,43900,43300,20359
342,2019-11-29,43350,400,43550,44100,43200,18576
341,2019-12-02,42850,500,43250,43600,41850,31482
340,2019-12-03,42400,450,42700,42700,41900,24139
339,2019-12-04,42600,200,42100,43000,42000,18314
335,2019-12-05,42750,150,42400,43150,42200,17639
334,2019-12-06,43600,850,42550,43750,42150,31460
333,2019-12-09,42400,1200,43100,43700,42250,25281
332,2019-12-10,42600,200,42450,42950,42300,20721
331,2019-12-11,42250,350,42450,42900,42000,20529
328,2019-12-12,41800,450,42100,42500,41500,48426
327,2019-12-13,42000,200,41800,42150,41450,41582
326,2019-12-16,42050,50,42000,42450,41650,32744
325,2019-12-17,42150,100,41950,42350,41350,43060
324,2019-12-18,42100,50,42100,42400,41700,33673
320,2019-12-19,41700,400,41900,42150,41400,36096
319,2019-12-20,41450,250,41550,42250,41000,47610
318,2019-12-23,40350,1100,41450,41500,39900,101039
317,2019-12-24,40300,50,40350,40700,40000,44312
316,2019-12-26,41050,750,40250,41600,40250,44849
313,2019-12-27,40950,100,41350,41550,40750,30257
312,2019-12-30,41250,300,41150,41400,40800,23229
311,2020-01-02,40800,450,41150,41200,40450,33014
310,2020-01-03,40150,650,40600,41100,40000,47728
309,2020-01-06,39700,450,40150,40150,39400,30508
305,2020-01-07,39900,200,39700,40150,39500,23606
304,2020-01-08,38650,1250,39500,39850,38500,37972
303,2020-01-09,39500,850,39100,39950,39100,31464
302,2020-01-10,39600,100,39450,39950,39200,26749
301,2020-01-13,40150,550,39550,40450,39350,35147
298,2020-01-14,39800,350,40350,40500,39550,28269
297,2020-01-15,40150,350,39800,40350,39500,33489
296,2020-01-16,40550,400,39800,40600,39800,34093
295,2020-01-17,40800,250,40700,41300,40300,47299
294,2020-01-20,41450,650,41200,42200,41100,95389
290,2020-01-21,40900,550,41900,41900,40800,25271
289,2020-01-22,40800,100,41000,41450,40500,21192
288,2020-01-23,40850,50,40500,41400,40400,22476
287,2020-01-28,40350,500,39750,40850,39300,56877
286,2020-01-29,40850,500,40400,41450,39850,27072
283,2020-01-30,40850,0,40850,41200,40450,29714
282,2020-01-31,40500,350,40800,41200,39850,24864
281,2020-02-03,39550,950,40300,40300,39000,27823
280,2020-02-04,40000,450,39000,40450,39000,18178
279,2020-02-05,40800,800,40000,41000,39850,34673
275,2020-02-06,40650,150,40800,41250,39250,35357
274,2020-02-07,40100,550,40150,40500,39200,70339
273,2020-02-10,39400,700,40000,40050,39200,27048
272,2020-02-11,39050,350,39500,39800,39050,56382
271,2020-02-12,38900,150,39050,39350,38500,66746
268,2020-02-13,38400,500,39100,39100,37950,87983
267,2020-02-14,37950,450,38650,38950,37850,50602
266,2020-02-17,37200,750,38300,38300,37150,50495
265,2020-02-18,37200,0,37500,37750,36950,38297
264,2020-02-19,35850,1350,37100,37500,35600,89572
260,2020-02-20,35500,350,35850,36250,35000,62474
259,2020-02-21,34350,1150,35400,35400,34250,51357
258,2020-02-24,32900,1450,33000,33500,32750,77635
257,2020-02-25,33550,650,32450,33700,32350,35799
256,2020-02-26,32400,1150,32850,33500,32300,50454
253,2020-02-27,31750,650,32500,32750,31400,40762
252,2020-02-28,32000,250,31000,32350,30600,56620
251,2020-03-02,32600,600,31500,33150,31450,31196
250,2020-03-03,31850,750,33200,33700,31850,46797
249,2020-03-04,32450,600,31650,32550,31600,38427
245,2020-03-05,32600,150,32550,33250,32450,30797
244,2020-03-06,32150,450,32350,32550,31750,23833
243,2020-03-09,30900,1250,31550,31550,29800,44973
242,2020-03-10,30900,0,30050,31400,30050,28037
241,2020-03-11,29400,1500,31100,31300,29150,50866
238,2020-03-12,28200,1200,29050,29600,27700,63011
237,2020-03-13,25300,2900,25400,27200,23400,116291
236,2020-03-16,22950,2350,26000,26250,22200,93320
235,2020-03-17,22650,300,21400,22650,20900,69991
234,2020-03-18,21500,1150,23050,23400,21500,43753
230,2020-03-19,19050,2450,21550,21900,17250,131036
229,2020-03-20,19800,750,19500,20050,19000,73273
228,2020-03-23,17900,1900,18050,18850,17900,62074
227,2020-03-24,20450,2550,18350,21000,18200,79501
226,2020-03-25,22900,2450,22450,23400,21500,95679
223,2020-03-26,23000,100,22900,23500,22300,44937
222,2020-03-27,24000,1000,23800,24900,23300,83598
221,2020-03-30,24300,300,23500,24400,23000,40525
220,2020-03-31,26800,2500,25000,28550,25000,102045
219,2020-04-01,26300,500,27500,28750,26300,67921
215,2020-04-02,27050,750,26000,28200,25850,61841
214,2020-04-03,27350,300,27500,28200,26850,38132
213,2020-04-06,27650,300,27950,28000,26600,40458
212,2020-04-07,28700,1050,28500,28900,27800,54566
211,2020-04-08,28600,100,28100,29150,27750,61174
208,2020-04-09,29850,1250,29200,30000,28900,57941
207,2020-04-10,30500,650,29850,30750,29450,55894
206,2020-04-13,29850,650,30450,30450,29450,40880
205,2020-04-14,31150,1300,30000,31150,29950,36461
204,2020-04-16,31500,350,31200,32000,30750,33432
200,2020-04-17,31600,100,31650,31950,31100,52370
199,2020-04-20,31950,350,32050,32650,31650,40964
198,2020-04-21,31300,650,31500,31950,29800,44753
197,2020-04-22,30950,350,31200,31200,29950,39061
196,2020-04-23,32350,1400,31300,32350,30900,41009
193,2020-04-24,32100,250,32850,32850,31700,38666
192,2020-04-27,33400,1300,32400,34150,32200,61026
191,2020-04-28,35800,2400,34050,36650,34050,225925
190,2020-04-29,36300,500,36400,38500,36000,168613
189,2020-05-04,36000,300,36000,36750,34750,60679
185,2020-05-06,36000,0,37100,37100,35450,69528
184,2020-05-07,35700,300,36200,37000,35150,88315
183,2020-05-08,37000,1300,36450,37000,36100,98061
182,2020-05-11,38750,1750,38000,39000,37300,165642
181,2020-05-12,39200,450,38900,39500,37750,123539
178,2020-05-13,38900,300,38100,39600,38100,65926
177,2020-05-14,37900,1000,38250,38900,37400,74402
176,2020-05-15,37950,50,38200,38450,37300,40658
175,2020-05-18,36400,1550,37950,37950,36350,79854
174,2020-05-19,35650,750,36400,36450,35200,116910
170,2020-05-20,35300,350,35650,36200,35150,85975
169,2020-05-21,35500,200,35750,35750,34950,64520
168,2020-05-22,36300,800,35850,37250,35550,106390
167,2020-05-25,38350,2050,36450,38400,35750,149323
166,2020-05-26,39400,1050,39200,40900,39050,317253
163,2020-05-27,39800,400,40500,40500,38700,139465
162,2020-05-28,38250,1550,39700,40400,37800,156718
161,2020-05-29,39600,1350,38250,39900,38050,102068
160,2020-06-01,41000,1400,40300,41450,38950,160802
159,2020-06-02,41300,300,40700,41700,40400,86471
155,2020-06-03,40800,500,41500,41800,40050,106752
154,2020-06-04,39700,1100,40800,41200,39650,98407
153,2020-06-05,39750,50,40100,40300,38800,65120
152,2020-06-08,39500,250,39900,40300,39250,62282
151,2020-06-09,39500,0,39800,39950,38750,46794
148,2020-06-10,39000,500,39450,39900,38750,54187
147,2020-06-11,38400,600,39100,39100,38300,56047
146,2020-06-12,37900,500,36400,37900,36150,81854
145,2020-06-15,36100,1800,37900,37900,35900,83307
144,2020-06-16,37200,1100,36950,37850,36750,66554
140,2020-06-17,37950,750,37600,38800,36750,61053
139,2020-06-18,37400,550,38050,38800,37300,45919
138,2020-06-19,37250,150,37800,38000,36900,29570
137,2020-06-22,37550,300,37250,37600,37000,23735
136,2020-06-23,37650,100,37900,38200,37150,39624
133,2020-06-24,37000,650,37400,38000,36850,61886
132,2020-06-25,36600,400,36500,37100,36400,30175
131,2020-06-26,36350,250,37000,37000,36000,34974
130,2020-06-29,36300,50,35750,36800,35600,27752
129,2020-06-30,36750,450,36450,36950,36150,23430
125,2020-07-01,35650,1100,36750,36750,35650,41366
124,2020-07-02,35950,300,35800,36200,35700,16073
123,2020-07-03,36300,350,36100,36450,35750,15016
122,2020-07-06,35750,550,35700,36200,35550,39801
121,2020-07-07,35000,750,36050,36050,34850,47998
118,2020-07-08,34950,50,35000,35450,34900,26607
117,2020-07-09,34800,150,35050,35650,34500,43296
116,2020-07-10,34200,600,34500,34800,34050,41667
115,2020-07-13,34100,100,34500,34600,33850,33872
114,2020-07-14,33750,350,34300,34300,33400,53168
110,2020-07-15,34100,350,34000,34500,33650,37055
109,2020-07-16,35200,1100,34350,35500,34150,60516
108,2020-07-17,34800,400,35400,35400,34400,34248
107,2020-07-20,34950,150,34800,35000,34100,25905
106,2020-07-21,35400,450,35000,35450,34750,38717
103,2020-07-22,34550,850,35400,35400,33900,72569
102,2020-07-23,34000,550,34550,34700,33800,43323
101,2020-07-24,33500,500,33900,33900,33200,45212
100,2020-07-27,33900,400,33000,34000,33000,23240
99,2020-07-28,33800,100,33950,33950,33350,23595
95,2020-07-29,34000,200,33800,34300,33650,25381
94,2020-07-30,34300,300,34000,34450,33700,22509
93,2020-07-31,33350,950,34300,34500,33300,72662
92,2020-08-03,33350,0,33400,33700,32950,22682
91,2020-08-04,34500,1150,33400,34500,33300,70576
88,2020-08-05,35000,500,34600,35300,34350,69202
87,2020-08-06,36000,1000,35000,36850,34100,156986
86,2020-08-07,35600,400,36700,36750,35300,74845
85,2020-08-10,35000,600,35700,36100,34700,51726
84,2020-08-11,34700,300,35150,35150,34550,42289
80,2020-08-12,35200,500,34800,35600,33950,76849
79,2020-08-13,35500,300,35500,36450,35100,69846
78,2020-08-14,36200,700,35900,36450,35250,54722
77,2020-08-18,34250,1950,35800,35950,34200,52191
76,2020-08-19,34250,0,34300,34850,33900,39560
73,2020-08-20,32600,1650,34050,34250,31800,65086
72,2020-08-21,32550,50,33100,33100,32050,25519
71,2020-08-24,32600,50,32550,32600,31800,27516
70,2020-08-25,33500,900,32800,33800,32700,21444
69,2020-08-26,33400,100,33350,33850,32450,25778
65,2020-08-27,32600,800,33400,33500,32450,29106
64,2020-08-28,32650,50,32650,33150,32200,18910
63,2020-08-31,32850,200,32950,33000,31900,34825
62,2020-09-01,32700,150,32900,32900,32400,16047
61,2020-09-02,32500,200,32900,32900,32150,53779
58,2020-09-03,32750,250,32600,32800,32150,44930
57,2020-09-04,31950,800,31900,32650,31750,49522
56,2020-09-07,32200,250,32000,32300,31700,22537
55,2020-09-08,32950,750,32350,33550,32300,72658
54,2020-09-09,35300,2350,33350,36200,33000,212772
50,2020-09-10,35300,0,35700,37500,35150,217189
49,2020-09-11,37100,1800,36200,37350,36050,206441
48,2020-09-14,38450,1350,38050,39500,37700,204737
47,2020-09-15,38000,450,38450,38450,36750,139744
46,2020-09-16,38250,250,37700,38500,37250,85761
43,2020-09-17,37250,1000,38300,38300,36850,67025
42,2020-09-18,36450,800,36850,37250,36050,62206
41,2020-09-21,35000,1450,36500,36700,34700,59970
40,2020-09-22,35150,150,35400,36000,34950,52006
39,2020-09-23,34900,250,35250,35750,34100,45314
35,2020-09-24,33200,1700,33800,34450,32850,49845
34,2020-09-25,33150,50,33300,33700,32750,21764
33,2020-09-28,34600,1450,33400,34800,33150,29593
32,2020-09-29,35150,550,34600,35500,34300,32162
31,2020-10-05,35700,550,35150,35700,34700,19362
28,2020-10-06,36500,800,37500,37550,36050,75410
27,2020-10-07,36600,100,36400,36750,36050,21267
26,2020-10-08,36750,150,37000,37000,36300,28068
25,2020-10-12,36150,600,36750,36900,36150,41556
24,2020-10-13,36000,150,36450,36500,35250,42603
20,2020-10-14,34950,1050,35900,36100,34950,42235
19,2020-10-15,34200,750,35050,35150,33800,45821
18,2020-10-16,33050,1150,34050,34400,32950,56343
17,2020-10-19,33750,700,33400,34400,33400,38399
16,2020-10-20,34100,350,33600,34150,33400,20366
13,2020-10-21,34400,300,34200,34800,33800,30269
12,2020-10-22,34500,100,34700,35150,34250,43001
11,2020-10-23,35200,700,34550,35650,34550,41945
10,2020-10-26,34550,650,35200,35400,34000,25660
9,2020-10-27,34500,50,34000,34700,34000,20952
5,2020-10-28,35300,800,35000,35600,34550,36736
4,2020-10-29,35100,200,34600,35250,34100,40925
3,2020-10-30,33900,1200,35100,35100,33900,24840
2,2020-11-02,35000,1100,34300,35150,34000,27398
1,2020-11-03,35000,0,35000,35600,34800,16762
