,date,close,diff,open,high,low,volume
448,2019-08-16,3890,160,4080,4080,3850,21105
447,2019-08-19,3935,45,3890,3955,3815,12218
446,2019-08-20,4040,105,3830,4050,3830,13583
445,2019-08-21,4040,0,4005,4055,3960,4736
444,2019-08-22,4045,5,4060,4060,3990,6287
440,2019-08-23,3920,125,4000,4035,3920,15035
439,2019-08-26,3780,140,3915,3915,3705,10060
438,2019-08-27,3875,95,3820,3900,3800,6787
437,2019-08-28,3860,15,3755,3875,3755,8119
436,2019-08-29,3860,0,3860,3885,3780,9593
433,2019-08-30,3875,15,3860,3990,3840,20420
432,2019-09-02,3900,25,3775,3900,3775,10110
431,2019-09-03,3980,80,3890,4035,3890,13583
430,2019-09-04,4050,70,3975,4130,3970,14945
429,2019-09-05,4085,35,4050,4130,4050,9060
425,2019-09-06,4085,0,4110,4120,4025,16600
424,2019-09-09,4085,0,4095,4200,4055,16534
423,2019-09-10,4130,45,4085,4165,4060,13374
422,2019-09-11,4200,70,4150,4230,4100,19083
421,2019-09-16,4210,10,4225,4245,4150,9718
418,2019-09-17,4210,0,4140,4240,4140,23366
417,2019-09-18,4210,0,4200,4220,4140,12401
416,2019-09-19,4155,55,4210,4255,4120,9530
415,2019-09-20,4215,60,4180,4230,4170,5580
414,2019-09-23,4170,45,4170,4225,4135,10062
410,2019-09-24,4170,0,4110,4245,4110,16968
409,2019-09-25,4185,15,4170,4285,4085,31648
408,2019-09-26,4125,60,4175,4220,4080,15307
407,2019-09-27,4020,105,4210,4210,4020,9819
406,2019-09-30,3930,90,4020,4050,3860,14188
403,2019-10-01,3975,45,3930,3995,3930,6809
402,2019-10-02,3950,25,3905,4000,3590,59963
401,2019-10-04,3890,60,3940,3955,3855,9762
400,2019-10-07,3895,5,3810,3910,3810,13290
399,2019-10-08,3795,100,3910,3910,3700,25881
395,2019-10-10,3830,35,4090,4090,3760,9182
394,2019-10-11,3835,5,3835,3965,3830,7445
393,2019-10-14,3905,70,3915,3950,3805,18996
392,2019-10-15,3875,30,3905,3930,3850,12483
391,2019-10-16,3920,45,3875,3925,3870,18240
388,2019-10-17,3930,10,3845,3945,3845,13297
387,2019-10-18,3910,20,3900,3980,3890,6970
386,2019-10-21,3720,190,3910,3950,3700,39267
385,2019-10-22,3800,80,3715,3820,3700,12344
384,2019-10-23,3795,5,3800,3865,3755,2265
380,2019-10-24,3770,25,3745,3800,3510,30103
379,2019-10-25,3685,85,3705,3760,3640,13114
378,2019-10-28,3720,35,3680,3800,3645,14263
377,2019-10-29,3655,65,3650,3800,3635,19008
376,2019-10-30,3610,45,3605,3675,3560,27452
373,2019-10-31,3640,30,3610,3650,3575,5193
372,2019-11-01,3855,215,3650,4295,3595,460257
371,2019-11-04,4110,255,3920,4485,3855,754561
370,2019-11-05,4100,10,4100,4130,4005,99621
369,2019-11-06,4100,0,4105,4300,4045,147942
365,2019-11-07,4170,70,4200,4270,4130,122207
364,2019-11-08,4165,5,4190,4255,4110,37324
363,2019-11-11,4100,65,4190,4190,4100,28025
362,2019-11-12,4060,40,4165,4165,4045,20629
361,2019-11-13,4080,20,4065,4100,4020,20270
358,2019-11-14,4100,20,4090,4160,4075,10744
357,2019-11-15,4030,70,4150,4150,4030,19557
356,2019-11-18,4035,5,4045,4095,4020,13559
355,2019-11-19,4730,695,4035,5240,4035,4922162
354,2019-11-20,4715,15,4795,4825,4600,551205
350,2019-11-21,4570,145,4715,4735,4495,255690
349,2019-11-22,4440,130,4620,4765,4400,378920
348,2019-11-25,4510,70,4455,4545,4430,92239
347,2019-11-26,4470,40,4550,4555,4435,93880
346,2019-11-27,4485,15,4430,4595,4430,85164
343,2019-11-28,4350,135,4490,4935,4305,901235
342,2019-11-29,4140,210,4290,4335,4140,112723
341,2019-12-02,4095,45,4100,4150,4090,42057
340,2019-12-03,4230,135,4090,4310,4070,77981
339,2019-12-04,4145,85,4120,4215,4120,26489
335,2019-12-05,4065,80,4110,4250,4065,36296
334,2019-12-06,4120,55,4065,4185,4065,17472
333,2019-12-09,4145,25,4120,4200,4120,18618
332,2019-12-10,4385,240,4145,4725,4070,547447
331,2019-12-11,4300,85,4390,4630,4240,264309
328,2019-12-12,4360,60,4300,4360,4250,49060
327,2019-12-13,4285,75,4370,4400,4285,72469
326,2019-12-16,4350,65,4300,4420,4275,121990
325,2019-12-17,4380,30,4650,4780,4370,424890
324,2019-12-18,4370,10,4445,4445,4360,46036
320,2019-12-19,4300,70,4400,4400,4300,32791
319,2019-12-20,4405,105,4395,4690,4325,276292
318,2019-12-23,4335,70,4405,4475,4310,32586
317,2019-12-24,4260,75,4315,4370,4215,51449
316,2019-12-26,4270,10,4270,4310,4230,12001
313,2019-12-27,4250,20,4245,4285,4240,24906
312,2019-12-30,4295,45,4250,4305,4220,25032
311,2020-01-02,4350,55,4300,4395,4295,12030
310,2020-01-03,4350,0,4350,4440,4350,39995
309,2020-01-06,4250,100,4350,4350,4225,32025
305,2020-01-07,4365,115,4250,4670,4250,348131
304,2020-01-08,4225,140,4355,4355,4090,78802
303,2020-01-09,4330,105,4250,4335,4235,55002
302,2020-01-10,4475,145,4330,4475,4330,85701
301,2020-01-13,4580,105,4530,4610,4450,81683
298,2020-01-14,4620,40,4610,4690,4555,113517
297,2020-01-15,4605,15,4620,4695,4555,42647
296,2020-01-16,4715,110,4670,4780,4595,184494
295,2020-01-17,4650,65,4715,4745,4600,45632
294,2020-01-20,4500,150,4635,4660,4490,52321
290,2020-01-21,4535,35,4475,4590,4470,18017
289,2020-01-22,4545,10,4535,4550,4475,21556
288,2020-01-23,4475,70,4505,4520,4460,21665
287,2020-01-28,4330,145,4400,4400,4250,47446
286,2020-01-29,4435,105,4315,4470,4280,29010
283,2020-01-30,4270,165,4380,4470,4110,42562
282,2020-01-31,4035,235,4300,4320,4035,46193
281,2020-02-03,3960,75,3990,4050,3600,77077
280,2020-02-04,4165,205,4120,4165,3965,17268
279,2020-02-05,4240,75,4295,4295,4160,12913
275,2020-02-06,4300,60,4215,4375,4215,19050
274,2020-02-07,4260,40,4400,4400,4155,25076
273,2020-02-10,4360,100,4300,4360,4210,13066
272,2020-02-11,4400,40,4375,4425,4305,21503
271,2020-02-12,4440,40,4400,4455,4400,30932
268,2020-02-13,4410,30,4460,4480,4400,18584
267,2020-02-14,4445,35,4410,4460,4350,27995
266,2020-02-17,4460,15,4445,4460,4370,19747
265,2020-02-18,4400,60,4450,4480,4350,27082
264,2020-02-19,4365,35,4320,4395,4205,40309
260,2020-02-20,4290,75,4305,4400,4230,17662
259,2020-02-21,4175,115,4215,4280,4130,14742
258,2020-02-24,3855,320,4005,4075,3855,32479
257,2020-02-25,3970,115,3750,3980,3750,16800
256,2020-02-26,3915,55,3970,3970,3820,11567
253,2020-02-27,3780,135,3915,3930,3765,23743
252,2020-02-28,3565,215,3630,3745,3500,57287
251,2020-03-02,3635,70,3530,3700,3465,25262
250,2020-03-03,3630,5,3570,3780,3570,37309
249,2020-03-04,3730,100,3630,3730,3630,22072
245,2020-03-05,3865,135,3730,3870,3705,28321
244,2020-03-06,3820,45,3860,3950,3790,26086
243,2020-03-09,3550,270,3820,3820,3550,26056
242,2020-03-10,3600,50,3545,3640,3400,27892
241,2020-03-11,3465,135,3680,3680,3450,16970
238,2020-03-12,2995,470,3400,3450,2905,69941
237,2020-03-13,2615,380,2970,2970,2395,106960
236,2020-03-16,2480,135,2590,2770,2430,48254
235,2020-03-17,2415,65,2160,2490,2160,27199
234,2020-03-18,2330,85,2395,2510,2265,23577
230,2020-03-19,1720,610,2300,2400,1715,95105
229,2020-03-20,1830,110,1680,1870,1680,77150
228,2020-03-23,1735,95,1705,1800,1635,36601
227,2020-03-24,1900,165,1725,1925,1725,22046
226,2020-03-25,2080,180,2050,2160,1960,48861
223,2020-03-26,2280,200,2110,2350,2100,36370
222,2020-03-27,2355,75,2280,2410,2200,30889
221,2020-03-30,2525,170,2340,2545,2215,18809
220,2020-03-31,2685,160,2575,2750,2560,47405
219,2020-04-01,2690,5,2760,2850,2650,38731
215,2020-04-02,2890,200,2725,3400,2710,333065
214,2020-04-03,3110,220,2955,3435,2760,303444
213,2020-04-06,3055,55,3080,3095,2980,56861
212,2020-04-07,3080,25,3065,3175,3045,49733
211,2020-04-08,3050,30,3085,3165,3035,32275
208,2020-04-09,3145,95,3055,3210,3055,35960
207,2020-04-10,3145,0,3155,3245,2970,33104
206,2020-04-13,3095,50,3140,3190,3025,36594
205,2020-04-14,3120,25,3095,3170,3090,17924
204,2020-04-16,3255,135,3145,3255,3075,21727
200,2020-04-17,3365,110,3260,3375,3260,36716
199,2020-04-20,3400,35,3650,3850,3385,349294
198,2020-04-21,3270,130,3390,3400,3055,80267
197,2020-04-22,3330,60,3400,3400,3155,44455
196,2020-04-23,3400,70,3330,3425,3330,35894
193,2020-04-24,4420,1020,3405,4420,3340,1277663
192,2020-04-27,5740,1320,5250,5740,5100,4006557
191,2020-04-28,4775,965,5580,5920,4705,4326207
190,2020-04-29,4510,265,4700,4850,4430,966108
189,2020-05-04,4445,65,4455,4615,4440,312982
185,2020-05-06,4515,70,4465,4595,4465,216662
184,2020-05-07,4595,80,4565,4650,4520,234646
183,2020-05-08,4610,15,4640,4640,4455,232172
182,2020-05-11,4560,50,4610,4655,4500,169522
181,2020-05-12,4495,65,4565,4590,4395,183077
178,2020-05-13,4520,25,4410,4530,4400,107253
177,2020-05-14,4405,115,4520,4530,4395,88787
176,2020-05-15,4490,85,4405,4550,4405,126481
175,2020-05-18,4460,30,4470,4510,4400,60661
174,2020-05-19,4500,40,4470,4545,4415,116572
170,2020-05-20,4560,60,4520,4615,4495,152588
169,2020-05-21,4605,45,4600,4645,4560,143288
168,2020-05-22,4585,20,4695,4695,4500,141960
167,2020-05-25,4665,80,4560,4665,4555,137122
166,2020-05-26,5120,455,4705,5120,4280,936679
163,2020-05-27,5000,120,5110,5110,4600,376394
162,2020-05-28,4955,45,5120,5120,4720,145191
161,2020-05-29,4995,40,4970,5040,4890,126327
160,2020-06-01,5000,5,5290,5300,4950,443919
159,2020-06-02,5060,60,5100,5130,4995,170073
155,2020-06-03,4975,85,5070,5210,4975,159960
154,2020-06-04,4715,260,5000,5000,4665,322060
153,2020-06-05,4885,170,4700,4935,4695,211430
152,2020-06-08,4995,110,4960,5080,4815,162651
151,2020-06-09,4935,60,5050,5050,4890,104245
148,2020-06-10,4960,25,4940,5020,4835,105744
147,2020-06-11,4980,20,5050,5090,4920,109259
146,2020-06-12,4950,30,4750,4975,4700,206858
145,2020-06-15,4550,400,4950,4980,4460,139847
144,2020-06-16,4700,150,4555,4850,4550,67478
140,2020-06-17,4565,135,4690,4840,4395,145662
139,2020-06-18,4650,85,4520,4700,4520,56631
138,2020-06-19,4790,140,4650,4820,4565,72621
137,2020-06-22,5080,290,4750,5220,4750,310240
136,2020-06-23,5070,10,5100,5150,4790,176488
133,2020-06-24,4870,200,5180,5180,4865,100991
132,2020-06-25,4550,320,4845,6050,4500,3005421
131,2020-06-26,4355,195,4465,4665,4345,235942
130,2020-06-29,4155,200,4300,4350,4050,150064
129,2020-06-30,4390,235,4260,4500,4165,130564
125,2020-07-01,4400,10,4495,4495,4315,43453
124,2020-07-02,4415,15,4400,4445,4310,36693
123,2020-07-03,4430,15,4415,4485,4330,35033
122,2020-07-06,4575,145,4425,4595,4385,47505
121,2020-07-07,4720,145,4720,4720,4515,108406
118,2020-07-08,4810,90,4720,4830,4670,76135
117,2020-07-09,4940,130,4870,4965,4795,84448
116,2020-07-10,4945,5,4940,4955,4805,48255
115,2020-07-13,4935,10,4905,5040,4905,44193
114,2020-07-14,4995,60,4860,5050,4840,57323
110,2020-07-15,4985,10,5050,5090,4950,30640
109,2020-07-16,4995,10,4995,5080,4935,54050
108,2020-07-17,4980,15,4995,5010,4910,16413
107,2020-07-20,5010,30,4980,5010,4865,40503
106,2020-07-21,4910,100,5010,5060,4910,27469
103,2020-07-22,4860,50,4910,4910,4845,19336
102,2020-07-23,4925,65,4860,4965,4850,26912
101,2020-07-24,4870,55,4875,4970,4715,36930
100,2020-07-27,4845,25,4870,4950,4780,32714
99,2020-07-28,4930,85,4845,4950,4805,38548
95,2020-07-29,4880,50,4930,4930,4825,29204
94,2020-07-30,4970,90,4870,5040,4870,39496
93,2020-07-31,4940,30,4900,4970,4885,36877
92,2020-08-03,4895,45,4900,4960,4815,32468
91,2020-08-04,4915,20,4895,4990,4850,25006
88,2020-08-05,4870,45,5000,5000,4860,33121
87,2020-08-06,4870,0,4870,4950,4830,30590
86,2020-08-07,4800,70,4870,4900,4785,31690
85,2020-08-10,4875,75,4875,4990,4755,38751
84,2020-08-11,4940,65,4875,4955,4815,32083
80,2020-08-12,4875,65,4940,4950,4770,19920
79,2020-08-13,4800,75,4875,4950,4800,33341
78,2020-08-14,4620,180,4800,4830,4570,46582
77,2020-08-18,4355,265,4620,4650,4100,65870
76,2020-08-19,4225,130,4355,4530,4180,39235
73,2020-08-20,3870,355,4250,4350,3860,63662
72,2020-08-21,4020,150,3870,4500,3870,82346
71,2020-08-24,4125,105,4155,4155,4000,29859
70,2020-08-25,4260,135,4125,4370,4125,18818
69,2020-08-26,4260,0,4265,4455,4125,25058
65,2020-08-27,4195,65,4265,4385,4150,17645
64,2020-08-28,4270,75,4195,4285,4190,15374
63,2020-08-31,4335,65,4300,4415,4225,29694
62,2020-09-01,4295,40,4495,4495,4210,51704
61,2020-09-02,4455,160,4835,5250,4440,824965
58,2020-09-03,4490,35,4545,4545,4370,57679
57,2020-09-04,4430,60,4300,4470,4290,42456
56,2020-09-07,4460,30,4435,4540,4310,58224
55,2020-09-08,4400,60,4460,4500,4220,43615
54,2020-09-09,4395,5,4400,4400,4260,18254
50,2020-09-10,4415,20,4395,4495,4395,31991
49,2020-09-11,4420,5,4460,4500,4330,18516
48,2020-09-14,4445,25,4520,4520,4410,20829
47,2020-09-15,4475,30,4495,4495,4395,19435
46,2020-09-16,4680,205,4475,4850,4450,191023
43,2020-09-17,4730,50,4645,4780,4485,89044
42,2020-09-18,4720,10,4710,4790,4525,37167
41,2020-09-21,4670,50,4720,4745,4525,45521
40,2020-09-22,4610,60,4635,4690,4495,74029
39,2020-09-23,4755,145,4730,4900,4565,70397
35,2020-09-24,4670,85,4705,4840,4590,64953
34,2020-09-25,4840,170,4670,4930,4645,89667
33,2020-09-28,4865,25,4975,5000,4775,59701
32,2020-09-29,4950,85,4830,4980,4820,54236
31,2020-10-05,4860,90,4950,4955,4835,26761
28,2020-10-06,4695,165,4860,4940,4650,34840
27,2020-10-07,4740,45,4695,4770,4690,33402
26,2020-10-08,4845,105,4740,4880,4725,12921
25,2020-10-12,4895,50,4915,4915,4800,21981
24,2020-10-13,4870,25,4895,4925,4780,21835
20,2020-10-14,4890,20,4895,4965,4785,47293
19,2020-10-15,4960,70,4880,4960,4785,46662
18,2020-10-16,5070,110,4960,5560,4905,796537
17,2020-10-19,5330,260,5100,5370,5010,207880
16,2020-10-20,5000,330,5330,5610,4975,247549
13,2020-10-21,5050,50,5010,5130,4950,44452
12,2020-10-22,5080,30,5050,5400,4965,160943
11,2020-10-23,5170,90,5080,5190,5000,65068
10,2020-10-26,4995,175,5120,5230,4950,66007
9,2020-10-27,4765,230,4995,4995,4710,76224
5,2020-10-28,4875,110,4765,4930,4765,43954
4,2020-10-29,5360,485,4850,5450,4825,420739
3,2020-10-30,5270,90,5330,5500,5270,187468
2,2020-11-02,5230,40,5250,5420,5140,117572
1,2020-11-03,5360,130,5320,5600,5220,95847
