,date,close,diff,open,high,low,volume
446,2019-08-20,6950,1050,8000,10400,6950,16932834
445,2019-08-21,8300,1350,6990,8900,6550,12941725
444,2019-08-22,7830,470,7930,9500,7650,9593033
440,2019-08-23,8420,590,7910,8990,7720,6470346
439,2019-08-26,7410,1010,8070,8360,7410,1420941
438,2019-08-27,6700,710,7470,7920,6680,1167277
437,2019-08-28,6980,280,6860,7330,6780,2135284
436,2019-08-29,7230,250,7180,7890,6960,5592169
433,2019-08-30,7270,40,8310,8380,7240,4039022
432,2019-09-02,7450,180,7350,7590,7090,1291992
431,2019-09-03,7160,290,7330,7440,7130,1049153
430,2019-09-04,7310,150,7420,7490,7260,1330244
429,2019-09-05,7000,310,7300,7320,6960,817647
425,2019-09-06,6830,170,7050,7120,6750,432022
424,2019-09-09,6630,200,6730,6910,6630,415944
423,2019-09-10,6880,250,6680,7040,6530,893581
422,2019-09-11,6900,20,6820,7500,6720,2111660
421,2019-09-16,6910,10,7010,7050,6880,294010
418,2019-09-17,8980,2070,8600,8980,7770,6187467
417,2019-09-18,10350,1370,9440,11200,9420,6436975
416,2019-09-19,8700,1650,9840,9850,8450,1969290
415,2019-09-20,9080,380,8400,10150,8200,4887122
414,2019-09-23,8090,990,8490,8880,8050,1217669
410,2019-09-24,8680,590,9370,9650,8450,2704727
409,2019-09-25,11250,2570,8800,11250,8770,6071028
408,2019-09-26,12300,1050,12750,13750,11550,9473219
407,2019-09-27,15950,3650,13350,15950,13150,9905693
406,2019-09-30,19050,3100,16000,20400,15550,9160399
403,2019-10-01,15550,3500,18000,18150,14750,3137160
402,2019-10-02,18850,3300,16100,19950,16000,6598315
401,2019-10-04,18700,150,20250,20850,17000,4383242
400,2019-10-07,16150,2550,16800,18300,15650,1935545
399,2019-10-08,14450,1700,15650,15650,13900,1864374
395,2019-10-10,14200,250,15850,16800,14200,2629286
394,2019-10-11,14700,500,14450,15750,13050,3052808
393,2019-10-14,13550,1150,14350,14750,13350,768679
392,2019-10-15,12250,1300,13300,13500,12000,921304
391,2019-10-16,13800,1550,12300,14800,11800,4539892
388,2019-10-17,13050,750,12800,13500,12600,1015901
387,2019-10-18,13750,700,13050,14300,12800,1441885
386,2019-10-21,12000,1750,13050,13100,12000,891532
385,2019-10-22,11400,600,11800,12000,11350,734946
384,2019-10-23,11100,300,11400,11750,10500,752384
380,2019-10-24,11350,250,11050,11350,10650,580296
379,2019-10-25,11000,350,11200,11300,10700,391799
378,2019-10-28,10150,850,10650,10700,10050,598538
377,2019-10-29,9820,330,10150,10450,9800,425259
376,2019-10-30,10050,230,9780,10200,9710,404204
373,2019-10-31,9580,470,9990,10000,9540,331016
372,2019-11-01,9580,0,9480,9770,9380,229934
371,2019-11-04,9350,230,9400,9460,9170,321267
370,2019-11-05,9350,0,9340,9570,9300,191941
369,2019-11-06,9530,180,9340,10050,9300,566621
365,2019-11-07,9300,230,9430,9520,9170,212821
364,2019-11-08,9610,310,9270,9990,9260,1001058
363,2019-11-11,9230,380,9610,9620,9190,202999
362,2019-11-12,9090,140,9280,9370,9060,152204
361,2019-11-13,9000,90,9100,9140,8890,167173
358,2019-11-14,8760,240,8900,9030,8760,125287
357,2019-11-15,8970,210,8750,9030,8750,115387
356,2019-11-18,8780,190,8820,8960,8770,81430
355,2019-11-19,8480,300,8700,8780,8460,109250
354,2019-11-20,8110,370,8480,8500,8100,241243
350,2019-11-21,8300,190,8110,9150,8090,1334976
349,2019-11-22,7970,330,8170,8350,7960,171612
348,2019-11-25,8240,270,8050,8660,8050,477645
347,2019-11-26,8220,20,8190,8470,8130,162815
346,2019-11-27,8180,40,8270,8410,8150,82159
343,2019-11-28,8110,70,8150,8490,8060,123574
342,2019-11-29,7930,180,8060,8210,7900,97473
341,2019-12-02,8060,130,7910,8120,7850,78461
340,2019-12-03,7830,230,8030,8040,7770,81072
339,2019-12-04,7940,110,7820,8100,7760,79134
335,2019-12-05,7710,230,8070,8070,7500,108944
334,2019-12-06,7890,180,7710,7950,7620,74380
333,2019-12-09,7970,80,7990,8060,7890,53884
332,2019-12-10,7920,50,7970,7990,7800,39833
331,2019-12-11,8180,260,7850,8200,7810,102890
328,2019-12-12,8440,260,8230,8600,8220,405775
327,2019-12-13,8440,0,8450,8450,8340,95404
326,2019-12-16,8250,190,8450,8480,8200,54453
325,2019-12-17,8160,90,8250,8360,8140,56093
324,2019-12-18,8550,390,8240,8560,8140,151400
320,2019-12-19,8380,170,8520,8560,8270,101320
319,2019-12-20,8370,10,8380,8800,8280,139884
318,2019-12-23,8060,310,8290,8360,8060,88829
317,2019-12-24,7980,80,8100,8120,7770,82446
316,2019-12-26,7870,110,7950,8000,7810,43198
313,2019-12-27,8000,130,7870,8080,7870,82715
312,2019-12-30,8200,200,7950,8250,7950,90355
311,2020-01-02,8290,90,8200,8330,8170,46173
310,2020-01-03,8310,20,8300,8370,8160,73044
309,2020-01-06,8030,280,8310,8360,8000,73844
305,2020-01-07,8030,0,8030,8240,7980,65543
304,2020-01-08,7580,450,8000,8010,7420,274827
303,2020-01-09,7980,400,7800,8100,7710,143111
302,2020-01-10,7930,50,7910,8010,7870,29411
301,2020-01-13,8050,120,8000,8090,7930,53771
298,2020-01-14,8160,110,8300,8390,8110,122688
297,2020-01-15,8260,100,8160,8330,8130,70197
296,2020-01-16,8300,40,8250,8340,8170,54536
295,2020-01-17,8240,60,8330,8400,8220,63718
294,2020-01-20,8130,110,8250,8290,8090,70844
290,2020-01-21,8050,80,8120,8180,8030,35789
289,2020-01-22,8150,100,8050,8250,8010,48425
288,2020-01-23,8110,40,8120,8200,8030,36714
287,2020-01-28,7810,300,7920,8000,7710,104997
286,2020-01-29,7890,80,7850,8050,7750,58816
283,2020-01-30,7600,290,7890,7940,7510,89031
282,2020-01-31,7320,280,7570,7810,7300,83667
281,2020-02-03,9510,2190,7300,9510,7100,7493246
280,2020-02-04,9450,60,9400,10750,9010,7043931
279,2020-02-05,9250,200,9410,10250,9060,4114198
275,2020-02-06,9250,0,9160,9670,9010,1418050
274,2020-02-07,9190,60,9250,9610,9100,1208611
273,2020-02-10,11250,2060,9350,11850,9210,10319694
272,2020-02-11,10300,950,11000,11100,10100,2149171
271,2020-02-12,9740,560,10400,11100,9740,2742372
268,2020-02-13,9900,160,9740,10250,9510,1229148
267,2020-02-14,10200,300,10100,11000,10000,3779724
266,2020-02-17,9670,530,10050,10100,9580,484606
265,2020-02-18,9900,230,9600,10450,9550,1420469
264,2020-02-19,9820,80,9900,10200,9570,425459
260,2020-02-20,9980,160,9800,10150,9770,472191
259,2020-02-21,9340,640,9780,9840,9260,426037
258,2020-02-24,9980,640,9630,11050,9610,6089718
257,2020-02-25,8780,1200,9510,9680,8700,1164431
256,2020-02-26,8580,200,8710,8990,8520,503626
253,2020-02-27,7980,600,8540,8720,7950,433738
252,2020-02-28,7920,60,7740,8600,7740,859468
251,2020-03-02,7890,30,7740,8100,7740,271578
250,2020-03-03,7890,0,8000,8090,7860,203334
249,2020-03-04,8180,290,7800,8180,7750,218654
245,2020-03-05,8300,120,8250,8330,8130,155621
244,2020-03-06,7990,310,8220,8250,7960,156487
243,2020-03-09,7450,540,7870,7870,7400,193889
242,2020-03-10,7520,70,7230,7730,7150,209664
241,2020-03-11,7190,330,7500,7600,7100,166202
238,2020-03-12,6510,680,7060,7290,6090,217816
237,2020-03-13,5950,560,5700,6080,5230,312190
236,2020-03-16,5760,190,5950,6390,5760,307638
235,2020-03-17,5650,110,5380,5860,5310,240197
234,2020-03-18,5220,430,5730,5890,5220,184099
230,2020-03-19,3940,1280,5250,5440,3900,326365
229,2020-03-20,4295,355,3945,4335,3945,333390
228,2020-03-23,4020,275,3950,4340,3855,284913
227,2020-03-24,4430,410,4190,4445,4110,182614
226,2020-03-25,4995,565,4650,5210,4550,407469
223,2020-03-26,5300,305,4980,5700,4925,360052
222,2020-03-27,5350,50,5560,5690,5000,333363
221,2020-03-30,5650,300,5100,5760,5070,242716
220,2020-03-31,6000,350,6380,6470,5750,536888
219,2020-04-01,6620,620,6000,7500,5840,1757146
215,2020-04-02,6640,20,6710,7000,6390,431480
214,2020-04-03,6900,260,6700,7360,6550,623582
213,2020-04-06,7500,600,7110,7600,7050,850874
212,2020-04-07,7510,10,7600,7720,7380,487448
211,2020-04-08,7410,100,7510,7640,7150,218021
208,2020-04-09,8020,610,7450,8400,7430,1488313
207,2020-04-10,7750,270,7900,8070,7610,367942
206,2020-04-13,8050,300,7990,9260,7790,3226910
205,2020-04-14,8080,30,8290,8350,8010,538800
204,2020-04-16,8000,80,8000,8160,7800,272113
200,2020-04-17,7900,100,7970,8060,7710,251539
199,2020-04-20,8070,170,7900,8100,7900,279640
198,2020-04-21,7790,280,8070,8070,6650,429450
197,2020-04-22,7870,80,7750,7900,7520,215976
196,2020-04-23,8400,530,8100,8450,7500,2817280
193,2020-04-24,7970,430,8420,8560,7820,1307657
192,2020-04-27,8010,40,8000,8100,7910,347069
191,2020-04-28,7910,100,8140,8240,7860,582495
190,2020-04-29,8210,300,8050,8390,7970,982742
189,2020-05-04,8640,430,8300,9400,8150,6265140
185,2020-05-06,11200,2560,9040,11200,9000,12179479
184,2020-05-07,10450,750,11350,12200,10300,10039915
183,2020-05-08,10400,50,10500,10650,10050,2596474
182,2020-05-11,10700,300,10500,10900,10300,3520833
181,2020-05-12,10400,300,10300,10500,10000,1161087
178,2020-05-13,10600,200,10250,10900,10200,1391001
177,2020-05-14,10150,450,10450,10600,10050,774372
176,2020-05-15,10500,350,10300,11450,10150,6608274
175,2020-05-18,9950,550,10650,10700,9950,1610728
174,2020-05-19,9460,490,9900,9900,9200,1107757
170,2020-05-20,9430,30,9370,9700,9350,740515
169,2020-05-21,9370,60,9460,9530,9300,597185
168,2020-05-22,9120,250,9300,9300,8900,738094
167,2020-05-25,9420,300,9190,9990,9190,2444103
166,2020-05-26,9500,80,9600,9850,9390,1290496
163,2020-05-27,9350,150,9600,9630,9310,557155
162,2020-05-28,9400,50,9300,10100,9280,4503345
161,2020-05-29,9740,340,9520,10050,9400,3993715
160,2020-06-01,10000,260,10050,10200,9760,2213894
159,2020-06-02,10500,500,10200,10800,10100,4001754
155,2020-06-03,10300,200,10500,10600,10050,1290640
154,2020-06-04,10700,400,10350,10700,10050,1061498
153,2020-06-05,10650,50,10650,10950,10500,1445975
152,2020-06-08,10400,250,10700,10750,10300,639170
151,2020-06-09,10050,350,10450,10450,10000,786117
148,2020-06-10,10000,50,10100,10150,9850,612860
147,2020-06-11,9870,130,9970,10100,9820,386405
146,2020-06-12,9700,170,9010,9780,9000,604799
145,2020-06-15,8850,850,9690,10150,8850,1010584
144,2020-06-16,9910,1060,9260,10100,9130,1201280
140,2020-06-17,9740,170,9750,10050,9600,566417
139,2020-06-18,9610,130,9800,9930,9570,326739
138,2020-06-19,9710,100,9750,9750,9420,354933
137,2020-06-22,10100,390,9850,11800,9610,19897197
136,2020-06-23,10100,0,10250,10500,9790,3266422
133,2020-06-24,9860,240,10050,10250,9850,1016741
132,2020-06-25,10150,290,9660,10200,9640,941824
131,2020-06-26,9900,250,10200,10250,9900,578036
130,2020-06-29,9710,190,9740,10100,9710,524525
129,2020-06-30,10200,490,9720,10700,9720,6061932
125,2020-07-01,9970,230,10500,11000,9970,6059841
124,2020-07-02,10450,480,10200,10500,10100,1676228
123,2020-07-03,10400,50,11400,11450,10300,4499603
122,2020-07-06,10500,100,10350,10550,10250,792985
121,2020-07-07,10250,250,10550,10550,10200,583882
118,2020-07-08,10350,100,10150,10850,10100,1435363
117,2020-07-09,10350,0,10300,10500,10250,470257
116,2020-07-10,10200,150,10300,10350,10100,464230
115,2020-07-13,10900,700,10300,10900,10150,1806354
114,2020-07-14,10950,50,11000,11100,10600,2153260
110,2020-07-15,10900,50,11200,11450,10750,2630339
109,2020-07-16,10200,700,10800,10850,10200,1192660
108,2020-07-17,10100,100,10200,10300,9920,624276
107,2020-07-20,9860,240,10200,10200,9750,733551
106,2020-07-21,9920,60,9810,9920,9800,360771
103,2020-07-22,9860,60,9920,9930,9710,473187
102,2020-07-23,9700,160,9910,9920,9700,431944
101,2020-07-24,9690,10,9570,9790,9460,345824
100,2020-07-27,9420,270,9500,9710,9390,357870
99,2020-07-28,9210,210,9440,9480,9190,349673
95,2020-07-29,9280,70,9220,9340,9100,225696
94,2020-07-30,9700,420,9260,9800,9260,718754
93,2020-07-31,9750,50,9700,9840,9550,357075
92,2020-08-03,9600,150,9750,9860,9530,258076
91,2020-08-04,9750,150,9580,9820,9550,236177
88,2020-08-05,9630,120,9760,9780,9540,285651
87,2020-08-06,9630,0,9630,9760,9590,226503
86,2020-08-07,9550,80,9700,9710,9420,296620
85,2020-08-10,9460,90,9530,9690,9410,227811
84,2020-08-11,9590,130,9460,9620,9460,256181
80,2020-08-12,9510,80,9700,9700,9400,206492
79,2020-08-13,9600,90,9550,9870,9530,630027
78,2020-08-14,9470,130,9700,9700,9420,244956
77,2020-08-18,8630,840,9380,9460,8500,421297
76,2020-08-19,8740,110,8550,9000,8550,223310
73,2020-08-20,8120,620,8740,8790,7950,404067
72,2020-08-21,8310,190,8130,8370,7950,242195
71,2020-08-24,8410,100,8210,8410,8100,168859
70,2020-08-25,8810,400,8550,8820,8450,185298
69,2020-08-26,8830,20,8820,8920,8650,263250
65,2020-08-27,8750,80,9050,9080,8740,242333
64,2020-08-28,9100,350,8780,9240,8780,461020
63,2020-08-31,9620,520,9250,10150,9250,3880994
62,2020-09-01,9520,100,9620,9630,9160,441937
61,2020-09-02,9410,110,9560,9560,9310,240553
58,2020-09-03,9340,70,9410,9510,9300,275764
57,2020-09-04,9100,240,8880,9220,8850,290048
56,2020-09-07,9530,430,8960,9540,8960,510682
55,2020-09-08,9250,280,9500,9520,9250,263014
54,2020-09-09,9110,140,9200,9250,9060,194188
50,2020-09-10,9170,60,9120,9220,9050,140900
49,2020-09-11,9170,0,9340,9520,9120,186501
48,2020-09-14,9330,160,9170,9360,9170,275199
47,2020-09-15,9220,110,9450,9470,9210,208977
46,2020-09-16,9220,0,9220,9490,9190,391395
43,2020-09-17,9060,160,9240,9310,9020,202657
42,2020-09-18,8940,120,9170,9170,8870,152523
41,2020-09-21,8630,310,9060,9060,8600,190264
40,2020-09-22,8340,290,8590,8710,8280,132382
39,2020-09-23,8410,70,8500,8600,8210,84338
35,2020-09-24,8020,390,8200,8330,8000,157088
34,2020-09-25,8050,30,8060,8330,8010,134327
33,2020-09-28,8330,280,8060,8400,8060,112534
32,2020-09-29,8510,180,8390,8510,8310,88349
31,2020-10-05,8470,40,8440,8620,8430,75363
28,2020-10-06,8590,120,8420,8760,8420,139873
27,2020-10-07,8590,0,8590,8660,8510,65417
26,2020-10-08,8590,0,8590,8710,8550,87606
25,2020-10-12,9100,510,9700,9900,9010,1839318
24,2020-10-13,8930,170,9000,9080,8760,330847
20,2020-10-14,8730,200,8800,8880,8730,153083
19,2020-10-15,8670,60,8640,8820,8400,289153
18,2020-10-16,8620,50,8810,9080,8450,361177
17,2020-10-19,8700,80,8700,8930,8580,323376
16,2020-10-20,8630,70,8600,8660,8420,191961
13,2020-10-21,8870,240,8630,8880,8540,237351
12,2020-10-22,9200,330,9130,9700,8820,3505124
11,2020-10-23,8750,450,9020,9150,8740,727033
10,2020-10-26,8170,580,8540,8570,8150,438486
9,2020-10-27,8080,90,8020,8280,7920,193796
5,2020-10-28,8230,150,8000,8250,8000,75114
4,2020-10-29,8130,100,7960,8180,7960,105160
3,2020-10-30,8060,70,8200,8390,8040,119942
2,2020-11-02,8140,80,8070,8220,8030,75654
1,2020-11-03,8160,20,8120,8200,8120,83995
