,date,close,diff,open,high,low,volume
448,2019-08-16,1235,75,1305,1390,1210,7662740
447,2019-08-19,1290,55,1270,1355,1245,5013411
446,2019-08-20,1330,40,1290,1360,1245,4933435
445,2019-08-21,1300,30,1325,1350,1265,2146360
444,2019-08-22,1355,55,1305,1420,1295,10036518
440,2019-08-23,1280,75,1350,1405,1280,3449751
439,2019-08-26,1150,130,1225,1290,1150,3784951
438,2019-08-27,1160,10,1190,1235,1160,1806668
437,2019-08-28,1200,40,1175,1245,1165,1443619
436,2019-08-29,1210,10,1195,1280,1155,1796058
433,2019-08-30,1205,5,1235,1245,1195,2257080
432,2019-09-02,1290,85,1220,1320,1220,4706917
431,2019-09-03,1335,45,1280,1395,1270,5037674
430,2019-09-04,1315,20,1340,1355,1275,2301815
429,2019-09-05,1365,50,1375,1385,1320,2734942
425,2019-09-06,1365,0,1380,1385,1335,2082065
424,2019-09-09,1280,85,1350,1355,1275,1462256
423,2019-09-10,1265,15,1285,1330,1215,1367880
422,2019-09-11,1255,10,1260,1280,1245,802784
421,2019-09-16,1315,60,1260,1325,1240,926533
418,2019-09-17,1310,5,1320,1360,1295,1732868
417,2019-09-18,1270,40,1295,1315,1270,1111693
416,2019-09-19,1240,30,1290,1295,1235,938583
415,2019-09-20,1250,10,1250,1285,1225,725940
414,2019-09-23,1225,25,1270,1270,1220,653464
410,2019-09-24,1190,35,1215,1225,1160,824633
409,2019-09-25,1235,45,1190,1290,1180,2577241
408,2019-09-26,1190,45,1230,1260,1150,1079099
407,2019-09-27,1165,25,1190,1210,1150,982812
406,2019-09-30,1155,10,1170,1190,1105,1376411
403,2019-10-01,1170,15,1170,1190,1150,552838
402,2019-10-02,1180,10,1150,1180,1140,758615
401,2019-10-04,1265,85,1185,1285,1165,2854267
400,2019-10-07,1230,35,1265,1275,1200,1483939
399,2019-10-08,1200,30,1225,1265,1190,975242
395,2019-10-10,1175,25,1210,1215,1170,596280
394,2019-10-11,1215,40,1190,1235,1170,959201
393,2019-10-14,1195,20,1210,1235,1180,985477
392,2019-10-15,1180,15,1195,1215,1160,1010032
391,2019-10-16,1140,40,1165,1180,1135,1368247
388,2019-10-17,1100,40,1135,1155,1065,1734330
387,2019-10-18,1090,10,1095,1120,1070,766580
386,2019-10-21,1055,35,1090,1105,1055,648111
385,2019-10-22,1075,20,1060,1105,1040,880332
384,2019-10-23,1080,5,1065,1100,1055,523385
380,2019-10-24,1060,20,1085,1095,1055,460256
379,2019-10-25,1110,50,1060,1220,1000,5573103
378,2019-10-28,1090,20,1105,1135,1065,941297
377,2019-10-29,1050,40,1090,1100,1040,1564550
376,2019-10-30,1010,40,1040,1060,1005,1356309
373,2019-10-31,1020,10,1005,1025,1000,618260
372,2019-11-01,1025,5,1035,1045,1005,505249
371,2019-11-04,999,26,1025,1030,999,1037554
370,2019-11-05,999,0,1005,1010,986,840511
369,2019-11-06,982,17,998,998,974,942325
365,2019-11-07,1000,18,981,1060,970,1365755
364,2019-11-08,1035,35,1010,1040,1000,775971
363,2019-11-11,1045,10,1035,1060,1025,663155
362,2019-11-12,1065,20,1055,1085,1045,1279567
361,2019-11-13,1135,70,1075,1140,1070,1773676
358,2019-11-14,1260,125,1140,1285,1140,9575666
357,2019-11-15,1160,100,1235,1235,1150,2002933
356,2019-11-18,1070,90,1170,1180,1070,2053631
355,2019-11-19,1090,20,1090,1130,1060,1227373
354,2019-11-20,1095,5,1100,1125,1080,653675
350,2019-11-21,1050,45,1100,1110,1045,640388
349,2019-11-22,1035,15,1055,1075,1020,743100
348,2019-11-25,1060,25,1050,1090,1030,460961
347,2019-11-26,1095,35,1055,1130,1055,1281620
346,2019-11-27,1040,55,1095,1110,1030,659380
343,2019-11-28,1045,5,1035,1075,1035,582460
342,2019-11-29,1030,15,1095,1100,1025,683311
341,2019-12-02,995,35,1035,1040,985,1401991
340,2019-12-03,983,12,999,1005,976,656614
339,2019-12-04,970,13,962,1010,938,929580
335,2019-12-05,938,32,970,998,930,631441
334,2019-12-06,920,18,958,960,920,784125
333,2019-12-09,1000,80,941,1060,920,2075428
332,2019-12-10,968,32,1000,1000,961,733604
331,2019-12-11,929,39,952,983,910,1110768
328,2019-12-12,875,54,929,929,860,2261094
327,2019-12-13,933,58,890,1030,882,4753656
326,2019-12-16,989,56,916,1110,916,8782325
325,2019-12-17,960,29,994,1020,943,1654291
324,2019-12-18,938,22,960,969,936,801165
320,2019-12-19,833,105,938,948,817,7201756
319,2019-12-20,795,38,845,846,760,3265027
318,2019-12-23,781,14,796,828,760,2033822
317,2019-12-24,789,8,770,820,770,1127540
316,2019-12-26,792,3,790,810,774,694066
313,2019-12-27,775,17,787,794,753,1203966
312,2019-12-30,800,25,793,808,766,1467583
311,2020-01-02,800,0,805,809,788,500374
310,2020-01-03,799,1,813,813,791,624946
309,2020-01-06,798,1,798,800,768,639407
305,2020-01-07,797,1,802,805,785,653989
304,2020-01-08,770,27,794,796,764,649860
303,2020-01-09,791,21,771,792,769,930933
302,2020-01-10,780,11,791,795,772,1434608
301,2020-01-13,771,9,780,780,766,830029
298,2020-01-14,749,22,770,779,739,1865044
297,2020-01-15,723,26,745,749,716,1342166
296,2020-01-16,741,18,715,750,715,886802
295,2020-01-17,745,4,745,764,738,758514
294,2020-01-20,732,13,741,750,726,582362
290,2020-01-21,723,9,724,739,718,420592
289,2020-01-22,693,30,717,732,660,1230384
288,2020-01-23,681,12,683,693,657,1463851
287,2020-01-28,642,39,641,672,617,1083751
286,2020-01-29,676,34,640,700,636,1985974
283,2020-01-30,640,36,676,699,638,644113
282,2020-01-31,626,14,637,669,610,1123451
281,2020-02-03,611,15,613,613,570,1354647
280,2020-02-04,635,24,612,640,612,594641
279,2020-02-05,665,30,646,678,630,954606
275,2020-02-06,684,19,660,688,660,554487
274,2020-02-07,655,29,684,685,648,951284
273,2020-02-10,661,6,655,670,649,677703
272,2020-02-11,672,11,661,674,661,387295
271,2020-02-12,675,3,668,750,668,4046527
268,2020-02-13,687,12,675,703,675,710919
267,2020-02-14,670,17,681,692,660,501057
266,2020-02-17,670,0,663,677,660,321268
265,2020-02-18,664,6,674,685,652,382694
264,2020-02-19,665,1,657,673,643,292609
260,2020-02-20,647,18,665,675,646,398998
259,2020-02-21,632,15,640,658,631,243578
258,2020-02-24,583,49,617,630,575,1066910
257,2020-02-25,603,20,573,610,550,633175
256,2020-02-26,599,4,582,615,582,338557
253,2020-02-27,583,16,593,619,577,401091
252,2020-02-28,582,1,570,587,555,678618
251,2020-03-02,578,4,583,595,543,659076
250,2020-03-03,595,17,580,615,580,617342
249,2020-03-04,602,7,595,613,591,354386
245,2020-03-05,614,12,601,625,601,411603
244,2020-03-06,611,3,599,633,591,258293
243,2020-03-09,580,31,611,625,570,530260
242,2020-03-10,564,16,556,570,539,538697
241,2020-03-11,532,32,565,580,531,498202
238,2020-03-12,500,32,532,549,471,998928
237,2020-03-13,460,40,449,475,415,1878159
236,2020-03-16,435,25,460,490,425,880912
235,2020-03-17,460,25,432,465,415,1711817
234,2020-03-18,440,20,450,478,417,525315
230,2020-03-19,395,45,435,455,363,2168069
229,2020-03-20,419,24,371,441,338,4384594
228,2020-03-23,400,19,426,448,397,1832270
227,2020-03-24,425,25,401,438,393,2188410
226,2020-03-25,462,37,428,499,428,1352170
223,2020-03-26,495,33,467,502,459,1019737
222,2020-03-27,476,19,500,528,456,1175639
221,2020-03-30,452,24,459,467,435,785870
220,2020-03-31,455,3,456,471,439,874300
219,2020-04-01,441,14,455,457,437,733322
215,2020-04-02,433,8,448,448,422,569193
214,2020-04-03,434,1,433,440,424,636385
213,2020-04-06,453,19,444,453,431,818376
212,2020-04-07,529,76,478,560,456,5581854
211,2020-04-08,538,9,529,580,529,2514243
208,2020-04-09,529,9,554,554,517,969392
207,2020-04-10,540,11,528,555,520,932119
206,2020-04-13,514,26,542,547,514,648755
205,2020-04-14,518,4,514,530,510,653890
204,2020-04-16,505,13,518,538,498,694432
200,2020-04-17,656,151,508,656,508,11998105
199,2020-04-20,637,19,730,760,632,13336276
198,2020-04-21,614,23,632,632,579,4142037
197,2020-04-22,619,5,595,621,581,2094527
196,2020-04-23,639,20,619,689,600,5680516
193,2020-04-24,623,16,631,639,607,1676269
192,2020-04-27,643,20,624,665,624,2092066
191,2020-04-28,653,10,643,663,637,1035806
190,2020-04-29,640,13,653,667,638,1429935
189,2020-05-04,614,26,635,635,608,1033388
185,2020-05-06,618,4,621,627,603,1011112
184,2020-05-07,664,46,613,673,613,2303867
183,2020-05-08,736,72,667,773,661,11405076
182,2020-05-11,722,14,745,794,710,4288610
181,2020-05-12,716,6,722,727,687,1096040
178,2020-05-13,736,20,716,759,710,1429036
177,2020-05-14,698,38,740,744,688,1404581
176,2020-05-15,685,13,700,708,677,692814
175,2020-05-18,669,16,677,681,659,695752
174,2020-05-19,707,38,680,760,668,5619676
170,2020-05-20,693,14,701,720,689,1403126
169,2020-05-21,690,3,733,737,690,1408748
168,2020-05-22,723,33,690,724,690,1535106
167,2020-05-25,780,57,752,789,726,2874338
166,2020-05-26,772,8,780,786,755,1240232
163,2020-05-27,758,14,770,778,736,1179957
162,2020-05-28,715,43,757,757,690,2466042
161,2020-05-29,716,1,713,747,713,1142477
160,2020-06-01,720,4,707,730,707,541407
159,2020-06-02,709,11,729,730,706,420505
155,2020-06-03,686,23,709,709,680,897520
154,2020-06-04,698,12,688,730,685,642007
153,2020-06-05,700,2,705,705,683,577059
152,2020-06-08,706,6,693,712,680,602615
151,2020-06-09,697,9,717,717,691,587097
148,2020-06-10,716,19,715,716,690,514568
147,2020-06-11,689,27,703,716,685,1051817
146,2020-06-12,689,0,656,689,645,392845
145,2020-06-15,664,25,700,700,645,871094
144,2020-06-16,687,23,664,696,664,734953
140,2020-06-17,683,4,687,694,667,408011
139,2020-06-18,689,6,694,697,676,363563
138,2020-06-19,688,1,691,697,675,784434
137,2020-06-22,670,18,691,691,660,535995
136,2020-06-23,659,11,685,685,646,974029
133,2020-06-24,635,24,668,668,630,488376
132,2020-06-25,612,23,635,635,594,926859
131,2020-06-26,581,31,629,629,581,1081025
130,2020-06-29,527,54,570,593,513,2122063
129,2020-06-30,550,23,521,557,499,1351286
125,2020-07-01,529,21,561,561,505,723707
124,2020-07-02,579,50,532,601,520,3106649
123,2020-07-03,560,19,578,602,552,975266
122,2020-07-06,536,24,580,580,535,989690
121,2020-07-07,511,25,536,548,478,1493912
118,2020-07-08,500,11,516,517,486,466677
117,2020-07-09,535,35,495,560,492,1162632
116,2020-07-10,512,23,535,546,499,721986
115,2020-07-13,516,4,519,528,499,560327
114,2020-07-14,509,7,516,519,500,326013
110,2020-07-15,509,0,514,532,500,773970
109,2020-07-16,510,1,525,525,505,467848
108,2020-07-17,504,6,515,515,500,350073
107,2020-07-20,507,3,509,511,502,256456
106,2020-07-21,511,4,510,512,490,632315
103,2020-07-22,573,62,515,580,508,3703867
102,2020-07-23,577,4,560,589,547,1231810
101,2020-07-24,554,23,577,588,550,876881
100,2020-07-27,540,14,554,569,530,615947
99,2020-07-28,523,17,544,549,520,536999
95,2020-07-29,520,3,521,548,518,519575
94,2020-07-30,522,2,538,579,517,1090902
93,2020-07-31,498,24,522,537,493,1140487
92,2020-08-03,504,6,499,511,487,1023532
91,2020-08-04,511,7,504,522,492,641464
88,2020-08-05,509,2,520,537,507,555187
87,2020-08-06,499,10,507,518,496,671088
86,2020-08-07,498,1,499,506,490,588525
85,2020-08-10,490,8,502,502,485,489490
84,2020-08-11,486,4,490,492,482,421914
80,2020-08-12,467,19,486,488,452,725181
79,2020-08-13,465,2,485,485,462,492995
78,2020-08-14,457,8,465,473,451,461128
77,2020-08-18,461,4,457,491,450,832473
76,2020-08-19,458,3,461,473,455,246615
73,2020-08-20,430,28,458,470,420,719130
72,2020-08-21,460,30,447,463,407,618925
71,2020-08-24,453,7,440,459,433,193704
70,2020-08-25,485,32,447,520,447,1124450
69,2020-08-26,486,1,485,496,477,292185
65,2020-08-27,482,4,486,492,474,272852
64,2020-08-28,502,20,475,516,471,806622
63,2020-08-31,493,9,512,512,486,413184
62,2020-09-01,496,3,493,500,476,252069
61,2020-09-02,477,19,489,498,476,586982
58,2020-09-03,494,17,483,505,479,540415
57,2020-09-04,500,6,476,501,476,208550
56,2020-09-07,498,2,500,502,479,360864
55,2020-09-08,497,1,498,498,486,252890
54,2020-09-09,494,3,487,498,478,208379
50,2020-09-10,489,5,498,510,489,585377
49,2020-09-11,483,6,502,502,477,439176
48,2020-09-14,502,19,487,520,479,825944
47,2020-09-15,499,3,506,517,495,647659
46,2020-09-16,475,24,499,504,469,1460207
43,2020-09-17,431,44,471,475,415,3432551
42,2020-09-18,431,0,0,0,0,0
41,2020-09-21,431,0,0,0,0,0
40,2020-09-22,431,0,0,0,0,0
39,2020-09-23,431,0,0,0,0,0
35,2020-09-24,431,0,0,0,0,0
34,2020-09-25,431,0,0,0,0,0
33,2020-09-28,431,0,0,0,0,0
32,2020-09-29,431,0,0,0,0,0
31,2020-10-05,431,0,0,0,0,0
28,2020-10-06,431,0,0,0,0,0
27,2020-10-07,431,0,0,0,0,0
26,2020-10-08,431,0,0,0,0,0
25,2020-10-12,431,0,0,0,0,0
24,2020-10-13,431,0,0,0,0,0
20,2020-10-14,431,0,0,0,0,0
19,2020-10-15,431,0,0,0,0,0
18,2020-10-16,431,0,0,0,0,0
17,2020-10-19,431,0,0,0,0,0
16,2020-10-20,431,0,0,0,0,0
13,2020-10-21,431,0,0,0,0,0
12,2020-10-22,431,0,0,0,0,0
11,2020-10-23,431,0,0,0,0,0
10,2020-10-26,431,0,0,0,0,0
9,2020-10-27,431,0,0,0,0,0
5,2020-10-28,431,0,0,0,0,0
4,2020-10-29,500,69,440,560,440,38743814
3,2020-10-30,467,33,505,521,452,7943643
2,2020-11-02,427,40,465,470,419,3181797
1,2020-11-03,431,4,431,470,406,4790812
