,date,close,diff,open,high,low,volume
448,2019-08-16,3020,20,3035,3045,2940,110109
447,2019-08-19,3125,105,3000,3575,3000,2274273
446,2019-08-20,3115,10,3085,3120,3000,264154
445,2019-08-21,3290,175,3160,3390,3105,560837
444,2019-08-22,3170,120,3275,3370,3170,189836
440,2019-08-23,3085,85,3160,3190,2995,168376
439,2019-08-26,2915,170,2980,3080,2915,113009
438,2019-08-27,2940,25,2915,3005,2915,82113
437,2019-08-28,2980,40,2870,3120,2870,89891
436,2019-08-29,2980,0,2955,3045,2940,45637
433,2019-08-30,3075,95,2990,3120,2985,76470
432,2019-09-02,3145,70,3075,3165,3045,73197
431,2019-09-03,3200,55,3180,3220,3100,83798
430,2019-09-04,3205,5,3245,3245,3140,38838
429,2019-09-05,3175,30,3215,3220,3150,68565
425,2019-09-06,3185,10,3160,3220,3140,37252
424,2019-09-09,3150,35,3185,3205,3120,41433
423,2019-09-10,3150,0,3205,3205,3100,61552
422,2019-09-11,3225,75,3185,3225,3105,42430
421,2019-09-16,3325,100,3235,3340,3160,164470
418,2019-09-17,3355,30,3460,3750,3320,992204
417,2019-09-18,3425,70,3375,3445,3305,70659
416,2019-09-19,3350,75,3490,3490,3350,65339
415,2019-09-20,3360,10,3340,3430,3290,31716
414,2019-09-23,3330,30,3370,3375,3285,31512
410,2019-09-24,3875,545,3440,4215,3415,5866282
409,2019-09-25,3650,225,3810,3835,3615,1047887
408,2019-09-26,3625,25,3670,3805,3610,749676
407,2019-09-27,3565,60,3665,3715,3555,233200
406,2019-09-30,3450,115,3540,3635,3415,201829
403,2019-10-01,3550,100,3420,3550,3380,209091
402,2019-10-02,3430,120,3540,3680,3430,387192
401,2019-10-04,3280,150,3420,3455,3280,139415
400,2019-10-07,3235,45,3280,3330,3235,68131
399,2019-10-08,3265,30,3235,3280,3185,88995
395,2019-10-10,3260,5,3230,3285,3205,49140
394,2019-10-11,3375,115,3235,3430,3235,96497
393,2019-10-14,3395,20,3340,3415,3340,54319
392,2019-10-15,3510,115,3435,3570,3335,165219
391,2019-10-16,3495,15,3615,3655,3495,253093
388,2019-10-17,3560,65,3570,3585,3505,127783
387,2019-10-18,3495,65,3560,3575,3490,63848
386,2019-10-21,3400,95,3490,3495,3255,90761
385,2019-10-22,3330,70,3440,3440,3315,47732
384,2019-10-23,3280,50,3330,3385,3235,57629
380,2019-10-24,3305,25,3280,3455,3215,62826
379,2019-10-25,3260,45,3250,3295,3240,58598
378,2019-10-28,3250,10,3275,3395,3250,48358
377,2019-10-29,3325,75,3250,3330,3245,43545
376,2019-10-30,3290,35,3325,3335,3225,48367
373,2019-10-31,3350,60,3290,3375,3270,34258
372,2019-11-01,3370,20,3320,3380,3295,34152
371,2019-11-04,3340,30,3420,3420,3300,69229
370,2019-11-05,3290,50,3335,3395,3270,38321
369,2019-11-06,3340,50,3300,3340,3270,21427
365,2019-11-07,3310,30,3300,3355,3295,30600
364,2019-11-08,3345,35,3335,3470,3320,96334
363,2019-11-11,3445,100,3400,3445,3305,109289
362,2019-11-12,3320,125,3575,3575,3220,174326
361,2019-11-13,3285,35,3305,3355,3265,62152
358,2019-11-14,3225,60,3295,3340,3225,67852
357,2019-11-15,3220,5,3210,3225,3100,90898
356,2019-11-18,3245,25,3220,3310,3215,28495
355,2019-11-19,3225,20,3270,3270,3155,23312
354,2019-11-20,3135,90,3225,3225,3110,45365
350,2019-11-21,2975,160,3110,3175,2955,82158
349,2019-11-22,2960,15,3000,3020,2925,28263
348,2019-11-25,3035,75,2950,3035,2910,40436
347,2019-11-26,3095,60,3060,3130,3035,37683
346,2019-11-27,3075,20,3170,3170,3040,50010
343,2019-11-28,3010,65,3080,3085,3000,28672
342,2019-11-29,2985,25,3010,3045,2975,21053
341,2019-12-02,2945,40,2950,3040,2900,34032
340,2019-12-03,2875,70,2940,2940,2815,72076
339,2019-12-04,2790,85,2825,2875,2755,58257
335,2019-12-05,2820,30,2800,2855,2750,42640
334,2019-12-06,2845,25,2820,2860,2780,37617
333,2019-12-09,2840,5,2845,2845,2785,33779
332,2019-12-10,2840,0,2745,2840,2745,24163
331,2019-12-11,2865,25,2815,2870,2815,26896
328,2019-12-12,2875,10,2865,2890,2840,34304
327,2019-12-13,2940,65,2875,2945,2875,34053
326,2019-12-16,2940,0,2940,3040,2910,40723
325,2019-12-17,2925,15,3015,3015,2880,37225
324,2019-12-18,2850,75,2950,2950,2850,46435
320,2019-12-19,2795,55,2850,2850,2770,60073
319,2019-12-20,2810,15,2770,2850,2750,45071
318,2019-12-23,2815,5,2770,2820,2760,29905
317,2019-12-24,2790,25,2815,2815,2750,29836
316,2019-12-26,2340,450,2595,2595,2245,630961
313,2019-12-27,2345,5,2340,2380,2305,79130
312,2019-12-30,2425,80,2375,2440,2360,145051
311,2020-01-02,2410,15,2455,2460,2350,68229
310,2020-01-03,2380,30,2410,2420,2365,58541
309,2020-01-06,2360,20,2370,2370,2305,50393
305,2020-01-07,2385,25,2360,2390,2355,50844
304,2020-01-08,2215,170,2385,2385,2215,155000
303,2020-01-09,2250,35,2240,2285,2240,31863
302,2020-01-10,2280,30,2240,2325,2240,51882
301,2020-01-13,2300,20,2275,2500,2275,261385
298,2020-01-14,2225,10,2280,2280,2215,85608
297,2020-01-15,2250,25,2235,2255,2205,61388
296,2020-01-16,2245,5,2245,2270,2185,46905
295,2020-01-17,2235,10,2245,2270,2225,46390
294,2020-01-20,2195,40,2220,2240,2170,46954
290,2020-01-21,2150,45,2180,2220,2130,104185
289,2020-01-22,2220,70,2150,2220,2150,71786
288,2020-01-23,2270,50,2225,2445,2200,437881
287,2020-01-28,2125,145,2225,2225,2120,134522
286,2020-01-29,2125,0,2150,2165,2105,50351
283,2020-01-30,2090,35,2135,2155,2050,93437
282,2020-01-31,2020,70,2070,2095,2020,81020
281,2020-02-03,1945,75,1925,2010,1920,83447
280,2020-02-04,2035,90,1980,2085,1960,144011
279,2020-02-05,2045,10,2045,2080,2000,57338
275,2020-02-06,2135,90,2050,2200,2045,194863
274,2020-02-07,2085,50,2165,2165,2075,82537
273,2020-02-10,2040,45,2050,2075,2010,75757
272,2020-02-11,2515,475,2040,2650,2040,7960565
271,2020-02-12,2905,390,2490,3150,2435,16082571
268,2020-02-13,2780,125,2905,2965,2700,2593385
267,2020-02-14,3575,795,2805,3610,2760,25953194
266,2020-02-17,3330,245,3480,3610,3200,4101664
265,2020-02-18,3060,270,3305,3305,2985,2177577
264,2020-02-19,3045,15,3060,3085,2930,1574956
260,2020-02-20,2910,135,2965,3010,2830,1497744
259,2020-02-21,2735,175,2875,3065,2705,2355131
258,2020-02-24,2610,125,2690,2720,2580,738761
257,2020-02-25,2700,90,2590,3030,2550,4515092
256,2020-02-26,2755,55,2635,2865,2565,1345554
253,2020-02-27,2620,135,2735,3005,2580,3805946
252,2020-02-28,2310,310,2525,2570,2275,794592
251,2020-03-02,2335,25,2310,2420,2235,412869
250,2020-03-03,2800,465,2420,2980,2395,14033162
249,2020-03-04,3385,585,2690,3590,2650,27096454
245,2020-03-05,3220,165,3335,3865,3155,18504699
244,2020-03-06,3065,155,3175,3175,3000,2086549
243,2020-03-09,3025,40,2970,3040,2870,1796321
242,2020-03-10,3930,905,2945,3930,2880,33687109
241,2020-03-11,3955,25,4080,4490,3850,26328006
238,2020-03-12,3235,720,3380,3475,3060,10990391
237,2020-03-13,2855,380,2730,3040,2540,7119453
236,2020-03-16,2610,245,2900,3130,2610,7973965
235,2020-03-17,2830,220,2390,3015,2295,16770456
234,2020-03-18,2515,315,2870,3090,2495,9246494
230,2020-03-19,2380,135,2685,2775,2300,4382328
229,2020-03-20,2590,210,2520,2740,2515,7892674
228,2020-03-23,2680,90,2525,2900,2455,11895656
227,2020-03-24,2850,170,2795,2935,2720,12171532
226,2020-03-25,2925,75,3035,3120,2810,9988257
223,2020-03-26,3050,125,2945,3165,2835,13323858
222,2020-03-27,2855,195,3135,3220,2550,11715511
221,2020-03-30,3060,205,2765,3060,2720,5998402
220,2020-03-31,3340,280,3130,3540,3100,25994937
219,2020-04-01,3120,220,3285,3610,3120,13091178
215,2020-04-02,3400,280,3190,3565,3160,15859167
214,2020-04-03,3360,40,3520,3540,3235,5558063
213,2020-04-06,3390,30,3380,3405,3290,3606921
212,2020-04-07,3710,320,3495,4030,3410,36313349
211,2020-04-08,3655,55,3695,3815,3630,7232409
208,2020-04-09,3655,0,3725,3875,3600,7008172
207,2020-04-10,3500,155,3665,3760,3300,4090313
206,2020-04-13,3350,150,3500,3500,3315,2258098
205,2020-04-14,3400,50,3450,3645,3380,4908876
204,2020-04-16,3630,230,3400,3665,3335,3988343
200,2020-04-17,3715,85,3665,3845,3555,10533910
199,2020-04-20,3680,35,3685,3795,3650,2714643
198,2020-04-21,3520,160,3680,3775,3310,4518623
197,2020-04-22,3530,10,3425,3545,3415,879655
196,2020-04-23,3745,215,3620,3795,3540,6936625
193,2020-04-24,3610,135,3670,3780,3520,2624899
192,2020-04-27,3775,165,3715,3850,3660,8058491
191,2020-04-28,3670,105,3815,3845,3600,5552937
190,2020-04-29,3595,75,3725,3745,3570,1953335
189,2020-05-04,3450,145,3480,3540,3440,1256270
185,2020-05-06,3520,70,3485,3540,3465,897358
184,2020-05-07,3490,30,3510,3540,3440,894804
183,2020-05-08,3550,60,3535,3600,3510,1075734
182,2020-05-11,3650,100,3595,3710,3565,2683201
181,2020-05-12,3550,100,3620,3690,3525,1135680
178,2020-05-13,3760,210,3505,3760,3450,2932771
177,2020-05-14,3665,95,3760,3815,3640,4502098
176,2020-05-15,3740,75,3710,3780,3655,2050657
175,2020-05-18,3865,125,3770,3915,3745,8777450
174,2020-05-19,3780,85,3885,3920,3765,2810192
170,2020-05-20,3765,15,3810,3845,3735,1771480
169,2020-05-21,3960,195,3790,4180,3775,21439462
168,2020-05-22,3825,135,4025,4255,3790,13925129
167,2020-05-25,3800,25,3815,3850,3695,2012926
166,2020-05-26,3980,180,3845,4060,3840,6506857
163,2020-05-27,3900,80,3980,4000,3860,2079686
162,2020-05-28,3695,205,3930,3955,3590,2354922
161,2020-05-29,3610,85,3690,3700,3515,1261390
160,2020-06-01,3755,145,3675,3775,3640,1161921
159,2020-06-02,3765,10,3770,3775,3690,777525
155,2020-06-03,3880,115,3800,3900,3770,2449752
154,2020-06-04,3855,25,3960,3970,3780,2850988
153,2020-06-05,3835,20,3875,3935,3820,940242
152,2020-06-08,3795,40,3850,3865,3790,988799
151,2020-06-09,3730,65,3840,3850,3720,654504
148,2020-06-10,3665,65,3735,3750,3635,832404
147,2020-06-11,3690,25,3645,3835,3585,1721462
146,2020-06-12,3505,185,3400,3550,3400,1110537
145,2020-06-15,3005,500,3460,3525,3005,1489299
144,2020-06-16,3240,235,3195,3275,3105,801175
140,2020-06-17,3250,10,3180,3315,3100,607443
139,2020-06-18,3270,20,3245,3360,3185,765834
138,2020-06-19,3335,65,3300,3425,3255,584354
137,2020-06-22,3345,10,3560,3570,3320,850216
136,2020-06-23,3465,120,3355,3495,3345,1248417
133,2020-06-24,3540,75,3495,3585,3450,1602366
132,2020-06-25,3440,100,3480,3540,3385,648909
131,2020-06-26,3635,195,3450,3685,3430,2104296
130,2020-06-29,3570,65,3600,3795,3560,3627931
129,2020-06-30,3530,40,3610,3655,3410,886437
125,2020-07-01,3425,105,3560,3715,3410,1623142
124,2020-07-02,3535,110,3380,3545,3380,574989
123,2020-07-03,3490,45,3580,3585,3490,333341
122,2020-07-06,3540,50,3515,3570,3470,453440
121,2020-07-07,3515,25,3540,3630,3500,662808
118,2020-07-08,3465,50,3495,3535,3465,321530
117,2020-07-09,3490,25,3470,3510,3455,320282
116,2020-07-10,3455,35,3530,3550,3400,612435
115,2020-07-13,3580,125,3500,3580,3455,767600
114,2020-07-14,3630,50,3620,3770,3575,2810748
110,2020-07-15,3590,40,3660,3680,3585,591725
109,2020-07-16,3625,35,3655,3780,3600,3043209
108,2020-07-17,3710,85,3655,3870,3620,2954640
107,2020-07-20,3700,10,3800,3870,3700,3083366
106,2020-07-21,3710,10,3720,3820,3670,1226461
103,2020-07-22,3600,110,3630,3665,3550,1294162
102,2020-07-23,3500,100,3620,3630,3480,697966
101,2020-07-24,3480,20,3440,3490,3405,484274
100,2020-07-27,3465,15,3400,3500,3400,396076
99,2020-07-28,3470,5,3450,3495,3435,362074
95,2020-07-29,3470,0,3445,3520,3430,401664
94,2020-07-30,3515,45,3480,3590,3480,650308
93,2020-07-31,3465,50,3505,3555,3455,329043
92,2020-08-03,3425,40,3465,3500,3405,320987
91,2020-08-04,3400,25,3430,3455,3380,429218
88,2020-08-05,3395,5,3370,3500,3350,549412
87,2020-08-06,3435,40,3410,3455,3380,325734
86,2020-08-07,3440,5,3435,3500,3380,386579
85,2020-08-10,3630,190,3455,3635,3420,1488359
84,2020-08-11,3605,25,3645,3680,3580,1185500
80,2020-08-12,3625,20,3620,3685,3465,1379816
79,2020-08-13,3610,15,3720,3760,3580,2019988
78,2020-08-14,3520,90,3610,3610,3470,833017
77,2020-08-18,3215,305,3520,3525,3140,984593
76,2020-08-19,3195,20,3215,3300,3145,531250
73,2020-08-20,2990,205,3205,3325,2970,637794
72,2020-08-21,3015,25,2995,3070,2900,361820
71,2020-08-24,3035,20,2950,3045,2910,295541
70,2020-08-25,3120,85,3000,3180,3000,533200
69,2020-08-26,3305,185,3115,3535,3030,2379214
65,2020-08-27,3190,115,3305,3310,3140,575825
64,2020-08-28,3185,5,3190,3350,3160,620610
63,2020-08-31,3225,40,3190,3345,3185,371509
62,2020-09-01,3240,15,3250,3295,3180,216205
61,2020-09-02,3315,75,3250,3385,3230,697958
58,2020-09-03,3330,15,3325,3415,3310,455295
57,2020-09-04,3280,50,3190,3295,3105,414612
56,2020-09-07,3400,120,3275,3475,3240,1248114
55,2020-09-08,3405,5,3400,3485,3330,973627
54,2020-09-09,3275,130,3355,3355,3265,637748
50,2020-09-10,3465,190,3280,3465,3280,1492053
49,2020-09-11,3380,85,3465,3485,3350,563298
48,2020-09-14,4390,1010,3465,4390,3435,58239672
47,2020-09-15,4445,55,4455,5190,4305,71886847
46,2020-09-16,4300,145,4410,4725,4205,24305917
43,2020-09-17,4235,65,4255,4875,4205,29194431
42,2020-09-18,4350,115,4480,4775,4255,18599399
41,2020-09-21,4495,145,4360,4740,4250,19598254
40,2020-09-22,4495,0,4450,4810,4395,15096721
39,2020-09-23,5840,1345,5280,5840,4930,62055862
35,2020-09-24,6270,430,6120,7350,5610,119457895
34,2020-09-25,5610,660,6250,6950,5310,26526360
33,2020-09-28,6390,780,5750,6880,5610,63366622
32,2020-09-29,6810,420,6420,7520,6330,84479657
31,2020-10-05,6780,30,6950,7230,6520,12731913
28,2020-10-06,6820,40,6830,6890,6560,6304416
27,2020-10-07,6790,30,6760,7340,6670,14709956
26,2020-10-08,6840,50,6980,7110,6620,8322549
25,2020-10-12,8360,1520,6880,8700,6610,59310707
24,2020-10-13,8120,240,8460,8740,7870,30191488
20,2020-10-14,8010,110,8360,8430,7970,10391805
19,2020-10-15,7650,360,8080,8110,7350,5334726
18,2020-10-16,7290,360,7590,7610,7040,5785988
17,2020-10-19,7420,130,7180,8050,6890,28244265
16,2020-10-20,7020,400,7180,7320,6800,5128302
13,2020-10-21,6850,170,7280,7470,6840,6685136
12,2020-10-22,6500,350,6730,6930,6420,3654845
11,2020-10-23,6350,150,6510,6590,6260,2881388
10,2020-10-26,6150,200,6670,6890,6130,7000648
9,2020-10-27,6220,70,6010,6470,5790,4258190
5,2020-10-28,6280,60,6160,6370,6130,2189006
4,2020-10-29,6010,270,6190,6220,5860,3385994
3,2020-10-30,6240,230,5930,7130,5880,27240519
2,2020-11-02,6280,40,6090,6550,6000,7377612
1,2020-11-03,6380,100,6420,6760,6330,7762615
