,date,close,diff,open,high,low,volume
448,2019-08-16,9540,760,10200,10250,9520,344601
447,2019-08-19,9160,380,9580,9600,9050,314568
446,2019-08-20,9180,20,9160,9220,9120,157401
445,2019-08-21,9250,70,9130,9400,9120,99990
444,2019-08-22,9220,30,9320,9320,9140,90648
440,2019-08-23,9210,10,9180,9450,9180,122939
439,2019-08-26,9040,170,9000,9150,8810,118707
438,2019-08-27,8770,270,9050,9080,8710,217032
437,2019-08-28,8820,50,8710,8960,8710,71834
436,2019-08-29,8730,90,8820,8830,8700,58680
433,2019-08-30,8760,30,8800,8930,8760,51757
432,2019-09-02,9000,240,8840,9640,8820,266940
431,2019-09-03,8850,150,9010,9110,8810,104513
430,2019-09-04,8950,100,8860,9030,8850,52122
429,2019-09-05,9010,60,8910,9070,8910,68559
425,2019-09-06,8970,40,9010,9100,8950,33376
424,2019-09-09,8780,190,8950,9020,8760,75854
423,2019-09-10,8940,160,8900,8960,8820,56190
422,2019-09-11,9100,160,8990,9100,8880,55615
421,2019-09-16,9150,50,9130,9230,9110,44030
418,2019-09-17,9300,150,9150,9360,9150,70389
417,2019-09-18,9300,0,9400,9430,9200,49306
416,2019-09-19,9520,220,9350,9640,9250,97194
415,2019-09-20,9500,20,9520,9630,8980,41032
414,2019-09-23,9380,120,9460,9600,9300,40018
410,2019-09-24,9350,30,9450,9450,9310,35598
409,2019-09-25,9300,50,9350,9410,9270,37785
408,2019-09-26,9370,70,9380,9520,9300,38050
407,2019-09-27,9250,120,9370,9440,9210,28348
406,2019-09-30,9300,50,9250,9310,9110,30700
403,2019-10-01,9400,100,9250,9490,9250,23718
402,2019-10-02,9300,100,9330,9530,9280,45412
401,2019-10-04,9250,50,9250,9370,9250,19081
400,2019-10-07,9050,200,9160,9290,9030,27333
399,2019-10-08,9210,160,9020,9230,9020,29759
395,2019-10-10,9160,50,9200,9250,9150,8819
394,2019-10-11,9150,10,9170,9220,9130,25323
393,2019-10-14,9320,170,9200,9320,9110,22149
392,2019-10-15,9320,0,9320,9360,9220,20756
391,2019-10-16,9300,20,9310,9400,9250,31202
388,2019-10-17,9220,80,9340,9340,9140,11249
387,2019-10-18,8960,260,9270,9270,8960,93693
386,2019-10-21,8890,70,9010,9010,8850,37069
385,2019-10-22,9000,110,8890,9010,8890,15484
384,2019-10-23,9100,100,8960,9120,8960,27464
380,2019-10-24,9090,10,9100,9150,9000,20400
379,2019-10-25,9110,20,9010,9150,9010,18200
378,2019-10-28,9160,50,9110,9190,9060,15888
377,2019-10-29,9220,60,9140,9220,9100,12136
376,2019-10-30,9130,90,9200,9250,9100,22735
373,2019-10-31,9030,100,9170,9190,8990,14976
372,2019-11-01,9060,30,9060,9150,9000,28810
371,2019-11-04,9050,10,9020,9090,8950,14166
370,2019-11-05,9060,10,9060,9070,9000,30375
369,2019-11-06,9180,120,9100,9180,9040,25006
365,2019-11-07,9220,40,9180,9550,9130,73308
364,2019-11-08,9280,60,9200,9380,9170,28015
363,2019-11-11,9210,70,9230,9390,9100,32176
362,2019-11-12,9240,30,9110,9280,9110,12758
361,2019-11-13,9240,0,9240,9350,9150,21764
358,2019-11-14,9300,60,9240,9400,9220,23181
357,2019-11-15,9250,50,9190,9310,9190,30829
356,2019-11-18,9150,100,9270,9270,9130,35601
355,2019-11-19,9110,40,9020,9170,9020,27789
354,2019-11-20,9070,40,9180,9180,9020,27907
350,2019-11-21,9150,80,9070,9180,8980,55855
349,2019-11-22,9100,50,9030,9320,9030,22233
348,2019-11-25,9190,90,9030,9250,9030,10924
347,2019-11-26,9090,100,9190,9310,9080,68186
346,2019-11-27,9040,50,9130,9190,9030,71874
343,2019-11-28,8980,60,9080,9080,8960,37629
342,2019-11-29,8960,20,8980,9020,8950,49601
341,2019-12-02,8960,0,8920,9020,8920,23168
340,2019-12-03,8860,100,8900,8970,8810,280887
339,2019-12-04,8850,10,8850,8930,8800,33179
335,2019-12-05,8820,30,8820,8900,8800,18463
334,2019-12-06,8750,70,8800,8880,8740,26976
333,2019-12-09,8660,90,8750,8780,8660,20989
332,2019-12-10,8560,100,8660,8730,8560,15539
331,2019-12-11,8400,160,8550,8590,8390,26778
328,2019-12-12,8400,0,8420,8460,8320,42013
327,2019-12-13,8320,80,8390,8470,8310,70496
326,2019-12-16,8410,90,8320,8430,8320,15933
325,2019-12-17,8440,30,8420,8480,8410,18743
324,2019-12-18,8390,50,8460,8460,8360,13123
320,2019-12-19,8440,50,8430,8440,8380,10638
319,2019-12-20,8380,60,8420,8450,8370,10842
318,2019-12-23,8370,10,8380,8470,8370,14996
317,2019-12-24,8410,40,8380,8450,8360,14862
316,2019-12-26,8550,140,8460,8550,8430,24765
313,2019-12-27,8520,30,8530,8580,8400,16026
312,2019-12-30,8490,30,8590,8590,8480,10162
311,2020-01-02,8410,80,8490,8520,8410,13604
310,2020-01-03,8460,50,8410,8490,8400,9304
309,2020-01-06,8350,110,8400,8500,8340,27249
305,2020-01-07,8320,30,8350,8450,8300,20111
304,2020-01-08,8130,190,8350,8370,8120,28226
303,2020-01-09,8130,0,8210,8220,8100,21148
302,2020-01-10,8270,140,8110,8300,8110,18453
301,2020-01-13,8300,30,8220,8410,8220,18820
298,2020-01-14,8240,60,8260,8340,8230,10074
297,2020-01-15,8320,80,8230,8350,8230,8452
296,2020-01-16,8300,20,8370,8380,8300,8275
295,2020-01-17,8310,10,8300,8370,8300,5855
294,2020-01-20,8250,60,8320,8330,8230,15841
290,2020-01-21,8200,50,8260,8280,8190,10527
289,2020-01-22,8200,0,8220,8290,8190,7957
288,2020-01-23,8250,50,8200,8250,8200,7874
287,2020-01-28,8110,140,8060,8230,8020,23346
286,2020-01-29,8190,80,8130,8300,8130,24128
283,2020-01-30,8150,40,8170,8250,8120,22643
282,2020-01-31,8230,80,8140,8300,8140,21435
281,2020-02-03,8280,50,8210,8410,8120,37026
280,2020-02-04,8300,20,8280,8340,8280,9620
279,2020-02-05,8300,0,8370,8370,8260,7392
275,2020-02-06,8330,30,8320,8360,8270,14220
274,2020-02-07,8330,0,8350,8350,8270,7422
273,2020-02-10,8240,90,8350,8350,8180,20096
272,2020-02-11,8090,150,8150,8250,8030,49912
271,2020-02-12,8070,20,8050,8090,8000,18331
268,2020-02-13,8020,50,8070,8100,8020,20917
267,2020-02-14,7990,30,8060,8060,7960,22751
266,2020-02-17,7860,130,7990,8020,7860,29956
265,2020-02-18,7680,180,7850,7960,7660,40014
264,2020-02-19,7490,190,7650,7760,7420,47516
260,2020-02-20,7550,60,7430,8250,7410,276412
259,2020-02-21,7510,40,7610,7950,7510,96021
258,2020-02-24,7170,340,7500,7600,7140,45149
257,2020-02-25,6970,200,7170,7170,6900,107901
256,2020-02-26,6730,240,6970,6990,6600,147151
253,2020-02-27,6500,230,6810,7010,6500,192935
252,2020-02-28,6160,340,6430,6470,6160,79458
251,2020-03-02,6280,120,6060,6340,6040,45282
250,2020-03-03,6330,50,6350,6520,6330,30383
249,2020-03-04,6370,40,6320,6420,6320,16880
245,2020-03-05,6460,90,6460,6490,6390,21029
244,2020-03-06,6380,80,6450,6450,6320,15048
243,2020-03-09,6270,110,6360,6360,6120,30890
242,2020-03-10,6290,20,6200,6450,6100,63691
241,2020-03-11,6060,230,6250,6370,5950,40134
238,2020-03-12,5580,480,6000,6090,5560,58820
237,2020-03-13,5170,410,5110,5340,4885,81070
236,2020-03-16,5230,60,5030,6620,5030,1285735
235,2020-03-17,4920,310,4900,5060,4700,278024
234,2020-03-18,4755,165,5860,6390,4755,4656190
230,2020-03-19,3795,960,4755,4840,3765,716226
229,2020-03-20,3900,105,3795,3975,3765,424651
228,2020-03-23,3660,240,3660,3865,3515,272829
227,2020-03-24,3760,100,3680,3900,3670,663250
226,2020-03-25,4090,330,3900,4300,3880,753744
223,2020-03-26,4600,510,4200,4840,4090,549795
222,2020-03-27,4645,45,4910,4980,4455,463577
221,2020-03-30,4770,125,4525,4790,4265,170225
220,2020-03-31,4840,70,4840,4920,4775,205415
219,2020-04-01,4900,60,4830,5070,4735,282438
215,2020-04-02,4940,40,4900,4980,4740,125996
214,2020-04-03,5060,120,5120,5140,4955,139486
213,2020-04-06,5540,480,5060,5560,5000,213633
212,2020-04-07,5630,90,5680,5710,5480,187914
211,2020-04-08,5850,220,5650,5910,5520,116756
208,2020-04-09,5910,60,5940,6000,5870,139023
207,2020-04-10,5970,60,5920,6010,5700,134746
206,2020-04-13,5790,180,5980,6000,5740,119633
205,2020-04-14,5810,20,5770,5860,5680,127644
204,2020-04-16,5890,80,5790,5910,5580,84845
200,2020-04-17,6040,150,5880,6080,5880,120029
199,2020-04-20,6090,50,6040,6210,6020,84747
198,2020-04-21,5980,110,6040,6080,5730,91246
197,2020-04-22,5900,80,5910,5920,5740,63699
196,2020-04-23,6020,120,5910,6100,5900,94948
193,2020-04-24,5910,110,6020,6020,5830,87742
192,2020-04-27,6230,320,5940,6380,5750,147146
191,2020-04-28,6120,110,6290,6290,6050,87032
190,2020-04-29,6370,250,6160,6830,6090,474463
189,2020-05-04,6650,280,6390,6660,6390,140970
185,2020-05-06,7030,380,6810,7070,6650,161824
184,2020-05-07,7020,10,7090,7240,6940,137575
183,2020-05-08,7100,80,7020,7170,7020,108374
182,2020-05-11,7010,90,7070,7090,6890,83972
181,2020-05-12,6890,120,7090,7090,6800,74452
178,2020-05-13,6820,70,6820,6890,6750,49968
177,2020-05-14,6870,50,6710,6870,6650,149876
176,2020-05-15,6590,280,6870,6870,6580,127182
175,2020-05-18,6320,270,6550,6590,6150,93118
174,2020-05-19,6400,80,6580,6580,6330,80137
170,2020-05-20,6720,320,6600,6910,6510,140881
169,2020-05-21,6700,20,6820,6820,6610,56033
168,2020-05-22,6450,250,6690,6690,6410,80899
167,2020-05-25,6420,30,6440,6460,6380,32497
166,2020-05-26,6460,40,6420,6460,6330,42974
163,2020-05-27,6460,0,6460,6600,6450,24239
162,2020-05-28,6370,90,6450,6580,6340,32243
161,2020-05-29,6130,240,6370,6440,6130,164408
160,2020-06-01,6150,20,6290,6290,6090,69492
159,2020-06-02,6280,130,6150,6280,6150,40010
155,2020-06-03,6330,50,6270,6380,6240,52064
154,2020-06-04,6220,110,6410,6410,6200,53162
153,2020-06-05,6200,20,6220,6300,6200,46329
152,2020-06-08,6250,50,6200,6300,6190,44922
151,2020-06-09,6250,0,6250,6300,6200,40736
148,2020-06-10,6190,60,6250,6290,6130,45008
147,2020-06-11,6080,110,6230,6230,5990,82571
146,2020-06-12,5820,260,5900,6080,5700,128294
145,2020-06-15,5490,330,5760,5820,5310,56394
144,2020-06-16,5660,170,5500,5770,5500,30450
140,2020-06-17,5600,60,5600,5690,5520,29372
139,2020-06-18,5530,70,5530,5650,5530,38537
138,2020-06-19,5800,270,5600,5800,5530,64610
137,2020-06-22,5630,170,5800,5800,5630,23220
136,2020-06-23,5490,140,5630,5700,5460,49307
133,2020-06-24,5500,10,5440,5670,5440,38885
132,2020-06-25,5360,140,5450,5450,5300,47559
131,2020-06-26,5370,10,5450,5450,5340,16682
130,2020-06-29,5300,70,5300,5350,5250,21637
129,2020-06-30,5290,10,5300,5380,5260,17239
125,2020-07-01,5400,110,5290,5420,5250,34336
124,2020-07-02,5580,180,5390,5790,5390,40268
123,2020-07-03,5610,30,5590,5640,5510,13659
122,2020-07-06,5650,40,5620,5670,5530,28595
121,2020-07-07,5580,70,5600,5690,5540,28621
118,2020-07-08,5610,30,5640,5640,5530,17731
117,2020-07-09,5600,10,5590,5650,5540,29084
116,2020-07-10,5500,100,5560,5610,5480,45081
115,2020-07-13,5490,10,5500,5550,5430,34592
114,2020-07-14,5420,70,5450,5450,5350,28542
110,2020-07-15,5410,10,5500,5500,5380,19371
109,2020-07-16,5450,40,5410,5520,5370,21567
108,2020-07-17,5500,50,5430,5530,5400,22663
107,2020-07-20,5400,100,5500,5510,5320,41228
106,2020-07-21,5450,50,5370,5480,5370,35416
103,2020-07-22,5390,60,5450,5470,5350,56606
102,2020-07-23,5340,50,5460,5460,5300,46878
101,2020-07-24,5300,40,5370,5370,5160,35009
100,2020-07-27,5330,30,5370,5370,5220,19174
99,2020-07-28,5370,40,5280,5370,5270,69278
95,2020-07-29,5600,230,5370,5600,5300,83379
94,2020-07-30,5520,80,5610,5620,5470,56090
93,2020-07-31,5400,120,5650,5650,5400,37121
92,2020-08-03,5330,70,5400,5450,5280,22387
91,2020-08-04,5300,30,5420,5420,5290,28875
88,2020-08-05,5290,10,5440,5440,5210,36904
87,2020-08-06,5370,80,5290,5510,5290,63567
86,2020-08-07,5480,110,5370,5520,5360,27922
85,2020-08-10,5480,0,5480,5700,5370,42846
84,2020-08-11,5580,100,5440,5580,5440,38405
80,2020-08-12,5640,60,5570,5760,5510,69895
79,2020-08-13,6050,410,5650,6120,5650,217518
78,2020-08-14,6000,50,6010,6110,5930,89986
77,2020-08-18,5530,470,6050,6250,5490,129194
76,2020-08-19,5650,120,5530,5660,5490,45180
73,2020-08-20,5510,140,5650,5650,5390,72461
72,2020-08-21,5490,20,5510,5570,5390,39061
71,2020-08-24,5440,50,5410,5580,5340,37390
70,2020-08-25,5560,120,5410,5560,5400,39222
69,2020-08-26,5530,30,5580,5580,5430,26310
65,2020-08-27,5380,150,5590,5590,5360,69131
64,2020-08-28,5510,130,5370,5560,5370,43338
63,2020-08-31,6070,560,5520,6390,5510,565241
62,2020-09-01,5760,310,5970,6070,5670,279718
61,2020-09-02,6230,470,5840,6650,5740,1065417
58,2020-09-03,6150,80,6220,6310,6090,186747
57,2020-09-04,6090,60,5990,6120,5850,106732
56,2020-09-07,6460,370,6040,6540,6040,299287
55,2020-09-08,6530,70,6480,6850,6440,267759
54,2020-09-09,6360,170,6450,6610,6350,106485
50,2020-09-10,6560,200,6500,6560,6390,63000
49,2020-09-11,6810,250,6570,6870,6470,180464
48,2020-09-14,7000,190,6890,7150,6780,172449
47,2020-09-15,7020,20,6980,7190,6950,84288
46,2020-09-16,7430,410,7090,7550,7030,252710
43,2020-09-17,7300,130,7410,7840,7240,294095
42,2020-09-18,6760,540,7300,7440,6730,239984
41,2020-09-21,6730,30,6760,6900,6600,89026
40,2020-09-22,6500,230,6630,6710,6440,76778
39,2020-09-23,6350,150,6500,6550,6270,64547
35,2020-09-24,6190,160,6230,6260,6100,43767
34,2020-09-25,6230,40,6190,6400,6150,41876
33,2020-09-28,6380,150,6410,6470,6240,14543
32,2020-09-29,6450,70,6490,6550,6400,15252
31,2020-10-05,6490,40,6530,6540,6400,17162
28,2020-10-06,6560,70,6560,6590,6450,10126
27,2020-10-07,6490,70,6460,6560,6420,11519
26,2020-10-08,6650,160,6610,6670,6500,21853
25,2020-10-12,6850,200,6760,7790,6650,379545
24,2020-10-13,6850,0,6900,6990,6790,62673
20,2020-10-14,6790,60,6990,6990,6780,28140
19,2020-10-15,6880,90,6790,6910,6560,57211
18,2020-10-16,6450,430,6840,6920,6450,77431
17,2020-10-19,6600,150,6640,6760,6380,23702
16,2020-10-20,6630,30,6510,6700,6510,13855
13,2020-10-21,6600,30,6720,6770,6570,10273
12,2020-10-22,6540,60,6720,6720,6510,18473
11,2020-10-23,6670,130,6540,7150,6490,82542
10,2020-10-26,6670,0,6740,6770,6600,17520
9,2020-10-27,6630,40,6680,6810,6540,55143
5,2020-10-28,6520,110,6520,6660,6390,43604
4,2020-10-29,6470,50,6530,6540,6400,26606
3,2020-10-30,6350,120,6520,6550,6350,20120
2,2020-11-02,6380,30,6310,6490,6290,16881
1,2020-11-03,6410,30,6380,6480,6350,14353
