,date,close,diff,open,high,low,volume
448,2019-08-16,2605,55,2620,2645,2560,50250
447,2019-08-19,2650,45,2605,2670,2580,31675
446,2019-08-20,2700,50,2645,2720,2635,49713
445,2019-08-21,2740,40,2700,2835,2660,94123
444,2019-08-22,2730,10,2775,2795,2700,53409
440,2019-08-23,2735,5,2700,2765,2660,82614
439,2019-08-26,3150,415,2850,3555,2800,10267281
438,2019-08-27,3150,0,3070,3315,3030,3287860
437,2019-08-28,3245,95,3095,3245,3075,1700423
436,2019-08-29,3450,205,3210,3760,3170,10212246
433,2019-08-30,3455,5,3415,3525,3390,1553787
432,2019-09-02,3365,90,3475,3560,3330,1021842
431,2019-09-03,3300,65,3350,3395,3240,721304
430,2019-09-04,3310,10,3305,3350,3265,391434
429,2019-09-05,3155,155,3310,3330,3140,525296
425,2019-09-06,3180,25,3175,3250,3145,311313
424,2019-09-09,3170,10,3180,3360,3170,357037
423,2019-09-10,3145,25,3170,3235,3115,162457
422,2019-09-11,3165,20,3165,3250,3155,184263
421,2019-09-16,3275,110,3185,3315,3180,340122
418,2019-09-17,3975,700,3815,4195,3455,8183683
417,2019-09-18,3780,195,4220,4340,3780,3835356
416,2019-09-19,3460,320,3710,3755,3410,893022
415,2019-09-20,3540,80,3400,3925,3380,2654285
414,2019-09-23,3510,30,3520,3715,3485,932092
410,2019-09-24,3580,70,3760,4040,3560,1493707
409,2019-09-25,3760,180,3660,3920,3570,3441641
408,2019-09-26,3620,140,3760,3770,3595,851259
407,2019-09-27,4180,560,3640,4490,3630,25422087
406,2019-09-30,3860,320,4080,4105,3860,2284135
403,2019-10-01,3705,155,3820,3840,3630,1572243
402,2019-10-02,3635,70,3735,3950,3635,3056445
401,2019-10-04,3715,80,3650,3890,3500,1988851
400,2019-10-07,3550,165,3645,3815,3505,827041
399,2019-10-08,3310,240,3475,3650,3310,994950
395,2019-10-10,3310,0,3375,3500,3310,726439
394,2019-10-11,3255,55,3280,3430,3250,369307
393,2019-10-14,3215,40,3260,3310,3175,253632
392,2019-10-15,3195,20,3200,3240,3195,175253
391,2019-10-16,3230,35,3195,3330,3195,372659
388,2019-10-17,3190,40,3230,3280,3165,202632
387,2019-10-18,3175,15,3190,3220,3160,157649
386,2019-10-21,3060,115,3150,3210,3025,224889
385,2019-10-22,3075,15,3080,3105,3035,165558
384,2019-10-23,2990,85,3010,3080,2950,191722
380,2019-10-24,2960,30,2965,2995,2890,153930
379,2019-10-25,2950,10,2950,3080,2935,186157
378,2019-10-28,2970,20,2950,2995,2935,82158
377,2019-10-29,2980,10,2970,3035,2965,128032
376,2019-10-30,2990,10,2980,3015,2960,76781
373,2019-10-31,2995,5,2990,3025,2975,65382
372,2019-11-01,3020,25,2990,3060,2960,148193
371,2019-11-04,3025,5,3050,3050,3000,89185
370,2019-11-05,3085,60,3005,3085,3005,138899
369,2019-11-06,3080,5,3070,3135,3065,162903
365,2019-11-07,3080,0,3060,3230,3060,878578
364,2019-11-08,3100,20,3150,3150,3070,108898
363,2019-11-11,3060,40,3120,3150,3055,102147
362,2019-11-12,3045,15,3020,3075,3005,130619
361,2019-11-13,3020,25,3025,3065,3000,106194
358,2019-11-14,3040,20,3020,3085,2985,161736
357,2019-11-15,3025,15,3040,3050,2975,109802
356,2019-11-18,2990,35,3015,3025,2980,73551
355,2019-11-19,2890,100,2990,2990,2890,136814
354,2019-11-20,2770,120,2910,2910,2770,123453
350,2019-11-21,2725,45,2760,2860,2690,95358
349,2019-11-22,2665,60,2675,2770,2640,106716
348,2019-11-25,2800,135,2665,2825,2630,95925
347,2019-11-26,2945,145,2805,2980,2795,136621
346,2019-11-27,2875,70,2955,2990,2875,110191
343,2019-11-28,2870,5,2890,2925,2850,53827
342,2019-11-29,2810,60,2870,2930,2810,67688
341,2019-12-02,2815,5,2760,2845,2750,23960
340,2019-12-03,2850,35,2775,2865,2755,42036
339,2019-12-04,2900,50,2850,2960,2830,109899
335,2019-12-05,2960,60,2870,3070,2870,326906
334,2019-12-06,3025,65,2975,3045,2965,142779
333,2019-12-09,2950,75,3000,3035,2925,78295
332,2019-12-10,2950,0,2900,2950,2880,34884
331,2019-12-11,2915,35,2950,2995,2790,75416
328,2019-12-12,2900,15,2900,2940,2895,39499
327,2019-12-13,2930,30,2900,3020,2900,110073
326,2019-12-16,2935,5,2930,2950,2900,51473
325,2019-12-17,2970,35,2930,2990,2910,78434
324,2019-12-18,2970,0,3060,3060,2950,47972
320,2019-12-19,3000,30,2970,3015,2950,282119
319,2019-12-20,2995,5,3180,3265,2995,1284931
318,2019-12-23,3015,20,3040,3235,3015,824894
317,2019-12-24,2880,135,3000,3020,2880,197610
316,2019-12-26,2815,65,2880,2905,2800,172302
313,2019-12-27,2845,30,2790,2865,2790,101542
312,2019-12-30,2890,45,2850,2905,2850,64718
311,2020-01-02,2925,35,2880,2940,2870,71310
310,2020-01-03,2915,10,2935,2950,2910,84903
309,2020-01-06,2840,75,2910,2915,2815,90682
305,2020-01-07,2875,35,2840,2900,2835,48673
304,2020-01-08,2705,170,2890,2890,2695,140470
303,2020-01-09,2780,75,2735,2890,2735,50243
302,2020-01-10,2860,80,2785,2880,2785,48840
301,2020-01-13,2900,40,2820,2915,2815,50622
298,2020-01-14,2945,45,2900,2950,2900,76770
297,2020-01-15,2970,25,2950,2975,2920,77783
296,2020-01-16,2975,5,2975,3015,2950,43452
295,2020-01-17,2965,10,2975,3015,2955,39963
294,2020-01-20,2970,5,2965,2985,2940,56860
290,2020-01-21,3390,420,2965,3665,2945,13855759
289,2020-01-22,3430,40,3480,3600,3350,2872783
288,2020-01-23,3380,50,3435,3445,3265,1088821
287,2020-01-28,3540,160,3620,3740,3450,5203210
286,2020-01-29,3200,340,3450,3465,3200,794742
283,2020-01-30,3005,195,3255,3345,2945,728351
282,2020-01-31,3100,95,3020,3350,3005,1895827
281,2020-02-03,3160,60,3015,3195,2950,500230
280,2020-02-04,3170,10,3150,3370,3105,464653
279,2020-02-05,3295,125,3245,3375,3195,665351
275,2020-02-06,3405,110,3325,3490,3300,740608
274,2020-02-07,3445,40,3405,3575,3360,737952
273,2020-02-10,3365,80,3480,3520,3330,233924
272,2020-02-11,3365,0,3350,3425,3330,155377
271,2020-02-12,3265,100,3365,3385,3250,470026
268,2020-02-13,3265,0,3265,3375,3265,311246
267,2020-02-14,3315,50,3235,3350,3225,134458
266,2020-02-17,3285,30,3315,3395,3280,144829
265,2020-02-18,3360,75,3255,3400,3255,296896
264,2020-02-19,3165,195,3370,3485,3165,650870
260,2020-02-20,3330,165,3150,3375,3140,419299
259,2020-02-21,3200,130,3330,3380,3190,230300
258,2020-02-24,2965,235,3095,3200,2960,247890
257,2020-02-25,3100,135,2850,3230,2850,375751
256,2020-02-26,3040,60,3100,3175,3010,90638
253,2020-02-27,3010,30,3025,3135,2930,126975
252,2020-02-28,2930,80,2975,3005,2845,304285
251,2020-03-02,2930,0,2900,2990,2890,139237
250,2020-03-03,2960,30,2925,3015,2925,197287
249,2020-03-04,3050,90,2940,3070,2930,116696
245,2020-03-05,3175,125,3085,3195,3000,193605
244,2020-03-06,2980,195,3160,3165,2955,243403
243,2020-03-09,2860,120,2980,2990,2790,187682
242,2020-03-10,2795,65,2710,2800,2685,192558
241,2020-03-11,2735,60,2795,2810,2600,132866
238,2020-03-12,2480,255,2645,2700,2430,337807
237,2020-03-13,2260,220,2255,2410,2010,337917
236,2020-03-16,2140,120,2260,2330,2140,216379
235,2020-03-17,2070,70,2050,2135,1945,168299
234,2020-03-18,1940,130,2070,2130,1940,143509
230,2020-03-19,1390,550,1905,1980,1370,566803
229,2020-03-20,1520,130,1380,1575,1380,350116
228,2020-03-23,1375,145,1370,1420,1285,258155
227,2020-03-24,1480,105,1400,1495,1385,159128
226,2020-03-25,1615,135,1505,1635,1505,321984
223,2020-03-26,1680,65,1660,1825,1605,409046
222,2020-03-27,1805,125,1735,1850,1700,282789
221,2020-03-30,1955,150,1805,1985,1715,219561
220,2020-03-31,2170,215,2005,2400,2005,563867
219,2020-04-01,2485,315,2170,2635,2110,1156412
215,2020-04-02,2600,115,2500,2600,2285,308160
214,2020-04-03,2445,155,2700,2700,2390,305299
213,2020-04-06,2550,105,2445,2610,2425,402063
212,2020-04-07,2520,30,2620,2620,2450,173601
211,2020-04-08,2540,20,2535,2540,2425,142668
208,2020-04-09,2540,0,2545,2585,2495,191845
207,2020-04-10,2420,120,2580,2580,2370,192066
206,2020-04-13,2440,20,2425,2490,2400,106168
205,2020-04-14,2515,75,2455,2515,2420,113553
204,2020-04-16,2475,40,2555,2555,2445,84144
200,2020-04-17,2520,45,2500,2535,2460,111803
199,2020-04-20,2620,100,2550,2670,2515,195729
198,2020-04-21,2555,65,2625,2630,2380,187180
197,2020-04-22,2550,5,2535,2570,2430,50764
196,2020-04-23,3020,470,2585,3020,2565,521558
193,2020-04-24,2730,290,2910,2925,2710,424086
192,2020-04-27,2735,5,2720,2785,2720,207725
191,2020-04-28,2675,60,2720,2750,2670,92132
190,2020-04-29,2720,45,2675,2745,2675,72727
189,2020-05-04,2995,275,2830,3260,2800,4427465
185,2020-05-06,3105,110,3070,3290,2940,2631327
184,2020-05-07,3095,10,3105,3150,2950,467857
183,2020-05-08,3055,40,3130,3180,3055,378116
182,2020-05-11,2940,115,3055,3080,2920,208997
181,2020-05-12,3120,180,2950,3300,2940,3141861
178,2020-05-13,2995,125,3030,3075,2900,463398
177,2020-05-14,2940,55,3000,3085,2890,410642
176,2020-05-15,3170,230,2975,3215,2880,1757807
175,2020-05-18,3310,140,3180,3470,3130,2820776
174,2020-05-19,3175,135,3275,3295,3150,445394
170,2020-05-20,3165,10,3180,3225,3155,267014
169,2020-05-21,3150,15,3175,3195,3130,231750
168,2020-05-22,3725,575,3200,4050,3175,14220738
167,2020-05-25,3780,55,3900,4275,3690,7827568
166,2020-05-26,3805,25,3790,3885,3715,2184066
163,2020-05-27,4005,200,3830,4185,3825,9410037
162,2020-05-28,3890,115,4005,4740,3830,20526453
161,2020-05-29,4005,115,4065,4425,3900,6958479
160,2020-06-01,3580,425,3800,3800,3575,875422
159,2020-06-02,3680,100,3730,3730,3645,388667
155,2020-06-03,3580,100,3635,3635,3530,305816
154,2020-06-04,3700,120,3590,4070,3455,4866977
153,2020-06-05,3605,95,3640,3680,3565,591216
152,2020-06-08,3460,145,3615,3630,3460,498513
151,2020-06-09,3385,75,3450,3490,3335,437780
148,2020-06-10,3300,85,3360,3410,3265,432254
147,2020-06-11,3255,45,3300,3385,3180,362050
146,2020-06-12,3180,75,3190,3190,3015,402452
145,2020-06-15,2865,315,3200,3200,2840,610679
144,2020-06-16,3030,165,3040,3055,2930,416725
140,2020-06-17,3050,20,2960,3180,2920,475327
139,2020-06-18,3060,10,3100,3275,2985,633649
138,2020-06-19,3135,75,3075,3220,3035,467215
137,2020-06-22,3135,0,3140,3235,3065,240425
136,2020-06-23,3140,5,3145,3610,3050,3873653
133,2020-06-24,3090,50,3140,3140,3065,286612
132,2020-06-25,3070,20,3100,3275,3045,934021
131,2020-06-26,3150,80,3080,3205,3055,654353
130,2020-06-29,3315,165,3150,3350,3130,880106
129,2020-06-30,3310,5,3440,3490,3250,1679310
125,2020-07-01,3285,25,3405,3490,3195,1192063
124,2020-07-02,3335,50,3285,3400,3265,267290
123,2020-07-03,3230,105,3335,3345,3195,304826
122,2020-07-06,3220,10,3205,3255,3185,186629
121,2020-07-07,3240,20,3260,3270,3185,272056
118,2020-07-08,3265,25,3210,3290,3175,234176
117,2020-07-09,3185,80,3245,3275,3175,205664
116,2020-07-10,3160,25,3185,3210,3045,219998
115,2020-07-13,3175,15,3165,3190,3100,122352
114,2020-07-14,3230,55,3205,3270,3165,184461
110,2020-07-15,3355,125,3280,3440,3220,1094903
109,2020-07-16,3330,25,3360,3415,3250,519175
108,2020-07-17,3335,5,3340,3360,3290,154292
107,2020-07-20,3205,130,3335,3395,3160,255957
106,2020-07-21,3195,10,3205,3240,3165,169877
103,2020-07-22,3190,5,3185,3195,3135,145193
102,2020-07-23,3410,220,3390,3725,3305,4606501
101,2020-07-24,3640,230,3390,3695,3290,3375632
100,2020-07-27,3570,70,3650,3710,3525,1907818
99,2020-07-28,3340,230,3550,3570,3310,674320
95,2020-07-29,3355,15,3335,3455,3310,378782
94,2020-07-30,3275,80,3350,3370,3225,328536
93,2020-07-31,3190,85,3275,3300,3190,272885
92,2020-08-03,3230,40,3195,3250,3195,128453
91,2020-08-04,3320,90,3265,3335,3195,271885
88,2020-08-05,3305,15,3370,3370,3285,197190
87,2020-08-06,3415,110,3315,3440,3240,546625
86,2020-08-07,3470,55,3420,3520,3300,618162
85,2020-08-10,3405,65,3485,3545,3395,435215
84,2020-08-11,3420,15,3400,3520,3375,299823
80,2020-08-12,3335,85,3425,3425,3270,232224
79,2020-08-13,3345,10,3335,3415,3300,173580
78,2020-08-14,3270,75,3380,3385,3245,220348
77,2020-08-18,3035,235,3270,3270,2950,252297
76,2020-08-19,3075,40,3050,3130,3035,117546
73,2020-08-20,2910,165,3085,3125,2855,345479
72,2020-08-21,2915,5,2915,3100,2860,144742
71,2020-08-24,2950,35,2875,2950,2800,157066
70,2020-08-25,3045,95,2985,3045,2950,161548
69,2020-08-26,3000,45,3090,3090,2950,139208
65,2020-08-27,2945,55,3015,3030,2940,166224
64,2020-08-28,2970,25,2950,3025,2950,103777
63,2020-08-31,3060,90,2950,3120,2950,186000
62,2020-09-01,3055,5,3030,3130,3005,141500
61,2020-09-02,3055,0,3070,3100,3035,96665
58,2020-09-03,3090,35,3060,3130,3055,161103
57,2020-09-04,3035,55,3030,3060,2940,166404
56,2020-09-07,3135,100,3035,3170,3000,247099
55,2020-09-08,3050,85,3135,3175,3045,194291
54,2020-09-09,3125,75,3025,3135,3005,161956
50,2020-09-10,3120,5,3295,3300,3105,506490
49,2020-09-11,3140,20,3135,3175,3100,113965
48,2020-09-14,3150,10,3180,3180,3100,132987
47,2020-09-15,3170,20,3165,3210,3145,100072
46,2020-09-16,3195,25,3190,3240,3130,183020
43,2020-09-17,3095,100,3195,3210,3025,127967
42,2020-09-18,3115,20,3095,3130,3050,94103
41,2020-09-21,3010,105,3115,3120,3005,143865
40,2020-09-22,2970,40,3000,3030,2900,138283
39,2020-09-23,2965,5,2960,2990,2875,87619
35,2020-09-24,2880,85,2890,2945,2850,104179
34,2020-09-25,2865,15,2880,2905,2845,67149
33,2020-09-28,3015,150,2865,3020,2865,73581
32,2020-09-29,3010,5,3050,3050,3000,48459
31,2020-10-05,3080,70,3030,3100,3005,87371
28,2020-10-06,3110,30,3050,3170,3050,73171
27,2020-10-07,3120,10,3075,3235,3065,52344
26,2020-10-08,3090,30,3150,3150,3070,45330
25,2020-10-12,3170,80,3200,3205,3135,217825
24,2020-10-13,3105,65,3175,3175,3090,83651
20,2020-10-14,3110,5,3105,3160,3075,77096
19,2020-10-15,3020,90,3110,3130,3020,96723
18,2020-10-16,3020,0,3000,3085,2960,91919
17,2020-10-19,3025,5,3035,3150,3000,39645
16,2020-10-20,2960,65,3010,3025,2890,96142
13,2020-10-21,3065,105,2950,3080,2940,88664
12,2020-10-22,3060,5,3035,3065,3020,47333
11,2020-10-23,3040,20,3060,3085,3005,46573
10,2020-10-26,2925,115,3035,3080,2925,114047
9,2020-10-27,2920,5,2870,2985,2870,70408
5,2020-10-28,2955,35,2880,2960,2880,24907
4,2020-10-29,2940,15,2895,2960,2895,47881
3,2020-10-30,2870,70,2955,2955,2870,95206
2,2020-11-02,2915,45,2865,2940,2865,30794
1,2020-11-03,2920,5,2930,2950,2890,74460
