,date,close,diff,open,high,low,volume
448,2019-08-16,10200,150,10150,10200,10150,94
447,2019-08-19,10200,0,10100,10200,10100,108
446,2019-08-20,11650,1450,10000,11650,10000,50
445,2019-08-21,11000,650,11000,11000,11000,1200
444,2019-08-22,10000,1000,12000,12000,10000,4039
440,2019-08-23,10100,100,10000,10100,10000,580
439,2019-08-26,10400,300,10450,10550,9900,2241
438,2019-08-27,10750,350,10400,11500,10400,1188
437,2019-08-28,12350,1600,12000,12350,11650,4018
436,2019-08-29,12550,200,12350,13550,12350,6879
433,2019-08-30,13950,1400,12950,13950,12900,1462
432,2019-09-02,13700,250,13950,14000,13150,1316
431,2019-09-03,13950,250,15700,15700,13950,2
430,2019-09-04,12600,1350,13900,13950,12600,2652
429,2019-09-05,12600,0,12750,13700,12600,4495
425,2019-09-06,12900,300,12750,12900,12600,854
424,2019-09-09,13000,100,13000,13000,13000,1
423,2019-09-10,12800,200,12500,12950,12000,1352
422,2019-09-11,13500,700,12450,13500,12200,1229
421,2019-09-16,13450,50,13450,13450,13450,0
418,2019-09-17,13250,200,13250,13250,13250,11
417,2019-09-18,12950,300,13000,13000,12700,196
416,2019-09-19,13000,50,12900,13000,12900,2944
415,2019-09-20,12600,400,13000,13000,12500,5227
414,2019-09-23,12500,100,12500,12550,12300,472
410,2019-09-24,12450,50,12500,12500,12050,376
409,2019-09-25,12350,100,12900,12900,12250,1576
408,2019-09-26,12450,100,12500,12700,12250,3637
407,2019-09-27,12400,50,12400,12400,12100,107
406,2019-09-30,12450,50,12450,12450,12350,1573
403,2019-10-01,12450,0,12400,12500,11500,3945
402,2019-10-02,12400,50,12400,12400,12400,0
401,2019-10-04,12400,0,10750,12400,10750,955
400,2019-10-07,12400,0,12400,12400,12350,1997
399,2019-10-08,12400,0,12350,12400,12350,4634
395,2019-10-10,12350,50,12000,12500,12000,1529
394,2019-10-11,12400,50,12350,12400,12350,670
393,2019-10-14,12500,100,12400,12500,12400,2345
392,2019-10-15,13000,500,12500,13200,12350,50222
391,2019-10-16,13350,350,13000,13800,12950,3860
388,2019-10-17,13000,350,15350,15350,12750,331
387,2019-10-18,13000,0,12200,13000,12200,1200
386,2019-10-21,12700,300,13000,13000,12300,1734
385,2019-10-22,12700,0,12350,12700,12350,890
384,2019-10-23,12600,100,12700,12700,12350,1037
380,2019-10-24,12700,100,11950,12700,11950,674
379,2019-10-25,13150,450,12700,13150,12700,1841
378,2019-10-28,13100,50,13150,13150,12750,193
377,2019-10-29,13500,400,14000,14000,13500,4
376,2019-10-30,13700,200,14000,14900,12550,3841
373,2019-10-31,14700,1000,14950,14950,13050,367
372,2019-11-01,14850,150,15500,15500,14850,2
371,2019-11-04,13000,1850,14850,14850,13000,3424
370,2019-11-05,9150,2100,11250,11900,9140,3015251
369,2019-11-06,8520,630,8990,8990,8490,823829
365,2019-11-07,8440,80,8640,8690,8420,356265
364,2019-11-08,8200,240,8430,8470,8200,318746
363,2019-11-11,8280,80,8210,8410,8150,160611
362,2019-11-12,8510,230,8250,8950,8230,557190
361,2019-11-13,8540,30,8620,8820,8460,371122
358,2019-11-14,8430,110,8800,8800,8360,236408
357,2019-11-15,8280,150,8400,8470,8280,123319
356,2019-11-18,8110,170,8280,8340,8040,157803
355,2019-11-19,7740,370,8110,8120,7690,198241
354,2019-11-20,7480,260,7760,8080,7400,189854
350,2019-11-21,7110,370,7350,7480,7030,190094
349,2019-11-22,7000,110,7150,7340,6960,116670
348,2019-11-25,7150,150,7080,7210,7000,92674
347,2019-11-26,7280,130,7420,7860,7180,324726
346,2019-11-27,7200,80,7290,7320,7170,56545
343,2019-11-28,7190,10,7180,7470,7170,63172
342,2019-11-29,7200,10,7240,7600,7000,116633
341,2019-12-02,7130,70,7200,7300,7100,35035
340,2019-12-03,6940,190,7130,7130,6890,43099
339,2019-12-04,6640,300,6840,6890,6580,99916
335,2019-12-05,6320,320,6690,6740,6230,105370
334,2019-12-06,6530,210,6360,6530,6320,48976
333,2019-12-09,6400,130,6470,6580,6370,38533
332,2019-12-10,6590,190,6400,6680,6390,60130
331,2019-12-11,6550,40,6630,6690,6480,20797
328,2019-12-12,6850,300,6550,7260,6550,273240
327,2019-12-13,6850,0,6980,6980,6780,44745
326,2019-12-16,6870,20,6880,6950,6830,28324
325,2019-12-17,6930,60,6870,6970,6790,33350
324,2019-12-18,6940,10,6930,7130,6850,51736
320,2019-12-19,6940,0,6950,7080,6880,32865
319,2019-12-20,6940,0,6940,6940,6560,133274
318,2019-12-23,6820,120,6970,7000,6820,42012
317,2019-12-24,6750,70,6930,6930,6750,35618
316,2019-12-26,7100,350,6750,7420,6670,188735
313,2019-12-27,7180,80,7100,7360,7070,59989
312,2019-12-30,7420,240,7100,7450,7100,59334
311,2020-01-02,7400,20,7500,7550,7270,50249
310,2020-01-03,7260,140,7400,7460,7200,50373
309,2020-01-06,7100,160,7260,7260,6980,105563
305,2020-01-07,7060,40,7080,7160,7010,26808
304,2020-01-08,6890,170,7060,7130,6880,62431
303,2020-01-09,7080,190,6970,7140,6930,39105
302,2020-01-10,6960,120,7130,7130,6890,53705
301,2020-01-13,6910,50,6950,6990,6880,30186
298,2020-01-14,6920,10,6880,6990,6860,29733
297,2020-01-15,7140,220,6950,7290,6890,80897
296,2020-01-16,7600,460,7230,7600,7100,130331
295,2020-01-17,7590,10,7640,7710,7420,97831
294,2020-01-20,7230,360,7590,7630,7210,49954
290,2020-01-21,7110,120,7230,7290,7100,29101
289,2020-01-22,7200,90,7060,7240,7060,17040
288,2020-01-23,7110,90,7110,7210,6910,25546
287,2020-01-28,6810,300,6870,7000,6800,39750
286,2020-01-29,6910,100,6830,6980,6770,27685
283,2020-01-30,6780,130,6930,6930,6630,21809
282,2020-01-31,6650,130,6840,6840,6510,31234
281,2020-02-03,6680,30,6510,6680,6400,17258
280,2020-02-04,6800,120,6680,6820,6680,15421
279,2020-02-05,6800,0,6810,6820,6680,8447
275,2020-02-06,6800,0,6800,6840,6720,7270
274,2020-02-07,6770,30,6800,6800,6680,8492
273,2020-02-10,6810,40,6710,6820,6640,13622
272,2020-02-11,6780,30,6840,6880,6630,21121
271,2020-02-12,6700,80,6750,6780,6630,19472
268,2020-02-13,6690,10,6700,6840,6620,15295
267,2020-02-14,6750,60,6620,6840,6570,38273
266,2020-02-17,6750,0,6710,6750,6620,12896
265,2020-02-18,6840,90,6750,7290,6680,141091
264,2020-02-19,6880,40,6880,7000,6700,30890
260,2020-02-20,6950,70,6980,7000,6800,24868
259,2020-02-21,6880,70,6910,6910,6720,17377
258,2020-02-24,6460,420,6710,6800,6400,29519
257,2020-02-25,6340,120,6250,6540,6250,36914
256,2020-02-26,6240,100,6240,6330,6110,22287
253,2020-02-27,6000,240,6240,6260,5770,61478
252,2020-02-28,5640,360,5620,5800,5500,42025
251,2020-03-02,5630,10,5630,5740,5560,12405
250,2020-03-03,5610,20,5690,5790,5610,18226
249,2020-03-04,5750,140,5610,5780,5550,8668
245,2020-03-05,5790,40,5780,6020,5750,15201
244,2020-03-06,5640,150,5780,5780,5570,16130
243,2020-03-09,5270,370,5540,5540,5190,24851
242,2020-03-10,5130,140,5200,5270,5050,41989
241,2020-03-11,5310,180,5130,6390,4985,1790816
238,2020-03-12,5250,60,5670,6300,5130,1308502
237,2020-03-13,3955,1295,4700,4700,3680,417963
236,2020-03-16,3620,335,3955,4020,3620,189086
235,2020-03-17,3435,185,3300,3595,3105,93807
234,2020-03-18,3310,125,3400,3600,3215,79989
230,2020-03-19,2605,705,3305,3350,2415,180796
229,2020-03-20,2770,165,2625,2880,2590,148402
228,2020-03-23,2555,215,2580,2635,2500,88123
227,2020-03-24,2780,225,2555,2810,2555,47279
226,2020-03-25,3070,290,2820,3070,2820,70295
223,2020-03-26,3190,120,3075,3245,3000,50183
222,2020-03-27,3440,250,3215,3950,3215,189868
221,2020-03-30,3555,115,3440,3640,3380,30783
220,2020-03-31,3660,105,3605,3690,3455,70619
219,2020-04-01,3690,30,3660,3905,3600,48780
215,2020-04-02,3865,175,3855,3915,3730,24925
214,2020-04-03,3940,75,3890,3980,3830,28566
213,2020-04-06,4025,85,3935,4050,3900,27459
212,2020-04-07,4035,10,4045,4055,3940,39796
211,2020-04-08,3980,55,4035,4035,3965,14330
208,2020-04-09,4040,60,3980,4050,3960,57719
207,2020-04-10,3985,55,4080,4080,3895,45587
206,2020-04-13,3945,40,4005,4015,3915,28287
205,2020-04-14,3900,45,4010,4010,3850,17710
204,2020-04-16,3990,90,3840,3990,3810,15783
200,2020-04-17,4195,205,4040,4350,4010,46926
199,2020-04-20,4210,15,4320,4350,4180,40431
198,2020-04-21,4035,175,4095,4195,3855,35704
197,2020-04-22,4085,50,4060,4120,3850,19342
196,2020-04-23,4215,130,4190,4280,4110,22165
193,2020-04-24,4265,50,4150,4340,4150,30586
192,2020-04-27,4315,50,4300,4360,4215,10513
191,2020-04-28,4290,25,4350,4350,4255,16602
190,2020-04-29,4475,185,4290,4640,4230,26503
189,2020-05-04,4480,5,4450,4690,4405,44780
185,2020-05-06,4635,155,4485,4765,4455,32707
184,2020-05-07,4940,305,4640,4975,4635,55399
183,2020-05-08,4960,20,4940,5000,4850,34820
182,2020-05-11,5120,160,4950,5180,4910,87098
181,2020-05-12,5330,210,5120,5450,5100,103138
178,2020-05-13,5240,90,5370,5430,5200,93423
177,2020-05-14,5100,140,5240,5260,5010,52250
176,2020-05-15,5170,70,5050,5240,4890,41270
175,2020-05-18,5400,230,5120,5500,5120,60656
174,2020-05-19,5350,50,5400,5500,5280,23555
170,2020-05-20,5430,80,5350,5440,5290,41068
169,2020-05-21,5400,30,5430,5490,5300,21514
168,2020-05-22,5380,20,5320,5400,5320,13272
167,2020-05-25,5490,110,5380,5590,5340,80313
166,2020-05-26,5740,250,5560,5790,5500,93302
163,2020-05-27,5720,20,5720,5910,5550,88465
162,2020-05-28,5760,40,5740,5800,5470,76359
161,2020-05-29,5930,170,5750,6000,5630,65270
160,2020-06-01,5880,50,6000,6000,5780,62164
159,2020-06-02,6020,140,5880,6020,5810,33014
155,2020-06-03,6350,330,6130,6420,5990,118495
154,2020-06-04,6270,80,6340,6340,6100,82525
153,2020-06-05,6280,10,6200,6300,6140,21935
152,2020-06-08,6330,50,6270,6350,6190,35021
151,2020-06-09,6310,20,6380,6380,6200,32390
148,2020-06-10,6200,110,6310,6360,6150,27868
147,2020-06-11,6070,130,6200,6200,5860,56652
146,2020-06-12,6000,70,5750,6050,5750,74883
145,2020-06-15,5800,200,5880,6050,5610,37717
144,2020-06-16,5940,140,5950,6000,5830,24560
140,2020-06-17,5990,50,5910,6010,5910,23681
139,2020-06-18,5850,140,6020,6020,5820,34460
138,2020-06-19,6050,200,5900,6080,5840,25882
137,2020-06-22,6060,10,6070,6140,5980,57153
136,2020-06-23,6060,0,6070,6190,5920,36514
133,2020-06-24,6090,30,6140,6150,5940,59580
132,2020-06-25,6100,10,5930,6100,5800,25496
131,2020-06-26,6020,80,6250,6250,6010,12984
130,2020-06-29,6000,20,6020,6100,5900,53760
129,2020-06-30,6030,30,6090,6200,5950,74012
125,2020-07-01,6020,10,6130,6150,5730,32944
124,2020-07-02,6050,30,6020,6140,5980,15915
123,2020-07-03,6130,80,6060,6150,6050,29904
122,2020-07-06,6190,60,6200,6200,6060,15807
121,2020-07-07,6290,100,6250,6350,6120,54704
118,2020-07-08,6210,80,6290,6330,6160,20014
117,2020-07-09,6300,90,6280,6300,6180,26541
116,2020-07-10,6300,0,6300,6330,6170,23204
115,2020-07-13,6280,20,6300,6300,6210,6232
114,2020-07-14,6190,90,6280,6280,6150,36622
110,2020-07-15,6310,120,6190,6400,6160,22827
109,2020-07-16,6300,10,6350,6360,6230,7928
108,2020-07-17,6350,50,6300,6350,6220,53040
107,2020-07-20,6280,70,6350,6350,6210,5398
106,2020-07-21,6320,40,6320,6350,6280,19793
103,2020-07-22,6340,20,6230,6340,6230,16172
102,2020-07-23,6260,80,6340,6340,6260,11361
101,2020-07-24,6350,90,6260,6410,6250,24412
100,2020-07-27,6350,0,6350,6370,6280,9716
99,2020-07-28,6400,50,6360,6400,6280,15076
95,2020-07-29,6620,220,6400,6800,6400,35022
94,2020-07-30,6820,200,6770,6850,6680,32713
93,2020-07-31,7140,320,6860,7200,6750,58645
92,2020-08-03,7200,60,7200,7290,7060,46342
91,2020-08-04,7170,30,7200,7230,6830,36692
88,2020-08-05,6940,230,7130,7170,6840,37920
87,2020-08-06,6870,70,6950,7010,6810,15263
86,2020-08-07,7000,130,7080,7080,6870,17184
85,2020-08-10,7120,120,7050,7180,6910,17233
84,2020-08-11,7120,0,7190,7190,7050,4392
80,2020-08-12,7090,30,7180,7180,6950,37181
79,2020-08-13,6990,100,7100,7100,6930,38679
78,2020-08-14,7160,170,7030,7300,6990,65366
77,2020-08-18,6930,230,7020,7100,6880,43747
76,2020-08-19,7040,110,7000,7060,6860,22419
73,2020-08-20,6920,120,6920,7070,6800,27181
72,2020-08-21,7020,100,7000,7020,6850,24733
71,2020-08-24,7040,20,7000,7190,6870,49455
70,2020-08-25,7040,0,7040,7190,6990,34733
69,2020-08-26,7390,350,7080,7680,7000,284157
65,2020-08-27,7170,220,7420,7460,7000,123126
64,2020-08-28,7660,490,7410,7660,7190,163771
63,2020-08-31,7720,60,7610,7950,7520,81865
62,2020-09-01,7750,30,7800,7970,7600,44083
61,2020-09-02,7880,130,7770,8070,7570,76017
58,2020-09-03,7860,20,7880,7940,7700,31625
57,2020-09-04,7790,70,7750,7910,7680,50595
56,2020-09-07,8040,250,7710,8040,7700,94900
55,2020-09-08,8320,280,8040,8470,8040,68093
54,2020-09-09,8450,130,8280,8640,8040,31138
50,2020-09-10,8560,110,8460,8600,8010,34164
49,2020-09-11,8600,40,8660,8730,8450,20331
48,2020-09-14,8600,0,8530,8630,8450,9335
47,2020-09-15,8580,20,8630,8640,8470,43550
46,2020-09-16,8720,140,8620,8720,8490,53683
43,2020-09-17,8830,110,8710,8840,8650,35628
42,2020-09-18,9000,170,8830,9040,8800,41511
41,2020-09-21,8660,340,9030,9030,8550,88106
40,2020-09-22,8490,170,8670,8890,8410,81974
39,2020-09-23,8400,90,8690,8700,8080,28499
35,2020-09-24,8190,210,8400,8400,7880,78496
34,2020-09-25,8500,310,8380,8600,8070,33304
33,2020-09-28,8590,90,8690,8690,8370,27003
32,2020-09-29,9100,510,8590,9150,8590,50549
31,2020-10-05,9000,100,9130,9130,8890,15058
28,2020-10-06,8900,100,8990,9000,8780,17840
27,2020-10-07,9100,200,8770,9190,8770,26346
26,2020-10-08,9240,140,9100,9300,9050,20266
25,2020-10-12,9240,0,9200,9240,9100,7150
24,2020-10-13,8950,290,9100,9150,8940,40161
20,2020-10-14,9000,50,8940,9000,8700,23646
19,2020-10-15,9000,0,9000,9100,8860,53184
18,2020-10-16,9000,0,8920,9050,8850,22122
17,2020-10-19,9000,0,9000,9050,8910,38852
16,2020-10-20,9010,10,9000,9150,8960,11391
13,2020-10-21,9000,10,9120,9120,9000,2998
12,2020-10-22,9090,90,9000,9280,8830,13611
11,2020-10-23,9500,410,9300,9500,9100,35991
10,2020-10-26,9380,120,9490,9540,9150,16952
9,2020-10-27,9270,110,9300,9370,9010,4137
5,2020-10-28,9150,120,9270,9470,9100,14449
4,2020-10-29,9040,110,9010,9100,9010,4598
3,2020-10-30,9070,30,9000,9120,8980,7251
2,2020-11-02,9100,30,9020,9290,9020,7090
1,2020-11-03,8970,130,9010,9220,8970,24942
