,date,close,diff,open,high,low,volume
448,2009-03-12,310,20,330,345,300,121277
447,2009-03-13,325,15,300,350,290,366513
446,2009-03-16,320,5,325,370,310,351978
445,2009-03-17,335,15,320,350,320,41027
444,2009-03-18,345,10,335,365,320,201478
440,2009-03-19,345,0,360,360,330,20109
439,2009-03-20,340,5,350,350,330,47808
438,2009-03-23,325,15,340,340,325,34793
437,2009-03-24,340,15,335,345,330,29402
436,2009-03-25,340,0,330,350,330,63020
433,2009-03-26,350,10,345,350,330,65596
432,2009-03-27,350,0,350,360,330,48659
431,2009-03-30,330,20,355,355,310,66845
430,2009-03-31,330,0,325,335,315,11198
429,2009-04-01,325,5,335,345,300,31682
425,2009-04-02,335,10,340,340,320,13861
424,2009-04-03,340,5,340,345,330,32273
423,2009-04-06,345,5,350,350,330,47689
422,2009-04-07,340,5,350,355,325,110483
421,2009-04-08,330,10,340,340,320,71772
418,2009-04-09,355,25,330,355,330,201039
417,2009-04-10,365,10,385,385,355,116640
416,2009-04-13,380,15,350,380,345,36155
415,2009-04-14,435,55,390,435,370,418689
414,2009-04-15,500,65,440,500,425,599100
410,2009-04-16,535,35,535,550,480,579728
409,2009-04-17,500,35,535,540,475,332265
408,2009-04-20,480,20,530,530,470,115151
407,2009-04-21,465,15,440,480,440,136725
406,2009-04-22,465,0,490,490,455,85631
403,2009-04-23,480,15,480,480,440,131909
402,2009-04-24,550,70,465,550,460,572650
401,2009-04-27,590,40,580,630,565,683647
400,2009-04-28,570,20,590,615,525,181096
399,2009-04-29,570,0,540,575,540,50188
395,2009-04-30,580,10,610,615,565,108636
394,2009-05-04,565,15,580,595,495,36856
393,2009-05-06,525,40,590,590,525,53753
392,2009-05-07,545,20,530,565,500,80643
391,2009-05-08,540,5,570,570,510,40954
388,2009-05-11,520,20,560,560,515,96802
387,2009-05-12,500,20,525,550,500,170000
386,2009-05-13,505,5,520,520,475,479518
385,2009-05-14,475,30,495,520,460,338891
384,2009-05-15,480,5,475,500,465,83155
380,2009-05-18,480,0,495,510,455,122990
379,2009-05-19,505,25,490,510,465,285723
378,2009-05-20,500,5,510,510,490,214323
377,2009-05-21,495,5,505,505,485,153010
376,2009-05-22,515,20,500,530,500,222251
373,2009-05-25,510,5,510,525,500,107016
372,2009-05-26,505,5,505,520,480,51608
371,2009-05-27,545,40,510,570,510,409011
370,2009-05-28,535,10,550,550,525,150289
369,2009-05-29,540,5,535,550,505,62203
365,2009-06-01,535,5,560,575,515,234314
364,2009-06-02,615,80,535,615,515,537161
363,2009-06-03,590,25,640,660,575,571610
362,2009-06-04,675,85,590,675,590,1634396
361,2009-06-05,615,60,675,695,590,787699
358,2009-06-08,550,65,625,650,550,433466
357,2009-06-09,560,10,565,575,540,218103
356,2009-06-10,610,50,545,640,545,659893
355,2009-06-11,630,20,600,640,585,272875
354,2009-06-12,595,35,630,630,570,301601
350,2009-06-15,615,20,590,630,570,378321
349,2009-06-16,590,25,600,600,575,266965
348,2009-06-17,595,5,580,605,575,238811
347,2009-06-18,600,5,605,615,590,313711
346,2009-06-19,680,80,600,685,590,645708
343,2009-06-22,775,95,750,775,690,1822671
342,2009-06-23,720,55,740,780,710,626005
341,2009-06-24,715,5,705,750,680,433850
340,2009-06-25,820,105,775,820,720,1585816
339,2009-06-26,790,30,825,830,785,773197
335,2009-06-29,770,20,780,790,745,358070
334,2009-06-30,740,30,760,785,725,442099
333,2009-07-01,745,5,735,745,700,194165
332,2009-07-02,745,0,775,775,700,71434
331,2009-07-03,750,5,750,750,725,53254
328,2009-07-06,725,25,735,770,715,147909
327,2009-07-07,695,30,735,735,650,209840
326,2009-07-08,685,10,695,715,685,138555
325,2009-07-09,715,30,690,745,670,308112
324,2009-07-10,765,50,715,810,715,384779
320,2009-07-13,760,5,775,790,725,366402
319,2009-07-14,735,25,760,795,735,309876
318,2009-07-15,795,60,750,840,740,1395246
317,2009-07-16,770,25,795,795,760,250589
316,2009-07-17,800,30,790,835,770,359762
313,2009-07-20,795,5,805,810,765,274169
312,2009-07-21,740,55,810,810,680,279607
311,2009-07-22,780,40,740,810,695,512686
310,2009-07-23,830,50,800,890,800,2036488
309,2009-07-24,950,120,805,950,805,2855539
305,2009-07-27,1090,140,1020,1090,1015,3960399
304,2009-07-28,1170,80,1190,1205,1120,4803022
303,2009-07-29,1240,70,1155,1290,1130,5593704
302,2009-07-30,1210,30,1240,1310,1165,2536375
301,2009-07-31,1170,40,1205,1220,1120,1328973
298,2009-08-03,1345,175,1175,1345,1170,3543259
297,2009-08-04,1480,135,1410,1545,1375,5155564
296,2009-08-05,1500,20,1465,1635,1400,3296220
295,2009-08-06,1525,25,1470,1565,1450,1373712
294,2009-08-07,1500,25,1500,1515,1435,1079071
290,2009-08-10,1585,85,1475,1630,1475,1265023
289,2009-08-11,1500,85,1600,1625,1500,776201
288,2009-08-12,1575,75,1470,1620,1460,965213
287,2009-08-13,1525,50,1575,1625,1490,955775
286,2009-08-14,1520,5,1525,1595,1455,1531687
283,2009-08-17,1510,10,1510,1550,1440,767216
282,2009-08-18,1445,65,1520,1630,1290,3211998
281,2009-08-19,1500,55,1380,1515,1380,1057367
280,2009-08-20,1500,0,1545,1560,1465,603803
279,2009-08-21,1530,30,1510,1540,1445,889510
275,2009-08-24,1550,20,1570,1685,1515,2767986
274,2009-08-25,1550,0,1550,1560,1460,1712349
273,2009-08-26,1605,55,1550,1615,1475,1738623
272,2009-08-27,1635,30,1655,1800,1615,2387232
271,2009-08-28,1635,0,1640,1670,1590,1054429
268,2009-08-31,1610,25,1635,1635,1545,716400
267,2009-09-01,1610,0,1625,1665,1550,898442
266,2009-09-02,1740,130,1560,1750,1550,1874031
265,2009-09-03,1960,220,1745,2000,1745,3188663
264,2009-09-04,2250,290,2100,2250,2000,3537628
260,2009-09-07,2585,335,2415,2585,2380,3031754
259,2009-09-08,2810,225,2750,2970,2505,7508677
258,2009-09-09,3230,420,2900,3230,2790,5360481
257,2009-09-10,3225,5,3230,3655,2900,7671743
256,2009-09-11,3320,95,3355,3540,3010,3957090
253,2009-09-14,3815,495,3160,3815,3160,3909850
252,2009-09-15,3245,570,4010,4350,3245,5341720
251,2009-09-16,3730,485,3210,3730,3200,3793729
250,2009-09-17,4100,370,3780,4280,3780,2832859
249,2009-09-18,4310,210,4250,4460,4120,1884494
245,2009-09-21,4955,645,4600,4955,4500,2489538
244,2009-09-22,5070,115,5450,5510,4870,3826391
243,2009-09-23,4310,760,4920,5070,4310,4313360
242,2009-09-24,4400,90,4310,4660,3690,6941971
241,2009-09-25,4000,400,4600,4970,3810,6292050
238,2009-09-28,4000,0,3700,4000,3450,2146413
237,2009-09-29,4575,575,4100,4575,4020,2699107
236,2009-09-30,4965,390,4600,5150,4585,2622379
235,2009-10-01,5000,35,4850,5460,4500,3347983
234,2009-10-05,4695,305,5700,5700,4300,4021763
230,2009-10-06,4150,545,4500,4800,3995,4254340
229,2009-10-07,4100,50,4230,4285,3925,1664704
228,2009-10-08,3920,180,4105,4185,3895,862336
227,2009-10-09,3335,585,4040,4040,3335,2418220
226,2009-10-12,2835,500,2925,3000,2835,2348496
223,2009-10-13,2410,425,2410,2410,2410,184238
222,2009-10-14,2050,360,2050,2050,2050,82669
221,2009-10-15,2355,305,1785,2355,1785,62512747
220,2009-10-16,2205,150,2425,2700,2200,26406117
219,2009-10-19,2195,10,2205,2345,2115,10275282
215,2009-10-20,2010,185,2200,2350,1930,28531026
214,2009-10-21,1755,255,2010,2035,1755,12832690
213,2009-10-22,2015,260,1795,2015,1785,24402768
212,2009-10-23,1870,145,2075,2085,1825,24035304
211,2009-10-26,1875,5,1840,1965,1760,9647641
208,2009-10-27,1820,55,1900,1905,1805,5340192
207,2009-10-28,1760,60,1850,1850,1705,5700645
206,2009-10-29,1500,260,1725,1750,1500,10771185
205,2009-10-30,1400,100,1315,1500,1300,21969490
204,2009-11-02,1405,5,1455,1495,1385,11419544
200,2009-11-03,1195,210,1395,1395,1195,12978124
199,2009-11-04,1265,70,1180,1340,1120,21350739
198,2009-11-05,1265,0,1295,1335,1220,9564910
197,2009-11-06,1325,60,1275,1450,1225,29839217
196,2009-11-09,1300,25,1300,1390,1280,11015213
193,2009-11-10,1270,30,1300,1310,1235,6806238
192,2009-11-11,1300,30,1250,1405,1210,24800011
191,2009-11-12,1105,195,1105,1105,1105,377449
190,2009-11-13,940,165,1030,1125,940,37002523
189,2009-11-16,905,35,940,980,855,14592257
185,2009-11-17,870,35,915,940,825,13181912
184,2009-11-18,945,75,880,1000,880,26205549
183,2009-11-19,980,35,930,1030,915,14291623
182,2009-11-20,925,55,965,985,915,5914243
181,2009-11-23,905,20,915,970,885,5699126
178,2009-11-24,930,25,925,960,905,4542007
177,2009-11-25,920,10,960,1025,910,11564046
176,2009-11-26,890,30,925,935,875,3676349
175,2009-11-27,890,0,0,0,0,0
174,2009-11-30,760,130,825,855,760,10278536
170,2009-12-01,845,85,790,870,780,17200357
169,2009-12-02,785,60,840,845,785,5700679
168,2009-12-03,900,115,775,900,740,12438092
167,2009-12-04,890,10,910,970,865,8331680
166,2009-12-07,875,15,905,915,850,3051835
163,2009-12-08,745,130,840,850,745,13573916
162,2009-12-09,720,25,745,780,690,6370129
161,2009-12-10,720,0,710,750,705,2653122
160,2009-12-11,705,15,730,735,700,2224804
159,2009-12-14,700,5,725,740,700,3444029
155,2009-12-15,665,35,710,715,650,5241388
154,2009-12-16,705,40,685,740,665,10488390
153,2009-12-17,740,35,690,800,675,14334925
152,2009-12-18,850,110,760,850,745,11295480
151,2009-12-21,725,125,810,820,725,20801702
148,2009-12-22,695,30,705,740,680,5374953
147,2009-12-23,605,90,650,665,595,8171594
146,2009-12-24,615,10,615,650,585,3482159
145,2009-12-28,560,55,615,620,540,2873736
144,2009-12-29,595,35,560,630,555,7962268
140,2009-12-30,510,85,510,560,510,11998001
139,2010-01-04,435,75,500,510,435,5991742
138,2010-01-05,420,15,400,425,385,16773961
137,2010-01-06,480,60,425,480,410,11096789
136,2010-01-07,420,60,490,520,415,18474894
133,2010-01-08,425,5,415,435,400,5312656
132,2010-01-11,420,5,440,450,410,4324642
131,2010-01-12,410,10,420,425,395,2615076
130,2010-01-13,415,5,410,425,400,1796586
129,2010-01-14,415,0,415,430,390,2899847
125,2010-01-15,440,25,415,455,405,5887417
124,2010-01-18,505,65,440,505,425,16271006
123,2010-01-19,480,25,535,555,480,23447175
122,2010-01-20,480,0,490,500,460,8107041
121,2010-01-21,470,10,480,505,460,8308916
118,2010-01-22,490,20,465,525,440,16890377
117,2010-01-25,560,70,495,560,480,18664212
116,2010-01-26,640,80,615,640,615,2614813
115,2010-01-27,735,95,730,735,645,25842295
114,2010-01-28,625,110,650,670,625,3240595
110,2010-01-29,535,90,535,535,535,138808
109,2010-02-01,455,80,455,480,455,7626556
108,2010-02-02,450,5,455,505,430,36581868
107,2010-02-03,405,45,385,465,385,45517366
106,2010-02-04,405,0,415,430,390,8513778
103,2010-02-05,380,25,390,400,370,5645226
102,2010-02-08,325,55,380,385,325,7351969
101,2010-02-09,310,15,310,340,305,5489337
100,2010-02-10,335,25,315,350,315,5180174
99,2010-02-11,325,10,335,345,320,3758343
95,2010-02-12,320,5,325,335,310,1835542
94,2010-02-16,365,45,320,365,315,5288294
93,2010-02-17,355,10,370,375,345,5390987
92,2010-02-18,365,10,360,380,350,4741106
91,2010-02-19,325,40,355,365,320,6339814
88,2010-02-22,325,0,0,0,0,0
87,2010-02-23,325,0,0,0,0,0
86,2010-02-24,325,0,0,0,0,0
85,2010-02-25,325,0,0,0,0,0
84,2010-02-26,325,0,0,0,0,0
80,2010-03-02,325,0,0,0,0,0
79,2010-03-03,325,0,0,0,0,0
78,2010-03-04,325,0,0,0,0,0
77,2010-03-05,325,0,0,0,0,0
76,2010-03-08,325,0,0,0,0,0
73,2010-03-09,325,0,0,0,0,0
72,2010-03-10,325,0,0,0,0,0
71,2010-03-11,325,0,0,0,0,0
70,2010-03-12,325,0,0,0,0,0
69,2010-03-15,325,0,0,0,0,0
65,2010-03-16,325,0,0,0,0,0
64,2010-03-17,325,0,0,0,0,0
63,2010-03-18,325,0,0,0,0,0
62,2010-03-19,325,0,0,0,0,0
61,2010-03-22,325,0,0,0,0,0
58,2010-03-23,325,0,0,0,0,0
57,2010-03-24,325,0,0,0,0,0
56,2010-03-25,325,0,0,0,0,0
55,2010-03-26,325,0,0,0,0,0
54,2010-03-29,325,0,0,0,0,0
50,2010-03-30,325,0,0,0,0,0
49,2010-03-31,325,0,0,0,0,0
48,2010-04-01,325,0,0,0,0,0
47,2010-04-02,325,0,0,0,0,0
46,2010-04-05,325,0,0,0,0,0
43,2010-04-06,325,0,0,0,0,0
42,2010-04-07,325,0,0,0,0,0
41,2010-04-08,325,0,0,0,0,0
40,2010-04-09,325,0,0,0,0,0
39,2010-04-12,325,0,0,0,0,0
35,2010-04-13,325,0,0,0,0,0
34,2010-04-14,325,0,0,0,0,0
33,2010-04-15,325,0,0,0,0,0
32,2010-04-16,325,0,0,0,0,0
31,2010-04-19,325,0,0,0,0,0
28,2010-04-20,325,0,0,0,0,0
27,2010-04-21,325,0,0,0,0,0
26,2010-04-22,325,0,0,0,0,0
25,2010-04-23,325,0,0,0,0,0
24,2010-04-26,325,0,0,0,0,0
20,2010-04-27,325,0,0,0,0,0
19,2010-04-28,325,0,0,0,0,0
18,2010-04-29,325,0,0,0,0,0
17,2010-04-30,325,0,0,0,0,0
16,2010-05-03,325,0,0,0,0,0
13,2010-05-04,325,0,0,0,0,0
12,2010-05-06,325,0,0,0,0,0
11,2010-05-07,325,0,0,0,0,0
10,2010-05-10,15,310,15,20,15,23179302
9,2010-05-11,10,5,15,15,10,12323841
5,2010-05-12,10,0,15,15,5,20424399
4,2010-05-13,5,5,10,10,5,13070114
3,2010-05-14,5,0,5,10,5,18021938
2,2010-05-17,5,0,5,5,5,17100179
