,date,close,diff,open,high,low,volume
448,2019-08-16,5400,1150,6350,6390,5400,1158071
447,2019-08-19,5310,90,5400,5470,5280,480631
446,2019-08-20,5540,230,5340,5590,5340,371940
445,2019-08-21,5540,0,5510,5680,5470,248121
444,2019-08-22,5800,260,5540,5810,5540,389303
440,2019-08-23,5840,40,5680,5970,5680,429169
439,2019-08-26,5640,200,5620,5820,5540,301803
438,2019-08-27,5630,10,5700,5800,5590,172539
437,2019-08-28,5950,320,5600,6150,5600,633051
436,2019-08-29,5790,160,5930,6020,5760,208912
433,2019-08-30,5750,40,5830,5910,5710,219162
432,2019-09-02,5830,80,5760,5860,5650,110468
431,2019-09-03,5900,70,5830,5960,5780,101962
430,2019-09-04,6310,410,5910,6430,5840,833773
429,2019-09-05,6190,120,6320,6320,6150,251899
425,2019-09-06,6200,10,6230,6240,6100,190311
424,2019-09-09,6030,170,6200,6300,6020,134578
423,2019-09-10,6130,100,6040,6250,6030,148634
422,2019-09-11,6280,150,6140,6280,6020,200396
421,2019-09-16,6230,50,6290,6290,6080,141099
418,2019-09-17,6290,60,6160,6370,6090,194294
417,2019-09-18,6300,10,6340,6400,6220,147656
416,2019-09-19,6210,90,6340,6340,6170,156733
415,2019-09-20,6240,30,6210,6280,6070,155238
414,2019-09-23,6260,20,6250,6330,6200,97282
410,2019-09-24,6240,20,6190,6340,6180,143445
409,2019-09-25,6150,90,6240,6280,6080,171901
408,2019-09-26,6200,50,6190,6280,6130,170378
407,2019-09-27,6210,10,6130,6270,6120,73197
406,2019-09-30,6150,60,6140,6250,6090,94911
403,2019-10-01,6280,130,6240,6320,6080,161086
402,2019-10-02,6370,90,6150,6540,6150,277642
401,2019-10-04,6420,50,6370,6660,6370,443741
400,2019-10-07,6530,110,6580,6730,6420,262085
399,2019-10-08,7000,470,6560,7090,6460,940044
395,2019-10-10,6790,210,7000,7040,6780,347797
394,2019-10-11,6910,120,6880,6990,6750,317609
393,2019-10-14,6870,40,6910,7030,6870,304512
392,2019-10-15,6730,140,6800,6900,6630,361744
391,2019-10-16,6910,180,6720,6930,6720,204791
388,2019-10-17,6750,160,6880,6930,6740,215996
387,2019-10-18,6720,30,6700,6890,6660,153076
386,2019-10-21,6520,200,6670,6730,6510,147736
385,2019-10-22,6540,20,6530,6620,6420,142448
384,2019-10-23,6580,40,6510,6620,6510,98572
380,2019-10-24,6630,50,6700,6720,6470,139576
379,2019-10-25,6500,130,6630,6660,6450,148491
378,2019-10-28,6550,50,6530,6610,6460,102362
377,2019-10-29,6800,250,6560,6870,6520,298949
376,2019-10-30,6960,160,6790,6960,6770,296016
373,2019-10-31,7130,170,6950,7210,6890,334976
372,2019-11-01,6890,240,7130,7210,6870,195860
371,2019-11-04,6880,10,6980,6980,6780,128878
370,2019-11-05,6940,60,6890,7000,6820,156889
369,2019-11-06,7320,380,6940,7400,6940,455053
365,2019-11-07,7200,120,7320,7390,7100,192750
364,2019-11-08,7540,340,7180,7590,7180,495399
363,2019-11-11,7550,10,7590,7690,7390,305679
362,2019-11-12,7690,140,7550,7770,7510,324471
361,2019-11-13,7810,120,7750,7850,7690,379087
358,2019-11-14,8110,300,7980,8240,7280,1222955
357,2019-11-15,8480,370,8320,8490,7970,1111727
356,2019-11-18,8430,50,8500,8660,8350,571510
355,2019-11-19,8810,380,8470,8910,8210,601306
354,2019-11-20,8780,30,8770,9000,8670,394063
350,2019-11-21,8570,210,8800,8950,8500,382240
349,2019-11-22,8500,70,8570,8660,8390,285469
348,2019-11-25,8530,30,8490,8700,8400,241421
347,2019-11-26,8440,90,8550,8570,8390,211851
346,2019-11-27,8410,30,8490,8620,8290,192829
343,2019-11-28,8380,30,8360,8400,8070,112066
342,2019-11-29,8340,40,8320,8480,8170,161089
341,2019-12-02,8380,40,8340,8510,8190,161505
340,2019-12-03,8340,40,8340,8340,8140,185096
339,2019-12-04,8100,240,8370,8400,8090,138672
335,2019-12-05,8270,170,8110,8380,8100,188243
334,2019-12-06,8470,200,8320,8480,8320,227628
333,2019-12-09,8450,20,8640,8700,8370,226648
332,2019-12-10,8390,60,8450,8530,8220,209086
331,2019-12-11,8690,300,8310,8750,8250,1209199
328,2019-12-12,9000,310,8580,9130,8580,680688
327,2019-12-13,8980,20,9020,9170,8830,391096
326,2019-12-16,8870,110,8930,8950,8720,291791
325,2019-12-17,8890,20,8950,9030,8720,201349
324,2019-12-18,8880,10,8940,9000,8790,83401
320,2019-12-19,8930,50,8940,9100,8800,116783
319,2019-12-20,8860,70,8880,9000,8790,116550
318,2019-12-23,8600,260,8860,8860,8580,117764
317,2019-12-24,8620,20,8600,8880,8590,218753
316,2019-12-26,8740,120,8630,8770,8620,147996
313,2019-12-27,8900,160,8740,8940,8710,118583
312,2019-12-30,8990,90,9000,9000,8840,133627
311,2020-01-02,8860,130,8990,8990,8780,110344
310,2020-01-03,9090,230,8900,9100,8820,250465
309,2020-01-06,8940,150,9040,9080,8900,137774
305,2020-01-07,8910,30,8950,9040,8870,71901
304,2020-01-08,8510,400,8890,8890,8460,261326
303,2020-01-09,8630,120,8780,8790,8580,143339
302,2020-01-10,8800,170,8700,8880,8640,110813
301,2020-01-13,8800,0,8890,8890,8720,101871
298,2020-01-14,9020,220,8920,9110,8910,301115
297,2020-01-15,8920,100,9090,9090,8870,128625
296,2020-01-16,8860,60,8940,8950,8760,134619
295,2020-01-17,9000,140,8870,9060,8870,268354
294,2020-01-20,9030,30,9110,9140,8980,183023
290,2020-01-21,9240,210,9100,9300,9060,473553
289,2020-01-22,9720,480,9360,9810,9280,557869
288,2020-01-23,9450,270,9720,9850,9130,451957
287,2020-01-28,9040,410,9000,9240,8810,297522
286,2020-01-29,9130,90,9080,9220,8990,166665
283,2020-01-30,8200,930,9090,9310,8110,854231
282,2020-01-31,7350,850,8200,8340,7160,1356051
281,2020-02-03,7350,0,7250,7520,7010,456327
280,2020-02-04,7700,350,7410,7800,7300,423224
279,2020-02-05,7720,20,7780,7880,7680,251614
275,2020-02-06,7710,10,7790,7820,7550,189138
274,2020-02-07,7540,170,7780,7780,7500,172216
273,2020-02-10,7310,230,7540,7540,7220,369807
272,2020-02-11,7210,100,7310,7320,7100,403334
271,2020-02-12,7210,0,7230,7290,7130,222013
268,2020-02-13,7070,140,7210,7250,7020,362583
267,2020-02-14,7050,20,7070,7100,6970,179770
266,2020-02-17,7040,10,7120,7120,6970,141432
265,2020-02-18,6920,120,7040,7110,6840,204664
264,2020-02-19,7420,500,6800,7420,6760,634532
260,2020-02-20,7250,170,7450,7460,7130,234159
259,2020-02-21,7040,210,7100,7250,6920,220989
258,2020-02-24,6800,240,6700,6910,6670,164673
257,2020-02-25,7000,200,6800,7040,6730,132357
256,2020-02-26,6970,30,6930,6980,6830,89311
253,2020-02-27,6720,250,6920,7030,6720,100292
252,2020-02-28,6390,330,6720,6720,6290,182478
251,2020-03-02,6610,220,6380,6700,6380,107047
250,2020-03-03,6840,230,6760,6970,6730,205535
249,2020-03-04,6900,60,6830,6950,6760,147870
245,2020-03-05,6900,0,6950,7000,6740,196464
244,2020-03-06,6800,100,6900,6900,6730,73121
243,2020-03-09,6460,340,6690,6700,6360,121609
242,2020-03-10,6540,80,6300,6550,6250,96809
241,2020-03-11,6240,300,6600,6720,6090,99548
238,2020-03-12,5840,400,6200,6210,5650,122652
237,2020-03-13,5540,300,4990,5690,4990,280324
236,2020-03-16,5050,490,5550,5870,5000,196657
235,2020-03-17,4920,130,4520,5020,4520,206522
234,2020-03-18,4450,470,4875,4980,4435,277029
230,2020-03-19,3790,660,4480,4495,3555,331221
229,2020-03-20,4290,500,3770,4430,3770,364275
228,2020-03-23,3905,385,3855,3975,3805,232844
227,2020-03-24,4215,310,4005,4225,3950,184266
226,2020-03-25,4450,235,4540,4540,4290,173008
223,2020-03-26,4570,120,4495,4840,4300,220363
222,2020-03-27,4620,50,4750,4845,4400,263598
221,2020-03-30,5080,460,4610,5100,4500,365840
220,2020-03-31,5240,160,5190,5400,5100,238417
219,2020-04-01,5170,70,5240,5370,5100,240255
215,2020-04-02,5050,120,5100,5170,4700,235208
214,2020-04-03,4995,55,5150,5200,4925,120729
213,2020-04-06,5150,155,4990,5150,4990,237842
212,2020-04-07,5230,80,5250,5340,5160,280993
211,2020-04-08,5180,50,5230,5290,5100,275482
208,2020-04-09,5200,20,5330,5340,5120,243406
207,2020-04-10,5030,170,5200,5220,4945,281543
206,2020-04-13,4900,130,5030,5030,4895,209708
205,2020-04-14,5000,100,4965,5090,4915,220164
204,2020-04-16,4890,110,4990,4990,4795,492574
200,2020-04-17,5080,190,4955,5160,4940,373842
199,2020-04-20,5470,390,5160,5550,5150,586192
198,2020-04-21,5260,210,5490,5490,5000,403656
197,2020-04-22,5190,70,5230,5230,5070,298538
196,2020-04-23,5370,180,5220,5390,5170,249637
193,2020-04-24,5160,210,5370,5430,5100,256510
192,2020-04-27,5240,80,5190,5240,5100,206424
191,2020-04-28,5650,410,5270,5910,5260,2099952
190,2020-04-29,5600,50,5580,5760,5520,392530
189,2020-05-04,5680,80,5540,5820,5480,331546
185,2020-05-06,5970,290,5960,6390,5920,2514820
184,2020-05-07,5980,10,6070,6070,5830,326856
183,2020-05-08,6150,170,5970,6150,5950,337178
182,2020-05-11,5940,210,6120,6120,5820,457547
181,2020-05-12,5830,110,5940,5940,5700,319788
178,2020-05-13,5760,70,5670,5810,5640,215750
177,2020-05-14,5600,160,5700,5760,5600,251538
176,2020-05-15,5630,30,5600,5770,5580,245005
175,2020-05-18,5860,230,5810,5950,5660,433181
174,2020-05-19,5990,130,5890,6100,5890,395418
170,2020-05-20,5960,30,6000,6010,5800,253383
169,2020-05-21,6070,110,6000,6080,5920,272455
168,2020-05-22,6030,40,6090,6250,5970,405999
167,2020-05-25,5970,60,6100,6100,5860,278955
166,2020-05-26,6020,50,6060,6060,5910,214515
163,2020-05-27,6060,40,6020,6160,6010,275387
162,2020-05-28,5860,200,6110,6140,5770,328850
161,2020-05-29,5820,40,5880,5970,5730,248874
160,2020-06-01,5970,150,5830,6000,5830,154469
159,2020-06-02,6380,410,5980,6470,5950,1165067
155,2020-06-03,6240,140,6440,6460,6200,517721
154,2020-06-04,6340,100,6360,6530,6270,571267
153,2020-06-05,6460,120,6330,6580,6250,342838
152,2020-06-08,6320,140,6530,6540,6300,282333
151,2020-06-09,6210,110,6320,6370,6140,287694
148,2020-06-10,6280,70,6180,6330,6080,159543
147,2020-06-11,6120,160,6240,6260,6090,257874
146,2020-06-12,5940,180,5750,5940,5490,296579
145,2020-06-15,5350,590,5880,5910,5310,453266
144,2020-06-16,5640,290,5480,5650,5450,198027
140,2020-06-17,5510,130,5550,5630,5400,176586
139,2020-06-18,5530,20,5510,5560,5440,133306
138,2020-06-19,5660,130,5540,5660,5490,104564
137,2020-06-22,5700,40,5730,5730,5620,118361
136,2020-06-23,5610,90,5710,5850,5590,120245
133,2020-06-24,5680,70,5610,5720,5500,129080
132,2020-06-25,5440,240,5590,5660,5420,173690
131,2020-06-26,5420,20,5460,5510,5410,76179
130,2020-06-29,5180,240,5350,5400,5170,174652
129,2020-06-30,5190,10,5220,5280,5090,125126
125,2020-07-01,5080,110,5210,5260,5000,177759
124,2020-07-02,5090,10,5100,5140,5010,135195
123,2020-07-03,5150,60,5120,5170,5050,98036
122,2020-07-06,5190,40,5180,5220,5110,98413
121,2020-07-07,5100,90,5220,5240,5070,168356
118,2020-07-08,5160,60,5080,5200,5080,107682
117,2020-07-09,5110,50,5180,5190,5070,106461
116,2020-07-10,4975,135,5140,5140,4905,242721
115,2020-07-13,5080,105,4975,5120,4935,131468
114,2020-07-14,5030,50,5080,5090,4990,87296
110,2020-07-15,5190,160,5060,5200,5050,119629
109,2020-07-16,5110,80,5220,5220,5090,105595
108,2020-07-17,5060,50,5110,5130,5010,141855
107,2020-07-20,5000,60,5080,5090,4990,139222
106,2020-07-21,5090,90,5050,5160,5000,191010
103,2020-07-22,5120,30,5080,5220,5030,245194
102,2020-07-23,5100,20,5150,5200,5050,194192
101,2020-07-24,5030,70,5060,5090,4995,202510
100,2020-07-27,5040,10,5030,5110,5030,115493
99,2020-07-28,5030,10,5090,5090,5020,137556
95,2020-07-29,5160,130,5070,5200,5000,309232
94,2020-07-30,5080,80,5200,5200,5070,106292
93,2020-07-31,5110,30,5080,5120,5050,86051
92,2020-08-03,5050,60,5130,5130,4990,205674
91,2020-08-04,5090,40,5050,5130,5040,127183
88,2020-08-05,5070,20,5130,5140,5030,96169
87,2020-08-06,5260,190,5090,5270,5050,409398
86,2020-08-07,5160,100,5260,5270,5110,166035
85,2020-08-10,5310,150,5180,5350,5120,254872
84,2020-08-11,5260,50,5330,5350,5210,171409
80,2020-08-12,5600,340,5310,5950,5220,4242724
79,2020-08-13,5670,70,5600,5760,5470,606024
78,2020-08-14,5550,120,5690,5730,5490,306411
77,2020-08-18,4650,900,5100,5140,4610,1349231
76,2020-08-19,4660,10,4700,4735,4560,387030
73,2020-08-20,4295,365,4665,4680,4255,448502
72,2020-08-21,4310,15,4310,4440,4185,234879
71,2020-08-24,4245,65,4310,4310,4220,155244
70,2020-08-25,4300,55,4245,4320,4225,186764
69,2020-08-26,4410,110,4350,4425,4310,205584
65,2020-08-27,4310,100,4415,4445,4275,145717
64,2020-08-28,4335,25,4310,4385,4305,95642
63,2020-08-31,4265,70,4340,4375,4235,183746
62,2020-09-01,4260,5,4290,4290,4220,128356
61,2020-09-02,4245,15,4255,4290,4195,239301
58,2020-09-03,4225,20,4245,4255,4195,175154
57,2020-09-04,4085,140,4140,4140,4045,342726
56,2020-09-07,4250,165,4085,4250,4085,188371
55,2020-09-08,4220,30,4290,4290,4200,143235
54,2020-09-09,4145,75,4190,4190,4120,201597
50,2020-09-10,4170,25,4170,4215,4130,88781
49,2020-09-11,4185,15,4170,4215,4135,104623
48,2020-09-14,4305,120,4195,4320,4185,159518
47,2020-09-15,4495,190,4340,4500,4330,407921
46,2020-09-16,4780,285,4530,4875,4420,767520
43,2020-09-17,4655,125,4740,4850,4600,243943
42,2020-09-18,4560,95,4650,4650,4500,122230
41,2020-09-21,4475,85,4560,4570,4405,118161
40,2020-09-22,4380,95,4485,4525,4295,138300
39,2020-09-23,4450,70,4425,4490,4345,92808
35,2020-09-24,4420,30,4440,4450,4340,88449
34,2020-09-25,4415,5,4430,4475,4380,80384
33,2020-09-28,4435,20,4405,4460,4380,81221
32,2020-09-29,4470,35,4460,4495,4440,51722
31,2020-10-05,4570,100,4490,4585,4440,87745
28,2020-10-06,4530,40,4595,4610,4505,67811
27,2020-10-07,4515,15,4530,4535,4430,58083
26,2020-10-08,4520,5,4555,4560,4505,54303
25,2020-10-12,4505,15,4520,4530,4465,57208
24,2020-10-13,4505,0,4495,4525,4470,61970
20,2020-10-14,4470,35,4505,4520,4455,66588
19,2020-10-15,4425,45,4490,4490,4390,107205
18,2020-10-16,4270,155,4440,4440,4250,88077
17,2020-10-19,4335,65,4315,4375,4255,66269
16,2020-10-20,4325,10,4335,4335,4255,60525
13,2020-10-21,4500,175,4325,4515,4325,117005
12,2020-10-22,4580,80,4500,4610,4480,120145
11,2020-10-23,4560,20,4595,4620,4520,52989
10,2020-10-26,4530,30,4570,4585,4430,107653
9,2020-10-27,4560,30,4545,4560,4485,91331
5,2020-10-28,4630,70,4560,4725,4555,127981
4,2020-10-29,4620,10,4585,4630,4540,89592
3,2020-10-30,4485,135,4585,4625,4455,88166
2,2020-11-02,4565,80,4480,4565,4470,46952
1,2020-11-03,4580,15,4575,4630,4550,57294
