,date,close,diff,open,high,low,volume
448,2019-08-16,704,23,682,713,677,155874
447,2019-08-19,696,8,705,719,691,179195
446,2019-08-20,705,9,700,715,689,93314
445,2019-08-21,745,40,718,749,700,366391
444,2019-08-22,737,8,740,743,723,103458
440,2019-08-23,722,15,727,740,720,55224
439,2019-08-26,713,9,716,740,701,50238
438,2019-08-27,724,11,713,737,708,128878
437,2019-08-28,734,10,738,795,721,554791
436,2019-08-29,729,5,735,735,721,94904
433,2019-08-30,738,9,721,744,721,69394
432,2019-09-02,734,4,752,752,720,71864
431,2019-09-03,728,6,733,734,723,72070
430,2019-09-04,729,1,727,741,725,146262
429,2019-09-05,729,0,736,739,717,151721
425,2019-09-06,711,18,729,729,705,112069
424,2019-09-09,713,2,711,730,706,73183
423,2019-09-10,721,8,717,730,709,83957
422,2019-09-11,729,8,715,735,715,38455
421,2019-09-16,732,3,729,740,725,39107
418,2019-09-17,728,4,730,742,722,145578
417,2019-09-18,717,11,720,730,709,112902
416,2019-09-19,729,12,726,738,716,90446
415,2019-09-20,729,0,733,733,720,9323
414,2019-09-23,729,0,733,743,720,44785
410,2019-09-24,720,9,726,738,713,146572
409,2019-09-25,720,0,719,732,701,88885
408,2019-09-26,714,6,727,727,708,63159
407,2019-09-27,708,6,721,755,708,127559
406,2019-09-30,703,5,719,719,690,73224
403,2019-10-01,716,13,719,719,708,38133
402,2019-10-02,719,3,725,725,710,20767
401,2019-10-04,721,2,716,750,709,70892
400,2019-10-07,717,4,720,737,708,118580
399,2019-10-08,709,8,719,721,698,266311
395,2019-10-10,728,19,715,729,704,109508
394,2019-10-11,726,2,728,735,710,111041
393,2019-10-14,733,7,735,748,719,294838
392,2019-10-15,732,1,737,737,727,25425
391,2019-10-16,708,24,739,739,695,249498
388,2019-10-17,737,29,714,743,714,163080
387,2019-10-18,718,19,741,742,707,173906
386,2019-10-21,704,14,718,718,694,130468
385,2019-10-22,705,1,711,711,699,32819
384,2019-10-23,705,0,723,723,694,26251
380,2019-10-24,690,15,705,705,686,76503
379,2019-10-25,704,14,690,711,690,56042
378,2019-10-28,704,0,704,709,696,35513
377,2019-10-29,700,4,697,708,693,67507
376,2019-10-30,723,23,712,766,704,563420
373,2019-10-31,714,9,723,730,705,118009
372,2019-11-01,702,12,718,720,698,79464
371,2019-11-04,700,2,713,714,695,94692
370,2019-11-05,703,3,702,709,698,16828
369,2019-11-06,713,10,700,715,699,57529
365,2019-11-07,715,2,715,715,708,34291
364,2019-11-08,714,1,717,725,710,82975
363,2019-11-11,721,7,722,725,707,95734
362,2019-11-12,705,16,728,728,700,433472
361,2019-11-13,710,5,707,725,704,267726
358,2019-11-14,716,6,718,824,705,1780243
357,2019-11-15,708,8,716,725,665,541727
356,2019-11-18,712,4,720,720,703,189288
355,2019-11-19,712,0,714,714,699,245654
354,2019-11-20,713,1,712,714,699,203302
350,2019-11-21,709,4,711,712,696,117874
349,2019-11-22,709,0,691,711,691,155370
348,2019-11-25,710,1,712,712,700,107725
347,2019-11-26,709,1,710,712,700,88051
346,2019-11-27,704,5,709,709,700,86667
343,2019-11-28,696,8,704,705,696,35068
342,2019-11-29,697,1,696,701,693,90211
341,2019-12-02,706,9,697,706,694,47141
340,2019-12-03,702,4,705,705,691,15287
339,2019-12-04,701,1,701,706,690,17498
335,2019-12-05,695,6,703,704,665,124689
334,2019-12-06,698,3,685,700,684,39337
333,2019-12-09,690,8,692,698,680,164972
332,2019-12-10,689,1,689,690,681,48269
331,2019-12-11,695,6,707,707,689,19751
328,2019-12-12,703,8,699,705,690,69473
327,2019-12-13,702,1,703,708,695,91378
326,2019-12-16,707,5,702,709,695,139227
325,2019-12-17,712,5,712,712,702,95936
324,2019-12-18,709,3,715,715,705,62589
320,2019-12-19,700,9,706,708,698,92048
319,2019-12-20,704,4,702,705,699,18851
318,2019-12-23,704,0,706,706,698,67973
317,2019-12-24,707,3,695,707,695,131942
316,2019-12-26,710,3,715,715,699,52881
313,2019-12-27,712,2,713,713,706,59845
312,2019-12-30,713,1,712,714,706,74971
311,2020-01-02,714,1,718,718,710,69038
310,2020-01-03,717,3,718,728,708,141537
309,2020-01-06,730,13,717,734,714,128962
305,2020-01-07,810,80,730,852,725,1849846
304,2020-01-08,838,28,810,934,753,5752506
303,2020-01-09,852,14,846,890,828,602186
302,2020-01-10,862,10,872,872,835,338532
301,2020-01-13,860,2,882,915,850,647697
298,2020-01-14,858,2,895,895,851,190060
297,2020-01-15,866,8,858,885,853,112458
296,2020-01-16,888,22,880,898,862,282999
295,2020-01-17,932,44,929,935,877,452575
294,2020-01-20,980,48,948,980,914,320109
290,2020-01-21,951,29,963,983,949,206714
289,2020-01-22,960,9,968,968,890,445772
288,2020-01-23,956,4,968,969,915,130222
287,2020-01-28,940,16,930,950,807,233223
286,2020-01-29,940,0,952,959,932,36913
283,2020-01-30,911,29,948,950,905,162336
282,2020-01-31,904,7,896,928,881,268890
281,2020-02-03,875,29,900,900,828,268320
280,2020-02-04,916,41,875,917,863,151515
279,2020-02-05,919,3,925,928,886,109816
275,2020-02-06,950,31,942,970,911,159686
274,2020-02-07,932,18,960,960,910,1174272
273,2020-02-10,920,12,930,930,902,335950
272,2020-02-11,875,45,946,946,865,547638
271,2020-02-12,809,66,875,884,777,918627
268,2020-02-13,792,17,814,820,765,769760
267,2020-02-14,789,3,792,812,781,330539
266,2020-02-17,799,10,798,804,778,245370
265,2020-02-18,797,2,808,809,782,193749
264,2020-02-19,800,3,786,818,777,277091
260,2020-02-20,778,22,791,800,777,186676
259,2020-02-21,790,12,777,792,775,202793
258,2020-02-24,774,16,758,803,758,229161
257,2020-02-25,770,4,780,799,745,325537
256,2020-02-26,762,8,752,780,745,159294
253,2020-02-27,757,5,762,769,749,125139
252,2020-02-28,746,11,750,755,720,197773
251,2020-03-02,754,8,759,759,738,58484
250,2020-03-03,769,15,751,778,751,63922
249,2020-03-04,778,9,769,780,760,43531
245,2020-03-05,768,10,779,790,741,263014
244,2020-03-06,760,8,762,768,743,46998
243,2020-03-09,749,11,744,800,730,188923
242,2020-03-10,754,5,749,754,723,193270
241,2020-03-11,810,56,746,840,746,1011050
238,2020-03-12,822,12,824,834,800,514999
237,2020-03-13,831,9,810,831,733,756316
236,2020-03-16,871,40,843,915,843,1093968
235,2020-03-17,833,38,864,865,800,1452544
234,2020-03-18,810,23,850,858,805,629864
230,2020-03-19,708,102,813,813,675,584264
229,2020-03-20,760,52,700,770,694,236773
228,2020-03-23,700,60,705,745,659,388111
227,2020-03-24,706,6,703,724,645,437331
226,2020-03-25,739,33,706,739,699,225832
223,2020-03-26,758,19,739,760,711,208937
222,2020-03-27,770,12,780,781,748,240144
221,2020-03-30,760,10,767,767,700,272879
220,2020-03-31,768,8,762,774,747,188197
219,2020-04-01,778,10,746,798,746,217066
215,2020-04-02,795,17,777,802,764,61251
214,2020-04-03,798,3,794,803,786,150299
213,2020-04-06,788,10,804,804,781,269435
212,2020-04-07,783,5,790,797,771,103161
211,2020-04-08,782,1,783,783,770,263169
208,2020-04-09,820,38,776,820,767,402778
207,2020-04-10,830,10,821,849,811,287102
206,2020-04-13,827,3,843,863,812,273018
205,2020-04-14,820,7,834,835,782,141209
204,2020-04-16,806,14,815,844,791,125400
200,2020-04-17,809,3,806,817,793,309625
199,2020-04-20,800,9,825,825,796,246322
198,2020-04-21,785,15,800,803,773,276566
197,2020-04-22,794,9,766,795,766,146989
196,2020-04-23,796,2,792,808,780,184042
193,2020-04-24,783,13,794,805,779,153546
192,2020-04-27,793,10,785,795,778,111062
191,2020-04-28,798,5,795,805,781,160295
190,2020-04-29,789,9,798,798,774,947208
189,2020-05-04,830,41,782,849,782,1028362
185,2020-05-06,891,61,855,998,845,4164267
184,2020-05-07,916,25,885,950,881,1766425
183,2020-05-08,919,3,926,973,906,2817866
182,2020-05-11,928,9,925,953,914,1503405
181,2020-05-12,913,15,930,935,900,871908
178,2020-05-13,920,7,889,930,889,585858
177,2020-05-14,985,65,919,1125,905,8411100
176,2020-05-15,936,49,987,1020,897,3423626
175,2020-05-18,960,24,931,960,922,1960057
174,2020-05-19,1060,100,983,1080,971,5585220
170,2020-05-20,1125,65,1065,1125,1020,3507546
169,2020-05-21,1175,50,1180,1220,1145,5328125
168,2020-05-22,1290,115,1225,1305,1180,4543444
167,2020-05-25,1155,135,1150,1190,1100,5192980
166,2020-05-26,1210,55,1155,1240,1090,4312809
163,2020-05-27,1145,65,1200,1225,1140,1862590
162,2020-05-28,1130,15,1135,1160,1115,1687552
161,2020-05-29,1145,15,1125,1175,1120,1277399
160,2020-06-01,1130,15,1145,1170,1110,1912646
159,2020-06-02,1180,50,1130,1195,1125,1030482
155,2020-06-03,1220,40,1195,1250,1150,2024666
154,2020-06-04,1235,15,1240,1285,1205,2420516
153,2020-06-05,1245,10,1230,1265,1230,563962
152,2020-06-08,1220,25,1260,1260,1190,1135945
151,2020-06-09,1185,35,1230,1230,1165,1053980
148,2020-06-10,1210,25,1185,1270,1150,953424
147,2020-06-11,1200,10,1215,1230,1180,541212
146,2020-06-12,1180,20,1145,1185,1130,889388
145,2020-06-15,1060,120,1185,1185,1000,1549533
144,2020-06-16,1175,115,1110,1175,1070,1120958
140,2020-06-17,1050,125,1105,1125,1020,2236492
139,2020-06-18,945,105,1060,1060,940,3920511
138,2020-06-19,885,60,954,954,838,3771916
137,2020-06-22,850,35,884,910,849,1415051
136,2020-06-23,812,38,862,868,799,1399059
133,2020-06-24,855,43,820,888,808,1516860
132,2020-06-25,825,30,825,850,814,1063711
131,2020-06-26,807,18,829,838,782,1133205
130,2020-06-29,771,36,805,815,767,504304
129,2020-06-30,817,46,782,830,775,821338
125,2020-07-01,799,18,817,886,798,3136097
124,2020-07-02,825,26,799,832,799,953392
123,2020-07-03,833,8,825,846,820,565005
122,2020-07-06,834,1,850,850,822,847351
121,2020-07-07,875,41,840,880,838,725521
118,2020-07-08,901,26,865,910,861,1101742
117,2020-07-09,925,24,924,926,905,668225
116,2020-07-10,903,22,938,938,895,635902
115,2020-07-13,878,25,908,914,867,1235914
114,2020-07-14,878,0,878,888,845,825871
110,2020-07-15,928,50,881,944,877,919293
109,2020-07-16,983,55,939,1020,928,2073858
108,2020-07-17,1020,37,968,1030,968,1242393
107,2020-07-20,1135,115,1020,1140,1020,3437826
106,2020-07-21,1150,15,1140,1180,1090,1317294
103,2020-07-22,1190,40,1160,1220,1150,2777052
102,2020-07-23,1225,35,1230,1265,1155,3676002
101,2020-07-24,1260,35,1255,1275,1225,4181066
100,2020-07-27,1375,115,1300,1400,1275,7444735
99,2020-07-28,1560,185,1405,1595,1385,5454673
95,2020-07-29,1480,80,1560,1570,1435,2667315
94,2020-07-30,1490,10,1500,1540,1400,2632956
93,2020-07-31,1485,5,1505,1645,1450,2838066
92,2020-08-03,1505,20,1535,1535,1455,1634823
91,2020-08-04,1525,20,1500,1540,1465,1293919
88,2020-08-05,1685,160,1540,1785,1535,4748439
87,2020-08-06,1685,0,1685,1740,1630,1488703
86,2020-08-07,1795,110,1700,1825,1695,1938978
85,2020-08-10,1960,165,1770,1960,1765,2323378
84,2020-08-11,1970,10,1960,2090,1910,1823413
80,2020-08-12,1990,20,1975,2050,1940,1034761
79,2020-08-13,2190,200,1995,2220,1995,4267529
78,2020-08-14,2075,115,2165,2210,2065,2440342
77,2020-08-18,2075,0,2075,2175,1990,1831733
76,2020-08-19,2070,5,2095,2140,2020,1198661
73,2020-08-20,2205,135,2100,2215,2065,3509285
72,2020-08-21,1740,465,2140,2335,1700,7055415
71,2020-08-24,1840,100,1740,1885,1430,5756325
70,2020-08-25,1930,90,1830,1985,1780,2219444
69,2020-08-26,1985,55,1930,2070,1900,1553822
65,2020-08-27,1975,10,1970,2040,1855,1505463
64,2020-08-28,1925,50,1980,2025,1910,1486223
63,2020-08-31,1960,35,2000,2050,1940,1977317
62,2020-09-01,1855,105,1940,1975,1820,1629896
61,2020-09-02,1805,50,1890,1895,1585,3781945
58,2020-09-03,1925,120,1800,1940,1770,2361276
57,2020-09-04,1900,25,1850,1915,1790,1247778
56,2020-09-07,1840,60,1930,1945,1830,1605180
55,2020-09-08,1840,0,1850,1920,1840,1307673
54,2020-09-09,1835,5,1835,1870,1810,1014645
50,2020-09-10,1855,20,1855,1890,1820,929875
49,2020-09-11,1850,5,1850,1915,1840,1086042
48,2020-09-14,1960,110,1830,1960,1830,2431145
47,2020-09-15,1930,30,2090,2090,1845,3337327
46,2020-09-16,1860,70,1930,1930,1740,3068218
43,2020-09-17,1785,75,1850,1860,1750,1246527
42,2020-09-18,1790,5,1785,1830,1760,616541
41,2020-09-21,1650,140,1780,1805,1610,2505222
40,2020-09-22,1680,30,1615,1750,1580,966883
39,2020-09-23,1705,25,1680,1735,1660,667253
35,2020-09-24,1705,0,1685,1735,1645,837856
34,2020-09-25,1675,30,1705,1715,1660,370233
33,2020-09-28,1695,20,1680,1725,1665,762960
32,2020-09-29,1760,65,1720,1760,1675,760841
31,2020-10-05,1875,115,1765,1895,1765,2017007
28,2020-10-06,1890,15,1845,1925,1840,907896
27,2020-10-07,1845,45,1890,1900,1795,1181838
26,2020-10-08,1860,15,1850,1860,1780,1558882
25,2020-10-12,1860,0,0,0,0,0
24,2020-10-13,1860,0,0,0,0,0
20,2020-10-14,1860,0,0,0,0,0
19,2020-10-15,1860,0,0,0,0,0
18,2020-10-16,1860,0,0,0,0,0
17,2020-10-19,1860,0,0,0,0,0
16,2020-10-20,1860,0,0,0,0,0
13,2020-10-21,1860,0,0,0,0,0
12,2020-10-22,1860,0,0,0,0,0
11,2020-10-23,1860,0,0,0,0,0
10,2020-10-26,1860,0,0,0,0,0
9,2020-10-27,1860,0,0,0,0,0
5,2020-10-28,8090,1210,9000,9100,8020,517230
4,2020-10-29,8220,130,7970,8290,7720,115760
3,2020-10-30,9020,800,8220,9260,8200,296520
2,2020-11-02,8770,250,8980,9050,8610,175144
1,2020-11-03,8430,340,8900,8900,8430,162853
