,date,close,diff,open,high,low,volume
448,2019-08-16,15200,500,15500,15600,15000,13518
447,2019-08-19,15150,50,15200,15500,14950,17089
446,2019-08-20,15350,200,15250,15650,15150,22665
445,2019-08-21,15350,0,15450,15750,15200,19747
444,2019-08-22,15800,450,15700,16300,15300,34980
440,2019-08-23,15200,600,15800,16100,14950,35026
439,2019-08-26,14500,700,14750,15050,14250,35905
438,2019-08-27,14500,0,14900,14900,14300,22858
437,2019-08-28,14350,150,14500,14850,14050,32089
436,2019-08-29,13900,450,14600,14600,13600,93287
433,2019-08-30,14000,100,14000,14350,13800,41871
432,2019-09-02,13950,50,14000,14200,13750,27013
431,2019-09-03,14100,150,14000,14150,13800,14997
430,2019-09-04,14650,550,14050,14850,14000,38897
429,2019-09-05,14450,200,14500,14700,14250,27336
425,2019-09-06,15100,650,14450,15300,14450,99408
424,2019-09-09,14650,450,15050,15150,14500,30865
423,2019-09-10,14500,150,14600,14900,14400,24766
422,2019-09-11,14500,0,14500,14800,14350,16685
421,2019-09-16,14450,50,14650,14650,14200,19719
418,2019-09-17,15000,550,14250,15050,14150,45832
417,2019-09-18,16000,1000,14900,17200,14900,388184
416,2019-09-19,15300,700,16000,16000,15300,89675
415,2019-09-20,15000,300,15200,15500,14950,55133
414,2019-09-23,15050,50,15000,15450,15000,25768
410,2019-09-24,14950,100,14950,15200,14650,33830
409,2019-09-25,13900,1050,14600,14900,13850,125523
408,2019-09-26,13950,50,13900,14200,13850,15424
407,2019-09-27,13900,50,13900,14150,13550,45073
406,2019-09-30,13900,0,13900,13950,13450,27488
403,2019-10-01,13900,0,13750,13900,13650,28182
402,2019-10-02,14350,450,13750,15000,13650,80607
401,2019-10-04,14350,0,14300,14650,14200,20268
400,2019-10-07,14700,350,14500,14950,14100,37059
399,2019-10-08,14750,50,14700,14900,14300,18545
395,2019-10-10,15600,850,14750,15800,14750,148533
394,2019-10-11,15450,150,15600,15650,15300,22273
393,2019-10-14,15350,100,15450,15900,15350,22788
392,2019-10-15,16400,1050,15500,16750,15350,242026
391,2019-10-16,16250,150,16400,17000,16200,73000
388,2019-10-17,17350,1100,16150,20000,16150,1093199
387,2019-10-18,17250,100,17750,18750,17250,344103
386,2019-10-21,17500,250,17200,18150,16750,137708
385,2019-10-22,16950,550,17400,18150,16900,97549
384,2019-10-23,16750,200,16950,17550,16500,75969
380,2019-10-24,17300,550,17050,17400,16600,54360
379,2019-10-25,16450,850,17500,17500,16250,95182
378,2019-10-28,16350,100,16300,16550,16150,30066
377,2019-10-29,16600,250,16250,17200,16250,57495
376,2019-10-30,17200,600,17050,17900,16500,320942
373,2019-10-31,17250,50,17550,17800,17150,68296
372,2019-11-01,17300,50,17250,17600,17000,32499
371,2019-11-04,16900,400,17750,17750,16900,29868
370,2019-11-05,17350,450,16800,17350,16600,40132
369,2019-11-06,17000,350,17300,17350,16750,39231
365,2019-11-07,16650,350,16900,17000,16650,25003
364,2019-11-08,16550,100,16650,16900,16450,22600
363,2019-11-11,16600,50,16550,16750,16400,11907
362,2019-11-12,16550,50,16700,16700,16400,18601
361,2019-11-13,16000,550,16450,16550,15700,77525
358,2019-11-14,16000,0,15850,16000,15600,19722
357,2019-11-15,15600,400,15900,16050,15550,27619
356,2019-11-18,15200,400,15600,15800,15000,53621
355,2019-11-19,14800,400,15200,15200,14650,41478
354,2019-11-20,14650,150,14800,15200,14600,29393
350,2019-11-21,14500,150,14500,14850,14200,37760
349,2019-11-22,14250,250,14450,14650,13950,59496
348,2019-11-25,14800,550,14350,14900,14350,18851
347,2019-11-26,15250,450,15000,15450,14800,51911
346,2019-11-27,15100,150,15500,15500,14950,14705
343,2019-11-28,15100,0,15100,15250,14700,13882
342,2019-11-29,14550,550,14850,15050,14350,51951
341,2019-12-02,14750,200,14700,14900,14600,20902
340,2019-12-03,14400,350,14750,14750,14250,16342
339,2019-12-04,14300,100,14400,14500,14200,11806
335,2019-12-05,14450,150,14300,14550,14050,15683
334,2019-12-06,15200,750,14300,15300,14300,13607
333,2019-12-09,15050,150,15350,15350,14900,9236
332,2019-12-10,14850,200,15000,15000,14600,7429
331,2019-12-11,14800,50,15050,15100,14600,22416
328,2019-12-12,14600,200,14750,14750,14500,15597
327,2019-12-13,14650,50,14700,14800,14500,8514
326,2019-12-16,14850,200,14500,14950,14500,6014
325,2019-12-17,15250,400,14900,15250,14900,20434
324,2019-12-18,14800,450,15400,15400,14800,9929
320,2019-12-19,14500,300,14800,14800,14450,24896
319,2019-12-20,14500,0,14500,14600,14450,8110
318,2019-12-23,14450,50,14600,14600,14200,6061
317,2019-12-24,13850,600,14450,14500,13850,43855
316,2019-12-26,13800,50,13550,14000,13450,22224
313,2019-12-27,13700,100,13900,13900,13550,26814
312,2019-12-30,13950,250,13700,13950,13600,18598
311,2020-01-02,14250,300,14000,14500,13750,31770
310,2020-01-03,13950,300,14250,14350,13950,13821
309,2020-01-06,13550,400,13950,13950,13450,17846
305,2020-01-07,13800,250,13600,13800,13450,5680
304,2020-01-08,13300,500,13750,13750,12950,39153
303,2020-01-09,13450,150,13500,13550,13250,26021
302,2020-01-10,13400,50,13350,13900,13300,44475
301,2020-01-13,14300,900,13400,14300,13400,34655
298,2020-01-14,14200,100,14450,14500,14000,11906
297,2020-01-15,14300,100,14200,14350,14000,7991
296,2020-01-16,14100,200,14650,14650,13850,8698
295,2020-01-17,13850,250,14050,14550,13800,29520
294,2020-01-20,13850,0,13900,13950,13650,9089
290,2020-01-21,13550,300,13850,13850,13300,39400
289,2020-01-22,13450,100,13350,13600,13300,10181
288,2020-01-23,13300,150,13450,13450,13000,31730
287,2020-01-28,12550,750,12900,12950,12450,21465
286,2020-01-29,12500,50,12700,12750,12350,24625
283,2020-01-30,12400,100,12550,12700,12200,11438
282,2020-01-31,11750,650,12500,12500,11400,38648
281,2020-02-03,12200,450,11300,12200,10900,48110
280,2020-02-04,12200,0,12450,12450,11950,8400
279,2020-02-05,12350,150,12250,12500,12000,18240
275,2020-02-06,12700,350,12400,12800,12300,12565
274,2020-02-07,12500,200,12900,12900,12400,4390
273,2020-02-10,12450,50,12500,12500,11950,24153
272,2020-02-11,12350,100,12600,12600,12150,11231
271,2020-02-12,12350,0,12350,12400,11950,7572
268,2020-02-13,12350,0,12400,12650,12250,12009
267,2020-02-14,12250,100,12150,12300,12050,18998
266,2020-02-17,12400,150,12250,12500,12100,13590
265,2020-02-18,12300,100,12500,13150,12250,48375
264,2020-02-19,12250,50,12300,12500,12050,23334
260,2020-02-20,12000,250,12200,12250,11850,24165
259,2020-02-21,12100,100,12000,12150,11600,21526
258,2020-02-24,11750,350,12000,12000,11500,27740
257,2020-02-25,11700,50,11400,11800,11400,16795
256,2020-02-26,11350,350,11600,11600,11100,20563
253,2020-02-27,11450,100,11500,11550,11200,11669
252,2020-02-28,10500,950,11400,11400,10150,71912
251,2020-03-02,10650,150,10500,11100,10200,37940
250,2020-03-03,10800,150,10700,10900,10650,6734
249,2020-03-04,10800,0,10750,11050,10650,20320
245,2020-03-05,11100,300,10950,11250,10850,12173
244,2020-03-06,10750,350,11150,11150,10600,12087
243,2020-03-09,10250,500,10450,10550,10150,16080
242,2020-03-10,10250,0,10050,10350,9840,29829
241,2020-03-11,9700,550,10350,10350,9630,16381
238,2020-03-12,8140,1560,9210,9690,7990,218212
237,2020-03-13,7060,1080,7000,7420,6050,173546
236,2020-03-16,6280,780,6810,7110,6280,116572
235,2020-03-17,6350,70,5510,6350,5510,92386
234,2020-03-18,5970,380,6250,6460,5970,28786
230,2020-03-19,4650,1320,6000,6300,4330,55432
229,2020-03-20,5360,710,4610,5360,4610,54665
228,2020-03-23,5150,210,5010,5230,4800,24016
227,2020-03-24,5950,800,5200,5970,5200,53132
226,2020-03-25,6450,500,6090,6590,6090,66760
223,2020-03-26,6900,450,6460,7400,6460,48680
222,2020-03-27,7330,430,7690,7690,7020,100781
221,2020-03-30,8910,1580,7010,9130,7010,207716
220,2020-03-31,9600,690,9380,9800,8520,163344
219,2020-04-01,9870,270,9600,10400,9460,142578
215,2020-04-02,10100,230,9790,10150,9560,43210
214,2020-04-03,9670,430,10100,10150,9300,71272
213,2020-04-06,9660,10,9640,9750,9500,45356
212,2020-04-07,9780,120,9890,9950,9600,40568
211,2020-04-08,9850,70,9780,10000,9500,62704
208,2020-04-09,9970,120,9900,10300,9810,41193
207,2020-04-10,9960,10,9970,10150,9670,50669
206,2020-04-13,10450,490,10750,10800,9980,94646
205,2020-04-14,10450,0,10250,10650,10200,38927
204,2020-04-16,10300,150,10300,10400,10100,31524
200,2020-04-17,10700,400,10350,10850,10350,42846
199,2020-04-20,11050,350,10900,11150,10700,48299
198,2020-04-21,10550,500,11050,11050,10050,47366
197,2020-04-22,10450,100,10650,10650,10200,33151
196,2020-04-23,10650,200,10600,10750,10350,29805
193,2020-04-24,10700,50,10650,10700,10350,25610
192,2020-04-27,10750,50,10800,10950,10550,46010
191,2020-04-28,10500,250,10750,10800,10350,47208
190,2020-04-29,10750,250,10400,10800,10250,27446
189,2020-05-04,10800,50,10550,10900,10550,27029
185,2020-05-06,11400,600,10800,11550,10700,47133
184,2020-05-07,12750,1350,11450,13000,11150,166159
183,2020-05-08,12800,50,13000,13100,12700,88949
182,2020-05-11,13250,450,12800,13900,12350,275931
181,2020-05-12,13300,50,13700,13700,12650,95042
178,2020-05-13,13250,50,13250,13400,13000,54081
177,2020-05-14,12900,350,13250,13250,12850,36631
176,2020-05-15,12350,550,12900,13000,12350,46011
175,2020-05-18,12400,50,12350,12700,12250,38523
174,2020-05-19,12400,0,12400,12600,12100,24306
170,2020-05-20,12550,150,12450,12550,12200,31218
169,2020-05-21,12500,50,12400,12550,12250,23050
168,2020-05-22,12300,200,12500,12700,12000,30510
167,2020-05-25,12400,100,12300,12600,12050,24434
166,2020-05-26,12350,50,12200,12400,12100,19523
163,2020-05-27,12150,200,12350,12850,12150,89564
162,2020-05-28,12100,50,12300,12700,11700,39366
161,2020-05-29,12000,100,12100,12200,11900,19207
160,2020-06-01,12000,0,11900,12200,11900,13398
159,2020-06-02,12100,100,12000,12150,11900,10634
155,2020-06-03,12300,200,12250,12300,12000,15419
154,2020-06-04,12750,450,12200,12900,12100,45486
153,2020-06-05,12850,100,12600,12900,12600,17878
152,2020-06-08,12900,50,13000,13000,12700,22997
151,2020-06-09,12600,300,13050,13050,12500,12981
148,2020-06-10,12600,0,12800,12800,12200,11412
147,2020-06-11,11900,700,12400,12600,11850,43890
146,2020-06-12,12000,100,11550,12100,10550,40279
145,2020-06-15,10450,1550,12000,12250,10450,43207
144,2020-06-16,11100,650,10900,11600,10900,27370
140,2020-06-17,11450,350,10750,12850,10750,77786
139,2020-06-18,12500,1050,11500,12650,11450,61978
138,2020-06-19,12350,150,12700,12700,11850,19113
137,2020-06-22,12400,50,12050,12650,11850,20346
136,2020-06-23,13150,750,13150,13700,13000,182736
133,2020-06-24,13450,300,13150,13450,12750,51040
132,2020-06-25,13050,400,13200,13600,12950,46411
131,2020-06-26,13050,0,13150,13300,12700,17442
130,2020-06-29,12800,250,12700,13200,12600,15521
129,2020-06-30,13250,450,12750,13250,12650,23153
125,2020-07-01,13000,250,13550,13550,12950,16037
124,2020-07-02,13800,800,12950,14600,12950,149124
123,2020-07-03,14300,500,14050,14550,13800,88928
122,2020-07-06,13800,500,14350,14400,13550,53188
121,2020-07-07,13700,100,13800,13900,13500,26988
118,2020-07-08,13500,200,13700,13700,13200,20335
117,2020-07-09,13450,50,13500,13500,12900,41596
116,2020-07-10,13600,150,13450,13800,13150,26325
115,2020-07-13,13050,550,13600,13650,13050,24952
114,2020-07-14,12600,450,12850,12950,12600,20311
110,2020-07-15,12700,100,12550,12950,12500,10247
109,2020-07-16,12750,50,12800,12800,12150,13185
108,2020-07-17,12600,150,12550,12800,12450,11944
107,2020-07-20,12050,550,12500,12700,11800,44628
106,2020-07-21,12250,200,11950,12350,11850,13122
103,2020-07-22,12300,50,12300,12550,12150,6379
102,2020-07-23,12050,250,12500,12500,12000,14807
101,2020-07-24,11700,350,12150,12400,11450,30737
100,2020-07-27,12750,1050,11700,13650,11700,72144
99,2020-07-28,12500,250,12600,12900,12250,25795
95,2020-07-29,13000,500,12400,13200,12250,23131
94,2020-07-30,13850,850,13350,14200,12850,73998
93,2020-07-31,13450,400,13800,14050,13400,29751
92,2020-08-03,13000,450,13300,13350,12900,28044
91,2020-08-04,13700,700,13000,13850,12950,80347
88,2020-08-05,14400,700,14000,14900,13900,158858
87,2020-08-06,14000,400,14550,14600,13950,56599
86,2020-08-07,13950,50,14150,14150,13400,47103
85,2020-08-10,13500,450,14000,14300,13450,29568
84,2020-08-11,13100,400,13450,13450,12600,77182
80,2020-08-12,12500,600,12950,13050,12450,37971
79,2020-08-13,12500,0,12600,12900,12500,21088
78,2020-08-14,12350,150,12550,12550,12100,15713
77,2020-08-18,11500,850,12150,12300,11250,40764
76,2020-08-19,11750,250,11400,11950,11400,12495
73,2020-08-20,10650,1100,11900,11900,10450,84578
72,2020-08-21,10650,0,10600,10800,10350,15895
71,2020-08-24,11000,350,10650,11200,10600,25355
70,2020-08-25,11350,350,11050,11500,11050,8970
69,2020-08-26,11550,200,11500,12950,11300,112115
65,2020-08-27,11100,450,11400,11600,11050,18817
64,2020-08-28,11250,150,11000,11500,11000,13395
63,2020-08-31,11250,0,11150,11700,11150,15029
62,2020-09-01,11800,550,11500,11850,11350,41070
61,2020-09-02,12000,200,11950,12050,11600,22278
58,2020-09-03,11700,300,12000,12150,11700,13031
57,2020-09-04,11700,0,11050,11700,11000,22100
56,2020-09-07,11350,350,11750,11750,11100,34057
55,2020-09-08,11600,250,11400,11850,11200,14192
54,2020-09-09,11600,0,11300,11600,11200,5502
50,2020-09-10,11800,200,11950,11950,11600,12375
49,2020-09-11,12100,300,11750,12150,11450,17382
48,2020-09-14,11650,450,12150,12200,11650,22520
47,2020-09-15,11850,200,11650,11850,11500,11853
46,2020-09-16,11650,200,11900,11900,11350,20130
43,2020-09-17,11550,100,11600,11800,11400,17808
42,2020-09-18,11400,150,11450,11650,11200,11017
41,2020-09-21,10950,450,11400,11400,10950,11802
40,2020-09-22,10750,200,10950,11050,10400,11726
39,2020-09-23,10900,150,10750,11150,10400,12258
35,2020-09-24,10650,250,10400,10700,10300,14880
34,2020-09-25,10850,200,10650,10900,10400,9850
33,2020-09-28,11250,400,10850,11250,10800,6020
32,2020-09-29,11400,150,11500,11500,11100,9838
31,2020-10-05,11050,350,11200,11400,10950,9258
28,2020-10-06,10950,100,11050,11250,10900,7392
27,2020-10-07,11000,50,11000,11200,10850,4808
26,2020-10-08,10600,400,10950,11000,10450,30010
25,2020-10-12,10800,200,10600,10850,10600,4146
24,2020-10-13,10800,0,10850,10850,10550,5527
20,2020-10-14,10500,300,10700,10800,10300,20539
19,2020-10-15,10500,0,10400,10600,10200,20705
18,2020-10-16,10300,200,10350,10550,9950,21935
17,2020-10-19,9860,440,10100,10300,9820,20823
16,2020-10-20,9590,270,9520,9760,9350,24105
13,2020-10-21,9580,10,9340,9600,9300,16578
12,2020-10-22,9610,30,9580,9660,9350,9299
11,2020-10-23,9020,590,9680,9680,9010,50575
10,2020-10-26,8850,170,9030,9120,8700,14440
9,2020-10-27,9070,220,8600,9070,8600,16440
5,2020-10-28,9160,90,9100,9190,8860,5178
4,2020-10-29,9100,60,9050,9100,8790,10398
3,2020-10-30,8810,290,9280,9280,8810,4719
2,2020-11-02,8920,110,8810,9020,8800,9662
1,2020-11-03,9000,80,8920,9090,8880,5819
