,date,close,diff,open,high,low,volume
448,2019-08-16,3800,35,3860,3860,3710,53491
447,2019-08-19,3800,0,3860,3880,3770,23658
446,2019-08-20,3855,55,3800,3875,3800,36056
445,2019-08-21,3865,10,3800,3920,3800,50795
444,2019-08-22,3845,20,3905,3910,3805,45558
440,2019-08-23,3830,15,3885,3895,3765,71658
439,2019-08-26,3820,10,3720,3865,3610,57498
438,2019-08-27,3835,15,3820,3895,3795,39049
437,2019-08-28,3835,0,3865,3865,3780,16088
436,2019-08-29,3745,90,3860,3860,3730,39022
433,2019-08-30,3810,65,3745,3870,3745,31336
432,2019-09-02,3830,20,3830,3850,3745,19369
431,2019-09-03,3830,0,3865,3895,3805,93729
430,2019-09-04,4090,260,3945,4755,3905,2351542
429,2019-09-05,4100,10,4110,4290,4090,511767
425,2019-09-06,4055,45,4150,4185,4050,159141
424,2019-09-09,4100,45,4060,4190,4055,124700
423,2019-09-10,4165,65,4135,4250,4100,227110
422,2019-09-11,4165,0,4235,4245,4135,95863
421,2019-09-16,4255,90,4165,4290,4165,146774
418,2019-09-17,4380,125,4255,4425,4175,233211
417,2019-09-18,4355,25,4400,4440,4310,105645
416,2019-09-19,4360,5,4355,4425,4345,67798
415,2019-09-20,4410,50,4415,4420,4320,104253
414,2019-09-23,4630,220,4435,4680,4435,447237
410,2019-09-24,4600,30,4595,4695,4510,189318
409,2019-09-25,4370,230,4590,4600,4170,128685
408,2019-09-26,4310,60,4460,4500,4195,116736
407,2019-09-27,4270,40,4240,4325,4195,71188
406,2019-09-30,4270,0,4240,4375,4215,47742
403,2019-10-01,4245,25,4275,4315,4205,42391
402,2019-10-02,4300,55,4280,4465,4235,174473
401,2019-10-04,4190,110,4300,4360,4190,71722
400,2019-10-07,4100,90,4165,4290,3990,59441
399,2019-10-08,4130,30,4035,4175,4020,21663
395,2019-10-10,4120,10,4070,4215,4070,20368
394,2019-10-11,4085,35,4115,4200,4050,22318
393,2019-10-14,4175,90,4210,4245,4110,39595
392,2019-10-15,4175,0,4170,4390,4170,73156
391,2019-10-16,4290,115,4200,4350,4200,51155
388,2019-10-17,4330,40,4350,4450,4305,96155
387,2019-10-18,4605,275,4445,5350,4440,8950912
386,2019-10-21,4720,115,4570,4765,4465,876846
385,2019-10-22,4570,150,4720,4920,4570,1549806
384,2019-10-23,4365,205,4480,4685,4345,373999
380,2019-10-24,4305,60,4455,4455,4275,135583
379,2019-10-25,4365,60,4275,4495,4275,115288
378,2019-10-28,4460,95,4370,4460,4355,97343
377,2019-10-29,4405,55,4415,4510,4400,100279
376,2019-10-30,4355,50,4365,4435,4340,74310
373,2019-10-31,4405,50,4375,4470,4375,84365
372,2019-11-01,4600,195,4425,4600,4390,240468
371,2019-11-04,4765,165,4670,4765,4575,304164
370,2019-11-05,4760,5,4760,4770,4610,204948
369,2019-11-06,4720,40,4760,4865,4685,342395
365,2019-11-07,4680,40,4775,4775,4650,77526
364,2019-11-08,4795,115,4680,4845,4680,194684
363,2019-11-11,4805,10,4800,4815,4715,124702
362,2019-11-12,4890,85,4755,4900,4755,185599
361,2019-11-13,4975,85,4975,5030,4875,426353
358,2019-11-14,4965,10,4935,5030,4875,159835
357,2019-11-15,5070,105,4985,5140,4975,274315
356,2019-11-18,5160,90,5040,5200,5040,223444
355,2019-11-19,5160,0,5160,5200,4910,230507
354,2019-11-20,5030,130,5140,5250,5030,244571
350,2019-11-21,5000,30,4980,5130,4895,237669
349,2019-11-22,5230,230,5040,5300,5000,474379
348,2019-11-25,5120,110,5330,5370,5120,305818
347,2019-11-26,5030,90,5120,5190,4985,223847
346,2019-11-27,5060,30,5030,5130,4955,93373
343,2019-11-28,5030,30,5040,5110,4985,96453
342,2019-11-29,5000,30,5010,5090,5000,87761
341,2019-12-02,4990,10,5010,5140,4965,132364
340,2019-12-03,4905,85,4950,5030,4890,105695
339,2019-12-04,4810,95,4870,4990,4750,128610
335,2019-12-05,4725,85,4805,4870,4600,130630
334,2019-12-06,4820,95,4665,4845,4650,71658
333,2019-12-09,4715,105,4790,4820,4690,75014
332,2019-12-10,4675,40,4715,4790,4605,79348
331,2019-12-11,4670,5,4635,4710,4635,46371
328,2019-12-12,4715,45,4695,4755,4690,51395
327,2019-12-13,4770,55,4725,4780,4710,54434
326,2019-12-16,4810,40,4780,4850,4775,43284
325,2019-12-17,4820,10,4760,4830,4760,51899
324,2019-12-18,4805,15,4800,4850,4765,59289
320,2019-12-19,4810,5,4840,4850,4770,57914
319,2019-12-20,4845,35,4850,4885,4810,63616
318,2019-12-23,4880,35,4895,4895,4825,66324
317,2019-12-24,4885,5,4890,4920,4825,69778
316,2019-12-26,4900,15,4830,4915,4830,41668
313,2019-12-27,4945,45,4935,4945,4870,32036
312,2019-12-30,5100,155,4950,5100,4920,112903
311,2020-01-02,5470,370,5180,5600,5090,804205
310,2020-01-03,5650,180,5470,5660,5390,301748
309,2020-01-06,5750,100,5630,5800,5520,353253
305,2020-01-07,5830,80,5880,5970,5650,383949
304,2020-01-08,5640,190,5780,5860,5640,282200
303,2020-01-09,5750,110,5770,5860,5730,145853
302,2020-01-10,5780,30,5830,5980,5720,171811
301,2020-01-13,5990,210,5810,5990,5770,159034
298,2020-01-14,5960,30,6000,6030,5870,122814
297,2020-01-15,5910,50,5880,5930,5620,351271
296,2020-01-16,6130,220,5910,6180,5820,354653
295,2020-01-17,5570,560,6180,6180,5550,626799
294,2020-01-20,5380,190,5570,5590,5200,523590
290,2020-01-21,5610,230,5320,6340,5320,1463649
289,2020-01-22,5140,470,5450,5450,4920,625653
288,2020-01-23,5030,110,5050,5150,4995,212092
287,2020-01-28,4720,310,4910,4950,4715,280241
286,2020-01-29,5260,540,4815,6000,4810,4866831
283,2020-01-30,4850,410,5120,5250,4800,660931
282,2020-01-31,4530,320,4860,4915,4530,406212
281,2020-02-03,4500,30,4320,4590,4260,279432
280,2020-02-04,4695,195,4500,4710,4480,114609
279,2020-02-05,4620,75,4675,4750,4600,121435
275,2020-02-06,4755,135,4630,4815,4630,121209
274,2020-02-07,4815,60,4765,4820,4740,62865
273,2020-02-10,4870,55,4820,4905,4700,87273
272,2020-02-11,4840,30,4810,4900,4800,75798
271,2020-02-12,4890,50,4865,4985,4770,115697
268,2020-02-13,4810,80,4895,4950,4800,69570
267,2020-02-14,4815,5,4820,4890,4800,48622
266,2020-02-17,4770,45,4840,4845,4760,45837
265,2020-02-18,4675,95,4800,4820,4660,81979
264,2020-02-19,4740,65,4675,4785,4580,90555
260,2020-02-20,4635,105,4730,4790,4625,67646
259,2020-02-21,4540,95,4650,4650,4500,73056
258,2020-02-24,4300,240,4320,4475,4295,121918
257,2020-02-25,4430,130,4270,4500,4270,100831
256,2020-02-26,4450,20,4430,4475,4300,65892
253,2020-02-27,4325,125,4405,4600,4315,132319
252,2020-02-28,4155,170,4300,4300,4105,151245
251,2020-03-02,4140,15,3995,4370,3995,156348
250,2020-03-03,4200,60,4150,4280,4150,72270
249,2020-03-04,4305,105,4145,4365,4145,71613
245,2020-03-05,4485,180,4395,4500,4315,93249
244,2020-03-06,4410,75,4485,4575,4300,79123
243,2020-03-09,4215,195,4395,4395,4200,75714
242,2020-03-10,4250,35,4090,4300,4015,44995
241,2020-03-11,4100,150,4220,4350,4080,72234
238,2020-03-12,3860,240,4050,4100,3820,161485
237,2020-03-13,3600,260,3210,3860,3210,240410
236,2020-03-16,3660,60,3600,4090,3580,121348
235,2020-03-17,3850,190,3500,3900,3405,149840
234,2020-03-18,3790,60,3900,3995,3750,55330
230,2020-03-19,3280,510,3730,3860,3260,240105
229,2020-03-20,3360,80,3165,3495,3165,144967
228,2020-03-23,3275,85,3130,3335,3080,77996
227,2020-03-24,3405,130,3260,3550,3260,53181
226,2020-03-25,3690,285,3435,3690,3435,99335
223,2020-03-26,3795,105,3655,4000,3550,122666
222,2020-03-27,3780,15,3810,3990,3625,129246
221,2020-03-30,3710,70,3660,3845,3600,75691
220,2020-03-31,3950,240,3800,4075,3750,159694
219,2020-04-01,3920,30,3900,4195,3900,93896
215,2020-04-02,4040,120,3980,4095,3810,50388
214,2020-04-03,4160,120,4100,4160,3995,65690
213,2020-04-06,4200,40,4180,4220,4040,64858
212,2020-04-07,4310,110,4235,4310,4165,105536
211,2020-04-08,4280,30,4330,4330,4250,66388
208,2020-04-09,4365,85,4405,4470,4285,278486
207,2020-04-10,4305,60,4415,4460,4200,133374
206,2020-04-13,4245,60,4300,4300,4175,48791
205,2020-04-14,4300,55,4260,4360,4260,41795
204,2020-04-16,4390,90,4500,4500,4250,203590
200,2020-04-17,4385,5,4400,4475,4250,141292
199,2020-04-20,4625,240,4330,4700,4330,393175
198,2020-04-21,4575,50,4725,4950,4205,546060
197,2020-04-22,5190,615,4445,5740,4445,2252170
196,2020-04-23,4865,325,4950,5050,4800,763583
193,2020-04-24,4805,60,4865,4990,4805,536824
192,2020-04-27,4820,15,4815,4900,4810,211170
191,2020-04-28,4770,50,4855,4860,4675,264461
190,2020-04-29,4850,80,4875,5350,4805,1807491
189,2020-05-04,4815,35,4850,4940,4755,215699
185,2020-05-06,4870,55,4820,4930,4820,165702
184,2020-05-07,4870,0,4850,4910,4830,132615
183,2020-05-08,4965,95,4885,4970,4850,211707
182,2020-05-11,4935,30,5080,5080,4880,185194
181,2020-05-12,4800,135,4935,4935,4775,124399
178,2020-05-13,4755,45,4780,4845,4680,93175
177,2020-05-14,4590,165,4745,4750,4550,119587
176,2020-05-15,4520,70,4600,4650,4425,103070
175,2020-05-18,4590,70,4525,4590,4460,58430
174,2020-05-19,4660,70,4600,4720,4590,83975
170,2020-05-20,4675,15,4740,4740,4605,43115
169,2020-05-21,4645,30,4680,4725,4640,57540
168,2020-05-22,4615,30,4630,4735,4580,39906
167,2020-05-25,4590,25,4620,4690,4535,50385
166,2020-05-26,4650,60,4555,4685,4550,81763
163,2020-05-27,4630,20,4670,4725,4580,85493
162,2020-05-28,4570,60,4690,4695,4470,106176
161,2020-05-29,4605,35,4570,4705,4500,130642
160,2020-06-01,4650,45,4580,4735,4580,48855
159,2020-06-02,4685,35,4700,4735,4615,84877
155,2020-06-03,4930,245,4790,5000,4650,472188
154,2020-06-04,5010,80,5000,5030,4895,324174
153,2020-06-05,5090,80,5010,5100,5000,254476
152,2020-06-08,5060,30,5200,5200,5050,192897
151,2020-06-09,5210,150,5060,5280,5060,453827
148,2020-06-10,5140,70,5210,5300,5090,174863
147,2020-06-11,5100,40,5140,5170,4990,197698
146,2020-06-12,5100,0,4850,5100,4480,195725
145,2020-06-15,4760,340,5100,5250,4730,285907
144,2020-06-16,5040,280,4940,5060,4850,85889
140,2020-06-17,4990,50,5040,5140,4915,160043
139,2020-06-18,4960,30,4990,5040,4740,111131
138,2020-06-19,5230,270,4960,5290,4925,331231
137,2020-06-22,5100,130,5370,5370,5050,222366
136,2020-06-23,4990,110,5100,5150,4940,126813
133,2020-06-24,5060,70,5000,5200,5000,121038
132,2020-06-25,5080,20,5040,5170,4995,125147
131,2020-06-26,4935,145,5080,5120,4900,148169
130,2020-06-29,5120,185,4935,5450,4910,700007
129,2020-06-30,5000,120,5150,5190,4995,164494
125,2020-07-01,5020,20,5020,5170,4960,160327
124,2020-07-02,4985,35,5070,5140,4965,219163
123,2020-07-03,5070,85,4975,5220,4935,373565
122,2020-07-06,4930,140,4975,5040,4745,445463
121,2020-07-07,4920,10,4930,5020,4860,145646
118,2020-07-08,4920,0,4880,5050,4880,104799
117,2020-07-09,4890,30,5000,5000,4890,43370
116,2020-07-10,4925,35,4890,4970,4835,77313
115,2020-07-13,5090,165,4905,5120,4880,208270
114,2020-07-14,5090,0,4960,5100,4960,126648
110,2020-07-15,5060,30,5100,5130,4985,130908
109,2020-07-16,5000,60,5060,5090,4995,69701
108,2020-07-17,5010,10,5000,5030,4960,111220
107,2020-07-20,5500,490,5050,5500,5050,1464265
106,2020-07-21,5320,180,5490,5500,5310,463739
103,2020-07-22,5370,50,5350,5380,5240,234384
102,2020-07-23,5510,140,5720,5720,5400,691023
101,2020-07-24,5990,480,5650,6350,5510,2360318
100,2020-07-27,6100,110,6010,6230,5930,620001
99,2020-07-28,5840,260,6080,6150,5700,465720
95,2020-07-29,5400,440,5840,5900,5300,646149
94,2020-07-30,7020,1620,5350,7020,5250,9280577
93,2020-07-31,7280,260,7890,8540,7090,6002089
92,2020-08-03,7260,20,7330,7650,7200,1585664
91,2020-08-04,6980,280,7280,7290,6900,994742
88,2020-08-05,7090,110,6980,7160,6910,671952
87,2020-08-06,6870,220,7070,7080,6800,443849
86,2020-08-07,6810,60,6850,6940,6750,419190
85,2020-08-10,7040,230,6910,7100,6850,527019
84,2020-08-11,7090,50,7130,7300,7040,808372
80,2020-08-12,6830,260,7160,7170,6710,355065
79,2020-08-13,6790,40,6840,6980,6560,601722
78,2020-08-14,6560,230,6700,6730,6500,341378
77,2020-08-18,6060,500,6400,6750,5970,563367
76,2020-08-19,6190,130,6150,6250,6050,407815
73,2020-08-20,5950,240,6190,6200,5870,328099
72,2020-08-21,6170,220,6000,6300,5950,197666
71,2020-08-24,6270,100,5820,6390,5820,200391
70,2020-08-25,7020,750,6410,7550,6410,5983000
69,2020-08-26,7270,250,7040,7280,6890,941564
65,2020-08-27,7210,60,7150,7680,6960,1420985
64,2020-08-28,6950,260,7350,8720,6940,5781701
63,2020-08-31,6800,150,7030,7180,6600,564333
62,2020-09-01,6520,280,6820,6820,6480,413990
61,2020-09-02,6550,30,6580,6650,6440,209518
58,2020-09-03,6620,70,6600,6630,6460,185251
57,2020-09-04,6610,10,6360,6610,6350,167271
56,2020-09-07,6510,100,6610,6610,6400,207204
55,2020-09-08,6310,200,6510,6540,6300,244174
54,2020-09-09,6290,20,6030,6370,6020,187584
50,2020-09-10,6730,440,6400,6800,6400,515755
49,2020-09-11,6730,0,6730,6900,6610,189346
48,2020-09-14,6760,30,6700,6860,6680,143595
47,2020-09-15,6880,120,6760,6950,6760,218142
46,2020-09-16,6770,110,6890,6930,6700,183332
43,2020-09-17,6540,230,6710,6820,6460,246946
42,2020-09-18,6450,90,6550,6610,6350,179194
41,2020-09-21,6420,30,6400,6640,6390,124441
40,2020-09-22,6590,170,6420,6620,6290,175736
39,2020-09-23,6870,280,6590,7090,6590,829096
35,2020-09-24,6760,110,6840,7000,6570,602771
34,2020-09-25,7290,530,6890,7400,6700,1896577
33,2020-09-28,7500,210,7330,7650,7090,1279704
32,2020-09-29,7320,180,7450,7470,7270,471258
31,2020-10-05,7190,130,7320,7410,7050,323535
28,2020-10-06,7050,140,7140,7210,6900,488904
27,2020-10-07,7040,10,7000,7100,6950,191524
26,2020-10-08,7000,40,7100,7150,7000,199982
25,2020-10-12,7120,120,7000,7130,6950,233878
24,2020-10-13,7010,110,7210,7210,6960,197739
20,2020-10-14,6990,20,7050,7090,6860,233163
19,2020-10-15,6850,140,6990,7030,6790,283037
18,2020-10-16,7210,360,6850,7360,6700,1129316
17,2020-10-19,7250,40,7240,7300,7080,404210
16,2020-10-20,7110,140,7200,8020,7110,4462142
13,2020-10-21,7000,110,7160,7190,6920,521915
12,2020-10-22,6930,70,6950,7190,6920,415757
11,2020-10-23,6770,160,6930,7010,6650,389816
10,2020-10-26,6700,70,6990,7000,6690,231134
9,2020-10-27,6690,10,6610,6750,6570,166876
5,2020-10-28,6780,90,6680,6880,6680,138027
4,2020-10-29,6670,110,6700,6730,6600,172711
3,2020-10-30,6470,200,6640,6670,6470,277845
2,2020-11-02,6450,20,6470,6590,6380,96333
1,2020-11-03,6540,90,6430,6560,6430,81431
