,date,close,diff,open,high,low,volume
448,2019-08-16,1870,50,1890,1910,1845,318863
447,2019-08-19,1875,5,1905,1910,1870,143527
446,2019-08-20,1915,40,1885,1950,1880,247483
445,2019-08-21,1935,20,1915,1955,1910,215576
444,2019-08-22,1925,10,1950,2115,1920,2887635
440,2019-08-23,1920,5,1915,1980,1900,324454
439,2019-08-26,1825,95,1910,1910,1815,370227
438,2019-08-27,1845,20,1835,1880,1835,241135
437,2019-08-28,1880,35,1845,1955,1830,645338
436,2019-08-29,1905,25,1915,1965,1880,364901
433,2019-08-30,1935,30,1930,1950,1910,195355
432,2019-09-02,1930,5,1945,1950,1915,149448
431,2019-09-03,1925,5,1930,1970,1925,235024
430,2019-09-04,1925,0,1920,1965,1915,130399
429,2019-09-05,1940,15,1955,1965,1935,126488
425,2019-09-06,1945,5,1955,1990,1935,240393
424,2019-09-09,1920,25,1960,1975,1915,139755
423,2019-09-10,1895,25,1920,1940,1875,229578
422,2019-09-11,2070,175,1900,2280,1900,11993671
421,2019-09-16,2090,20,2070,2105,2045,1447799
418,2019-09-17,2080,10,2055,2090,2015,1107191
417,2019-09-18,2065,15,2100,2120,2050,849733
416,2019-09-19,2075,10,2065,2130,2025,1543137
415,2019-09-20,2280,205,2345,2610,2260,36182433
414,2019-09-23,2250,30,2260,2320,2210,3570467
410,2019-09-24,2215,35,2225,2235,2160,2664433
409,2019-09-25,2100,115,2195,2230,2100,2576020
408,2019-09-26,2110,10,2195,2320,2110,8054785
407,2019-09-27,2055,55,2130,2130,2040,1376399
406,2019-09-30,2070,15,2055,2075,1980,2235382
403,2019-10-01,2095,25,2260,2265,2090,5813847
402,2019-10-02,2065,30,2100,2105,2015,1070737
401,2019-10-04,2030,35,2040,2055,2015,637316
400,2019-10-07,2015,15,2000,2050,2000,641956
399,2019-10-08,2010,5,2000,2020,1975,607282
395,2019-10-10,2020,10,1995,2045,1980,378555
394,2019-10-11,2000,20,2015,2035,1995,341949
393,2019-10-14,2020,20,2010,2040,1985,460234
392,2019-10-15,2045,25,2025,2070,2005,718824
391,2019-10-16,2035,10,2055,2060,2030,321661
388,2019-10-17,2065,30,2035,2085,2035,506464
387,2019-10-18,2060,5,2055,2080,2030,1063571
386,2019-10-21,2030,30,2195,2205,2030,2283002
385,2019-10-22,2030,0,2050,2055,2010,787808
384,2019-10-23,2000,30,2020,2030,1995,507082
380,2019-10-24,1995,5,2000,2020,1980,402564
379,2019-10-25,1985,10,1985,2005,1970,343689
378,2019-10-28,2000,15,1990,2025,1990,222227
377,2019-10-29,2050,50,1990,2145,1990,2474938
376,2019-10-30,2020,30,2045,2065,2010,467083
373,2019-10-31,2070,50,2035,2080,2015,642326
372,2019-11-01,2095,25,2065,2115,2040,663328
371,2019-11-04,2070,25,2110,2130,2070,403797
370,2019-11-05,2075,5,2090,2100,2060,357908
369,2019-11-06,2095,20,2075,2125,2075,479435
365,2019-11-07,2080,15,2095,2105,2070,225253
364,2019-11-08,2120,40,2080,2145,2080,658677
363,2019-11-11,2070,50,2130,2140,2070,366819
362,2019-11-12,2045,25,2060,2090,2020,446949
361,2019-11-13,2070,25,2085,2130,2060,1219474
358,2019-11-14,2075,5,2060,2075,2045,703223
357,2019-11-15,2070,5,2230,2425,2070,13607895
356,2019-11-18,2130,60,2085,2170,2060,2485488
355,2019-11-19,2115,15,2125,2135,2075,1078503
354,2019-11-20,2065,50,2095,2135,2055,946772
350,2019-11-21,2015,50,2050,2050,2005,681575
349,2019-11-22,2005,10,2010,2050,2000,499070
348,2019-11-25,2015,10,2005,2035,2005,343308
347,2019-11-26,2015,0,2015,2045,2015,331046
346,2019-11-27,2045,30,2095,2215,2040,9854572
343,2019-11-28,2050,5,2050,2070,2025,1233179
342,2019-11-29,2050,0,2185,2200,2045,3775581
341,2019-12-02,2040,10,2030,2050,2020,928890
340,2019-12-03,2020,20,2025,2050,2005,504101
339,2019-12-04,2020,0,2010,2030,2005,483412
335,2019-12-05,1985,35,2025,2030,1980,603040
334,2019-12-06,2000,15,1985,2015,1980,317862
333,2019-12-09,2030,30,2005,2045,2000,425499
332,2019-12-10,2100,70,2025,2120,2020,1963087
331,2019-12-11,2080,20,2085,2110,2045,791818
328,2019-12-12,2100,20,2110,2110,2065,587043
327,2019-12-13,2085,15,2090,2120,2085,638272
326,2019-12-16,2075,10,2115,2120,2070,395446
325,2019-12-17,2080,5,2075,2095,2070,162158
324,2019-12-18,2125,45,2075,2130,2070,890257
320,2019-12-19,2075,50,2125,2155,2075,841276
319,2019-12-20,2080,5,2075,2110,2065,302603
318,2019-12-23,2015,65,2080,2095,2015,644741
317,2019-12-24,1995,20,2010,2035,1985,529845
316,2019-12-26,2010,15,2000,2025,1995,273804
313,2019-12-27,2035,25,2010,2035,2005,187181
312,2019-12-30,2040,5,2030,2045,2015,340892
311,2020-01-02,2065,25,2040,2070,2030,396892
310,2020-01-03,2075,10,2060,2090,2050,374373
309,2020-01-06,2030,45,2065,2065,2010,270824
305,2020-01-07,2025,5,2020,2055,2020,263959
304,2020-01-08,1975,50,2020,2045,1955,710335
303,2020-01-09,2035,60,2005,2040,2005,351134
302,2020-01-10,2075,40,2045,2075,2030,491100
301,2020-01-13,2085,10,2115,2125,2060,907517
298,2020-01-14,2100,15,2075,2120,2075,525189
297,2020-01-15,2120,20,2100,2125,2080,534069
296,2020-01-16,2170,50,2120,2175,2105,1109794
295,2020-01-17,2135,35,2165,2175,2120,528714
294,2020-01-20,2100,35,2155,2155,2095,428890
290,2020-01-21,2115,15,2120,2135,2095,1165362
289,2020-01-22,2190,75,2275,2290,2140,5791518
288,2020-01-23,2230,40,2225,2230,2130,2228476
287,2020-01-28,2650,420,2410,2765,2315,26670563
286,2020-01-29,2415,235,2520,2530,2340,5404951
283,2020-01-30,2260,155,2415,2530,2260,6449823
282,2020-01-31,2220,40,2350,2355,2205,4113641
281,2020-02-03,2070,150,2205,2215,2030,3489288
280,2020-02-04,2105,35,2080,2130,2070,1948807
279,2020-02-05,2100,5,2115,2150,2085,1775826
275,2020-02-06,2090,10,2115,2130,2075,1269260
274,2020-02-07,2130,40,2090,2165,2080,1809418
273,2020-02-10,2090,40,2135,2135,2080,1030359
272,2020-02-11,2080,10,2095,2110,2070,672607
271,2020-02-12,2100,20,2080,2120,2055,850771
268,2020-02-13,2105,5,2110,2125,2080,902370
267,2020-02-14,2080,25,2100,2145,2075,1513542
266,2020-02-17,2080,0,2090,2105,2070,550122
265,2020-02-18,2085,5,2100,2110,2065,955164
264,2020-02-19,2140,55,2075,2150,2075,2078216
260,2020-02-20,2165,25,2175,2465,2100,21832422
259,2020-02-21,2185,20,2205,2335,2155,6996933
258,2020-02-24,2075,110,2300,2300,2070,3555519
257,2020-02-25,2050,25,2065,2130,2005,2748449
256,2020-02-26,2020,30,2015,2080,2005,1469298
253,2020-02-27,1970,50,2015,2035,1955,1316247
252,2020-02-28,1800,170,1925,1945,1785,1710054
251,2020-03-02,1840,40,1775,1855,1750,756430
250,2020-03-03,1860,20,1860,1930,1855,809768
249,2020-03-04,1900,40,1865,1920,1860,366008
245,2020-03-05,1955,55,1910,2155,1895,5428164
244,2020-03-06,1960,5,1930,1995,1905,1079990
243,2020-03-09,1890,70,1930,1990,1880,975541
242,2020-03-10,1885,5,1860,2040,1860,4671958
241,2020-03-11,1860,25,1895,1925,1835,825441
238,2020-03-12,1750,110,1820,1880,1715,1559224
237,2020-03-13,1530,220,1650,1660,1465,4206064
236,2020-03-16,1485,45,1535,1685,1485,2614205
235,2020-03-17,1485,0,1355,1495,1355,1477857
234,2020-03-18,1355,130,1500,1515,1355,1059423
230,2020-03-19,1025,330,1360,1410,997,3096215
229,2020-03-20,1115,90,1020,1120,1020,2850500
228,2020-03-23,1060,55,1015,1075,1005,1225126
227,2020-03-24,1160,100,1090,1160,1080,986250
226,2020-03-25,1245,85,1195,1260,1185,1497283
223,2020-03-26,1260,15,1330,1340,1225,1706428
222,2020-03-27,1335,75,1315,1355,1265,1605189
221,2020-03-30,1385,50,1290,1415,1290,939870
220,2020-03-31,1475,90,1425,1510,1410,1384855
219,2020-04-01,1530,55,1475,1725,1420,4174483
215,2020-04-02,1535,5,1520,1560,1475,982512
214,2020-04-03,1570,35,1590,1620,1530,640914
213,2020-04-06,1665,95,1610,1670,1585,1355173
212,2020-04-07,1705,40,1715,1730,1650,1079227
211,2020-04-08,1745,40,1725,1775,1685,1015465
208,2020-04-09,1845,100,1800,1890,1755,1543313
207,2020-04-10,1760,85,1850,1860,1700,1282491
206,2020-04-13,1680,80,1730,1750,1650,813862
205,2020-04-14,1770,90,1710,1780,1700,762484
204,2020-04-16,1770,0,1730,1790,1710,630887
200,2020-04-17,1775,5,1790,1800,1760,496057
199,2020-04-20,1810,35,1780,1835,1765,546472
198,2020-04-21,1755,55,1800,1805,1665,675063
197,2020-04-22,1750,5,1745,1750,1690,396090
196,2020-04-23,1790,40,1770,1815,1745,608160
193,2020-04-24,1725,65,1800,1820,1720,624021
192,2020-04-27,1800,75,1735,1815,1735,695871
191,2020-04-28,1780,20,1820,1840,1755,710125
190,2020-04-29,1815,35,1790,1860,1785,1374806
189,2020-05-04,1810,5,1780,1840,1780,546654
185,2020-05-06,1950,140,1840,2040,1810,9863397
184,2020-05-07,1960,10,1930,1970,1920,1970848
183,2020-05-08,1960,0,1980,2010,1940,2214234
182,2020-05-11,1955,5,1970,2020,1945,1477206
181,2020-05-12,1935,20,1970,1970,1885,811631
178,2020-05-13,1905,30,1900,1935,1895,500422
177,2020-05-14,1905,0,1880,1925,1870,449532
176,2020-05-15,1940,35,1920,1960,1880,859349
175,2020-05-18,1955,15,1935,1995,1920,1105002
174,2020-05-19,1940,15,1980,1990,1930,892197
170,2020-05-20,1990,50,1955,2000,1940,1350066
169,2020-05-21,1970,20,2005,2020,1960,1154869
168,2020-05-22,1930,40,1985,1985,1920,664517
167,2020-05-25,1925,5,1950,1955,1920,359194
166,2020-05-26,1940,15,1930,1955,1925,435951
163,2020-05-27,1965,25,1960,1970,1930,495282
162,2020-05-28,2100,135,1990,2400,1945,21159496
161,2020-05-29,2130,30,2055,2130,1990,5131712
160,2020-06-01,2145,15,2095,2150,2060,2703473
159,2020-06-02,2115,30,2135,2165,2105,1920649
155,2020-06-03,2030,85,2105,2140,2020,1780764
154,2020-06-04,2040,10,2050,2075,2015,1083990
153,2020-06-05,2015,25,2060,2065,2010,723361
152,2020-06-08,2020,5,2035,2035,2010,474504
151,2020-06-09,2000,20,2030,2060,1995,845808
148,2020-06-10,1985,15,2010,2025,1890,888811
147,2020-06-11,1935,50,1985,2015,1920,905298
146,2020-06-12,1885,50,1830,1895,1815,934764
145,2020-06-15,1700,185,1910,1910,1700,1138418
144,2020-06-16,1825,125,1760,1825,1730,578796
140,2020-06-17,1845,20,1790,1850,1755,484272
139,2020-06-18,1825,20,1845,1850,1800,260585
138,2020-06-19,1820,5,1830,1845,1800,348257
137,2020-06-22,1825,5,1850,1855,1800,252502
136,2020-06-23,1860,35,1880,2010,1850,3453750
133,2020-06-24,1870,10,1870,1885,1845,286032
132,2020-06-25,1830,40,1845,1895,1820,392010
131,2020-06-26,1805,25,1835,1855,1805,411921
130,2020-06-29,1885,80,1765,1965,1765,3989690
129,2020-06-30,1860,25,1890,1970,1860,2070689
125,2020-07-01,1795,65,1880,1890,1795,757325
124,2020-07-02,1810,15,1800,1845,1800,274194
123,2020-07-03,1825,15,1810,1840,1805,285218
122,2020-07-06,1835,10,1820,1840,1820,234141
121,2020-07-07,1815,20,1840,1840,1810,289124
118,2020-07-08,1810,5,1810,1830,1800,212617
117,2020-07-09,1825,15,1830,1830,1810,202042
116,2020-07-10,1800,25,1840,1925,1795,1871852
115,2020-07-13,1830,30,1810,1840,1805,323004
114,2020-07-14,1830,0,1830,1865,1810,589552
110,2020-07-15,1830,0,1860,1860,1820,375669
109,2020-07-16,1835,5,1835,1850,1830,244729
108,2020-07-17,1855,20,1835,1880,1835,699965
107,2020-07-20,1830,25,1860,1860,1820,381507
106,2020-07-21,1855,25,1835,1875,1825,559260
103,2020-07-22,1860,5,1845,1895,1845,566747
102,2020-07-23,1885,25,1880,1930,1870,1753018
101,2020-07-24,1880,5,1885,1980,1845,3085043
100,2020-07-27,1885,5,1860,1935,1850,902451
99,2020-07-28,1880,5,1895,1905,1865,469534
95,2020-07-29,1880,0,1875,1900,1865,488594
94,2020-07-30,1990,110,1890,2015,1880,6232219
93,2020-07-31,1905,85,2000,2080,1905,5625961
92,2020-08-03,1870,35,1920,1925,1855,1087327
91,2020-08-04,1880,10,1890,1920,1860,821117
88,2020-08-05,1900,20,1885,1900,1875,650557
87,2020-08-06,1920,20,1900,2000,1855,3922432
86,2020-08-07,1895,25,1925,1940,1890,891685
85,2020-08-10,1890,5,1895,1915,1875,765824
84,2020-08-11,1880,10,1895,1905,1870,821707
80,2020-08-12,1850,30,1870,1885,1845,724680
79,2020-08-13,1850,0,1870,1880,1850,457464
78,2020-08-14,1875,25,1855,1965,1845,5957826
77,2020-08-18,1870,5,1880,1940,1850,2724090
76,2020-08-19,1900,30,1920,1930,1875,1092977
73,2020-08-20,1855,45,1900,1920,1815,1285681
72,2020-08-21,1915,60,1870,1940,1830,3004503
71,2020-08-24,2080,165,1910,2080,1905,10410419
70,2020-08-25,2020,60,2015,2045,1985,4376757
69,2020-08-26,2150,130,2050,2210,2020,19362352
65,2020-08-27,2065,85,2170,2200,2055,4952822
64,2020-08-28,2020,45,2095,2165,2020,3836220
63,2020-08-31,2085,65,2040,2145,2030,3287548
62,2020-09-01,2190,105,2125,2255,2095,9709590
61,2020-09-02,2130,60,2195,2225,2110,3773343
58,2020-09-03,2085,45,2125,2140,2080,1883602
57,2020-09-04,2020,65,2005,2050,1965,1896099
56,2020-09-07,2045,25,2020,2065,1995,1281673
55,2020-09-08,2035,10,2055,2095,2030,1320675
54,2020-09-09,2010,25,2000,2060,1990,802742
50,2020-09-10,2015,5,2050,2055,2010,612892
49,2020-09-11,2615,600,2045,2615,2035,115561629
48,2020-09-14,2845,230,2745,3150,2735,125203672
47,2020-09-15,2850,5,2845,2935,2710,39750376
46,2020-09-16,2680,170,2785,2785,2670,3400907
43,2020-09-17,2615,65,2695,2695,2615,2290940
42,2020-09-18,2635,20,2635,2700,2605,3187123
41,2020-09-21,2420,215,2645,2680,2390,8098920
40,2020-09-22,2340,80,2390,2550,2295,10137759
39,2020-09-23,2300,40,2350,2375,2230,3042339
35,2020-09-24,2230,70,2240,2370,2210,5026880
34,2020-09-25,2160,70,2245,2300,2160,2692812
33,2020-09-28,2290,130,2210,2440,2190,10226018
32,2020-09-29,2355,65,2300,2395,2280,3358116
31,2020-10-05,2475,120,2395,2615,2305,22089829
28,2020-10-06,2425,50,2480,2565,2425,7276562
27,2020-10-07,2505,80,2400,2605,2380,12843160
26,2020-10-08,2460,45,2505,2525,2450,2543529
25,2020-10-12,2425,35,2490,2495,2405,1783321
24,2020-10-13,2520,95,2465,2560,2435,5552600
20,2020-10-14,2435,85,2505,2545,2375,2786425
19,2020-10-15,2340,95,2460,2505,2330,2210059
18,2020-10-16,2340,0,2340,2430,2275,2231897
17,2020-10-19,2430,90,2390,2640,2390,27675478
16,2020-10-20,2305,125,2380,2430,2270,3030994
13,2020-10-21,2385,80,2300,2415,2300,2417631
12,2020-10-22,2425,40,2375,2520,2370,4851289
11,2020-10-23,2425,0,2425,2525,2380,4290503
10,2020-10-26,2300,125,2415,2470,2290,2035206
9,2020-10-27,2225,75,2240,2325,2210,1949422
5,2020-10-28,2300,75,2260,2315,2240,1053768
4,2020-10-29,2300,0,2250,2300,2240,864737
3,2020-10-30,2155,145,2310,2315,2155,1687789
2,2020-11-02,2200,45,2160,2240,2155,761187
1,2020-11-03,2265,65,2190,2450,2190,6097921
