,date,close,diff,open,high,low,volume
448,2010-02-02,525,10,515,535,515,106546
447,2010-02-03,520,5,525,530,510,88499
446,2010-02-04,595,75,510,595,510,962347
445,2010-02-05,600,5,580,670,565,2026934
444,2010-02-08,630,30,605,645,600,554111
440,2010-02-09,610,20,630,645,580,456233
439,2010-02-10,600,10,610,625,580,262222
438,2010-02-11,600,0,615,615,580,144196
437,2010-02-12,580,20,590,605,560,216365
436,2010-02-16,585,5,580,590,565,146888
433,2010-02-17,565,20,590,595,560,273219
432,2010-02-18,540,25,570,570,535,268684
431,2010-02-19,545,5,540,550,535,93161
430,2010-02-22,625,80,545,625,535,685963
429,2010-02-23,670,45,655,715,635,3034321
425,2010-02-24,615,55,665,690,615,1169214
424,2010-02-25,605,10,615,680,580,1193710
423,2010-02-26,550,55,605,615,550,516336
422,2010-03-02,480,70,535,535,470,1557481
421,2010-03-03,505,25,460,530,460,618414
418,2010-03-04,500,5,500,520,485,352868
417,2010-03-05,490,10,500,520,485,232790
416,2010-03-08,505,15,515,515,490,181567
415,2010-03-09,495,10,505,510,480,291598
414,2010-03-10,485,10,495,495,480,161600
410,2010-03-11,495,10,485,500,475,233170
409,2010-03-12,510,15,495,530,470,355881
408,2010-03-15,490,20,500,505,450,401459
407,2010-03-16,495,5,495,500,480,125163
406,2010-03-17,505,10,480,510,475,233704
403,2010-03-18,495,10,495,510,475,167253
402,2010-03-19,565,70,500,565,500,664935
401,2010-03-22,500,65,540,540,500,674558
400,2010-03-23,520,20,510,545,495,430222
399,2010-03-24,515,5,520,535,515,215630
395,2010-03-25,525,10,505,530,505,83478
394,2010-03-26,515,10,510,520,505,77704
393,2010-03-29,510,5,500,515,490,238441
392,2010-03-30,510,0,500,515,495,111348
391,2010-03-31,520,10,505,525,505,143280
388,2010-04-01,530,10,520,535,495,216590
387,2010-04-02,605,75,525,605,505,2313205
386,2010-04-05,600,5,630,690,575,4252253
385,2010-04-06,625,25,585,665,570,3386479
384,2010-04-07,665,40,630,670,620,1496664
380,2010-04-08,610,55,585,640,580,1173392
379,2010-04-09,610,0,0,0,0,0
378,2010-04-12,570,40,570,575,520,1341068
377,2010-04-13,595,25,570,610,560,824399
376,2010-04-14,605,10,590,615,580,213237
373,2010-04-15,590,15,620,620,585,192114
372,2010-04-16,655,65,580,675,580,995207
371,2010-04-19,655,0,655,695,635,590449
370,2010-04-20,630,25,670,685,620,439860
369,2010-04-21,610,20,645,655,590,272498
365,2010-04-22,605,5,615,630,590,247894
364,2010-04-23,580,25,610,615,570,196396
363,2010-04-26,585,5,565,600,565,109385
362,2010-04-27,565,20,580,590,545,207460
361,2010-04-28,555,10,515,565,515,187190
358,2010-04-29,560,5,555,575,550,101860
357,2010-04-30,560,0,535,570,535,110370
356,2010-05-03,570,10,570,625,565,404836
355,2010-05-04,570,0,0,0,0,0
354,2010-05-06,570,0,0,0,0,0
350,2010-05-07,570,0,0,0,0,0
349,2010-05-10,570,0,0,0,0,0
348,2010-05-11,570,0,0,0,0,0
347,2010-05-12,570,0,0,0,0,0
346,2010-05-13,570,0,0,0,0,0
343,2010-05-14,570,0,0,0,0,0
342,2010-05-17,570,0,0,0,0,0
341,2010-05-18,570,0,0,0,0,0
340,2010-05-19,570,0,0,0,0,0
339,2010-05-20,570,0,0,0,0,0
335,2010-05-24,570,0,0,0,0,0
334,2010-05-25,570,0,0,0,0,0
333,2010-05-26,570,0,0,0,0,0
332,2010-05-27,570,0,0,0,0,0
331,2010-05-28,570,0,0,0,0,0
328,2010-05-31,570,0,0,0,0,0
327,2010-06-01,570,0,0,0,0,0
326,2010-06-03,525,45,590,590,500,923094
325,2010-06-04,525,0,520,525,500,337906
324,2010-06-07,500,25,485,520,475,302586
320,2010-06-08,515,15,490,550,480,184601
319,2010-06-09,540,25,505,540,505,83610
318,2010-06-10,535,5,530,540,510,105418
317,2010-06-11,540,5,525,580,500,139186
316,2010-06-14,475,65,540,540,470,588684
313,2010-06-15,475,0,500,500,465,120417
312,2010-06-16,470,5,480,490,465,186165
311,2010-06-17,495,25,470,500,470,232026
310,2010-06-18,470,25,480,495,470,79792
309,2010-06-21,465,5,485,485,440,316324
305,2010-06-22,460,5,465,465,445,149551
304,2010-06-23,450,10,440,460,440,87814
303,2010-06-24,450,0,445,450,435,170850
302,2010-06-25,435,15,445,450,425,245220
301,2010-06-28,405,30,440,440,395,222002
298,2010-06-29,410,5,405,445,380,362248
297,2010-06-30,400,10,410,450,395,812151
296,2010-07-01,410,10,400,415,390,202845
295,2010-07-02,405,5,400,430,400,64704
294,2010-07-05,395,10,415,415,380,428409
290,2010-07-06,380,15,395,395,375,254441
289,2010-07-07,380,0,380,385,375,150727
288,2010-07-08,390,10,375,390,370,316188
287,2010-07-09,445,55,395,445,390,883975
286,2010-07-12,510,65,480,510,465,699405
283,2010-07-13,585,75,565,585,540,2285551
282,2010-07-14,560,25,610,625,535,3499492
281,2010-07-15,525,35,530,545,480,1944720
280,2010-07-16,600,75,505,600,495,2592764
279,2010-07-19,690,90,575,690,570,2149157
275,2010-07-20,605,85,715,790,605,8012693
274,2010-07-21,605,0,605,645,560,1773264
273,2010-07-22,610,5,595,685,570,3035769
272,2010-07-23,540,70,610,625,540,1116188
271,2010-07-26,545,5,550,585,520,1213107
268,2010-07-27,535,10,535,570,525,775326
267,2010-07-28,535,0,520,550,500,1068984
266,2010-07-29,560,25,530,610,520,1981072
265,2010-07-30,560,0,565,590,540,817693
264,2010-08-02,535,25,550,565,530,673257
260,2010-08-03,555,20,550,575,530,826251
259,2010-08-04,635,80,555,635,545,2681278
258,2010-08-05,585,50,645,675,570,2532507
257,2010-08-06,570,15,580,600,540,986754
256,2010-08-09,545,25,585,585,540,405169
253,2010-08-10,515,30,530,545,505,711786
252,2010-08-11,440,75,470,480,440,2149210
251,2010-08-12,405,35,425,435,400,819825
250,2010-08-13,420,15,420,455,415,1310702
249,2010-08-16,410,10,420,430,395,438543
245,2010-08-17,405,5,405,430,395,555118
244,2010-08-18,410,5,415,420,400,362718
243,2010-08-19,405,5,405,410,390,473991
242,2010-08-20,400,5,400,400,390,184151
241,2010-08-23,395,5,395,405,390,293350
238,2010-08-24,390,5,400,400,390,251014
237,2010-08-25,385,5,385,405,375,357960
236,2010-08-26,365,20,385,385,355,469544
235,2010-08-27,345,20,370,370,340,441613
234,2010-08-30,365,20,350,365,335,227520
230,2010-08-31,360,5,360,380,355,352980
229,2010-09-01,405,45,360,410,350,743050
228,2010-09-02,435,30,405,435,380,703081
227,2010-09-03,390,45,435,465,385,649905
226,2010-09-06,390,0,395,405,385,242651
223,2010-09-07,380,10,385,400,375,246706
222,2010-09-08,360,20,380,385,355,272523
221,2010-09-09,360,0,365,370,350,175932
220,2010-09-10,355,5,360,360,350,75643
219,2010-09-13,370,15,350,370,350,152911
215,2010-09-14,360,10,370,375,360,137656
214,2010-09-15,410,50,355,410,355,1052061
213,2010-09-16,470,60,430,470,420,1250606
212,2010-09-17,540,70,495,540,485,3914618
211,2010-09-20,540,0,555,575,515,2220279
208,2010-09-24,460,80,460,470,460,1836882
207,2010-09-27,425,35,435,460,410,4631958
206,2010-09-28,430,5,430,450,415,1833284
205,2010-09-29,405,25,430,430,405,822472
204,2010-09-30,405,0,410,410,395,547828
200,2010-10-01,390,15,405,405,390,423014
199,2010-10-04,415,25,382,445,382,1246167
198,2010-10-05,477,62,402,477,402,1379720
197,2010-10-06,449,28,442,470,431,1922734
196,2010-10-07,440,9,457,457,405,1130539
193,2010-10-08,374,66,436,436,374,1355617
192,2010-10-11,374,0,361,397,359,804521
191,2010-10-12,380,6,380,385,368,367199
190,2010-10-13,367,13,375,380,365,366220
189,2010-10-14,362,5,365,372,361,449691
185,2010-10-15,353,9,361,363,344,559951
184,2010-10-18,339,14,353,358,339,661495
183,2010-10-19,347,8,349,387,341,1733007
182,2010-10-20,362,15,353,364,342,455562
181,2010-10-21,350,12,350,360,343,485652
178,2010-10-22,355,5,347,373,347,350489
177,2010-10-25,360,5,365,385,358,507696
176,2010-10-26,351,9,360,365,343,319042
175,2010-10-27,349,2,351,355,344,238277
174,2010-10-28,343,6,348,353,337,435987
170,2010-10-29,346,3,342,351,342,212557
169,2010-11-01,346,0,346,350,336,186100
168,2010-11-02,339,7,347,347,334,205675
167,2010-11-03,333,6,339,350,327,420427
166,2010-11-04,325,8,327,339,319,394620
163,2010-11-05,301,24,322,327,286,809446
162,2010-11-08,285,16,290,295,263,655495
161,2010-11-09,290,5,285,290,280,168004
160,2010-11-10,333,43,288,333,287,317840
159,2010-11-11,382,49,382,382,382,204022
155,2010-11-12,347,35,382,439,325,10219192
154,2010-11-15,325,22,347,358,324,899197
153,2010-11-16,298,27,321,327,292,937696
152,2010-11-17,342,44,296,342,294,1777036
151,2010-11-18,344,2,346,388,335,4396627
148,2010-11-19,350,6,344,365,330,1063092
147,2010-11-22,324,26,344,349,322,700671
146,2010-11-23,308,16,324,327,308,527850
145,2010-11-24,295,13,275,307,275,534370
144,2010-11-25,339,44,302,339,301,3440424
140,2010-11-26,311,28,356,368,302,1902609
139,2010-11-29,303,8,311,325,295,578008
138,2010-11-30,302,1,308,308,294,406330
137,2010-12-01,315,13,300,334,298,1064494
136,2010-12-02,308,7,311,331,308,761770
133,2010-12-03,313,5,310,324,302,244774
132,2010-12-06,312,1,322,325,306,597815
131,2010-12-07,312,0,310,319,306,232891
130,2010-12-08,312,0,317,317,303,312808
129,2010-12-09,308,4,312,322,308,628489
125,2010-12-10,309,1,311,313,304,250885
124,2010-12-13,305,4,309,313,303,388875
123,2010-12-14,306,1,303,306,300,185821
122,2010-12-15,302,4,308,308,299,433841
121,2010-12-16,296,6,305,305,295,475463
118,2010-12-17,310,14,296,340,296,6594552
117,2010-12-20,279,31,270,291,266,2186866
116,2010-12-21,280,1,290,290,271,971191
115,2010-12-22,275,5,279,281,266,756149
114,2010-12-23,280,5,270,288,269,756403
110,2010-12-24,280,0,0,0,0,0
109,2010-12-27,280,0,0,0,0,0
108,2010-12-28,280,0,0,0,0,0
107,2010-12-29,280,0,0,0,0,0
106,2010-12-30,280,0,0,0,0,0
103,2011-01-03,280,0,0,0,0,0
102,2011-01-04,280,0,0,0,0,0
101,2011-01-05,280,0,0,0,0,0
100,2011-01-06,280,0,0,0,0,0
99,2011-01-07,280,0,0,0,0,0
95,2011-01-10,280,0,0,0,0,0
94,2011-01-11,280,0,0,0,0,0
93,2011-01-12,280,0,0,0,0,0
92,2011-01-13,280,0,0,0,0,0
91,2011-01-14,3565,465,3100,3565,3055,178550
88,2011-01-17,4095,530,4095,4095,3970,334920
87,2011-01-18,3850,245,3735,4660,3540,757699
86,2011-01-19,3435,415,3790,3790,3420,323020
85,2011-01-20,3950,515,3385,3950,3220,318989
84,2011-01-21,3700,250,4050,4495,3630,753450
80,2011-01-24,3915,215,3520,4080,3520,369261
79,2011-01-25,3680,235,3915,4020,3650,170963
78,2011-01-26,3605,75,3795,3825,3580,82317
77,2011-01-27,3680,75,3600,3895,3595,77321
76,2011-01-28,3395,285,3615,3820,3280,106156
73,2011-01-31,3315,80,3400,3500,3240,42293
72,2011-02-01,3320,5,3315,3600,3120,69328
71,2011-02-07,2990,330,3485,3485,2840,125532
70,2011-02-08,2930,60,2940,3100,2875,75745
69,2011-02-09,2685,245,2895,2935,2600,95128
65,2011-02-10,2600,85,2700,2720,2485,59750
64,2011-02-11,2425,175,2600,2780,2420,53340
63,2011-02-14,2460,35,2430,2580,2360,28143
62,2011-02-15,2370,90,2490,2500,2370,14497
61,2011-02-16,2105,265,2350,2400,2060,91730
58,2011-02-17,1825,280,2100,2100,1810,76123
57,2011-02-18,1840,15,1900,1970,1830,32860
56,2011-02-21,2115,275,1870,2115,1870,93432
55,2011-02-22,2430,315,2320,2430,2205,505560
54,2011-02-23,2335,95,2580,2765,2250,499704
50,2011-02-24,1985,350,2200,2280,1985,182012
49,2011-02-25,2170,185,1980,2280,1860,238145
48,2011-02-28,2000,170,2210,2210,1955,66975
47,2011-03-02,2020,20,2000,2030,1860,39879
46,2011-03-03,2030,10,1965,2060,1935,35521
43,2011-03-04,2130,100,2000,2330,1950,365535
42,2011-03-07,2145,15,2100,2185,2085,37270
41,2011-03-08,2115,30,2145,2190,2105,27501
40,2011-03-09,2100,15,2120,2190,2095,31730
39,2011-03-10,2010,90,2105,2105,1950,82814
35,2011-03-11,2015,5,2010,2070,1950,31645
34,2011-03-14,2015,0,0,0,0,0
33,2011-03-15,2015,0,0,0,0,0
32,2011-03-16,2015,0,0,0,0,0
31,2011-03-17,2015,0,0,0,0,0
28,2011-03-18,2015,0,0,0,0,0
27,2011-03-21,2015,0,0,0,0,0
26,2011-03-22,2015,0,0,0,0,0
25,2011-03-23,2015,0,0,0,0,0
24,2011-03-24,2015,0,0,0,0,0
20,2011-03-25,2015,0,0,0,0,0
19,2011-03-28,2015,0,0,0,0,0
18,2011-03-29,2015,0,0,0,0,0
17,2011-03-30,2015,0,0,0,0,0
16,2011-03-31,2015,0,0,0,0,0
13,2011-04-01,2015,0,0,0,0,0
12,2011-04-04,2015,0,0,0,0,0
11,2011-04-05,2015,0,0,0,0,0
10,2011-04-06,361,1654,500,500,360,675086
9,2011-04-07,315,46,300,350,300,297403
5,2011-04-08,263,52,300,300,258,227945
4,2011-04-11,240,23,266,350,240,281680
3,2011-04-12,293,53,256,300,240,142264
2,2011-04-13,290,3,358,369,260,191014
