,date,close,diff,open,high,low,volume
448,2010-01-15,12750,50,12950,12950,12600,973221
447,2010-01-18,12700,50,12700,12850,12550,670379
446,2010-01-19,12950,250,12800,12950,12600,707125
445,2010-01-20,12400,550,12950,13000,12400,1252273
444,2010-01-21,12450,50,12350,12550,12100,846704
440,2010-01-22,12100,350,12200,12300,11950,876255
439,2010-01-25,12150,50,11900,12200,11800,642285
438,2010-01-26,11950,200,12100,12300,11650,1089620
437,2010-01-27,11550,400,11950,12100,11550,914745
436,2010-01-28,11650,100,11650,11850,11500,1182387
433,2010-01-29,11400,250,11450,11550,11300,717979
432,2010-02-01,11900,500,11350,11900,11350,810734
431,2010-02-02,11600,300,12100,12150,11600,990335
430,2010-02-03,11750,150,11700,11850,11700,592083
429,2010-02-04,11500,250,11750,11750,11500,499226
425,2010-02-05,11300,200,11050,11500,11000,874616
424,2010-02-08,10800,500,11250,11300,10700,864318
423,2010-02-09,11150,350,10750,11200,10650,729340
422,2010-02-10,11500,350,11300,11700,11250,761153
421,2010-02-11,11750,250,11600,11800,11450,918263
418,2010-02-12,11550,200,11900,11900,11250,1099343
417,2010-02-16,11500,50,11500,11700,11350,267962
416,2010-02-17,11850,350,11650,11950,11650,731528
415,2010-02-18,11800,50,11900,11900,11650,357969
414,2010-02-19,11650,150,11800,11800,11450,354213
410,2010-02-22,12100,450,11750,12200,11750,555378
409,2010-02-23,12400,300,12100,12450,11950,758093
408,2010-02-24,12150,250,12300,12350,12100,517602
407,2010-02-25,11700,450,12200,12250,11700,652854
406,2010-02-26,11650,50,11700,11800,11600,426252
403,2010-03-02,12300,650,11750,12350,11700,1032362
402,2010-03-03,12250,50,12200,12250,12000,533722
401,2010-03-04,12400,150,12150,12450,12100,677530
400,2010-03-05,12450,50,12300,12500,12250,273220
399,2010-03-08,12550,100,12500,12600,12350,688303
395,2010-03-09,12400,150,12450,12550,12200,401120
394,2010-03-10,12050,350,12300,12350,12000,884179
393,2010-03-11,11900,150,12200,12300,11850,1527366
392,2010-03-12,11800,100,12000,12000,11700,1282058
391,2010-03-15,11700,100,11750,11900,11600,970429
388,2010-03-16,11550,150,11750,11850,11550,1465623
387,2010-03-17,11800,250,11750,11800,11550,1672928
386,2010-03-18,12000,200,11800,12100,11750,1104896
385,2010-03-19,12050,50,12000,12100,11850,807413
384,2010-03-22,12150,100,12100,12200,11900,1034694
380,2010-03-23,12100,50,12150,12350,12100,1089751
379,2010-03-24,11800,300,12150,12200,11800,555943
378,2010-03-25,11950,150,11850,12050,11800,1007052
377,2010-03-26,12050,100,11900,12150,11750,1046187
376,2010-03-29,11750,300,11600,11900,11600,1648256
373,2010-03-30,12150,400,11850,12150,11750,1734391
372,2010-03-31,12150,0,12200,12250,12050,1193785
371,2010-04-01,12300,150,12150,12350,11950,1420673
370,2010-04-02,12350,50,12300,12350,12200,893271
369,2010-04-05,12200,150,12250,12300,12050,624665
365,2010-04-06,12050,150,12300,12300,11950,699635
364,2010-04-07,12050,0,12050,12250,12000,1112477
363,2010-04-08,11800,250,12000,12050,11700,1401861
362,2010-04-09,11800,0,11850,11950,11650,1173879
361,2010-04-12,11900,100,11800,11950,11750,1144866
358,2010-04-13,11950,50,11900,11950,11800,553982
357,2010-04-14,12550,600,11900,12550,11900,2976568
356,2010-04-15,13100,550,12900,13100,12800,3111248
355,2010-04-16,12950,150,13100,13150,12800,1470049
354,2010-04-19,12800,150,12500,12800,12450,1304683
350,2010-04-20,12600,200,13000,13000,12600,881434
349,2010-04-21,12700,100,12700,12800,12450,2000182
348,2010-04-22,12300,400,12650,12700,12250,2156284
347,2010-04-23,12100,200,12450,12450,12050,1299255
346,2010-04-26,12100,0,12100,12300,12050,2516670
343,2010-04-27,12100,0,12150,12250,12050,1036181
342,2010-04-28,11850,250,11850,11950,11750,1137357
341,2010-04-29,11750,100,11900,11950,11700,905977
340,2010-04-30,11950,200,11900,12200,11900,1107585
339,2010-05-03,12200,250,11850,12200,11850,782412
335,2010-05-04,12000,200,12250,12250,11950,908793
334,2010-05-06,11450,550,11650,11750,11250,1435588
333,2010-05-07,11000,450,10900,11250,10700,1880550
332,2010-05-10,11500,500,11200,11500,11050,853272
331,2010-05-11,11350,150,11750,11800,11150,1359517
328,2010-05-12,11000,350,11400,11450,10950,1252667
327,2010-05-13,11200,200,11300,11300,11100,963705
326,2010-05-14,11050,150,11000,11150,10950,837480
325,2010-05-17,10550,500,10800,10850,10300,1555580
324,2010-05-18,11100,550,10600,11100,10450,1102639
320,2010-05-19,10950,150,10850,10950,10650,628921
319,2010-05-20,11000,50,10750,11100,10750,611884
318,2010-05-24,10950,50,10950,11200,10850,1196065
317,2010-05-25,10450,500,10800,10850,10350,899774
316,2010-05-26,10100,350,10500,10600,10050,1512760
313,2010-05-27,10400,300,10150,10450,10000,1251626
312,2010-05-28,10550,150,10650,10650,10450,1019406
311,2010-05-31,10850,300,10550,10900,10500,601565
310,2010-06-01,10850,0,10850,10950,10500,750196
309,2010-06-03,11500,650,11000,11600,10900,1381556
305,2010-06-04,11200,300,11400,11400,11200,704682
304,2010-06-07,10700,500,10800,10950,10550,1141276
303,2010-06-08,11050,350,10650,11050,10650,815906
302,2010-06-09,11100,50,11050,11200,10750,822230
301,2010-06-10,11250,150,11150,11350,10950,743548
298,2010-06-11,11300,50,11350,11500,11200,612779
297,2010-06-14,11450,150,11500,11550,11400,579603
296,2010-06-15,11300,150,11350,11500,11250,336303
295,2010-06-16,11300,0,11400,11450,11200,863920
294,2010-06-17,11350,50,11350,11450,11250,676485
290,2010-06-18,11250,100,11350,11400,11200,590784
289,2010-06-21,11350,100,11300,11400,11250,639963
288,2010-06-22,11350,0,11250,11350,11200,312759
287,2010-06-23,11300,50,11300,11350,11200,416847
286,2010-06-24,11450,150,11250,11500,11250,811511
283,2010-06-25,11400,50,11350,11450,11250,571940
282,2010-06-28,11450,50,11500,11550,11350,480770
281,2010-06-29,11400,50,11350,11450,11350,711952
280,2010-06-30,11150,250,11200,11250,11050,592399
279,2010-07-01,11050,100,11000,11100,10800,741785
275,2010-07-02,11000,50,11100,11150,10950,483997
274,2010-07-05,10850,150,10900,11000,10750,451753
273,2010-07-06,10800,50,10750,10900,10550,704204
272,2010-07-07,10800,0,10900,10900,10650,596857
271,2010-07-08,10950,150,11050,11100,10900,1061904
268,2010-07-09,11300,350,11050,11350,10900,1564848
267,2010-07-12,11200,100,11400,11500,11150,1112197
266,2010-07-13,11300,100,11250,11350,11200,781480
265,2010-07-14,11850,550,11400,11900,11350,1889530
264,2010-07-15,12050,200,11700,12100,11700,1857083
260,2010-07-16,12200,150,12000,12350,11900,1979136
259,2010-07-19,12300,100,12000,12350,12000,1352074
258,2010-07-20,11750,550,12300,12300,11650,1393669
257,2010-07-21,11900,150,11800,11950,11700,472679
256,2010-07-22,11750,150,11800,11850,11600,650549
253,2010-07-23,12200,450,11850,12250,11850,702951
252,2010-07-26,12450,250,12300,12450,12250,964515
251,2010-07-27,12450,0,12550,12600,12300,608883
250,2010-07-28,12650,200,12500,12650,12400,944707
249,2010-07-29,12950,300,12600,13050,12550,1780661
245,2010-07-30,12750,200,12900,12950,12650,739661
244,2010-08-02,13050,300,12850,13100,12800,1094854
243,2010-08-03,12550,500,13200,13200,12550,908819
242,2010-08-04,12800,250,12650,12900,12650,570468
241,2010-08-05,12850,50,12900,13000,12800,497675
238,2010-08-06,12950,100,12800,13100,12550,694311
237,2010-08-09,12950,0,12900,13000,12800,558423
236,2010-08-10,12800,150,12850,12950,12750,611452
235,2010-08-11,12900,100,12700,12900,12600,434105
234,2010-08-12,12400,500,12600,12750,12400,754452
230,2010-08-13,12250,150,12400,12500,12050,628981
229,2010-08-16,12100,150,12250,12300,11900,671436
228,2010-08-17,12650,550,12000,12700,11950,549194
227,2010-08-18,12800,150,12600,12900,12600,635401
226,2010-08-19,12750,50,12750,12900,12700,609279
223,2010-08-20,12700,50,12750,12850,12600,304054
222,2010-08-23,12800,100,12850,12950,12750,276330
221,2010-08-24,12900,100,12750,12950,12700,351030
220,2010-08-25,12850,50,12700,12900,12650,718139
219,2010-08-26,12900,50,13000,13050,12850,838549
215,2010-08-27,12850,50,12900,13000,12700,1052703
214,2010-08-30,13150,300,13000,13150,12900,1255481
213,2010-08-31,12750,400,13000,13050,12750,766517
212,2010-09-01,12900,150,12850,12950,12500,1132466
211,2010-09-02,13000,100,13000,13050,12600,445477
208,2010-09-03,13000,0,13000,13050,12650,570274
207,2010-09-06,12850,150,13200,13200,12700,886349
206,2010-09-07,12450,400,12850,12900,12400,1176258
205,2010-09-08,12400,50,12350,12500,12300,875237
204,2010-09-09,12300,100,12550,12650,12300,958623
200,2010-09-10,12700,400,12400,12750,12350,604301
199,2010-09-13,12750,50,12650,12850,12600,629631
198,2010-09-14,13100,350,12900,13150,12800,1373657
197,2010-09-15,13000,100,13000,13050,12850,605879
196,2010-09-16,13050,50,13000,13150,12900,533915
193,2010-09-17,13100,50,13100,13200,13000,857207
192,2010-09-20,13450,350,13200,13500,13100,932042
191,2010-09-24,13700,250,13500,13750,13300,745463
190,2010-09-27,13700,0,13750,13850,13600,502663
189,2010-09-28,13550,150,13600,13750,13450,567590
185,2010-09-29,14000,450,13650,14050,13600,1083133
184,2010-09-30,14050,50,14000,14150,13850,1425491
183,2010-10-01,14050,0,14000,14200,13800,1171101
182,2010-10-04,14300,250,14050,14300,14000,899741
181,2010-10-05,14300,0,14200,14350,14100,779163
178,2010-10-06,14400,100,14400,14450,14200,602646
177,2010-10-07,14150,250,14400,14450,14100,460047
176,2010-10-08,14450,300,14200,14450,13900,731331
175,2010-10-11,14400,50,14400,14500,14250,377986
174,2010-10-12,14300,100,14300,14600,14200,595775
170,2010-10-13,14950,650,14500,15000,14300,909399
169,2010-10-14,15100,150,14900,15100,14650,1006110
168,2010-10-15,15100,0,15050,15100,14800,380764
167,2010-10-18,14700,400,14950,15050,14450,520251
166,2010-10-19,14150,550,14700,14700,14150,1074874
163,2010-10-20,14400,250,14050,14700,13950,1362325
162,2010-10-21,14400,0,14450,14550,14200,761953
161,2010-10-22,14750,350,14500,14900,14500,504037
160,2010-10-25,14600,150,14850,14900,14500,700659
159,2010-10-26,14850,250,14600,14950,14350,823205
155,2010-10-27,14500,350,14750,14950,14200,922192
154,2010-10-28,14350,150,14400,14600,14350,523139
153,2010-10-29,14000,350,14450,14450,13950,730550
152,2010-11-01,14500,500,14400,14550,14250,666826
151,2010-11-02,14100,400,14450,14500,14100,302442
148,2010-11-03,14250,150,14100,14500,14100,524565
147,2010-11-04,14800,550,14300,14800,14300,636485
146,2010-11-05,14800,0,15000,15100,14600,989628
145,2010-11-08,14950,150,15000,15050,14600,482137
144,2010-11-09,14850,100,15000,15050,14850,569793
140,2010-11-10,15000,150,14950,15100,14850,1221820
139,2010-11-11,14750,250,15000,15050,14750,1424455
138,2010-11-12,14950,200,14950,15100,14200,1355541
137,2010-11-15,15050,100,14900,15400,14850,621050
136,2010-11-16,14650,400,15200,15200,14350,1133244
133,2010-11-17,14050,600,14400,14400,13900,1082363
132,2010-11-18,14350,300,14100,14450,13950,718150
131,2010-11-19,14100,250,14350,14400,14000,565714
130,2010-11-22,14150,50,14150,14250,13950,821349
129,2010-11-23,14000,150,14050,14650,13750,1356735
125,2010-11-24,13950,50,13500,14200,13400,945305
124,2010-11-25,14050,100,14050,14300,13800,956024
123,2010-11-26,14200,150,14200,14300,13950,902895
122,2010-11-29,13650,550,14000,14300,13650,954532
121,2010-11-30,13700,50,13700,13950,13600,599826
118,2010-12-01,13650,50,13800,13800,13500,437572
117,2010-12-02,13650,0,13750,13850,13650,599999
116,2010-12-03,13550,100,13750,13750,13550,660310
115,2010-12-06,14150,600,13650,14200,13550,639750
114,2010-12-07,13800,350,14000,14050,13800,608556
110,2010-12-08,13550,250,13700,13800,13500,871472
109,2010-12-09,14100,550,13600,14100,13550,1095020
108,2010-12-10,14350,250,14050,14450,13950,1021329
107,2010-12-13,14650,300,14450,14650,14300,789502
106,2010-12-14,14550,100,14700,14700,14450,532568
103,2010-12-15,14550,0,14650,14750,14400,763940
102,2010-12-16,14100,450,14450,14500,14100,677495
101,2010-12-17,14600,500,14200,14700,14150,656689
100,2010-12-20,14650,50,14250,14750,14250,1471174
99,2010-12-21,14600,50,14900,14900,14450,984025
95,2010-12-22,14250,350,14600,14600,14100,836678
94,2010-12-23,14300,50,14300,14400,14100,844497
93,2010-12-24,14050,250,14250,14300,13950,685534
92,2010-12-27,14300,250,13900,14300,13900,696286
91,2010-12-28,14500,200,14350,14550,14300,797372
88,2010-12-29,14250,250,14350,14350,14100,608511
87,2010-12-30,14350,100,14300,14450,14150,445292
86,2011-01-03,14650,300,14350,14650,14300,635176
85,2011-01-04,14900,250,14800,14900,14650,851860
84,2011-01-05,14550,350,14800,14950,14500,766134
80,2011-01-06,14600,50,14700,14800,14250,962256
79,2011-01-07,15200,600,14600,15200,14450,2388615
78,2011-01-10,15050,150,15150,15200,14850,1033182
77,2011-01-11,15050,0,15050,15050,14800,629677
76,2011-01-12,14750,300,15100,15100,14600,877023
73,2011-01-13,15150,400,15150,15300,14800,1551031
72,2011-01-14,15500,350,15300,15550,15050,1374004
71,2011-01-17,15600,100,15750,15950,15500,1086087
70,2011-01-18,15100,500,15400,15450,14850,1568136
69,2011-01-19,14850,250,15050,15100,14650,1165702
65,2011-01-20,15100,250,14750,15200,14550,1179611
64,2011-01-21,14550,550,14900,15000,14550,1059292
63,2011-01-24,14350,200,14400,14550,14350,1018341
62,2011-01-25,14350,0,14450,14650,14350,906925
61,2011-01-26,14400,50,14350,14500,14200,398682
58,2011-01-27,14250,150,14300,14350,14000,1270285
57,2011-01-28,14000,250,14150,14250,13950,838369
56,2011-01-31,13500,500,13800,13800,13400,1367782
55,2011-02-01,13850,350,13550,13900,13250,1373112
54,2011-02-07,13950,100,13950,14150,13900,1425033
50,2011-02-08,14050,100,14050,14300,13800,1191799
49,2011-02-09,14000,50,14100,14150,13900,691234
48,2011-02-10,13800,200,13850,14200,13750,989458
47,2011-02-11,13600,200,13850,14050,13600,603177
46,2011-02-14,13800,200,13700,13900,13450,526343
43,2011-02-15,13750,50,13650,13900,13500,646196
42,2011-02-16,13750,0,13750,13950,13700,550640
41,2011-02-17,13150,600,13750,13800,13000,985050
40,2011-02-18,13600,450,13250,13600,13100,648683
39,2011-02-21,13300,300,13350,13500,13200,426117
35,2011-02-22,12900,400,13150,13250,12850,1015116
34,2011-02-23,13700,800,13000,13700,13000,1372254
33,2011-02-24,13600,100,13700,13950,13500,616040
32,2011-02-25,13450,150,13450,13650,13350,621925
31,2011-02-28,13550,100,13400,13850,13250,667404
28,2011-03-02,13300,250,13500,13650,13100,784442
27,2011-03-03,13400,100,13250,13550,13150,870149
26,2011-03-04,13800,400,13550,13850,13400,1035942
25,2011-03-07,13750,50,13800,13850,13650,555864
24,2011-03-08,14150,400,13900,14200,13850,1150438
20,2011-03-09,14300,150,14200,14450,14100,1209257
19,2011-03-10,14350,50,14300,14650,14150,2166364
18,2011-03-11,14350,0,0,0,0,0
17,2011-03-14,14350,0,0,0,0,0
16,2011-03-15,14350,0,0,0,0,0
13,2011-03-16,14350,0,0,0,0,0
12,2011-03-17,14350,0,0,0,0,0
11,2011-03-18,14350,0,0,0,0,0
10,2011-03-21,14350,0,0,0,0,0
9,2011-03-22,14350,0,0,0,0,0
5,2011-03-23,14350,0,0,0,0,0
4,2011-03-24,14350,0,0,0,0,0
3,2011-03-25,14350,0,0,0,0,0
2,2011-03-28,14350,0,0,0,0,0
