,date,close,diff,open,high,low,volume
448,2019-08-16,17000,300,16350,17200,16300,288981
447,2019-08-19,16900,100,17300,17350,16600,239664
446,2019-08-20,17600,700,17200,17650,17100,320284
445,2019-08-21,17600,0,17350,17700,17350,227507
444,2019-08-22,16900,700,17600,17700,16700,449441
440,2019-08-23,16150,750,16500,16700,16050,556536
439,2019-08-26,14800,1350,15500,15650,14800,881662
438,2019-08-27,15200,400,15100,15500,14900,444235
437,2019-08-28,15400,200,15150,15450,15050,397452
436,2019-08-29,15000,400,15400,15500,14800,481884
433,2019-08-30,15700,700,15300,15950,15250,697843
432,2019-09-02,16050,350,15700,16150,15550,353737
431,2019-09-03,15500,550,16050,16150,15450,352019
430,2019-09-04,16100,600,15500,16150,15450,345142
429,2019-09-05,17250,1150,16300,17400,16150,934796
425,2019-09-06,17200,50,17600,17750,16950,618336
424,2019-09-09,16600,600,17200,17350,16300,441215
423,2019-09-10,16150,450,16600,16700,16050,449670
422,2019-09-11,15950,200,16300,16350,15800,360887
421,2019-09-16,16350,400,16100,16450,15950,275372
418,2019-09-17,16200,150,16200,16400,16050,275705
417,2019-09-18,16700,500,16450,17000,16350,389126
416,2019-09-19,17250,550,16900,17400,16850,472525
415,2019-09-20,17650,400,17550,17950,17400,601022
414,2019-09-23,17500,150,17600,17850,17250,350730
410,2019-09-24,18150,650,17550,18150,17550,538762
409,2019-09-25,18000,150,17950,18350,17650,485363
408,2019-09-26,18550,550,18150,18600,18150,449623
407,2019-09-27,18500,50,18600,18900,18350,351473
406,2019-09-30,19100,600,18550,19300,18250,714719
403,2019-10-01,19050,50,19350,19550,18700,429167
402,2019-10-02,18850,200,18850,19300,18650,371999
401,2019-10-04,19600,750,18750,19850,18650,554919
400,2019-10-07,19600,0,20050,20150,19050,473529
399,2019-10-08,19900,300,19700,19900,19250,406940
395,2019-10-10,19900,0,19900,20200,19550,443306
394,2019-10-11,20200,300,20200,20700,20000,661035
393,2019-10-14,19900,300,20650,20700,19850,535568
392,2019-10-15,20250,350,20000,20450,19900,318215
391,2019-10-16,20900,650,20350,20950,20150,711874
388,2019-10-17,21100,200,21050,21800,20950,692337
387,2019-10-18,21250,150,21000,21600,20700,481604
386,2019-10-21,21950,700,21600,21950,21300,621975
385,2019-10-22,23450,1500,22250,23650,22000,1640570
384,2019-10-23,23850,400,23700,24150,23200,855733
380,2019-10-24,24050,200,23550,24250,23350,551344
379,2019-10-25,24350,300,24200,25150,23900,1061820
378,2019-10-28,24150,200,24600,25150,23200,916852
377,2019-10-29,24700,550,24350,25100,24300,795030
376,2019-10-30,22950,1750,24700,24750,22450,1622913
373,2019-10-31,22850,100,23200,23900,22850,821459
372,2019-11-01,23050,200,23000,23450,22650,557357
371,2019-11-04,22300,750,23750,23750,22000,1106284
370,2019-11-05,22600,300,22550,22850,22100,668695
369,2019-11-06,21900,700,22500,22550,21350,1029768
365,2019-11-07,21000,900,22000,22050,20850,1012444
364,2019-11-08,21500,500,21400,21650,21100,547959
363,2019-11-11,21200,300,21500,21550,20850,282862
362,2019-11-12,22400,1200,21300,22500,21250,988696
361,2019-11-13,21650,750,22400,22450,21500,620628
358,2019-11-14,21750,100,21600,22100,21350,443281
357,2019-11-15,22300,550,21600,22500,21450,656415
356,2019-11-18,22250,50,22700,23200,22050,737215
355,2019-11-19,21550,700,22000,22250,21300,719602
354,2019-11-20,21250,300,21600,22050,21150,512880
350,2019-11-21,20750,500,21350,21450,20500,556307
349,2019-11-22,20700,50,20800,21000,20350,303815
348,2019-11-25,20900,200,20900,21100,20650,298225
347,2019-11-26,21750,850,20900,22100,20800,798865
346,2019-11-27,21650,100,21900,22150,21200,417523
343,2019-11-28,21400,250,21400,21750,21300,192996
342,2019-11-29,20800,600,21400,21550,20500,443521
341,2019-12-02,20500,300,20950,20950,20300,417561
340,2019-12-03,21150,650,20400,21500,20200,711876
339,2019-12-04,20200,950,20850,21100,20000,718497
335,2019-12-05,20550,350,20450,20600,20100,319134
334,2019-12-06,21400,850,20750,21700,20650,550870
333,2019-12-09,21250,150,21600,21650,21200,333269
332,2019-12-10,20650,600,21250,21250,20550,380762
331,2019-12-11,20200,450,20600,20650,19250,1301772
328,2019-12-12,21250,1050,20350,21300,20300,627371
327,2019-12-13,20850,400,21700,21750,20750,607350
326,2019-12-16,20600,250,20950,21150,20400,363520
325,2019-12-17,20950,350,20800,21150,20600,430330
324,2019-12-18,20900,50,21050,21350,20750,385036
320,2019-12-19,20350,550,20900,21000,20250,573670
319,2019-12-20,20600,250,20450,20800,20250,610321
318,2019-12-23,20250,350,20550,20800,20200,309322
317,2019-12-24,20250,0,20300,20450,19850,275062
316,2019-12-26,20900,650,20300,20950,20200,629174
313,2019-12-27,21800,900,20950,21800,20700,826697
312,2019-12-30,21950,150,22050,22300,21700,529861
311,2020-01-02,21750,200,22050,22100,21600,338744
310,2020-01-03,21750,0,22100,22550,21600,687694
309,2020-01-06,20900,850,21200,21500,20800,667069
305,2020-01-07,20750,150,21250,21400,20500,533362
304,2020-01-08,19750,1000,20450,20600,19500,968329
303,2020-01-09,20450,700,20400,20650,20150,509875
302,2020-01-10,20600,150,20700,21050,20400,668579
301,2020-01-13,20800,200,20600,20800,19950,725255
298,2020-01-14,21000,200,21050,21500,20850,785756
297,2020-01-15,20250,750,21050,21050,20200,629064
296,2020-01-16,20750,500,20450,20850,20150,494641
295,2020-01-17,20850,100,20950,21100,20550,462834
294,2020-01-20,21050,200,20950,21250,20600,441932
290,2020-01-21,21100,50,21450,21500,20850,424842
289,2020-01-22,21450,350,21000,21450,20750,518912
288,2020-01-23,22550,1100,22000,22800,21800,2401304
287,2020-01-28,23500,950,21750,23850,21350,2027558
286,2020-01-29,23450,50,24250,24700,22750,2274471
283,2020-01-30,22800,650,23700,23800,22250,1061325
282,2020-01-31,21200,1600,23000,23050,21150,1529965
281,2020-02-03,20900,300,20300,21200,19700,1186161
280,2020-02-04,21850,950,21100,21850,20600,1040691
279,2020-02-05,20800,1050,22000,22350,20600,1238708
275,2020-02-06,21750,950,21150,21900,20950,1014669
274,2020-02-07,21800,50,21700,22000,21250,589402
273,2020-02-10,21700,100,21500,22150,21200,724509
272,2020-02-11,22450,750,22100,22650,21850,1062285
271,2020-02-12,22150,300,22500,22600,21850,877564
268,2020-02-13,22150,0,22300,22350,21850,650874
267,2020-02-14,23150,1000,22400,23200,22350,1186928
266,2020-02-17,23400,250,23550,23850,23100,1184770
265,2020-02-18,22450,950,23500,23550,22400,1230760
264,2020-02-19,22500,50,22650,22850,21850,665288
260,2020-02-20,22250,250,22700,22800,21750,597974
259,2020-02-21,21400,850,21600,22050,21350,522247
258,2020-02-24,20200,1200,20500,20950,20000,985862
257,2020-02-25,21100,900,20150,21150,19900,675742
256,2020-02-26,20600,500,20400,20800,20200,501771
253,2020-02-27,19250,1350,20550,20600,19050,940028
252,2020-02-28,17750,1500,18450,18900,17400,1554118
251,2020-03-02,18100,350,17750,18250,17250,1039830
250,2020-03-03,18850,750,19150,19800,18800,1155174
249,2020-03-04,19700,850,18650,19700,18600,623899
245,2020-03-05,20700,1000,20350,20750,20000,1046503
244,2020-03-06,20150,550,20250,20550,19800,577060
243,2020-03-09,18950,1200,19450,19600,18750,647832
242,2020-03-10,19500,550,18650,19550,18550,630855
241,2020-03-11,18400,1100,19300,19500,18150,574853
238,2020-03-12,17000,1400,18150,18300,16350,1111466
237,2020-03-13,16200,800,15500,17250,14500,1077772
236,2020-03-16,15200,1000,16350,17250,15150,646666
235,2020-03-17,15700,500,14000,15900,14000,687159
234,2020-03-18,14200,1500,16000,16150,14200,616719
230,2020-03-19,12900,1300,14800,15200,12150,1038306
229,2020-03-20,16100,3200,13450,16700,13200,1864408
228,2020-03-23,14900,1200,14650,15550,14400,1037935
227,2020-03-24,16500,1600,15550,16600,15350,1258369
226,2020-03-25,16800,300,17300,17350,16200,1114317
223,2020-03-26,16150,650,16750,16900,16100,987918
222,2020-03-27,15650,500,16800,16850,15450,818585
221,2020-03-30,15800,150,15000,15850,14750,574856
220,2020-03-31,15700,100,16100,16150,15350,648604
219,2020-04-01,15200,500,15450,16350,15200,751452
215,2020-04-02,15400,200,15400,15550,14900,543879
214,2020-04-03,15400,0,15500,15650,15100,424939
213,2020-04-06,16300,900,15650,16300,15300,875003
212,2020-04-07,17250,950,16800,17500,16600,1932149
211,2020-04-08,17000,250,17000,17400,16750,717108
208,2020-04-09,16800,200,17550,17550,16650,661187
207,2020-04-10,16700,100,16850,16900,16200,487942
206,2020-04-13,16000,700,16600,16650,16000,512517
205,2020-04-14,16300,300,16200,16450,16100,355768
204,2020-04-16,16650,350,16100,16700,15900,418210
200,2020-04-17,17950,1300,17100,18050,16800,1540686
199,2020-04-20,17150,800,17600,17850,17050,840265
198,2020-04-21,16850,300,17050,17050,16200,817864
197,2020-04-22,17000,150,16450,17000,16250,526323
196,2020-04-23,16950,50,17150,17150,16700,406113
193,2020-04-24,16500,450,16800,17250,16500,587447
192,2020-04-27,16950,450,16650,17150,16450,479361
191,2020-04-28,16750,200,17050,17100,16550,362582
190,2020-04-29,16800,50,16750,17250,16550,466843
189,2020-05-04,16250,550,16450,16650,16200,382858
185,2020-05-06,16550,300,16500,16600,16300,393752
184,2020-05-07,17750,1200,16650,17950,16650,1892837
183,2020-05-08,17750,0,17900,18100,17400,1006363
182,2020-05-11,17650,100,18150,18300,17550,848627
181,2020-05-12,17100,550,17850,17850,17000,633260
178,2020-05-13,17350,250,16750,17350,16650,414433
177,2020-05-14,16850,500,17100,17200,16850,385436
176,2020-05-15,16700,150,17050,17300,16700,381165
175,2020-05-18,16450,250,16500,16800,16300,552647
174,2020-05-19,16950,500,16850,17150,16800,510057
170,2020-05-20,17950,1000,17100,18300,17050,1876253
169,2020-05-21,18350,400,18450,19000,18300,1908602
168,2020-05-22,17750,600,18600,18600,17400,876482
167,2020-05-25,17900,150,17750,18050,17500,504592
166,2020-05-26,18000,100,17900,18150,17700,531994
163,2020-05-27,17550,450,17950,18000,17450,458266
162,2020-05-28,17900,350,17800,18300,17300,1007485
161,2020-05-29,17450,450,17800,17900,17400,517008
160,2020-06-01,18300,850,17550,18400,17550,919754
159,2020-06-02,18300,0,18500,18700,18000,745249
155,2020-06-03,18350,50,18600,18650,18200,586778
154,2020-06-04,20100,1750,18700,20250,18550,3439502
153,2020-06-05,20200,100,20100,20450,19500,1311498
152,2020-06-08,20000,200,20450,20450,19450,932031
151,2020-06-09,19950,50,20000,20200,19350,728014
148,2020-06-10,20900,950,20000,21450,19650,2084260
147,2020-06-11,21300,400,21000,22000,20650,2313372
146,2020-06-12,21750,450,20600,22000,20300,2067135
145,2020-06-15,20000,1750,21950,22400,19900,2359171
144,2020-06-16,21250,1250,20700,21400,20400,1116566
140,2020-06-17,21350,100,21200,21700,20800,998701
139,2020-06-18,21700,350,21450,21850,20950,871750
138,2020-06-19,21250,450,22000,22050,21000,872636
137,2020-06-22,20200,1050,20750,20800,20000,1161893
136,2020-06-23,19650,550,20800,21500,19600,2150508
133,2020-06-24,20500,850,20000,20550,19800,1006790
132,2020-06-25,20050,450,19900,20200,19650,833726
131,2020-06-26,20050,0,20350,20400,19750,524042
130,2020-06-29,19250,800,19850,20050,19200,569477
129,2020-06-30,19800,550,19600,20200,19550,547884
125,2020-07-01,19500,300,20050,20350,19500,360793
124,2020-07-02,19750,250,19700,19900,19500,221629
123,2020-07-03,19750,0,19950,20000,19550,272820
122,2020-07-06,20050,300,19950,20150,19700,372740
121,2020-07-07,19600,450,20150,20250,19500,476670
118,2020-07-08,19300,300,19500,19600,19150,452227
117,2020-07-09,20600,1300,19800,20650,19650,1479486
116,2020-07-10,20300,300,20700,20800,20000,731077
115,2020-07-13,20800,500,20600,21100,20500,826059
114,2020-07-14,20550,250,20750,20750,20300,484663
110,2020-07-15,26700,6150,23950,26700,22600,20085421
109,2020-07-16,24400,2300,26000,26950,23700,7958123
108,2020-07-17,23600,800,24000,24850,23200,2954076
107,2020-07-20,24300,700,24150,25000,24000,3399979
106,2020-07-21,23650,650,24450,24500,23400,1677251
103,2020-07-22,23100,550,23650,23850,22800,1762231
102,2020-07-23,23100,0,22900,23800,22700,1513119
101,2020-07-24,22100,1000,22700,22850,21950,1513770
100,2020-07-27,22300,200,22000,22750,21950,853609
99,2020-07-28,22650,350,22700,23300,22250,1119591
95,2020-07-29,23650,1000,22750,23650,22600,1348640
94,2020-07-30,24150,500,24100,24550,23200,2088438
93,2020-07-31,23350,800,24700,24850,23050,1784499
92,2020-08-03,23750,400,23400,23900,22900,974303
91,2020-08-04,24450,700,24700,25300,24200,2448830
88,2020-08-05,24650,200,24650,24900,24100,1165163
87,2020-08-06,24200,450,24800,24900,24150,761138
86,2020-08-07,23900,300,24400,24600,23650,673960
85,2020-08-10,23100,800,23850,23900,22850,1109989
84,2020-08-11,22950,150,23150,23200,22450,747986
80,2020-08-12,22250,700,22950,23000,22100,964415
79,2020-08-13,22300,50,22600,22800,22250,573084
78,2020-08-14,22150,150,22600,22650,21800,683997
77,2020-08-18,20600,1550,22200,22250,20350,916919
76,2020-08-19,21000,400,20600,21250,20550,457549
73,2020-08-20,19950,1050,20900,20950,19650,886328
72,2020-08-21,20050,100,20150,20300,19600,556923
71,2020-08-24,20500,450,19900,20700,19500,469356
70,2020-08-25,20950,450,20900,21250,20600,580208
69,2020-08-26,20550,400,21000,21000,20300,392251
65,2020-08-27,19750,800,20650,20650,19650,631544
64,2020-08-28,20150,400,19900,20500,19800,524287
63,2020-08-31,20300,150,20450,20550,20000,366254
62,2020-09-01,21300,1000,20650,21450,20400,757553
61,2020-09-02,22850,1550,22000,23300,21800,2400824
58,2020-09-03,22650,200,22950,23100,22400,976748
57,2020-09-04,21950,700,21700,22100,21400,1039921
56,2020-09-07,21500,450,21950,21950,21400,549957
55,2020-09-08,22250,750,21850,23000,21750,1246534
54,2020-09-09,22300,50,21800,22500,21450,607727
50,2020-09-10,22600,300,22800,23100,22450,787405
49,2020-09-11,22350,250,22450,22900,22100,508739
48,2020-09-14,23400,1050,22600,23400,22200,1033976
47,2020-09-15,23250,150,23700,24150,23000,1727191
46,2020-09-16,22300,950,23350,23400,22100,797059
43,2020-09-17,21800,500,22350,22350,21700,551473
42,2020-09-18,21900,100,22000,22350,21600,387748
41,2020-09-21,20650,1250,21800,21850,20200,1087829
40,2020-09-22,20400,250,20800,20900,20200,443551
39,2020-09-23,20500,100,20700,20900,20050,436585
35,2020-09-24,19900,600,20100,20450,19800,521993
34,2020-09-25,20100,200,20150,20450,19850,305814
33,2020-09-28,21100,1000,20700,21150,20450,366521
32,2020-09-29,21250,150,21200,21300,20900,332908
31,2020-10-05,21350,100,21550,21650,21250,255905
28,2020-10-06,21150,200,21650,21750,21000,312474
27,2020-10-07,22350,1200,21100,22450,20950,814249
26,2020-10-08,22650,300,22900,22900,22000,832125
25,2020-10-12,22400,250,22950,23000,22300,496980
24,2020-10-13,22800,400,23200,23200,22300,957094
20,2020-10-14,21200,1600,22650,22650,21150,1634647
19,2020-10-15,21350,150,21050,21350,20400,1054261
18,2020-10-16,22000,650,21300,22500,21200,1841037
17,2020-10-19,21300,700,21700,22100,21200,617533
16,2020-10-20,22900,1600,20850,22900,20650,1329625
13,2020-10-21,22750,150,22900,23250,22400,1448252
12,2020-10-22,22200,550,22550,22600,21650,778867
11,2020-10-23,22250,50,22300,22500,21800,596809
10,2020-10-26,20950,1300,22050,22100,20800,715035
9,2020-10-27,20550,400,20600,21150,20250,774428
5,2020-10-28,21050,500,20600,21200,20300,494968
4,2020-10-29,21100,50,20450,21100,20350,422573
3,2020-10-30,20300,800,20900,20900,20250,535566
2,2020-11-02,20400,100,20400,20650,19950,334731
1,2020-11-03,21350,950,21050,21600,20900,818185
