,date,close,diff,open,high,low,volume
448,2016-04-26,1890,200,1890,1890,1890,0
447,2016-04-27,2055,165,2055,2055,2055,0
446,2016-04-28,2055,0,2055,2055,2055,0
445,2016-04-29,2055,0,2055,2055,2055,0
444,2016-05-02,2055,0,2055,2055,2055,0
440,2016-05-03,2055,0,2055,2055,2055,0
439,2016-05-04,2055,0,2055,2055,2055,0
438,2016-05-09,2055,0,2055,2055,2055,0
437,2016-05-10,2055,0,2055,2055,2055,0
436,2016-05-11,2280,225,2280,2280,2280,0
433,2016-05-12,2280,0,2280,2280,2280,0
432,2016-05-13,2615,335,2615,2615,2615,0
431,2016-05-16,2975,360,2975,2975,2975,1
430,2016-05-17,2975,0,2975,2975,2975,0
429,2016-05-18,2975,0,2975,2975,2975,0
425,2016-05-19,3300,325,3300,3300,3300,0
424,2016-05-20,3595,295,3595,3595,3595,0
423,2016-05-23,3595,0,3595,3595,3595,0
422,2016-05-24,4100,505,4100,4100,4100,0
421,2016-05-25,3595,505,3595,3595,3595,6
418,2016-05-26,4095,500,4095,4095,4095,0
417,2016-05-27,4095,0,4095,4095,4095,0
416,2016-05-30,4095,0,4095,4095,4095,0
415,2016-05-31,4095,0,4095,4095,4095,0
414,2016-06-01,4555,460,4555,4555,4555,0
410,2016-06-02,4555,0,4555,4555,4555,0
409,2016-06-03,4555,0,4555,4555,4555,0
408,2016-06-07,5200,645,5200,5200,5200,0
407,2016-06-08,5200,0,5200,5200,5200,0
406,2016-06-09,5200,0,5200,5200,5200,0
403,2016-06-10,5770,570,5770,5770,5770,0
402,2016-06-13,6290,520,6290,6290,6290,0
401,2016-06-14,6290,0,6290,6290,6290,0
400,2016-06-15,7170,880,7170,7170,7170,0
399,2016-06-16,7170,0,7170,7170,7170,0
395,2016-06-17,7170,0,7170,7170,7170,0
394,2016-06-20,7170,0,7170,7170,7170,0
393,2016-06-21,7170,0,7170,7170,7170,0
392,2016-06-22,7170,0,7170,7170,7170,0
391,2016-06-23,7970,800,7970,7970,7970,0
388,2016-06-24,7970,0,7970,7970,7970,0
387,2016-06-27,7970,0,7970,7970,7970,0
386,2016-06-28,9090,1120,9090,9090,9090,0
385,2016-06-29,9090,0,9090,9090,9090,0
384,2016-06-30,10350,1260,10350,10350,10350,0
380,2016-07-01,10350,0,10350,10350,10350,0
379,2016-07-04,11850,1500,11850,11850,11850,0
378,2016-07-05,11850,0,11850,11850,11850,0
377,2016-07-06,13550,1700,13550,13550,13550,0
376,2016-07-07,12500,1050,11550,12500,11550,91
373,2016-07-08,11550,950,10900,11550,10900,101
372,2016-07-11,11250,300,10650,11250,10650,101
371,2016-07-12,11100,150,10500,11100,10500,101
370,2016-07-13,11100,0,10500,11100,10500,101
369,2016-07-14,11400,300,10800,11400,10800,101
365,2016-07-15,10900,500,10300,10900,10300,101
364,2016-07-18,10900,0,10300,10900,10300,101
363,2016-07-19,10700,200,10100,10700,10100,101
362,2016-07-20,10600,100,10000,10600,10000,101
361,2016-07-21,10600,0,10000,10600,10000,101
358,2016-07-22,10600,0,10000,10600,10000,101
357,2016-07-25,10450,150,9900,10450,9900,111
356,2016-07-26,10450,0,9900,10450,9900,111
355,2016-07-27,10450,0,9860,10450,9860,111
354,2016-07-28,10350,100,9800,10350,9800,111
350,2016-07-29,10650,300,10050,10650,10050,101
349,2016-08-01,10600,50,10000,10600,10000,101
348,2016-08-02,9900,700,9900,9900,9900,110
347,2016-08-03,9720,180,9720,9720,9720,110
346,2016-08-04,9670,50,9670,9670,9670,110
343,2016-08-05,9390,280,9390,9390,9390,200
342,2016-08-08,9300,90,9300,9300,9300,200
341,2016-08-09,9030,270,9030,9030,9030,200
340,2016-08-10,8770,260,8770,8770,8770,150
339,2016-08-11,8520,250,8520,8520,8520,200
335,2016-08-12,8280,240,8280,8280,8280,99
334,2016-08-16,8280,0,8280,8280,8280,3
333,2016-08-17,8280,0,8280,8280,8280,0
332,2016-08-18,8280,0,8280,8280,8280,0
331,2016-08-19,8300,20,8300,8300,8300,0
328,2016-08-22,8300,0,8300,8300,8300,0
327,2016-08-23,8300,0,8300,8300,8300,0
326,2016-08-24,8300,0,8300,8300,8300,0
325,2016-08-25,8300,0,8300,8300,8300,0
324,2016-08-26,9000,700,9000,9000,9000,0
320,2016-08-29,9000,0,9000,9000,9000,0
319,2016-08-30,9000,0,9000,9000,9000,0
318,2016-08-31,9000,0,9000,9000,9000,0
317,2016-09-01,9000,0,9000,9000,9000,0
316,2016-09-02,8740,260,8740,8740,8740,2
313,2016-09-05,8490,250,8490,8490,8490,2
312,2016-09-06,8250,240,8250,8250,8250,1
311,2016-09-07,8010,240,8010,8010,8010,1
310,2016-09-08,7780,230,7780,7780,7780,1
309,2016-09-09,7780,0,7780,7780,7780,0
305,2016-09-12,7780,0,7780,7780,7780,0
304,2016-09-13,8440,660,8440,8440,8440,0
303,2016-09-19,9160,720,9160,9160,9160,86
302,2016-09-20,9250,90,9250,9250,9250,0
301,2016-09-21,9250,0,9250,9250,9250,0
298,2016-09-22,9250,0,9250,9250,9250,0
297,2016-09-23,9250,0,9250,9250,9250,0
296,2016-09-26,9250,0,9250,9250,9250,0
295,2016-09-27,9250,0,9250,9250,9250,0
294,2016-09-28,9250,0,9250,9250,9250,0
290,2016-09-29,9250,0,9250,9250,9250,0
289,2016-09-30,9250,0,9250,9250,9250,0
288,2016-10-04,9250,0,9250,9250,9250,0
287,2016-10-05,9250,0,9250,9250,9250,0
286,2016-10-06,9250,0,9250,9250,9250,0
283,2016-10-07,9250,0,9250,9250,9250,0
282,2016-10-10,9250,0,9250,9250,9250,0
281,2016-10-11,9250,0,9250,9250,9250,0
280,2016-10-12,9250,0,9250,9250,9250,0
279,2016-10-13,9250,0,9250,9250,9250,0
275,2016-10-14,9250,0,9250,9250,9250,0
274,2016-10-17,9250,0,9250,9250,9250,0
273,2016-10-18,9250,0,9250,9250,9250,0
272,2016-10-19,9250,0,9250,9250,9250,0
271,2016-10-20,9250,0,9250,9250,9250,0
268,2016-10-21,9250,0,9250,9250,9250,0
267,2016-10-24,9250,0,9250,9250,9250,0
266,2016-10-25,9250,0,9250,9250,9250,0
265,2016-10-26,9250,0,9250,9250,9250,0
264,2016-10-27,9250,0,9250,9250,9250,0
260,2016-10-28,9250,0,9250,9250,9250,0
259,2016-10-31,9250,0,9250,9250,9250,0
258,2016-11-01,9250,0,9250,9250,9250,0
257,2016-11-02,9250,0,9250,9250,9250,0
256,2016-11-03,9250,0,9250,9250,9250,0
253,2016-11-04,9250,0,9250,9250,9250,0
252,2016-11-07,9250,0,9250,9250,9250,0
251,2016-11-08,9250,0,9250,9250,9250,0
250,2016-11-09,9250,0,9250,9250,9250,0
249,2016-11-10,9250,0,9250,9250,9250,0
245,2016-11-11,9250,0,9250,9250,9250,0
244,2016-11-14,9250,0,9250,9250,9250,0
243,2016-11-15,9250,0,9250,9250,9250,0
242,2016-11-16,9250,0,9250,9250,9250,0
241,2016-11-17,9250,0,9250,9250,9250,0
238,2016-11-18,9250,0,9250,9250,9250,0
237,2016-11-21,9250,0,9250,9250,9250,0
236,2016-11-22,9250,0,9250,9250,9250,0
235,2016-11-23,9250,0,9250,9250,9250,0
234,2016-11-24,9250,0,9250,9250,9250,0
230,2016-11-25,9250,0,9250,9250,9250,0
229,2016-11-28,9250,0,9250,9250,9250,0
228,2016-11-29,9250,0,9250,9250,9250,0
227,2016-11-30,9250,0,9250,9250,9250,0
226,2016-12-01,9250,0,9250,9250,9250,0
223,2016-12-02,9250,0,9250,9250,9250,0
222,2016-12-05,9250,0,9250,9250,9250,0
221,2016-12-06,9250,0,9250,9250,9250,0
220,2016-12-07,9250,0,9250,9250,9250,0
219,2016-12-08,9250,0,9250,9250,9250,0
215,2016-12-09,9250,0,9250,9250,9250,0
214,2016-12-12,9250,0,9250,9250,9250,0
213,2016-12-13,9250,0,9250,9250,9250,0
212,2016-12-14,9250,0,9250,9250,9250,0
211,2016-12-15,9250,0,9250,9250,9250,0
208,2016-12-16,9250,0,9250,9250,9250,0
207,2016-12-19,9250,0,9250,9250,9250,0
206,2016-12-20,9250,0,9250,9250,9250,0
205,2016-12-21,9250,0,9250,9250,9250,0
204,2016-12-22,9250,0,9250,9250,9250,0
200,2016-12-23,9250,0,9250,9250,9250,0
199,2016-12-26,9250,0,9250,9250,9250,0
198,2016-12-27,9250,0,9250,9250,9250,0
197,2016-12-28,9250,0,9250,9250,9250,0
196,2016-12-29,9250,0,9250,9250,9250,0
193,2017-01-02,9250,0,9250,9250,9250,0
192,2017-01-03,9250,0,9250,9250,9250,0
191,2017-01-04,9250,0,9250,9250,9250,0
190,2017-01-05,9250,0,9250,9250,9250,0
189,2017-01-06,9250,0,9250,9250,9250,0
185,2017-01-09,7870,1380,7870,7870,7870,1
184,2017-01-10,7870,0,7870,7870,7870,0
183,2017-01-11,7870,0,7870,7870,7870,0
182,2017-01-12,7870,0,7870,7870,7870,0
181,2017-01-13,7870,0,7870,7870,7870,0
178,2017-01-16,7870,0,7870,7870,7870,0
177,2017-01-17,7870,0,7870,7870,7870,0
176,2017-01-18,7870,0,7870,7870,7870,0
175,2017-01-19,7870,0,7870,7870,7870,0
174,2017-01-20,7870,0,7870,7870,7870,0
170,2017-01-23,7870,0,7870,7870,7870,0
169,2017-01-24,7870,0,7870,7870,7870,0
168,2017-01-25,7870,0,7870,7870,7870,0
167,2017-01-26,7870,0,7870,7870,7870,0
166,2017-01-31,7870,0,7870,7870,7870,0
163,2017-02-01,7870,0,7870,7870,7870,0
162,2017-02-02,7870,0,7870,7870,7870,0
161,2017-02-03,7870,0,7870,7870,7870,0
160,2017-02-06,7870,0,7870,7870,7870,0
159,2017-02-07,7870,0,7870,7870,7870,0
155,2017-02-08,7870,0,7870,7870,7870,0
154,2017-02-09,7870,0,7870,7870,7870,0
153,2017-02-10,7870,0,7870,7870,7870,0
152,2017-02-13,7870,0,7870,7870,7870,0
151,2017-02-14,7870,0,7870,7870,7870,0
148,2017-02-15,7870,0,7870,7870,7870,0
147,2017-02-16,7870,0,7870,7870,7870,0
146,2017-02-17,7870,0,7870,7870,7870,0
145,2017-02-20,7870,0,7870,7870,7870,0
144,2017-02-21,7860,10,7860,7860,7860,0
140,2017-02-22,7850,10,7850,7850,7850,0
139,2017-02-23,7850,0,7850,7850,7850,0
138,2017-02-24,7610,240,7610,7610,7610,1
137,2017-02-27,7610,0,7610,7610,7610,0
136,2017-02-28,7610,0,7610,7610,7610,0
133,2017-03-02,7610,0,7610,7610,7610,0
132,2017-03-03,7610,0,7610,7610,7610,0
131,2017-03-06,7610,0,7610,7610,7610,0
130,2017-03-07,7610,0,7610,7610,7610,0
129,2017-03-08,7610,0,7610,7610,7610,0
125,2017-03-09,7610,0,7610,7610,7610,0
124,2017-03-10,7610,0,7610,7610,7610,0
123,2017-03-13,7610,0,7610,7610,7610,0
122,2017-03-14,7610,0,7610,7610,7610,0
121,2017-03-15,7610,0,7610,7610,7610,0
118,2017-03-16,7610,0,7610,7610,7610,0
117,2017-03-17,7610,0,7610,7610,7610,0
116,2017-03-20,7610,0,7610,7610,7610,0
115,2017-03-21,7610,0,7610,7610,7610,0
114,2017-03-22,7610,0,7610,7610,7610,0
110,2017-03-23,7610,0,7610,7610,7610,0
109,2017-03-24,7610,0,7610,7610,7610,0
108,2017-03-27,7610,0,7610,7610,7610,0
107,2017-03-28,7610,0,7610,7610,7610,0
106,2017-03-29,7610,0,7610,7610,7610,0
103,2017-03-30,7610,0,7610,7610,7610,0
102,2017-03-31,7610,0,7610,7610,7610,0
101,2017-04-03,7610,0,7610,7610,7610,0
100,2017-04-04,7610,0,7610,7610,7610,0
99,2017-04-05,7610,0,7610,7610,7610,0
95,2017-04-06,7610,0,7610,7610,7610,0
94,2017-04-07,7610,0,7610,7610,7610,0
93,2017-04-10,7610,0,7610,7610,7610,0
92,2017-04-11,7610,0,7610,7610,7610,0
91,2017-04-12,7610,0,7610,7610,7610,0
88,2017-04-13,7610,0,7610,7610,7610,0
87,2017-04-14,7610,0,7610,7610,7610,0
86,2017-04-17,7610,0,7610,7610,7610,0
85,2017-04-18,7610,0,7610,7610,7610,0
84,2017-04-19,7610,0,7610,7610,7610,0
80,2017-04-20,7610,0,7610,7610,7610,0
79,2017-04-21,7610,0,7610,7610,7610,0
78,2017-04-24,7610,0,7610,7610,7610,0
77,2017-04-25,7610,0,7610,7610,7610,0
76,2017-04-26,7610,0,7610,7610,7610,0
73,2017-04-27,7610,0,7610,7610,7610,0
72,2017-04-28,7610,0,7610,7610,7610,0
71,2017-05-02,7610,0,7610,7610,7610,0
70,2017-05-04,7610,0,7610,7610,7610,0
69,2017-05-08,7820,210,7820,7820,7820,128
65,2017-05-10,6650,1170,6650,6650,6650,1
64,2017-05-11,5660,990,5660,5660,5660,1
63,2017-05-12,5490,170,5810,5810,5490,174
62,2017-05-15,5320,170,5630,5630,5320,179
61,2017-05-16,5160,160,5460,5460,5160,185
58,2017-05-17,5000,160,5300,5300,5000,190
57,2017-05-18,5000,0,0,0,0,0
56,2017-05-19,5000,0,0,0,0,0
55,2017-05-22,5000,0,0,0,0,0
54,2017-05-23,5000,0,0,0,0,0
50,2017-05-24,5000,0,0,0,0,0
49,2017-05-25,5000,0,0,0,0,0
48,2017-05-26,5000,0,0,0,0,0
47,2017-05-29,5000,0,0,0,0,0
46,2017-05-30,5000,0,0,0,0,0
43,2017-05-31,5000,0,0,0,0,0
42,2017-06-01,5000,0,0,0,0,0
41,2017-06-02,5000,0,0,0,0,0
40,2017-06-05,5000,0,0,0,0,0
39,2017-06-07,5000,0,0,0,0,0
35,2017-06-08,5000,0,0,0,0,0
34,2017-06-09,5000,0,0,0,0,0
33,2017-06-12,5000,0,0,0,0,0
32,2017-06-13,5000,0,0,0,0,0
31,2017-06-14,5000,0,0,0,0,0
28,2017-06-15,5000,0,0,0,0,0
27,2017-06-16,5000,0,0,0,0,0
26,2017-06-19,5000,0,0,0,0,0
25,2017-06-20,5000,0,0,0,0,0
24,2017-06-21,5000,0,0,0,0,0
20,2017-06-22,5000,0,0,0,0,0
19,2017-06-23,5000,0,0,0,0,0
18,2017-06-26,5000,0,0,0,0,0
17,2017-06-27,5000,0,0,0,0,0
16,2017-06-28,5000,0,0,0,0,0
13,2017-06-29,5000,0,0,0,0,0
12,2017-06-30,5000,0,0,0,0,0
11,2017-07-03,5000,0,0,0,0,0
10,2017-07-04,5000,0,5000,5000,5000,0
9,2017-07-05,5000,0,5000,5000,5000,0
5,2017-07-06,5000,0,5000,5000,5000,0
4,2017-07-07,5000,0,5000,5000,5000,0
3,2017-07-10,5000,0,5000,5000,5000,0
2,2017-07-11,5000,0,5000,5000,5000,0
