,date,close,diff,open,high,low,volume
448,2019-08-16,28450,550,27850,28850,26700,63294
447,2019-08-19,29100,650,28450,29100,28250,32763
446,2019-08-20,28900,200,29100,29400,28400,44499
445,2019-08-21,28050,850,28600,28600,28000,24789
444,2019-08-22,27900,150,27850,28400,27650,25524
440,2019-08-23,28100,200,27900,28650,27650,15699
439,2019-08-26,27700,400,28100,28100,27000,16203
438,2019-08-27,27500,200,27850,28100,27200,11606
437,2019-08-28,27950,450,27500,28150,27000,19274
436,2019-08-29,27500,450,27950,28300,27250,20029
433,2019-08-30,27650,150,28100,28100,27300,10954
432,2019-09-02,27050,600,27350,27450,26550,21515
431,2019-09-03,28000,950,26850,28000,26850,18337
430,2019-09-04,27400,600,28050,28150,26750,32780
429,2019-09-05,27250,150,27800,27800,26850,13941
425,2019-09-06,27650,400,27500,27700,26850,11830
424,2019-09-09,27600,50,27700,27950,27150,11934
423,2019-09-10,27550,50,27450,27700,27150,11189
422,2019-09-11,26500,1050,27300,27550,26500,35729
421,2019-09-16,26250,250,26500,26850,25950,20891
418,2019-09-17,26800,550,26400,26800,25900,14498
417,2019-09-18,26750,50,26750,27150,26550,9610
416,2019-09-19,26450,300,26700,26800,26200,5068
415,2019-09-20,26700,250,26450,26950,26300,6076
414,2019-09-23,27600,900,26800,27750,26650,17808
410,2019-09-24,27050,550,27250,27800,26800,23363
409,2019-09-25,26900,150,27050,27400,26300,13339
408,2019-09-26,27450,550,27100,27850,26700,16361
407,2019-09-27,27600,150,27500,27800,27250,8619
406,2019-09-30,27600,0,27600,27750,27050,7565
403,2019-10-01,28150,550,27500,28700,26800,14821
402,2019-10-02,28000,150,27950,28150,27550,7013
401,2019-10-04,28000,0,27400,28200,27400,6173
400,2019-10-07,28000,0,28000,28150,27750,19036
399,2019-10-08,29000,1000,27750,29000,27550,75791
395,2019-10-10,28700,300,29000,29150,28500,16663
394,2019-10-11,28700,0,28500,28750,28300,16792
393,2019-10-14,28700,0,29500,29500,28450,47915
392,2019-10-15,28550,150,29000,29100,28400,9099
391,2019-10-16,29750,1200,28600,30100,28500,72865
388,2019-10-17,29300,450,29550,29900,29200,24761
387,2019-10-18,28700,600,29350,29400,28500,33286
386,2019-10-21,29300,600,28900,29300,28750,9671
385,2019-10-22,29350,50,29300,29700,28950,33851
384,2019-10-23,29050,300,29400,29400,28800,5354
380,2019-10-24,28900,150,29050,29050,28400,11971
379,2019-10-25,28800,100,28900,29300,28200,18906
378,2019-10-28,28900,100,28850,29250,28450,19843
377,2019-10-29,28900,0,29500,29500,28650,8667
376,2019-10-30,28600,300,28950,29200,28600,8773
373,2019-10-31,28400,200,28500,28850,28300,8095
372,2019-11-01,28400,0,28250,28950,28200,6922
371,2019-11-04,29000,600,28400,29150,28400,20820
370,2019-11-05,28850,150,29000,29000,28550,14287
369,2019-11-06,28950,100,28850,29150,28500,13931
365,2019-11-07,29250,300,29000,29250,28850,32685
364,2019-11-08,28800,450,29250,29250,28400,74244
363,2019-11-11,29700,900,28700,29700,28400,48850
362,2019-11-12,30150,450,29750,30800,29750,47638
361,2019-11-13,30000,150,30150,30400,29750,34934
358,2019-11-14,30800,800,30000,30850,29900,46247
357,2019-11-15,31200,400,31200,32000,30550,81097
356,2019-11-18,31350,150,32400,32400,31050,75164
355,2019-11-19,31400,50,31300,32000,31250,28592
354,2019-11-20,31350,50,32300,32300,31250,25386
350,2019-11-21,30000,1350,31400,31800,29650,61357
349,2019-11-22,31450,1450,30150,31450,30150,53047
348,2019-11-25,30950,500,31300,31550,30050,34589
347,2019-11-26,31250,300,30950,31400,30400,22316
346,2019-11-27,31300,50,31300,31300,30450,33193
343,2019-11-28,30600,700,31300,31300,30150,66955
342,2019-11-29,29850,750,30300,31250,29850,29637
341,2019-12-02,29600,250,29850,30050,29000,308316
340,2019-12-03,30100,500,29500,30100,29100,31520
339,2019-12-04,30350,250,30000,30700,29500,32522
335,2019-12-05,30000,350,30350,30700,29600,35714
334,2019-12-06,30550,550,30000,30950,29600,92944
333,2019-12-09,30500,50,30900,31050,30400,30106
332,2019-12-10,31500,1000,30550,31850,30250,51314
331,2019-12-11,31950,450,31500,32150,31250,55117
328,2019-12-12,30150,1800,31450,32100,30150,297380
327,2019-12-13,30250,100,30500,30700,29900,52783
326,2019-12-16,29850,400,30400,30400,29400,46428
325,2019-12-17,30200,350,30250,30250,29600,44290
324,2019-12-18,30300,100,30000,30350,29750,13277
320,2019-12-19,29950,350,30050,30450,29500,35231
319,2019-12-20,29800,150,29900,29950,29300,51073
318,2019-12-23,29300,500,29800,29900,28800,43216
317,2019-12-24,29800,500,29350,29800,28800,47540
316,2019-12-26,29400,400,29750,29750,29150,48138
313,2019-12-27,30050,650,29200,30350,29200,50073
312,2019-12-30,31000,950,30050,31300,29800,41828
311,2020-01-02,31000,0,30350,31200,29800,31944
310,2020-01-03,30200,800,31200,31850,30200,29610
309,2020-01-06,29250,950,30300,30350,29200,19388
305,2020-01-07,29600,350,29000,29750,29000,17755
304,2020-01-08,29300,300,29450,29800,29000,25253
303,2020-01-09,30350,1050,29550,30350,29350,15881
302,2020-01-10,30500,150,29600,30500,29600,38582
301,2020-01-13,30500,0,30500,30700,30000,14702
298,2020-01-14,30850,350,30500,30850,30150,33629
297,2020-01-15,30900,50,30300,31150,30300,19825
296,2020-01-16,31850,950,31600,32900,31200,61709
295,2020-01-17,31600,250,31750,31900,30950,25196
294,2020-01-20,29800,1800,30550,30550,28600,79422
290,2020-01-21,29000,800,29600,29600,28600,53906
289,2020-01-22,29300,300,28750,29350,28600,20109
288,2020-01-23,29250,50,29550,29600,27850,92907
287,2020-01-28,28550,700,28500,28800,28300,28746
286,2020-01-29,28950,400,28550,29250,28550,21589
283,2020-01-30,28750,200,28550,29150,28100,31306
282,2020-01-31,28800,50,29100,29300,28550,148137
281,2020-02-03,29000,200,29200,29450,28750,32810
280,2020-02-04,30000,1000,29100,30500,29100,32755
279,2020-02-05,29150,850,29900,30500,29100,28555
275,2020-02-06,28950,200,29650,29700,28850,66846
274,2020-02-07,28250,700,28950,29450,27950,53133
273,2020-02-10,28300,50,28050,28600,27950,22054
272,2020-02-11,28650,350,28200,28650,28150,25096
271,2020-02-12,28650,0,28650,28700,28200,22535
268,2020-02-13,28650,0,28500,28700,28250,35724
267,2020-02-14,28300,350,28650,28700,28050,36422
266,2020-02-17,28100,200,28100,28300,28000,13220
265,2020-02-18,28000,100,27950,28350,27800,15078
264,2020-02-19,27950,50,28150,28300,27450,29302
260,2020-02-20,27150,800,27950,28200,26900,40289
259,2020-02-21,27250,100,26750,27350,26600,26491
258,2020-02-24,26300,950,27250,27250,26100,47487
257,2020-02-25,27300,1000,26400,27300,26300,39194
256,2020-02-26,26950,350,27000,27100,25800,52051
253,2020-02-27,26600,350,26700,27000,25950,44145
252,2020-02-28,26150,450,26800,26800,25400,73172
251,2020-03-02,26400,250,26450,26950,25500,78692
250,2020-03-03,26500,100,26550,27100,26100,40910
249,2020-03-04,26700,200,26500,27300,26200,51533
245,2020-03-05,26450,250,26650,26950,26250,28625
244,2020-03-06,25800,650,26300,26800,25650,28838
243,2020-03-09,24950,850,25800,25800,24600,82429
242,2020-03-10,25050,100,24950,26050,24800,51254
241,2020-03-11,24500,550,25000,25250,24150,33029
238,2020-03-12,23600,900,25150,25150,23250,45296
237,2020-03-13,22050,1550,20500,23150,20500,106019
236,2020-03-16,21000,1050,21950,22300,20950,71404
235,2020-03-17,20900,100,20800,22150,20300,52347
234,2020-03-18,20800,100,20500,23650,20500,97706
230,2020-03-19,18750,2050,22450,22500,18350,96619
229,2020-03-20,22050,3300,21150,22200,19650,57410
228,2020-03-23,20300,1750,20500,21400,19800,53804
227,2020-03-24,23700,3400,20700,23700,20700,53639
226,2020-03-25,25000,1300,24200,25000,23300,79029
223,2020-03-26,24600,400,25000,25450,23850,45910
222,2020-03-27,24500,100,24700,25350,23650,48648
221,2020-03-30,23800,700,24400,24500,22850,21689
220,2020-03-31,23950,150,23650,24000,23200,43281
219,2020-04-01,22250,1700,23300,23850,22250,33683
215,2020-04-02,23200,950,22250,23500,22150,19078
214,2020-04-03,23850,650,23250,25000,23250,28884
213,2020-04-06,24900,1050,24500,25050,24100,45109
212,2020-04-07,24900,0,25050,25200,24050,39603
211,2020-04-08,24550,350,24600,24850,24200,24804
208,2020-04-09,24450,100,24600,25000,23900,31954
207,2020-04-10,24700,250,25000,25350,24250,51079
206,2020-04-13,24000,700,24300,25000,23500,72429
205,2020-04-14,24450,450,24450,24600,23600,63135
204,2020-04-16,25400,950,23850,25600,23800,65374
200,2020-04-17,27050,1650,25550,28000,25550,142327
199,2020-04-20,26500,550,27750,28000,26300,119389
198,2020-04-21,25850,650,26500,26700,24500,119596
197,2020-04-22,26400,550,25600,26600,25150,108917
196,2020-04-23,26100,300,27400,27450,26100,134076
193,2020-04-24,25200,900,26050,26050,24650,51851
192,2020-04-27,25400,200,25250,25700,25000,45245
191,2020-04-28,25350,50,25200,25400,24750,35808
190,2020-04-29,25400,50,25100,25500,25100,26414
189,2020-05-04,25050,350,24800,25650,24700,26631
185,2020-05-06,25750,700,25050,25750,25050,42521
184,2020-05-07,25650,100,25800,26750,25500,152116
183,2020-05-08,26250,600,26000,26600,25850,75786
182,2020-05-11,26550,300,27200,27350,26350,118722
181,2020-05-12,26400,150,26600,26600,25700,65429
178,2020-05-13,26350,50,25800,26350,25700,52268
177,2020-05-14,25900,450,26350,26650,25650,71671
176,2020-05-15,26400,500,26150,27150,25800,165046
175,2020-05-18,25950,450,26400,26400,25500,58687
174,2020-05-19,25800,150,26100,26300,25600,69826
170,2020-05-20,26000,200,25850,26150,25600,53656
169,2020-05-21,26500,500,25850,26650,25800,57398
168,2020-05-22,25950,550,26600,26600,25650,69516
167,2020-05-25,26100,150,25950,26200,25700,31373
166,2020-05-26,25900,200,26150,26200,25700,72380
163,2020-05-27,26050,150,25650,26350,23650,88323
162,2020-05-28,25450,600,25900,26000,25100,56294
161,2020-05-29,25700,250,25400,25750,25100,32427
160,2020-06-01,26100,400,26000,26450,25550,83386
159,2020-06-02,26100,0,26400,26400,25850,83422
155,2020-06-03,26150,50,26100,26250,25500,61703
154,2020-06-04,25550,600,26200,26250,25400,52719
153,2020-06-05,25550,0,25600,25700,25200,34917
152,2020-06-08,25550,0,25600,25600,25150,34807
151,2020-06-09,25600,50,25500,25650,25250,34990
148,2020-06-10,25550,50,25550,25700,25300,35912
147,2020-06-11,25050,500,25500,25900,24950,52368
146,2020-06-12,24950,100,23600,24950,23300,65532
145,2020-06-15,23650,1300,24400,25100,23650,41982
144,2020-06-16,24100,450,23650,24650,23500,59685
140,2020-06-17,23950,150,23900,24300,23650,30546
139,2020-06-18,24600,650,23700,24650,23700,29965
138,2020-06-19,24100,500,24500,24700,23950,24723
137,2020-06-22,23350,750,24000,24000,23150,50042
136,2020-06-23,23250,100,23100,23800,23050,29664
133,2020-06-24,23400,150,23300,23650,23000,35023
132,2020-06-25,23100,300,23250,23550,23000,25256
131,2020-06-26,23350,250,23050,23350,22900,25662
130,2020-06-29,22800,550,23400,23400,22700,35393
129,2020-06-30,23100,300,23050,23450,22850,27812
125,2020-07-01,23800,700,23100,24050,22950,31743
124,2020-07-02,24300,500,23800,24350,23450,22206
123,2020-07-03,24000,300,24000,25000,23650,19057
122,2020-07-06,23850,150,24000,24350,23700,15166
121,2020-07-07,24000,150,24000,24200,23800,31531
118,2020-07-08,24100,100,23900,24250,23800,13516
117,2020-07-09,24650,550,24150,24650,23950,26460
116,2020-07-10,24550,100,25250,25250,24300,29226
115,2020-07-13,24850,300,24800,24850,24300,24705
114,2020-07-14,25850,1000,24650,26550,24500,205813
110,2020-07-15,26400,550,25850,26400,25600,79551
109,2020-07-16,26200,200,26200,26400,25950,38273
108,2020-07-17,26600,400,26000,26650,25800,58061
107,2020-07-20,26950,350,26650,27150,26350,76911
106,2020-07-21,26200,750,27300,27300,25900,69985
103,2020-07-22,25800,400,26000,26050,25650,29935
102,2020-07-23,26050,250,25750,26200,25250,32248
101,2020-07-24,26500,450,25800,26650,25600,34183
100,2020-07-27,26050,450,26500,26700,25950,25659
99,2020-07-28,25800,250,26000,26500,25400,33871
95,2020-07-29,26300,500,25850,26700,25500,27134
94,2020-07-30,25600,700,26400,26600,25600,21039
93,2020-07-31,25100,500,25600,25800,25000,20655
92,2020-08-03,25100,0,24850,25550,24550,22546
91,2020-08-04,25600,500,24950,25950,24950,11885
88,2020-08-05,25250,350,25300,25500,24600,37965
87,2020-08-06,25700,450,25350,25900,24550,45041
86,2020-08-07,24550,1150,25300,25700,24550,48305
85,2020-08-10,24200,350,24550,24600,24050,22654
84,2020-08-11,24400,200,24550,24700,24000,29611
80,2020-08-12,24300,100,24350,24650,23850,32361
79,2020-08-13,24250,50,24300,24500,23800,26881
78,2020-08-14,24000,250,24100,24450,23700,36822
77,2020-08-18,23350,650,24000,24400,23350,54481
76,2020-08-19,23500,150,23400,24150,23250,20484
73,2020-08-20,22300,1200,23300,23400,21950,58955
72,2020-08-21,22350,50,22500,23200,22000,29090
71,2020-08-24,22350,0,22500,22600,21650,34113
70,2020-08-25,22600,250,22100,22850,22050,39464
69,2020-08-26,22700,100,22450,22800,22350,33736
65,2020-08-27,21900,800,22800,22800,21800,59961
64,2020-08-28,22000,100,21750,22250,21600,25547
63,2020-08-31,22350,350,21900,22600,21900,41496
62,2020-09-01,22200,150,22350,22600,22100,33128
61,2020-09-02,22000,200,22250,22600,21900,35360
58,2020-09-03,22250,250,22050,22450,21900,40557
57,2020-09-04,21900,350,22000,22550,21350,71183
56,2020-09-07,22400,500,21900,22750,21700,52822
55,2020-09-08,23000,600,22650,23500,22500,82380
54,2020-09-09,22900,100,23000,23250,22600,44106
50,2020-09-10,23200,300,23050,23600,22850,54040
49,2020-09-11,23000,200,23200,23500,22800,37603
48,2020-09-14,23050,50,22850,23300,22650,28722
47,2020-09-15,22800,250,22800,23100,22450,35003
46,2020-09-16,23000,200,22550,23200,22400,27477
43,2020-09-17,22900,100,23100,23150,22600,28796
42,2020-09-18,22900,0,22700,23000,22600,11653
41,2020-09-21,22400,500,22700,22800,22150,21521
40,2020-09-22,22350,50,22600,22800,22200,20450
39,2020-09-23,22400,50,22600,22650,22150,26390
35,2020-09-24,22400,0,22400,22450,21900,28554
34,2020-09-25,22600,200,22400,22650,22150,23689
33,2020-09-28,22950,350,22600,23100,22450,19622
32,2020-09-29,23400,450,22850,23450,22850,33495
31,2020-10-05,23200,200,23450,23500,23000,18605
28,2020-10-06,23650,450,23050,23900,22800,25974
27,2020-10-07,23550,100,23650,23850,23400,18990
26,2020-10-08,23600,50,23500,24000,23300,17433
25,2020-10-12,23700,100,23450,23850,23400,13441
24,2020-10-13,23800,100,23850,23900,23450,22848
20,2020-10-14,23700,100,23800,23950,23500,16931
19,2020-10-15,23650,50,23500,23800,23350,19510
18,2020-10-16,23600,50,23500,23650,23250,11490
17,2020-10-19,23600,0,23350,23750,23300,13192
16,2020-10-20,23600,0,23700,23900,23300,16731
13,2020-10-21,23750,150,23600,23950,23300,41651
12,2020-10-22,23750,0,23750,23750,23400,22596
11,2020-10-23,23550,200,23550,23700,23100,21265
10,2020-10-26,23500,50,23500,23750,23300,23216
9,2020-10-27,23450,50,23300,23650,23050,21774
5,2020-10-28,23600,150,23200,23650,23150,15777
4,2020-10-29,23500,100,23600,23600,22800,21016
3,2020-10-30,23350,150,23600,23600,23100,17131
2,2020-11-02,23400,50,23150,23600,23050,11764
1,2020-11-03,23400,0,23400,23650,23200,12721
