,date,close,diff,open,high,low,volume
448,2019-08-16,2450,20,2460,2550,2400,1077730
447,2019-08-19,2470,20,2465,2540,2455,814399
446,2019-08-20,2625,155,2510,2675,2480,2478201
445,2019-08-21,2725,100,2800,2800,2655,2830957
444,2019-08-22,2845,120,2725,2850,2700,1117199
440,2019-08-23,3100,255,2845,3200,2730,6956822
439,2019-08-26,2905,195,3150,3200,2840,4812723
438,2019-08-27,2650,255,2935,2980,2645,2394064
437,2019-08-28,2680,30,2660,2790,2640,1159203
436,2019-08-29,2620,60,2660,2700,2590,767100
433,2019-08-30,2630,10,2630,2670,2610,664106
432,2019-09-02,2695,65,2625,2790,2585,1465434
431,2019-09-03,2940,245,2730,3025,2720,7007242
430,2019-09-04,2845,95,2885,2920,2820,1867535
429,2019-09-05,2860,15,2870,2935,2835,2090725
425,2019-09-06,2855,5,2875,2960,2850,1334873
424,2019-09-09,2870,15,2870,2915,2780,2111626
423,2019-09-10,2820,50,3060,3070,2795,3225941
422,2019-09-11,2910,90,2790,2965,2775,1913784
421,2019-09-16,2930,20,2920,2940,2875,2002636
418,2019-09-17,2945,15,3085,3110,2940,3760405
417,2019-09-18,2925,20,2925,2985,2890,1311214
416,2019-09-19,2910,15,2930,2985,2910,1166289
415,2019-09-20,2885,25,2915,2935,2875,1023280
414,2019-09-23,2810,75,2860,2875,2805,675114
410,2019-09-24,2770,40,2805,2810,2705,1092070
409,2019-09-25,2645,125,2745,2770,2625,1005261
408,2019-09-26,2625,20,2670,2715,2610,523557
407,2019-09-27,2650,25,2600,2670,2590,446047
406,2019-09-30,2470,180,2640,2670,2470,833571
403,2019-10-01,2605,135,2445,2655,2445,1316493
402,2019-10-02,2580,25,2540,2615,2540,519368
401,2019-10-04,2720,140,2580,2750,2495,2005049
400,2019-10-07,2670,50,2705,2750,2665,917065
399,2019-10-08,2630,40,2670,2735,2620,1043930
395,2019-10-10,2520,110,2625,2630,2520,908923
394,2019-10-11,2490,30,2530,2575,2490,910651
393,2019-10-14,2670,180,2560,2925,2560,13713432
392,2019-10-15,2880,210,2750,3355,2660,48383142
391,2019-10-16,2915,35,2920,3015,2820,9519452
388,2019-10-17,2835,80,2890,2925,2830,2408278
387,2019-10-18,2835,0,2800,3075,2790,19385614
386,2019-10-21,2860,25,2840,3000,2840,6510897
385,2019-10-22,2765,95,2870,2900,2750,5071938
384,2019-10-23,2710,55,2820,2845,2685,2690146
380,2019-10-24,2650,60,2665,2730,2600,1411374
379,2019-10-25,2670,20,2645,2715,2585,1468581
378,2019-10-28,2590,80,2620,2685,2585,1120645
377,2019-10-29,2615,25,2600,2670,2585,1540744
376,2019-10-30,2580,35,2615,2625,2565,941317
373,2019-10-31,2645,65,2600,2750,2570,4130223
372,2019-11-01,2650,5,2640,2665,2615,1432238
371,2019-11-04,2955,305,2660,3050,2655,32885740
370,2019-11-05,2820,135,2965,3010,2795,8127291
369,2019-11-06,2805,15,2830,2860,2765,2468822
365,2019-11-07,2780,25,2795,2880,2760,3102638
364,2019-11-08,2810,30,2800,2845,2785,2024264
363,2019-11-11,2895,85,2860,3010,2825,10765767
362,2019-11-12,2905,10,2895,3030,2850,6059615
361,2019-11-13,2895,10,2900,2990,2865,4590651
358,2019-11-14,3180,285,2940,3585,2930,78865504
357,2019-11-15,3255,75,3210,3330,3120,14895158
356,2019-11-18,3130,125,3260,3300,3115,5265279
355,2019-11-19,3220,90,3075,3450,3025,22138696
354,2019-11-20,3160,60,3265,3340,3015,7436117
350,2019-11-21,2930,230,3110,3150,2930,3809342
349,2019-11-22,3010,80,2945,3045,2910,3775318
348,2019-11-25,3095,85,3030,3160,3020,3998164
347,2019-11-26,3090,5,3095,3125,3040,2028620
346,2019-11-27,3085,5,3150,3295,3080,10492197
343,2019-11-28,3140,55,3140,3225,3090,3364412
342,2019-11-29,2905,235,3140,3175,2900,2755260
341,2019-12-02,2975,70,2915,3025,2905,1681016
340,2019-12-03,2935,40,2935,3080,2900,1982890
339,2019-12-04,2840,95,2915,2950,2760,2205604
335,2019-12-05,2680,160,2865,2885,2645,2023307
334,2019-12-06,2760,80,2650,2765,2650,1283987
333,2019-12-09,2695,65,2760,2780,2690,1120514
332,2019-12-10,2615,80,2695,2695,2600,1286563
331,2019-12-11,2645,30,2600,2685,2600,1231092
328,2019-12-12,2730,85,2640,2775,2640,1184804
327,2019-12-13,2820,90,2775,2860,2760,1596856
326,2019-12-16,2865,45,2820,2950,2815,1363017
325,2019-12-17,2785,80,2870,2905,2770,1437529
324,2019-12-18,2745,40,2785,2890,2725,1991872
320,2019-12-19,2690,55,2740,2760,2675,1085389
319,2019-12-20,2745,55,2700,2765,2690,964255
318,2019-12-23,2710,35,2770,2825,2705,1393133
317,2019-12-24,2595,115,2675,2710,2570,2043010
316,2019-12-26,2610,15,2590,2640,2590,1065298
313,2019-12-27,2665,55,2620,2665,2605,911270
312,2019-12-30,2730,65,2685,2735,2665,835808
311,2020-01-02,2780,50,2735,2790,2725,1202703
310,2020-01-03,2790,10,2830,2885,2745,1683258
309,2020-01-06,2685,105,2820,2850,2685,1644323
305,2020-01-07,2730,45,2685,2735,2685,613260
304,2020-01-08,2525,205,2700,2725,2500,2197492
303,2020-01-09,2715,190,2600,2715,2600,1218639
302,2020-01-10,2750,35,2710,2755,2680,817313
301,2020-01-13,2790,40,2755,2790,2720,1005281
298,2020-01-14,2740,50,2805,2815,2730,1426260
297,2020-01-15,2775,35,2940,2945,2775,3808937
296,2020-01-16,2790,15,2785,2845,2785,1336974
295,2020-01-17,2795,5,2815,2820,2765,900215
294,2020-01-20,2720,75,2800,2805,2705,906307
290,2020-01-21,2655,65,2700,2750,2645,851532
289,2020-01-22,2710,55,2640,2715,2640,472279
288,2020-01-23,2700,10,2695,2755,2680,534244
287,2020-01-28,2590,110,2580,2635,2540,1250380
286,2020-01-29,2570,20,2605,2630,2570,791663
283,2020-01-30,2470,100,2570,2595,2450,1337026
282,2020-01-31,2375,95,2450,2595,2370,1340294
281,2020-02-03,2400,25,2325,2410,2235,1109906
280,2020-02-04,2470,70,2405,2490,2395,713238
279,2020-02-05,2475,5,2495,2540,2450,602430
275,2020-02-06,2530,55,2480,2545,2480,581970
274,2020-02-07,2515,15,2530,2545,2490,491304
273,2020-02-10,2555,40,2515,2585,2480,523098
272,2020-02-11,2590,35,2555,2590,2535,410549
271,2020-02-12,2560,30,2575,2595,2550,504487
268,2020-02-13,2545,15,2560,2610,2530,678397
267,2020-02-14,2525,20,2540,2565,2505,629514
266,2020-02-17,2510,15,2535,2555,2505,627263
265,2020-02-18,2450,60,2475,2525,2445,650973
264,2020-02-19,2400,50,2450,2480,2375,657936
260,2020-02-20,2325,75,2395,2420,2320,817326
259,2020-02-21,2265,60,2265,2350,2250,701708
258,2020-02-24,2055,210,2160,2200,2035,1772844
257,2020-02-25,2235,180,2015,2245,2010,2450898
256,2020-02-26,2200,35,2210,2245,2150,774370
253,2020-02-27,2070,130,2180,2215,2065,740696
252,2020-02-28,1950,120,2055,2080,1940,1203904
251,2020-03-02,2070,120,1930,2090,1930,846179
250,2020-03-03,2105,35,2085,2185,2085,544274
249,2020-03-04,2125,20,2080,2185,2080,778896
245,2020-03-05,2135,10,2170,2185,2115,502143
244,2020-03-06,2100,35,2100,2130,2065,442732
243,2020-03-09,1935,165,2045,2070,1910,1354925
242,2020-03-10,1935,0,1890,1955,1845,1134718
241,2020-03-11,1825,110,1940,1960,1815,877867
238,2020-03-12,1680,145,1790,1825,1630,1739795
237,2020-03-13,1400,280,1420,1545,1310,3156336
236,2020-03-16,1355,45,1450,1540,1350,2161392
235,2020-03-17,1355,0,1240,1400,1210,1683112
234,2020-03-18,1195,160,1350,1450,1195,1707700
230,2020-03-19,937,258,1215,1260,917,3846841
229,2020-03-20,1050,113,937,1065,937,2380442
228,2020-03-23,975,75,975,1030,952,1749203
227,2020-03-24,1050,75,1005,1050,997,1315582
226,2020-03-25,1130,80,1125,1155,1090,1756770
223,2020-03-26,1225,95,1145,1310,1105,2957523
222,2020-03-27,1235,10,1300,1315,1150,1940244
221,2020-03-30,1390,155,1195,1390,1170,2241848
220,2020-03-31,1550,160,1450,1680,1430,4782763
219,2020-04-01,1545,5,1545,1630,1500,2236379
215,2020-04-02,1560,15,1540,1570,1465,1751620
214,2020-04-03,1620,60,1610,1670,1535,3137375
213,2020-04-06,1730,110,1630,1910,1620,7883862
212,2020-04-07,1760,30,1790,1790,1680,2525804
211,2020-04-08,1685,75,1760,1760,1640,1699824
208,2020-04-09,1690,5,1715,1740,1670,1123941
207,2020-04-10,1625,65,1700,1705,1535,1425278
206,2020-04-13,1595,30,1630,1775,1555,5717394
205,2020-04-14,1600,5,1600,1640,1590,1126981
204,2020-04-16,1580,20,1640,1645,1540,847976
200,2020-04-17,1655,75,1605,1685,1590,1488423
199,2020-04-20,1700,45,1650,1725,1645,1194215
198,2020-04-21,1665,35,1690,1710,1550,1327264
197,2020-04-22,1690,25,1620,1700,1610,567664
196,2020-04-23,1680,10,1695,1735,1675,1172654
193,2020-04-24,1590,90,1645,1680,1590,982225
192,2020-04-27,1610,20,1600,1635,1595,754602
191,2020-04-28,1610,0,1635,1635,1560,771500
190,2020-04-29,1600,10,1625,1625,1590,559412
189,2020-05-04,1600,0,1580,1630,1575,660686
185,2020-05-06,1630,30,1620,1645,1605,568416
184,2020-05-07,1700,70,1635,1910,1625,18018607
183,2020-05-08,1710,10,1710,1730,1690,1813872
182,2020-05-11,1670,40,1740,1740,1655,1670431
181,2020-05-12,1650,20,1660,1685,1615,1079128
178,2020-05-13,1635,15,1620,1665,1610,945590
177,2020-05-14,1580,55,1630,1635,1580,1350444
176,2020-05-15,1540,40,1590,1610,1510,1354839
175,2020-05-18,1605,65,1540,1650,1500,3311908
174,2020-05-19,1630,25,1610,1655,1600,1707513
170,2020-05-20,1625,5,1645,1665,1615,1056858
169,2020-05-21,1635,10,1640,1645,1610,901566
168,2020-05-22,1590,45,1635,1645,1590,785122
167,2020-05-25,1655,65,1590,1695,1580,4105036
166,2020-05-26,1660,5,1660,1665,1625,1771097
163,2020-05-27,1705,45,1665,1715,1645,2259967
162,2020-05-28,1660,45,1725,1740,1615,2252932
161,2020-05-29,1685,25,1655,1685,1625,1063253
160,2020-06-01,1685,0,1705,1705,1675,1312649
159,2020-06-02,1705,20,1750,1755,1685,2104426
155,2020-06-03,1735,30,1705,1745,1700,1786672
154,2020-06-04,1700,35,1745,1745,1680,1376718
153,2020-06-05,1680,20,1690,1700,1640,1304244
152,2020-06-08,1660,20,1685,1695,1655,732850
151,2020-06-09,1665,5,1665,1690,1660,586215
148,2020-06-10,1645,20,1660,1675,1630,742365
147,2020-06-11,1610,35,1625,1645,1600,967935
146,2020-06-12,1535,75,1525,1560,1495,1621917
145,2020-06-15,1330,205,1535,1545,1325,1902013
144,2020-06-16,1410,80,1355,1420,1355,756166
140,2020-06-17,1355,55,1370,1425,1310,952484
139,2020-06-18,1360,5,1360,1380,1330,570881
138,2020-06-19,1410,50,1370,1420,1355,832435
137,2020-06-22,1405,5,1400,1415,1370,447718
136,2020-06-23,1360,45,1405,1410,1345,668821
133,2020-06-24,1400,40,1375,1400,1335,582578
132,2020-06-25,1360,40,1365,1400,1345,362578
131,2020-06-26,1345,15,1365,1375,1330,387735
130,2020-06-29,1365,20,1315,1420,1255,2124604
129,2020-06-30,1315,50,1355,1365,1310,580197
125,2020-07-01,1300,15,1335,1360,1295,480145
124,2020-07-02,1315,15,1295,1320,1285,318790
123,2020-07-03,1315,0,1310,1325,1295,314235
122,2020-07-06,1325,10,1340,1340,1310,347526
121,2020-07-07,1300,25,1325,1335,1295,488190
118,2020-07-08,1305,5,1300,1320,1290,423640
117,2020-07-09,1335,30,1310,1370,1305,986876
116,2020-07-10,1295,40,1355,1355,1275,622175
115,2020-07-13,1330,35,1300,1340,1295,378163
114,2020-07-14,1310,20,1320,1325,1295,276872
110,2020-07-15,1345,35,1320,1365,1310,726089
109,2020-07-16,1370,25,1340,1455,1340,2547608
108,2020-07-17,1400,30,1360,1410,1345,1617277
107,2020-07-20,1385,15,1400,1415,1375,517628
106,2020-07-21,1400,15,1390,1410,1375,608376
103,2020-07-22,1430,30,1390,1455,1370,1069957
102,2020-07-23,1380,50,1430,1440,1370,750242
101,2020-07-24,1355,25,1380,1390,1330,504436
100,2020-07-27,1350,5,1340,1370,1315,349412
99,2020-07-28,1355,5,1345,1380,1345,484119
95,2020-07-29,1360,5,1355,1360,1330,354207
94,2020-07-30,1370,10,1360,1400,1335,433782
93,2020-07-31,1335,35,1385,1385,1335,637881
92,2020-08-03,1450,115,1400,1660,1360,15155369
91,2020-08-04,1515,65,1460,1565,1430,4640345
88,2020-08-05,1585,70,1495,1660,1490,6553672
87,2020-08-06,1555,30,1585,1590,1535,1528928
86,2020-08-07,1480,75,1500,1540,1470,1649748
85,2020-08-10,1570,90,1460,1585,1460,2159271
84,2020-08-11,1685,115,1545,1690,1545,4311473
80,2020-08-12,1635,50,1660,1680,1600,1511875
79,2020-08-13,1665,30,1960,2100,1660,29163254
78,2020-08-14,1540,125,1680,1695,1510,6011436
77,2020-08-18,1385,155,1500,1505,1345,3085256
76,2020-08-19,1385,0,1380,1430,1355,1848903
73,2020-08-20,1315,70,1370,1400,1300,1892458
72,2020-08-21,1350,35,1320,1360,1290,1171653
71,2020-08-24,1345,5,1335,1375,1295,1128727
70,2020-08-25,1420,75,1355,1450,1345,2059991
69,2020-08-26,1395,25,1415,1425,1365,960388
65,2020-08-27,1350,45,1390,1410,1330,1547371
64,2020-08-28,1390,40,1360,1425,1355,1480557
63,2020-08-31,1445,55,1415,1475,1365,1923754
62,2020-09-01,1415,30,1440,1480,1415,1227099
61,2020-09-02,1440,25,1440,1455,1415,745050
58,2020-09-03,1430,10,1455,1455,1420,754440
57,2020-09-04,1400,30,1375,1410,1360,907644
56,2020-09-07,1420,20,1400,1450,1390,1126185
55,2020-09-08,1510,90,1420,1550,1420,3592856
54,2020-09-09,1525,15,1480,1525,1460,3037643
50,2020-09-10,1525,0,1615,1650,1525,5783429
49,2020-09-11,1550,25,1500,1555,1500,1467590
48,2020-09-14,1545,5,1540,1575,1540,1458027
47,2020-09-15,1555,10,1565,1565,1515,1195287
46,2020-09-16,1630,75,1555,1650,1550,3880604
43,2020-09-17,1570,60,1615,1625,1550,1245910
42,2020-09-18,1530,40,1550,1585,1525,834107
41,2020-09-21,1480,50,1515,1525,1460,1033112
40,2020-09-22,1410,70,1460,1470,1410,780486
39,2020-09-23,1430,20,1450,1470,1400,679308
35,2020-09-24,1375,55,1400,1430,1375,655943
34,2020-09-25,1400,25,1385,1440,1355,492601
33,2020-09-28,1540,140,1415,1555,1395,1478768
32,2020-09-29,1545,5,1535,1585,1510,1874729
31,2020-10-05,1565,20,1565,1565,1525,584245
28,2020-10-06,1570,5,1550,1585,1530,1042587
27,2020-10-07,1560,10,1550,1580,1545,827729
26,2020-10-08,1580,20,1570,1655,1555,4066736
25,2020-10-12,1600,20,1580,1610,1555,1279383
24,2020-10-13,1580,20,1625,1625,1560,1052745
20,2020-10-14,1560,20,1580,1600,1555,606569
19,2020-10-15,1535,25,1550,1590,1505,910598
18,2020-10-16,1490,45,1525,1545,1475,662028
17,2020-10-19,1515,25,1520,1555,1485,793576
16,2020-10-20,1495,20,1470,1515,1465,598977
13,2020-10-21,1485,10,1480,1510,1475,354579
12,2020-10-22,1525,40,1485,1600,1480,1767119
11,2020-10-23,1580,55,1530,1650,1530,3672650
10,2020-10-26,1520,60,1570,1585,1520,1224229
9,2020-10-27,1550,30,1515,1590,1490,1708639
5,2020-10-28,1735,185,1570,1770,1560,33547161
4,2020-10-29,1740,5,1690,1760,1675,6745255
3,2020-10-30,1655,85,1740,1785,1635,5691173
2,2020-11-02,1680,25,1650,1700,1610,3007614
1,2020-11-03,1835,155,1680,1890,1675,28096924
