,date,close,diff,open,high,low,volume
448,2019-08-16,4735,70,4625,4760,4585,15473
447,2019-08-19,4715,20,4670,4735,4510,7041
446,2019-08-20,4670,45,4720,4720,4650,11934
445,2019-08-21,4680,10,4670,4715,4595,12025
444,2019-08-22,4700,20,4680,4770,4680,15550
440,2019-08-23,4925,225,4800,5420,4720,295746
439,2019-08-26,4520,405,4865,4865,4520,55550
438,2019-08-27,4635,115,4575,4675,4560,19525
437,2019-08-28,4620,15,4750,4750,4595,9121
436,2019-08-29,4600,20,4620,4665,4565,12879
433,2019-08-30,4725,125,4665,4725,4625,6418
432,2019-09-02,4865,140,4725,4885,4670,10187
431,2019-09-03,4810,55,4860,4860,4575,25725
430,2019-09-04,5060,250,4805,5070,4770,58242
429,2019-09-05,5440,380,5050,5520,5000,63543
425,2019-09-06,5700,260,5350,5700,5350,37169
424,2019-09-09,5500,200,5820,5820,5410,21774
423,2019-09-10,5420,80,5470,5510,5350,6942
422,2019-09-11,5460,40,5410,5570,5380,6485
421,2019-09-16,6010,550,5460,6010,5460,80139
418,2019-09-17,6000,10,6000,6090,5720,67855
417,2019-09-18,6720,720,6010,6720,5940,596374
416,2019-09-19,6420,300,6700,6700,6370,138814
415,2019-09-20,7100,680,6400,7100,6390,412402
414,2019-09-23,7040,60,7090,7090,6830,164973
410,2019-09-24,6760,280,7040,7040,6720,125639
409,2019-09-25,6130,630,6700,6700,5760,325950
408,2019-09-26,6130,0,0,0,0,0
407,2019-09-27,6130,0,0,0,0,0
406,2019-09-30,6130,0,0,0,0,0
403,2019-10-01,6130,0,0,0,0,0
402,2019-10-02,6130,0,0,0,0,0
401,2019-10-04,6130,0,0,0,0,0
400,2019-10-07,6130,0,0,0,0,0
399,2019-10-08,6130,0,0,0,0,0
395,2019-10-10,6130,0,0,0,0,0
394,2019-10-11,6130,0,0,0,0,0
393,2019-10-14,6130,0,0,0,0,0
392,2019-10-15,6130,0,0,0,0,0
391,2019-10-16,6130,0,0,0,0,0
388,2019-10-17,6130,0,0,0,0,0
387,2019-10-18,6130,0,0,0,0,0
386,2019-10-21,5470,660,5940,5940,5310,422590
385,2019-10-22,5230,240,5200,5600,5200,121698
384,2019-10-23,5480,250,5310,5930,5200,181863
380,2019-10-24,5430,50,5430,5640,5420,42958
379,2019-10-25,5450,20,5430,5520,5290,22720
378,2019-10-28,5390,60,5450,5450,5290,33975
377,2019-10-29,5350,40,5300,5380,5250,19164
376,2019-10-30,5360,10,5350,5440,5240,9896
373,2019-10-31,5250,110,5390,5440,5250,22587
372,2019-11-01,5200,50,5240,5260,5160,28815
371,2019-11-04,5200,0,5260,5280,5200,10313
370,2019-11-05,5250,50,5300,5300,5170,25555
369,2019-11-06,5260,10,5250,5290,5210,6231
365,2019-11-07,5380,120,5250,5380,5220,23163
364,2019-11-08,5350,30,5360,5360,5250,17898
363,2019-11-11,5350,0,5340,5360,5260,27618
362,2019-11-12,5380,30,5340,5400,5290,27878
361,2019-11-13,5510,130,5330,5510,5330,56190
358,2019-11-14,5710,200,5530,5790,5460,45085
357,2019-11-15,5560,150,5710,5740,5500,56865
356,2019-11-18,5520,40,5540,5600,5420,13307
355,2019-11-19,5450,70,5500,5550,5390,13739
354,2019-11-20,5400,50,5390,5490,5350,53140
350,2019-11-21,5460,60,5410,5530,5310,49606
349,2019-11-22,5530,70,5440,5590,5380,28721
348,2019-11-25,5480,50,5440,5610,5410,16616
347,2019-11-26,5650,170,5480,5780,5480,66619
346,2019-11-27,5740,90,5730,5830,5600,46943
343,2019-11-28,5730,10,5740,5790,5630,41937
342,2019-11-29,5990,260,5670,6040,5670,67098
341,2019-12-02,5890,100,5850,5970,5810,26680
340,2019-12-03,5840,50,5910,5910,5740,12941
339,2019-12-04,5890,50,5800,5960,5800,17740
335,2019-12-05,5880,10,5970,5970,5800,20455
334,2019-12-06,5860,20,6050,6050,5840,9280
333,2019-12-09,5910,50,5980,5990,5880,17004
332,2019-12-10,5940,30,5910,6040,5910,8691
331,2019-12-11,5980,40,5860,6020,5860,14056
328,2019-12-12,5920,60,5910,6000,5810,27030
327,2019-12-13,6120,200,5920,6130,5900,23879
326,2019-12-16,6080,40,6120,6120,6030,7489
325,2019-12-17,6070,10,6070,6070,5960,12351
324,2019-12-18,6070,0,6060,6080,5970,19008
320,2019-12-19,6010,60,6020,6100,5880,46413
319,2019-12-20,5940,70,5940,6050,5890,11403
318,2019-12-23,5930,10,5940,5950,5800,15428
317,2019-12-24,5830,100,5960,5960,5820,7681
316,2019-12-26,5910,80,5900,5950,5840,15881
313,2019-12-27,5940,30,5910,6000,5810,13285
312,2019-12-30,5940,0,5940,5990,5890,9135
311,2020-01-02,5940,0,5940,6000,5880,4471
310,2020-01-03,5950,10,5940,5980,5910,3813
309,2020-01-06,5920,30,5940,5940,5830,9278
305,2020-01-07,5970,50,5920,6000,5920,6412
304,2020-01-08,5960,10,6000,6000,5850,23100
303,2020-01-09,6030,70,5960,6080,5860,16452
302,2020-01-10,6050,20,6030,6060,5990,7856
301,2020-01-13,6200,150,6050,6200,6020,15269
298,2020-01-14,6330,130,6230,6340,6210,20751
297,2020-01-15,6220,110,6370,6370,6190,14374
296,2020-01-16,6250,30,6230,6380,6150,6841
295,2020-01-17,5980,270,6240,6240,5960,51379
294,2020-01-20,5840,140,5910,6030,5840,27961
290,2020-01-21,5530,310,5820,5820,5300,71673
289,2020-01-22,5350,180,5500,5500,5290,37626
288,2020-01-23,5910,560,5350,6220,5230,214042
287,2020-01-28,5620,290,5900,5900,5600,54509
286,2020-01-29,5840,220,5620,5850,5620,30276
283,2020-01-30,5850,10,5820,6020,5780,39266
282,2020-01-31,5910,60,5860,6130,5810,113113
281,2020-02-03,5820,90,5770,5890,5660,50113
280,2020-02-04,5970,150,5760,5980,5760,20728
279,2020-02-05,5930,40,5920,5970,5880,9879
275,2020-02-06,6090,160,5930,6200,5930,52463
274,2020-02-07,6130,40,6090,6150,5990,23027
273,2020-02-10,6140,10,6120,6170,6040,10662
272,2020-02-11,5960,180,6140,6140,5930,52240
271,2020-02-12,6110,150,5940,6120,5940,20245
268,2020-02-13,6200,90,6130,6270,6110,58752
267,2020-02-14,6530,330,6150,6530,6150,128581
266,2020-02-17,6620,90,6520,6720,6400,59446
265,2020-02-18,6600,20,6580,6710,6570,22790
264,2020-02-19,6780,180,6580,6780,6500,29566
260,2020-02-20,6700,80,6780,6790,6670,15741
259,2020-02-21,6450,250,6690,6690,6300,36642
258,2020-02-24,6030,420,6430,6430,5870,50228
257,2020-02-25,6190,160,6030,6200,6000,38619
256,2020-02-26,6100,90,6180,6190,5950,52749
253,2020-02-27,6150,50,6110,6260,6060,23992
252,2020-02-28,5970,180,6140,6200,5870,46517
251,2020-03-02,6050,80,5870,6110,5850,18230
250,2020-03-03,6050,0,6190,6190,6020,29647
249,2020-03-04,6130,80,6050,6150,6010,17918
245,2020-03-05,6150,20,6130,6290,6130,26511
244,2020-03-06,6040,110,6200,6320,6040,9337
243,2020-03-09,5820,220,6040,6040,5740,30465
242,2020-03-10,5840,20,5760,5870,5690,52594
241,2020-03-11,5620,220,5800,5960,5620,38678
238,2020-03-12,5420,200,5620,5680,5170,99663
237,2020-03-13,4935,485,5020,5210,4785,189983
236,2020-03-16,4935,0,4935,5160,4880,103001
235,2020-03-17,5000,65,4750,5160,4700,115404
234,2020-03-18,5000,0,5000,5170,4920,47820
230,2020-03-19,4630,370,4860,5040,4500,82606
229,2020-03-20,4815,185,4630,4815,4600,36390
228,2020-03-23,4400,415,4600,4600,4290,64290
227,2020-03-24,4400,0,4270,4450,4270,47583
226,2020-03-25,4440,40,4415,4590,4380,39671
223,2020-03-26,4565,125,4500,4690,4415,39301
222,2020-03-27,4550,15,4560,4990,4410,17004
221,2020-03-30,4520,30,4550,4660,4410,13762
220,2020-03-31,4685,165,4525,4755,4525,19090
219,2020-04-01,4840,155,4710,4875,4625,17582
215,2020-04-02,4840,0,4850,4850,4750,5846
214,2020-04-03,4730,110,4840,4845,4725,7702
213,2020-04-06,5000,270,4800,5100,4800,38166
212,2020-04-07,5100,100,5210,5250,4845,37115
211,2020-04-08,5010,90,5060,5110,4950,18047
208,2020-04-09,5270,260,5010,5400,5000,67766
207,2020-04-10,5380,110,5270,5410,5160,22281
206,2020-04-13,5630,250,5360,6490,5280,253727
205,2020-04-14,5900,270,5570,5940,5480,42806
204,2020-04-16,6000,100,5860,6090,5860,32653
200,2020-04-17,6040,40,5990,6170,5980,45766
199,2020-04-20,6210,170,6120,6300,6020,41473
198,2020-04-21,6050,160,6210,6300,5950,43107
197,2020-04-22,6050,0,5880,6130,5790,16866
196,2020-04-23,6050,0,6040,6090,6010,5124
193,2020-04-24,6090,40,6110,6180,6010,19046
192,2020-04-27,6140,50,6090,6250,5830,32475
191,2020-04-28,6050,90,6130,6130,6000,7548
190,2020-04-29,6050,0,6050,6070,6000,5665
189,2020-05-04,6040,10,6040,6060,5950,12498
185,2020-05-06,6040,0,6040,6090,6010,3270
184,2020-05-07,6000,40,6040,6060,5890,15810
183,2020-05-08,5960,40,5990,6010,5830,5448
182,2020-05-11,5810,150,6000,6100,5810,8452
181,2020-05-12,5620,190,5810,5820,5570,14558
178,2020-05-13,5610,10,5730,5730,5550,10082
177,2020-05-14,5450,160,5730,5730,5440,14455
176,2020-05-15,5520,70,5440,5600,5350,15733
175,2020-05-18,5480,40,5520,5570,5460,9689
174,2020-05-19,6200,720,5800,6800,5730,1295133
170,2020-05-20,6130,70,6210,6300,6060,90516
169,2020-05-21,6420,290,6130,6630,6100,172397
168,2020-05-22,6290,130,6390,6480,6140,47835
167,2020-05-25,6220,70,6310,6310,6120,19325
166,2020-05-26,6200,20,6200,6260,6090,41943
163,2020-05-27,6170,30,6170,6240,6070,20570
162,2020-05-28,6000,170,6180,6180,5860,34484
161,2020-05-29,5970,30,6010,6010,5850,16889
160,2020-06-01,5970,0,6000,6020,5900,11163
159,2020-06-02,5910,60,6080,6340,5890,78715
155,2020-06-03,5860,50,5910,5970,5800,36175
154,2020-06-04,5790,70,5900,5900,5710,35807
153,2020-06-05,6020,230,5810,6850,5770,259475
152,2020-06-08,5970,50,6050,6050,5810,40692
151,2020-06-09,5970,0,5950,6040,5850,53164
148,2020-06-10,6120,150,5970,6160,5970,54243
147,2020-06-11,6200,80,6120,6400,6100,82202
146,2020-06-12,6110,90,6010,6110,5770,44338
145,2020-06-15,5850,260,6110,6190,5810,53004
144,2020-06-16,6270,420,5910,6750,5910,361583
140,2020-06-17,6520,250,6390,6990,6260,432344
139,2020-06-18,6320,200,6450,6510,6300,48965
138,2020-06-19,6220,100,6310,6460,6150,33235
137,2020-06-22,6230,10,6170,6240,6140,16265
136,2020-06-23,6090,140,6200,6310,6050,23300
133,2020-06-24,6160,70,6070,6330,6050,54631
132,2020-06-25,6150,10,6160,6200,6070,22194
131,2020-06-26,6340,190,6120,6390,6110,40875
130,2020-06-29,6430,90,6370,6490,6210,47546
129,2020-06-30,6250,180,6480,6510,6230,36676
125,2020-07-01,6210,40,6260,6290,6200,12808
124,2020-07-02,6290,80,6200,6310,6180,21440
123,2020-07-03,6260,30,6220,6370,6220,8560
122,2020-07-06,6360,100,6230,6390,6230,10875
121,2020-07-07,6590,230,6300,6900,6280,276395
118,2020-07-08,7190,600,6600,7190,6520,222172
117,2020-07-09,7150,40,7160,7190,6900,76848
116,2020-07-10,7140,10,7150,7380,7010,74948
115,2020-07-13,7450,310,7180,7490,7100,67725
114,2020-07-14,7790,340,7500,7840,7440,93006
110,2020-07-15,7980,190,7730,8000,7730,82593
109,2020-07-16,7920,60,7940,8440,7700,43139
108,2020-07-17,8000,80,7850,8090,7840,29054
107,2020-07-20,8180,180,7950,8280,7900,89181
106,2020-07-21,7980,200,8190,8310,7960,77010
103,2020-07-22,7520,460,7980,8000,7500,50709
102,2020-07-23,7290,230,7550,7580,7190,49157
101,2020-07-24,7200,90,7290,8000,7100,95179
100,2020-07-27,7400,200,7200,7420,7200,5151
99,2020-07-28,7430,30,7380,7460,7250,13047
95,2020-07-29,7390,40,7430,7460,7280,24974
94,2020-07-30,7490,100,7380,7540,7380,12849
93,2020-07-31,7370,120,7480,7540,7210,9843
92,2020-08-03,7350,20,7330,7480,7250,15529
91,2020-08-04,7360,10,7300,7360,7100,26702
88,2020-08-05,7360,0,7360,7410,7230,23869
87,2020-08-06,7370,10,7450,8190,7370,355927
86,2020-08-07,7600,230,7430,7700,7380,46911
85,2020-08-10,7580,20,7600,7620,7460,29667
84,2020-08-11,7910,330,7570,7910,7540,52716
80,2020-08-12,8000,90,7910,8340,7850,119869
79,2020-08-13,7950,50,8000,8000,7780,26275
78,2020-08-14,7840,110,7950,7990,7750,24498
77,2020-08-18,7400,440,7800,7810,7320,36092
76,2020-08-19,7790,390,7380,7850,7380,17560
73,2020-08-20,7510,280,7840,7920,7400,45274
72,2020-08-21,7590,80,7600,7800,7500,13171
71,2020-08-24,7560,30,7580,7580,7370,17734
70,2020-08-25,7550,10,7450,7690,7450,10011
69,2020-08-26,7380,170,7550,7550,7160,37486
65,2020-08-27,7600,220,7430,7690,7430,35583
64,2020-08-28,7640,40,7590,7780,7540,27907
63,2020-08-31,7870,230,7790,8030,7570,29912
62,2020-09-01,7960,90,7890,8070,7850,30703
61,2020-09-02,8150,190,7980,8290,7770,41423
58,2020-09-03,8060,90,8190,8250,8000,20393
57,2020-09-04,8100,40,7860,8100,7820,7178
56,2020-09-07,8020,80,8130,8200,7870,23192
55,2020-09-08,8100,80,8020,8150,7900,11623
54,2020-09-09,7980,120,8100,8100,7870,18004
50,2020-09-10,7940,40,7980,7990,7650,21875
49,2020-09-11,7940,0,7940,7940,7700,17163
48,2020-09-14,7910,30,7940,7940,7800,9605
47,2020-09-15,7930,20,7990,7990,7850,4846
46,2020-09-16,7910,20,7990,7990,7850,10716
43,2020-09-17,7720,190,7910,7910,7710,12707
42,2020-09-18,7840,120,7720,7880,7720,13412
41,2020-09-21,7600,240,7910,7950,7550,40105
40,2020-09-22,7600,0,7530,7650,7450,37817
39,2020-09-23,7740,140,7600,7740,7550,25034
35,2020-09-24,7640,100,7790,7850,7500,32257
34,2020-09-25,7160,480,7720,7750,7160,59537
33,2020-09-28,7380,220,7160,7390,7160,10753
32,2020-09-29,7550,170,7400,7570,7350,15358
31,2020-10-05,7350,200,7560,7770,7350,28402
28,2020-10-06,7360,10,7350,7370,7200,14511
27,2020-10-07,7260,100,7350,7350,7200,6782
26,2020-10-08,7170,90,7190,7260,7110,17811
25,2020-10-12,7070,100,7170,7170,6890,31353
24,2020-10-13,7170,100,7070,7180,7050,28095
20,2020-10-14,7160,10,7180,7190,7000,8393
19,2020-10-15,7150,10,7160,7170,6950,9196
18,2020-10-16,6970,180,7130,7200,6840,26731
17,2020-10-19,6850,120,6970,7240,6800,23203
16,2020-10-20,6820,30,6860,6860,6650,23209
13,2020-10-21,6860,40,6820,6860,6750,2165
12,2020-10-22,6600,260,6870,6870,6390,37067
11,2020-10-23,6530,70,6600,6700,6400,41182
10,2020-10-26,6090,440,6530,6530,6090,28271
9,2020-10-27,6160,70,6200,6200,5970,43627
5,2020-10-28,5930,230,6160,6160,5900,52236
4,2020-10-29,6230,300,6020,6230,5990,15258
3,2020-10-30,6640,410,6230,6740,6220,44930
2,2020-11-02,6730,90,6570,7110,6560,47814
1,2020-11-03,6800,70,6810,7140,6670,30513
