,date,close,diff,open,high,low,volume
448,2019-08-16,15200,200,14850,15200,14750,749949
447,2019-08-19,15200,0,15200,15350,15050,506911
446,2019-08-20,15250,50,15200,15350,15050,727971
445,2019-08-21,15200,50,15150,15300,15100,454382
444,2019-08-22,15350,150,15300,15450,15250,595872
440,2019-08-23,15150,200,15200,15250,15100,473497
439,2019-08-26,15100,50,14850,15200,14800,446936
438,2019-08-27,15150,50,15250,15300,15050,646208
437,2019-08-28,15250,100,15200,15300,15050,461949
436,2019-08-29,15100,150,15200,15400,15100,384510
433,2019-08-30,15500,400,15250,15500,15200,594342
432,2019-09-02,15550,50,15400,15600,15350,340893
431,2019-09-03,15300,250,15550,15600,15300,437146
430,2019-09-04,15450,150,15300,15450,15250,458616
429,2019-09-05,15550,100,15450,15600,15400,562337
425,2019-09-06,15650,100,15600,16050,15550,624224
424,2019-09-09,15650,0,15650,15850,15600,428526
423,2019-09-10,16150,500,15850,16250,15750,1126439
422,2019-09-11,16450,300,16250,16450,16200,939802
421,2019-09-16,17450,1000,16850,17450,16800,2261619
418,2019-09-17,17450,0,17650,17700,17250,1240178
417,2019-09-18,17050,400,17300,17450,17000,1176631
416,2019-09-19,16650,400,16950,17150,16650,898271
415,2019-09-20,16850,200,16750,16850,16650,470988
414,2019-09-23,16950,100,16850,17000,16700,420176
410,2019-09-24,16900,50,16850,17000,16750,444787
409,2019-09-25,16600,300,16700,16900,16500,715438
408,2019-09-26,16850,250,16650,16950,16600,441957
407,2019-09-27,16650,200,16850,16900,16550,291247
406,2019-09-30,16800,150,16600,16850,16450,418898
403,2019-10-01,17100,300,16750,17350,16700,941689
402,2019-10-02,16850,250,17000,17100,16750,546656
401,2019-10-04,16500,350,16750,16800,16500,379344
400,2019-10-07,16550,50,16500,16700,16400,401635
399,2019-10-08,16550,0,16550,16850,16450,412865
395,2019-10-10,16550,0,16400,16750,16350,640608
394,2019-10-11,17050,500,16750,17200,16750,897369
393,2019-10-14,17100,50,17200,17400,17050,502736
392,2019-10-15,16950,150,17000,17150,16950,376605
391,2019-10-16,17250,300,17050,17300,16950,539890
388,2019-10-17,16900,350,17250,17300,16800,478332
387,2019-10-18,16800,100,16800,17050,16750,358561
386,2019-10-21,16900,100,16700,16950,16700,262965
385,2019-10-22,16850,50,16800,17000,16800,379636
384,2019-10-23,16750,100,16800,16950,16650,351255
380,2019-10-24,16850,100,16750,16900,16650,344627
379,2019-10-25,16800,50,16850,16900,16650,490037
378,2019-10-28,16750,50,17050,17050,16750,423727
377,2019-10-29,16800,50,16800,16950,16750,410795
376,2019-10-30,17750,950,17250,17750,17200,2966313
373,2019-10-31,17800,50,17900,18150,17750,1651498
372,2019-11-01,17900,100,17800,18000,17700,731889
371,2019-11-04,18750,850,18200,18750,18150,1977773
370,2019-11-05,19000,250,18800,19000,18450,1530669
369,2019-11-06,18950,50,19050,19100,18750,960647
365,2019-11-07,18950,0,18800,19100,18600,950487
364,2019-11-08,19000,50,19100,19150,18800,687600
363,2019-11-11,19000,0,19150,19350,18800,876606
362,2019-11-12,18700,300,19000,19050,18450,943521
361,2019-11-13,18800,100,18650,18950,18550,632595
358,2019-11-14,18850,50,18850,18950,18700,518585
357,2019-11-15,18950,100,18750,19050,18700,476319
356,2019-11-18,18850,100,19050,19100,18750,429840
355,2019-11-19,18750,100,18750,18800,18550,437651
354,2019-11-20,18800,50,18900,19100,18800,739215
350,2019-11-21,19050,250,18800,19050,18550,770086
349,2019-11-22,18850,200,19050,19150,18750,420703
348,2019-11-25,19350,500,18850,19350,18850,910075
347,2019-11-26,19200,150,19550,19750,19200,1145027
346,2019-11-27,19200,0,19200,19300,19100,398265
343,2019-11-28,18850,350,19200,19200,18600,648308
342,2019-11-29,18800,50,18900,19050,18650,419216
341,2019-12-02,18750,50,18600,18900,18600,524769
340,2019-12-03,18900,150,18400,18950,18250,731025
339,2019-12-04,18700,200,18700,18800,18450,567697
335,2019-12-05,18900,200,18700,19000,18650,469503
334,2019-12-06,19000,100,18900,19100,18900,435710
333,2019-12-09,19000,0,18950,19050,18700,335713
332,2019-12-10,18950,50,19050,19100,18850,334901
331,2019-12-11,19100,150,18900,19150,18850,511170
328,2019-12-12,19500,400,19150,19550,19150,1373598
327,2019-12-13,19900,400,19650,19950,19600,1600448
326,2019-12-16,19500,400,19900,19900,19350,903147
325,2019-12-17,19000,500,19450,19600,18850,1276603
324,2019-12-18,19200,200,19150,19400,19100,622439
320,2019-12-19,19300,100,19300,19400,19150,459583
319,2019-12-20,19500,200,19450,19500,19150,576557
318,2019-12-23,19300,200,19600,19600,19200,513057
317,2019-12-24,19100,200,19300,19400,18850,545071
316,2019-12-26,18950,150,19150,19200,18850,607141
313,2019-12-27,19250,300,19050,19300,19000,525151
312,2019-12-30,19200,50,19300,19350,19200,370235
311,2020-01-02,19300,100,19300,19350,18950,501745
310,2020-01-03,19250,50,19350,19450,19150,489337
309,2020-01-06,18800,450,19000,19000,18700,738233
305,2020-01-07,19200,400,18950,19250,18800,659443
304,2020-01-08,18850,350,19300,19300,18450,1398833
303,2020-01-09,19350,500,19200,19550,19100,1067732
302,2020-01-10,19300,50,19450,19450,19100,545247
301,2020-01-13,19100,200,19200,19250,19000,484650
298,2020-01-14,19000,100,19200,19200,18800,779836
297,2020-01-15,19000,0,18950,19150,18900,443058
296,2020-01-16,18800,200,19000,19050,18750,695897
295,2020-01-17,19050,250,18800,19050,18800,396507
294,2020-01-20,18850,200,19050,19050,18850,408333
290,2020-01-21,18800,50,18900,19000,18800,259715
289,2020-01-22,18700,100,18900,18900,18650,520621
288,2020-01-23,18300,400,18600,18700,18250,825522
287,2020-01-28,17800,500,17900,18000,17600,1102718
286,2020-01-29,17950,150,18400,18450,17850,814236
283,2020-01-30,17350,600,17900,18000,17300,1105266
282,2020-01-31,17250,100,17500,17550,17200,887463
281,2020-02-03,16550,700,16400,16850,16150,1801090
280,2020-02-04,16650,100,16550,16850,16400,1359326
279,2020-02-05,16350,300,16850,16850,16200,1531514
275,2020-02-06,17150,800,16500,17300,16450,1755947
274,2020-02-07,16900,250,17200,17200,16850,768937
273,2020-02-10,16700,200,16800,16800,16550,564105
272,2020-02-11,16800,100,16800,16900,16700,563963
271,2020-02-12,16600,200,16750,16800,16350,1432490
268,2020-02-13,16450,150,16650,16800,16400,1093725
267,2020-02-14,16250,200,16400,16450,16250,1080174
266,2020-02-17,16300,50,16200,16500,16100,743983
265,2020-02-18,15900,400,16100,16200,15900,1098850
264,2020-02-19,15800,100,16050,16100,15800,826724
260,2020-02-20,15800,0,15950,16150,15800,854821
259,2020-02-21,15350,450,15650,15800,15200,1051095
258,2020-02-24,14550,800,15000,15000,14500,1630190
257,2020-02-25,14650,100,14450,14950,14400,1272761
256,2020-02-26,14850,200,14500,15100,14300,1459368
253,2020-02-27,14500,350,14850,15000,14400,1039616
252,2020-02-28,14100,400,14200,14400,14000,1281573
251,2020-03-02,14050,50,14050,14400,13850,1166161
250,2020-03-03,14200,150,14500,14550,14150,962538
249,2020-03-04,14300,100,14150,14400,14150,721174
245,2020-03-05,14300,0,14550,14800,14200,1770448
244,2020-03-06,13950,350,14100,14200,13900,1362492
243,2020-03-09,12750,1200,13450,13500,12700,2783576
242,2020-03-10,12900,150,12500,13200,12450,1908277
241,2020-03-11,12550,350,12900,13150,12450,1374721
238,2020-03-12,11900,650,12500,12550,11600,2013921
237,2020-03-13,11100,800,10850,11400,10350,3387922
236,2020-03-16,10650,450,11300,11700,10650,1731143
235,2020-03-17,9860,790,9800,10500,9750,4370610
234,2020-03-18,8060,1800,9970,9980,8060,7548719
230,2020-03-19,7070,990,8170,8310,7020,6956184
229,2020-03-20,7630,560,7240,7690,7070,3918606
228,2020-03-23,7070,560,6910,7340,6910,2523898
227,2020-03-24,7790,720,7350,7840,7150,2771615
226,2020-03-25,9410,1620,8380,9640,8250,6919451
223,2020-03-26,10100,690,9780,10900,9500,7857943
222,2020-03-27,10200,100,10950,11000,9730,4224449
221,2020-03-30,9950,250,9580,10200,9580,2771331
220,2020-03-31,10150,200,10350,10550,10050,3382528
219,2020-04-01,9870,280,10000,10300,9750,2194319
215,2020-04-02,10350,480,9830,10400,9460,3355276
214,2020-04-03,10400,50,10800,10850,10200,3177743
213,2020-04-06,10700,300,10550,10750,10350,2269531
212,2020-04-07,11000,300,11050,11150,10750,2601951
211,2020-04-08,11150,150,11000,11350,10800,2165090
208,2020-04-09,11550,400,11350,11700,11350,2149013
207,2020-04-10,11650,100,11500,11800,11400,2211107
206,2020-04-13,11400,250,11900,11900,11400,1720144
205,2020-04-14,11400,0,11400,11550,11200,2422091
204,2020-04-16,11000,400,11200,11300,10700,2727513
200,2020-04-17,11450,450,11300,11650,11200,2764096
199,2020-04-20,11250,200,11550,11600,11250,1843859
198,2020-04-21,11000,250,11000,11200,10700,2177978
197,2020-04-22,10950,50,10750,10950,10450,2009153
196,2020-04-23,11250,300,11150,11400,11050,2236073
193,2020-04-24,10900,350,11150,11200,10900,1154865
192,2020-04-27,11100,200,10950,11200,10950,1286656
191,2020-04-28,11050,50,11150,11200,10900,1567765
190,2020-04-29,11500,450,11250,11650,11150,3139442
189,2020-05-04,11100,400,11200,11300,11000,2086301
185,2020-05-06,11900,800,11350,11950,11300,3456511
184,2020-05-07,11600,300,11900,11900,11500,2032850
183,2020-05-08,11650,50,11700,11950,11600,1590894
182,2020-05-11,11350,300,11550,11600,11300,1668406
181,2020-05-12,11100,250,11350,11400,11000,1799691
178,2020-05-13,11000,100,10850,11000,10800,1244780
177,2020-05-14,10800,200,10900,11000,10750,1297999
176,2020-05-15,10850,50,10950,11050,10800,1017661
175,2020-05-18,11100,250,11000,11250,10900,1535720
174,2020-05-19,11650,550,11450,11800,11350,3301584
170,2020-05-20,11600,50,11500,11650,11400,1091966
169,2020-05-21,11550,50,11800,11800,11400,1544896
168,2020-05-22,11250,300,11500,11600,11100,1666293
167,2020-05-25,11150,100,11200,11200,11000,1062729
166,2020-05-26,11450,300,11200,11550,11100,1451826
163,2020-05-27,12150,700,11600,12150,11500,5313934
162,2020-05-28,11650,500,12350,12400,11400,3675531
161,2020-05-29,12100,450,11500,12100,11450,2509000
160,2020-06-01,12250,150,12100,12300,12000,1763324
159,2020-06-02,12400,150,12400,12700,12250,2608088
155,2020-06-03,13550,1150,12600,13900,12600,8146839
154,2020-06-04,13300,250,13950,14350,13200,4599255
153,2020-06-05,13500,200,13300,13500,12950,2470256
152,2020-06-08,13650,150,13800,13900,13400,1961450
151,2020-06-09,13200,450,13750,13800,13100,2079452
148,2020-06-10,13300,100,13450,13550,13200,1664143
147,2020-06-11,13050,250,13200,13200,12750,2041825
146,2020-06-12,12450,600,12250,12500,12050,2470115
145,2020-06-15,11500,950,12200,12350,11450,2312235
144,2020-06-16,12150,650,11850,12150,11750,1485493
140,2020-06-17,12000,150,11900,12300,11800,1410291
139,2020-06-18,12150,150,11900,12250,11800,1033853
138,2020-06-19,12550,400,12400,12650,12100,1296009
137,2020-06-22,12300,250,12650,12850,12300,1028039
136,2020-06-23,12050,250,12500,12600,12000,1193774
133,2020-06-24,12300,250,12150,12400,12050,964841
132,2020-06-25,11800,500,11950,12100,11800,1317534
131,2020-06-26,11850,50,12000,12000,11800,801037
130,2020-06-29,11700,150,11650,11850,11550,973758
129,2020-06-30,12250,550,11900,12300,11850,1689659
125,2020-07-01,12050,200,12250,12400,12000,904326
124,2020-07-02,12100,50,12100,12250,12050,704909
123,2020-07-03,12100,0,12100,12250,12050,846954
122,2020-07-06,12600,500,12200,12600,12100,1329656
121,2020-07-07,12250,350,12600,12650,12250,1315402
118,2020-07-08,12200,50,12250,12450,12150,885520
117,2020-07-09,12050,150,12250,12300,12050,646017
116,2020-07-10,11950,100,12000,12150,11850,731879
115,2020-07-13,12200,250,12000,12200,11950,673060
114,2020-07-14,12000,200,12100,12200,11950,623954
110,2020-07-15,12650,650,12200,13100,12150,3717863
109,2020-07-16,12400,250,12650,12650,12300,1043937
108,2020-07-17,12300,100,12450,12500,12250,714020
107,2020-07-20,12250,50,12250,12350,12100,812151
106,2020-07-21,12550,300,12300,12750,12250,1265670
103,2020-07-22,12450,100,12650,12700,12450,1119097
102,2020-07-23,12300,150,12500,12600,12150,1099823
101,2020-07-24,12100,200,12150,12300,12100,833712
100,2020-07-27,12100,0,12100,12300,12000,783159
99,2020-07-28,12000,100,12150,12200,12000,1014370
95,2020-07-29,12000,0,12100,12150,12000,979253
94,2020-07-30,12000,0,12050,12150,11900,1197340
93,2020-07-31,11900,100,12000,12200,11900,1032238
92,2020-08-03,11750,150,12000,12000,11700,962480
91,2020-08-04,12100,350,11800,12200,11800,1101635
88,2020-08-05,11950,150,12150,12200,11900,956510
87,2020-08-06,12100,150,12000,12200,11950,1159976
86,2020-08-07,11900,200,12100,12100,11800,1281632
85,2020-08-10,12000,100,11900,12000,11750,1278825
84,2020-08-11,12350,350,12100,12700,12050,3328975
80,2020-08-12,12400,50,12350,12500,12100,1503635
79,2020-08-13,12600,200,12650,13000,12450,3406447
78,2020-08-14,12400,200,12650,12800,12350,1320229
77,2020-08-18,11850,550,12350,12350,11850,1702325
76,2020-08-19,11950,100,11900,12050,11850,1088812
73,2020-08-20,11400,550,11850,11950,11350,1856984
72,2020-08-21,11500,100,11450,11700,11400,1231991
71,2020-08-24,11850,350,11650,11850,11300,825528
70,2020-08-25,12000,150,11950,12100,11850,1091891
69,2020-08-26,11800,200,12100,12150,11750,810497
65,2020-08-27,11450,350,11800,11850,11450,1236454
64,2020-08-28,11600,150,11500,11750,11500,825096
63,2020-08-31,11300,300,11650,11700,11300,1703336
62,2020-09-01,11450,150,11300,11500,11300,678033
61,2020-09-02,11450,0,11550,11600,11350,743403
58,2020-09-03,11550,100,11600,11650,11400,901709
57,2020-09-04,11400,150,11200,11400,11100,876336
56,2020-09-07,11450,50,11400,11450,11200,996948
55,2020-09-08,11350,100,11500,11550,11350,785947
54,2020-09-09,11200,150,11150,11350,11150,989277
50,2020-09-10,11200,0,11350,11350,11200,788760
49,2020-09-11,11250,50,11200,11250,11100,682050
48,2020-09-14,11350,100,11250,11450,11250,698757
47,2020-09-15,11250,100,11350,11400,11200,860258
46,2020-09-16,11300,50,11250,11300,11200,616161
43,2020-09-17,11250,50,11300,11350,11150,723129
42,2020-09-18,11150,100,11250,11250,11050,821857
41,2020-09-21,10900,250,11100,11100,10900,964922
40,2020-09-22,10500,400,10800,10850,10400,1263398
39,2020-09-23,10350,150,10550,10650,10350,993173
35,2020-09-24,10050,300,10100,10150,9960,1771662
34,2020-09-25,10000,50,10100,10200,9970,804080
33,2020-09-28,10150,150,10050,10250,10050,704576
32,2020-09-29,10550,400,10500,10900,10450,1449894
31,2020-10-05,10800,250,10550,10850,10500,759349
28,2020-10-06,10700,100,10900,10900,10650,737139
27,2020-10-07,10800,100,10500,10850,10500,778298
26,2020-10-08,10700,100,10950,10950,10650,764228
25,2020-10-12,10700,0,10850,10900,10600,715128
24,2020-10-13,10700,0,10750,10750,10600,505385
20,2020-10-14,10500,200,10700,10700,10500,844094
19,2020-10-15,10300,200,10500,10500,10250,925801
18,2020-10-16,10900,600,10350,11100,10350,2133466
17,2020-10-19,11000,100,11250,11300,10900,1252803
16,2020-10-20,10950,50,10900,11000,10750,592643
13,2020-10-21,11050,100,11000,11050,10900,575032
12,2020-10-22,10950,100,11050,11100,10850,575235
11,2020-10-23,11050,100,11150,11200,10950,703184
10,2020-10-26,10750,300,11250,11350,10650,1727678
9,2020-10-27,10550,200,10600,10850,10450,1037677
5,2020-10-28,10650,100,10450,10700,10400,673534
4,2020-10-29,10400,250,10500,10550,10250,976457
3,2020-10-30,11750,1350,10550,13100,10450,30355537
2,2020-11-02,11500,250,12000,12450,11500,9094991
1,2020-11-03,11500,0,11600,12150,11400,6239535
