,date,close,diff,open,high,low,volume
448,2019-08-16,3195,5,3190,3230,3160,38960
447,2019-08-19,3215,20,3215,3230,3180,29913
446,2019-08-20,3250,35,3215,3255,3210,28199
445,2019-08-21,3245,5,3260,3265,3235,34908
444,2019-08-22,3195,50,3245,3260,3185,50303
440,2019-08-23,3155,40,3155,3195,3145,46427
439,2019-08-26,3105,50,3125,3160,3010,35126
438,2019-08-27,3140,35,3195,3195,3105,36026
437,2019-08-28,3145,5,3130,3165,3095,27640
436,2019-08-29,3200,55,3145,3230,3125,44353
433,2019-08-30,3270,70,3210,3285,3175,51941
432,2019-09-02,3330,60,3320,3330,3260,56832
431,2019-09-03,3350,20,3330,3350,3305,57369
430,2019-09-04,3370,20,3350,3390,3305,57850
429,2019-09-05,3425,55,3375,3425,3375,46932
425,2019-09-06,3430,5,3430,3450,3390,52013
424,2019-09-09,3405,25,3440,3440,3295,38720
423,2019-09-10,3410,5,3455,3455,3390,23347
422,2019-09-11,3440,30,3425,3440,3410,29975
421,2019-09-16,3500,60,3440,3500,3410,57806
418,2019-09-17,3480,20,3515,3535,3470,58893
417,2019-09-18,3480,0,3470,3500,3460,34653
416,2019-09-19,3495,15,3480,3520,3460,38344
415,2019-09-20,3520,25,3495,3530,3485,49958
414,2019-09-23,3510,10,3510,3535,3475,48150
410,2019-09-24,3550,40,3470,3550,3470,41142
409,2019-09-25,3500,50,3530,3580,3495,88149
408,2019-09-26,3530,30,3550,3550,3470,63214
407,2019-09-27,3530,0,3525,3540,3495,37443
406,2019-09-30,3495,35,3465,3520,3465,40692
403,2019-10-01,3465,30,3500,3505,3430,48731
402,2019-10-02,3450,15,3440,3465,3440,39976
401,2019-10-04,3490,40,3500,3500,3410,26645
400,2019-10-07,3415,75,3485,3520,3390,31905
399,2019-10-08,3410,5,3415,3430,3390,14697
395,2019-10-10,3355,55,3410,3410,3350,19021
394,2019-10-11,3400,45,3415,3415,3350,16641
393,2019-10-14,3420,20,3375,3450,3375,34604
392,2019-10-15,3500,80,3420,3500,3400,16780
391,2019-10-16,3430,70,3515,3515,3415,32502
388,2019-10-17,3435,5,3495,3500,3430,31364
387,2019-10-18,3420,15,3445,3480,3410,31954
386,2019-10-21,3450,30,3420,3450,3390,28471
385,2019-10-22,3400,50,3445,3465,3395,23706
384,2019-10-23,3345,55,3350,3395,3325,26840
380,2019-10-24,3340,5,3350,3450,3285,38605
379,2019-10-25,3465,125,3320,3465,3315,37016
378,2019-10-28,3485,20,3525,3550,3455,59223
377,2019-10-29,3475,10,3480,3500,3400,51651
376,2019-10-30,3450,25,3475,3475,3415,38268
373,2019-10-31,3460,10,3500,3500,3440,49756
372,2019-11-01,3465,5,3425,3495,3415,27747
371,2019-11-04,3470,5,3495,3495,3450,9585
370,2019-11-05,3470,0,3465,3495,3460,24346
369,2019-11-06,3490,20,3470,3500,3455,22143
365,2019-11-07,3465,25,3485,3490,3455,19141
364,2019-11-08,3470,5,3465,3485,3430,10974
363,2019-11-11,3440,30,3480,3480,3400,10752
362,2019-11-12,3420,20,3435,3450,3395,37636
361,2019-11-13,3440,20,3420,3445,3390,16414
358,2019-11-14,3440,0,3450,3460,3405,15271
357,2019-11-15,3440,0,3435,3495,3405,15523
356,2019-11-18,3430,10,3440,3450,3400,22024
355,2019-11-19,3445,15,3430,3450,3380,41660
354,2019-11-20,3405,40,3440,3440,3395,24894
350,2019-11-21,3370,35,3395,3435,3320,45027
349,2019-11-22,3340,30,3385,3395,3340,20774
348,2019-11-25,3370,30,3340,3400,3330,9546
347,2019-11-26,3360,10,3400,3400,3345,14709
346,2019-11-27,3370,10,3360,3390,3340,15329
343,2019-11-28,3390,20,3350,3400,3330,30150
342,2019-11-29,3350,40,3390,3405,3350,18115
341,2019-12-02,3340,10,3350,3370,3320,31200
340,2019-12-03,3325,15,3340,3355,3320,14782
339,2019-12-04,3300,25,3325,3350,3300,31111
335,2019-12-05,3310,10,3360,3360,3275,28842
334,2019-12-06,3370,60,3310,3380,3310,35877
333,2019-12-09,3370,0,3385,3405,3360,30945
332,2019-12-10,3445,75,3360,3445,3355,30018
331,2019-12-11,3415,30,3445,3445,3395,19039
328,2019-12-12,3425,10,3410,3450,3405,17735
327,2019-12-13,3450,25,3425,3455,3380,16127
326,2019-12-16,3450,0,3440,3450,3420,7999
325,2019-12-17,3425,25,3450,3470,3400,35185
324,2019-12-18,3550,125,3425,3550,3390,69335
320,2019-12-19,3565,15,3500,3580,3500,62130
319,2019-12-20,3595,30,3580,3600,3520,60954
318,2019-12-23,3655,60,3635,3655,3555,94862
317,2019-12-24,3750,95,3655,3755,3655,148004
316,2019-12-26,3795,45,3800,3825,3745,183506
313,2019-12-27,3695,100,3720,3780,3670,44629
312,2019-12-30,3690,5,3805,3805,3620,146076
311,2020-01-02,3705,15,3685,3720,3675,83200
310,2020-01-03,3680,25,3705,3735,3670,43891
309,2020-01-06,3735,55,3695,3795,3660,79854
305,2020-01-07,3735,0,3735,3785,3700,43422
304,2020-01-08,3735,0,3800,3800,3660,56974
303,2020-01-09,3740,5,3785,3785,3710,71015
302,2020-01-10,3755,15,3740,3770,3720,32980
301,2020-01-13,3770,15,3755,3780,3710,64229
298,2020-01-14,3785,15,3795,3840,3770,75342
297,2020-01-15,3880,95,3785,3890,3785,200166
296,2020-01-16,3875,5,3880,3920,3850,46510
295,2020-01-17,3960,85,3865,3970,3865,113048
294,2020-01-20,3900,60,3995,4015,3875,121346
290,2020-01-21,3810,90,3900,3900,3780,73501
289,2020-01-22,3805,5,3795,3825,3740,49305
288,2020-01-23,3765,40,3775,3800,3710,45550
287,2020-01-28,3700,65,3645,3700,3615,79183
286,2020-01-29,3735,35,3710,3775,3710,40870
283,2020-01-30,3680,55,3790,3805,3615,58828
282,2020-01-31,3560,120,3680,3680,3545,81552
281,2020-02-03,3570,10,3470,3585,3445,98254
280,2020-02-04,3895,325,3575,3915,3575,185633
279,2020-02-05,3865,30,3895,3935,3815,93075
275,2020-02-06,3920,55,3865,3970,3865,117359
274,2020-02-07,3960,40,3920,3960,3880,114979
273,2020-02-10,4010,50,3950,4025,3935,182868
272,2020-02-11,4040,30,4020,4065,4010,150461
271,2020-02-12,4005,35,4070,4070,3985,108281
268,2020-02-13,3975,30,4005,4035,3950,66403
267,2020-02-14,3915,60,3980,3985,3890,88699
266,2020-02-17,3935,20,3915,3935,3870,56355
265,2020-02-18,3880,55,3915,3945,3820,85207
264,2020-02-19,3880,0,3900,3950,3840,50889
260,2020-02-20,3850,30,3865,3895,3835,29715
259,2020-02-21,3765,85,3850,3850,3725,56527
258,2020-02-24,3705,60,3735,3750,3650,77575
257,2020-02-25,3710,5,3755,3800,3685,33985
256,2020-02-26,3750,40,3690,3750,3650,22266
253,2020-02-27,3705,45,3800,3800,3660,48209
252,2020-02-28,3700,5,3655,3735,3645,62134
251,2020-03-02,3715,15,3650,3745,3650,37747
250,2020-03-03,3690,25,3720,3795,3635,43672
249,2020-03-04,3730,40,3680,3770,3660,35892
245,2020-03-05,3765,35,3750,3830,3745,51576
244,2020-03-06,3730,35,3765,3795,3700,45658
243,2020-03-09,3680,50,3700,3720,3610,77811
242,2020-03-10,3750,70,3610,3750,3585,96814
241,2020-03-11,3710,40,4000,4395,3605,1611740
238,2020-03-12,3415,295,3580,3800,3390,356119
237,2020-03-13,3010,405,3060,3175,2855,348189
236,2020-03-16,2865,145,3010,3080,2850,338302
235,2020-03-17,2725,140,2500,2845,2500,125061
234,2020-03-18,2650,75,2700,2800,2645,83519
230,2020-03-19,2320,330,2645,2695,2295,189806
229,2020-03-20,2590,270,2275,2645,2275,121563
228,2020-03-23,2500,90,2450,2515,2380,80931
227,2020-03-24,2700,200,2515,2760,2480,123860
226,2020-03-25,2880,180,2730,3200,2700,102777
223,2020-03-26,2945,65,2880,3060,2820,135110
222,2020-03-27,2840,105,2970,3025,2750,124685
221,2020-03-30,2780,60,2760,2800,2680,119632
220,2020-03-31,2835,55,2900,2915,2740,110147
219,2020-04-01,2860,25,2840,3005,2720,175027
215,2020-04-02,2910,50,2815,2935,2770,71479
214,2020-04-03,3085,175,2920,3085,2885,137482
213,2020-04-06,3235,150,3085,3265,3045,187280
212,2020-04-07,3290,55,3280,3325,3175,115832
211,2020-04-08,3365,75,3225,3460,3225,135264
208,2020-04-09,3480,115,3485,3495,3400,93173
207,2020-04-10,3430,50,3485,3490,3300,67117
206,2020-04-13,3345,85,3450,3450,3305,90113
205,2020-04-14,3305,40,3345,3385,3290,73454
204,2020-04-16,3340,35,3305,3340,3250,25239
200,2020-04-17,3400,60,3350,3465,3350,60573
199,2020-04-20,3470,70,3450,3530,3380,150502
198,2020-04-21,3360,110,3415,3470,3200,118199
197,2020-04-22,3370,10,3280,3375,3275,50156
196,2020-04-23,3365,5,3370,3445,3315,70351
193,2020-04-24,3305,60,3365,3500,3285,46587
192,2020-04-27,3355,50,3350,3490,3270,74859
191,2020-04-28,3300,55,3355,3390,3285,60817
190,2020-04-29,3330,30,3300,3370,3300,51259
189,2020-05-04,3445,115,3480,3545,3365,223971
185,2020-05-06,3545,100,3540,3570,3405,238660
184,2020-05-07,3555,10,3545,3570,3480,83982
183,2020-05-08,3640,85,3590,3945,3555,490769
182,2020-05-11,3660,20,3665,3690,3590,139866
181,2020-05-12,3690,30,3805,4185,3690,1635646
178,2020-05-13,3585,105,3670,3670,3530,304282
177,2020-05-14,3555,30,3555,3610,3505,148328
176,2020-05-15,3550,5,3545,3570,3510,117549
175,2020-05-18,3660,110,3550,3675,3515,187028
174,2020-05-19,3660,0,3665,3685,3625,112110
170,2020-05-20,3665,5,3655,3695,3625,99359
169,2020-05-21,3750,85,3700,4065,3685,1525690
168,2020-05-22,3830,80,3830,3925,3765,683275
167,2020-05-25,3805,25,3805,3830,3735,179213
166,2020-05-26,3805,0,3830,3855,3780,220503
163,2020-05-27,4005,200,3805,4040,3800,1067941
162,2020-05-28,3855,150,4035,4055,3765,632777
161,2020-05-29,3865,10,3845,3925,3790,233890
160,2020-06-01,3835,30,3875,3900,3800,220304
159,2020-06-02,3915,80,3930,4130,3890,2142156
155,2020-06-03,4120,205,3955,4135,3925,2514463
154,2020-06-04,3985,135,4245,4285,3950,1586517
153,2020-06-05,3900,85,3985,3985,3855,346177
152,2020-06-08,3890,10,3930,3935,3840,303550
151,2020-06-09,3830,60,3900,3910,3825,224340
148,2020-06-10,3685,145,3785,3800,3675,428401
147,2020-06-11,3635,50,3685,3760,3590,277967
146,2020-06-12,3540,95,3490,3540,3445,280675
145,2020-06-15,3300,240,3515,3540,3300,265586
144,2020-06-16,3540,240,3375,3545,3375,306258
140,2020-06-17,3530,10,3505,3550,3405,229441
139,2020-06-18,3530,0,3530,3570,3500,137987
138,2020-06-19,3605,75,3545,3680,3540,197420
137,2020-06-22,3550,55,3600,3630,3500,154237
136,2020-06-23,3450,100,3555,3570,3430,158503
133,2020-06-24,3490,40,3520,3565,3460,179906
132,2020-06-25,3375,115,3470,3490,3345,174318
131,2020-06-26,3500,125,3420,3595,3365,266395
130,2020-06-29,3375,125,3420,3445,3350,135533
129,2020-06-30,3505,130,3395,3540,3395,184417
125,2020-07-01,3510,5,3505,3550,3485,107668
124,2020-07-02,3540,30,3510,3565,3465,82107
123,2020-07-03,3730,190,3580,3820,3580,817110
122,2020-07-06,3880,150,3770,3905,3750,877709
121,2020-07-07,3885,5,3870,3940,3845,552201
118,2020-07-08,3805,80,3945,3960,3805,939481
117,2020-07-09,3980,175,3850,4000,3850,735818
116,2020-07-10,3995,15,3995,4005,3910,544224
115,2020-07-13,3960,35,3995,4070,3945,725825
114,2020-07-14,3970,10,3930,4025,3900,374713
110,2020-07-15,3930,40,3970,4005,3905,305759
109,2020-07-16,3960,30,3965,3985,3920,207701
108,2020-07-17,4155,195,3960,4155,3950,722379
107,2020-07-20,4180,25,4250,4255,4005,1248594
106,2020-07-21,4480,300,4130,4680,4130,3262156
103,2020-07-22,4410,70,4435,5480,4350,7630152
102,2020-07-23,4155,255,4495,4510,4050,1816361
101,2020-07-24,4190,35,4185,4430,4120,1479006
100,2020-07-27,4235,45,4225,4335,4175,630419
99,2020-07-28,4110,125,4260,4280,4110,463274
95,2020-07-29,4150,40,4075,4195,4075,218986
94,2020-07-30,4215,65,4150,4270,4120,308261
93,2020-07-31,4150,65,4210,4235,4135,266975
92,2020-08-03,4075,75,4135,4155,4010,344838
91,2020-08-04,4190,115,4080,4250,4025,267392
88,2020-08-05,4080,110,4200,4240,4065,237993
87,2020-08-06,4135,55,4105,4190,4085,245654
86,2020-08-07,4115,20,4145,4195,4095,195870
85,2020-08-10,4255,140,4120,4260,4070,347794
84,2020-08-11,4195,60,4295,4315,4150,329039
80,2020-08-12,4125,70,4185,4185,4040,227046
79,2020-08-13,4275,150,4140,4330,4140,556126
78,2020-08-14,4585,310,4265,4670,4240,2592702
77,2020-08-18,4300,285,4565,4575,4265,993821
76,2020-08-19,4800,500,4370,4970,4370,4249307
73,2020-08-20,4760,40,4855,4890,4485,1377687
72,2020-08-21,4785,25,4715,4950,4585,858298
71,2020-08-24,4895,110,4760,4990,4635,1005505
70,2020-08-25,5030,135,4930,5160,4890,1416155
69,2020-08-26,5100,70,5030,5260,4945,1428366
65,2020-08-27,5090,10,5190,5210,5020,901282
64,2020-08-28,5130,40,5150,5330,5060,1082457
63,2020-08-31,5000,130,5150,5190,4930,700405
62,2020-09-01,5190,190,5060,5220,4970,649290
61,2020-09-02,5140,50,5250,5290,5080,415196
58,2020-09-03,5120,20,5170,5200,5050,436719
57,2020-09-04,5390,270,4920,5570,4780,3123680
56,2020-09-07,6940,1550,5480,7000,5470,10497365
55,2020-09-08,6280,660,7090,7350,6160,5419026
54,2020-09-09,6290,10,6080,6560,6080,1393632
50,2020-09-10,6430,140,6330,6600,6260,1043586
49,2020-09-11,6280,150,6440,6440,6080,643804
48,2020-09-14,6160,120,6290,6310,6090,479388
47,2020-09-15,6070,90,6170,6220,5870,627395
46,2020-09-16,5890,180,6060,6220,5850,490279
43,2020-09-17,5970,80,5960,6070,5780,493423
42,2020-09-18,5900,70,6010,6030,5760,266799
41,2020-09-21,5590,310,5900,5970,5520,398994
40,2020-09-22,5250,340,5570,5570,5210,460837
39,2020-09-23,5320,70,5350,5410,5020,422161
35,2020-09-24,5120,200,5150,5370,5060,312211
34,2020-09-25,5150,30,5150,5400,4985,562963
33,2020-09-28,5450,300,5220,5460,5220,363253
32,2020-09-29,5440,10,5550,5550,5350,220023
31,2020-10-05,5740,300,5470,5840,5440,458942
28,2020-10-06,5660,80,5740,5810,5540,234211
27,2020-10-07,5690,30,5560,5750,5560,173923
26,2020-10-08,5850,160,5750,5890,5600,379663
25,2020-10-12,5810,40,5950,5960,5750,309144
24,2020-10-13,6330,520,5870,6420,5730,2024939
20,2020-10-14,5950,380,6180,6230,5900,783918
19,2020-10-15,5850,100,5950,6400,5500,1470740
18,2020-10-16,5600,250,5850,5900,5500,339810
17,2020-10-19,5310,290,5600,5620,5300,230875
16,2020-10-20,5600,290,5230,5660,5200,414237
13,2020-10-21,5590,10,5600,5620,5500,136557
12,2020-10-22,5380,210,5580,5580,5300,404539
11,2020-10-23,5540,160,5380,5650,5350,125056
10,2020-10-26,5230,310,5550,5560,5160,157428
9,2020-10-27,5060,170,5120,5300,5050,230936
5,2020-10-28,5380,320,5110,5490,5110,261586
4,2020-10-29,5360,20,5220,5360,5150,136925
3,2020-10-30,5190,170,5420,5490,5160,222025
2,2020-11-02,5350,160,5190,5430,5150,195091
1,2020-11-03,5400,50,5460,5500,5320,178082
