,date,close,diff,open,high,low,volume
448,2019-08-16,92200,400,90700,92600,90300,566750
447,2019-08-19,91400,800,92800,93200,91100,457758
446,2019-08-20,91800,400,91800,92800,91500,326675
445,2019-08-21,91700,100,91300,92700,91300,244345
444,2019-08-22,89200,2500,92200,92300,88800,724343
440,2019-08-23,88300,900,88500,88800,87600,618986
439,2019-08-26,84600,3700,86600,86800,84400,1105933
438,2019-08-27,87200,2600,85800,88700,85600,1097801
437,2019-08-28,87600,400,87500,88500,87200,368476
436,2019-08-29,86700,900,88400,88400,85900,478408
433,2019-08-30,89100,2400,88200,89700,87800,671928
432,2019-09-02,90000,900,88600,90300,88000,337979
431,2019-09-03,90400,400,89800,92000,89500,618284
430,2019-09-04,92700,2300,90000,92700,90000,965482
429,2019-09-05,98200,5500,94700,99700,94700,3257453
425,2019-09-06,97200,1000,99300,101000,97100,1296166
424,2019-09-09,97000,200,98300,98900,96600,644235
423,2019-09-10,97400,400,96900,97700,95300,576093
422,2019-09-11,97400,0,97500,98200,96600,720927
421,2019-09-16,96400,1000,98100,98100,95700,539966
418,2019-09-17,96700,300,96300,98700,96200,650323
417,2019-09-18,97100,400,96800,97600,96500,313329
416,2019-09-19,101000,3900,97300,101500,97300,1592520
415,2019-09-20,101500,500,101500,102000,100000,1173517
414,2019-09-23,103000,1500,100500,103500,100500,645464
410,2019-09-24,102500,500,102500,103000,100000,472252
409,2019-09-25,99300,3200,101000,101500,99000,974717
408,2019-09-26,100500,1200,100500,102500,100000,767323
407,2019-09-27,100500,0,100000,102000,99000,697441
406,2019-09-30,103000,2500,99900,103500,98900,1015595
403,2019-10-01,106000,3000,104000,107000,103500,1537906
402,2019-10-02,105000,1000,105000,106000,104000,815177
401,2019-10-04,106000,1000,105500,108500,105500,1262136
400,2019-10-07,106500,500,109000,109500,106500,1092247
399,2019-10-08,110500,4000,108000,111000,107500,1803345
395,2019-10-10,112500,2000,110500,113500,109500,1164741
394,2019-10-11,112000,500,113500,114000,111000,602573
393,2019-10-14,110000,2000,113500,113500,108500,937561
392,2019-10-15,110500,500,110000,111500,109000,523805
391,2019-10-16,112500,2000,112000,113000,111000,633907
388,2019-10-17,110500,2000,112500,112500,110000,622642
387,2019-10-18,109500,1000,110000,112500,109500,578480
386,2019-10-21,112500,3000,109500,113000,109000,655640
385,2019-10-22,114000,1500,113500,114500,112500,639237
384,2019-10-23,111500,2500,113500,114000,111000,550994
380,2019-10-24,113000,1500,111500,114500,110000,892570
379,2019-10-25,115000,2000,115500,116000,114000,1094121
378,2019-10-28,117000,2000,115500,117000,115000,563333
377,2019-10-29,117000,0,118000,119000,115500,875841
376,2019-10-30,114500,2500,116500,116500,113500,638841
373,2019-10-31,113000,1500,115500,116000,113000,550783
372,2019-11-01,114000,1000,113500,115000,113000,389601
371,2019-11-04,114000,0,115000,115500,112500,547310
370,2019-11-05,115000,1000,114000,116000,114000,431973
369,2019-11-06,115000,0,115500,115500,114000,474790
365,2019-11-07,114000,1000,114500,115000,113500,315061
364,2019-11-08,116000,2000,115000,117000,114500,414097
363,2019-11-11,109500,6500,116000,116000,109500,1014932
362,2019-11-12,111000,1500,109000,111000,105500,932499
361,2019-11-13,110000,1000,110500,112000,109500,318709
358,2019-11-14,111000,1000,110000,111500,110000,268584
357,2019-11-15,112500,1500,111000,113000,110000,406643
356,2019-11-18,113000,500,113500,114500,112000,326424
355,2019-11-19,111500,1500,112000,112500,110500,338371
354,2019-11-20,110000,1500,111000,113500,109500,409445
350,2019-11-21,107500,2500,110000,110500,107000,612630
349,2019-11-22,108000,500,107500,109000,107000,304841
348,2019-11-25,111000,3000,108500,111500,108500,456719
347,2019-11-26,112500,1500,112000,114000,111500,585111
346,2019-11-27,112000,500,113500,114000,111000,228786
343,2019-11-28,112000,0,112000,113500,111500,341910
342,2019-11-29,111000,1000,112000,113000,109500,448953
341,2019-12-02,112000,1000,111500,112500,111000,347089
340,2019-12-03,113500,1500,110500,114000,110000,494771
339,2019-12-04,111500,2000,112000,113500,111000,457998
335,2019-12-05,115000,3500,113000,116000,112500,936506
334,2019-12-06,115500,500,116000,116500,115000,425812
333,2019-12-09,117500,2000,116500,117500,116500,726766
332,2019-12-10,118000,500,117000,118000,115500,404291
331,2019-12-11,118500,500,118000,120000,117500,550759
328,2019-12-12,120000,1500,119500,120000,118500,632734
327,2019-12-13,122500,2500,122000,123000,121000,761043
326,2019-12-16,122000,500,122500,122500,121500,396341
325,2019-12-17,119500,2500,121500,122000,118000,1272929
324,2019-12-18,118500,1000,119000,121000,118000,482662
320,2019-12-19,118500,0,119500,121000,118500,510837
319,2019-12-20,119500,1000,119500,120000,118500,392200
318,2019-12-23,119500,0,120000,120500,117500,470464
317,2019-12-24,121000,1500,119500,122000,118500,550808
316,2019-12-26,123000,2000,121000,124000,120500,825014
313,2019-12-27,125500,2500,124500,126000,123500,520284
312,2019-12-30,125000,500,125500,126000,124500,294167
311,2020-01-02,126500,1500,126000,128000,125500,540197
310,2020-01-03,127500,1000,128500,129000,127000,573710
309,2020-01-06,127500,0,125000,127500,124500,675565
305,2020-01-07,128000,500,128000,128500,127000,483309
304,2020-01-08,125000,3000,126500,127000,122000,1060974
303,2020-01-09,132000,7000,128000,132000,127500,1402192
302,2020-01-10,132500,500,133500,135000,132000,692859
301,2020-01-13,134500,2000,131500,134500,131500,483706
298,2020-01-14,135500,1000,135500,138500,134500,1036106
297,2020-01-15,133500,2000,135500,135500,133000,668967
296,2020-01-16,133000,500,133000,134000,131500,645743
295,2020-01-17,134500,1500,134500,136500,134000,435027
294,2020-01-20,136500,2000,135500,137500,134500,481037
290,2020-01-21,133500,3000,136500,137000,133000,437663
289,2020-01-22,137000,3500,133500,137000,133000,478121
288,2020-01-23,134500,2500,136000,137500,133500,415411
287,2020-01-28,131000,3500,128500,131500,128500,794118
286,2020-01-29,132500,1500,132500,134000,130000,713120
283,2020-01-30,126000,6500,132000,133000,125000,1115743
282,2020-01-31,125000,1000,126000,129500,125000,887907
281,2020-02-03,125000,0,122000,126000,120500,844406
280,2020-02-04,134000,9000,127000,134000,126500,1124528
279,2020-02-05,131000,3000,137500,137500,130000,967323
275,2020-02-06,135500,4500,132500,136500,132000,706088
274,2020-02-07,134000,1500,134500,135500,132500,467455
273,2020-02-10,133000,1000,131500,134500,130500,381534
272,2020-02-11,141000,8000,134000,141500,133500,1510533
271,2020-02-12,142500,1500,141000,144000,139500,814274
268,2020-02-13,142500,0,144500,146500,141500,979192
267,2020-02-14,142500,0,143500,144000,141500,458841
266,2020-02-17,146000,3500,143500,147500,143000,565335
265,2020-02-18,145500,500,145500,148000,144000,766754
264,2020-02-19,146000,500,147000,148500,144000,750365
260,2020-02-20,145500,500,146500,148000,145000,566418
259,2020-02-21,143500,2000,144000,146000,143000,588887
258,2020-02-24,138500,5000,139000,142000,137500,1101194
257,2020-02-25,140500,2000,137500,140500,132500,1565707
256,2020-02-26,136500,4000,136500,140500,135500,1243259
253,2020-02-27,131500,5000,136000,138500,131500,1312546
252,2020-02-28,126000,5500,128500,131000,125000,1472050
251,2020-03-02,131000,5000,128500,132000,125500,1286047
250,2020-03-03,131000,0,136000,136500,130000,1219380
249,2020-03-04,133000,2000,129000,133500,128500,873616
245,2020-03-05,134500,1500,134500,135500,132000,820724
244,2020-03-06,131500,3000,132000,133000,130000,555435
243,2020-03-09,123000,8500,128000,128000,121500,1271059
242,2020-03-10,128500,5500,122500,129500,121500,1377581
241,2020-03-11,122000,6500,128500,129000,120000,1375292
238,2020-03-12,113500,8500,119500,121000,110000,2613065
237,2020-03-13,111000,2500,105500,113500,103000,2181665
236,2020-03-16,103000,8000,112500,114000,103000,1640758
235,2020-03-17,103000,0,98700,106000,98700,2058052
234,2020-03-18,96900,6100,102500,104500,96900,1992989
230,2020-03-19,85700,11200,100000,101000,81700,2639619
229,2020-03-20,96400,10700,88400,97400,86100,2158834
228,2020-03-23,89200,7200,89400,93200,87000,1434217
227,2020-03-24,99000,9800,92600,99200,92000,1608106
226,2020-03-25,102500,3500,103500,106000,99600,1745306
223,2020-03-26,99200,3300,102000,104000,99100,1408917
222,2020-03-27,99200,0,104000,104500,97000,1165563
221,2020-03-30,98300,900,96000,99700,94600,894013
220,2020-03-31,97700,600,99700,100500,96600,901129
219,2020-04-01,95500,2200,96600,101000,95300,913940
215,2020-04-02,96800,1300,96200,97200,93700,627117
214,2020-04-03,95400,1400,96900,98000,94600,649893
213,2020-04-06,102000,6600,96400,102500,95600,1642997
212,2020-04-07,105000,3000,106000,107000,102000,1710652
211,2020-04-08,103000,2000,104500,106000,102000,1133563
208,2020-04-09,104000,1000,105500,105500,102500,677842
207,2020-04-10,103000,1000,104000,104500,101500,607319
206,2020-04-13,99500,3500,103000,103500,99400,804527
205,2020-04-14,101500,2000,101000,102500,100000,614527
204,2020-04-16,105000,3500,100500,106000,100000,1030649
200,2020-04-17,114000,9000,109500,116000,108500,2444154
199,2020-04-20,111000,3000,113000,116000,109500,1202802
198,2020-04-21,110000,1000,110500,112500,106000,1244919
197,2020-04-22,112000,2000,107500,112000,106000,945843
196,2020-04-23,110000,2000,113500,114000,110000,871357
193,2020-04-24,107500,2500,109500,111000,107500,688676
192,2020-04-27,111000,3500,108500,111500,107500,919245
191,2020-04-28,110000,1000,110500,111500,108000,781954
190,2020-04-29,113500,3500,109000,114000,109000,1285765
189,2020-05-04,109500,4000,110500,113000,109000,956331
185,2020-05-06,114500,5000,111500,114500,111000,884474
184,2020-05-07,115500,1000,114500,116000,113500,571774
183,2020-05-08,119000,3500,117000,120000,116000,893384
182,2020-05-11,116500,2500,119500,120500,116500,543130
181,2020-05-12,118500,2000,116500,119000,113000,792070
178,2020-05-13,121500,3000,116000,122000,115000,917279
177,2020-05-14,119500,2000,120000,121500,118500,617017
176,2020-05-15,119500,0,121000,121500,118500,527548
175,2020-05-18,123000,3500,120000,124500,120000,994106
174,2020-05-19,123500,500,126500,127000,123000,603144
170,2020-05-20,123500,0,123000,124500,122500,417285
169,2020-05-21,122500,1000,124500,125500,122000,574351
168,2020-05-22,119000,3500,122500,123000,118000,688492
167,2020-05-25,120000,1000,120500,121000,117500,426772
166,2020-05-26,123500,3500,120000,123500,119000,728511
163,2020-05-27,121000,2500,122500,124000,120000,621604
162,2020-05-28,122500,1500,122500,127000,121500,1354382
161,2020-05-29,125000,2500,122000,125000,120500,686592
160,2020-06-01,127000,2000,124500,127500,123500,769508
159,2020-06-02,126500,500,127000,129000,125500,506635
155,2020-06-03,129500,3000,128000,130000,127000,865794
154,2020-06-04,131500,2000,132000,135000,129500,809744
153,2020-06-05,131500,0,131000,132500,129000,491386
152,2020-06-08,130000,1500,133500,134000,130000,491040
151,2020-06-09,128500,1500,131500,132000,127500,578439
148,2020-06-10,134000,5500,128000,134500,128000,1293070
147,2020-06-11,132000,2000,133500,136000,130000,895709
146,2020-06-12,131500,500,125500,132500,125000,1007321
145,2020-06-15,124000,7500,130000,130500,124000,769516
144,2020-06-16,132000,8000,128000,132000,127500,768348
140,2020-06-17,131500,500,131500,135500,129500,770510
139,2020-06-18,129000,2500,132000,132500,129000,374664
138,2020-06-19,130500,1500,131500,131500,128000,373617
137,2020-06-22,129500,1000,129000,131500,129000,335087
136,2020-06-23,132000,2500,131500,134500,130000,626704
133,2020-06-24,136000,4000,133500,139500,133000,1161406
132,2020-06-25,132000,4000,133500,135000,131000,584945
131,2020-06-26,132000,0,134000,134000,130000,390637
130,2020-06-29,128000,4000,129000,131500,128000,437221
129,2020-06-30,129000,1000,130500,133000,128500,456694
125,2020-07-01,127000,2000,130500,131000,127000,452704
124,2020-07-02,127500,500,127500,128500,126500,261355
123,2020-07-03,127000,500,128000,129000,126000,366332
122,2020-07-06,130000,3000,127500,131000,126500,464217
121,2020-07-07,127000,3000,132000,132500,127000,565204
118,2020-07-08,128000,1000,127000,130000,127000,320404
117,2020-07-09,127500,500,129000,129500,127500,404269
116,2020-07-10,126000,1500,127000,127500,125000,364238
115,2020-07-13,127500,1500,128000,128000,126000,218013
114,2020-07-14,125500,2000,126500,127000,124500,397449
110,2020-07-15,130000,4500,127000,130000,126500,594698
109,2020-07-16,127000,3000,130500,131000,126000,474043
108,2020-07-17,131000,4000,128500,132500,128000,700429
107,2020-07-20,131000,0,131500,133000,130500,399274
106,2020-07-21,136500,5500,133000,137000,133000,1092107
103,2020-07-22,142000,5500,136000,144000,132500,1750571
102,2020-07-23,141500,500,143000,145000,138500,1139657
101,2020-07-24,137500,4000,139500,141500,135500,628392
100,2020-07-27,138000,500,137500,141000,137000,440760
99,2020-07-28,144500,6500,142000,146000,141500,1373437
95,2020-07-29,144500,0,145500,147500,143000,852065
94,2020-07-30,144500,0,146000,148000,144000,516911
93,2020-07-31,140500,4000,145000,146000,140500,588748
92,2020-08-03,138500,2000,140000,140000,137500,602548
91,2020-08-04,139500,1000,140000,142500,138500,546175
88,2020-08-05,143000,3500,141000,143500,139500,598769
87,2020-08-06,141500,1500,143000,144500,140500,544265
86,2020-08-07,141500,0,142500,143500,139500,528142
85,2020-08-10,141000,500,141000,141000,138000,549485
84,2020-08-11,139000,2000,141500,141500,139000,499281
80,2020-08-12,139500,500,138000,139500,135000,579572
79,2020-08-13,137500,2000,141000,141500,136500,643575
78,2020-08-14,138000,500,137000,140500,136000,481460
77,2020-08-18,133000,5000,137500,139000,131500,571279
76,2020-08-19,134000,1000,134000,136000,133000,331053
73,2020-08-20,124500,9500,133000,133500,124000,1028248
72,2020-08-21,126500,2000,127000,129000,125000,449732
71,2020-08-24,129000,2500,126000,131000,124000,384907
70,2020-08-25,130500,1500,132500,133000,129500,389216
69,2020-08-26,128000,2500,130500,131000,127000,395356
65,2020-08-27,128500,500,128500,130500,127000,407796
64,2020-08-28,129000,500,129500,130000,127500,332657
63,2020-08-31,124500,4500,129000,130000,124500,777339
62,2020-09-01,126500,2000,124500,128000,124000,439868
61,2020-09-02,128500,2000,127500,130500,126500,673475
58,2020-09-03,130000,1500,131000,135000,128500,1138640
57,2020-09-04,135000,5000,125500,136000,125000,1219520
56,2020-09-07,138000,3000,138000,139500,136000,837934
55,2020-09-08,143000,5000,140500,145500,140500,1998607
54,2020-09-09,144000,1000,141500,146000,139500,1126602
50,2020-09-10,142500,1500,146500,147000,141500,1018695
49,2020-09-11,143000,500,141500,143500,139500,535774
48,2020-09-14,144500,1500,146000,147000,143500,563786
47,2020-09-15,143000,1500,145000,145000,141000,528771
46,2020-09-16,140500,2500,144000,144000,140000,415968
43,2020-09-17,138500,2000,140000,141500,137500,513184
42,2020-09-18,141500,3000,139500,141500,137500,443316
41,2020-09-21,137500,4000,141500,142000,137000,452482
40,2020-09-22,135000,2500,137000,138000,134000,426853
39,2020-09-23,135500,500,137000,137500,131000,442538
35,2020-09-24,131000,4500,133000,135000,130500,496943
34,2020-09-25,135500,4500,133000,138000,131500,554699
33,2020-09-28,139000,3500,138000,139500,137500,326259
32,2020-09-29,139000,0,141000,142500,139000,453892
31,2020-10-05,140500,1500,138500,142000,137500,437364
28,2020-10-06,140500,0,141500,143000,140000,381847
27,2020-10-07,143000,2500,139500,143000,139000,422151
26,2020-10-08,140500,2500,144500,145000,140500,576475
25,2020-10-12,141000,500,141000,143000,140500,334249
24,2020-10-13,142500,1500,142000,143000,140500,436342
20,2020-10-14,141500,1000,143000,145500,141500,670049
19,2020-10-15,139000,2500,141500,142000,138000,438841
18,2020-10-16,137000,2000,139000,140000,137000,303426
17,2020-10-19,140000,3000,138000,141000,138000,368288
16,2020-10-20,142000,2000,139500,142000,139000,282489
13,2020-10-21,140500,1500,142000,143000,139500,269936
12,2020-10-22,137000,3500,139500,140000,136000,376363
11,2020-10-23,140500,3500,138000,141000,137000,354996
10,2020-10-26,139500,1000,141000,143500,138500,531582
9,2020-10-27,141000,1500,139000,141000,138500,401636
5,2020-10-28,139000,2000,140000,140500,137500,384722
4,2020-10-29,138000,1000,137000,138500,135000,414341
3,2020-10-30,133500,4500,137500,137500,133500,430396
2,2020-11-02,134000,500,134000,135500,133500,251131
1,2020-11-03,136500,2500,134500,137500,134500,324746
