,date,close,diff,open,high,low,volume
448,2019-08-16,1330,50,1340,1370,1320,237503
447,2019-08-19,1335,5,1330,1385,1320,188877
446,2019-08-20,1425,90,1350,1440,1335,418385
445,2019-08-21,1475,50,1425,1485,1410,278986
444,2019-08-22,1460,15,1495,1495,1445,126603
440,2019-08-23,1425,35,1450,1465,1405,189628
439,2019-08-26,1375,50,1380,1425,1375,145503
438,2019-08-27,1400,25,1380,1415,1380,48815
437,2019-08-28,1410,10,1385,1415,1370,111491
436,2019-08-29,1385,25,1420,1420,1375,73639
433,2019-08-30,1425,40,1380,1440,1375,121352
432,2019-09-02,1430,5,1425,1440,1405,45875
431,2019-09-03,1410,20,1430,1455,1410,157248
430,2019-09-04,1470,60,1420,1515,1410,405467
429,2019-09-05,1475,5,1470,1520,1470,148434
425,2019-09-06,1450,25,1505,1505,1425,72562
424,2019-09-09,1455,5,1435,1480,1430,114587
423,2019-09-10,1505,50,1460,1555,1460,629431
422,2019-09-11,1525,20,1495,1555,1480,406964
421,2019-09-16,1530,5,1525,1535,1505,74732
418,2019-09-17,1515,15,1545,1545,1500,115684
417,2019-09-18,1640,125,1530,1720,1515,3622200
416,2019-09-19,1620,20,1635,1660,1605,982652
415,2019-09-20,1630,10,1620,1700,1615,1316355
414,2019-09-23,1585,45,1630,1635,1570,462069
410,2019-09-24,1595,10,1550,1620,1545,376150
409,2019-09-25,1540,55,1590,1595,1535,199943
408,2019-09-26,1510,30,1540,1560,1495,268922
407,2019-09-27,1540,30,1505,1540,1490,144626
406,2019-09-30,1555,15,1530,1555,1490,211949
403,2019-10-01,1535,20,1555,1555,1515,120018
402,2019-10-02,1520,15,1535,1575,1500,331456
401,2019-10-04,1480,40,1515,1540,1470,104734
400,2019-10-07,1455,25,1470,1500,1435,135897
399,2019-10-08,1455,0,1435,1460,1415,102061
395,2019-10-10,1470,15,1440,1470,1415,64272
394,2019-10-11,1450,20,1465,1490,1450,95072
393,2019-10-14,1495,45,1455,1510,1425,201490
392,2019-10-15,1525,30,1480,1535,1480,92425
391,2019-10-16,1525,0,1550,1550,1490,65643
388,2019-10-17,1510,15,1525,1575,1490,308637
387,2019-10-18,1470,40,1510,1530,1460,270906
386,2019-10-21,1465,5,1470,1475,1450,53919
385,2019-10-22,1470,5,1475,1475,1455,45970
384,2019-10-23,1440,30,1470,1490,1420,176600
380,2019-10-24,1440,0,1440,1440,1410,79716
379,2019-10-25,1410,30,1430,1435,1410,94594
378,2019-10-28,1430,20,1410,1430,1405,43070
377,2019-10-29,1430,0,1420,1450,1415,109372
376,2019-10-30,1485,55,1445,1520,1430,293875
373,2019-10-31,1505,20,1535,1535,1480,215959
372,2019-11-01,1545,40,1525,1640,1510,1849264
371,2019-11-04,1535,10,1545,1555,1525,204770
370,2019-11-05,1550,15,1540,1550,1530,115873
369,2019-11-06,1535,15,1535,1565,1530,110070
365,2019-11-07,1540,5,1545,1555,1525,98368
364,2019-11-08,1560,20,1550,1570,1525,118213
363,2019-11-11,1580,20,1560,1610,1545,210555
362,2019-11-12,1580,0,1585,1605,1540,155738
361,2019-11-13,1565,15,1575,1595,1540,92162
358,2019-11-14,1575,10,1565,1580,1555,125698
357,2019-11-15,1600,25,1575,1600,1560,137447
356,2019-11-18,1540,60,1610,1630,1540,234510
355,2019-11-19,1510,30,1545,1560,1500,122428
354,2019-11-20,1490,20,1510,1535,1485,126532
350,2019-11-21,1430,60,1465,1495,1390,238659
349,2019-11-22,1435,5,1440,1485,1425,100919
348,2019-11-25,1465,30,1475,1485,1435,85488
347,2019-11-26,1485,20,1475,1495,1460,72681
346,2019-11-27,1505,20,1485,1505,1470,66728
343,2019-11-28,1480,25,1500,1500,1460,62707
342,2019-11-29,1470,10,1510,1515,1430,193936
341,2019-12-02,1470,0,1470,1480,1435,64687
340,2019-12-03,1455,15,1425,1460,1425,70377
339,2019-12-04,1425,30,1465,1465,1410,94362
335,2019-12-05,1395,30,1420,1435,1385,137825
334,2019-12-06,1410,15,1395,1435,1395,79722
333,2019-12-09,1420,10,1410,1440,1385,53509
332,2019-12-10,1390,30,1410,1420,1390,62444
331,2019-12-11,1415,25,1400,1415,1395,33224
328,2019-12-12,1420,5,1410,1450,1405,75248
327,2019-12-13,1460,40,1440,1475,1430,89756
326,2019-12-16,1465,5,1470,1490,1435,86348
325,2019-12-17,1475,10,1465,1530,1435,211533
324,2019-12-18,1470,5,1465,1485,1450,114345
320,2019-12-19,1490,20,1485,1505,1465,67630
319,2019-12-20,1480,10,1500,1500,1470,65343
318,2019-12-23,1475,5,1480,1505,1470,112795
317,2019-12-24,1470,5,1470,1500,1465,175750
316,2019-12-26,1485,15,1465,1490,1455,106510
313,2019-12-27,1500,15,1485,1515,1480,180731
312,2019-12-30,1525,25,1510,1535,1500,160275
311,2020-01-02,1530,5,1540,1565,1520,159567
310,2020-01-03,1505,25,1530,1570,1490,171766
309,2020-01-06,1485,20,1505,1505,1450,140636
305,2020-01-07,1570,85,1515,1575,1490,779890
304,2020-01-08,1535,35,1590,1615,1500,692036
303,2020-01-09,1640,105,1565,1750,1565,3525518
302,2020-01-10,1665,25,1640,1700,1625,567228
301,2020-01-13,1720,55,1685,1760,1680,1314612
298,2020-01-14,1645,75,1725,1745,1635,1102953
297,2020-01-15,1645,0,1660,1665,1630,241221
296,2020-01-16,1630,15,1630,1655,1620,282570
295,2020-01-17,1610,20,1630,1655,1585,450286
294,2020-01-20,1600,10,1615,1630,1580,214516
290,2020-01-21,1570,30,1585,1595,1550,273607
289,2020-01-22,1570,0,1565,1585,1535,259637
288,2020-01-23,1555,15,1565,1565,1535,136115
287,2020-01-28,1450,105,1525,1525,1435,586950
286,2020-01-29,1480,30,1460,1495,1460,312313
283,2020-01-30,1430,50,1485,1485,1430,237057
282,2020-01-31,1410,20,1435,1460,1400,192587
281,2020-02-03,1425,15,1410,1445,1370,201538
280,2020-02-04,1460,35,1450,1470,1425,182289
279,2020-02-05,1465,5,1460,1495,1455,118197
275,2020-02-06,1490,25,1490,1490,1460,218201
274,2020-02-07,1470,20,1490,1490,1455,77855
273,2020-02-10,1475,5,1460,1480,1440,137783
272,2020-02-11,1525,50,1475,1525,1475,231150
271,2020-02-12,1525,0,1525,1535,1505,105456
268,2020-02-13,1580,55,1525,1620,1520,1134331
267,2020-02-14,1585,5,1600,1610,1560,364333
266,2020-02-17,1600,15,1580,1605,1555,334194
265,2020-02-18,1615,15,1610,1640,1585,404456
264,2020-02-19,1610,5,1610,1630,1560,350426
260,2020-02-20,1560,50,1600,1605,1530,284800
259,2020-02-21,1510,50,1530,1555,1500,222287
258,2020-02-24,1425,85,1455,1485,1410,332565
257,2020-02-25,1445,20,1420,1460,1415,172108
256,2020-02-26,1430,15,1420,1455,1415,113093
253,2020-02-27,1390,40,1430,1440,1385,224216
252,2020-02-28,1335,55,1355,1405,1310,369315
251,2020-03-02,1360,25,1335,1365,1315,82391
250,2020-03-03,1390,30,1375,1405,1375,115134
249,2020-03-04,1415,25,1355,1420,1355,67485
245,2020-03-05,1410,5,1425,1430,1405,84906
244,2020-03-06,1370,40,1410,1410,1360,92372
243,2020-03-09,1295,75,1360,1360,1290,130830
242,2020-03-10,1315,20,1275,1320,1255,179243
241,2020-03-11,1235,80,1315,1325,1185,287112
238,2020-03-12,1150,85,1235,1235,1140,292123
237,2020-03-13,1060,90,1010,1095,978,581799
236,2020-03-16,1020,40,1070,1135,1000,253932
235,2020-03-17,1055,35,961,1055,960,248953
234,2020-03-18,1000,55,1055,1090,1000,169726
230,2020-03-19,840,160,1005,1025,812,566784
229,2020-03-20,909,69,842,931,842,347109
228,2020-03-23,900,9,833,920,832,183778
227,2020-03-24,940,40,901,958,901,122820
226,2020-03-25,1025,85,988,1035,972,248572
223,2020-03-26,1070,45,1050,1105,1020,362114
222,2020-03-27,1090,20,1140,1140,1040,281371
221,2020-03-30,1105,15,1080,1140,1055,134463
220,2020-03-31,1145,40,1160,1160,1110,182545
219,2020-04-01,1170,25,1145,1220,1120,250092
215,2020-04-02,1200,30,1170,1205,1135,86948
214,2020-04-03,1215,15,1235,1235,1175,77637
213,2020-04-06,1235,20,1250,1250,1185,112272
212,2020-04-07,1260,25,1260,1270,1200,246484
211,2020-04-08,1295,35,1260,1310,1205,226035
208,2020-04-09,1300,5,1295,1320,1260,229277
207,2020-04-10,1395,95,1285,1410,1205,1993962
206,2020-04-13,1500,105,1500,1730,1440,17861326
205,2020-04-14,1450,50,1525,1550,1425,2953176
204,2020-04-16,1575,125,1730,1730,1505,6127640
200,2020-04-17,1555,20,1595,1600,1510,1313738
199,2020-04-20,1505,50,1535,1565,1505,917551
198,2020-04-21,1475,30,1475,1510,1380,1356133
197,2020-04-22,1490,15,1455,1490,1420,557980
196,2020-04-23,1510,20,1495,1525,1485,476803
193,2020-04-24,1475,35,1480,1490,1430,404647
192,2020-04-27,1525,50,1475,1560,1460,819404
191,2020-04-28,1605,80,1530,1635,1485,2149658
190,2020-04-29,1505,100,1585,1595,1490,1001853
189,2020-05-04,1485,20,1470,1500,1465,310601
185,2020-05-06,1530,45,1515,1555,1500,414466
184,2020-05-07,1520,10,1530,1540,1500,232049
183,2020-05-08,1550,30,1530,1575,1510,395860
182,2020-05-11,1515,35,1550,1555,1500,340020
181,2020-05-12,1515,0,1505,1530,1470,249797
178,2020-05-13,1495,20,1515,1515,1485,253047
177,2020-05-14,1500,5,1500,1540,1480,315523
176,2020-05-15,1500,0,1525,1525,1460,251321
175,2020-05-18,1540,40,1505,1550,1490,362663
174,2020-05-19,1560,20,1545,1600,1525,817362
170,2020-05-20,1615,55,1600,1630,1580,1424878
169,2020-05-21,1560,55,1615,1630,1550,813085
168,2020-05-22,1495,65,1550,1555,1480,729011
167,2020-05-25,1505,10,1510,1515,1485,215958
166,2020-05-26,1530,25,1505,1540,1500,340320
163,2020-05-27,1515,15,1530,1590,1505,1040143
162,2020-05-28,1485,30,1515,1520,1465,329387
161,2020-05-29,1505,20,1475,1535,1475,595234
160,2020-06-01,1505,0,1495,1520,1490,283946
159,2020-06-02,1500,5,1500,1515,1490,209280
155,2020-06-03,1490,10,1505,1510,1485,259870
154,2020-06-04,1485,5,1490,1500,1480,185282
153,2020-06-05,1495,10,1480,1510,1470,300596
152,2020-06-08,1500,5,1505,1530,1490,339135
151,2020-06-09,1520,20,1495,1530,1490,529717
148,2020-06-10,1500,20,1540,1550,1490,241176
147,2020-06-11,1470,30,1500,1505,1455,332553
146,2020-06-12,1450,20,1385,1450,1385,396143
145,2020-06-15,1355,95,1445,1450,1305,475424
144,2020-06-16,1405,50,1365,1415,1365,327483
140,2020-06-17,1390,15,1400,1420,1365,245848
139,2020-06-18,1380,10,1375,1395,1355,184160
138,2020-06-19,1375,5,1380,1400,1365,91466
137,2020-06-22,1380,5,1385,1395,1350,174824
136,2020-06-23,1385,5,1375,1450,1360,306550
133,2020-06-24,1370,15,1395,1395,1365,105684
132,2020-06-25,1330,40,1360,1370,1320,197256
131,2020-06-26,1320,10,1335,1355,1315,155892
130,2020-06-29,1300,20,1305,1325,1260,195982
129,2020-06-30,1380,80,1345,1475,1315,1505227
125,2020-07-01,1350,30,1370,1375,1320,328709
124,2020-07-02,1430,80,1345,1440,1340,541319
123,2020-07-03,1495,65,1430,1565,1420,2521032
122,2020-07-06,1495,0,1500,1525,1455,420315
121,2020-07-07,1480,15,1490,1500,1450,260054
118,2020-07-08,1460,20,1490,1495,1450,125412
117,2020-07-09,1480,20,1475,1495,1465,153783
116,2020-07-10,1450,30,1475,1495,1445,114996
115,2020-07-13,1480,30,1445,1490,1435,117083
114,2020-07-14,1475,5,1480,1480,1435,101562
110,2020-07-15,1470,5,1580,1580,1455,277536
109,2020-07-16,1460,10,1475,1475,1440,110225
108,2020-07-17,1470,10,1460,1470,1445,50433
107,2020-07-20,1425,45,1470,1470,1420,150678
106,2020-07-21,1430,5,1430,1445,1400,128593
103,2020-07-22,1395,35,1435,1435,1390,315762
102,2020-07-23,1400,5,1395,1415,1380,130037
101,2020-07-24,1410,10,1380,1410,1370,120491
100,2020-07-27,1405,5,1410,1410,1390,95646
99,2020-07-28,1400,5,1400,1410,1390,82847
95,2020-07-29,1400,0,1400,1405,1385,67440
94,2020-07-30,1375,25,1395,1450,1375,254126
93,2020-07-31,1385,10,1380,1400,1365,155192
92,2020-08-03,1390,5,1375,1395,1355,169423
91,2020-08-04,1420,30,1390,1525,1385,829905
88,2020-08-05,1420,0,1420,1455,1390,301370
87,2020-08-06,1405,15,1420,1430,1400,83494
86,2020-08-07,1405,0,1405,1425,1390,155338
85,2020-08-10,1385,20,1405,1415,1370,201628
84,2020-08-11,1400,15,1385,1415,1380,143467
80,2020-08-12,1380,20,1400,1400,1370,155787
79,2020-08-13,1400,20,1385,1425,1380,268974
78,2020-08-14,1400,0,1400,1420,1375,255575
77,2020-08-18,1330,70,1390,1390,1330,347330
76,2020-08-19,1360,30,1335,1365,1330,140214
73,2020-08-20,1345,15,1360,1365,1310,189436
72,2020-08-21,1360,15,1330,1370,1330,174535
71,2020-08-24,1370,10,1370,1380,1340,136611
70,2020-08-25,1385,15,1370,1390,1360,227656
69,2020-08-26,1390,5,1385,1400,1355,167915
65,2020-08-27,1395,5,1390,1415,1380,185074
64,2020-08-28,1425,30,1415,1460,1400,364594
63,2020-08-31,1485,60,1430,1625,1430,6350795
62,2020-09-01,1470,15,1490,1525,1430,841087
61,2020-09-02,1455,15,1465,1495,1435,597117
58,2020-09-03,1470,15,1470,1475,1440,277648
57,2020-09-04,1450,20,1415,1450,1405,180931
56,2020-09-07,1470,20,1450,1480,1430,233761
55,2020-09-08,1570,100,1470,1570,1465,2142352
54,2020-09-09,1520,50,1530,1560,1510,913923
50,2020-09-10,1585,65,1525,1655,1525,3174153
49,2020-09-11,1570,15,1585,1605,1545,510296
48,2020-09-14,1590,20,1590,1600,1550,376761
47,2020-09-15,1555,35,1590,1590,1540,279893
46,2020-09-16,1565,10,1555,1590,1555,384396
43,2020-09-17,1530,35,1565,1585,1500,261870
42,2020-09-18,1525,5,1530,1535,1500,95948
41,2020-09-21,1490,35,1530,1540,1475,161962
40,2020-09-22,1460,30,1470,1475,1440,286339
39,2020-09-23,1455,5,1470,1490,1395,137037
35,2020-09-24,1395,60,1405,1445,1380,198632
34,2020-09-25,1430,35,1410,1435,1395,93580
33,2020-09-28,1430,0,1440,1450,1415,102095
32,2020-09-29,1460,30,1435,1460,1415,165079
31,2020-10-05,1460,0,1445,1470,1425,78400
28,2020-10-06,1460,0,1480,1480,1430,204153
27,2020-10-07,1430,30,1445,1450,1415,286759
26,2020-10-08,1455,25,1445,1455,1405,211609
25,2020-10-12,1495,40,1455,1495,1440,236735
24,2020-10-13,1475,20,1495,1500,1450,143185
20,2020-10-14,1450,25,1475,1480,1425,196110
19,2020-10-15,1420,30,1440,1445,1405,188302
18,2020-10-16,1440,20,1415,1445,1405,196418
17,2020-10-19,1445,5,1450,1465,1415,203810
16,2020-10-20,1425,20,1445,1445,1375,299239
13,2020-10-21,1455,30,1415,1460,1415,202954
12,2020-10-22,1435,20,1450,1450,1425,104579
11,2020-10-23,1435,0,1450,1450,1420,88750
10,2020-10-26,1390,45,1440,1440,1380,154574
9,2020-10-27,1375,15,1390,1395,1365,125689
5,2020-10-28,1380,5,1375,1385,1365,71833
4,2020-10-29,1380,0,1350,1385,1345,117644
3,2020-10-30,1360,20,1390,1390,1345,104421
2,2020-11-02,1350,10,1355,1385,1335,228662
1,2020-11-03,1365,15,1350,1375,1350,64075
