,date,close,diff,open,high,low,volume
448,2019-08-16,15450,350,14700,15750,14550,294214
447,2019-08-19,15450,0,15650,15750,15300,97286
446,2019-08-20,15700,250,15550,15800,15450,104482
445,2019-08-21,15400,300,15650,15950,15350,131984
444,2019-08-22,15700,300,15650,16250,15600,342978
440,2019-08-23,15650,50,15550,15850,15200,212593
439,2019-08-26,15000,650,15000,15350,14850,150788
438,2019-08-27,15850,850,15400,16000,15300,296391
437,2019-08-28,16200,350,15950,16550,15950,228677
436,2019-08-29,16000,200,16200,16250,15750,89494
433,2019-08-30,16200,200,16250,16300,15850,164238
432,2019-09-02,16000,200,16150,16150,15800,99368
431,2019-09-03,15800,200,15900,16150,15700,115266
430,2019-09-04,15900,100,15800,16000,15700,110493
429,2019-09-05,16350,450,16100,16600,15950,234528
425,2019-09-06,16150,200,16500,16550,16100,65621
424,2019-09-09,16400,250,17700,17700,16400,516417
423,2019-09-10,16900,500,16400,17100,16400,223877
422,2019-09-11,16900,0,16900,17050,16600,128749
421,2019-09-16,17000,100,16950,17100,16750,107956
418,2019-09-17,17100,100,17000,17250,16750,72337
417,2019-09-18,16650,450,17100,17250,16500,221707
416,2019-09-19,16750,100,16800,17350,16650,244964
415,2019-09-20,17000,250,16750,17050,16650,92168
414,2019-09-23,16750,250,17000,17000,16600,104818
410,2019-09-24,16600,150,16700,16900,16600,91390
409,2019-09-25,15350,1250,16550,16550,15200,488330
408,2019-09-26,15150,200,15600,15600,14900,193582
407,2019-09-27,15300,150,15200,15350,15050,73411
406,2019-09-30,15100,200,15200,15400,14850,138659
403,2019-10-01,15500,400,15300,15600,15150,86364
402,2019-10-02,15150,350,15350,15450,15150,47824
401,2019-10-04,14950,200,15150,15250,14900,54391
400,2019-10-07,14850,100,15050,15200,14450,84189
399,2019-10-08,15300,450,14750,15350,14650,81045
395,2019-10-10,15150,150,15100,15400,15050,80990
394,2019-10-11,15300,150,15200,15700,15150,128856
393,2019-10-14,16050,750,15550,16250,15450,230051
392,2019-10-15,16250,200,16050,16400,15700,100202
391,2019-10-16,16250,0,16300,16450,16000,93357
388,2019-10-17,16350,100,16250,16550,16050,133364
387,2019-10-18,16700,350,16450,17100,16300,405392
386,2019-10-21,16100,600,16950,17000,16100,216030
385,2019-10-22,15900,200,15950,16250,15750,151531
384,2019-10-23,15550,350,15900,15950,15400,111330
380,2019-10-24,16300,750,15600,16300,15600,185229
379,2019-10-25,16100,200,16250,16300,15900,98629
378,2019-10-28,16700,600,16150,16700,16050,219622
377,2019-10-29,16350,350,16750,16750,16250,116260
376,2019-10-30,16050,300,16300,16350,15850,103777
373,2019-10-31,16200,150,16300,16500,16100,87263
372,2019-11-01,16100,100,16200,16300,16000,54322
371,2019-11-04,16200,100,16200,16600,16100,104220
370,2019-11-05,16250,50,16250,16500,16100,99580
369,2019-11-06,15750,500,16250,16350,15650,169314
365,2019-11-07,15600,150,15750,15900,15450,74488
364,2019-11-08,15550,50,15600,15850,15500,71713
363,2019-11-11,15750,200,15600,15800,15400,54758
362,2019-11-12,15650,100,15800,15800,15500,67879
361,2019-11-13,15500,150,15650,15750,15500,33689
358,2019-11-14,15250,250,15500,15600,15150,115225
357,2019-11-15,15400,150,15250,15500,15100,41118
356,2019-11-18,15150,250,15400,15500,15100,57849
355,2019-11-19,15300,150,15250,15350,15100,79356
354,2019-11-20,14700,600,15300,15300,14600,143188
350,2019-11-21,14200,500,14650,14800,14000,126247
349,2019-11-22,14250,50,14200,14600,14150,72081
348,2019-11-25,14550,300,14450,14700,14350,47942
347,2019-11-26,14500,50,14600,14650,14450,62404
346,2019-11-27,14600,100,14550,14650,14450,43674
343,2019-11-28,14350,250,14550,14700,14300,41533
342,2019-11-29,14250,100,14300,14400,13900,86258
341,2019-12-02,14100,150,14350,14350,14050,35989
340,2019-12-03,14000,100,14000,14250,13950,34001
339,2019-12-04,13700,300,14100,14100,13650,55687
335,2019-12-05,13750,50,13800,14000,13600,46435
334,2019-12-06,14000,250,13650,14050,13650,40627
333,2019-12-09,14150,150,14000,14300,13950,47869
332,2019-12-10,14150,0,14300,14400,14050,41837
331,2019-12-11,14200,50,14050,14250,14050,36714
328,2019-12-12,14250,50,14200,14350,14150,36455
327,2019-12-13,14500,250,14350,14550,14350,56489
326,2019-12-16,14500,0,14450,14600,14300,28369
325,2019-12-17,14500,0,14650,14650,14350,39980
324,2019-12-18,14300,200,14500,14550,14150,63058
320,2019-12-19,14300,0,14250,14450,14200,38809
319,2019-12-20,14550,250,14300,14600,14200,50108
318,2019-12-23,14250,300,14650,14650,14250,37122
317,2019-12-24,14400,150,14250,14400,14150,28985
316,2019-12-26,14700,300,14400,14700,14350,81742
313,2019-12-27,14850,150,14550,14900,14500,79334
312,2019-12-30,15250,400,14800,15300,14800,115794
311,2020-01-02,15250,0,15300,15400,15100,85686
310,2020-01-03,15250,0,15300,15500,15200,96149
309,2020-01-06,14800,450,14950,15000,14600,87094
305,2020-01-07,14800,0,15000,15050,14750,52630
304,2020-01-08,14250,550,14650,14750,14050,134075
303,2020-01-09,14800,550,14550,14900,14550,78580
302,2020-01-10,15350,550,14950,15650,14900,268671
301,2020-01-13,16200,850,15600,16350,15600,417919
298,2020-01-14,16500,300,16500,16900,16300,370207
297,2020-01-15,16700,200,16550,16800,16350,131548
296,2020-01-16,16500,200,16700,16700,16200,172467
295,2020-01-17,16300,200,16700,16750,16200,157184
294,2020-01-20,16450,150,16500,16750,16250,151711
290,2020-01-21,16500,50,16700,16700,16100,99538
289,2020-01-22,16500,0,16400,16650,16300,78274
288,2020-01-23,16900,400,16500,17100,16450,354349
287,2020-01-28,16700,200,16000,16750,15950,209962
286,2020-01-29,16450,250,16850,16950,16300,99724
283,2020-01-30,15950,500,16550,17050,15550,471817
282,2020-01-31,15500,450,16150,16400,15450,229674
281,2020-02-03,15850,350,15000,15900,14750,140750
280,2020-02-04,16300,450,16100,16600,16050,307918
279,2020-02-05,16150,150,16550,16650,15950,240321
275,2020-02-06,16450,300,16150,16450,16000,135084
274,2020-02-07,17200,750,16500,17500,16400,742998
273,2020-02-10,17650,450,17250,17800,17150,491713
272,2020-02-11,17700,50,17800,17950,17500,361017
271,2020-02-12,17900,200,17750,17900,17400,264887
268,2020-02-13,17600,300,17900,18050,17350,230997
267,2020-02-14,17750,150,17550,17800,17450,157844
266,2020-02-17,18000,250,17800,18050,17550,220960
265,2020-02-18,17400,600,18000,18000,17300,170779
264,2020-02-19,17150,250,17700,17800,16850,211965
260,2020-02-20,17250,100,17300,17500,16700,158793
259,2020-02-21,16450,800,16750,17150,16300,167681
258,2020-02-24,15600,850,15800,16300,15600,276935
257,2020-02-25,16000,400,15500,16050,15350,154942
256,2020-02-26,16100,100,15550,16450,15400,286180
253,2020-02-27,15250,850,16200,16250,15200,214741
252,2020-02-28,14150,1100,14900,15150,14100,375125
251,2020-03-02,14850,700,14250,14950,14000,170161
250,2020-03-03,14850,0,15400,15450,14850,157801
249,2020-03-04,15350,500,14600,15400,14550,98262
245,2020-03-05,15500,150,15600,15650,15100,111655
244,2020-03-06,15200,300,15150,15400,15050,94859
243,2020-03-09,14250,950,14850,14950,14050,181718
242,2020-03-10,14450,200,13950,14450,13700,144945
241,2020-03-11,13350,1100,14450,14500,13200,289734
238,2020-03-12,12450,900,13200,13350,12400,260119
237,2020-03-13,11350,1100,11350,11800,10300,431594
236,2020-03-16,10350,1000,11700,11850,10350,260799
235,2020-03-17,10050,300,9500,10450,9500,419395
234,2020-03-18,9490,560,10150,10300,9490,227156
230,2020-03-19,7570,1920,9630,9950,7410,404120
229,2020-03-20,8740,1170,7770,8740,7750,299671
228,2020-03-23,8080,660,8190,8410,7830,249797
227,2020-03-24,8840,760,8330,8840,8210,223379
226,2020-03-25,9440,600,9120,9470,8990,249623
223,2020-03-26,9500,60,9440,9920,9300,195011
222,2020-03-27,9740,240,9900,10200,9300,232412
221,2020-03-30,10100,360,9500,10300,9260,156876
220,2020-03-31,10200,100,10400,10600,9980,138689
219,2020-04-01,10200,0,10250,11000,10000,202703
215,2020-04-02,11200,1000,10350,11200,10050,167246
214,2020-04-03,11550,350,11450,11700,11150,228900
213,2020-04-06,11800,250,11550,11850,11500,130378
212,2020-04-07,12050,250,12200,12250,11750,158296
211,2020-04-08,12350,300,12000,12750,11800,302314
208,2020-04-09,12500,150,12600,12900,12400,119499
207,2020-04-10,12350,150,12600,12650,12000,114347
206,2020-04-13,11850,500,12250,12350,11850,114481
205,2020-04-14,12600,750,13000,13450,12550,931449
204,2020-04-16,12900,300,12600,13000,12550,241452
200,2020-04-17,13050,150,13150,13450,13000,325994
199,2020-04-20,13400,350,13100,13400,12800,177443
198,2020-04-21,13150,250,13150,13450,12550,227548
197,2020-04-22,13300,150,12700,13300,12550,145034
196,2020-04-23,13500,200,13700,13700,13250,120455
193,2020-04-24,13650,150,13400,14200,13350,243276
192,2020-04-27,13700,50,13800,13800,13550,82001
191,2020-04-28,13300,400,13750,14050,13300,151940
190,2020-04-29,13400,100,13350,13500,13200,78072
189,2020-05-04,13100,300,13000,13400,13000,69118
185,2020-05-06,13300,200,13250,13350,13150,73716
184,2020-05-07,13300,0,13300,13500,13200,71092
183,2020-05-08,13450,150,13500,13550,13350,68772
182,2020-05-11,13200,250,13650,13650,13200,55286
181,2020-05-12,13400,200,13200,13400,12700,101540
178,2020-05-13,14150,750,13200,14750,13100,727999
177,2020-05-14,13850,300,14150,14400,13800,232030
176,2020-05-15,13800,50,13950,14150,13650,90996
175,2020-05-18,14200,400,13950,14550,13750,183795
174,2020-05-19,14250,50,14600,14600,14100,135854
170,2020-05-20,14700,450,14250,14750,14250,180476
169,2020-05-21,15400,700,14950,15800,14850,615877
168,2020-05-22,15150,250,15350,15600,14900,188719
167,2020-05-25,15700,550,15200,15800,15050,234542
166,2020-05-26,17450,1750,15850,17600,15750,1520980
163,2020-05-27,18000,550,17800,18350,17250,1521360
162,2020-05-28,16950,1050,18200,18250,16500,1086485
161,2020-05-29,17600,650,17100,17900,16750,1075185
160,2020-06-01,17650,50,17850,18000,17350,359759
159,2020-06-02,17400,250,17650,17750,17200,277565
155,2020-06-03,17700,300,17400,18000,17050,505740
154,2020-06-04,17200,500,17900,18000,17000,310727
153,2020-06-05,17350,150,17250,17650,16850,336206
152,2020-06-08,17100,250,17500,17500,16850,202627
151,2020-06-09,19000,1900,17450,19750,17450,2893597
148,2020-06-10,19650,650,18850,19650,18300,1100287
147,2020-06-11,23500,3850,20000,25450,19550,4658162
146,2020-06-12,24450,950,22300,25050,21950,2589037
145,2020-06-15,20250,4200,24000,24550,19750,1738001
144,2020-06-16,23050,2800,21600,23500,20850,1426893
140,2020-06-17,23500,450,22900,24750,22850,1165948
139,2020-06-18,22500,1000,23500,23700,22400,473516
138,2020-06-19,23000,500,22900,23250,21850,579351
137,2020-06-22,25800,2800,23000,26100,22550,1765873
136,2020-06-23,27600,1800,26500,30250,26250,3567662
133,2020-06-24,27050,550,27700,28400,26400,924005
132,2020-06-25,27950,900,27600,30350,27000,2647639
131,2020-06-26,27650,300,28650,29750,26500,784717
130,2020-06-29,27650,0,27300,29150,26700,701988
129,2020-06-30,27850,200,28450,28600,26700,461117
125,2020-07-01,26500,1350,28200,28850,26200,606774
124,2020-07-02,26850,350,26900,26900,25250,567094
123,2020-07-03,26300,550,26900,26900,25800,363889
122,2020-07-06,28200,1900,26600,28550,25750,1054294
121,2020-07-07,28700,500,28300,29250,27150,861972
118,2020-07-08,28400,300,28700,28900,27850,668955
117,2020-07-09,31150,2750,29100,31500,28350,2107509
116,2020-07-10,30050,1100,31250,31700,29550,1162149
115,2020-07-13,30750,700,30500,32300,29800,1621474
114,2020-07-14,29150,1600,30350,30350,28900,855415
110,2020-07-15,29200,50,29550,30500,29000,538221
109,2020-07-16,29750,550,29600,29800,28750,376695
108,2020-07-17,29350,400,29500,29850,28750,262897
107,2020-07-20,31000,1650,29100,31200,28550,875965
106,2020-07-21,34050,3050,31700,34300,30500,1345310
103,2020-07-22,37000,2950,33400,38450,33150,1849148
102,2020-07-23,38050,1050,37200,39400,36050,1102108
101,2020-07-24,37850,200,37250,39150,37100,468444
100,2020-07-27,39300,1450,37800,39350,36650,591303
99,2020-07-28,40550,1250,40200,41250,39000,494995
95,2020-07-29,43500,2950,40150,44150,40050,732394
94,2020-07-30,43200,300,44600,44650,41250,707754
93,2020-07-31,48000,4800,43000,50600,42650,1310433
92,2020-08-03,47950,50,48100,50500,47350,546947
91,2020-08-04,48100,150,47900,50000,47750,378650
88,2020-08-05,47600,500,48100,48500,46700,451696
87,2020-08-06,47600,0,47650,49200,47000,379470
86,2020-08-07,47850,250,47300,49300,47300,381242
85,2020-08-10,55100,7250,48300,55100,47800,1020126
84,2020-08-11,51300,3800,54200,54900,51000,813898
80,2020-08-12,49400,1900,49950,50800,46700,1221256
79,2020-08-13,48650,750,50300,52000,47450,495558
78,2020-08-14,46500,2150,48550,48550,45750,490216
77,2020-08-18,43200,3300,46100,47150,41700,643583
76,2020-08-19,45000,1800,43500,45200,41800,637268
73,2020-08-20,42800,2200,45200,46200,42100,552704
72,2020-08-21,44900,2100,44200,45800,42650,565919
71,2020-08-24,46900,2000,44800,47050,42700,493310
70,2020-08-25,47750,850,49450,49850,47150,602433
69,2020-08-26,47800,50,48200,48550,46250,347076
65,2020-08-27,48000,200,47850,49800,47000,537706
64,2020-08-28,48650,650,48950,50200,47850,410004
63,2020-08-31,48750,100,48850,49850,48100,295464
62,2020-09-01,52400,3650,48900,52900,48900,872338
61,2020-09-02,49900,2500,53100,53100,49300,658258
58,2020-09-03,49450,450,49900,50400,48950,397986
57,2020-09-04,48000,1450,46950,48850,46600,523473
56,2020-09-07,50300,2300,47700,52400,47700,1115522
55,2020-09-08,47700,2600,50700,51000,46450,554991
54,2020-09-09,46350,1350,49400,49850,46300,539001
50,2020-09-10,48150,1800,47600,49200,47300,510188
49,2020-09-11,48200,50,48150,49000,47050,210273
48,2020-09-14,49250,1050,47700,49250,47350,359222
47,2020-09-15,49200,50,49850,49900,48350,282228
46,2020-09-16,47500,1700,49550,49650,47500,273628
43,2020-09-17,46500,1000,47500,48100,46400,241923
42,2020-09-18,47150,650,46500,47250,46050,124242
41,2020-09-21,44000,3150,47400,47400,43400,386578
40,2020-09-22,41350,2650,43750,43750,40300,542961
39,2020-09-23,41550,200,42500,44450,40600,481151
35,2020-09-24,41300,250,40100,44300,39500,730713
34,2020-09-25,40500,800,41750,42500,39900,199327
33,2020-09-28,41950,1450,40650,42200,40600,147707
32,2020-09-29,42100,150,42900,43400,41700,229441
31,2020-10-05,44250,2150,42100,44550,42000,246774
28,2020-10-06,43650,600,44550,44800,42950,160116
27,2020-10-07,43200,450,43400,44400,42850,150103
26,2020-10-08,43350,150,44000,44000,42550,125168
25,2020-10-12,42850,500,44000,44000,42750,96131
24,2020-10-13,42250,600,42850,43200,41250,154382
20,2020-10-14,42900,650,42450,43450,41800,152922
19,2020-10-15,41300,1600,42900,43100,40500,192813
18,2020-10-16,39850,1450,41500,41850,39250,163458
17,2020-10-19,37000,2850,39850,39850,37000,283414
16,2020-10-20,38100,1100,36300,38400,36000,222402
13,2020-10-21,38750,650,37800,38750,37250,80718
12,2020-10-22,36300,2450,38700,38700,36300,183442
11,2020-10-23,36500,200,36900,37150,36100,159873
10,2020-10-26,34250,2250,36750,36750,34000,278258
9,2020-10-27,36100,1850,33600,36650,33450,239379
5,2020-10-28,38250,2150,36250,38700,36250,336561
4,2020-10-29,40800,2550,37250,40950,37100,393720
3,2020-10-30,39550,1250,40900,41800,39050,336942
2,2020-11-02,39950,400,39850,40300,38550,166613
1,2020-11-03,40550,600,40400,41250,39950,190793
