,date,close,diff,open,high,low,volume
448,2019-08-16,1405,35,1440,1440,1370,254874
447,2019-08-19,1450,45,1405,1465,1385,144373
446,2019-08-20,1525,75,1480,1565,1445,255955
445,2019-08-21,1520,5,1515,1545,1500,64072
444,2019-08-22,1495,25,1500,1540,1495,80572
440,2019-08-23,1520,25,1495,1525,1455,63445
439,2019-08-26,1475,45,1465,1535,1465,101796
438,2019-08-27,1455,20,1505,1505,1455,37253
437,2019-08-28,1460,5,1490,1490,1425,131262
436,2019-08-29,1410,50,1460,1460,1410,89482
433,2019-08-30,1420,10,1430,1455,1420,78497
432,2019-09-02,1420,0,1425,1450,1410,78534
431,2019-09-03,1405,15,1440,1440,1380,188843
430,2019-09-04,1405,0,1425,1425,1385,75503
429,2019-09-05,1410,5,1400,1425,1385,122145
425,2019-09-06,1430,20,1420,1445,1415,68617
424,2019-09-09,1395,35,1440,1440,1385,104029
423,2019-09-10,1425,30,1380,1450,1380,112210
422,2019-09-11,1450,25,1445,1460,1415,102728
421,2019-09-16,1445,5,1495,1495,1425,53796
418,2019-09-17,1470,25,1450,1470,1425,88878
417,2019-09-18,1460,10,1470,1485,1450,75214
416,2019-09-19,1555,95,1450,1555,1450,267075
415,2019-09-20,1680,125,1730,1730,1605,753767
414,2019-09-23,1610,70,1655,1725,1575,368201
410,2019-09-24,1670,60,1600,1685,1580,155849
409,2019-09-25,1610,60,1695,1695,1610,154543
408,2019-09-26,1620,10,1610,1705,1600,195713
407,2019-09-27,1550,70,1620,1670,1530,210631
406,2019-09-30,1520,30,1535,1600,1475,193286
403,2019-10-01,1500,20,1540,1545,1450,290535
402,2019-10-02,1425,75,1465,1500,1400,388109
401,2019-10-04,1410,15,1430,1445,1410,180145
400,2019-10-07,1395,15,1410,1450,1395,169682
399,2019-10-08,1415,20,1450,1450,1360,83185
395,2019-10-10,1420,5,1415,1430,1380,137575
394,2019-10-11,1430,10,1420,1455,1415,52098
393,2019-10-14,1430,0,1465,1465,1410,142430
392,2019-10-15,1425,5,1430,1440,1415,114371
391,2019-10-16,1420,5,1425,1430,1395,94342
388,2019-10-17,1430,10,1420,1445,1400,121458
387,2019-10-18,1435,5,1450,1450,1420,55866
386,2019-10-21,1415,20,1455,1455,1405,112375
385,2019-10-22,1405,10,1405,1430,1400,117691
384,2019-10-23,1380,25,1405,1420,1350,334974
380,2019-10-24,1345,35,1400,1400,1340,265946
379,2019-10-25,1340,5,1350,1370,1310,148760
378,2019-10-28,1335,5,1340,1375,1300,192207
377,2019-10-29,1320,15,1350,1350,1310,64067
376,2019-10-30,1320,0,1320,1335,1310,66961
373,2019-10-31,1345,25,1320,1350,1320,50909
372,2019-11-01,1345,0,1330,1370,1315,83277
371,2019-11-04,1355,10,1360,1360,1330,86252
370,2019-11-05,1440,85,1355,1490,1350,378192
369,2019-11-06,1460,20,1450,1510,1445,204428
365,2019-11-07,1410,50,1500,1500,1400,156976
364,2019-11-08,1400,10,1410,1425,1390,82544
363,2019-11-11,1400,0,1405,1425,1385,133013
362,2019-11-12,1410,10,1410,1415,1385,54017
361,2019-11-13,1425,15,1445,1445,1400,45225
358,2019-11-14,1365,60,1405,1435,1355,108413
357,2019-11-15,1400,35,1370,1420,1365,63109
356,2019-11-18,1410,10,1410,1420,1375,94900
355,2019-11-19,1505,95,1420,1560,1420,1411913
354,2019-11-20,1555,50,1505,1565,1465,440046
350,2019-11-21,1495,60,1560,1580,1460,256142
349,2019-11-22,1470,25,1470,1570,1445,284729
348,2019-11-25,1500,30,1485,1500,1455,106137
347,2019-11-26,1525,25,1505,1525,1460,146916
346,2019-11-27,1580,55,1525,1750,1505,4330688
343,2019-11-28,1715,135,1570,1715,1560,908779
342,2019-11-29,1695,20,1725,1760,1645,474925
341,2019-12-02,1675,20,1695,1710,1565,361770
340,2019-12-03,1620,55,1665,1680,1600,208254
339,2019-12-04,1580,40,1605,1650,1570,88364
335,2019-12-05,1540,40,1580,1620,1505,123266
334,2019-12-06,1595,55,1545,1620,1545,242501
333,2019-12-09,1465,130,1595,1595,1460,240264
332,2019-12-10,1470,5,1510,1525,1360,417920
331,2019-12-11,1475,5,1470,1510,1420,95796
328,2019-12-12,1475,0,1485,1495,1445,108258
327,2019-12-13,1490,15,1475,1520,1475,177354
326,2019-12-16,1495,5,1505,1515,1470,147609
325,2019-12-17,1485,10,1495,1510,1460,143916
324,2019-12-18,1455,30,1485,1490,1455,175749
320,2019-12-19,1465,10,1475,1495,1450,102852
319,2019-12-20,1470,5,1465,1470,1425,72617
318,2019-12-23,1415,55,1470,1470,1405,204997
317,2019-12-24,1410,5,1415,1430,1395,115188
316,2019-12-26,1430,20,1410,1435,1385,172793
313,2019-12-27,1575,145,1430,1615,1430,766910
312,2019-12-30,1690,115,1575,1745,1560,1650748
311,2020-01-02,1755,65,1690,1770,1685,634972
310,2020-01-03,1740,15,1755,1765,1675,301284
309,2020-01-06,1685,55,1740,1745,1640,290112
305,2020-01-07,1655,30,1685,1715,1635,154486
304,2020-01-08,1560,95,1650,1690,1525,249863
303,2020-01-09,1570,10,1560,1630,1560,179394
302,2020-01-10,1660,90,1570,1720,1570,215158
301,2020-01-13,1665,5,1660,1680,1630,146204
298,2020-01-14,1635,30,1665,1680,1615,101246
297,2020-01-15,1605,30,1615,1645,1605,64932
296,2020-01-16,1630,25,1610,1635,1605,44315
295,2020-01-17,1630,0,1635,1640,1605,61254
294,2020-01-20,1545,85,1630,1675,1510,196430
290,2020-01-21,1490,55,1545,1545,1465,255381
289,2020-01-22,1530,40,1490,1550,1480,103616
288,2020-01-23,1540,10,1570,1575,1510,80358
287,2020-01-28,1525,15,1540,1545,1490,62918
286,2020-01-29,1615,90,1525,1675,1525,620536
283,2020-01-30,1685,70,1615,1685,1575,387622
282,2020-01-31,1655,30,1670,1730,1600,668678
281,2020-02-03,1620,35,1645,1645,1570,301088
280,2020-02-04,1670,50,1620,1685,1615,163302
279,2020-02-05,1680,10,1670,1685,1625,156130
275,2020-02-06,1680,0,1680,1735,1635,272385
274,2020-02-07,1710,30,1680,1715,1615,389967
273,2020-02-10,1655,55,1705,1710,1650,101594
272,2020-02-11,1595,60,1655,1655,1570,244828
271,2020-02-12,1605,10,1560,1615,1560,132834
268,2020-02-13,1605,0,1605,1615,1550,246296
267,2020-02-14,1730,125,1610,1770,1610,1492889
266,2020-02-17,1775,45,1730,1815,1665,1197486
265,2020-02-18,1795,20,1780,1825,1700,766642
264,2020-02-19,1730,65,1740,1750,1660,739762
260,2020-02-20,1655,75,1690,1760,1635,815084
259,2020-02-21,1555,100,1635,1645,1550,670330
258,2020-02-24,1475,80,1525,1565,1470,472504
257,2020-02-25,1500,25,1480,1530,1440,358108
256,2020-02-26,1485,15,1460,1505,1455,169820
253,2020-02-27,1430,55,1470,1500,1425,259230
252,2020-02-28,1440,10,1430,1440,1365,203948
251,2020-03-02,1400,40,1425,1440,1350,197297
250,2020-03-03,1440,40,1440,1470,1385,214576
249,2020-03-04,1520,80,1440,1525,1435,148285
245,2020-03-05,1515,5,1520,1550,1485,146084
244,2020-03-06,1480,35,1495,1520,1445,139401
243,2020-03-09,1415,65,1475,1475,1395,145439
242,2020-03-10,1420,5,1370,1430,1370,139513
241,2020-03-11,1385,35,1420,1430,1360,169397
238,2020-03-12,1380,5,1375,1400,1255,320264
237,2020-03-13,1360,20,1340,1375,1085,661671
236,2020-03-16,1270,90,1320,1390,1255,431035
235,2020-03-17,1300,30,1115,1355,1115,441476
234,2020-03-18,1240,60,1305,1330,1215,142869
230,2020-03-19,1045,195,1250,1325,999,1026709
229,2020-03-20,1060,15,1050,1115,999,459654
228,2020-03-23,981,79,1060,1060,920,341678
227,2020-03-24,1000,19,980,1025,951,123422
226,2020-03-25,1005,5,1025,1085,990,171646
223,2020-03-26,996,9,1005,1045,988,334698
222,2020-03-27,1055,59,1005,1105,994,695998
221,2020-03-30,1060,5,1055,1085,1020,223973
220,2020-03-31,1215,155,1060,1270,1060,669431
219,2020-04-01,1230,15,1220,1310,1205,643585
215,2020-04-02,1205,25,1225,1280,1150,304792
214,2020-04-03,1195,10,1205,1205,1130,371158
213,2020-04-06,1405,210,1295,1405,1225,1488731
212,2020-04-07,1460,55,1430,1505,1420,984076
211,2020-04-08,1585,125,1460,1625,1460,1051106
208,2020-04-09,1550,35,1590,1655,1450,1135378
207,2020-04-10,1600,50,1575,1645,1515,901284
206,2020-04-13,1550,50,1665,1675,1465,2438766
205,2020-04-14,1590,40,1550,1595,1500,877072
204,2020-04-16,1615,25,1615,1650,1550,824869
200,2020-04-17,1670,55,1630,1670,1560,945071
199,2020-04-20,1680,10,1690,1750,1625,951562
198,2020-04-21,1795,115,1680,1830,1515,3733241
197,2020-04-22,1860,65,1845,1920,1770,2477222
196,2020-04-23,1840,20,2035,2235,1765,4014874
193,2020-04-24,1830,10,1840,1915,1710,1190234
192,2020-04-27,1905,75,1895,1980,1850,1527261
191,2020-04-28,1890,15,1910,1925,1860,586965
190,2020-04-29,1795,95,1910,1915,1720,1389503
189,2020-05-04,1790,5,1790,1795,1690,849353
185,2020-05-06,1840,50,1865,1890,1745,2531990
184,2020-05-07,1845,5,1880,1895,1750,1404914
183,2020-05-08,1780,65,1795,1835,1775,1084748
182,2020-05-11,1775,5,1790,1815,1700,979818
181,2020-05-12,1915,140,1780,2010,1740,4264949
178,2020-05-13,1990,75,1890,1990,1830,2589133
177,2020-05-14,1835,155,2015,2180,1700,8445178
176,2020-05-15,1905,70,1905,1945,1835,1916106
175,2020-05-18,1895,10,1900,2005,1880,1164076
174,2020-05-19,1855,40,1890,1915,1800,863254
170,2020-05-20,1835,20,1855,1860,1800,662139
169,2020-05-21,1775,60,1830,1855,1750,1184657
168,2020-05-22,1825,50,1775,1835,1760,767558
167,2020-05-25,1930,105,1865,1955,1845,1266056
166,2020-05-26,1930,0,1950,1970,1870,876857
163,2020-05-27,1930,0,1960,1960,1800,1218549
162,2020-05-28,1925,5,1930,1930,1840,745229
161,2020-05-29,1930,5,1925,1930,1870,582086
160,2020-06-01,1935,5,1925,1975,1910,893692
159,2020-06-02,2090,155,1945,2100,1930,3424230
155,2020-06-03,2040,50,2090,2090,1985,1572337
154,2020-06-04,2040,0,2045,2085,1990,935587
153,2020-06-05,1985,55,2020,2035,1985,523625
152,2020-06-08,2030,45,1985,2030,1965,820320
151,2020-06-09,2050,20,2020,2080,2000,979217
148,2020-06-10,2055,5,2100,2105,2020,1168154
147,2020-06-11,1995,60,2230,2450,1995,7089013
146,2020-06-12,1925,70,1960,2020,1815,2097194
145,2020-06-15,1815,110,1950,1955,1760,1404026
144,2020-06-16,1895,80,1830,1905,1785,832944
140,2020-06-17,1990,95,1870,2005,1800,1942166
139,2020-06-18,1995,5,1995,2025,1940,910055
138,2020-06-19,2000,5,1975,2065,1950,1573695
137,2020-06-22,1990,10,2000,2005,1945,729604
136,2020-06-23,1845,145,1965,1965,1840,1502505
133,2020-06-24,1725,120,1850,1850,1670,2072998
132,2020-06-25,1675,50,1705,1815,1670,2101467
131,2020-06-26,1600,75,1690,1700,1580,905791
130,2020-06-29,1550,50,1595,1625,1550,967172
129,2020-06-30,1605,55,1655,1655,1540,1038952
125,2020-07-01,1720,115,1750,1760,1645,1718727
124,2020-07-02,1750,30,1770,1820,1715,1351481
123,2020-07-03,1700,50,1735,1770,1680,373010
122,2020-07-06,1670,30,1675,1705,1630,441135
121,2020-07-07,1585,85,1675,1675,1550,896462
118,2020-07-08,1570,15,1585,1610,1560,337272
117,2020-07-09,1580,10,1550,1580,1535,632435
116,2020-07-10,1555,25,1580,1580,1515,392715
115,2020-07-13,1540,15,1555,1615,1535,337147
114,2020-07-14,1455,85,1540,1550,1430,1046346
110,2020-07-15,1600,145,1465,1650,1455,2135268
109,2020-07-16,1555,45,1600,1675,1555,1630819
108,2020-07-17,1555,0,1605,1620,1510,720482
107,2020-07-20,1540,15,1570,1585,1535,448741
106,2020-07-21,1540,0,1540,1570,1500,253430
103,2020-07-22,1490,50,1535,1540,1470,841798
102,2020-07-23,1460,30,1485,1500,1445,544676
101,2020-07-24,1500,40,1460,1525,1435,603474
100,2020-07-27,1490,10,1500,1535,1465,386942
99,2020-07-28,1500,10,1510,1555,1475,600387
95,2020-07-29,1475,25,1510,1510,1470,207549
94,2020-07-30,1565,90,1475,1575,1450,774775
93,2020-07-31,1420,145,1565,1570,1420,640720
92,2020-08-03,1480,60,1440,1510,1440,724725
91,2020-08-04,1470,10,1490,1510,1445,497786
88,2020-08-05,1510,40,1475,1525,1400,688643
87,2020-08-06,1445,65,1530,1540,1430,846943
86,2020-08-07,1445,0,1455,1480,1415,573209
85,2020-08-10,1500,55,1460,1570,1435,1304906
84,2020-08-11,1435,65,1490,1515,1385,1941667
80,2020-08-12,1375,60,1430,1430,1335,1343451
79,2020-08-13,1300,75,1365,1375,1300,1054587
78,2020-08-14,1285,15,1300,1315,1250,919376
77,2020-08-18,1270,15,1305,1355,1245,1360140
76,2020-08-19,1315,45,1270,1330,1270,742578
73,2020-08-20,1315,0,1305,1370,1235,1049422
72,2020-08-21,1260,55,1325,1330,1245,768468
71,2020-08-24,1240,20,1260,1265,1185,958078
70,2020-08-25,1330,90,1260,1340,1245,1046383
69,2020-08-26,1330,0,1335,1340,1295,507211
65,2020-08-27,1320,10,1330,1355,1305,699040
64,2020-08-28,1380,60,1315,1425,1310,1147748
63,2020-08-31,1515,135,1490,1780,1435,13847232
62,2020-09-01,1500,15,1535,1620,1445,5808739
61,2020-09-02,1440,60,1495,1495,1430,1165898
58,2020-09-03,1410,30,1440,1470,1400,1116673
57,2020-09-04,1420,10,1370,1425,1305,1341935
56,2020-09-07,1455,35,1405,1460,1380,1490240
55,2020-09-08,1435,20,1480,1480,1405,2431101
54,2020-09-09,1455,20,1675,1685,1455,10815135
50,2020-09-10,1420,35,1475,1510,1400,2275014
49,2020-09-11,1455,35,1440,1455,1370,2226853
48,2020-09-14,1480,25,1450,1545,1440,2490076
47,2020-09-15,1515,35,1455,1515,1410,3283481
46,2020-09-16,1550,35,1530,1555,1485,2467889
43,2020-09-17,1700,150,1560,1760,1550,13411709
42,2020-09-18,1625,75,1700,1705,1590,4185470
41,2020-09-21,1900,275,1710,1940,1670,23138926
40,2020-09-22,1750,150,1890,2100,1650,20931300
39,2020-09-23,1615,135,1815,1825,1560,7573394
35,2020-09-24,1485,130,1565,1585,1465,4214398
34,2020-09-25,1420,65,1480,1515,1380,4006050
33,2020-09-28,1430,10,1435,1470,1410,2809983
32,2020-09-29,1435,5,1475,1480,1410,2552564
31,2020-10-05,1430,5,1435,1465,1395,2936348
28,2020-10-06,1530,100,1430,1545,1415,5772624
27,2020-10-07,1570,40,1540,1595,1510,2459809
26,2020-10-08,1675,105,1600,1750,1595,7481419
25,2020-10-12,1630,45,1680,1695,1610,1802427
24,2020-10-13,1565,65,1645,1645,1515,3148037
20,2020-10-14,1630,65,1580,1690,1535,4407317
19,2020-10-15,1570,60,1630,1635,1540,2544829
18,2020-10-16,1540,30,1560,1585,1470,1855638
17,2020-10-19,1485,55,1540,1560,1485,1245751
16,2020-10-20,1495,10,1465,1520,1440,1095626
13,2020-10-21,1465,30,1490,1520,1460,1640317
12,2020-10-22,1420,45,1470,1470,1415,1159080
11,2020-10-23,1400,20,1425,1435,1375,1623858
10,2020-10-26,1360,40,1380,1390,1330,1574162
9,2020-10-27,1340,20,1350,1385,1320,1356534
5,2020-10-28,1365,25,1340,1370,1335,543436
4,2020-10-29,1425,60,1340,1450,1310,2144381
3,2020-10-30,1425,0,1425,1490,1415,1206609
2,2020-11-02,1435,10,1415,1450,1395,543730
1,2020-11-03,1410,25,1435,1455,1405,714672
