,date,close,diff,open,high,low,volume
448,2019-08-16,3385,100,3345,3800,3345,572226
447,2019-08-19,3570,185,3445,3590,3375,126794
446,2019-08-20,3545,25,3575,3580,3470,71360
445,2019-08-21,3545,0,3540,3585,3470,43644
444,2019-08-22,3485,60,3515,3560,3485,50865
440,2019-08-23,3455,30,3420,3550,3400,38207
439,2019-08-26,3350,105,3460,3460,3350,40056
438,2019-08-27,3410,60,3360,3445,3355,43642
437,2019-08-28,3510,100,3415,3525,3415,49565
436,2019-08-29,3470,40,3510,3580,3405,39001
433,2019-08-30,3510,40,3500,3540,3465,47667
432,2019-09-02,3700,190,3545,3790,3545,430101
431,2019-09-03,3595,105,3600,3700,3565,107230
430,2019-09-04,3630,35,3610,3650,3520,71031
429,2019-09-05,3635,5,3635,3680,3590,104714
425,2019-09-06,3660,25,3645,3785,3640,153268
424,2019-09-09,3565,95,3705,3725,3555,86391
423,2019-09-10,3590,25,3565,3600,3510,81702
422,2019-09-11,3665,75,3605,3740,3605,100457
421,2019-09-16,3660,5,3700,3700,3620,36028
418,2019-09-17,3635,25,3650,3685,3620,59301
417,2019-09-18,3690,55,3640,3690,3565,59804
416,2019-09-19,3715,25,3700,3715,3650,25838
415,2019-09-20,3755,40,3720,3765,3685,60864
414,2019-09-23,3820,65,3780,3855,3700,88041
410,2019-09-24,3800,20,3855,3860,3760,43609
409,2019-09-25,3840,40,3745,3885,3740,61155
408,2019-09-26,3790,50,3870,3885,3760,41439
407,2019-09-27,3790,0,3765,3840,3765,36105
406,2019-09-30,3730,60,3830,3830,3705,22227
403,2019-10-01,3745,15,3785,3785,3700,16826
402,2019-10-02,3695,50,3720,3790,3500,21235
401,2019-10-04,3630,65,3695,3695,3555,44838
400,2019-10-07,3520,110,3690,3690,3460,31153
399,2019-10-08,3550,30,3520,3555,3505,12616
395,2019-10-10,3520,30,3550,3575,3520,8202
394,2019-10-11,3540,20,3520,3545,3475,11040
393,2019-10-14,3525,15,3600,3720,3520,73268
392,2019-10-15,3490,35,3550,3570,3440,63660
391,2019-10-16,3490,0,3490,3500,3455,17831
388,2019-10-17,3505,15,3500,3520,3485,16311
387,2019-10-18,3515,10,3530,3535,3480,18254
386,2019-10-21,3475,40,3515,3515,3450,27049
385,2019-10-22,3440,35,3470,3500,3395,62101
384,2019-10-23,3390,50,3435,3435,3385,25066
380,2019-10-24,3395,5,3390,3420,3330,29231
379,2019-10-25,3360,35,3390,3410,3350,18335
378,2019-10-28,3335,25,3360,3385,3325,30092
377,2019-10-29,3340,5,3335,3360,3310,31097
376,2019-10-30,3285,55,3380,3380,3275,26845
373,2019-10-31,3270,15,3290,3315,3265,26791
372,2019-11-01,3225,45,3275,3275,3200,35255
371,2019-11-04,3265,40,3250,3295,3225,25799
370,2019-11-05,3325,60,3295,3355,3260,28203
369,2019-11-06,3345,20,3315,3375,3310,30811
365,2019-11-07,3350,5,3390,3430,3335,39948
364,2019-11-08,3410,60,3360,3410,3330,39691
363,2019-11-11,3415,5,3410,3440,3400,15112
362,2019-11-12,3430,15,3435,3435,3420,12415
361,2019-11-13,3420,10,3475,3475,3365,15220
358,2019-11-14,3420,0,3385,3435,3370,17095
357,2019-11-15,3330,90,3370,3370,3245,76824
356,2019-11-18,3300,30,3310,3380,3250,38921
355,2019-11-19,3280,20,3270,3335,3240,22639
354,2019-11-20,3190,90,3260,3295,3180,96172
350,2019-11-21,3125,65,3180,3200,3080,24497
349,2019-11-22,3105,20,3120,3120,3085,26594
348,2019-11-25,3065,40,3105,3115,3065,31533
347,2019-11-26,3065,0,3075,3085,3055,18267
346,2019-11-27,3060,5,3065,3095,3050,15891
343,2019-11-28,3060,0,3060,3070,3035,24477
342,2019-11-29,3040,20,3060,3070,3020,27542
341,2019-12-02,3015,25,3045,3055,3010,22961
340,2019-12-03,2985,30,2980,3010,2950,40921
339,2019-12-04,2935,50,2985,2985,2920,55028
335,2019-12-05,2940,5,2925,2950,2885,34259
334,2019-12-06,2945,5,2940,3000,2930,19508
333,2019-12-09,2950,5,2945,2980,2925,22412
332,2019-12-10,2975,25,2945,2975,2930,18409
331,2019-12-11,2970,5,2975,3000,2960,14977
328,2019-12-12,2945,25,2930,2990,2930,21610
327,2019-12-13,2965,20,2945,2985,2945,41577
326,2019-12-16,3015,50,2980,3015,2965,22616
325,2019-12-17,2990,25,3020,3035,2965,27963
324,2019-12-18,2975,15,2990,3010,2970,27303
320,2019-12-19,2960,15,2975,2975,2945,29663
319,2019-12-20,2950,10,2950,2980,2945,36612
318,2019-12-23,2940,10,2985,2985,2930,36720
317,2019-12-24,2930,10,2945,2975,2905,38323
316,2019-12-26,2960,30,2970,2975,2920,9506
313,2019-12-27,2955,5,2960,2960,2920,9993
312,2019-12-30,2920,35,2970,2970,2780,38757
311,2020-01-02,3250,330,2955,3660,2925,2879783
310,2020-01-03,3290,40,3265,3330,3165,598394
309,2020-01-06,3110,180,3270,3290,3075,318794
305,2020-01-07,3115,5,3110,3155,3100,147174
304,2020-01-08,2945,170,3090,3105,2925,250718
303,2020-01-09,2985,40,3000,3030,2975,142460
302,2020-01-10,3005,20,2990,3045,2985,64260
301,2020-01-13,3030,25,3000,3030,2975,86976
298,2020-01-14,3015,15,3030,3100,3010,154244
297,2020-01-15,3050,35,3020,3130,3020,116320
296,2020-01-16,3090,40,3050,3100,3030,91998
295,2020-01-17,3125,35,3090,3135,3070,64813
294,2020-01-20,3075,50,3145,3145,3035,157189
290,2020-01-21,3010,65,3055,3070,3000,99205
289,2020-01-22,3015,5,2995,3025,2975,47150
288,2020-01-23,3075,60,3005,3210,2985,241298
287,2020-01-28,2925,150,2990,2990,2910,150619
286,2020-01-29,2980,55,2940,3000,2925,54435
283,2020-01-30,2935,45,2980,2980,2890,60534
282,2020-01-31,3815,880,3610,3815,3540,3484662
281,2020-02-03,3250,565,3435,3770,3230,3847723
280,2020-02-04,4225,975,3395,4225,3335,5208431
279,2020-02-05,4185,40,4690,4730,4040,12935450
275,2020-02-06,4550,365,4155,5010,4110,22377880
274,2020-02-07,4555,5,4480,4790,4395,4656623
273,2020-02-10,4355,200,4340,4445,4340,603140
272,2020-02-11,4480,125,4355,4530,4350,801136
271,2020-02-12,4675,195,4520,4675,4450,899385
268,2020-02-13,4400,275,4620,4775,4170,2983875
267,2020-02-14,5000,600,4400,5420,4300,16328973
266,2020-02-17,4960,40,4985,5230,4720,3901609
265,2020-02-18,4705,255,4925,4940,4670,1720360
264,2020-02-19,4485,220,4710,4770,4365,1691238
260,2020-02-20,4750,265,4415,5190,4365,6288731
259,2020-02-21,4500,250,4665,5130,4500,3596250
258,2020-02-24,4250,250,4350,4440,4100,1470803
257,2020-02-25,4300,50,4300,4480,4250,1584189
256,2020-02-26,4070,230,4130,4205,4030,996131
253,2020-02-27,3810,260,4070,4105,3810,978940
252,2020-02-28,3835,25,3700,3995,3665,1007773
251,2020-03-02,3955,120,3855,4090,3840,817370
250,2020-03-03,3875,80,4070,4085,3850,478874
249,2020-03-04,4100,225,3760,4165,3755,752689
245,2020-03-05,4180,80,4100,4230,4000,420994
244,2020-03-06,4010,170,4105,4140,3925,401753
243,2020-03-09,3625,385,3950,3955,3610,548660
242,2020-03-10,3740,115,3495,3740,3460,575482
241,2020-03-11,3390,350,3740,3740,3330,565923
238,2020-03-12,3180,210,3395,3425,3110,359346
237,2020-03-13,2780,400,2810,2995,2520,797047
236,2020-03-16,2530,250,2775,2890,2520,581792
235,2020-03-17,2400,130,2280,2555,2220,597809
234,2020-03-18,2030,370,2415,2450,2030,685306
230,2020-03-19,1615,415,2060,2105,1565,569509
229,2020-03-20,1715,100,1640,1800,1560,559143
228,2020-03-23,1555,160,1575,1655,1505,241709
227,2020-03-24,2020,465,1610,2020,1585,829259
226,2020-03-25,2370,350,2200,2620,2120,3992037
223,2020-03-26,2430,60,2350,2645,2180,2993267
222,2020-03-27,2360,70,2560,2560,2305,1029679
221,2020-03-30,2530,170,2300,2590,2255,934629
220,2020-03-31,2990,460,2780,3245,2560,2687107
219,2020-04-01,3090,100,2970,3880,2830,3713019
215,2020-04-02,3200,110,3160,3270,2995,1099506
214,2020-04-03,3280,80,3205,3340,3130,1167673
213,2020-04-06,3320,40,3350,3430,3255,843550
212,2020-04-07,3390,70,3400,3580,3230,1041733
211,2020-04-08,3610,220,3500,3940,3350,2951950
208,2020-04-09,3635,25,3615,3695,3460,611179
207,2020-04-10,3770,135,3625,3835,3580,763654
206,2020-04-13,3700,70,3630,3850,3325,1398657
205,2020-04-14,3750,50,3670,3835,3625,1103393
204,2020-04-16,3200,550,3560,3600,3150,1045464
200,2020-04-17,3200,0,3200,3265,3050,461033
199,2020-04-20,3160,40,3200,3200,3120,260343
198,2020-04-21,2960,200,3115,3140,2770,506623
197,2020-04-22,3070,110,2885,3100,2865,191928
196,2020-04-23,3090,20,3145,3150,3060,118993
193,2020-04-24,3015,75,3090,3115,2980,180958
192,2020-04-27,3230,215,3070,3250,3030,388885
191,2020-04-28,3610,380,3350,4080,3320,6740905
190,2020-04-29,3745,135,3635,3990,3530,2326761
189,2020-05-04,3815,70,3590,3860,3555,642680
185,2020-05-06,3835,20,3860,3960,3795,760622
184,2020-05-07,3800,35,3850,3890,3755,463615
183,2020-05-08,3800,0,3815,4000,3760,616845
182,2020-05-11,3615,185,3770,3775,3500,369931
181,2020-05-12,3580,35,3600,3675,3520,214416
178,2020-05-13,3605,25,3530,3615,3470,177955
177,2020-05-14,3520,85,3600,3625,3505,162183
176,2020-05-15,3560,40,3520,3690,3460,422305
175,2020-05-18,3465,95,3560,3585,3430,181016
174,2020-05-19,3550,85,3470,3560,3390,361795
170,2020-05-20,3650,100,3510,3650,3485,224464
169,2020-05-21,3615,35,3740,3750,3610,245403
168,2020-05-22,3530,85,3530,3685,3485,233839
167,2020-05-25,3660,130,3555,3720,3545,389880
166,2020-05-26,3575,85,3660,3710,3540,266720
163,2020-05-27,3575,0,3575,3640,3500,207071
162,2020-05-28,3425,150,3720,3720,3335,361998
161,2020-05-29,3875,450,3505,4330,3500,10367460
160,2020-06-01,4220,345,4160,4950,4160,10868633
159,2020-06-02,4655,435,4265,4885,4125,9691123
155,2020-06-03,4540,115,4560,4850,4430,2358195
154,2020-06-04,4690,150,4540,4825,4410,2465983
153,2020-06-05,4690,0,4650,4690,4540,729058
152,2020-06-08,4710,20,4690,4865,4610,1384959
151,2020-06-09,4755,45,4785,5340,4660,8358928
148,2020-06-10,4605,150,4730,4895,4390,1123212
147,2020-06-11,4340,265,4580,4635,4320,820638
146,2020-06-12,4170,170,3990,4210,3990,751927
145,2020-06-15,3730,440,4130,4290,3730,731605
144,2020-06-16,4030,300,3805,4085,3805,618138
140,2020-06-17,4055,25,4030,4290,3930,650588
139,2020-06-18,4245,190,4055,4420,3950,902519
138,2020-06-19,4400,155,4495,4495,4225,626798
137,2020-06-22,5560,1160,4600,5720,4575,17724859
136,2020-06-23,5200,360,5400,6040,5040,8524577
133,2020-06-24,5380,180,5200,5620,5150,3128349
132,2020-06-25,5780,400,5280,5810,5230,5150999
131,2020-06-26,5920,140,6070,7170,5860,21607637
130,2020-06-29,6050,130,5970,6560,5880,5229020
129,2020-06-30,6800,750,6490,7390,6300,19871237
125,2020-07-01,6560,240,6800,7050,6430,4229712
124,2020-07-02,7430,870,6700,8000,6670,25616658
123,2020-07-03,7660,230,7520,8470,7500,12371968
122,2020-07-06,7740,80,7930,8120,7540,4519729
121,2020-07-07,7220,520,7650,7660,7210,2714426
118,2020-07-08,7610,390,7220,7940,7150,8209633
117,2020-07-09,6740,870,7510,8140,6710,5612678
116,2020-07-10,6820,80,6850,7140,6670,2052808
115,2020-07-13,6810,10,6700,6950,6460,1651679
114,2020-07-14,6680,130,6720,6930,6650,984043
110,2020-07-15,7150,470,6710,7520,6620,5905304
109,2020-07-16,6830,320,7200,7240,6630,2125688
108,2020-07-17,7120,290,7500,7900,7110,8741158
107,2020-07-20,7590,470,7120,7590,7030,2458758
106,2020-07-21,7340,250,7450,7610,7260,1329363
103,2020-07-22,7150,190,7270,7360,7090,898250
102,2020-07-23,7100,50,7250,7410,7050,1583731
101,2020-07-24,6730,370,7100,7170,6580,1367713
100,2020-07-27,6550,180,6740,6950,6530,826618
99,2020-07-28,6530,20,6550,6650,6500,645643
95,2020-07-29,6680,150,6530,7340,6200,4128688
94,2020-07-30,6870,190,6780,6920,6690,757519
93,2020-07-31,6670,200,6870,6890,6670,446598
92,2020-08-03,7210,540,6890,7430,6760,4125642
91,2020-08-04,7900,690,7980,8930,7610,17630705
88,2020-08-05,8560,660,8060,9170,8050,12953713
87,2020-08-06,10650,2090,8690,11100,8450,28784318
86,2020-08-07,11000,350,10500,12550,10400,22903558
85,2020-08-10,10850,150,10950,11800,10500,4851581
84,2020-08-11,10100,750,10800,11350,10100,3259462
80,2020-08-12,10650,550,9990,11450,9990,5468522
79,2020-08-13,11850,1200,10650,12650,10450,14122119
78,2020-08-14,12500,650,11700,13800,11600,13300807
77,2020-08-18,10350,2150,12000,12000,10250,3729537
76,2020-08-19,10900,550,10750,11250,10500,1938890
73,2020-08-20,10300,600,10800,11250,10050,1913418
72,2020-08-21,10050,250,10250,10800,9790,3035396
71,2020-08-24,9120,930,9320,9480,8460,2385848
70,2020-08-25,9040,80,8990,9280,8950,1351399
69,2020-08-26,10000,960,9130,10200,9090,5603340
65,2020-08-27,9390,610,10050,10050,9390,1168769
64,2020-08-28,9640,250,9860,10200,9520,2040112
63,2020-08-31,9560,80,9530,9790,9340,708558
62,2020-09-01,9580,20,9700,10250,9420,1831652
61,2020-09-02,9520,60,9610,9930,9440,1046640
58,2020-09-03,9490,30,9600,9670,9490,590754
57,2020-09-04,9450,40,9370,10050,9350,2366464
56,2020-09-07,9550,100,9770,9840,9500,996771
55,2020-09-08,9450,100,9620,9800,9350,737715
54,2020-09-09,9510,60,9360,9770,9260,613931
50,2020-09-10,10250,740,9650,10350,9540,2188250
49,2020-09-11,9720,530,10700,11100,9690,4383646
48,2020-09-14,9420,300,9760,9820,9400,980231
47,2020-09-15,9370,50,9470,9720,9120,1197044
46,2020-09-16,9570,200,9350,9590,9240,701252
43,2020-09-17,9370,200,9570,9670,9370,826034
42,2020-09-18,9070,300,9370,9370,8900,706979
41,2020-09-21,8080,990,8820,8900,7940,1309478
40,2020-09-22,7500,580,7950,8020,7490,784886
39,2020-09-23,7620,120,7580,7800,7250,471807
35,2020-09-24,7030,590,7450,7590,7030,565351
34,2020-09-25,7440,410,7160,8020,7040,1073885
33,2020-09-28,7700,260,7440,7700,7440,251563
32,2020-09-29,7740,40,7760,8240,7600,681532
31,2020-10-05,7820,80,7760,7910,7600,217060
28,2020-10-06,7910,90,7850,8180,7780,396486
27,2020-10-07,7960,50,7860,8120,7820,239130
26,2020-10-08,7810,150,8040,8040,7770,183767
25,2020-10-12,8360,550,8000,8380,7970,785708
24,2020-10-13,9070,710,8560,9100,8420,1620751
20,2020-10-14,8650,420,9010,9210,8470,899748
19,2020-10-15,8580,70,8840,8890,8370,444349
18,2020-10-16,8380,200,8480,8820,8160,269060
17,2020-10-19,8450,70,8700,9310,8350,1323833
16,2020-10-20,8070,380,8490,8530,7660,609360
13,2020-10-21,8800,730,8210,8930,8160,1436949
12,2020-10-22,7810,990,8940,9480,7810,4888179
11,2020-10-23,9170,1360,8460,9620,8440,15001865
10,2020-10-26,10050,880,9560,10750,9420,15319645
9,2020-10-27,8990,1060,9690,9700,8760,3351270
5,2020-10-28,9480,490,9070,10150,8510,15407118
4,2020-10-29,9300,180,9200,9840,9190,2867277
3,2020-10-30,9030,270,9580,9650,9030,1652293
2,2020-11-02,11700,2670,9440,11700,9180,18623477
1,2020-11-03,11800,100,12000,13150,11100,22703245
