,date,close,diff,open,high,low,volume
448,2019-08-16,7790,300,7940,7980,7770,133832
447,2019-08-19,8520,730,7940,8730,7940,1289405
446,2019-08-20,8540,20,8630,8990,8490,489407
445,2019-08-21,8620,80,8530,8870,8420,315977
444,2019-08-22,8460,160,8760,8840,8460,187949
440,2019-08-23,8530,70,8500,8740,8440,174799
439,2019-08-26,8040,490,8200,8440,8030,134201
438,2019-08-27,9190,1150,8200,9710,8200,2494728
437,2019-08-28,8890,300,9300,9390,8850,635854
436,2019-08-29,9100,210,8990,9310,8800,1041369
433,2019-08-30,9100,0,9080,9510,9020,771211
432,2019-09-02,9010,90,9100,9100,8700,237600
431,2019-09-03,8780,230,9010,9010,8730,178882
430,2019-09-04,9240,460,8800,9350,8710,634122
429,2019-09-05,9710,470,9500,10150,9450,2027066
425,2019-09-06,9410,300,9750,9920,9400,380395
424,2019-09-09,9170,240,9500,9640,9170,257481
423,2019-09-10,9020,150,9190,9440,9020,154240
422,2019-09-11,9070,50,9150,9170,8870,145342
421,2019-09-16,9170,100,9080,9230,8930,150759
418,2019-09-17,9280,110,9180,9440,9030,188223
417,2019-09-18,9190,90,9360,9410,9170,125565
416,2019-09-19,9230,40,9250,9480,9130,169426
415,2019-09-20,9340,110,9250,9490,9210,183863
414,2019-09-23,9220,120,9360,9390,9160,75285
410,2019-09-24,9190,30,9200,9390,9170,95014
409,2019-09-25,8720,470,9080,9210,8720,209307
408,2019-09-26,8700,20,8940,8940,8530,103201
407,2019-09-27,8570,130,8700,8700,8310,61329
406,2019-09-30,8460,110,8530,8900,8430,99811
403,2019-10-01,8570,110,8400,8600,8400,66214
402,2019-10-02,8300,270,8450,8540,8260,64959
401,2019-10-04,8300,0,8020,8550,7880,67071
400,2019-10-07,8250,50,8360,8470,8190,72697
399,2019-10-08,8710,460,8250,8710,8220,116204
395,2019-10-10,8730,20,8710,8760,8560,84930
394,2019-10-11,8630,100,8760,8840,8590,77500
393,2019-10-14,9050,420,8660,9060,8660,201229
392,2019-10-15,9180,130,9050,9250,8950,138868
391,2019-10-16,9130,50,9210,9300,9000,90701
388,2019-10-17,9100,30,9070,9260,9020,70764
387,2019-10-18,9050,50,9120,9370,9050,191984
386,2019-10-21,8820,230,9070,9160,8690,139230
385,2019-10-22,8990,170,8840,9150,8820,106138
384,2019-10-23,8880,110,8930,9040,8760,72553
380,2019-10-24,8930,50,8810,9050,8790,78047
379,2019-10-25,9170,240,8950,9170,8950,89456
378,2019-10-28,9280,110,9240,9310,9110,112329
377,2019-10-29,8920,360,9360,9360,8920,78473
376,2019-10-30,8700,220,8910,8990,8700,73377
373,2019-10-31,8470,230,8680,8830,8380,107451
372,2019-11-01,8480,10,8420,8590,8420,37912
371,2019-11-04,8530,50,8500,8730,8490,69292
370,2019-11-05,8560,30,8520,8590,8450,40088
369,2019-11-06,8650,90,8570,8890,8550,69532
365,2019-11-07,8240,410,8650,8650,8170,135226
364,2019-11-08,8350,110,8280,8490,8230,43313
363,2019-11-11,8100,250,8350,8350,8030,43520
362,2019-11-12,8100,0,8030,8270,8030,41623
361,2019-11-13,8030,70,8100,8230,8020,34294
358,2019-11-14,8140,110,7990,8240,7990,24352
357,2019-11-15,8170,30,8030,8260,8030,38897
356,2019-11-18,8350,180,8170,8540,8170,95895
355,2019-11-19,8260,90,8350,8360,8150,21966
354,2019-11-20,7830,430,8350,8350,7800,76730
350,2019-11-21,7690,140,7760,7900,7450,66873
349,2019-11-22,7670,20,7560,7810,7560,31337
348,2019-11-25,7900,230,7650,8000,7650,39797
347,2019-11-26,8020,120,7860,8070,7850,29558
346,2019-11-27,7930,90,8100,8110,7910,18696
343,2019-11-28,7830,100,7900,8000,7830,15804
342,2019-11-29,7550,280,7780,7850,7520,51945
341,2019-12-02,7410,140,7370,7580,7360,29299
340,2019-12-03,7400,10,7260,7420,7210,19583
339,2019-12-04,7120,280,7330,7370,7100,44354
335,2019-12-05,7140,20,7220,7350,7110,38967
334,2019-12-06,7240,100,7070,7300,7060,26212
333,2019-12-09,7330,90,7240,7350,7200,26011
332,2019-12-10,7180,150,7250,7360,7120,22973
331,2019-12-11,7090,90,7180,7220,7030,38745
328,2019-12-12,7310,220,7120,7350,7090,25581
327,2019-12-13,7490,180,7380,7540,7360,32137
326,2019-12-16,7580,90,7490,7670,7490,23247
325,2019-12-17,7690,110,7600,7770,7600,28307
324,2019-12-18,7830,140,7730,7830,7590,26441
320,2019-12-19,7600,230,7880,7880,7600,20685
319,2019-12-20,7560,40,7640,7660,7450,32190
318,2019-12-23,7410,150,7600,7640,7410,18672
317,2019-12-24,7430,20,7410,7490,7300,27275
316,2019-12-26,7500,70,7450,7540,7420,21734
313,2019-12-27,7750,250,7500,7760,7500,63553
312,2019-12-30,7870,120,7840,7930,7790,59834
311,2020-01-02,7950,80,7870,8030,7780,54286
310,2020-01-03,7850,100,7970,8030,7770,40318
309,2020-01-06,7580,270,7770,7770,7580,26439
305,2020-01-07,7650,70,7580,7730,7550,44076
304,2020-01-08,7240,410,7700,7700,7120,51979
303,2020-01-09,7450,210,7350,7530,7350,33616
302,2020-01-10,7660,210,7460,7710,7430,48361
301,2020-01-13,7690,30,7670,7760,7610,14414
298,2020-01-14,7790,100,7690,7880,7690,62516
297,2020-01-15,7700,90,7890,7890,7660,21106
296,2020-01-16,7760,60,7700,7810,7700,35808
295,2020-01-17,7870,110,7900,7900,7760,41267
294,2020-01-20,7700,170,7910,7950,7700,16447
290,2020-01-21,7480,220,7680,7800,7340,69377
289,2020-01-22,7530,50,7390,7590,7390,25677
288,2020-01-23,7580,50,7510,7720,7480,40470
287,2020-01-28,7150,430,7290,7480,7110,52939
286,2020-01-29,7200,50,7160,7280,7130,21049
283,2020-01-30,6880,320,7210,7220,6730,83554
282,2020-01-31,6550,330,6880,6990,6550,62074
281,2020-02-03,6440,110,6140,6450,6090,84610
280,2020-02-04,6750,310,6440,6750,6440,35046
279,2020-02-05,6750,0,6720,6930,6710,30964
275,2020-02-06,6800,50,6760,6890,6730,24147
274,2020-02-07,6790,10,6760,6880,6700,15497
273,2020-02-10,6690,100,6830,6830,6640,28262
272,2020-02-11,6930,240,6670,7030,6670,53301
271,2020-02-12,6920,10,6970,7070,6860,42853
268,2020-02-13,6840,80,6990,7040,6800,27538
267,2020-02-14,6900,60,6800,6950,6800,21091
266,2020-02-17,7060,160,6970,7080,6730,55502
265,2020-02-18,7000,60,7060,7110,6850,60223
264,2020-02-19,7020,20,6970,7100,6810,45746
260,2020-02-20,6900,120,7020,7050,6840,28998
259,2020-02-21,7340,440,6900,7740,6890,449381
258,2020-02-24,7310,30,7310,7660,7110,223407
257,2020-02-25,7580,270,7390,7830,7300,172933
256,2020-02-26,7500,80,7520,7590,7110,94387
253,2020-02-27,7140,360,7470,7520,7010,134686
252,2020-02-28,6500,640,6890,6980,6430,125920
251,2020-03-02,6650,150,6410,6710,6310,92441
250,2020-03-03,6630,20,6780,6940,6600,53543
249,2020-03-04,6760,130,6530,6900,6470,33664
245,2020-03-05,7040,280,6870,7120,6830,79226
244,2020-03-06,6810,230,6860,7000,6700,61803
243,2020-03-09,6300,510,6700,6700,6230,112693
242,2020-03-10,6510,210,6200,6610,6120,69006
241,2020-03-11,6220,290,6500,6500,6060,71140
238,2020-03-12,5550,670,6220,6220,5330,234901
237,2020-03-13,4850,700,4850,5170,4505,233707
236,2020-03-16,4600,250,5000,5050,4510,101390
235,2020-03-17,4495,105,4045,4645,3920,240210
234,2020-03-18,4380,115,4525,4645,4245,136908
230,2020-03-19,3450,930,4395,4405,3420,159219
229,2020-03-20,4050,600,3505,4270,3505,189673
228,2020-03-23,3870,180,3655,4195,3510,122706
227,2020-03-24,4435,565,4270,4485,4020,65060
226,2020-03-25,4720,285,4510,4900,4510,64732
223,2020-03-26,4825,105,4720,4920,4410,72974
222,2020-03-27,4890,65,4980,5120,4680,67828
221,2020-03-30,4945,55,4650,4965,4650,29898
220,2020-03-31,5160,215,4945,5230,4945,64724
219,2020-04-01,5300,140,5160,5420,5120,65091
215,2020-04-02,5400,100,5330,5420,5150,42103
214,2020-04-03,5470,70,5320,5560,5260,41723
213,2020-04-06,5640,170,5500,5640,5380,52266
212,2020-04-07,5820,180,5720,5900,5520,87393
211,2020-04-08,5830,10,5840,5890,5680,60587
208,2020-04-09,5920,90,5910,5980,5760,73857
207,2020-04-10,5940,20,5920,6010,5620,56160
206,2020-04-13,5780,160,5940,5990,5650,45009
205,2020-04-14,5810,30,5780,5840,5700,42064
204,2020-04-16,6140,330,5810,6180,5750,118018
200,2020-04-17,6490,350,6300,6490,6170,130357
199,2020-04-20,7090,600,6610,7100,6410,213617
198,2020-04-21,7120,30,7120,7290,6750,237578
197,2020-04-22,7120,0,6950,7150,6880,99884
196,2020-04-23,7250,130,7200,7440,7130,136742
193,2020-04-24,7080,170,7170,7300,7020,121529
192,2020-04-27,7180,100,7130,7310,7130,67460
191,2020-04-28,7130,50,7400,7400,6980,89507
190,2020-04-29,7200,70,7130,7290,7040,71746
189,2020-05-04,7680,480,7200,8450,7020,1197607
185,2020-05-06,7600,80,7680,7790,7500,153555
184,2020-05-07,7660,60,7630,7800,7520,118941
183,2020-05-08,7740,80,7670,7810,7600,164698
182,2020-05-11,7620,120,7820,7850,7550,95105
181,2020-05-12,7390,230,7600,7660,7340,72510
178,2020-05-13,7400,10,7390,7410,7160,69438
177,2020-05-14,7100,300,7270,7390,7060,78996
176,2020-05-15,7250,150,7280,7300,7040,43634
175,2020-05-18,7100,150,7110,7260,7010,60635
174,2020-05-19,7310,210,7150,7340,7100,52154
170,2020-05-20,7450,140,7310,7490,7310,55671
169,2020-05-21,7390,60,7490,7600,7350,38646
168,2020-05-22,7200,190,7430,7430,7040,92400
167,2020-05-25,7210,10,7140,7320,7080,45693
166,2020-05-26,7350,140,7310,7410,7190,82629
163,2020-05-27,7280,70,7400,7440,7210,58817
162,2020-05-28,7100,180,7290,7340,6910,62254
161,2020-05-29,7070,30,6970,7180,6950,59526
160,2020-06-01,7040,30,7070,7150,7000,52420
159,2020-06-02,7100,60,7040,7170,7040,45565
155,2020-06-03,7070,30,7120,7170,7000,56229
154,2020-06-04,7060,10,7100,7180,6960,86792
153,2020-06-05,7090,30,7140,7140,7010,52693
152,2020-06-08,7090,0,7150,7190,7050,51735
151,2020-06-09,6980,110,7120,7170,6930,60613
148,2020-06-10,6940,40,6980,7000,6700,44956
147,2020-06-11,6700,240,7040,7050,6680,108592
146,2020-06-12,6390,310,6360,6470,6180,118382
145,2020-06-15,5880,510,6330,6390,5880,108899
144,2020-06-16,6130,250,5990,6140,5990,33151
140,2020-06-17,6050,80,6150,6200,5930,40723
139,2020-06-18,6050,0,6090,6190,6040,15783
138,2020-06-19,6140,90,6120,6160,5980,22933
137,2020-06-22,6230,90,6160,6230,6050,32568
136,2020-06-23,6170,60,6230,6340,6100,47322
133,2020-06-24,6310,140,6150,6330,6150,37390
132,2020-06-25,6160,150,6210,6290,5900,26648
131,2020-06-26,6120,40,6170,6230,6050,31356
130,2020-06-29,5850,270,6010,6070,5790,66976
129,2020-06-30,6080,230,5930,6150,5930,39923
125,2020-07-01,6250,170,6120,6280,6020,48767
124,2020-07-02,6200,50,6290,6300,6090,21455
123,2020-07-03,6130,70,6200,6220,6090,28927
122,2020-07-06,6390,260,6160,6410,6140,53873
121,2020-07-07,6230,160,6400,6400,6190,23818
118,2020-07-08,6240,10,6190,6320,6160,35143
117,2020-07-09,6350,110,6310,6350,6200,33197
116,2020-07-10,6250,100,6320,6330,6200,36409
115,2020-07-13,6350,100,6250,6360,6210,24287
114,2020-07-14,6330,20,6280,6360,6250,22950
110,2020-07-15,6590,260,6350,6630,6300,85563
109,2020-07-16,6440,150,6670,6670,6410,61073
108,2020-07-17,6600,160,6430,6690,6420,42132
107,2020-07-20,6610,10,6620,6760,6580,55334
106,2020-07-21,6610,0,6630,6690,6600,18066
103,2020-07-22,6480,130,6620,6620,6430,30456
102,2020-07-23,6300,180,6500,6500,6300,51919
101,2020-07-24,6150,150,6250,6300,6130,56058
100,2020-07-27,6530,380,6100,6600,6100,86180
99,2020-07-28,6590,60,6520,6670,6480,53021
95,2020-07-29,6540,50,6590,6620,6450,27087
94,2020-07-30,6620,80,6590,6660,6520,25315
93,2020-07-31,6550,70,6610,6640,6480,27290
92,2020-08-03,6540,10,6620,6620,6380,32057
91,2020-08-04,6550,10,6540,6580,6410,28418
88,2020-08-05,6700,150,6640,6790,6470,75190
87,2020-08-06,6600,100,6670,6760,6490,59352
86,2020-08-07,6520,80,6560,6640,6420,64245
85,2020-08-10,6670,150,6540,6700,6410,75777
84,2020-08-11,6560,110,6710,6750,6550,38315
80,2020-08-12,6480,80,6600,6600,6350,30044
79,2020-08-13,6910,430,6500,7040,6500,191158
78,2020-08-14,6680,230,6910,6930,6550,123542
77,2020-08-18,6170,510,6670,6670,6170,122444
76,2020-08-19,6280,110,6180,6320,6180,35075
73,2020-08-20,6010,270,6280,6290,5970,103586
72,2020-08-21,6290,280,6070,6290,6010,49620
71,2020-08-24,6590,300,6330,6690,6160,64607
70,2020-08-25,7260,670,6530,7420,6530,551699
69,2020-08-26,7090,170,7260,7280,6930,173531
65,2020-08-27,6790,300,7080,7140,6730,121249
64,2020-08-28,7240,450,6860,7440,6810,222887
63,2020-08-31,7130,110,7300,7400,7010,127596
62,2020-09-01,6990,140,7130,7170,6910,47422
61,2020-09-02,7030,40,7000,7170,6960,31786
58,2020-09-03,7050,20,7030,7280,6980,78873
57,2020-09-04,7040,10,6830,7050,6700,93500
56,2020-09-07,7070,30,6950,7110,6800,54125
55,2020-09-08,7250,180,7030,7760,7030,461508
54,2020-09-09,7130,120,7100,7340,7030,88662
50,2020-09-10,7580,450,7250,7620,7210,153721
49,2020-09-11,7300,280,7580,7620,7260,114164
48,2020-09-14,7320,20,7300,7390,7230,48517
47,2020-09-15,7600,280,7360,7610,7280,107366
46,2020-09-16,7500,100,7890,7890,7460,221234
43,2020-09-17,7210,290,7510,7510,7210,99770
42,2020-09-18,7300,90,7210,7370,7110,70227
41,2020-09-21,7140,160,7390,7600,6900,116700
40,2020-09-22,6820,320,7090,7160,6700,81657
39,2020-09-23,6750,70,6830,6980,6610,69586
35,2020-09-24,6440,310,6600,6700,6360,52989
34,2020-09-25,6460,20,6440,6550,6350,28288
33,2020-09-28,6830,370,6500,6920,6500,45462
32,2020-09-29,7010,180,6860,7120,6830,44362
31,2020-10-05,6990,20,7050,7050,6860,28316
28,2020-10-06,6990,0,7070,7100,6850,33551
27,2020-10-07,7050,60,6980,7110,6910,24203
26,2020-10-08,7100,50,7080,7250,7020,35287
25,2020-10-12,7080,20,7090,7120,6970,32769
24,2020-10-13,7100,20,7090,7230,7040,58093
20,2020-10-14,6990,110,7170,7170,6960,46970
19,2020-10-15,6900,90,6950,7030,6560,51511
18,2020-10-16,6660,240,6880,6900,6620,30358
17,2020-10-19,6600,60,6700,6760,6560,32159
16,2020-10-20,6570,30,6500,6650,6360,33782
13,2020-10-21,6570,0,6610,6750,6490,22788
12,2020-10-22,6390,180,6570,6610,6350,45355
11,2020-10-23,6370,20,6400,6470,6360,20678
10,2020-10-26,6140,230,6410,6410,6110,60377
9,2020-10-27,6080,60,6160,6240,6060,22848
5,2020-10-28,6150,70,6090,6200,6090,7922
4,2020-10-29,6150,0,6100,6150,6020,18486
3,2020-10-30,6040,110,6120,6180,6020,30993
2,2020-11-02,6240,200,6070,6250,5940,17245
1,2020-11-03,6230,10,6240,6290,6130,23003
