,date,close,diff,open,high,low,volume
448,2010-06-30,700,5,680,700,645,195964
447,2010-07-01,670,30,700,700,670,220304
446,2010-07-02,645,25,695,695,640,147269
445,2010-07-05,595,50,635,660,565,652356
444,2010-07-06,680,85,600,680,600,1052094
440,2010-07-07,670,10,710,710,650,575583
439,2010-07-08,655,15,655,700,655,315023
438,2010-07-09,660,5,675,675,630,495844
437,2010-07-12,625,35,645,655,625,380344
436,2010-07-13,630,5,630,660,630,303937
433,2010-07-14,635,5,640,665,620,544962
432,2010-07-15,630,5,635,640,620,165657
431,2010-07-16,610,20,625,640,605,820260
430,2010-07-19,575,35,610,610,560,711114
429,2010-07-20,615,40,575,615,575,506899
425,2010-07-21,620,5,620,635,600,228847
424,2010-07-22,625,5,600,635,600,196044
423,2010-07-23,640,15,625,650,620,307475
422,2010-07-26,655,15,650,675,640,252471
421,2010-07-27,625,30,660,670,625,199731
418,2010-07-28,610,15,630,630,595,315260
417,2010-07-29,630,20,605,635,605,239325
416,2010-07-30,585,45,630,630,580,524040
415,2010-08-02,570,15,570,590,550,2391146
414,2010-08-03,485,85,575,575,485,13805609
410,2010-08-04,415,70,440,470,415,27729296
409,2010-08-05,420,5,410,440,400,7642589
408,2010-08-06,395,25,425,430,390,3923076
407,2010-08-09,405,10,395,425,375,3813770
406,2010-08-10,395,10,405,425,390,2374734
403,2010-08-11,390,5,400,405,385,1119560
402,2010-08-12,355,35,380,390,355,3628636
401,2010-08-13,365,10,360,395,350,2387853
400,2010-08-16,350,15,370,370,340,1325983
399,2010-08-17,345,5,350,355,335,2025234
395,2010-08-18,315,30,350,350,305,2368099
394,2010-08-19,305,10,320,325,305,1522598
393,2010-08-20,310,5,305,320,300,1128190
392,2010-08-23,290,20,310,320,285,2414834
391,2010-08-24,275,15,290,295,260,2841856
388,2010-08-25,315,40,285,315,285,5258973
387,2010-08-26,355,40,310,360,305,8396323
386,2010-08-27,355,0,355,380,330,2764040
385,2010-08-30,340,15,370,370,335,1173394
384,2010-08-31,310,30,340,340,300,1831720
380,2010-09-01,300,10,310,310,295,1450213
379,2010-09-02,345,45,300,345,295,2339535
378,2010-09-03,360,15,350,390,340,3818696
377,2010-09-06,350,10,360,385,345,1320445
376,2010-09-07,330,20,355,355,320,1676946
373,2010-09-08,320,10,320,335,310,1526703
372,2010-09-09,325,5,320,330,310,1057686
371,2010-09-10,305,20,320,325,305,1220667
370,2010-09-13,315,10,310,340,310,1819120
369,2010-09-14,315,0,320,325,305,912213
365,2010-09-15,305,10,315,315,300,861582
364,2010-09-16,305,0,300,315,295,609981
363,2010-09-17,305,0,310,320,305,683609
362,2010-09-20,300,5,310,320,295,433974
361,2010-09-24,305,5,305,315,300,470133
358,2010-09-27,305,0,305,315,295,551062
357,2010-09-28,300,5,305,310,295,625339
356,2010-09-29,295,5,305,305,290,331912
355,2010-09-30,285,10,290,295,280,889108
354,2010-10-01,285,0,285,295,280,564971
350,2010-10-04,264,21,286,290,259,1591239
349,2010-10-05,251,13,262,263,241,1422589
348,2010-10-06,256,5,252,276,247,1071742
347,2010-10-07,248,8,256,264,248,647630
346,2010-10-08,285,37,250,285,245,2311257
343,2010-10-11,267,18,290,327,266,9868680
342,2010-10-12,258,9,265,272,258,834567
341,2010-10-13,251,7,264,267,248,923369
340,2010-10-14,268,17,251,270,245,797714
339,2010-10-15,259,9,277,277,253,904187
335,2010-10-18,273,14,259,290,253,1645088
334,2010-10-19,298,25,274,307,273,1418506
333,2010-10-20,306,8,300,320,294,1265342
332,2010-10-21,298,8,307,307,288,822929
331,2010-10-22,277,21,288,297,277,777803
328,2010-10-25,280,3,280,285,271,510701
327,2010-10-26,281,1,280,285,270,506249
326,2010-10-27,280,1,280,291,274,312651
325,2010-10-28,280,0,281,289,278,458041
324,2010-10-29,273,7,278,287,271,363813
320,2010-11-01,284,11,283,297,278,634537
319,2010-11-02,274,10,283,286,270,482799
318,2010-11-03,268,6,274,280,260,650582
317,2010-11-04,264,4,272,272,260,264813
316,2010-11-05,270,6,265,272,259,756756
313,2010-11-08,268,2,270,282,265,258147
312,2010-11-09,268,0,267,275,262,211775
311,2010-11-10,268,0,268,270,259,331082
310,2010-11-11,267,1,268,270,261,462668
309,2010-11-12,258,9,263,268,254,543154
305,2010-11-15,262,4,260,262,255,325092
304,2010-11-16,261,1,265,265,254,286282
303,2010-11-17,257,4,262,262,254,295593
302,2010-11-18,258,1,261,261,252,243920
301,2010-11-19,259,1,260,262,253,434659
298,2010-11-22,260,1,260,275,256,391932
297,2010-11-23,254,6,258,265,254,311491
296,2010-11-24,251,3,247,252,230,379043
295,2010-11-25,258,7,254,258,251,172935
294,2010-11-26,249,9,259,259,249,249349
290,2010-11-29,248,1,249,256,247,186964
289,2010-11-30,245,3,249,250,239,309921
288,2010-12-01,243,2,245,247,240,451570
287,2010-12-02,255,12,242,263,239,780140
286,2010-12-03,249,6,257,257,239,366759
283,2010-12-06,251,2,254,254,245,400935
282,2010-12-07,252,1,254,254,245,305927
281,2010-12-08,249,3,249,254,248,241016
280,2010-12-09,249,0,249,255,247,157889
279,2010-12-10,248,1,249,253,243,251632
275,2010-12-13,285,37,247,285,245,3795484
274,2010-12-14,283,2,288,322,281,7317080
273,2010-12-15,265,18,277,277,262,1591763
272,2010-12-16,279,14,265,298,261,3170121
271,2010-12-17,274,5,283,293,272,986488
268,2010-12-20,261,13,271,274,253,617857
267,2010-12-21,261,0,263,276,258,831780
266,2010-12-22,262,1,262,277,254,462570
265,2010-12-23,246,16,262,264,246,852945
264,2010-12-24,228,18,243,248,224,1196218
260,2010-12-27,194,34,227,234,194,2001284
259,2010-12-28,165,29,178,183,165,3618304
258,2010-12-29,150,15,141,167,141,36857107
257,2010-12-30,150,0,152,169,146,15857903
256,2011-01-03,156,6,160,172,152,9147087
253,2011-01-04,152,4,158,163,151,4320051
252,2011-01-05,154,2,154,167,149,11314317
251,2011-01-06,152,2,156,159,148,3495603
250,2011-01-07,154,2,153,166,147,7888800
249,2011-01-10,177,23,156,177,156,14916991
245,2011-01-11,168,9,190,194,164,9868376
244,2011-01-12,193,25,170,193,166,12013241
243,2011-01-13,204,11,194,220,177,22386061
242,2011-01-14,234,30,204,234,201,14109202
241,2011-01-17,269,35,269,269,261,1614950
238,2011-01-18,269,0,262,304,237,39287979
237,2011-01-19,269,0,275,298,261,21196841
236,2011-01-20,275,6,261,309,251,34241050
235,2011-01-21,283,8,279,303,271,12552481
234,2011-01-24,241,42,284,295,241,15784395
230,2011-01-25,230,11,231,251,207,13845921
229,2011-01-26,212,18,235,245,212,6708944
228,2011-01-27,208,4,218,222,205,9220840
227,2011-01-28,197,11,215,217,195,5379587
226,2011-01-31,198,1,190,205,190,5751454
223,2011-02-01,208,10,200,227,200,13649346
222,2011-02-07,218,10,208,226,206,4999666
221,2011-02-08,222,4,217,223,208,3031521
220,2011-02-09,213,9,226,237,212,4492580
219,2011-02-10,205,8,211,218,201,2587120
215,2011-02-11,195,10,205,208,195,2067279
214,2011-02-14,191,4,193,199,179,2426589
213,2011-02-15,194,3,195,209,187,3890708
212,2011-02-16,187,7,194,199,183,3475731
211,2011-02-17,166,21,190,190,159,5366506
208,2011-02-18,160,6,166,170,158,2854967
207,2011-02-21,164,4,164,173,154,6974955
206,2011-02-22,163,1,166,168,160,2359228
205,2011-02-23,151,12,161,163,151,2454904
204,2011-02-24,150,1,152,156,147,1560094
200,2011-02-25,171,21,151,172,150,8115084
199,2011-02-28,146,25,146,146,146,147631
198,2011-03-02,125,21,125,133,125,5074757
197,2011-03-03,111,14,115,120,108,13210626
196,2011-03-04,113,2,109,122,109,10867285
193,2011-03-07,115,2,116,119,112,3212401
192,2011-03-08,121,6,116,128,114,8009285
191,2011-03-09,119,2,123,126,117,4716558
190,2011-03-10,116,3,120,125,111,4554896
189,2011-03-11,110,6,115,115,106,3681169
185,2011-03-14,94,16,107,109,94,4605967
184,2011-03-15,97,3,96,106,92,3753010
183,2011-03-16,99,2,98,106,98,7598142
182,2011-03-17,100,1,103,103,97,2654311
181,2011-03-18,97,3,101,102,94,1782501
178,2011-03-21,92,5,96,97,89,3229064
177,2011-03-22,94,2,93,97,92,2324116
176,2011-03-23,80,14,96,96,80,7095435
175,2011-03-24,78,2,72,85,71,5798820
174,2011-03-25,89,11,89,89,89,1178186
170,2011-03-28,78,11,90,90,78,3768245
169,2011-03-29,71,7,77,77,70,2171143
168,2011-03-30,78,7,74,78,73,1262074
167,2011-03-31,82,4,80,82,76,998173
166,2011-04-01,78,4,82,83,78,773582
163,2011-04-04,82,4,79,82,77,991223
162,2011-04-05,78,4,83,83,78,637637
161,2011-04-06,79,1,77,79,76,451870
160,2011-04-07,78,1,76,79,75,745716
159,2011-04-08,78,0,77,78,77,504427
155,2011-04-11,78,0,77,78,75,832211
154,2011-04-12,89,11,76,89,76,2350470
153,2011-04-13,84,5,95,100,84,2387187
152,2011-04-14,83,1,84,87,79,847186
151,2011-04-15,79,4,82,82,79,641833
148,2011-04-18,76,3,79,79,76,925383
147,2011-04-19,80,4,75,85,75,779191
146,2011-04-20,79,1,81,81,76,639576
145,2011-04-21,78,1,80,80,76,668035
144,2011-04-22,74,4,80,80,74,818974
140,2011-04-25,69,5,75,76,66,1315840
139,2011-04-26,63,6,71,71,63,1904114
138,2011-04-27,54,9,58,59,54,1710761
137,2011-04-28,62,8,57,62,55,1654215
136,2011-04-29,62,0,0,0,0,0
133,2011-05-02,62,0,0,0,0,0
132,2011-05-03,62,0,0,0,0,0
131,2011-05-04,62,0,0,0,0,0
130,2011-05-06,62,0,0,0,0,0
129,2011-05-09,62,0,0,0,0,0
125,2011-05-11,62,0,0,0,0,0
124,2011-05-12,62,0,0,0,0,0
123,2011-05-13,62,0,0,0,0,0
122,2011-05-16,62,0,0,0,0,0
121,2011-05-17,62,0,0,0,0,0
118,2011-05-18,62,0,0,0,0,0
117,2011-05-19,62,0,0,0,0,0
116,2011-05-20,62,0,0,0,0,0
115,2011-05-23,62,0,0,0,0,0
114,2011-05-24,62,0,0,0,0,0
110,2011-05-25,62,0,0,0,0,0
109,2011-05-26,62,0,0,0,0,0
108,2011-05-27,62,0,0,0,0,0
107,2011-05-30,62,0,0,0,0,0
106,2011-05-31,62,0,0,0,0,0
103,2011-06-01,62,0,0,0,0,0
102,2011-06-02,62,0,0,0,0,0
101,2011-06-03,62,0,0,0,0,0
100,2011-06-07,62,0,0,0,0,0
99,2011-06-08,62,0,0,0,0,0
95,2011-06-09,62,0,0,0,0,0
94,2011-06-10,62,0,0,0,0,0
93,2011-06-13,62,0,0,0,0,0
92,2011-06-14,62,0,0,0,0,0
91,2011-06-15,62,0,0,0,0,0
88,2011-06-16,62,0,0,0,0,0
87,2011-06-17,62,0,0,0,0,0
86,2011-06-20,62,0,0,0,0,0
85,2011-06-21,62,0,0,0,0,0
84,2011-06-22,62,0,0,0,0,0
80,2011-06-23,62,0,0,0,0,0
79,2011-06-24,62,0,0,0,0,0
78,2011-06-27,62,0,0,0,0,0
77,2011-06-28,62,0,0,0,0,0
76,2011-06-29,62,0,0,0,0,0
73,2011-06-30,62,0,0,0,0,0
72,2011-07-01,62,0,0,0,0,0
71,2011-07-04,62,0,0,0,0,0
70,2011-07-05,62,0,0,0,0,0
69,2011-07-06,62,0,0,0,0,0
65,2011-07-07,62,0,0,0,0,0
64,2011-07-08,62,0,0,0,0,0
63,2011-07-11,62,0,0,0,0,0
62,2011-07-12,62,0,0,0,0,0
61,2011-07-13,62,0,0,0,0,0
58,2011-07-14,62,0,0,0,0,0
57,2011-07-15,62,0,0,0,0,0
56,2011-07-18,62,0,0,0,0,0
55,2011-07-19,62,0,0,0,0,0
54,2011-07-20,62,0,0,0,0,0
50,2011-07-21,62,0,0,0,0,0
49,2011-07-22,62,0,0,0,0,0
48,2011-07-25,62,0,0,0,0,0
47,2011-07-26,62,0,0,0,0,0
46,2011-07-27,62,0,0,0,0,0
43,2011-07-28,62,0,0,0,0,0
42,2011-07-29,62,0,0,0,0,0
41,2011-08-01,62,0,0,0,0,0
40,2011-08-02,62,0,0,0,0,0
39,2011-08-03,62,0,0,0,0,0
35,2011-08-04,62,0,0,0,0,0
34,2011-08-05,62,0,0,0,0,0
33,2011-08-08,62,0,0,0,0,0
32,2011-08-09,62,0,0,0,0,0
31,2011-08-10,62,0,0,0,0,0
28,2011-08-11,62,0,0,0,0,0
27,2011-08-12,62,0,0,0,0,0
26,2011-08-16,62,0,0,0,0,0
25,2011-08-17,62,0,0,0,0,0
24,2011-08-18,62,0,0,0,0,0
20,2011-08-19,62,0,0,0,0,0
19,2011-08-22,62,0,0,0,0,0
18,2011-08-23,62,0,0,0,0,0
17,2011-08-24,62,0,0,0,0,0
16,2011-08-25,62,0,0,0,0,0
13,2011-08-26,62,0,0,0,0,0
12,2011-08-29,62,0,0,0,0,0
11,2011-08-30,62,0,0,0,0,0
10,2011-08-31,314,252,210,314,210,1046360
9,2011-09-01,200,114,300,330,198,951544
5,2011-09-02,161,39,198,216,161,463488
4,2011-09-05,159,2,161,180,157,309259
3,2011-09-06,154,5,180,180,150,350622
2,2011-09-07,148,6,154,180,148,611382
