,date,close,diff,open,high,low,volume
448,2007-06-20,1695,220,1460,1695,1460,3313076
447,2007-06-21,1840,145,1900,1915,1720,5369904
446,2007-06-22,1950,110,1860,1950,1810,3545509
445,2007-06-25,1870,80,1995,1995,1835,1989439
444,2007-06-26,1920,50,1875,2020,1725,3263137
440,2007-06-27,1875,45,1950,1975,1860,1460056
439,2007-06-28,1740,135,1890,1900,1730,1071543
438,2007-06-29,1800,60,1745,1900,1650,2371514
437,2007-07-02,1845,45,1820,1880,1775,1183554
436,2007-07-03,1775,70,1855,1885,1775,1147398
433,2007-07-04,1625,150,1800,1800,1615,1607751
432,2007-07-05,1650,25,1625,1705,1600,1212957
431,2007-07-06,1580,70,1660,1670,1530,1530330
430,2007-07-09,1445,135,1540,1595,1415,1784415
429,2007-07-10,1515,70,1455,1530,1420,987238
425,2007-07-11,1740,225,1525,1740,1450,2643056
424,2007-07-12,1835,95,1820,1925,1730,4230328
423,2007-07-13,1800,35,1840,1865,1730,2077940
422,2007-07-16,1700,100,1810,1810,1675,1187870
421,2007-07-18,1700,0,1700,1770,1600,708761
418,2007-07-19,1815,115,1770,1860,1740,1875386
417,2007-07-20,1775,40,1805,1840,1760,1094909
416,2007-07-23,1810,35,1750,1820,1745,1193234
415,2007-07-24,1860,50,1820,2005,1760,3294453
414,2007-07-25,1810,50,1900,1900,1800,1276960
410,2007-07-26,1910,100,1865,1955,1810,1793332
409,2007-07-27,1870,40,1880,1935,1800,1258562
408,2007-07-30,2150,280,1915,2150,1910,5125613
407,2007-07-31,2470,320,2340,2470,2210,7261594
406,2007-08-01,2500,30,2400,2670,2270,5545200
403,2007-08-02,2785,285,2680,2835,2625,7461460
402,2007-08-03,2785,0,2830,2955,2605,5504969
401,2007-08-06,2925,140,2795,3070,2720,3135174
400,2007-08-07,2970,45,2980,3090,2820,3172304
399,2007-08-08,2700,270,3000,3100,2535,2904675
395,2007-08-09,3000,300,2775,3000,2750,2514704
394,2007-08-10,2900,100,2915,3000,2850,1547725
393,2007-08-13,2700,200,2795,2815,2680,2346559
392,2007-08-14,2725,25,2745,2940,2605,1712095
391,2007-08-16,2320,405,2605,2605,2320,2015277
388,2007-08-17,2185,135,2325,2460,1975,2807319
387,2007-08-20,2510,325,2370,2510,2275,1156904
386,2007-08-21,2885,375,2740,2885,2620,2997452
385,2007-08-22,3315,430,2950,3315,2900,7069535
384,2007-08-23,3500,185,3660,3810,3250,8166105
380,2007-08-24,4025,525,3470,4025,3250,9110321
379,2007-08-27,3680,345,4200,4460,3425,9168386
378,2007-08-28,3130,550,3790,4085,3130,11971164
377,2007-08-29,3595,465,3000,3595,2975,7485268
376,2007-08-30,3800,205,3790,4080,3500,10011365
373,2007-08-31,3600,200,3850,3920,3525,5860338
372,2007-09-03,3400,200,3700,3720,3275,3850212
371,2007-09-04,3585,185,3500,3695,3375,3394325
370,2007-09-05,3580,5,3680,3805,3565,2040098
369,2007-09-06,3500,80,3500,3625,3380,1690754
365,2007-09-07,3550,50,3580,3780,3410,2709576
364,2007-09-10,3430,120,3360,3505,3340,1415418
363,2007-09-11,3755,325,3480,3795,3325,2904230
362,2007-09-12,3495,260,3840,3870,3370,2519093
361,2007-09-13,3350,145,3495,3600,3325,1748473
358,2007-09-14,3265,85,3350,3450,3150,1612368
357,2007-09-17,3150,115,3150,3350,3060,1836651
356,2007-09-18,3155,5,3290,3495,3130,2338679
355,2007-09-19,2685,470,3300,3300,2685,2610421
354,2007-09-20,2840,155,2675,2850,2285,5852679
350,2007-09-21,2885,45,3090,3095,2715,1620276
349,2007-09-27,3085,200,2890,3100,2840,1422195
348,2007-09-28,3035,50,3340,3460,2945,3316419
347,2007-10-01,2925,110,3060,3085,2840,1145837
346,2007-10-02,2700,225,2900,2900,2665,2434371
343,2007-10-04,2295,405,2660,2825,2295,5186015
342,2007-10-05,2620,325,2370,2635,2295,3163085
341,2007-10-08,2535,85,2700,2705,2450,1481926
340,2007-10-09,2280,255,2550,2575,2160,1828833
339,2007-10-10,2315,35,2300,2510,2250,1793387
335,2007-10-11,2300,15,2320,2415,2275,1345146
334,2007-10-12,2360,60,2340,2470,2280,1332934
333,2007-10-15,2270,90,2400,2435,2220,1298607
332,2007-10-16,1940,330,2255,2255,1930,2980746
331,2007-10-17,1960,20,1940,2080,1910,1552347
328,2007-10-18,1800,160,1975,2035,1680,3718442
327,2007-10-19,2000,200,1800,2030,1550,2798945
326,2007-10-22,1970,30,1855,2125,1850,1804307
325,2007-10-23,1960,10,2080,2085,1890,1108634
324,2007-10-24,1840,120,1990,2020,1840,1038827
320,2007-10-25,1760,80,1800,1980,1715,1326815
319,2007-10-26,1905,145,1740,1935,1680,1767188
318,2007-10-29,1900,5,1905,1980,1850,901812
317,2007-10-30,1840,60,1870,1955,1835,774235
316,2007-10-31,1830,10,1790,1885,1780,791235
313,2007-11-01,1815,15,1790,1885,1790,877111
312,2007-11-02,1885,70,1805,1905,1780,1223394
311,2007-11-05,2165,280,1895,2165,1830,2726023
310,2007-11-06,2250,85,2280,2475,2165,4168845
309,2007-11-07,2050,200,2230,2350,1945,3205889
305,2007-11-08,2030,20,2000,2160,1950,1548638
304,2007-11-09,1925,105,2100,2100,1850,1341767
303,2007-11-12,1865,60,1860,2020,1840,962796
302,2007-11-13,1790,75,1865,1900,1685,1049642
301,2007-11-14,1800,10,1850,1860,1760,765940
298,2007-11-15,1755,45,1770,1815,1730,781220
297,2007-11-16,1845,90,1730,1845,1605,875856
296,2007-11-19,1905,60,1850,1955,1775,688214
295,2007-11-20,1910,5,1900,2010,1850,957015
294,2007-11-21,1770,140,1915,1915,1760,789247
290,2007-11-22,1670,100,1700,1730,1645,688812
289,2007-11-23,1420,250,1675,1725,1420,2988427
288,2007-11-26,1350,70,1430,1480,1230,1270086
287,2007-11-27,1340,10,1350,1390,1260,1133727
286,2007-11-28,1440,100,1385,1480,1340,982780
283,2007-11-29,1360,80,1455,1480,1360,870513
282,2007-11-30,1400,40,1365,1455,1290,1221877
281,2007-12-03,1610,210,1450,1610,1400,1835028
280,2007-12-04,1850,240,1760,1850,1695,4027226
279,2007-12-05,1825,25,1820,1960,1820,3026376
275,2007-12-06,1830,5,1805,2050,1630,5018412
274,2007-12-07,1635,195,1840,1850,1635,1747624
273,2007-12-10,1510,125,1635,1635,1475,1432235
272,2007-12-11,1450,60,1605,1605,1400,1340029
271,2007-12-12,1360,90,1375,1470,1235,2450234
268,2007-12-13,1425,65,1390,1430,1355,764662
267,2007-12-14,1420,5,1420,1555,1400,998616
266,2007-12-17,1380,40,1350,1510,1340,728888
265,2007-12-18,1380,0,1355,1420,1355,563243
264,2007-12-20,1325,55,1420,1420,1280,900981
260,2007-12-21,1215,110,1325,1340,1150,1747367
259,2007-12-24,1205,10,1185,1280,1185,699892
258,2007-12-26,1195,10,1230,1275,1170,681254
257,2007-12-27,1185,10,1225,1225,1170,553574
256,2007-12-28,1250,65,1195,1320,1125,2139681
253,2008-01-02,1255,5,1320,1320,1255,651307
252,2008-01-03,1205,50,1250,1250,1170,750464
251,2008-01-04,1295,90,1215,1300,1160,1182797
250,2008-01-07,1475,180,1280,1480,1275,1970591
249,2008-01-08,1470,5,1500,1585,1390,1720202
245,2008-01-09,1420,50,1415,1525,1380,870818
244,2008-01-10,1400,20,1435,1465,1365,857222
243,2008-01-11,1340,60,1385,1410,1300,961249
242,2008-01-14,1200,140,1360,1360,1180,1113587
241,2008-01-15,1140,60,1200,1245,1115,997318
238,2008-01-16,1130,10,1080,1220,1075,852087
237,2008-01-17,1160,30,1150,1185,1140,480294
236,2008-01-18,1195,35,1115,1275,1115,658305
235,2008-01-21,1170,25,1200,1255,1160,388485
234,2008-01-22,1000,170,1150,1150,995,1247709
230,2008-01-23,1010,10,1020,1080,1005,917287
229,2008-01-24,1045,35,1015,1065,1000,533166
228,2008-01-25,1095,50,1060,1110,1050,424764
227,2008-01-28,1070,25,1095,1180,1060,780161
226,2008-01-29,1090,20,1065,1120,1060,405912
223,2008-01-30,1035,55,1135,1135,1025,621388
222,2008-01-31,1040,5,1030,1055,1020,375490
221,2008-02-01,1015,25,1090,1090,1010,529127
220,2008-02-04,995,20,1000,1020,975,851861
219,2008-02-05,1030,35,995,1030,980,593670
215,2008-02-11,1005,25,1015,1020,990,366474
214,2008-02-12,1005,0,1025,1030,1000,426970
213,2008-02-13,1085,80,1030,1150,1005,1276447
212,2008-02-14,1195,110,1105,1230,1080,1826603
211,2008-02-15,1100,95,1175,1200,1085,907165
208,2008-02-18,1100,0,1085,1105,1020,805589
207,2008-02-19,1105,5,1100,1190,1090,1035957
206,2008-02-20,1120,15,1110,1160,1075,530735
205,2008-02-21,1055,65,1140,1145,1045,901783
204,2008-02-22,1070,15,1045,1090,1040,649393
200,2008-02-25,1230,160,1090,1230,1045,2712125
199,2008-02-26,1300,70,1315,1405,1215,5787881
198,2008-02-27,1225,75,1310,1360,1190,3645941
197,2008-02-28,1190,35,1225,1325,1175,4262787
196,2008-02-29,1160,30,1190,1210,1130,994174
193,2008-03-03,1150,10,1140,1175,1095,1055683
192,2008-03-04,1210,60,1165,1270,1155,2351284
191,2008-03-05,1220,10,1205,1245,1160,1118766
190,2008-03-06,1270,50,1220,1290,1215,1522294
189,2008-03-07,1205,65,1245,1280,1205,999938
185,2008-03-10,1025,180,1150,1170,1025,2214495
184,2008-03-11,1075,50,995,1090,875,2835894
183,2008-03-12,1005,70,1130,1130,990,1230089
182,2008-03-13,990,15,1005,1035,980,678513
181,2008-03-14,1015,25,1000,1055,980,876356
178,2008-03-17,985,30,1015,1020,975,635354
177,2008-03-18,975,10,980,1000,965,526132
176,2008-03-19,935,40,990,995,935,806884
175,2008-03-20,795,140,905,920,795,3917335
174,2008-03-21,680,115,770,805,680,6803187
170,2008-03-24,700,20,655,760,655,3792115
169,2008-03-25,670,30,715,730,640,3064422
168,2008-03-26,570,100,650,660,570,6603121
167,2008-03-27,570,0,570,570,570,0
166,2008-03-28,570,0,570,570,570,0
163,2008-03-31,570,0,570,570,570,0
162,2008-04-01,570,0,570,570,570,0
161,2008-04-02,570,0,570,570,570,0
160,2008-04-03,570,0,570,570,570,0
159,2008-04-04,570,0,570,570,570,0
155,2008-04-07,570,0,570,570,570,0
154,2008-04-08,570,0,570,570,570,0
153,2008-04-10,570,0,570,570,570,0
152,2008-04-11,570,0,570,570,570,0
151,2008-04-14,570,0,570,570,570,0
148,2008-04-15,570,0,570,570,570,0
147,2008-04-16,570,0,570,570,570,0
146,2008-04-17,570,0,570,570,570,0
145,2008-04-18,570,0,570,570,570,0
144,2008-04-21,570,0,570,570,570,0
140,2008-04-22,570,0,570,570,570,0
139,2008-04-23,570,0,570,570,570,0
138,2008-04-24,570,0,570,570,570,0
137,2008-04-25,570,0,570,570,570,0
136,2008-04-28,570,0,570,570,570,0
133,2008-04-29,570,0,570,570,570,0
132,2008-04-30,655,85,545,655,545,4982194
131,2008-05-02,750,95,730,750,705,2178612
130,2008-05-06,640,110,810,815,640,11154556
129,2008-05-07,575,65,620,635,545,14597056
125,2008-05-08,505,70,560,580,495,6696156
124,2008-05-09,445,60,515,520,440,10156026
123,2008-05-13,395,50,455,465,390,8665124
122,2008-05-14,450,55,400,450,390,5424904
121,2008-05-15,405,45,465,475,405,9566035
118,2008-05-16,395,10,390,420,375,3479240
117,2008-05-19,395,0,400,415,380,1942466
116,2008-05-20,385,10,405,405,380,2204222
115,2008-05-21,425,40,385,440,385,4071467
114,2008-05-22,365,60,385,385,365,4728622
110,2008-05-23,345,20,355,370,330,3357420
109,2008-05-26,335,10,345,355,320,3651117
108,2008-05-27,340,5,335,380,330,6866028
107,2008-05-28,320,20,340,350,320,3609174
106,2008-05-29,275,45,275,275,275,299511
103,2008-05-30,250,25,260,285,240,12067338
102,2008-06-02,240,10,250,260,235,3613234
101,2008-06-03,235,5,240,255,230,4244969
100,2008-06-04,205,30,235,235,200,6919989
99,2008-06-05,205,0,200,220,195,7245546
95,2008-06-09,205,0,200,215,195,5173246
94,2008-06-10,200,5,205,205,195,2032432
93,2008-06-11,200,0,200,220,195,6369201
92,2008-06-12,190,10,200,205,185,2814835
91,2008-06-13,165,25,190,195,165,4434752
88,2008-06-16,170,5,165,180,160,3966717
87,2008-06-17,175,5,170,175,165,2102702
86,2008-06-18,175,0,175,175,175,0
85,2008-06-19,170,5,175,180,165,2602514
84,2008-06-20,195,25,165,195,165,7407508
80,2008-06-23,175,20,200,210,175,6597940
79,2008-06-24,190,15,175,200,175,8182461
78,2008-06-25,180,10,190,195,175,3037236
77,2008-06-26,175,5,185,185,170,1687674
76,2008-06-27,170,5,170,180,165,3907608
73,2008-06-30,165,5,170,175,160,1285315
72,2008-07-01,160,5,160,170,155,1333875
71,2008-07-02,140,20,155,160,140,6024810
70,2008-07-03,130,10,135,135,125,3181159
69,2008-07-04,145,15,135,145,135,4295449
65,2008-07-07,145,0,145,145,145,395718
64,2008-07-08,145,0,145,145,145,0
63,2008-07-09,145,0,145,145,145,0
62,2008-07-10,145,0,145,145,145,0
61,2008-07-11,145,0,145,145,145,0
58,2008-07-14,145,0,145,145,145,0
57,2008-07-15,145,0,145,145,145,0
56,2008-07-16,145,0,145,145,145,0
55,2008-07-17,145,0,145,145,145,0
54,2008-07-18,145,0,145,145,145,0
50,2008-07-21,145,0,145,145,145,0
49,2008-07-22,145,0,145,145,145,0
48,2008-07-23,145,0,145,145,145,0
47,2008-07-24,145,0,145,145,145,0
46,2008-07-25,145,0,145,145,145,0
43,2008-07-28,145,0,145,145,145,0
42,2008-07-29,145,0,145,145,145,0
41,2008-07-30,145,0,145,145,145,0
40,2008-07-31,145,0,145,145,145,0
39,2008-08-01,145,0,145,145,145,0
35,2008-08-04,145,0,145,145,145,0
34,2008-08-05,145,0,145,145,145,0
33,2008-08-06,145,0,145,145,145,0
32,2008-08-07,145,0,145,145,145,0
31,2008-08-08,145,0,145,145,145,0
28,2008-08-11,145,0,145,145,145,0
27,2008-08-12,145,0,145,145,145,0
26,2008-08-13,145,0,145,145,145,0
25,2008-08-14,145,0,145,145,145,0
24,2008-08-18,145,0,145,145,145,0
20,2008-08-19,145,0,145,145,145,0
19,2008-08-20,145,0,145,145,145,0
18,2008-08-21,145,0,145,145,145,0
17,2008-08-22,145,0,145,145,145,0
16,2008-08-25,145,0,145,145,145,0
13,2008-08-26,145,0,145,145,145,0
12,2008-08-27,145,0,145,145,145,0
11,2008-08-28,145,0,145,145,145,0
10,2008-08-29,280,135,215,300,215,1326925
9,2008-09-01,215,65,340,350,200,1136204
5,2008-09-02,95,120,195,195,95,1001839
4,2008-09-03,70,25,90,100,70,908820
3,2008-09-04,55,15,70,75,55,885594
2,2008-09-05,35,20,45,55,35,1214401
