,date,close,diff,open,high,low,volume
448,2019-08-16,63300,600,62400,64500,61100,5298
447,2019-08-19,63900,600,63100,64000,62600,2234
446,2019-08-20,65000,1100,62800,65900,62800,3310
445,2019-08-21,63500,1500,65300,65300,62700,5002
444,2019-08-22,63800,300,63300,64400,62900,2758
440,2019-08-23,62200,1600,63800,63800,62100,3507
439,2019-08-26,61000,1200,62000,62500,61000,3497
438,2019-08-27,60200,800,61400,61600,60200,1989
437,2019-08-28,59500,700,60000,60500,59000,4765
436,2019-08-29,60200,700,59500,60200,58500,4331
433,2019-08-30,60800,600,60300,61500,60300,863
432,2019-09-02,61100,300,60800,61800,60800,2009
431,2019-09-03,61200,100,61500,61900,60600,3257
430,2019-09-04,61000,200,61500,61500,60500,2978
429,2019-09-05,61500,500,61500,61800,60900,2120
425,2019-09-06,61500,0,61700,61700,61000,622
424,2019-09-09,63400,1900,61500,63600,61100,7176
423,2019-09-10,63700,300,63900,63900,63100,2831
422,2019-09-11,64600,900,64000,64800,63200,2818
421,2019-09-16,64800,200,64700,65500,64600,1907
418,2019-09-17,64300,500,64800,65200,64200,4298
417,2019-09-18,64400,100,64900,64900,63600,2484
416,2019-09-19,63800,600,64800,64800,63400,4089
415,2019-09-20,63300,500,63800,64300,63300,2068
414,2019-09-23,63900,600,63300,64300,62800,3709
410,2019-09-24,63600,300,64500,64500,63100,2251
409,2019-09-25,62000,1600,63600,64800,61600,4101
408,2019-09-26,61800,200,62700,62700,61100,2803
407,2019-09-27,62200,400,62000,62800,61300,1858
406,2019-09-30,61500,700,62200,62900,61400,2159
403,2019-10-01,62200,700,61500,62700,61000,2187
402,2019-10-02,62800,600,62200,62800,61100,4940
401,2019-10-04,62400,400,62600,62600,61300,1004
400,2019-10-07,61200,1200,62400,62600,60400,4922
399,2019-10-08,62800,1600,60700,62900,60700,1727
395,2019-10-10,62000,800,62800,62800,61800,1897
394,2019-10-11,61800,200,62900,62900,61800,2512
393,2019-10-14,64200,2400,62900,64200,62200,1556
392,2019-10-15,64200,0,64500,64500,63400,6491
391,2019-10-16,63700,500,63700,64700,62900,4413
388,2019-10-17,63200,500,64000,64000,63200,1443
387,2019-10-18,63200,0,63200,63500,62800,1650
386,2019-10-21,63600,400,62900,63800,62900,1503
385,2019-10-22,63300,300,63600,64200,62100,3712
384,2019-10-23,63000,300,63300,63800,62800,2133
380,2019-10-24,63600,600,63000,63800,62500,2421
379,2019-10-25,63900,300,63100,64000,63100,1315
378,2019-10-28,63500,400,63900,64300,63400,1864
377,2019-10-29,63100,400,63100,63900,63100,1211
376,2019-10-30,62500,600,62600,63600,62000,5013
373,2019-10-31,62200,300,62000,63000,62000,1022
372,2019-11-01,62300,100,62200,62900,62200,1065
371,2019-11-04,62300,0,62900,63000,61800,2882
370,2019-11-05,62400,100,62500,62900,61800,2448
369,2019-11-06,62000,400,62400,63500,61200,6084
365,2019-11-07,61600,400,61800,61800,61300,2463
364,2019-11-08,62100,500,61800,62300,61500,1199
363,2019-11-11,62500,400,62400,62700,61000,3984
362,2019-11-12,62500,0,62500,62900,62000,2651
361,2019-11-13,62000,500,62000,62600,61300,5598
358,2019-11-14,62300,300,61500,62400,61200,6075
357,2019-11-15,61400,900,62400,62400,61300,6404
356,2019-11-18,61500,100,61500,61900,60900,1567
355,2019-11-19,61200,300,61300,61300,61000,1530
354,2019-11-20,60700,500,61500,61500,59900,4715
350,2019-11-21,60000,700,60700,60700,59900,3680
349,2019-11-22,59700,300,59500,60600,59300,1319
348,2019-11-25,60500,800,60100,60700,59900,2057
347,2019-11-26,61800,1300,60500,61800,60500,2689
346,2019-11-27,62500,700,61800,62500,61000,1667
343,2019-11-28,61000,1500,62000,62000,59800,7544
342,2019-11-29,60700,300,61500,61500,60700,2271
341,2019-12-02,60800,100,60500,60900,60400,6045
340,2019-12-03,61700,900,60800,61900,60500,6973
339,2019-12-04,60600,1100,58900,61700,58900,4927
335,2019-12-05,60600,0,60600,61300,60100,1403
334,2019-12-06,60700,100,61000,61000,60300,1076
333,2019-12-09,60700,0,60700,61200,60100,4900
332,2019-12-10,60800,100,60700,61500,60100,7039
331,2019-12-11,60900,100,60800,61300,60300,3822
328,2019-12-12,60800,100,59900,61100,59900,3753
327,2019-12-13,61300,500,60800,61500,60700,2248
326,2019-12-16,61100,200,61300,61400,61000,686
325,2019-12-17,61400,300,61200,61500,61000,1172
324,2019-12-18,61200,200,61400,61400,60900,1994
320,2019-12-19,61700,500,61200,61800,61000,964
319,2019-12-20,61600,100,61700,62000,61100,519
318,2019-12-23,61000,600,61600,62000,61000,3090
317,2019-12-24,62000,1000,61000,62000,60800,4950
316,2019-12-26,61900,100,62000,62300,61600,3694
313,2019-12-27,61800,100,61800,61900,60400,4496
312,2019-12-30,60900,900,62000,62000,60800,812
311,2020-01-02,59800,1100,60900,60900,59300,5520
310,2020-01-03,60400,600,59800,66500,59300,6606
309,2020-01-06,59100,1300,60400,60400,59100,4303
305,2020-01-07,59500,400,59500,59800,59000,2327
304,2020-01-08,58100,1400,60000,60000,57100,5048
303,2020-01-09,57200,900,58900,59300,57200,5678
302,2020-01-10,56800,400,57500,57500,56500,3044
301,2020-01-13,56700,100,57000,58500,56300,3993
298,2020-01-14,56900,200,56900,58000,56600,4054
297,2020-01-15,56900,0,57600,57600,56400,4025
296,2020-01-16,57100,200,57700,57900,56900,1705
295,2020-01-17,58300,1200,57800,58400,57300,3965
294,2020-01-20,57600,700,58500,58500,57500,1664
290,2020-01-21,57300,300,57600,57600,56800,1633
289,2020-01-22,57200,100,57200,57200,56300,6165
288,2020-01-23,57000,200,57200,57200,56300,1754
287,2020-01-28,55800,1200,56500,56500,55200,3603
286,2020-01-29,55800,0,55800,57100,54600,3958
283,2020-01-30,54300,1500,55900,55900,54200,2612
282,2020-01-31,52600,1700,55100,55100,52600,6741
281,2020-02-03,52700,100,49900,52800,49900,6605
280,2020-02-04,52100,600,53300,53300,50300,4470
279,2020-02-05,52900,800,52100,54900,52000,10283
275,2020-02-06,53300,400,52400,54700,52300,10572
274,2020-02-07,54200,900,53300,54500,52600,3436
273,2020-02-10,54600,400,54300,54600,53400,3026
272,2020-02-11,54500,100,54700,55600,53500,5580
271,2020-02-12,54500,0,53600,54500,53300,2438
268,2020-02-13,54400,100,54600,54800,53900,2243
267,2020-02-14,53800,600,54400,54400,53100,3392
266,2020-02-17,53600,200,53800,54000,53200,2396
265,2020-02-18,53600,0,52800,53800,52500,1973
264,2020-02-19,52900,700,54100,54100,52400,2389
260,2020-02-20,52500,400,53100,53100,50200,17771
259,2020-02-21,50800,1700,50600,52400,50600,1372
258,2020-02-24,49350,1450,49900,49950,48600,7285
257,2020-02-25,51000,1650,47500,51800,47500,7994
256,2020-02-26,49900,1100,49950,50200,49250,6144
253,2020-02-27,49300,600,48800,49750,48500,4269
252,2020-02-28,49000,300,47200,49800,47200,13108
251,2020-03-02,48650,350,47150,49500,47150,2793
250,2020-03-03,48650,0,51400,51400,48400,1752
249,2020-03-04,48050,600,48650,48950,48050,5668
245,2020-03-05,48400,350,48700,48800,47800,3515
244,2020-03-06,48400,0,48400,48450,47050,3257
243,2020-03-09,46750,1650,48000,48000,46700,3573
242,2020-03-10,44600,2150,46100,46500,44450,10624
241,2020-03-11,44900,300,44850,45550,44550,3867
238,2020-03-12,43650,1250,44900,45150,42550,12962
237,2020-03-13,39000,4650,39700,42000,34800,31749
236,2020-03-16,37000,2000,39450,39550,36300,13487
235,2020-03-17,35000,2000,33400,36550,33400,15204
234,2020-03-18,32550,2450,34100,34500,32550,36613
230,2020-03-19,28900,3650,32600,32900,28600,14132
229,2020-03-20,30400,1500,28900,31600,28900,8472
228,2020-03-23,29850,550,27900,30650,27800,6959
227,2020-03-24,30650,800,29900,31300,29900,5845
226,2020-03-25,32500,1850,31400,32750,31400,130689
223,2020-03-26,33750,1250,32550,34300,32550,8366
222,2020-03-27,34100,350,34200,35300,32950,7980
221,2020-03-30,34200,100,33500,34300,33500,1946
220,2020-03-31,34800,600,34800,35300,32500,6043
219,2020-04-01,35850,1050,35400,36650,34050,7109
215,2020-04-02,36500,650,36000,37000,34350,4198
214,2020-04-03,36500,0,37850,38000,35900,3413
213,2020-04-06,37150,650,36500,37450,36000,3422
212,2020-04-07,37800,650,38150,38150,37200,5947
211,2020-04-08,38500,700,37800,38700,37200,3735
208,2020-04-09,39400,900,39000,39700,38700,5767
207,2020-04-10,42500,3100,39950,43050,39600,13087
206,2020-04-13,41300,1200,42550,45400,41050,10304
205,2020-04-14,41050,250,41250,41950,39150,4322
204,2020-04-16,39550,1500,41050,41050,39200,10278
200,2020-04-17,40300,750,40200,41000,39850,9169
199,2020-04-20,40400,100,40800,40800,40100,4422
198,2020-04-21,39700,700,40400,41150,38950,5059
197,2020-04-22,39000,700,39300,39300,37950,7570
196,2020-04-23,39200,200,39000,40000,38850,4986
193,2020-04-24,38250,950,39000,39200,38050,4370
192,2020-04-27,39050,800,38800,39350,38550,3355
191,2020-04-28,39000,50,39100,39950,38800,2977
190,2020-04-29,39750,750,39000,39950,39000,5351
189,2020-05-04,40100,350,39800,40400,39000,5846
185,2020-05-06,39850,250,40350,40350,39550,3095
184,2020-05-07,39600,250,39850,40350,38400,8439
183,2020-05-08,42500,2900,40200,51300,39700,55194
182,2020-05-11,44700,2200,42500,48100,42100,25414
181,2020-05-12,42250,2450,44700,45700,41900,26434
178,2020-05-13,41550,700,41650,42150,41300,4758
177,2020-05-14,41100,450,41350,41350,40000,9949
176,2020-05-15,41750,650,40900,41750,40050,5676
175,2020-05-18,44000,2250,42300,51000,42000,53117
174,2020-05-19,46700,2700,44600,49900,44400,48720
170,2020-05-20,46450,250,47050,48850,46000,17529
169,2020-05-21,45850,600,46350,46900,45500,7741
168,2020-05-22,46000,150,46350,46750,45150,6347
167,2020-05-25,46950,950,46450,47350,45550,8140
166,2020-05-26,50800,3850,47000,50800,46950,24156
163,2020-05-27,50600,200,53000,53200,49850,23168
162,2020-05-28,50000,600,51000,52000,48800,9386
161,2020-05-29,51100,1100,49050,51600,48950,11975
160,2020-06-01,56000,4900,55400,60900,53900,64033
159,2020-06-02,56900,900,60300,60300,56200,48419
155,2020-06-03,57700,800,58000,60000,55100,74680
154,2020-06-04,55900,1800,58600,58600,54800,35727
153,2020-06-05,54700,1200,55000,55200,53700,24905
152,2020-06-08,54300,400,55800,55900,53200,23551
151,2020-06-09,52900,1400,53100,54100,51800,26212
148,2020-06-10,52200,700,52900,52900,51300,14630
147,2020-06-11,51400,800,51300,53000,50900,18012
146,2020-06-12,49800,1600,48900,50300,48600,14137
145,2020-06-15,47100,2700,49800,49800,45100,11292
144,2020-06-16,50000,2900,47600,50000,47600,7854
140,2020-06-17,48800,1200,49000,49800,48300,5059
139,2020-06-18,48500,300,48750,48750,47850,5110
138,2020-06-19,48750,250,48500,49750,48100,6600
137,2020-06-22,49450,700,48750,51000,48550,4915
136,2020-06-23,48850,600,50900,50900,48100,10553
133,2020-06-24,49500,650,48850,50400,48850,5489
132,2020-06-25,48150,1350,47850,48800,47850,4643
131,2020-06-26,48500,350,49000,49000,48000,1793
130,2020-06-29,47550,950,47600,48450,47150,4145
129,2020-06-30,48700,1150,47600,48850,47400,5035
125,2020-07-01,47850,850,48800,49000,47850,3050
124,2020-07-02,48250,400,47850,49150,47200,7130
123,2020-07-03,48750,500,48550,49150,47950,3635
122,2020-07-06,48900,150,48750,49400,48700,2180
121,2020-07-07,48800,100,48750,49200,48100,5018
118,2020-07-08,51300,2500,48800,55700,48250,48162
117,2020-07-09,50600,700,51400,52000,50500,5012
116,2020-07-10,51900,1300,50500,52000,49750,9367
115,2020-07-13,51600,300,51900,52200,50900,4004
114,2020-07-14,52100,500,51600,52600,51000,5963
110,2020-07-15,52100,0,52700,52700,51600,5029
109,2020-07-16,52000,100,52100,52700,51900,5219
108,2020-07-17,52000,0,52300,52700,51500,4933
107,2020-07-20,51600,400,52000,52600,51200,3510
106,2020-07-21,54500,2900,52200,54900,51900,18693
103,2020-07-22,56500,2000,57300,58800,56100,59282
102,2020-07-23,57700,1200,57500,58000,56400,24802
101,2020-07-24,58000,300,56800,58300,54600,13096
100,2020-07-27,58500,500,58000,58600,56400,23205
99,2020-07-28,56800,1700,59000,59000,56600,13683
95,2020-07-29,56800,0,56300,57700,56200,11362
94,2020-07-30,56000,800,56900,57100,55600,7998
93,2020-07-31,62900,6900,56000,64900,55000,89504
92,2020-08-03,63900,1000,62800,64500,62000,22956
91,2020-08-04,70700,6800,66500,75400,66100,108346
88,2020-08-05,68600,2100,70700,72000,67900,32215
87,2020-08-06,67600,1000,68600,70400,67600,14608
86,2020-08-07,66100,1500,68300,69600,65700,16543
85,2020-08-10,69300,3200,66600,70600,66300,20340
84,2020-08-11,69900,600,69200,70400,67700,18879
80,2020-08-12,69300,600,70400,70500,68800,11682
79,2020-08-13,75500,6200,70400,78900,69500,83818
78,2020-08-14,78900,3400,76800,79900,74500,38217
77,2020-08-18,77900,1000,78900,79000,72500,26715
76,2020-08-19,78000,100,76800,78000,74200,20348
73,2020-08-20,72600,5400,77800,78000,70000,34135
72,2020-08-21,75100,2500,76300,78300,74200,39145
71,2020-08-24,74700,400,73900,74900,70200,20069
70,2020-08-25,78100,3400,74700,78700,74700,18973
69,2020-08-26,75500,2600,79200,79700,74800,23289
65,2020-08-27,79100,3600,75500,80000,74300,32697
64,2020-08-28,89900,10800,79200,92800,79200,70476
63,2020-08-31,89600,300,90000,92400,87200,32591
62,2020-09-01,85400,4200,89800,89800,83900,17444
61,2020-09-02,83900,1500,85400,85400,81500,17984
58,2020-09-03,83300,600,83400,83500,81600,22847
57,2020-09-04,88700,5400,80300,89900,80100,74646
56,2020-09-07,90500,1800,88300,97100,87700,81745
55,2020-09-08,92000,1500,94400,94400,88700,33054
54,2020-09-09,92800,800,91100,95000,88000,33453
50,2020-09-10,93300,500,93200,93700,91400,12416
49,2020-09-11,92800,500,93400,97900,91700,26569
48,2020-09-14,92800,0,92800,97200,92600,27690
47,2020-09-15,95900,3100,92200,96000,92100,21848
46,2020-09-16,94900,1000,96000,98500,93700,27498
43,2020-09-17,92500,2400,94900,95900,92000,17020
42,2020-09-18,88000,4500,92500,92900,88000,49088
41,2020-09-21,79400,8600,89700,90900,78000,65977
40,2020-09-22,80400,1000,80100,82300,74500,26602
39,2020-09-23,80800,400,83100,84100,80000,33182
35,2020-09-24,77600,3200,79000,79000,77000,18124
34,2020-09-25,77100,500,80500,80500,77100,16266
33,2020-09-28,80700,3600,78200,80700,77100,16244
32,2020-09-29,79800,900,80700,82000,79600,13631
31,2020-10-05,84000,4200,81400,87500,79600,29574
28,2020-10-06,85000,1000,85600,88700,83100,23460
27,2020-10-07,85300,300,83200,86100,83200,12470
26,2020-10-08,87000,1700,87000,87900,84200,17736
25,2020-10-12,84700,2300,88800,88800,84100,15449
24,2020-10-13,83500,1200,85700,85800,82100,18198
20,2020-10-14,81700,1800,83800,83900,80500,15195
19,2020-10-15,80900,800,81700,81700,78900,12660
18,2020-10-16,79000,1900,81000,85000,78700,13990
17,2020-10-19,77900,1100,79000,80600,77900,11013
16,2020-10-20,82800,4900,79000,84100,78100,53622
13,2020-10-21,90000,7200,83500,91300,83500,70218
12,2020-10-22,87900,2100,90600,91300,86300,34993
11,2020-10-23,85600,2300,87900,88500,84300,17879
10,2020-10-26,81500,4100,84200,86200,81100,23843
9,2020-10-27,82200,700,81300,83600,80100,11047
5,2020-10-28,86800,4600,81900,87300,81400,17031
4,2020-10-29,84600,2200,85600,85600,82800,13295
3,2020-10-30,81900,2700,83600,85100,81900,8588
2,2020-11-02,82100,200,81900,83900,81200,6796
1,2020-11-03,83200,1100,83400,85000,81400,12327
