,date,close,diff,open,high,low,volume
448,2004-01-30,1405,55,1315,1435,1315,58018
447,2004-02-02,1450,45,1450,1600,1430,46800
446,2004-02-03,1410,40,1450,1490,1350,27450
445,2004-02-04,1360,50,1380,1425,1320,23220
444,2004-02-05,1400,40,1485,1485,1360,35030
440,2004-02-06,1375,25,1360,1420,1360,19420
439,2004-02-09,1375,0,1375,1420,1360,16738
438,2004-02-10,1390,15,1380,1420,1370,16560
437,2004-02-11,1380,10,1450,1450,1365,38020
436,2004-02-12,1420,40,1370,1420,1350,31800
433,2004-02-13,1440,20,1380,1475,1380,32990
432,2004-02-16,1630,190,1440,1655,1440,118520
431,2004-02-17,1650,20,1535,1865,1490,162325
430,2004-02-18,1700,50,1745,1745,1630,41310
429,2004-02-19,1660,40,1830,1830,1630,44320
425,2004-02-20,1660,0,1620,1760,1620,50740
424,2004-02-23,1780,120,1660,1880,1660,115050
423,2004-02-24,1680,100,1800,1850,1680,93540
422,2004-02-25,1700,20,1680,1750,1645,40030
421,2004-02-26,1740,40,1670,1830,1670,71920
418,2004-02-27,1760,20,1710,1800,1710,49410
417,2004-03-02,1760,0,1760,1800,1705,70940
416,2004-03-03,1735,25,1730,1770,1720,27530
415,2004-03-04,1690,45,1765,1770,1680,96190
414,2004-03-05,1680,10,1670,1720,1610,50160
410,2004-03-08,1665,15,1650,1760,1650,45390
409,2004-03-09,1660,5,1665,1725,1630,41400
408,2004-03-10,1590,70,1650,1650,1560,56300
407,2004-03-11,1595,5,1615,1630,1505,63824
406,2004-03-12,1360,235,1500,1570,1360,105920
403,2004-03-15,1160,200,1160,1160,1160,17700
402,2004-03-16,1080,80,990,1160,990,489280
401,2004-03-17,1240,160,1090,1240,1090,423950
400,2004-03-18,1210,30,1280,1300,1150,172830
399,2004-03-19,1170,40,1180,1210,1160,52170
395,2004-03-22,1150,20,1170,1170,1085,60220
394,2004-03-23,1220,70,1150,1220,1100,76150
393,2004-03-24,1040,180,1350,1350,1040,133510
392,2004-03-25,980,60,1020,1030,905,99320
391,2004-03-26,1125,145,1000,1125,1000,67511
388,2004-03-29,1290,165,1280,1290,1235,76710
387,2004-03-30,1165,125,1450,1450,1135,274452
386,2004-03-31,1165,0,1165,1165,1165,0
385,2004-04-01,1165,0,1165,1165,1165,0
384,2004-04-02,1165,0,1165,1165,1165,0
380,2004-04-06,1050,115,1050,1090,995,280960
379,2004-04-07,1205,155,1100,1205,1005,169408
378,2004-04-08,1150,55,1270,1270,1135,139890
377,2004-04-09,1160,10,1160,1175,1110,67420
376,2004-04-12,1125,35,1170,1170,1110,35174
373,2004-04-13,1110,15,1050,1170,1050,51110
372,2004-04-14,1275,165,1145,1275,1145,206130
371,2004-04-16,1465,190,1465,1465,1400,451900
370,2004-04-19,1680,215,1390,1680,1310,465600
369,2004-04-20,1930,250,1680,1930,1680,781990
365,2004-04-21,1915,15,2020,2200,1770,1257831
364,2004-04-22,2000,85,1970,2050,1785,886370
363,2004-04-23,1870,130,2060,2070,1870,487390
362,2004-04-26,1740,130,1800,1800,1590,335830
361,2004-04-27,2000,260,1690,2000,1690,787570
358,2004-04-28,2000,0,2080,2300,1890,804610
357,2004-04-29,2150,150,2020,2200,1925,653570
356,2004-04-30,1980,170,2150,2175,1900,379040
355,2004-05-03,2020,40,1830,2050,1830,161000
354,2004-05-04,1995,25,2070,2090,1930,161960
350,2004-05-06,1715,280,1990,1990,1700,252380
349,2004-05-07,1675,40,1720,1790,1500,208623
348,2004-05-10,1425,250,1620,1710,1425,156210
347,2004-05-11,1370,55,1275,1500,1225,264637
346,2004-05-12,1440,70,1380,1480,1380,161152
343,2004-05-13,1470,30,1390,1515,1390,142490
342,2004-05-14,1690,220,1670,1690,1600,528420
341,2004-05-17,1470,220,1615,1620,1440,412260
340,2004-05-18,1510,40,1510,1595,1450,235750
339,2004-05-19,1550,40,1560,1590,1480,231360
335,2004-05-20,1500,50,1560,1560,1430,141240
334,2004-05-21,1725,225,1690,1725,1660,206070
333,2004-05-24,1980,255,1920,1980,1820,592950
332,2004-05-25,2050,70,2000,2200,1995,1477850
331,2004-05-27,1965,85,2060,2170,1870,834244
328,2004-05-28,1960,5,1900,2030,1800,402990
327,2004-05-31,1975,15,1880,2000,1785,654192
326,2004-06-01,1930,45,2070,2070,1855,576520
325,2004-06-02,1880,50,1930,2000,1805,347370
324,2004-06-03,1750,130,1930,1945,1715,286720
320,2004-06-04,1905,155,1760,1945,1760,603442
319,2004-06-07,1815,90,1830,1875,1790,278760
318,2004-06-08,1845,30,1790,1855,1790,161320
317,2004-06-09,1990,145,1865,2000,1855,915911
316,2004-06-10,1900,90,1945,1980,1830,294770
313,2004-06-11,1760,140,1930,1930,1720,228484
312,2004-06-14,1675,85,1710,1830,1605,153890
311,2004-06-15,1425,250,1425,1425,1425,13470
310,2004-06-16,1215,210,1215,1215,1215,4680
309,2004-06-17,1035,180,1090,1100,1035,1103280
305,2004-06-18,1050,15,975,1170,915,2392910
304,2004-06-21,895,155,1070,1100,895,786390
303,2004-06-22,905,10,890,1025,820,1473564
302,2004-06-23,895,10,930,970,850,715330
301,2004-06-24,780,115,875,905,765,606592
298,2004-06-25,840,60,780,865,770,457880
297,2004-06-28,835,5,865,950,835,717910
296,2004-06-29,805,30,860,870,780,323060
295,2004-06-30,820,15,820,825,770,302078
294,2004-07-01,865,45,825,900,820,666850
290,2004-07-02,820,45,870,870,800,188042
289,2004-07-05,820,0,805,870,805,455590
288,2004-07-06,940,120,840,940,795,837590
287,2004-07-07,925,15,985,990,885,714200
286,2004-07-08,905,20,950,1030,900,778890
283,2004-07-09,860,45,910,910,830,255720
282,2004-07-12,840,20,845,880,825,176330
281,2004-07-13,965,125,835,965,815,879160
280,2004-07-14,865,100,940,955,850,496510
279,2004-07-15,935,70,850,960,850,392330
275,2004-07-16,1075,140,930,1075,930,405140
274,2004-07-19,1235,160,1180,1235,1180,291187
273,2004-07-20,1355,120,1370,1420,1290,1427280
272,2004-07-21,1390,35,1395,1400,1160,926314
271,2004-07-22,1595,205,1420,1595,1415,2057138
268,2004-07-23,1830,235,1680,1830,1660,1288675
267,2004-07-26,1750,80,1940,1980,1570,2561255
266,2004-07-27,1800,50,1730,1875,1610,1413553
265,2004-07-28,1530,270,1800,1890,1530,1411660
264,2004-07-29,1305,225,1305,1540,1305,2035978
260,2004-07-30,1260,45,1255,1500,1200,4622342
259,2004-08-02,1215,45,1260,1365,1145,1358458
258,2004-08-03,1290,75,1230,1295,1125,926445
257,2004-08-04,1100,190,1390,1390,1100,1866238
256,2004-08-05,1120,20,1100,1140,1000,685360
253,2004-08-06,1145,25,1100,1170,1080,349650
252,2004-08-09,1070,75,1145,1200,1005,746710
251,2004-08-10,1140,70,1050,1150,1050,583506
250,2004-08-11,1230,90,1160,1250,1115,525727
249,2004-08-12,1230,0,1250,1280,1120,745280
245,2004-08-13,1215,15,1185,1265,1160,241200
244,2004-08-16,1270,55,1215,1270,1200,194510
243,2004-08-17,1460,190,1265,1460,1260,605027
242,2004-08-18,1360,100,1490,1550,1300,726183
241,2004-08-19,1560,200,1390,1560,1350,451741
238,2004-08-20,1500,60,1570,1640,1465,290721
237,2004-08-23,1430,70,1500,1595,1380,662010
236,2004-08-24,1250,180,1460,1490,1250,502420
235,2004-08-25,1285,35,1240,1395,1120,830769
234,2004-08-26,1475,190,1300,1475,1280,836806
230,2004-08-27,1475,0,1475,1475,1475,0
229,2004-08-30,1475,0,1475,1475,1475,0
228,2004-08-31,1475,0,1475,1475,1475,0
227,2004-09-01,1475,0,1475,1475,1475,0
226,2004-09-02,1475,0,1475,1475,1475,0
223,2004-09-03,1475,0,1475,1475,1475,0
222,2004-09-06,1475,0,1475,1475,1475,0
221,2004-09-07,1475,0,1475,1475,1475,0
220,2004-09-08,1475,0,1475,1475,1475,0
219,2004-09-09,1475,0,1475,1475,1475,0
215,2004-09-10,1475,0,1475,1475,1475,0
214,2004-09-13,1475,0,1475,1475,1475,0
213,2004-09-14,1475,0,1475,1475,1475,0
212,2004-09-15,1475,0,1475,1475,1475,0
211,2004-09-16,1475,0,1475,1475,1475,0
208,2004-09-17,1475,0,1475,1475,1475,0
207,2004-09-20,1475,0,1475,1475,1475,0
206,2004-09-21,1475,0,1475,1475,1475,0
205,2004-09-22,1475,0,1475,1475,1475,0
204,2004-09-23,1475,0,1475,1475,1475,0
200,2004-09-24,20400,3600,24000,27600,20400,198930
199,2004-09-30,23450,3050,18500,23450,17350,113125
198,2004-10-01,26950,3500,25500,26950,25500,18567
197,2004-10-04,30950,4000,30950,30950,25350,161060
196,2004-10-05,35550,4600,30550,35550,30300,130695
193,2004-10-06,37000,1450,35000,40700,33500,142030
192,2004-10-07,35500,1500,35200,37500,33700,98981
191,2004-10-08,39050,3550,37200,40800,35900,110443
190,2004-10-11,40000,950,39800,44000,39000,49626
189,2004-10-12,36000,4000,39400,41800,34100,58194
185,2004-10-13,30600,5400,33000,36800,30600,79671
184,2004-10-14,32500,1900,30600,34900,29000,85919
183,2004-10-15,34000,1500,32500,34250,32000,43634
182,2004-10-18,29000,5000,34000,34500,29000,34783
181,2004-10-19,31000,2000,28150,31900,26100,63990
178,2004-10-20,35650,4650,30900,35650,29300,56120
177,2004-10-21,40950,5300,40950,40950,37300,113521
176,2004-10-22,35500,5450,41250,41900,34850,84843
175,2004-10-25,30300,5200,34500,35000,30300,61902
174,2004-10-26,30300,0,31000,33000,29300,71838
170,2004-10-27,26300,4000,30300,31200,26250,85741
169,2004-10-28,22400,3900,25700,27600,22400,150784
168,2004-10-29,21300,1100,22900,24000,19800,118214
167,2004-11-01,21500,200,22200,22300,20050,73270
166,2004-11-02,21200,300,20800,22000,19950,104989
163,2004-11-03,23200,2000,21200,24200,20850,140122
162,2004-11-04,21700,1500,23900,24700,21600,67535
161,2004-11-05,20700,1000,22300,22350,20350,77601
160,2004-11-08,20700,0,20700,20700,20700,0
159,2004-11-09,19500,1200,20100,21000,18000,80248
155,2004-11-10,18350,1150,19500,19800,18200,50237
154,2004-11-11,16500,1850,18350,18400,16500,87415
153,2004-11-12,18950,2450,17200,18950,17150,105696
152,2004-11-15,17000,1950,18750,18800,16900,86621
151,2004-11-16,16900,100,17000,17600,16650,57113
148,2004-11-17,16100,800,16800,17200,16000,70270
147,2004-11-18,15000,1100,15800,16400,14950,72204
146,2004-11-19,15600,600,15300,16400,15200,69413
145,2004-11-22,13900,1700,15600,15950,13300,58887
144,2004-11-23,12750,1150,13900,13950,12500,125062
140,2004-11-24,14650,1900,12650,14650,11650,178623
139,2004-11-25,6630,860,6630,6630,6630,510
138,2004-11-26,7620,990,7620,7620,7620,3375
137,2004-11-29,8760,1140,8760,8760,8760,298
136,2004-11-30,10050,1290,10050,10050,10050,330
133,2004-12-01,11550,1500,11550,11550,11550,1440
132,2004-12-02,13250,1700,12500,13250,12300,153029
131,2004-12-03,13700,450,14750,14800,12150,186788
130,2004-12-06,13650,50,13650,14000,12500,109855
129,2004-12-07,15650,2000,13200,15650,13200,170290
125,2004-12-08,17950,2300,16500,17950,16000,77008
124,2004-12-09,16750,1200,20550,20600,15300,233118
123,2004-12-10,16750,0,16750,16750,16750,0
122,2004-12-13,14550,2200,15650,16700,14500,118101
121,2004-12-14,14600,50,13850,16000,13200,129640
118,2004-12-15,14100,500,14600,15500,13500,106550
117,2004-12-16,12000,2100,13850,14400,12000,154850
116,2004-12-17,11150,850,12400,12500,10700,134987
115,2004-12-20,12800,1650,11200,12800,10100,263768
114,2004-12-21,10900,1900,12100,13600,10900,140240
110,2004-12-22,9800,1100,10300,11650,9800,228393
109,2004-12-23,9900,100,10100,10500,9600,129749
108,2004-12-24,8420,1480,9890,10100,8420,136722
107,2004-12-27,8400,20,7820,8800,7820,72259
106,2004-12-28,7140,1260,8390,8400,7140,79955
103,2004-12-29,6570,570,6850,7300,6300,109501
102,2004-12-30,7550,980,5850,7550,5850,232690
101,2005-01-03,8680,1130,8210,8680,8200,44458
100,2005-01-04,9980,1300,9980,9980,9980,22350
99,2005-01-05,10200,220,11200,11200,9000,303860
95,2005-01-06,10300,100,9900,10700,9720,98103
94,2005-01-07,10200,100,10650,11600,10000,224065
93,2005-01-10,11050,850,10050,11500,10000,188210
92,2005-01-11,11050,0,11050,11050,11050,0
91,2005-01-12,9400,1650,9600,10350,9400,134824
88,2005-01-13,8800,600,9030,9990,8500,100046
87,2005-01-14,8460,340,8800,8840,8400,42021
86,2005-01-17,9060,600,8700,9480,8410,69440
85,2005-01-18,8800,260,8810,9060,8690,37950
84,2005-01-19,8590,210,8800,8930,8590,27640
80,2005-01-20,8420,170,8600,8760,8370,28660
79,2005-01-21,8300,120,8320,8690,8160,52858
78,2005-01-24,7840,460,8230,8260,7800,33654
77,2005-01-25,7800,40,7630,8160,7630,31830
76,2005-01-26,7600,200,7750,7890,7490,46610
73,2005-01-27,8740,1140,7680,8740,7650,106245
72,2005-01-28,8150,590,9320,9460,8150,104295
71,2005-01-31,8210,60,8150,8560,7950,57751
70,2005-02-01,8260,50,8030,8790,8030,65736
69,2005-02-02,8300,40,8780,8890,8300,72524
65,2005-02-03,8120,180,8400,8460,8100,30010
64,2005-02-04,8100,20,8300,8400,7950,30020
63,2005-02-07,8140,40,8110,8340,8000,25390
62,2005-02-11,8210,70,8110,8300,8000,23630
61,2005-02-14,9440,1230,8900,9440,8800,131609
58,2005-02-15,10850,1410,10200,10850,9600,183530
57,2005-02-16,12450,1600,12000,12450,11150,84890
56,2005-02-17,12400,50,13400,13950,11600,245750
55,2005-02-18,14250,1850,12400,14250,11450,274940
54,2005-02-21,13800,450,14250,15750,13000,194354
50,2005-02-22,13000,800,13800,14400,12600,75805
49,2005-02-23,12350,650,12350,12700,11150,77006
48,2005-02-24,13350,1000,12200,13950,12200,94060
47,2005-02-25,13800,450,13700,14500,13500,85165
46,2005-02-28,13600,200,14000,14400,13100,54304
43,2005-03-02,13000,600,13600,13600,12550,43250
42,2005-03-03,13350,350,12850,14200,12500,77870
41,2005-03-04,13700,350,13600,13950,13000,35540
40,2005-03-07,13050,650,13450,14100,12700,63772
39,2005-03-08,13400,350,13150,13750,13150,30830
35,2005-03-09,13400,0,13400,13400,13400,0
34,2005-03-10,13400,0,13400,13400,13400,0
33,2005-03-11,13400,0,13400,13400,13400,0
32,2005-03-14,13400,0,13400,13400,13400,0
31,2005-03-15,13400,0,13400,13400,13400,0
28,2005-03-16,13400,0,13400,13400,13400,0
27,2005-03-17,13400,0,13400,13400,13400,0
26,2005-03-18,13400,0,13400,13400,13400,0
25,2005-03-21,13400,0,13400,13400,13400,0
24,2005-03-22,13400,0,13400,13400,13400,0
20,2005-03-23,13400,0,13400,13400,13400,0
19,2005-03-24,13400,0,13400,13400,13400,0
18,2005-03-25,13400,0,13400,13400,13400,0
17,2005-03-28,13400,0,13400,13400,13400,0
16,2005-03-29,13400,0,13400,13400,13400,0
13,2005-03-30,13400,0,13400,13400,13400,0
12,2005-03-31,13400,0,13400,13400,13400,0
11,2005-04-01,13400,0,13400,13400,13400,0
10,2005-04-04,535,12865,310,640,310,261304
9,2005-04-06,475,60,600,600,420,99463
5,2005-04-07,500,25,500,500,460,74316
4,2005-04-08,620,120,580,705,580,92883
3,2005-04-11,400,220,555,555,365,70244
2,2005-04-12,250,150,130,380,130,94266
