,date,close,diff,open,high,low,volume
448,2019-08-16,41450,700,40400,41550,40150,602818
447,2019-08-19,41150,300,41750,42100,41100,416794
446,2019-08-20,41700,550,41300,42000,41000,462077
445,2019-08-21,42300,600,41500,43150,41500,937870
444,2019-08-22,41600,700,42600,43150,41400,756916
440,2019-08-23,41000,600,40800,41350,40550,557534
439,2019-08-26,37700,3300,39600,40150,37700,1254753
438,2019-08-27,38600,900,38700,39450,38300,729247
437,2019-08-28,42650,4050,38600,42650,38400,1559437
436,2019-08-29,43650,1000,42650,44500,41900,1812957
433,2019-08-30,44450,800,44400,45450,44100,954713
432,2019-09-02,45500,1050,44000,45750,43400,698930
431,2019-09-03,45350,150,45500,46600,45000,717423
430,2019-09-04,46350,1000,44950,46750,44900,658702
429,2019-09-05,46100,250,46850,46950,45450,636485
425,2019-09-06,46400,300,46600,46600,45250,439320
424,2019-09-09,46050,350,46800,46800,45600,399281
423,2019-09-10,45350,700,46000,46500,45350,345296
422,2019-09-11,47750,2400,46100,48300,45950,1222634
421,2019-09-16,50900,3150,48500,51000,47550,1190681
418,2019-09-17,52100,1200,50900,53800,50300,1331435
417,2019-09-18,51500,600,52400,53200,50900,675825
416,2019-09-19,50500,1000,52200,52500,49700,786245
415,2019-09-20,52800,2300,51000,52800,50900,751584
414,2019-09-23,51100,1700,53800,53800,50700,877870
410,2019-09-24,50900,200,50300,52200,49800,754355
409,2019-09-25,51400,500,50900,52700,50600,845328
408,2019-09-26,51400,0,52900,52900,50500,541060
407,2019-09-27,51000,400,51800,51800,50300,368402
406,2019-09-30,50400,600,51300,51400,49600,533763
403,2019-10-01,54800,4400,51500,55200,50900,1734071
402,2019-10-02,53300,1500,54000,55300,53300,1001070
401,2019-10-04,52800,500,53100,53900,52500,598668
400,2019-10-07,55100,2300,53600,55500,53100,1109844
399,2019-10-08,55500,400,55500,56400,53800,1442082
395,2019-10-10,54800,700,54900,55200,53900,696706
394,2019-10-11,53900,900,55200,55200,53900,505716
393,2019-10-14,54400,500,54600,55000,54000,436899
392,2019-10-15,54500,100,54200,55000,54000,334287
391,2019-10-16,55700,1200,55100,56700,55100,654936
388,2019-10-17,55100,600,56000,56400,54600,524044
387,2019-10-18,53400,1700,55100,55400,53200,458361
386,2019-10-21,53000,400,53100,54100,52300,439861
385,2019-10-22,56500,3500,53100,56900,52700,1532348
384,2019-10-23,59200,2700,57300,59800,57200,1999953
380,2019-10-24,55400,3800,55100,56500,54100,10123544
379,2019-10-25,55100,300,55900,56300,54400,1307720
378,2019-10-28,56300,1200,55600,56600,55300,971999
377,2019-10-29,56800,500,57300,58200,56700,868879
376,2019-10-30,55800,1000,57200,57200,55500,820750
373,2019-10-31,55100,700,56400,56500,55000,1073575
372,2019-11-01,54000,1100,55100,55200,53300,846846
371,2019-11-04,54100,100,54800,54800,54000,542390
370,2019-11-05,54800,700,54200,54800,53800,561130
369,2019-11-06,54200,600,55100,55200,54000,538811
365,2019-11-07,52700,1500,55000,55200,52200,947469
364,2019-11-08,51800,900,53600,53600,51500,838649
363,2019-11-11,51600,200,52100,52400,50600,690140
362,2019-11-12,52000,400,51800,52500,51600,435381
361,2019-11-13,50800,1200,51600,52000,50600,523337
358,2019-11-14,52500,1700,51200,53200,51200,745371
357,2019-11-15,52700,200,52800,53300,51500,529554
356,2019-11-18,52200,500,53400,53400,52000,342162
355,2019-11-19,51200,1000,51700,52100,50900,520880
354,2019-11-20,51500,300,51300,52100,50900,466877
350,2019-11-21,48650,2850,51900,51900,48450,1203188
349,2019-11-22,48200,450,48650,49400,47950,703908
348,2019-11-25,50400,2200,48900,50500,48800,602581
347,2019-11-26,50100,300,51800,51800,50100,688650
346,2019-11-27,52400,2300,51000,53200,50400,956736
343,2019-11-28,50600,1800,52300,52800,50500,618396
342,2019-11-29,49250,1350,50700,50800,49200,577224
341,2019-12-02,49150,100,49300,50400,49000,439607
340,2019-12-03,48350,800,48550,48850,48250,424192
339,2019-12-04,47150,1200,48000,48250,46650,677963
335,2019-12-05,46150,1000,47700,47950,46050,781036
334,2019-12-06,47050,900,46450,47100,46350,460984
333,2019-12-09,46350,700,47000,47150,46300,452819
332,2019-12-10,45900,450,46300,46600,45600,506009
331,2019-12-11,45750,150,45700,46150,45350,387663
328,2019-12-12,48400,2650,46300,48850,46100,1343088
327,2019-12-13,48700,300,49400,49850,48250,809412
326,2019-12-16,48000,700,48700,49050,47900,358563
325,2019-12-17,50900,2900,48100,50900,47900,825511
324,2019-12-18,51100,200,52300,52300,50800,737196
320,2019-12-19,52500,1400,51400,53300,51000,1037252
319,2019-12-20,53700,1200,52800,54000,52700,944335
318,2019-12-23,55300,1600,54200,55600,54000,1082215
317,2019-12-24,55200,100,55700,55800,54400,969491
316,2019-12-26,57300,2100,55800,57300,55600,2117916
313,2019-12-27,54100,500,55300,55500,53400,1563989
312,2019-12-30,53000,1100,54000,54200,52800,643498
311,2020-01-02,52600,400,53200,53600,51300,853788
310,2020-01-03,51400,1200,53200,53600,51400,809860
309,2020-01-06,49950,1450,50300,51000,49800,853959
305,2020-01-07,51500,1550,50400,51900,50300,692795
304,2020-01-08,49500,2000,50600,50800,49300,1097478
303,2020-01-09,50800,1300,51000,51400,50100,782797
302,2020-01-10,51600,800,51400,52000,50300,673439
301,2020-01-13,52400,800,52200,52600,51600,688789
298,2020-01-14,52400,0,53100,53400,51700,701466
297,2020-01-15,52000,400,52400,52400,51600,418643
296,2020-01-16,55100,3100,52100,60700,51400,7817807
295,2020-01-17,54900,200,56200,56700,54200,1948193
294,2020-01-20,53300,1600,55100,56200,52600,1554103
290,2020-01-21,52600,700,53300,54100,52100,1003825
289,2020-01-22,55200,2600,52600,55200,52200,1033031
288,2020-01-23,55200,0,55300,56000,54200,874564
287,2020-01-28,53000,2200,53500,54600,52800,1107240
286,2020-01-29,56100,3100,53700,56700,53200,1823098
283,2020-01-30,56000,100,56300,57700,55300,1709479
282,2020-01-31,57200,1200,56800,59300,56300,2676191
281,2020-02-03,56000,1200,56800,57700,55400,1757975
280,2020-02-04,55300,700,56800,58000,54300,2794058
279,2020-02-05,55900,600,55800,56200,54400,1360800
275,2020-02-06,58900,3000,56700,59500,56400,2823720
274,2020-02-07,58700,200,59200,59300,58000,1269978
273,2020-02-10,61000,2300,58900,62000,58100,2086302
272,2020-02-11,60900,100,61900,62800,60400,1874818
271,2020-02-12,61600,700,61400,62100,60200,996742
268,2020-02-13,63700,2100,62900,64900,62600,2685649
267,2020-02-14,65200,1500,64100,65200,63400,1237009
266,2020-02-17,68500,3300,65800,69100,65800,2313405
265,2020-02-18,69000,500,67900,70200,67000,2124962
264,2020-02-19,66800,2200,70000,70400,66100,2181489
260,2020-02-20,66800,0,66400,67300,64800,1707304
259,2020-02-21,64300,2500,65300,67000,64200,1195354
258,2020-02-24,62700,1600,62300,64500,61900,1904157
257,2020-02-25,65900,3200,63700,65900,63300,1855503
256,2020-02-26,68400,2500,64900,68400,64300,2369990
253,2020-02-27,64200,4200,68800,68900,64100,2276606
252,2020-02-28,64800,600,62900,66500,62600,2530426
251,2020-03-02,65600,800,65400,65800,62900,1750648
250,2020-03-03,63600,2000,67200,67500,63500,1921416
249,2020-03-04,65000,1400,63100,65100,63000,968222
245,2020-03-05,67800,2800,66300,68300,65600,1923961
244,2020-03-06,67600,200,67200,68400,66300,1697037
243,2020-03-09,66800,800,67600,70900,66800,4121922
242,2020-03-10,68100,1300,66600,68600,64600,3118140
241,2020-03-11,66000,2100,68600,68700,65600,2010918
238,2020-03-12,65800,200,65100,66700,64300,2758535
237,2020-03-13,64500,1300,63000,66700,61300,3694337
236,2020-03-16,63100,1400,67000,67200,63100,2145106
235,2020-03-17,65900,2800,61500,66800,61200,3440509
234,2020-03-18,62000,3900,66400,67300,62000,2584874
230,2020-03-19,57200,4800,65100,65200,55800,4260356
229,2020-03-20,62400,5200,59700,62400,57200,2897291
228,2020-03-23,66500,4100,60700,71800,60000,11859616
227,2020-03-24,68100,1600,66800,70300,66500,5509532
226,2020-03-25,67100,1000,70100,70100,65200,3909668
223,2020-03-26,66000,1100,67200,71100,65000,5338765
222,2020-03-27,67900,1900,68300,69600,65600,3235739
221,2020-03-30,69000,1100,66900,69200,66500,1920096
220,2020-03-31,89700,20700,70300,89700,69800,20612853
219,2020-04-01,79000,10700,98000,99400,79000,18598315
215,2020-04-02,80600,1600,74000,82300,71400,17149114
214,2020-04-03,81900,1300,79600,89800,78600,12120076
213,2020-04-06,84400,2500,84000,86400,83000,5558518
212,2020-04-07,82400,2000,82100,84400,79800,10605750
211,2020-04-08,80100,2300,82600,82900,79600,3234842
208,2020-04-09,80600,500,81400,84200,80200,4534609
207,2020-04-10,79700,900,81900,82400,76800,4166036
206,2020-04-13,81500,1800,80000,85600,79500,8325412
205,2020-04-14,81100,400,83000,83300,80100,2381230
204,2020-04-16,81500,400,80400,82200,79800,2025760
200,2020-04-17,80600,900,82300,82300,79100,2819625
199,2020-04-20,80100,500,80600,83500,79600,2230186
198,2020-04-21,81100,1000,80000,82800,78600,4058507
197,2020-04-22,84400,3300,80500,85700,80500,6968982
196,2020-04-23,84000,400,85400,86200,83600,2713995
193,2020-04-24,85000,1000,83500,87500,83300,5782724
192,2020-04-27,86400,1400,87500,88400,86000,2977812
191,2020-04-28,84700,1700,86400,87100,84300,2149261
190,2020-04-29,84600,100,84900,85600,83500,1774190
189,2020-05-04,82800,1800,83400,85300,82700,1576968
185,2020-05-06,85700,2900,83600,86100,82300,1852970
184,2020-05-07,84800,900,85200,86400,84700,1305136
183,2020-05-08,88000,3200,85800,88300,85500,3331555
182,2020-05-11,88800,800,89400,90700,87900,3320932
181,2020-05-12,89800,1000,89500,93100,89100,4198167
178,2020-05-13,92800,3000,89200,93000,89100,3131334
177,2020-05-14,94300,1500,92200,94300,90800,2849248
176,2020-05-15,95300,1000,95900,97300,93800,3444041
175,2020-05-18,90900,4400,99200,100300,89600,6345733
174,2020-05-19,91000,100,91000,92400,88100,3754983
170,2020-05-20,91500,500,91700,92800,91200,1632556
169,2020-05-21,92000,500,91600,92700,90300,1577816
168,2020-05-22,90800,1200,92100,92500,90500,1264082
167,2020-05-25,91100,300,91500,91500,89800,1139881
166,2020-05-26,91500,400,91400,92200,90200,1569504
163,2020-05-27,87400,4100,88000,89100,87100,8578612
162,2020-05-28,86400,1000,87700,88100,84900,2718658
161,2020-05-29,90800,4400,87000,90800,86500,3414773
160,2020-06-01,94100,3300,90000,98900,88800,10975942
159,2020-06-02,92300,1800,94700,95100,92100,2329782
155,2020-06-03,92300,0,94900,97200,90500,4712567
154,2020-06-04,95000,2700,92700,95700,91500,3737080
153,2020-06-05,95200,200,94500,96200,93700,2698771
152,2020-06-08,97500,2300,96300,100300,96000,5167962
151,2020-06-09,98800,1300,98500,98900,96400,2442400
148,2020-06-10,101500,2700,99800,102900,99100,4804036
147,2020-06-11,105000,3500,112700,113700,103800,10252971
146,2020-06-12,107100,2100,100300,109000,100300,4982975
145,2020-06-15,99200,7900,107800,108700,97100,4684652
144,2020-06-16,109000,9800,103800,110300,102800,5021847
140,2020-06-17,106600,2400,109100,110500,103800,3641966
139,2020-06-18,105400,1200,106900,107600,105100,1497169
138,2020-06-19,106400,1000,106100,107000,103200,1875265
137,2020-06-22,112100,5700,107100,113700,106200,4635621
136,2020-06-23,113700,1600,115000,119300,112700,7681188
133,2020-06-24,112900,800,115800,116600,112400,2500883
132,2020-06-25,114700,1800,111700,115200,111000,2104287
131,2020-06-26,113700,1000,115900,116000,111800,1720628
130,2020-06-29,111100,2600,114300,115700,111000,2004472
129,2020-06-30,108400,2700,111900,112400,106600,2476356
125,2020-07-01,104900,3500,108900,109600,104500,1797849
124,2020-07-02,109500,4600,106200,110600,105700,2037769
123,2020-07-03,108000,1500,110500,110500,106000,1699623
122,2020-07-06,107500,500,108100,109000,107100,993220
121,2020-07-07,105700,1800,105800,109300,105600,6548392
118,2020-07-08,105100,600,106700,106900,103800,1879858
117,2020-07-09,106800,1700,107200,110300,106400,2762415
116,2020-07-10,106400,400,108000,108400,104500,1860765
115,2020-07-13,106600,200,107200,107300,105200,1126560
114,2020-07-14,106300,300,106800,108600,106100,1474769
110,2020-07-15,103700,2600,107100,107100,103100,1655560
109,2020-07-16,102300,1400,103000,105000,101500,1291541
108,2020-07-17,106500,4200,103300,106800,101900,1734749
107,2020-07-20,104600,1900,109000,109000,104500,1537647
106,2020-07-21,102900,1700,105200,105800,102700,1379983
103,2020-07-22,103200,300,102900,104100,101000,1185121
102,2020-07-23,103000,200,102400,103700,102000,909594
101,2020-07-24,102300,700,101700,105100,101600,1160598
100,2020-07-27,101000,1300,102200,102400,101000,910196
99,2020-07-28,101800,800,103800,103800,100800,1049861
95,2020-07-29,97400,4400,101500,102000,96700,2700475
94,2020-07-30,95600,1800,96500,100200,93000,4147178
93,2020-07-31,94500,1100,95600,97300,94500,1224097
92,2020-08-03,97500,3000,93400,97500,91100,2542456
91,2020-08-04,97500,0,98300,98900,96900,1294465
88,2020-08-05,103200,5700,97800,103800,97800,2619777
87,2020-08-06,102400,800,104500,104900,101400,1570731
86,2020-08-07,106700,4300,102900,107200,101600,2699421
85,2020-08-10,107500,800,108100,109200,105500,2475386
84,2020-08-11,108400,900,108000,109700,106700,1627579
80,2020-08-12,103900,4500,107200,108000,103600,2269462
79,2020-08-13,108200,4300,104900,114500,104900,7885722
78,2020-08-14,104200,4000,107500,108500,103100,3196964
77,2020-08-18,100200,4000,104200,106900,99400,2761663
76,2020-08-19,99900,300,102400,102900,99700,1615645
73,2020-08-20,99800,100,99200,104000,99100,2632026
72,2020-08-21,99900,100,101800,101900,97200,1648227
71,2020-08-24,104300,4400,100700,104300,99800,1617353
70,2020-08-25,103500,800,104600,104600,102000,1150141
69,2020-08-26,103700,200,105200,107200,103600,1934011
65,2020-08-27,101700,2000,103700,103700,101100,1183772
64,2020-08-28,102000,300,102400,104500,101900,1460605
63,2020-08-31,100100,1900,102200,103100,99800,1326437
62,2020-09-01,100000,100,100100,101200,99500,911900
61,2020-09-02,100400,400,100200,102200,100100,893702
58,2020-09-03,100500,100,101100,101100,99800,801815
57,2020-09-04,98800,1700,97400,99500,97400,1084584
56,2020-09-07,102100,3300,99000,102900,98000,1690931
55,2020-09-08,103100,1000,101300,104400,99800,2237519
54,2020-09-09,98600,4500,101800,104800,98600,2326418
50,2020-09-10,102100,3500,99500,102500,98700,2683903
49,2020-09-11,100000,2100,100700,102900,99000,2140853
48,2020-09-14,99200,800,100000,100300,98800,834474
47,2020-09-15,99700,500,99600,100700,99100,695660
46,2020-09-16,99700,0,100100,102400,99600,1121046
43,2020-09-17,98100,1600,100300,100400,98000,1174181
42,2020-09-18,98400,300,100400,100500,98200,940332
41,2020-09-21,94200,4200,98200,98700,93400,1485733
40,2020-09-22,90700,3500,93300,96000,90400,1683435
39,2020-09-23,90100,600,91200,92900,87600,1691806
35,2020-09-24,85200,4900,88500,89800,85100,1750816
34,2020-09-25,87700,2500,85500,89300,85500,1931132
33,2020-09-28,87700,0,94400,95000,87700,2696146
32,2020-09-29,87700,0,88400,89000,86400,1129484
31,2020-10-05,88300,600,87800,89800,85800,1106855
28,2020-10-06,90100,1800,88700,91300,88200,1081909
27,2020-10-07,90300,200,90000,91000,89100,662793
26,2020-10-08,90700,400,90900,93100,90300,944933
25,2020-10-12,92300,1600,91500,92600,90400,790649
24,2020-10-13,91500,800,93100,93200,91100,535463
20,2020-10-14,88700,2800,91100,91100,88500,746460
19,2020-10-15,87900,800,88800,90500,87400,784027
18,2020-10-16,87800,100,87700,89400,87000,610346
17,2020-10-19,89700,1900,88500,91200,88500,949117
16,2020-10-20,86700,3000,89000,89000,84600,1492161
13,2020-10-21,87600,900,86700,88000,85500,667317
12,2020-10-22,84700,2900,87000,87400,84200,761755
11,2020-10-23,83300,1400,84700,85900,82700,1110009
10,2020-10-26,82600,700,83900,86400,81900,1040520
9,2020-10-27,83200,600,81500,84600,81400,794786
5,2020-10-28,85300,2100,83900,85500,83100,526066
4,2020-10-29,89200,3900,84000,89400,83800,1108251
3,2020-10-30,84700,4500,88900,88900,84700,847143
2,2020-11-02,85200,500,85400,86600,84200,493606
1,2020-11-03,88900,3700,85900,89400,85900,1019661
