,date,close,diff,open,high,low,volume
448,2019-08-16,5710,10,5990,5990,5620,1482
447,2019-08-19,5730,20,5780,5800,5610,733
446,2019-08-20,5700,30,5730,5750,5610,2558
445,2019-08-21,5720,20,5830,5830,5620,4813
444,2019-08-22,5720,0,5800,5800,5660,490
440,2019-08-23,5670,50,5610,5790,5610,634
439,2019-08-26,5580,90,5660,5660,5520,935
438,2019-08-27,5620,40,5580,5720,5580,518
437,2019-08-28,5650,30,5670,5670,5580,212
436,2019-08-29,5620,30,5720,5730,5620,644
433,2019-08-30,5670,50,5770,5770,5620,461
432,2019-09-02,5650,20,5670,5670,5420,1984
431,2019-09-03,5650,0,5780,5780,5530,1483
430,2019-09-04,5660,10,5710,5710,5580,2804
429,2019-09-05,5720,60,5770,5770,5700,3721
425,2019-09-06,5740,20,5760,5760,5660,2329
424,2019-09-09,5700,40,5850,5850,5620,3488
423,2019-09-10,5700,0,5740,5790,5620,4114
422,2019-09-11,5720,20,5760,5760,5630,3054
421,2019-09-16,5800,80,5810,5850,5680,3997
418,2019-09-17,5740,60,5840,5850,5660,5112
417,2019-09-18,5780,40,5740,5800,5720,3746
416,2019-09-19,5830,50,5780,5850,5730,16049
415,2019-09-20,5830,0,5820,5860,5770,1900
414,2019-09-23,5870,40,5890,5890,5780,487
410,2019-09-24,5850,20,5960,5960,5770,5388
409,2019-09-25,5740,110,5870,5880,5700,2680
408,2019-09-26,5600,140,5740,5770,5600,3622
407,2019-09-27,5640,40,5630,5780,5550,4616
406,2019-09-30,5630,10,5630,5820,5620,9206
403,2019-10-01,5680,50,5650,5790,5620,1059
402,2019-10-02,5630,50,5720,5760,5500,15425
401,2019-10-04,5670,40,5630,5680,5580,2811
400,2019-10-07,5690,20,5570,5730,5570,2596
399,2019-10-08,5740,50,5660,5740,5500,7617
395,2019-10-10,5510,230,5730,5730,5500,21930
394,2019-10-11,5450,60,5510,5580,5440,9194
393,2019-10-14,5530,80,5490,5560,5470,2285
392,2019-10-15,5520,10,5590,5590,5380,19363
391,2019-10-16,5590,70,5510,5620,5510,3441
388,2019-10-17,5590,0,5500,5650,5500,4968
387,2019-10-18,5640,50,5570,5650,5480,17710
386,2019-10-21,5590,50,5630,5630,5490,3635
385,2019-10-22,5460,130,5480,5570,5380,20762
384,2019-10-23,5470,10,5460,5500,5380,3013
380,2019-10-24,5400,70,5460,5490,5250,9204
379,2019-10-25,5400,0,5400,5430,5350,2244
378,2019-10-28,5350,50,5490,5490,5160,36539
377,2019-10-29,5380,30,5350,5380,5270,4599
376,2019-10-30,5260,120,5370,5410,5220,9454
373,2019-10-31,5310,50,5340,5340,5240,5265
372,2019-11-01,5320,10,5300,5320,5260,747
371,2019-11-04,5370,50,5360,5370,5230,10396
370,2019-11-05,5340,30,5370,5370,5270,4200
369,2019-11-06,5360,20,5340,5420,5270,10548
365,2019-11-07,5360,0,5410,5410,5350,7967
364,2019-11-08,5360,0,5420,5420,5320,6902
363,2019-11-11,5370,10,5400,5400,5260,9446
362,2019-11-12,5370,0,5410,5410,5300,4538
361,2019-11-13,5330,40,5390,5390,5260,54355
358,2019-11-14,5400,70,5330,5400,5260,6769
357,2019-11-15,5370,30,5330,5410,5310,7131
356,2019-11-18,5300,70,5300,5360,5180,30196
355,2019-11-19,5370,70,5190,5400,5190,2358
354,2019-11-20,5320,50,5360,5400,5300,6081
350,2019-11-21,5350,30,5320,5430,5300,2463
349,2019-11-22,5360,10,5340,5400,5300,636
348,2019-11-25,5350,10,5310,5360,5280,3136
347,2019-11-26,5450,100,5350,5500,5350,7596
346,2019-11-27,5490,40,5450,5500,5300,13668
343,2019-11-28,5460,30,5480,5510,5410,4312
342,2019-11-29,5440,20,5460,5460,5330,9401
341,2019-12-02,5430,10,5380,5440,5310,5596
340,2019-12-03,5440,10,5430,5440,5350,4119
339,2019-12-04,5390,50,5430,5430,5250,10514
335,2019-12-05,5330,60,5300,5500,5280,15335
334,2019-12-06,5280,50,5290,5390,5210,15363
333,2019-12-09,5340,60,5280,5340,5230,2295
332,2019-12-10,5420,80,5320,5450,5310,2376
331,2019-12-11,5530,110,5370,5600,5370,8134
328,2019-12-12,5540,10,5480,5550,5480,1008
327,2019-12-13,5530,10,5540,5610,5440,4523
326,2019-12-16,5590,60,5530,5590,5350,14131
325,2019-12-17,5590,0,5470,5600,5470,2240
324,2019-12-18,5570,20,5630,5630,5500,404
320,2019-12-19,5440,130,5570,5670,5390,20846
319,2019-12-20,5380,60,5500,5500,5380,3265
318,2019-12-23,5420,40,5430,5430,5380,2384
317,2019-12-24,5400,20,5420,5420,5350,6638
316,2019-12-26,5440,40,5460,5460,5350,4112
313,2019-12-27,5430,10,5490,5490,5370,567
312,2019-12-30,5420,10,5430,5460,5360,3045
311,2020-01-02,5410,10,5470,5470,5380,3752
310,2020-01-03,5380,30,5430,5430,5310,4201
309,2020-01-06,5350,30,5380,5380,5250,7860
305,2020-01-07,5350,0,5310,5350,5250,7392
304,2020-01-08,5230,120,5360,5360,5230,4740
303,2020-01-09,5340,110,5280,5360,5260,1916
302,2020-01-10,5400,60,5410,5410,5330,3723
301,2020-01-13,5340,60,5450,5540,5190,36390
298,2020-01-14,5360,20,5340,5370,5270,6536
297,2020-01-15,5370,10,5360,5430,5290,6399
296,2020-01-16,5500,130,5450,5500,5310,10824
295,2020-01-17,5480,20,5500,5500,5420,3714
294,2020-01-20,5380,100,5480,5480,5330,5609
290,2020-01-21,5450,70,5380,5450,5250,14101
289,2020-01-22,5380,70,5450,5450,5350,3329
288,2020-01-23,5420,40,5450,5450,5360,3118
287,2020-01-28,5420,0,5210,5490,5210,5921
286,2020-01-29,5560,140,5360,5670,5360,4255
283,2020-01-30,5500,60,5560,5700,5500,12449
282,2020-01-31,5490,10,5420,5690,5420,3159
281,2020-02-03,5430,60,5550,5550,5360,4502
280,2020-02-04,5440,10,5430,5540,5370,2055
279,2020-02-05,5490,50,5390,5580,5390,3724
275,2020-02-06,5480,10,5620,5620,5370,5707
274,2020-02-07,5500,20,5480,5500,5370,14519
273,2020-02-10,5460,40,5500,5570,5400,14930
272,2020-02-11,5450,10,5530,5530,5370,8326
271,2020-02-12,5380,70,5360,5430,5350,3452
268,2020-02-13,5330,50,5380,5440,5330,2888
267,2020-02-14,5260,70,5380,5390,5200,23952
266,2020-02-17,5290,30,5240,5390,5190,29971
265,2020-02-18,5280,10,5290,5360,5250,2627
264,2020-02-19,5260,20,5280,5380,5220,4448
260,2020-02-20,5200,60,5230,5320,5190,13583
259,2020-02-21,5200,0,5230,5300,5140,5400
258,2020-02-24,5010,190,5200,5200,5010,10814
257,2020-02-25,5000,10,4920,5070,4920,4057
256,2020-02-26,5160,160,4855,5200,4855,14363
253,2020-02-27,4890,270,5030,5140,4890,15971
252,2020-02-28,4805,85,4800,5130,4750,5316
251,2020-03-02,4870,65,4805,5000,4785,3689
250,2020-03-03,5190,320,4870,5500,4870,44506
249,2020-03-04,5200,10,5130,5340,5110,30063
245,2020-03-05,5270,70,5200,5270,5190,11420
244,2020-03-06,5220,50,5160,5240,5160,20074
243,2020-03-09,5060,160,5190,5190,5010,20180
242,2020-03-10,5060,0,4910,5100,4910,9985
241,2020-03-11,4930,130,5060,5080,4875,17203
238,2020-03-12,4800,130,5070,5070,4570,31602
237,2020-03-13,4560,240,4210,4690,4210,35764
236,2020-03-16,4455,105,4890,4890,4435,28839
235,2020-03-17,4000,455,4455,4455,3910,83821
234,2020-03-18,3935,65,3915,4165,3915,37439
230,2020-03-19,3385,550,3900,4130,3150,45416
229,2020-03-20,3290,95,3615,3620,3055,86079
228,2020-03-23,3010,280,3100,3100,2855,12320
227,2020-03-24,3025,15,2930,3065,2925,17506
226,2020-03-25,3090,65,3050,3250,3025,32829
223,2020-03-26,3130,40,3075,3445,3075,63526
222,2020-03-27,3345,215,3315,3420,3255,31747
221,2020-03-30,3430,85,3240,3630,3100,21787
220,2020-03-31,3550,120,3605,3605,3450,18771
219,2020-04-01,3590,40,3490,3635,3425,22753
215,2020-04-02,3715,125,3660,3715,3500,5090
214,2020-04-03,3890,175,3715,3890,3660,16401
213,2020-04-06,4075,185,3890,4080,3735,35594
212,2020-04-07,4120,45,4120,4185,4030,16209
211,2020-04-08,4220,100,4165,4250,4100,16519
208,2020-04-09,4235,15,4250,4250,4200,2716
207,2020-04-10,4225,10,4260,4280,4120,6781
206,2020-04-13,4180,45,4235,4235,4110,2478
205,2020-04-14,4110,70,4220,4220,4050,1729
204,2020-04-16,4130,20,4150,4150,4035,16149
200,2020-04-17,4260,130,4055,4350,4055,20879
199,2020-04-20,4300,40,4260,4300,4255,13565
198,2020-04-21,4280,20,4280,4350,4000,13935
197,2020-04-22,4240,40,4080,4260,4080,9808
196,2020-04-23,4300,60,4300,4380,4240,3914
193,2020-04-24,4240,60,4340,4340,4170,7482
192,2020-04-27,4420,180,4310,4445,4310,10674
191,2020-04-28,4430,10,4420,4430,4345,2720
190,2020-04-29,4440,10,4400,4450,4400,5612
189,2020-05-04,4450,10,4440,4460,4390,17302
185,2020-05-06,4710,260,4450,4750,4450,21582
184,2020-05-07,4650,60,4665,4710,4645,4365
183,2020-05-08,4665,15,4735,4735,4610,5365
182,2020-05-11,4665,0,4685,4700,4570,2767
181,2020-05-12,4510,155,4715,4720,4510,29522
178,2020-05-13,4460,50,4545,4700,4460,16979
177,2020-05-14,4390,70,4490,4545,4385,10808
176,2020-05-15,4470,80,4485,4485,4350,3039
175,2020-05-18,4605,135,4470,4630,4415,25488
174,2020-05-19,4555,50,4610,4690,4540,5194
170,2020-05-20,4640,85,4555,4790,4510,10746
169,2020-05-21,4500,140,4615,4700,4500,22146
168,2020-05-22,4440,60,4500,4640,4440,4629
167,2020-05-25,4515,75,4470,4635,4405,3808
166,2020-05-26,4460,55,4410,4550,4400,13528
163,2020-05-27,4495,35,4450,4590,4450,1697
162,2020-05-28,4455,40,4495,4590,4410,3477
161,2020-05-29,4385,70,4455,4580,4380,4146
160,2020-06-01,4450,65,4460,4600,4385,15741
159,2020-06-02,4475,25,4450,4530,4380,6873
155,2020-06-03,4445,30,4540,4540,4400,9722
154,2020-06-04,4420,25,4445,4540,4400,7094
153,2020-06-05,4450,30,4465,4465,4395,2440
152,2020-06-08,4440,10,4450,4450,4365,9934
151,2020-06-09,4450,10,4440,4480,4440,4880
148,2020-06-10,4415,35,4500,4500,4415,2522
147,2020-06-11,4390,25,4420,4495,4360,7633
146,2020-06-12,4370,20,4305,4395,4250,2606
145,2020-06-15,4110,260,4325,4340,4100,14738
144,2020-06-16,4110,0,4115,4235,4105,17330
140,2020-06-17,4150,40,4220,4220,4065,4400
139,2020-06-18,4100,50,4150,4150,4010,13930
138,2020-06-19,4180,80,4100,4235,4055,7999
137,2020-06-22,4175,5,4180,4180,4120,4707
136,2020-06-23,4225,50,4175,4235,4100,10088
133,2020-06-24,4175,50,4230,4240,4155,3733
132,2020-06-25,4140,35,4175,4190,4070,6900
131,2020-06-26,4040,100,4130,4130,4005,8139
130,2020-06-29,3960,80,4000,4035,3945,5535
129,2020-06-30,4000,40,3960,4075,3895,10624
125,2020-07-01,4100,100,4000,4235,3970,5031
124,2020-07-02,4295,195,4100,4735,4055,41474
123,2020-07-03,4385,90,4530,5200,4300,187995
122,2020-07-06,4665,280,4385,5590,4385,525168
121,2020-07-07,4645,20,4615,4860,4535,90744
118,2020-07-08,4425,220,4645,4695,4415,41051
117,2020-07-09,4545,120,4460,4545,4405,27076
116,2020-07-10,4895,350,4545,5230,4545,696723
115,2020-07-13,4830,65,4850,4900,4705,84096
114,2020-07-14,4780,50,4790,4855,4715,22452
110,2020-07-15,4665,115,4735,4785,4665,11064
109,2020-07-16,4695,30,4620,4710,4600,9207
108,2020-07-17,4695,0,4695,4810,4645,9749
107,2020-07-20,4755,60,4740,4810,4625,15004
106,2020-07-21,4735,20,4800,4800,4630,14398
103,2020-07-22,5190,455,4710,5920,4700,732961
102,2020-07-23,5130,60,5190,5210,5060,62617
101,2020-07-24,5350,220,5130,5940,5010,392221
100,2020-07-27,5500,150,5450,5520,5330,66190
99,2020-07-28,5400,100,5530,5900,5400,181153
95,2020-07-29,5370,30,5380,5550,5330,22940
94,2020-07-30,5360,10,5480,5480,5190,21227
93,2020-07-31,5160,200,5350,5360,5160,21571
92,2020-08-03,5270,110,5320,5340,5100,15926
91,2020-08-04,5210,60,5300,5300,5130,14531
88,2020-08-05,5190,20,5210,5260,5100,15578
87,2020-08-06,5150,40,5190,5250,5060,21733
86,2020-08-07,5380,230,5280,5590,5250,83766
85,2020-08-10,5460,80,5380,5850,5340,111158
84,2020-08-11,5450,10,5560,5560,5400,18930
80,2020-08-12,5380,70,5460,5460,5160,32372
79,2020-08-13,5450,70,5350,5590,5290,25330
78,2020-08-14,5370,80,5450,5500,5270,16517
77,2020-08-18,5010,360,5300,5350,4910,36425
76,2020-08-19,5080,70,5010,5150,4905,24952
73,2020-08-20,4920,160,5070,5120,4750,29304
72,2020-08-21,4940,20,4920,5050,4900,3188
71,2020-08-24,4800,140,4990,4990,4750,29865
70,2020-08-25,4800,0,4890,4890,4765,26435
69,2020-08-26,4875,75,4890,4890,4700,31592
65,2020-08-27,4795,80,4890,4890,4740,9570
64,2020-08-28,4780,15,4850,4995,4770,18002
63,2020-08-31,4830,50,4780,4865,4750,17567
62,2020-09-01,4850,20,4830,5030,4740,22865
61,2020-09-02,4835,15,4880,4890,4775,9703
58,2020-09-03,4805,30,4850,4895,4755,14039
57,2020-09-04,4690,115,4725,4735,4605,14465
56,2020-09-07,4840,150,4690,5000,4670,70182
55,2020-09-08,4830,10,4840,4880,4775,19034
54,2020-09-09,4750,80,4605,4770,4605,11923
50,2020-09-10,4785,35,4750,4805,4600,34832
49,2020-09-11,4695,90,4785,4785,4685,13007
48,2020-09-14,4680,15,4695,4745,4660,9958
47,2020-09-15,4670,10,4725,4870,4655,29733
46,2020-09-16,4820,150,4690,4830,4600,32039
43,2020-09-17,4705,115,4820,4890,4695,21399
42,2020-09-18,4645,60,4705,4775,4600,38809
41,2020-09-21,4590,55,4645,4675,4580,14554
40,2020-09-22,4460,130,4590,4590,4460,18308
39,2020-09-23,4430,30,4400,4460,4390,21197
35,2020-09-24,4375,55,4390,4420,4310,11584
34,2020-09-25,4375,0,4365,4445,4300,8441
33,2020-09-28,4495,120,4475,4495,4400,5842
32,2020-09-29,4550,55,4490,4565,4450,9937
31,2020-10-05,4550,0,4550,4590,4480,3815
28,2020-10-06,4560,10,4550,4645,4550,10353
27,2020-10-07,4835,275,4560,4835,4560,19525
26,2020-10-08,4890,55,4850,4900,4755,24725
25,2020-10-12,4900,10,4870,4935,4850,15207
24,2020-10-13,5050,150,4900,5050,4850,19342
20,2020-10-14,4945,105,5010,5080,4945,8605
19,2020-10-15,4870,75,4945,5040,4805,8268
18,2020-10-16,4835,35,4865,4920,4695,13621
17,2020-10-19,4660,175,4835,4835,4660,11160
16,2020-10-20,4675,15,4615,4745,4570,15746
13,2020-10-21,4605,70,4675,4680,4600,13690
12,2020-10-22,4590,15,4645,4645,4450,14629
11,2020-10-23,4455,135,4570,4585,4455,5438
10,2020-10-26,4390,65,4455,4455,4300,15672
9,2020-10-27,4405,15,4390,4450,4340,4965
5,2020-10-28,4515,110,4580,4580,4410,2899
4,2020-10-29,4535,20,4510,4645,4465,13244
3,2020-10-30,4545,10,4535,4575,4470,1860
2,2020-11-02,4535,10,4540,4545,4355,3853
1,2020-11-03,4565,30,4535,4580,4435,4629
