,date,close,diff,open,high,low,volume
448,2019-08-16,216500,5000,220000,221000,213500,48895
447,2019-08-19,220500,4000,216500,221000,216500,25886
446,2019-08-20,224000,3500,220000,228000,220000,52261
445,2019-08-21,221500,2500,223000,223500,219500,43073
444,2019-08-22,226000,4500,223000,227500,221500,48039
440,2019-08-23,226000,0,221500,229500,219000,36635
439,2019-08-26,219500,6500,221000,222500,218500,25620
438,2019-08-27,224500,5000,221500,229000,220000,57362
437,2019-08-28,223000,1500,224500,229000,221500,33304
436,2019-08-29,232000,9000,223500,236000,223000,58273
433,2019-08-30,231000,1000,233500,236000,230000,35543
432,2019-09-02,236500,5500,231000,241000,229500,47788
431,2019-09-03,249000,12500,238000,253000,238000,99948
430,2019-09-04,255000,6000,248500,255000,248000,51087
429,2019-09-05,243000,12000,253000,255000,242000,82880
425,2019-09-06,241000,2000,243000,248000,241000,37312
424,2019-09-09,252500,11500,242500,254000,242500,70597
423,2019-09-10,247000,5500,253000,255000,246500,37170
422,2019-09-11,258000,11000,248500,258000,248500,73678
421,2019-09-16,257000,1000,258500,261500,254000,39368
418,2019-09-17,257000,0,258000,259000,255000,26613
417,2019-09-18,257000,0,260000,261000,255000,34982
416,2019-09-19,253500,3500,257000,258500,251000,27956
415,2019-09-20,261500,8000,253500,262500,252000,50439
414,2019-09-23,262000,500,261500,263000,257500,28741
410,2019-09-24,267500,5500,263000,274000,263000,54003
409,2019-09-25,259000,8500,263500,266500,259000,46238
408,2019-09-26,262000,3000,261500,264500,257500,32265
407,2019-09-27,262000,0,263500,265000,259500,21281
406,2019-09-30,262500,500,264500,264500,257500,29701
403,2019-10-01,257000,5500,259000,263500,256000,38038
402,2019-10-02,250000,7000,255500,262000,248500,54433
401,2019-10-04,247000,3000,248500,253500,245500,35936
400,2019-10-07,240000,7000,245500,247500,237000,58167
399,2019-10-08,246500,6500,239500,246500,239500,35398
395,2019-10-10,245000,1500,242000,247500,237000,76873
394,2019-10-11,245500,500,246000,249000,243000,30163
393,2019-10-14,247000,1500,249500,253500,246000,32749
392,2019-10-15,245500,1500,246500,252000,243500,29973
391,2019-10-16,246500,1000,249000,250500,243000,37558
388,2019-10-17,243500,3000,247500,248500,241500,29987
387,2019-10-18,244000,500,246000,247000,242000,33362
386,2019-10-21,242000,2000,244500,245500,240500,20916
385,2019-10-22,238000,4000,242500,244000,236500,61893
384,2019-10-23,237000,1000,238000,240500,236000,39222
380,2019-10-24,231500,5500,235500,237000,229500,68365
379,2019-10-25,237000,5500,231500,237500,231500,31520
378,2019-10-28,229500,7500,238000,238000,228000,65754
377,2019-10-29,233500,4000,230000,236000,229000,42804
376,2019-10-30,239500,6000,237500,240000,234500,51878
373,2019-10-31,236000,3500,240000,241500,236000,40148
372,2019-11-01,235500,500,234500,238000,234000,20911
371,2019-11-04,240000,4500,235500,241500,235500,38675
370,2019-11-05,240000,0,241000,242000,237500,33968
369,2019-11-06,256500,16500,241000,259500,239500,116783
365,2019-11-07,256000,500,256500,262500,254000,46591
364,2019-11-08,254000,2000,257000,258500,251500,41747
363,2019-11-11,254000,0,254000,256000,249000,28859
362,2019-11-12,259500,5500,255000,262000,247000,95519
361,2019-11-13,265000,5500,265500,274000,263500,97403
358,2019-11-14,265500,500,267000,268500,262000,54417
357,2019-11-15,269000,3500,262500,271500,262500,42879
356,2019-11-18,269000,0,270000,270500,266500,22933
355,2019-11-19,267500,1500,266500,268500,263000,31717
354,2019-11-20,263500,4000,268000,268000,261000,36567
350,2019-11-21,262000,1500,264000,264500,257500,43158
349,2019-11-22,262000,0,263000,264000,258500,36115
348,2019-11-25,266500,4500,263000,270000,263000,41406
347,2019-11-26,269500,3000,266500,271000,265000,64647
346,2019-11-27,267000,2500,272500,272500,266000,31371
343,2019-11-28,283000,16000,265500,284500,265000,75969
342,2019-11-29,281500,1500,289000,289000,277500,57324
341,2019-12-02,283500,2000,280000,284500,277500,34538
340,2019-12-03,282000,1500,284000,284000,277500,27346
339,2019-12-04,280500,1500,278000,282500,276000,35098
335,2019-12-05,278000,2500,278500,282000,276500,33962
334,2019-12-06,285500,7500,279500,288000,279500,55430
333,2019-12-09,284500,1000,288000,288000,281000,28815
332,2019-12-10,287500,3000,282000,291500,282000,52494
331,2019-12-11,287000,500,290500,291000,285500,27769
328,2019-12-12,294500,7500,290500,294500,288500,68663
327,2019-12-13,291500,3000,297000,299000,287500,45255
326,2019-12-16,285500,6000,291500,294000,284500,43489
325,2019-12-17,292000,6500,285000,292000,285000,28000
324,2019-12-18,287000,5000,291500,292000,286500,24409
320,2019-12-19,290500,3500,287000,290500,286500,18384
319,2019-12-20,287000,3500,291500,292000,287000,39901
318,2019-12-23,285500,1500,289500,289500,283500,30498
317,2019-12-24,277500,8000,285500,286500,276500,54516
316,2019-12-26,277500,0,278000,280000,275500,21863
313,2019-12-27,281000,3500,274500,282500,274000,39664
312,2019-12-30,289000,8000,282500,291500,279500,51145
311,2020-01-02,292500,3500,289500,296500,289500,48510
310,2020-01-03,292500,0,296500,297000,290500,40984
309,2020-01-06,290000,2500,288000,294000,288000,24759
305,2020-01-07,305000,15000,293000,311500,291500,99705
304,2020-01-08,306500,1500,305000,312000,299000,73747
303,2020-01-09,314500,8000,307000,316000,306500,86612
302,2020-01-10,312500,2000,313000,319000,311500,47178
301,2020-01-13,324000,11500,314000,328500,313500,76158
298,2020-01-14,321500,2500,328000,333500,315500,71220
297,2020-01-15,323500,2000,320500,324500,318500,43092
296,2020-01-16,322000,1500,324000,324000,319500,27968
295,2020-01-17,320500,1500,323500,326500,318000,40136
294,2020-01-20,309000,11500,326000,332000,306500,147422
290,2020-01-21,302500,6500,309000,309500,299500,107545
289,2020-01-22,315500,13000,297500,316500,297500,89830
288,2020-01-23,306500,9000,311000,313000,305500,55187
287,2020-01-28,269500,37000,280000,284000,268500,225560
286,2020-01-29,278500,9000,271500,279500,270000,115522
283,2020-01-30,266000,12500,278000,279500,263500,123403
282,2020-01-31,267000,1000,266000,270000,264000,80572
281,2020-02-03,269000,2000,263000,270500,251500,128235
280,2020-02-04,273000,4000,268500,280000,263500,91759
279,2020-02-05,272500,500,275500,278000,269000,46109
275,2020-02-06,287000,14500,278000,287500,277000,99051
274,2020-02-07,281500,5500,287000,287500,280000,50791
273,2020-02-10,279500,2000,280500,280500,275000,39415
272,2020-02-11,283500,4000,280500,290000,280500,50104
271,2020-02-12,300000,16500,282500,300000,282000,94596
268,2020-02-13,293000,7000,297500,301500,292000,105666
267,2020-02-14,293000,0,293000,296000,290000,45622
266,2020-02-17,296500,3500,293000,303000,290500,62639
265,2020-02-18,289000,7500,294500,298500,288000,42629
264,2020-02-19,282500,6500,292000,297500,280000,63834
260,2020-02-20,270000,12500,284500,286000,268000,153588
259,2020-02-21,264000,6000,269000,273500,261500,87674
258,2020-02-24,244500,19500,251000,254500,243500,185890
257,2020-02-25,254500,10000,244000,258500,243000,125682
256,2020-02-26,254000,500,250000,261500,249000,82189
253,2020-02-27,249000,5000,251500,260500,246500,85871
252,2020-02-28,236000,13000,245000,245000,231500,172784
251,2020-03-02,243000,7000,235000,249000,234500,91494
250,2020-03-03,241500,1500,250000,253000,240500,69902
249,2020-03-04,253000,11500,240500,260000,240500,93059
245,2020-03-05,264500,11500,260000,264500,252000,104952
244,2020-03-06,258000,6500,259500,266000,254500,73181
243,2020-03-09,253500,4500,252000,257000,246000,64201
242,2020-03-10,258000,4500,245000,262500,245000,79779
241,2020-03-11,251000,7000,257000,263000,249000,63614
238,2020-03-12,241500,9500,252000,252000,232500,146648
237,2020-03-13,227000,14500,218000,234000,211500,188739
236,2020-03-16,218500,8500,229500,235000,218500,82731
235,2020-03-17,237500,19000,210000,238500,206500,112027
234,2020-03-18,226000,11500,235000,250000,225500,105391
230,2020-03-19,204000,22000,234500,239500,199000,138230
229,2020-03-20,224000,20000,210500,225000,200000,106243
228,2020-03-23,206500,17500,207500,215000,201000,80435
227,2020-03-24,220500,14000,213000,223000,208500,98816
226,2020-03-25,238000,17500,227000,238000,222500,147830
223,2020-03-26,232500,5500,238000,245500,230500,88514
222,2020-03-27,224500,8000,243500,243500,221000,150570
221,2020-03-30,215000,9500,215500,218000,207500,159615
220,2020-03-31,217500,2500,220000,220000,210500,133878
219,2020-04-01,210000,7500,215500,218500,210000,88350
215,2020-04-02,208500,1500,210500,212500,203500,128142
214,2020-04-03,208500,0,208000,210500,205500,89739
213,2020-04-06,221000,12500,210000,223500,209000,141057
212,2020-04-07,228500,7500,229000,232500,220500,137833
211,2020-04-08,231000,2500,226000,239500,222000,136604
208,2020-04-09,237000,6000,236000,238000,232000,114853
207,2020-04-10,241000,4000,239000,242000,235000,76789
206,2020-04-13,232500,8500,241000,241500,232000,73130
205,2020-04-14,233000,500,233500,236500,230000,59623
204,2020-04-16,233500,500,232500,236500,229000,61101
200,2020-04-17,252500,19000,245000,260000,241000,203883
199,2020-04-20,255000,2500,250000,267000,249000,162725
198,2020-04-21,259500,4500,256500,262000,250000,144633
197,2020-04-22,252000,7500,255500,257000,246000,167721
196,2020-04-23,250500,1500,252000,252500,248000,74255
193,2020-04-24,243500,7000,248000,250000,243500,55573
192,2020-04-27,255500,12000,244000,258500,244000,125254
191,2020-04-28,263500,8000,257000,265000,255000,121881
190,2020-04-29,265000,1500,263000,276000,258500,153789
189,2020-05-04,264500,500,257500,269000,256000,96779
185,2020-05-06,264500,0,269000,274000,264000,99348
184,2020-05-07,259500,5000,265500,267000,258500,74945
183,2020-05-08,253500,6000,261000,263000,252000,148371
182,2020-05-11,243500,10000,250000,251500,243000,173515
181,2020-05-12,244000,500,245000,248500,237000,97494
178,2020-05-13,239000,5000,241000,242000,238000,94168
177,2020-05-14,238000,1000,239000,243500,237500,71463
176,2020-05-15,233500,4500,240500,241000,232500,67832
175,2020-05-18,242500,9000,234500,243000,231500,96006
174,2020-05-19,255500,13000,253000,259000,249500,173503
170,2020-05-20,249500,6000,252000,253500,246500,82703
169,2020-05-21,248000,1500,250500,251000,246000,66290
168,2020-05-22,242500,5500,249500,249500,242000,53951
167,2020-05-25,238500,4000,242500,244000,236500,69815
166,2020-05-26,240500,2000,238500,242500,237500,72444
163,2020-05-27,248500,8000,243000,249000,241500,113559
162,2020-05-28,242500,6000,252000,252000,240500,87273
161,2020-05-29,245000,2500,240000,245000,240000,54574
160,2020-06-01,245500,500,244000,246000,242500,61888
159,2020-06-02,250500,5000,245500,250500,245500,101881
155,2020-06-03,254000,3500,252000,256500,249500,141866
154,2020-06-04,251000,3000,258500,259500,250000,92212
153,2020-06-05,252500,1500,251500,254500,250500,54301
152,2020-06-08,251000,1500,256500,257000,248000,70073
151,2020-06-09,247500,3500,250500,251000,245500,72660
148,2020-06-10,248500,1000,247000,250000,246500,49024
147,2020-06-11,242500,6000,247000,250000,241000,104301
146,2020-06-12,231000,11500,230000,238000,230000,126017
145,2020-06-15,216000,15000,230000,230500,215500,137203
144,2020-06-16,222000,6000,219500,224000,219000,91361
140,2020-06-17,216500,5500,221000,221000,215000,111929
139,2020-06-18,217500,1000,217000,223000,216000,81096
138,2020-06-19,220500,3000,220500,224000,218500,90286
137,2020-06-22,216500,4000,219000,220000,215500,71303
136,2020-06-23,212000,4500,217500,219000,212000,93604
133,2020-06-24,209500,2500,212500,213500,209500,96192
132,2020-06-25,206000,3500,207500,207500,201500,119207
131,2020-06-26,214000,8000,207500,217500,203000,98419
130,2020-06-29,206500,7500,210500,212500,206500,56491
129,2020-06-30,220500,14000,209500,225000,206500,234125
125,2020-07-01,214000,6500,223000,223000,212500,69546
124,2020-07-02,215500,1500,214000,219000,213500,59757
123,2020-07-03,221500,6000,216500,222500,216500,98113
122,2020-07-06,221500,0,222500,222500,218500,48717
121,2020-07-07,218000,3500,222500,223000,218000,59886
118,2020-07-08,217500,500,217500,221500,216000,51602
117,2020-07-09,211000,6500,218500,219000,210500,118837
116,2020-07-10,207500,3500,211000,211500,207000,68859
115,2020-07-13,210000,2500,208500,213500,208000,57917
114,2020-07-14,208500,1500,209000,210000,205500,67998
110,2020-07-15,210000,1500,211500,213500,207500,85845
109,2020-07-16,217000,7000,211000,219000,210000,152577
108,2020-07-17,215500,1500,218500,219500,213000,59257
107,2020-07-20,214500,1000,215500,218000,214500,74304
106,2020-07-21,216000,1500,215000,218500,214500,66822
103,2020-07-22,213500,2500,216000,216500,213000,59636
102,2020-07-23,209500,4000,212500,213500,209000,79829
101,2020-07-24,208000,1500,207500,211000,207500,48364
100,2020-07-27,209000,1000,206000,209500,206000,35486
99,2020-07-28,209500,500,208000,210500,208000,49358
95,2020-07-29,208500,1000,208500,210000,207500,37270
94,2020-07-30,213500,5000,209000,218000,208000,144066
93,2020-07-31,209000,4500,214000,214500,209000,71503
92,2020-08-03,206000,3000,208500,209000,205000,89940
91,2020-08-04,206500,500,206000,207500,205500,43614
88,2020-08-05,205000,1500,207500,207500,204500,71763
87,2020-08-06,206000,1000,205000,207500,204000,58412
86,2020-08-07,207000,1000,206000,211500,205500,94191
85,2020-08-10,209000,2000,205500,209500,205000,70155
84,2020-08-11,212000,3000,210000,215000,210000,124776
80,2020-08-12,220500,8500,214500,223500,213500,310579
79,2020-08-13,222500,2000,227000,227500,221000,262400
78,2020-08-14,230000,7500,225000,232000,225000,198358
77,2020-08-18,210000,20000,223500,224000,207000,303466
76,2020-08-19,211500,1500,209500,213500,206500,98390
73,2020-08-20,205000,6500,209500,209500,204500,118880
72,2020-08-21,206000,1000,205500,209000,205000,55860
71,2020-08-24,205500,500,205000,206500,201500,52114
70,2020-08-25,207000,1500,207000,209000,206500,45738
69,2020-08-26,204500,2500,207500,207500,202500,71859
65,2020-08-27,200500,4000,203500,204000,200000,114092
64,2020-08-28,205500,5000,203000,207000,201000,108874
63,2020-08-31,203000,2500,206000,207500,203000,99407
62,2020-09-01,204000,1000,203000,206500,202500,57642
61,2020-09-02,213500,9500,205500,217500,204500,199133
58,2020-09-03,213500,0,217000,219000,213000,128470
57,2020-09-04,207500,6000,208500,211500,206500,143484
56,2020-09-07,214500,7000,209500,215500,207000,94426
55,2020-09-08,211500,3000,215000,216000,211000,84463
54,2020-09-09,207000,4500,208500,211000,207000,112957
50,2020-09-10,206000,1000,209000,209500,205500,151324
49,2020-09-11,209000,3000,206500,212500,206500,123929
48,2020-09-14,215500,6500,212500,218500,211000,183851
47,2020-09-15,216500,1000,216000,218500,210500,134456
46,2020-09-16,218000,1500,216000,223500,216000,142785
43,2020-09-17,218500,500,218500,221500,214000,94230
42,2020-09-18,215500,3000,220000,222500,214500,101048
41,2020-09-21,211500,4000,216500,219000,211000,95155
40,2020-09-22,208500,3000,210500,211500,206000,106135
39,2020-09-23,207500,1000,208500,210000,205000,64872
35,2020-09-24,202500,5000,204000,205500,202000,117670
34,2020-09-25,204000,1500,203500,204500,202500,38784
33,2020-09-28,208500,4500,205000,208500,205000,48417
32,2020-09-29,212500,4000,214000,214500,211000,93674
31,2020-10-05,213000,500,212500,215500,209000,66957
28,2020-10-06,210000,3000,213000,213500,209000,55266
27,2020-10-07,208000,2000,209500,210000,207000,58207
26,2020-10-08,208000,0,210000,211000,207500,77446
25,2020-10-12,219500,11500,211500,220000,210500,257103
24,2020-10-13,218500,1000,220000,222500,215000,109485
20,2020-10-14,214500,4000,218000,219000,214000,66365
19,2020-10-15,211500,3000,214500,214500,210000,64653
18,2020-10-16,215000,3500,213000,216500,210000,60081
17,2020-10-19,225000,10000,216000,226500,216000,284701
16,2020-10-20,220000,5000,222000,224500,217500,117429
13,2020-10-21,225500,5500,221500,228000,220000,132904
12,2020-10-22,223000,2500,223000,225000,221500,78428
11,2020-10-23,223500,500,226000,226000,220500,59982
10,2020-10-26,218000,5500,224000,226000,218000,86769
9,2020-10-27,212000,6000,216000,216500,210500,141381
5,2020-10-28,213000,1000,210500,213500,209500,94434
4,2020-10-29,210500,2500,209000,211500,208500,64838
3,2020-10-30,207500,3000,211500,212500,207500,73849
2,2020-11-02,209000,1500,208500,211500,208500,43200
1,2020-11-03,211000,2000,209500,212500,209500,35330
