,date,close,diff,open,high,low,volume
448,2016-02-18,1130,40,1105,1175,1095,524325
447,2016-02-19,1175,45,1125,1175,1110,396123
446,2016-02-22,1170,5,1170,1200,1150,336624
445,2016-02-23,1150,20,1180,1185,1135,332274
444,2016-02-24,1150,0,1135,1165,1120,406073
440,2016-02-25,1195,45,1160,1290,1140,1987682
439,2016-02-26,1230,35,1210,1275,1195,731424
438,2016-02-29,1195,35,1225,1265,1185,755504
437,2016-03-02,1200,5,1200,1215,1185,313001
436,2016-03-03,1250,50,1200,1300,1185,1529748
433,2016-03-04,1255,5,1250,1275,1230,352960
432,2016-03-07,1245,10,1240,1265,1220,669342
431,2016-03-08,1185,60,1255,1255,1180,612813
430,2016-03-09,1185,0,1185,1235,1150,396044
429,2016-03-10,1190,5,1225,1225,1185,301032
425,2016-03-11,1260,70,1185,1260,1145,996067
424,2016-03-14,1275,15,1265,1335,1245,1144253
423,2016-03-15,895,380,895,895,895,266295
422,2016-03-16,908,13,725,1135,716,37598430
421,2016-03-17,1025,117,916,1160,893,26174483
418,2016-03-18,983,42,1065,1070,907,13079399
417,2016-03-21,1000,17,1000,1085,976,7544592
416,2016-03-22,1030,30,1050,1100,1000,5625007
415,2016-03-23,912,118,1010,1030,912,3401402
414,2016-03-24,992,80,932,1045,912,4001112
410,2016-03-25,996,4,993,1060,961,4191020
409,2016-03-28,976,20,993,1005,976,1494027
408,2016-03-29,995,19,950,1015,934,3052368
407,2016-03-30,1000,5,994,1035,981,2087917
406,2016-03-31,996,4,1005,1005,984,1275606
403,2016-04-01,976,20,990,1015,962,1287209
402,2016-04-04,953,23,977,977,935,1710284
401,2016-04-05,950,3,960,980,940,1092261
400,2016-04-06,946,4,950,964,935,948844
399,2016-04-07,936,10,943,953,932,821550
395,2016-04-08,901,35,939,939,886,1388113
394,2016-04-11,902,1,899,933,888,994932
393,2016-04-12,890,12,902,932,890,958910
392,2016-04-14,893,3,890,909,880,502209
391,2016-04-15,873,20,890,899,870,643478
388,2016-04-18,873,0,870,900,850,902336
387,2016-04-19,885,12,873,897,873,515475
386,2016-04-20,920,35,900,944,888,1164183
385,2016-04-21,922,2,931,931,913,541097
384,2016-04-22,961,39,931,1050,931,3813980
380,2016-04-25,985,24,963,999,954,1332202
379,2016-04-26,991,6,985,1020,957,2797240
378,2016-04-27,1125,134,1020,1145,999,7790091
377,2016-04-28,1125,0,0,0,0,0
376,2016-04-29,1125,0,0,0,0,0
373,2016-05-02,1125,0,0,0,0,0
372,2016-05-03,1125,0,0,0,0,0
371,2016-05-04,1125,0,0,0,0,0
370,2016-05-09,1125,0,0,0,0,0
369,2016-05-10,1125,0,0,0,0,0
365,2016-05-11,1125,0,0,0,0,0
364,2016-05-12,1125,0,0,0,0,0
363,2016-05-13,1125,0,0,0,0,0
362,2016-05-16,1125,0,0,0,0,0
361,2016-05-17,1125,0,0,0,0,0
358,2016-05-18,1125,0,0,0,0,0
357,2016-05-19,1180,20,1200,1490,1125,19649087
356,2016-05-20,1040,140,1200,1200,998,9589719
355,2016-05-23,1040,0,1030,1150,1010,14193508
354,2016-05-24,1040,0,1060,1070,1020,2104276
350,2016-05-25,999,41,1015,1035,999,1956154
349,2016-05-26,940,59,1005,1005,934,1809090
348,2016-05-27,951,11,940,975,932,1454320
347,2016-05-30,980,29,952,1010,949,1421487
346,2016-05-31,989,9,970,1000,968,1160257
343,2016-06-01,1000,11,977,1055,963,2338279
342,2016-06-02,1000,0,1015,1030,987,2039962
341,2016-06-03,972,28,1020,1040,947,2804672
340,2016-06-07,956,16,960,990,941,918280
339,2016-06-08,963,7,952,1025,950,2301176
335,2016-06-09,970,7,977,977,949,1026616
334,2016-06-10,990,20,986,991,960,870096
333,2016-06-13,976,14,990,994,970,536377
332,2016-06-14,959,17,976,987,957,684515
331,2016-06-15,959,0,961,967,940,656302
328,2016-06-16,922,37,957,957,920,609887
327,2016-06-17,917,5,924,939,915,480687
326,2016-06-20,917,0,918,936,910,411359
325,2016-06-21,945,28,931,1125,929,4628261
324,2016-06-22,953,8,936,955,930,577820
320,2016-06-23,939,14,949,988,939,1109038
319,2016-06-24,901,38,950,950,849,1259212
318,2016-06-27,889,12,879,901,855,422875
317,2016-06-28,908,19,890,912,885,363768
316,2016-06-29,909,1,918,933,902,349502
313,2016-06-30,894,15,910,914,891,476944
312,2016-07-01,906,12,897,913,890,386844
311,2016-07-04,906,0,906,915,890,365670
310,2016-07-05,931,25,906,950,896,752045
309,2016-07-06,933,2,923,978,912,1375021
305,2016-07-07,977,44,950,997,943,2947017
304,2016-07-08,1005,28,1040,1110,999,7166941
303,2016-07-11,985,20,990,1005,973,814056
302,2016-07-12,976,9,995,1005,974,787240
301,2016-07-13,959,17,979,989,948,842601
298,2016-07-14,1015,56,959,1050,950,1395751
297,2016-07-15,1000,15,1015,1030,994,596330
296,2016-07-18,977,23,1015,1015,968,556548
295,2016-07-19,955,22,980,989,946,774282
294,2016-07-20,965,10,959,981,952,580639
290,2016-07-21,978,13,968,978,959,425944
289,2016-07-22,970,8,977,977,954,473619
288,2016-07-25,955,15,958,974,947,350713
287,2016-07-26,937,18,942,955,933,325614
286,2016-07-27,933,4,938,950,930,259858
283,2016-07-28,935,2,947,953,928,231763
282,2016-07-29,936,1,942,949,928,231128
281,2016-08-01,934,2,931,940,922,464519
280,2016-08-02,929,5,935,935,922,230132
279,2016-08-03,922,7,937,937,914,280620
275,2016-08-04,924,2,914,927,906,207352
274,2016-08-05,932,8,940,940,912,248321
273,2016-08-08,922,10,922,932,913,302481
272,2016-08-09,922,0,924,928,913,149712
271,2016-08-10,915,7,922,926,909,233373
268,2016-08-11,908,7,915,920,896,238620
267,2016-08-12,888,20,915,915,888,316941
266,2016-08-16,889,1,895,914,880,205465
265,2016-08-17,896,7,905,907,882,185326
264,2016-08-18,890,6,901,901,880,157412
260,2016-08-19,839,51,899,899,839,611301
259,2016-08-22,789,50,852,852,780,762865
258,2016-08-23,806,17,789,810,781,281976
257,2016-08-24,820,14,796,864,796,534807
256,2016-08-25,805,15,821,835,802,146932
253,2016-08-26,798,7,801,814,795,182704
252,2016-08-29,769,29,800,804,761,231252
251,2016-08-30,759,10,752,787,752,214662
250,2016-08-31,759,0,759,770,747,293250
249,2016-09-01,767,8,770,777,748,179864
245,2016-09-02,760,7,777,800,725,253449
244,2016-09-05,732,28,761,780,720,682060
243,2016-09-06,724,8,733,749,716,459269
242,2016-09-07,715,9,724,736,713,265409
241,2016-09-08,702,13,714,726,681,506690
238,2016-09-09,681,21,702,705,678,188802
237,2016-09-12,732,51,824,870,720,4092632
236,2016-09-13,710,22,740,745,710,581884
235,2016-09-19,692,18,710,723,688,550610
234,2016-09-20,694,2,677,699,666,584320
230,2016-09-21,669,25,685,697,667,600352
229,2016-09-22,684,15,665,700,661,812257
228,2016-09-23,685,1,685,691,676,237380
227,2016-09-26,700,15,689,718,681,548603
226,2016-09-27,691,9,698,700,681,241848
223,2016-09-28,689,2,690,700,682,478975
222,2016-09-29,683,6,684,744,672,1279513
221,2016-09-30,671,12,683,690,661,820448
220,2016-10-04,640,31,650,664,629,1006304
219,2016-10-05,631,9,640,651,626,394825
215,2016-10-06,655,24,633,660,627,784861
214,2016-10-07,650,5,655,669,642,272379
213,2016-10-10,652,2,650,693,643,865779
212,2016-10-11,645,7,653,656,645,227287
211,2016-10-12,637,8,645,649,627,370919
208,2016-10-13,613,24,637,642,608,347510
207,2016-10-14,599,14,619,619,590,423283
206,2016-10-17,580,19,599,603,570,624216
205,2016-10-18,540,40,580,583,533,1534691
204,2016-10-19,550,10,543,639,541,2871042
200,2016-10-20,561,11,565,600,542,1502615
199,2016-10-21,550,11,561,574,550,732440
198,2016-10-24,514,36,534,534,497,1658950
197,2016-10-25,505,9,519,519,500,549683
196,2016-10-26,505,0,505,543,492,2063927
193,2016-10-27,499,6,515,515,495,369713
192,2016-10-28,510,11,500,626,500,18941545
191,2016-10-31,475,35,506,515,467,2694897
190,2016-11-01,465,10,479,493,460,1113946
189,2016-11-02,450,15,464,471,447,945808
185,2016-11-03,441,9,422,472,422,373279
184,2016-11-04,448,7,450,471,440,368164
183,2016-11-07,468,20,446,470,446,639881
182,2016-11-08,480,12,470,500,459,1041490
181,2016-11-09,445,35,475,475,423,856448
178,2016-11-10,457,12,470,470,448,328351
177,2016-11-11,454,3,474,491,453,596277
176,2016-11-14,446,8,459,465,446,625365
175,2016-11-15,446,0,442,455,421,1160663
174,2016-11-16,467,21,451,540,450,5950340
170,2016-11-17,486,19,461,527,461,2861773
169,2016-11-18,465,21,479,485,461,1409728
168,2016-11-21,441,24,466,471,435,692269
167,2016-11-22,450,9,441,459,441,273745
166,2016-11-23,420,30,440,460,419,657279
163,2016-11-24,411,9,415,429,397,696725
162,2016-11-25,435,24,411,449,411,662513
161,2016-11-28,450,15,426,464,426,590579
160,2016-11-29,481,31,450,512,450,1810361
159,2016-11-30,506,25,482,523,479,1040447
155,2016-12-01,620,114,523,648,523,10947986
154,2016-12-02,688,68,665,791,653,11091377
153,2016-12-05,720,32,660,725,650,3754165
152,2016-12-06,770,50,739,836,711,6769365
151,2016-12-07,579,191,741,770,564,4029429
148,2016-12-08,663,84,599,710,599,7251813
147,2016-12-09,672,9,687,696,620,1813688
146,2016-12-12,668,4,681,683,649,1010087
145,2016-12-13,680,12,699,706,670,942373
144,2016-12-14,667,13,700,700,640,651867
140,2016-12-15,665,2,653,672,635,766248
139,2016-12-16,662,3,664,695,649,618696
138,2016-12-19,768,106,675,793,664,3795430
137,2016-12-20,847,79,800,868,781,5950212
136,2016-12-21,845,2,857,866,800,1816892
133,2016-12-22,851,6,886,886,821,570423
132,2016-12-23,880,29,821,990,821,8361071
131,2016-12-26,864,16,850,918,850,1369242
130,2016-12-27,830,34,855,879,820,998283
129,2016-12-28,860,30,841,929,805,2081049
125,2016-12-29,873,13,860,954,849,4183730
124,2017-01-02,890,17,877,914,873,643175
123,2017-01-03,866,24,889,889,852,637625
122,2017-01-04,842,24,871,871,830,772017
121,2017-01-05,825,17,842,842,810,530961
118,2017-01-06,837,12,825,842,804,480909
117,2017-01-09,842,5,826,855,795,521767
116,2017-01-10,840,2,850,850,827,413174
115,2017-01-11,826,14,853,853,824,329291
114,2017-01-12,800,26,826,845,785,622112
110,2017-01-13,779,21,807,807,761,734128
109,2017-01-16,831,52,777,849,767,1270985
108,2017-01-17,815,16,845,890,810,1290002
107,2017-01-18,791,24,805,979,780,8896884
106,2017-01-19,777,14,806,868,771,4160840
103,2017-01-20,764,13,775,789,750,1339146
102,2017-01-23,722,42,770,775,722,699059
101,2017-01-24,683,39,679,702,675,975344
100,2017-01-25,653,30,675,679,653,544119
99,2017-01-26,670,17,672,690,616,823921
95,2017-01-31,705,35,724,724,682,650907
94,2017-02-01,697,8,705,730,695,418190
93,2017-02-02,680,17,701,701,668,484527
92,2017-02-03,675,5,679,719,674,224831
91,2017-02-06,673,2,699,699,660,120083
88,2017-02-07,636,37,671,685,625,351588
87,2017-02-08,640,4,636,653,626,232330
86,2017-02-09,644,4,666,666,640,194429
85,2017-02-10,623,21,643,654,620,206991
84,2017-02-13,598,25,623,623,567,293273
80,2017-02-14,568,30,584,588,547,955938
79,2017-02-15,579,11,531,610,520,866433
78,2017-02-16,538,41,561,578,535,563415
77,2017-02-17,450,88,420,510,417,4598423
76,2017-02-20,460,10,450,478,445,1005012
73,2017-02-21,488,28,484,532,456,2386549
72,2017-02-22,540,52,490,595,490,9705960
71,2017-02-23,557,17,554,590,538,2500544
70,2017-02-24,522,35,599,599,519,1889745
69,2017-02-27,474,48,522,536,470,999642
65,2017-02-28,472,2,482,487,450,598075
64,2017-03-02,501,29,493,534,465,928118
63,2017-03-03,480,21,505,505,470,390103
62,2017-03-06,479,1,480,489,456,452108
61,2017-03-07,488,9,467,500,467,133980
58,2017-03-08,470,18,497,497,470,364894
57,2017-03-09,467,3,472,485,465,355483
56,2017-03-10,461,6,467,471,441,587823
55,2017-03-13,475,14,461,483,457,435401
54,2017-03-14,444,31,475,478,444,472187
50,2017-03-15,458,14,450,475,444,672027
49,2017-03-16,478,20,463,494,451,638225
48,2017-03-17,493,15,482,525,452,1301904
47,2017-03-20,475,18,489,509,467,659533
46,2017-03-21,333,142,333,355,333,3795962
43,2017-03-22,333,0,0,0,0,0
42,2017-03-23,333,0,0,0,0,0
41,2017-03-24,333,0,0,0,0,0
40,2017-03-27,333,0,0,0,0,0
39,2017-03-28,333,0,0,0,0,0
35,2017-03-29,333,0,0,0,0,0
34,2017-03-30,333,0,0,0,0,0
33,2017-03-31,333,0,0,0,0,0
32,2017-04-03,333,0,0,0,0,0
31,2017-04-04,333,0,0,0,0,0
28,2017-04-05,333,0,0,0,0,0
27,2017-04-06,333,0,0,0,0,0
26,2017-04-07,333,0,0,0,0,0
25,2017-04-10,333,0,0,0,0,0
24,2017-04-11,333,0,0,0,0,0
20,2017-04-12,333,0,0,0,0,0
19,2017-04-13,333,0,0,0,0,0
18,2017-04-14,333,0,0,0,0,0
17,2017-04-17,333,0,0,0,0,0
16,2017-04-18,333,0,0,0,0,0
13,2017-04-19,333,0,0,0,0,0
12,2017-04-20,333,0,0,0,0,0
11,2017-04-21,333,0,0,0,0,0
10,2017-04-24,94,239,95,101,86,42446296
9,2017-04-25,67,27,80,80,65,31504683
5,2017-04-26,59,8,59,69,53,27373469
4,2017-04-27,43,16,55,57,42,31883432
3,2017-04-28,37,6,43,43,35,31317482
2,2017-05-02,23,14,29,31,23,27205352
