,date,close,diff,open,high,low,volume
448,2019-06-05,2125,20,2105,2125,2100,18307
447,2019-06-07,2120,5,2125,2125,2120,502
446,2019-06-10,2120,0,2120,2120,2115,26455
445,2019-06-11,2120,0,2130,2130,2115,20778
444,2019-06-12,2120,0,2120,2120,2115,1755
440,2019-06-13,2120,0,2120,2120,2115,12286
439,2019-06-14,2135,15,2125,2150,2110,21853
438,2019-06-17,2140,5,2130,2230,2130,100275
437,2019-06-18,2250,110,2165,2380,2140,5000321
436,2019-06-19,2120,130,2280,2415,2110,1056991
433,2019-06-20,2145,25,2135,2230,2105,656848
432,2019-06-21,2125,20,2135,2180,2120,262421
431,2019-06-24,2115,10,2155,2155,2115,56512
430,2019-06-25,2115,0,2120,2120,2110,58411
429,2019-06-26,2120,5,2125,2135,2105,48474
425,2019-06-27,2110,10,2120,2130,2105,34741
424,2019-06-28,2100,10,2130,2130,2100,27091
423,2019-07-01,2110,10,2105,2110,2100,25107
422,2019-07-02,2100,10,2105,2105,2095,36477
421,2019-07-03,2105,5,2115,2115,2100,1023
418,2019-07-04,2115,10,2120,2120,2105,6579
417,2019-07-05,2120,5,2105,2135,2105,28847
416,2019-07-08,2135,15,2120,2170,2115,34597
415,2019-07-09,2145,10,2160,2160,2130,11722
414,2019-07-10,2140,5,2130,2140,2130,1969
410,2019-07-11,2150,10,2125,2160,2125,32385
409,2019-07-12,2140,10,2150,2155,2135,3898
408,2019-07-15,2125,15,2135,2140,2125,5043
407,2019-07-16,2135,10,2140,2140,2120,5600
406,2019-07-17,2115,20,2125,2125,2115,8826
403,2019-07-18,2115,0,2115,2115,2115,3127
402,2019-07-19,2145,30,2120,2145,2120,13563
401,2019-07-22,2135,10,2150,2155,2135,14256
400,2019-07-23,2130,5,2155,2155,2130,10126
399,2019-07-24,2130,0,2130,2135,2130,8791
395,2019-07-25,2130,0,2130,2130,2125,3737
394,2019-07-26,2135,5,2145,2160,2125,5633
393,2019-07-29,2135,0,2125,2135,2120,2310
392,2019-07-30,2135,0,2120,2135,2120,3842
391,2019-07-31,2120,15,2130,2130,2120,2225
388,2019-08-01,2125,5,2120,2125,2120,2015
387,2019-08-02,2125,0,2125,2135,2125,6547
386,2019-08-05,2105,20,2120,2125,2100,41439
385,2019-08-06,2100,5,2120,2120,2100,33276
384,2019-08-07,2095,5,2105,2105,2085,81213
380,2019-08-08,2095,0,2095,2110,2095,6004
379,2019-08-09,2095,0,2095,2100,2095,1535
378,2019-08-12,2110,15,2095,2110,2095,2236
377,2019-08-13,2100,10,2110,2110,2100,1249
376,2019-08-14,2100,0,2110,2110,2100,7051
373,2019-08-16,2110,10,2100,2110,2100,731
372,2019-08-19,2110,0,2110,2110,2105,4309
371,2019-08-20,2110,0,2110,2110,2100,2693
370,2019-08-21,2110,0,2115,2115,2100,13724
369,2019-08-22,2100,10,2110,2115,2100,29606
365,2019-08-23,2110,10,2110,2110,2100,4711
364,2019-08-26,2100,10,2095,2100,2095,5
363,2019-08-27,2120,20,2115,2120,2100,8724
362,2019-08-28,2110,10,2100,2110,2100,1227
361,2019-08-29,2110,0,2100,2110,2100,643
358,2019-08-30,2110,0,2110,2110,2110,3026
357,2019-09-02,2115,5,2115,2115,2115,1002
356,2019-09-03,2110,5,2115,2115,2100,551
355,2019-09-04,2100,10,2100,2100,2095,2803
354,2019-09-05,2115,15,2110,2115,2110,142
350,2019-09-06,2105,10,2100,2110,2100,1046
349,2019-09-09,2115,10,2100,2115,2100,2782
348,2019-09-10,2110,5,2110,2110,2110,500
347,2019-09-11,2110,0,2110,2110,2110,5700
346,2019-09-16,2110,0,2110,2110,2110,4760
343,2019-09-17,2115,5,2105,2115,2100,5177
342,2019-09-18,2110,5,2110,2110,2105,11147
341,2019-09-19,2100,10,2110,2110,2100,29613
340,2019-09-20,2110,10,2105,2110,2105,8440
339,2019-09-23,2110,0,2110,2110,2110,693
335,2019-09-24,2115,5,2110,2115,2105,2252
334,2019-09-25,2120,5,2120,2120,2110,92
333,2019-09-26,2115,5,2115,2115,2105,5875
332,2019-09-27,2120,5,2105,2120,2105,48607
331,2019-09-30,2110,10,2120,2120,2110,517
328,2019-10-01,2120,10,2110,2120,2110,2056
327,2019-10-02,2120,0,2115,2120,2115,2269
326,2019-10-04,2115,5,2110,2115,2110,7135
325,2019-10-07,2100,15,2110,2110,2100,12463
324,2019-10-08,2100,0,2100,2100,2100,900
320,2019-10-10,2105,5,2100,2105,2100,1067
319,2019-10-11,2105,0,2095,2105,2080,18013
318,2019-10-14,2110,5,2105,2110,2100,12005
317,2019-10-15,2100,10,2110,2110,2100,1006
316,2019-10-16,2095,5,2100,2100,2095,1216
313,2019-10-17,2105,10,2095,2105,2090,2489
312,2019-10-18,2095,10,2095,2100,2095,8461
311,2019-10-21,2095,0,2095,2095,2095,14629
310,2019-10-22,2095,0,2085,2095,2085,21019
309,2019-10-23,2090,5,2095,2100,2035,15217
305,2019-10-24,2090,0,2090,2090,2085,5442
304,2019-10-25,2080,10,2045,2085,2045,3975
303,2019-10-28,2080,0,2080,2080,2080,10060
302,2019-10-29,2080,0,2075,2080,2065,123
301,2019-10-30,2065,15,2075,2085,2065,13000
298,2019-10-31,2065,0,2065,2065,2060,8814
297,2019-11-01,2065,0,2065,2065,2055,14350
296,2019-11-04,2060,5,2065,2065,2045,4611
295,2019-11-05,2055,5,2060,2065,2050,8128
294,2019-11-06,2055,0,2055,2055,2045,9539
290,2019-11-07,2050,5,2055,2055,2040,19524
289,2019-11-08,2050,0,2050,2050,2045,18700
288,2019-11-11,2045,5,2050,2050,2045,23598
287,2019-11-12,2055,10,2045,2055,2045,34315
286,2019-11-13,2050,5,2050,2050,2035,30609
283,2019-11-14,2055,5,2050,2055,2045,7563
282,2019-11-15,2050,5,2050,2060,2045,8779
281,2019-11-18,2050,0,2050,2050,2040,14406
280,2019-11-19,2050,0,2040,2050,2040,4169
279,2019-11-20,2045,5,2050,2050,2045,6948
275,2019-11-21,2045,0,2045,2045,2045,11798
274,2019-11-22,2045,0,2045,2045,2045,10000
273,2019-11-25,2045,0,2040,2050,2040,13006
272,2019-11-26,2045,0,2045,2045,2045,2
271,2019-11-27,2050,5,2045,2050,2045,1232
268,2019-11-28,2055,5,2050,2055,2050,3673
267,2019-11-29,2060,5,2055,2065,2055,15032
266,2019-12-02,2060,0,2065,2065,2060,26954
265,2019-12-03,2065,5,2065,2065,2060,7687
264,2019-12-04,2070,5,2065,2070,2065,23960
260,2019-12-05,2060,10,2075,2075,2060,3121
259,2019-12-06,2055,5,2070,2070,2045,416
258,2019-12-09,2055,0,2055,2055,2055,1300
257,2019-12-10,2045,10,2060,2060,2045,2001
256,2019-12-11,2055,10,2045,2055,2045,2488
253,2019-12-12,2050,5,2045,2055,2045,2001
252,2019-12-13,2045,5,2045,2045,2045,3393
251,2019-12-16,2050,5,2050,2060,2050,4811
250,2019-12-17,2060,10,2045,2060,2045,2
249,2019-12-18,2035,25,2045,2045,2035,8449
245,2019-12-19,2050,15,2050,2050,2050,538
244,2019-12-20,2040,10,2040,2050,2040,3680
243,2019-12-23,2050,10,2040,2050,2035,14002
242,2019-12-24,2050,0,2050,2050,2050,1
241,2019-12-26,2040,10,2040,2045,2040,3030
238,2019-12-27,2045,5,2050,2050,2045,2000
237,2019-12-30,2045,0,2050,2050,2045,2133
236,2020-01-02,2045,0,2045,2045,2045,525
235,2020-01-03,2045,0,2040,2045,2035,6864
234,2020-01-06,2050,5,2050,2050,2045,3
230,2020-01-07,2045,5,2050,2050,2040,5766
229,2020-01-08,2050,5,2035,2050,2035,2502
228,2020-01-09,2040,10,2055,2055,2035,18746
227,2020-01-10,2050,10,2040,2050,2030,10792
226,2020-01-13,2050,0,2050,2050,2050,1
223,2020-01-14,2050,0,2040,2050,2040,510
222,2020-01-15,2050,0,2045,2050,2045,1493
221,2020-01-16,2040,10,2055,2055,2040,7511
220,2020-01-17,2055,15,2045,2055,2045,2000
219,2020-01-20,2050,5,2050,2050,2040,1146
215,2020-01-21,2050,0,2050,2050,2050,501
214,2020-01-22,2050,0,2055,2055,2050,3500
213,2020-01-23,2050,0,2050,2050,2050,559
212,2020-01-28,2035,15,2040,2040,2035,3231
211,2020-01-29,2040,5,2040,2045,2040,7925
208,2020-01-30,2050,10,2040,2050,2040,6700
207,2020-01-31,2050,0,2050,2050,2045,22754
206,2020-02-03,2045,5,2050,2050,2040,16555
205,2020-02-04,2050,5,2050,2050,2045,13
204,2020-02-05,2050,0,2050,2050,2045,5212
200,2020-02-06,2050,0,2050,2050,2050,0
199,2020-02-07,2055,5,2055,2055,2055,1
198,2020-02-10,2055,0,2050,2055,2050,1020
197,2020-02-11,2055,0,2055,2055,2045,2723
196,2020-02-12,2055,0,2045,2055,2045,24160
193,2020-02-13,2055,0,2055,2055,2050,1002
192,2020-02-14,2060,5,2050,2060,2045,8001
191,2020-02-17,2060,0,2060,2060,2045,3809
190,2020-02-18,2055,5,2060,2060,2055,1465
189,2020-02-19,2060,5,2060,2060,2060,1
185,2020-02-20,2060,0,2060,2060,2055,5501
184,2020-02-21,2060,0,2060,2060,2060,4579
183,2020-02-24,2055,5,2050,2055,2045,10670
182,2020-02-25,2055,0,2045,2055,2035,119246
181,2020-02-26,2055,0,2055,2055,2055,500
178,2020-02-27,2060,5,2045,2060,2045,6325
177,2020-02-28,2055,5,2050,2060,2045,12389
176,2020-03-02,2060,5,2045,2060,2045,19986
175,2020-03-03,2055,5,2045,2055,2045,7618
174,2020-03-04,2055,0,2050,2055,2045,6946
170,2020-03-05,2055,0,2055,2060,2055,3501
169,2020-03-06,2060,5,2045,2060,2045,2581
168,2020-03-09,2060,0,2045,2060,2045,9315
167,2020-03-10,2055,5,2060,2060,2050,867
166,2020-03-11,2050,5,2060,2060,2050,6485
163,2020-03-12,2055,5,2060,2060,2045,48075
162,2020-03-13,2040,15,2045,2055,2040,39803
161,2020-03-16,2040,0,2045,2045,2040,46835
160,2020-03-17,2050,10,2040,2050,2040,25452
159,2020-03-18,2045,5,2050,2050,2040,15746
155,2020-03-19,2040,5,2040,2040,2025,83492
154,2020-03-20,2030,10,2015,2035,2015,18901
153,2020-03-23,2015,15,2035,2035,2015,19742
152,2020-03-24,2030,15,2015,2030,2015,4506
151,2020-03-25,2030,0,2030,2040,2030,16508
148,2020-03-26,2035,5,2040,2040,2035,2500
147,2020-03-27,2040,5,2030,2045,2030,7500
146,2020-03-30,2035,5,2035,2035,2030,3447
145,2020-03-31,2040,5,2035,2045,2035,6795
144,2020-04-01,2040,0,2040,2045,2040,22101
140,2020-04-02,2050,10,2040,2050,2040,10453
139,2020-04-03,2040,10,2040,2040,2040,8160
138,2020-04-06,2050,10,2040,2090,2040,8563
137,2020-04-07,2055,5,2050,2055,2040,7055
136,2020-04-08,2050,5,2055,2055,2050,13018
133,2020-04-09,2050,0,2055,2055,2050,6501
132,2020-04-10,2050,0,2050,2050,2040,6843
131,2020-04-13,2050,0,2050,2050,2050,4321
130,2020-04-14,2050,0,2050,2050,2050,13651
129,2020-04-16,2045,5,2045,2050,2045,17700
125,2020-04-17,2050,5,2045,2055,2045,48255
124,2020-04-20,2050,0,2055,2055,2045,15737
123,2020-04-21,2055,5,2050,2055,2050,4368
122,2020-04-22,2050,5,2055,2055,2050,629
121,2020-04-23,2050,0,2050,2055,2050,3714
118,2020-04-24,2050,0,2050,2050,2050,3551
117,2020-04-27,2055,5,2050,2055,2050,22574
116,2020-04-28,2065,10,2055,2075,2055,35661
115,2020-04-29,2070,5,2050,2070,2050,47594
114,2020-05-04,2065,5,2070,2070,2065,15465
110,2020-05-06,2070,5,2065,2075,2065,45495
109,2020-05-07,2070,0,2065,2070,2065,7704
108,2020-05-08,2070,0,2065,2080,2065,73746
107,2020-05-11,2065,5,2065,2070,2065,8789
106,2020-05-12,2065,0,2065,2065,2060,18414
103,2020-05-13,2055,10,2065,2070,2055,52525
102,2020-05-14,2055,0,0,0,0,0
101,2020-05-15,2055,0,0,0,0,0
100,2020-05-18,2055,0,0,0,0,0
99,2020-05-19,2055,0,0,0,0,0
95,2020-05-20,2055,0,0,0,0,0
94,2020-05-21,2055,0,0,0,0,0
93,2020-05-22,2055,0,0,0,0,0
92,2020-05-25,2055,0,0,0,0,0
91,2020-05-26,2055,0,0,0,0,0
88,2020-05-27,2055,0,0,0,0,0
87,2020-05-28,2055,0,0,0,0,0
86,2020-05-29,2055,0,0,0,0,0
85,2020-06-01,2055,0,0,0,0,0
84,2020-06-02,2055,0,0,0,0,0
80,2020-06-03,2055,0,0,0,0,0
79,2020-06-04,2055,0,0,0,0,0
78,2020-06-05,2055,0,0,0,0,0
77,2020-06-08,2055,0,0,0,0,0
76,2020-06-09,2055,0,0,0,0,0
73,2020-06-10,2055,0,0,0,0,0
72,2020-06-11,2055,0,0,0,0,0
71,2020-06-12,2055,0,0,0,0,0
70,2020-06-15,2055,0,0,0,0,0
69,2020-06-16,2055,0,0,0,0,0
65,2020-06-17,2055,0,0,0,0,0
64,2020-06-18,2055,0,0,0,0,0
63,2020-06-19,2055,0,0,0,0,0
62,2020-06-22,2055,0,0,0,0,0
61,2020-06-23,2055,0,0,0,0,0
58,2020-06-24,2055,0,0,0,0,0
57,2020-06-25,2055,0,0,0,0,0
56,2020-06-26,2055,0,0,0,0,0
55,2020-06-29,2055,0,0,0,0,0
54,2020-06-30,2055,0,0,0,0,0
50,2020-07-01,2055,0,0,0,0,0
49,2020-07-02,2055,0,0,0,0,0
48,2020-07-03,2055,0,0,0,0,0
47,2020-07-06,2055,0,0,0,0,0
46,2020-07-07,2025,10,2035,2040,2020,357763
43,2020-07-08,2030,5,2025,2030,2025,65044
42,2020-07-09,2030,0,2035,2035,2020,93138
41,2020-07-10,2025,5,2030,2030,2025,5988
40,2020-07-13,2025,0,2025,2025,2025,18818
39,2020-07-14,2025,0,2025,2030,2025,16952
35,2020-07-15,2025,0,2025,2025,2025,3512
34,2020-07-16,2030,5,2025,2030,2025,10052
33,2020-07-17,2030,0,2025,2030,2025,12522
32,2020-07-20,2030,0,2030,2030,2025,1167
31,2020-07-21,2035,5,2030,2035,2025,2520
28,2020-07-22,2040,5,2030,2040,2030,31048
27,2020-07-23,2035,5,2040,2040,2035,1402
26,2020-07-24,2035,0,2035,2035,2035,1595
25,2020-07-27,2035,0,2035,2045,2035,4451
24,2020-07-28,2040,5,2040,2040,2040,1
20,2020-07-29,2040,0,2040,2040,2025,986
19,2020-07-30,2040,0,2035,2040,2035,89
18,2020-07-31,2035,5,2035,2035,2020,11619
17,2020-08-03,2030,5,2025,2030,2025,3906
16,2020-08-04,2030,0,2035,2035,2030,1001
13,2020-08-05,2035,5,2030,2040,2030,16468
12,2020-08-06,2030,5,2035,2035,2025,5276
11,2020-08-07,2030,0,0,0,0,0
10,2020-08-10,2040,10,2035,2040,2035,203446
9,2020-08-11,2030,10,2040,2040,2030,159217
5,2020-08-12,2030,0,2030,2030,2030,14341
4,2020-08-13,2030,0,2025,2030,2025,40707
3,2020-08-14,2025,5,2030,2030,2025,153696
2,2020-08-18,2030,5,2030,2035,2030,76303
