,date,close,diff,open,high,low,volume
448,2019-08-16,33650,350,33500,34100,33250,95034
447,2019-08-19,33900,250,34000,34550,33550,103128
446,2019-08-20,35200,1300,34200,35650,34200,124028
445,2019-08-21,35300,100,35150,35500,34850,94745
444,2019-08-22,34600,700,35600,35600,34500,116547
440,2019-08-23,33800,800,34050,34350,33650,124151
439,2019-08-26,31100,2700,33300,33300,31100,290669
438,2019-08-27,32200,1100,31600,32400,31400,99776
437,2019-08-28,32700,500,32000,32750,31650,90060
436,2019-08-29,32150,550,32800,32800,31650,136284
433,2019-08-30,32850,700,32850,33150,32550,111224
432,2019-09-02,32900,50,32500,33100,32350,81193
431,2019-09-03,33300,400,33300,33800,32800,120444
430,2019-09-04,33850,550,33050,34050,33000,96533
429,2019-09-05,34450,600,34150,35000,34150,100390
425,2019-09-06,34450,0,34650,35000,34150,51297
424,2019-09-09,34000,450,34700,35200,33550,118927
423,2019-09-10,34000,0,34050,34400,33700,53108
422,2019-09-11,34050,50,34400,34600,34000,88833
421,2019-09-16,35200,1150,34450,35300,34000,92135
418,2019-09-17,34700,500,35100,35100,34500,60381
417,2019-09-18,34750,50,34750,34950,34300,35569
416,2019-09-19,34550,200,34750,35550,34400,69341
415,2019-09-20,34700,150,34550,35050,34200,72237
414,2019-09-23,34100,600,34450,34550,33950,40977
410,2019-09-24,34100,0,34500,35050,34100,59030
409,2019-09-25,34350,250,34000,34700,33500,84433
408,2019-09-26,34350,0,34450,34800,33850,48809
407,2019-09-27,34400,50,34200,34600,33600,54010
406,2019-09-30,34100,300,34500,34900,33850,62248
403,2019-10-01,35000,900,34000,35000,34000,79193
402,2019-10-02,34200,800,34500,34700,34200,52517
401,2019-10-04,33050,1150,34050,34050,32800,149803
400,2019-10-07,32650,400,33100,33550,32500,73922
399,2019-10-08,33150,500,32500,33650,32000,102735
395,2019-10-10,33350,200,33200,34100,32600,97094
394,2019-10-11,33300,50,33900,33900,33150,74511
393,2019-10-14,33700,400,34000,34400,33700,105134
392,2019-10-15,34800,1100,33800,35200,33800,186987
391,2019-10-16,34900,100,34850,35300,34650,89874
388,2019-10-17,34800,100,35200,35200,33900,101713
387,2019-10-18,33600,1200,34800,34950,33200,182258
386,2019-10-21,34100,500,33500,34100,33250,75161
385,2019-10-22,34400,300,34150,34800,33600,113292
384,2019-10-23,34400,0,34200,34650,33850,58384
380,2019-10-24,33350,1050,34350,34350,32900,190912
379,2019-10-25,33250,100,33600,33650,32950,97063
378,2019-10-28,33750,500,33600,34400,33300,83745
377,2019-10-29,33450,300,33800,34000,33250,62529
376,2019-10-30,33350,100,33300,33750,33100,61496
373,2019-10-31,33400,50,33400,33800,33200,58857
372,2019-11-01,33200,200,33300,33600,32700,90349
371,2019-11-04,33750,550,33200,34000,33100,66906
370,2019-11-05,34350,600,33750,34400,33650,77654
369,2019-11-06,35450,1100,34500,35850,34350,264607
365,2019-11-07,35600,150,35800,36500,35450,164800
364,2019-11-08,34650,950,35950,35950,34200,138557
363,2019-11-11,33900,750,34850,35100,33800,84822
362,2019-11-12,34000,100,34200,34350,33550,69932
361,2019-11-13,33850,150,34000,34350,33800,58971
358,2019-11-14,35800,1950,34400,36150,34000,328225
357,2019-11-15,37150,1350,36000,37550,35450,286537
356,2019-11-18,37100,50,37400,37400,36650,167869
355,2019-11-19,36950,150,37100,37250,36100,133532
354,2019-11-20,36150,800,36800,37300,35950,128963
350,2019-11-21,35250,900,36200,36350,35150,112457
349,2019-11-22,35450,200,35700,36300,35300,85046
348,2019-11-25,37400,1950,36400,37950,36300,225409
347,2019-11-26,37850,450,37700,37900,36750,166751
346,2019-11-27,37750,100,37750,38000,36900,111329
343,2019-11-28,37500,250,37450,38600,37450,81245
342,2019-11-29,37500,0,37600,38000,37250,117116
341,2019-12-02,36750,750,37650,37650,36500,105686
340,2019-12-03,36950,200,36650,37150,35850,69049
339,2019-12-04,36450,500,36600,36900,35800,92453
335,2019-12-05,36300,150,36550,36800,36050,81135
334,2019-12-06,36550,250,36650,37350,36200,99543
333,2019-12-09,37700,1150,36700,37700,36650,194559
332,2019-12-10,36150,1550,37400,37600,35400,225464
331,2019-12-11,36700,550,36200,36800,36100,72004
328,2019-12-12,36900,200,37000,37300,36500,129309
327,2019-12-13,37850,950,37350,38300,37350,128671
326,2019-12-16,38250,400,38000,38400,37700,171279
325,2019-12-17,38900,650,38300,38950,38050,120513
324,2019-12-18,39100,200,38600,39300,38400,101158
320,2019-12-19,38400,700,39300,39600,37900,136713
319,2019-12-20,38450,50,38600,39000,38200,60935
318,2019-12-23,39250,800,38750,39250,38250,73080
317,2019-12-24,38700,550,39200,39200,38350,67101
316,2019-12-26,39300,600,38450,39450,38350,96658
313,2019-12-27,39700,400,39300,39800,38750,83801
312,2019-12-30,39800,100,40050,40300,39500,50962
311,2020-01-02,39300,500,39850,39850,38700,82034
310,2020-01-03,39550,250,39700,40500,39400,100043
309,2020-01-06,40100,550,38900,40450,38700,137604
305,2020-01-07,42700,2600,40100,42950,39800,316142
304,2020-01-08,40200,2500,42400,42700,40200,169123
303,2020-01-09,42800,2600,41050,42800,41050,190560
302,2020-01-10,42450,350,42500,42500,41500,92411
301,2020-01-13,41600,850,42050,42250,40850,130215
298,2020-01-14,40750,850,41800,41800,40050,208407
297,2020-01-15,40550,200,40300,40950,40000,94726
296,2020-01-16,41150,600,40300,41350,40300,119003
295,2020-01-17,42000,850,41650,42400,41500,166858
294,2020-01-20,41300,700,41900,42000,41150,87133
290,2020-01-21,39600,1700,41350,41350,39400,260252
289,2020-01-22,38750,850,39600,39950,38300,313912
288,2020-01-23,39300,550,39050,39450,38600,118432
287,2020-01-28,38050,1250,37800,38450,37500,147498
286,2020-01-29,38650,600,38400,38850,38050,86334
283,2020-01-30,37150,1500,38650,38800,36700,143996
282,2020-01-31,37100,50,37150,38400,36750,138484
281,2020-02-03,37350,250,36600,37650,36000,125899
280,2020-02-04,38800,1450,37700,39050,37350,120370
279,2020-02-05,38700,100,39350,39350,37950,121504
275,2020-02-06,38600,100,38950,39350,38350,114555
274,2020-02-07,37450,1150,38600,38600,37100,198196
273,2020-02-10,38150,700,37300,38200,36950,91957
272,2020-02-11,38400,250,38450,38450,37700,70792
271,2020-02-12,38500,100,38500,38600,38000,66062
268,2020-02-13,38500,0,38650,38650,38150,93137
267,2020-02-14,38300,200,38450,38450,37750,102448
266,2020-02-17,38900,600,38750,38900,37700,120221
265,2020-02-18,37600,1300,39200,39200,37500,138128
264,2020-02-19,37500,100,37950,38150,37100,76549
260,2020-02-20,37800,300,37500,38550,37300,88428
259,2020-02-21,36950,850,37200,37800,36850,97766
258,2020-02-24,35100,1850,36000,36050,35000,145842
257,2020-02-25,34400,700,35000,35550,34400,297214
256,2020-02-26,34900,500,33850,35150,33550,125776
253,2020-02-27,34700,200,34750,35750,34400,147958
252,2020-02-28,32950,1750,34000,34500,32350,167757
251,2020-03-02,33800,850,33400,33950,32000,122167
250,2020-03-03,34450,650,34650,35150,33750,126551
249,2020-03-04,35250,800,34450,35550,34100,114449
245,2020-03-05,35800,550,35650,36000,34750,122281
244,2020-03-06,35500,300,35600,35950,35100,67480
243,2020-03-09,33700,1800,35000,35250,33700,85426
242,2020-03-10,34600,900,33350,34900,33350,113992
241,2020-03-11,34050,550,35350,36100,33850,241631
238,2020-03-12,31850,2200,33950,34300,31600,231773
237,2020-03-13,30950,900,30000,32000,28900,179524
236,2020-03-16,29350,1600,31700,32250,29350,109330
235,2020-03-17,31250,1900,26900,31300,26900,200895
234,2020-03-18,27000,4250,31300,31300,27000,232082
230,2020-03-19,24000,3000,27650,28000,23550,307080
229,2020-03-20,28400,4400,24100,28450,24050,231059
228,2020-03-23,25150,3250,26100,26650,24350,213429
227,2020-03-24,28250,3100,26800,28250,25150,250320
226,2020-03-25,28200,50,29000,29400,27550,270548
223,2020-03-26,27300,900,28250,28850,27250,285712
222,2020-03-27,27500,200,28400,28800,27200,220292
221,2020-03-30,27000,500,26600,27250,26150,184195
220,2020-03-31,27550,550,27300,28250,27000,195642
219,2020-04-01,26950,600,27100,28350,26700,246589
215,2020-04-02,27900,950,27100,27900,26950,125798
214,2020-04-03,27950,50,27850,28250,27500,105455
213,2020-04-06,29600,1650,28100,29650,27700,149451
212,2020-04-07,30300,700,30500,30900,29600,157667
211,2020-04-08,30050,250,30100,30500,29600,124823
208,2020-04-09,29800,250,30650,30800,29550,141602
207,2020-04-10,29750,50,30000,30100,29000,152750
206,2020-04-13,28400,1350,29600,29600,28400,125840
205,2020-04-14,28950,550,28900,29300,28650,100117
204,2020-04-16,29200,250,28600,29350,28250,128505
200,2020-04-17,30650,1450,30000,30750,29700,262512
199,2020-04-20,30250,400,30900,30950,29900,183667
198,2020-04-21,29700,550,30350,30350,28850,158389
197,2020-04-22,28850,850,29050,29150,28350,206894
196,2020-04-23,29250,400,29150,29500,29000,152113
193,2020-04-24,28750,500,28800,29700,28400,188652
192,2020-04-27,29450,700,28950,29700,28950,97495
191,2020-04-28,29750,300,29600,30050,29100,126003
190,2020-04-29,30150,400,29850,30350,29650,132272
189,2020-05-04,29600,550,29750,30250,29400,100495
185,2020-05-06,30350,750,30000,30350,29700,115087
184,2020-05-07,31050,700,30350,31200,30150,161285
183,2020-05-08,32100,1050,31200,32150,31050,168346
182,2020-05-11,31250,850,32300,32400,31250,152510
181,2020-05-12,30450,800,31100,31450,30250,113172
178,2020-05-13,30500,50,29850,30800,29700,95740
177,2020-05-14,29950,550,30150,30350,29750,86818
176,2020-05-15,32250,2300,30250,32250,30100,266766
175,2020-05-18,34900,2650,33150,35400,32200,688519
174,2020-05-19,36500,1600,35650,36700,34750,373670
170,2020-05-20,37200,700,36450,38200,36000,328072
169,2020-05-21,37200,0,37500,38450,36950,271653
168,2020-05-22,35900,1300,36850,36950,35500,216772
167,2020-05-25,37850,1950,36350,38500,36350,328316
166,2020-05-26,38150,300,38050,38350,37600,181016
163,2020-05-27,38250,100,38200,38450,37800,149030
162,2020-05-28,37500,750,38600,39650,37000,327428
161,2020-05-29,36950,550,37000,38100,36750,163849
160,2020-06-01,40950,4000,37650,41350,37550,609521
159,2020-06-02,40450,500,40500,41150,39900,224499
155,2020-06-03,40150,300,40750,40800,39100,218055
154,2020-06-04,39600,550,40000,40200,39150,146094
153,2020-06-05,40850,1250,39650,41550,39650,325839
152,2020-06-08,41800,950,41300,41800,40200,215045
151,2020-06-09,41800,0,42300,43150,41350,228614
148,2020-06-10,41350,450,42000,42050,41350,95498
147,2020-06-11,40050,1300,41500,41500,39700,280300
146,2020-06-12,39450,600,38000,39750,37500,253097
145,2020-06-15,36200,3250,38800,39200,36200,284619
144,2020-06-16,37700,1500,37450,38200,36900,168092
140,2020-06-17,38000,300,37300,38650,37200,103801
139,2020-06-18,38200,200,38000,39600,37350,176283
138,2020-06-19,37200,1000,38950,39200,37200,443520
137,2020-06-22,37500,300,37450,37900,36350,199752
136,2020-06-23,38050,550,38000,39000,37100,199988
133,2020-06-24,38450,400,38200,39000,37900,199515
132,2020-06-25,37750,700,37850,38450,37300,130680
131,2020-06-26,37900,150,38250,38700,37550,142138
130,2020-06-29,37050,850,37400,37700,36700,164760
129,2020-06-30,38600,1550,38100,39700,37750,314372
125,2020-07-01,40550,1950,39500,41550,39250,448430
124,2020-07-02,40700,150,40550,41200,39650,178063
123,2020-07-03,42200,1500,41000,42400,40550,298851
122,2020-07-06,45450,3250,42650,45900,42600,546797
121,2020-07-07,44850,600,45450,46300,43850,289353
118,2020-07-08,44600,250,44450,45250,44000,142683
117,2020-07-09,44750,150,44650,45150,44100,175002
116,2020-07-10,43750,1000,44750,44750,42900,204906
115,2020-07-13,45400,1650,44550,46850,44300,471630
114,2020-07-14,46650,1250,45350,46850,44450,269122
110,2020-07-15,46700,50,47050,47500,45900,201130
109,2020-07-16,44900,1800,46550,46700,44550,162541
108,2020-07-17,47100,2200,44600,47500,44600,250628
107,2020-07-20,46850,250,47200,47450,46050,164312
106,2020-07-21,46750,100,47100,47650,46500,211447
103,2020-07-22,45550,1200,46500,47100,45400,172306
102,2020-07-23,45950,400,45500,46200,44900,131457
101,2020-07-24,44250,1700,45450,45550,44100,175195
100,2020-07-27,44900,650,44250,45350,44100,113231
99,2020-07-28,47700,2800,46400,48150,46000,391009
95,2020-07-29,49600,1900,48150,49800,47400,274033
94,2020-07-30,48500,1100,50000,50000,48400,129739
93,2020-07-31,48000,500,48200,49000,47250,137434
92,2020-08-03,47900,100,48050,49300,47200,82596
91,2020-08-04,47450,450,48000,48750,47300,99487
88,2020-08-05,48200,750,47650,48750,47650,140650
87,2020-08-06,47700,500,48550,48550,47450,99936
86,2020-08-07,47000,700,47700,48200,46750,137548
85,2020-08-10,46550,450,47000,47350,46300,183426
84,2020-08-11,45300,1250,46600,46800,44900,247376
80,2020-08-12,45150,150,45050,45150,43550,224691
79,2020-08-13,44550,600,45650,45700,44450,148777
78,2020-08-14,43200,1350,44650,45100,43200,232797
77,2020-08-18,41300,1900,43950,44300,40700,306331
76,2020-08-19,42400,1100,42600,42600,40650,220146
73,2020-08-20,42500,100,42650,45000,41900,437765
72,2020-08-21,45300,2800,43900,46100,43400,390534
71,2020-08-24,47100,1800,45000,47650,44500,389200
70,2020-08-25,47900,800,47950,48450,47050,270406
69,2020-08-26,46300,1600,47450,47450,45850,273555
65,2020-08-27,45450,850,46600,46600,45050,199462
64,2020-08-28,46150,700,45900,46650,44900,181582
63,2020-08-31,45100,1050,46950,46950,44600,180042
62,2020-09-01,46400,1300,46000,47350,45300,340371
61,2020-09-02,50400,4000,48550,51800,47550,891280
58,2020-09-03,50100,300,50300,50600,49600,220815
57,2020-09-04,48150,1950,47700,48450,47150,315990
56,2020-09-07,48150,0,48150,48850,47300,167767
55,2020-09-08,48050,100,48250,48750,47550,153641
54,2020-09-09,46300,1750,47150,47550,46250,216061
50,2020-09-10,48250,1950,47900,50500,47850,576060
49,2020-09-11,48550,300,48250,49000,47650,153338
48,2020-09-14,48100,450,49000,49000,48000,116809
47,2020-09-15,47950,150,48250,48300,47100,163213
46,2020-09-16,47250,700,48150,48150,47050,135384
43,2020-09-17,46250,1000,47250,47250,45750,183504
42,2020-09-18,45850,400,46250,46350,45500,111841
41,2020-09-21,44500,1350,45800,46300,44150,148996
40,2020-09-22,44700,200,44950,45400,43800,145152
39,2020-09-23,45800,1100,44750,45800,43850,138694
35,2020-09-24,43350,2450,44600,45350,43100,164380
34,2020-09-25,43850,500,43700,44450,43250,106849
33,2020-09-28,44450,600,44500,44750,43900,74098
32,2020-09-29,44950,500,44600,45650,44350,122652
31,2020-10-05,45550,600,45000,46000,44550,114919
28,2020-10-06,47100,1550,45700,47200,45500,193902
27,2020-10-07,47200,100,47000,47400,46800,101506
26,2020-10-08,47350,150,47900,47900,46900,94905
25,2020-10-12,47500,150,47750,48300,47400,131835
24,2020-10-13,48950,1450,48300,50100,48250,434883
20,2020-10-14,49050,100,49450,50200,49050,222641
19,2020-10-15,48350,700,49800,49800,47500,184355
18,2020-10-16,47500,850,48350,48650,46500,151167
17,2020-10-19,47050,450,47550,47900,46650,91278
16,2020-10-20,48100,1050,46900,48100,46750,120429
13,2020-10-21,48150,50,48100,48400,47350,146946
12,2020-10-22,47350,800,48000,48150,46500,145151
11,2020-10-23,45750,1600,47350,47500,45550,165151
10,2020-10-26,44950,800,45750,45750,44200,123105
9,2020-10-27,45900,950,44850,46800,44300,130574
5,2020-10-28,47300,1400,45650,47400,45550,99440
4,2020-10-29,47350,50,46500,47500,46400,99190
3,2020-10-30,45500,1850,47050,47150,45500,107494
2,2020-11-02,45850,350,45250,46250,45100,57995
1,2020-11-03,47050,1200,46850,47450,46350,100664
