,date,close,diff,open,high,low,volume
448,2009-02-11,585,15,560,600,555,237033
447,2009-02-12,665,80,600,670,600,913481
446,2009-02-13,625,40,640,660,610,273441
445,2009-02-16,670,45,635,695,620,533987
444,2009-02-17,625,45,685,690,590,301592
440,2009-02-18,615,10,590,620,590,163806
439,2009-02-19,630,15,615,635,605,110889
438,2009-02-20,575,55,605,630,545,265707
437,2009-02-23,660,85,585,660,570,834635
436,2009-02-24,630,30,650,690,605,476629
433,2009-02-25,625,5,635,710,625,436543
432,2009-02-26,620,5,625,645,595,178194
431,2009-02-27,640,20,605,650,605,160541
430,2009-03-02,600,40,630,640,585,130542
429,2009-03-03,550,50,560,580,520,189410
425,2009-03-04,580,30,565,610,540,424445
424,2009-03-05,590,10,585,590,565,116458
423,2009-03-06,575,15,575,585,560,80201
422,2009-03-09,585,10,590,590,560,126300
421,2009-03-10,580,5,575,585,565,107404
418,2009-03-11,595,15,590,595,570,146524
417,2009-03-12,590,5,600,605,575,51192
416,2009-03-13,580,10,590,600,570,121009
415,2009-03-16,580,0,575,585,570,54237
414,2009-03-17,600,20,585,600,570,127786
410,2009-03-18,595,5,605,610,585,65735
409,2009-03-19,605,10,610,610,585,58027
408,2009-03-20,600,5,600,610,590,88818
407,2009-03-23,605,5,600,615,580,179414
406,2009-03-24,615,10,605,620,600,79294
403,2009-03-25,630,15,610,640,610,75756
402,2009-03-26,635,5,630,650,625,64597
401,2009-03-27,645,10,645,645,620,59773
400,2009-03-30,630,15,650,650,630,21430
399,2009-03-31,650,20,640,675,635,261518
395,2009-04-01,650,0,650,660,635,163881
394,2009-04-02,645,5,645,650,610,124293
393,2009-04-03,650,5,650,665,640,109805
392,2009-04-06,645,5,655,660,645,236633
391,2009-04-07,660,15,655,660,635,171257
388,2009-04-08,695,35,665,705,645,670277
387,2009-04-09,720,25,720,755,700,860743
386,2009-04-10,780,60,725,790,690,2565884
385,2009-04-13,780,0,765,840,735,1929672
384,2009-04-14,775,5,795,820,760,822515
380,2009-04-15,720,55,780,800,680,993928
379,2009-04-16,715,5,730,750,705,499609
378,2009-04-17,710,5,715,725,690,380493
377,2009-04-20,715,5,730,765,685,945030
376,2009-04-21,705,10,720,740,695,455045
373,2009-04-22,720,15,715,740,710,496953
372,2009-04-23,745,25,720,795,705,1712578
371,2009-04-24,730,15,755,760,725,405858
370,2009-04-27,750,20,755,825,735,2231287
369,2009-04-28,705,45,750,800,680,874057
365,2009-04-29,720,15,705,735,705,202110
364,2009-04-30,705,15,730,745,700,354880
363,2009-05-04,670,35,715,715,660,781189
362,2009-05-06,700,30,675,705,655,709473
361,2009-05-07,805,105,710,805,705,2730722
358,2009-05-08,765,40,815,850,750,3789650
357,2009-05-11,775,10,780,785,745,1096435
356,2009-05-12,765,10,790,825,750,1834207
355,2009-05-13,730,35,745,765,710,839211
354,2009-05-14,715,15,730,740,710,278672
350,2009-05-15,715,0,720,735,705,339092
349,2009-05-18,720,5,720,735,715,336429
348,2009-05-19,740,20,740,780,730,1524533
347,2009-05-20,730,10,740,745,710,486621
346,2009-05-21,720,10,735,740,715,433434
343,2009-05-22,690,30,710,725,690,449496
342,2009-05-25,635,55,700,710,590,722567
341,2009-05-26,635,0,640,655,620,260179
340,2009-05-27,630,5,640,655,625,380112
339,2009-05-28,615,15,630,635,570,279940
335,2009-05-29,620,5,620,625,610,107135
334,2009-06-01,710,90,635,710,625,952164
333,2009-06-02,690,20,730,730,680,836780
332,2009-06-03,690,0,680,705,680,296415
331,2009-06-04,665,25,690,700,650,189298
328,2009-06-05,675,10,670,680,650,173722
327,2009-06-08,710,35,680,715,675,390380
326,2009-06-09,700,10,715,715,690,155083
325,2009-06-10,705,5,705,715,690,108752
324,2009-06-11,700,5,705,720,690,308516
320,2009-06-12,700,0,715,715,685,95600
319,2009-06-15,690,10,700,700,680,55075
318,2009-06-16,710,20,685,710,665,145132
317,2009-06-17,695,15,720,720,695,132801
316,2009-06-18,720,25,685,735,685,336220
313,2009-06-19,765,45,730,780,710,444983
312,2009-06-22,875,110,765,875,760,1723602
311,2009-06-23,955,80,900,995,840,3212616
310,2009-06-24,1095,140,1015,1095,1010,2065884
309,2009-06-25,1095,0,1180,1235,1025,8430156
305,2009-06-26,965,130,1110,1170,960,7021072
304,2009-06-29,1030,65,990,1030,935,3192223
303,2009-06-30,975,55,1010,1035,955,2124129
302,2009-07-01,1015,40,975,1045,950,2385830
301,2009-07-02,1015,0,1000,1060,1000,1236968
298,2009-07-03,1165,150,1005,1165,1005,2878325
297,2009-07-06,1335,170,1335,1335,1335,451342
296,2009-07-07,1220,115,1410,1450,1210,10503539
295,2009-07-08,1260,40,1200,1290,1195,2526485
294,2009-07-09,1445,185,1285,1445,1270,4875034
290,2009-07-10,1460,15,1585,1630,1425,5299199
289,2009-07-13,1245,215,1320,1360,1245,2673306
288,2009-07-14,1430,185,1260,1430,1215,3753122
287,2009-07-15,1325,105,1430,1595,1240,10050721
286,2009-07-16,1280,45,1380,1405,1215,4064076
283,2009-07-17,1250,30,1300,1355,1250,1329776
282,2009-07-20,1260,10,1210,1320,1210,1216108
281,2009-07-21,1250,10,1265,1295,1230,666815
280,2009-07-22,1435,185,1285,1435,1250,2903942
279,2009-07-23,1255,180,1460,1485,1255,2640716
275,2009-07-24,1355,100,1285,1415,1260,1789237
274,2009-07-27,1340,15,1340,1385,1305,849992
273,2009-07-28,1375,35,1345,1530,1320,1909414
272,2009-07-29,1440,65,1380,1455,1335,1536783
271,2009-07-30,1380,60,1480,1500,1325,2239497
268,2009-07-31,1380,0,1355,1435,1305,1584945
267,2009-08-03,1290,90,1365,1385,1175,4437418
266,2009-08-04,1260,30,1325,1325,1100,2214298
265,2009-08-05,1255,5,1265,1385,1250,2618002
264,2009-08-06,1340,85,1290,1360,1270,1506004
260,2009-08-07,1300,40,1380,1430,1290,3428740
259,2009-08-10,1300,0,1325,1350,1275,775961
258,2009-08-11,1290,10,1310,1320,1275,1017205
257,2009-08-12,1255,35,1280,1295,1240,613348
256,2009-08-13,1235,20,1250,1285,1210,786704
253,2009-08-14,1070,165,1235,1235,1060,7151396
252,2009-08-17,1075,5,1070,1150,1020,2797930
251,2009-08-18,980,95,1045,1075,920,3032803
250,2009-08-19,990,10,970,1025,970,1441588
249,2009-08-20,950,40,1005,1020,895,1564178
245,2009-08-21,920,30,970,970,895,1144890
244,2009-08-24,895,25,935,935,880,1003729
243,2009-08-25,935,40,875,995,795,2148214
242,2009-08-26,885,50,930,940,885,736163
241,2009-08-27,885,0,880,895,855,573969
238,2009-08-28,890,5,880,895,855,678265
237,2009-08-31,855,35,885,900,845,588134
236,2009-09-01,820,35,855,865,800,755915
235,2009-09-02,805,15,805,815,790,634962
234,2009-09-03,790,15,815,815,740,1122340
230,2009-09-04,800,10,775,810,775,865302
229,2009-09-07,775,25,790,800,765,649951
228,2009-09-08,890,115,820,890,820,1916461
227,2009-09-09,900,10,1020,1020,900,6919475
226,2009-09-10,825,75,900,900,785,2703494
223,2009-09-11,830,5,830,830,790,871660
222,2009-09-14,795,35,810,825,795,740684
221,2009-09-15,820,25,800,830,800,914379
220,2009-09-16,940,120,820,940,820,2953786
219,2009-09-17,910,30,985,1015,870,5639119
215,2009-09-18,1030,120,935,1040,915,5699728
214,2009-09-21,1035,5,1030,1110,990,4460568
213,2009-09-22,1060,25,1040,1135,1025,5445224
212,2009-09-23,945,115,1060,1085,915,4297977
211,2009-09-24,980,35,985,995,940,1636185
208,2009-09-25,945,35,965,985,900,1042692
207,2009-09-28,955,10,905,970,905,639903
206,2009-09-29,915,40,915,955,905,768492
205,2009-09-30,780,135,885,895,780,4214898
204,2009-10-01,845,65,790,845,775,958729
200,2009-10-05,845,0,840,855,810,506683
199,2009-10-06,810,35,805,850,805,476047
198,2009-10-07,815,5,825,835,780,871328
197,2009-10-08,800,15,820,820,790,427748
196,2009-10-09,845,45,800,845,790,856353
193,2009-10-12,840,5,835,855,820,453724
192,2009-10-13,820,20,845,845,815,449074
191,2009-10-14,815,5,830,835,805,381246
190,2009-10-15,800,15,825,825,790,421568
189,2009-10-16,800,0,800,820,800,363976
185,2009-10-19,780,20,785,800,765,584849
184,2009-10-20,745,35,780,795,740,732639
183,2009-10-21,695,50,750,750,635,1977323
182,2009-10-22,660,35,675,700,610,2845237
181,2009-10-23,725,65,670,725,670,2109047
178,2009-10-26,710,15,715,770,685,5797154
177,2009-10-27,700,10,690,730,665,3275713
176,2009-10-28,645,55,705,705,625,1958836
175,2009-10-29,625,20,640,650,610,726886
174,2009-10-30,640,15,640,655,615,1490602
170,2009-11-02,640,0,620,650,620,793445
169,2009-11-03,640,0,635,675,625,1044116
168,2009-11-04,650,10,650,670,645,842440
167,2009-11-05,645,5,660,715,640,2960780
166,2009-11-06,550,95,650,660,550,2690609
163,2009-11-09,630,80,610,630,590,1448949
162,2009-11-10,720,90,710,720,660,5887628
161,2009-11-11,825,105,750,825,735,6383217
160,2009-11-12,850,25,845,925,840,7283774
159,2009-11-13,895,45,860,910,810,3902953
155,2009-11-16,920,25,910,935,845,3679910
154,2009-11-17,855,65,900,920,855,2026507
153,2009-11-18,730,125,870,920,730,3548558
152,2009-11-19,625,105,625,625,625,721379
151,2009-11-20,535,90,535,535,535,1881023
148,2009-11-23,615,80,535,615,535,37467199
147,2009-11-24,525,90,600,695,525,78337417
146,2009-11-25,535,10,525,580,495,32632730
145,2009-11-26,615,80,560,615,550,25168131
144,2009-11-27,550,65,615,640,525,39137332
140,2009-11-30,540,10,540,580,535,6656079
139,2009-12-01,520,20,545,550,505,6706352
138,2009-12-02,520,0,0,0,0,0
137,2009-12-03,510,10,505,575,465,21465507
136,2009-12-04,455,55,480,510,445,15698608
133,2009-12-07,395,60,450,455,390,19044821
132,2009-12-08,395,0,0,0,0,0
131,2009-12-09,395,0,0,0,0,0
130,2009-12-10,340,55,340,340,340,608277
129,2009-12-11,350,10,305,370,305,36833760
125,2009-12-14,340,10,370,375,340,8573187
124,2009-12-15,320,20,340,340,315,9871422
123,2009-12-16,305,15,310,310,290,9372770
122,2009-12-17,315,10,310,330,300,9657451
121,2009-12-18,280,35,300,300,275,10183142
118,2009-12-21,240,40,255,255,240,7748243
117,2009-12-22,225,15,225,250,205,15414705
116,2009-12-23,255,30,230,255,225,9918209
115,2009-12-24,265,10,260,290,255,11378368
114,2009-12-28,230,35,255,255,230,6143214
110,2009-12-29,230,0,0,0,0,0
109,2009-12-30,230,0,240,260,230,13298006
108,2010-01-04,220,10,220,230,200,7659019
107,2010-01-05,225,5,220,240,215,6610807
106,2010-01-06,220,5,235,235,215,4241556
103,2010-01-07,215,5,220,225,210,4083969
102,2010-01-08,215,0,215,230,210,6331848
101,2010-01-11,235,20,220,235,215,6048475
100,2010-01-12,225,10,240,240,225,3185634
99,2010-01-13,215,10,220,225,215,2274036
95,2010-01-14,220,5,215,225,215,2156977
94,2010-01-15,215,5,220,220,210,2264418
93,2010-01-18,220,5,215,220,210,1652163
92,2010-01-19,215,5,220,220,210,2540005
91,2010-01-20,215,0,210,225,210,4708815
88,2010-01-21,230,15,210,235,210,6799900
87,2010-01-22,210,20,225,225,205,6965027
86,2010-01-25,200,10,210,210,195,3733109
85,2010-01-26,180,20,200,205,175,4258961
84,2010-01-27,170,10,180,185,165,3276756
80,2010-01-28,195,25,175,195,175,5205258
79,2010-01-29,185,10,200,210,175,6038464
78,2010-02-01,190,5,180,195,175,3635441
77,2010-02-02,195,5,190,195,185,1286329
76,2010-02-03,190,5,190,195,185,1073521
73,2010-02-04,185,5,190,195,180,1452602
72,2010-02-05,180,5,175,180,170,1596104
71,2010-02-08,170,10,185,185,170,1285203
70,2010-02-09,175,5,170,175,165,1462274
69,2010-02-10,175,0,175,175,165,1303549
65,2010-02-11,170,5,175,175,165,1056264
64,2010-02-12,165,5,170,170,160,1496548
63,2010-02-16,160,5,165,170,160,827550
62,2010-02-17,165,5,165,170,160,1227348
61,2010-02-18,160,5,165,175,160,3926689
58,2010-02-19,155,5,160,165,150,1940401
57,2010-02-22,160,5,160,160,150,1688381
56,2010-02-23,150,10,155,160,150,1564636
55,2010-02-24,150,0,150,150,140,1700848
54,2010-02-25,130,20,145,150,130,3087436
50,2010-02-26,120,10,125,125,115,2973606
49,2010-03-02,120,0,115,125,115,1652043
48,2010-03-03,120,0,0,0,0,0
47,2010-03-04,110,10,120,120,105,3020730
46,2010-03-05,125,15,110,125,110,5893582
43,2010-03-08,140,15,125,140,125,2906296
42,2010-03-09,160,20,155,160,145,3508422
41,2010-03-10,180,20,180,180,180,821365
40,2010-03-11,205,25,205,205,180,14683488
39,2010-03-12,175,30,200,220,175,16106218
35,2010-03-15,170,5,165,185,160,7831157
34,2010-03-16,195,25,170,195,170,6894242
33,2010-03-17,185,10,195,220,175,20285149
32,2010-03-18,175,10,190,195,175,3690973
31,2010-03-19,175,0,175,190,170,3214250
28,2010-03-22,165,10,180,185,150,5893699
27,2010-03-23,165,0,0,0,0,0
26,2010-03-24,165,0,0,0,0,0
25,2010-03-25,165,0,0,0,0,0
24,2010-03-26,165,0,0,0,0,0
20,2010-03-29,165,0,0,0,0,0
19,2010-03-30,165,0,0,0,0,0
18,2010-03-31,165,0,0,0,0,0
17,2010-04-01,165,0,0,0,0,0
16,2010-04-02,165,0,0,0,0,0
13,2010-04-05,165,0,0,0,0,0
12,2010-04-06,165,0,0,0,0,0
11,2010-04-07,165,0,0,0,0,0
10,2010-04-08,10,155,10,15,10,17647214
9,2010-04-09,10,0,10,10,5,8877886
5,2010-04-12,5,5,5,10,5,4628960
4,2010-04-13,5,0,10,10,5,9766329
3,2010-04-14,5,0,5,5,5,16015005
2,2010-04-15,5,0,5,5,5,7272045
