,date,close,diff,open,high,low,volume
448,2019-08-16,10000,0,10000,10000,10000,10
447,2019-08-19,10000,0,10000,10000,10000,1
446,2019-08-20,10000,0,10000,10000,10000,0
445,2019-08-21,10000,0,10000,10000,10000,0
444,2019-08-22,10000,0,10000,10000,10000,0
440,2019-08-23,10000,0,10000,10000,10000,0
439,2019-08-26,10000,0,10000,10000,10000,0
438,2019-08-27,10000,0,10000,10000,10000,0
437,2019-08-28,10000,0,10000,10000,10000,0
436,2019-08-29,10000,0,10000,10000,10000,0
433,2019-08-30,10000,0,10000,10000,10000,0
432,2019-09-02,10000,0,10000,10000,10000,0
431,2019-09-03,10000,0,10000,10000,10000,0
430,2019-09-04,10000,0,10000,10000,10000,0
429,2019-09-05,10000,0,10000,10000,10000,0
425,2019-09-06,10000,0,10000,10000,10000,0
424,2019-09-09,10000,0,10000,10000,10000,0
423,2019-09-10,10000,0,10000,10000,10000,0
422,2019-09-11,10000,0,10000,10000,10000,0
421,2019-09-16,10000,0,10000,10000,10000,0
418,2019-09-17,10000,0,10000,10000,10000,0
417,2019-09-18,10000,0,10000,10000,10000,0
416,2019-09-19,10000,0,10000,10000,10000,0
415,2019-09-20,10000,0,10000,10000,10000,0
414,2019-09-23,10000,0,10000,10000,10000,0
410,2019-09-24,10000,0,10000,10000,10000,0
409,2019-09-25,10000,0,10000,10000,10000,0
408,2019-09-26,10000,0,10000,10000,10000,0
407,2019-09-27,10000,0,10000,10000,10000,0
406,2019-09-30,10000,0,10000,10000,10000,0
403,2019-10-01,10000,0,10000,10000,10000,0
402,2019-10-02,10000,0,10000,10000,10000,0
401,2019-10-04,10000,0,10000,10000,10000,0
400,2019-10-07,10000,0,10000,10000,10000,0
399,2019-10-08,10000,0,10000,10000,10000,95
395,2019-10-10,10000,0,10000,10000,10000,0
394,2019-10-11,10000,0,10000,10000,10000,0
393,2019-10-14,10000,0,10000,10000,10000,0
392,2019-10-15,10000,0,10000,10000,10000,0
391,2019-10-16,10000,0,10000,10000,10000,0
388,2019-10-17,10000,0,10000,10000,10000,0
387,2019-10-18,10000,0,10000,10000,10000,0
386,2019-10-21,10000,0,10000,10000,10000,0
385,2019-10-22,10000,0,10000,10000,10000,0
384,2019-10-23,10000,0,10000,10000,10000,0
380,2019-10-24,10000,0,10000,10000,10000,0
379,2019-10-25,10000,0,10000,10000,10000,0
378,2019-10-28,10000,0,10000,10000,10000,0
377,2019-10-29,10000,0,10000,10000,10000,0
376,2019-10-30,10000,0,10000,10000,10000,0
373,2019-10-31,10000,0,10000,10000,10000,0
372,2019-11-01,10000,0,10000,10000,10000,0
371,2019-11-04,10000,0,10000,10000,10000,0
370,2019-11-05,10000,0,10000,10000,10000,0
369,2019-11-06,10000,0,10000,10000,10000,0
365,2019-11-07,10000,0,10000,10000,10000,0
364,2019-11-08,10000,0,10000,10000,10000,0
363,2019-11-11,10000,0,10000,10000,10000,0
362,2019-11-12,10000,0,10000,10000,10000,0
361,2019-11-13,10000,0,10000,10000,10000,0
358,2019-11-14,10000,0,10000,10000,10000,0
357,2019-11-15,10000,0,10000,10000,10000,0
356,2019-11-18,10000,0,10000,10000,10000,0
355,2019-11-19,10000,0,10000,10000,10000,0
354,2019-11-20,10000,0,10000,10000,10000,0
350,2019-11-21,10000,0,10000,10000,10000,0
349,2019-11-22,10000,0,10000,10000,10000,0
348,2019-11-25,10000,0,10000,10000,10000,0
347,2019-11-26,10000,0,10000,10000,10000,0
346,2019-11-27,10000,0,10000,10000,10000,0
343,2019-11-28,10000,0,10000,10000,10000,0
342,2019-11-29,10000,0,10000,10000,10000,0
341,2019-12-02,10000,0,10000,10000,10000,0
340,2019-12-03,10000,0,10000,10000,10000,0
339,2019-12-04,10000,0,10000,10000,10000,0
335,2019-12-05,10000,0,10000,10000,10000,0
334,2019-12-06,10000,0,10000,10000,10000,0
333,2019-12-09,10000,0,10000,10000,10000,0
332,2019-12-10,10000,0,10000,10000,10000,0
331,2019-12-11,10000,0,10000,10000,10000,0
328,2019-12-12,10000,0,10000,10000,10000,0
327,2019-12-13,10000,0,10000,10000,10000,0
326,2019-12-16,10000,0,10000,10000,10000,0
325,2019-12-17,10000,0,10000,10000,10000,0
324,2019-12-18,10000,0,10000,10000,10000,0
320,2019-12-19,10000,0,10000,10000,10000,0
319,2019-12-20,10000,0,10000,10000,10000,0
318,2019-12-23,10000,0,10000,10000,10000,0
317,2019-12-24,10000,0,10000,10000,10000,0
316,2019-12-26,10000,0,10000,10000,10000,0
313,2019-12-27,10000,0,10000,10000,10000,0
312,2019-12-30,10000,0,10000,10000,10000,0
311,2020-01-02,10000,0,10000,10000,10000,0
310,2020-01-03,10000,0,10000,10000,10000,0
309,2020-01-06,10000,0,10000,10000,10000,0
305,2020-01-07,10000,0,10000,10000,10000,0
304,2020-01-08,10000,0,10000,10000,10000,0
303,2020-01-09,10000,0,10000,10000,10000,0
302,2020-01-10,10000,0,10000,10000,10000,0
301,2020-01-13,10000,0,10000,10000,10000,0
298,2020-01-14,10000,0,10000,10000,10000,0
297,2020-01-15,10000,0,10000,10000,10000,0
296,2020-01-16,10000,0,10000,10000,10000,0
295,2020-01-17,10000,0,10000,10000,10000,0
294,2020-01-20,10000,0,10000,10000,10000,0
290,2020-01-21,10000,0,10000,10000,10000,0
289,2020-01-22,10000,0,10000,10000,10000,0
288,2020-01-23,10000,0,10000,10000,10000,0
287,2020-01-28,10000,0,10000,10000,10000,0
286,2020-01-29,10000,0,10000,10000,10000,0
283,2020-01-30,10000,0,10000,10000,10000,0
282,2020-01-31,10000,0,10000,10000,10000,0
281,2020-02-03,10000,0,10000,10000,10000,0
280,2020-02-04,10000,0,10000,10000,10000,0
279,2020-02-05,10000,0,10000,10000,10000,0
275,2020-02-06,10000,0,10000,10000,10000,0
274,2020-02-07,10000,0,10000,10000,10000,0
273,2020-02-10,10000,0,10000,10000,10000,0
272,2020-02-11,10000,0,10000,10000,10000,0
271,2020-02-12,10000,0,10000,10000,10000,0
268,2020-02-13,10000,0,10000,10000,10000,0
267,2020-02-14,10000,0,10000,10000,10000,0
266,2020-02-17,10000,0,10000,10000,10000,0
265,2020-02-18,10000,0,10000,10000,10000,0
264,2020-02-19,10000,0,10000,10000,10000,0
260,2020-02-20,10000,0,10000,10000,10000,0
259,2020-02-21,10000,0,10000,10000,10000,0
258,2020-02-24,10000,0,10000,10000,10000,0
257,2020-02-25,10000,0,10000,10000,10000,0
256,2020-02-26,10000,0,10000,10000,10000,0
253,2020-02-27,10000,0,10000,10000,10000,0
252,2020-02-28,10000,0,10000,10000,10000,0
251,2020-03-02,10000,0,10000,10000,10000,0
250,2020-03-03,10000,0,10000,10000,10000,0
249,2020-03-04,10000,0,10000,10000,10000,0
245,2020-03-05,10000,0,10000,10000,10000,0
244,2020-03-06,10000,0,10000,10000,10000,0
243,2020-03-09,10000,0,10000,10000,10000,0
242,2020-03-10,10000,0,10000,10000,10000,0
241,2020-03-11,10000,0,10000,10000,10000,0
238,2020-03-12,10000,0,10000,10000,10000,0
237,2020-03-13,10000,0,10000,10000,10000,0
236,2020-03-16,10000,0,10000,10000,10000,0
235,2020-03-17,10000,0,10000,10000,10000,0
234,2020-03-18,10000,0,10000,10000,10000,0
230,2020-03-19,10000,0,10000,10000,10000,0
229,2020-03-20,10000,0,10000,10000,10000,0
228,2020-03-23,10000,0,10000,10000,10000,0
227,2020-03-24,10000,0,10000,10000,10000,0
226,2020-03-25,10000,0,10000,10000,10000,0
223,2020-03-26,10000,0,10000,10000,10000,0
222,2020-03-27,10000,0,10000,10000,10000,0
221,2020-03-30,10000,0,10000,10000,10000,0
220,2020-03-31,10000,0,10000,10000,10000,0
219,2020-04-01,10000,0,10000,10000,10000,0
215,2020-04-02,10000,0,10000,10000,10000,0
214,2020-04-03,10000,0,10000,10000,10000,0
213,2020-04-06,10000,0,10000,10000,10000,2
212,2020-04-07,10000,0,10000,10000,10000,0
211,2020-04-08,10000,0,10000,10000,10000,0
208,2020-04-09,10000,0,10000,10000,10000,0
207,2020-04-10,10000,0,10000,10000,10000,0
206,2020-04-13,10000,0,10000,10000,10000,0
205,2020-04-14,10000,0,10000,10000,10000,0
204,2020-04-16,10000,0,10000,10000,10000,0
200,2020-04-17,10000,0,10000,10000,10000,0
199,2020-04-20,10000,0,10000,10000,10000,0
198,2020-04-21,10000,0,10000,10000,10000,0
197,2020-04-22,10000,0,10000,10000,10000,0
196,2020-04-23,10000,0,10000,10000,10000,0
193,2020-04-24,10000,0,10000,10000,10000,0
192,2020-04-27,10000,0,10000,10000,10000,0
191,2020-04-28,10000,0,10000,10000,10000,0
190,2020-04-29,10000,0,10000,10000,10000,0
189,2020-05-04,10000,0,10000,10000,10000,0
185,2020-05-06,10000,0,10000,10000,10000,0
184,2020-05-07,10000,0,10000,10000,10000,0
183,2020-05-08,10000,0,10000,10000,10000,0
182,2020-05-11,10000,0,10000,10000,10000,0
181,2020-05-12,10000,0,10000,10000,10000,0
178,2020-05-13,10000,0,10000,10000,10000,0
177,2020-05-14,10000,0,10000,10000,10000,0
176,2020-05-15,10000,0,10000,10000,10000,0
175,2020-05-18,10000,0,10000,10000,10000,0
174,2020-05-19,10000,0,10000,10000,10000,0
170,2020-05-20,10000,0,10000,10000,10000,0
169,2020-05-21,10000,0,10000,10000,10000,0
168,2020-05-22,10000,0,10000,10000,10000,0
167,2020-05-25,10000,0,10000,10000,10000,0
166,2020-05-26,10000,0,10000,10000,10000,0
163,2020-05-27,10000,0,10000,10000,10000,0
162,2020-05-28,10000,0,10000,10000,10000,0
161,2020-05-29,10000,0,10000,10000,10000,0
160,2020-06-01,10000,0,10000,10000,10000,0
159,2020-06-02,10000,0,10000,10000,10000,0
155,2020-06-03,10000,0,10000,10000,10000,0
154,2020-06-04,10000,0,10000,10000,10000,0
153,2020-06-05,10000,0,10000,10000,10000,0
152,2020-06-08,10000,0,10000,10000,10000,0
151,2020-06-09,10000,0,10000,10000,10000,0
148,2020-06-10,10000,0,10000,10000,10000,0
147,2020-06-11,10000,0,10000,10000,10000,0
146,2020-06-12,10000,0,10000,10000,10000,0
145,2020-06-15,10000,0,10000,10000,10000,0
144,2020-06-16,10000,0,10000,10000,10000,0
140,2020-06-17,10000,0,10000,10000,10000,0
139,2020-06-18,10000,0,10000,10000,10000,0
138,2020-06-19,10000,0,10000,10000,10000,0
137,2020-06-22,10000,0,10000,10000,10000,0
136,2020-06-23,10000,0,10000,10000,10000,0
133,2020-06-24,10000,0,10000,10000,10000,0
132,2020-06-25,10000,0,10000,10000,10000,0
131,2020-06-26,10000,0,10000,10000,10000,0
130,2020-06-29,10000,0,10000,10000,10000,0
129,2020-06-30,10000,0,10000,10000,10000,0
125,2020-07-01,10000,0,10000,10000,10000,0
124,2020-07-02,10000,0,10000,10000,10000,0
123,2020-07-03,10000,0,10000,10000,10000,0
122,2020-07-06,10000,0,10000,10000,10000,0
121,2020-07-07,10000,0,10000,10000,10000,0
118,2020-07-08,10000,0,10000,10000,10000,0
117,2020-07-09,10000,0,10000,10000,10000,0
116,2020-07-10,10000,0,10000,10000,10000,0
115,2020-07-13,10000,0,10000,10000,10000,0
114,2020-07-14,10000,0,10000,10000,10000,0
110,2020-07-15,10000,0,10000,10000,10000,0
109,2020-07-16,10000,0,10000,10000,10000,0
108,2020-07-17,10000,0,10000,10000,10000,0
107,2020-07-20,10000,0,10000,10000,10000,0
106,2020-07-21,10000,0,10000,10000,10000,0
103,2020-07-22,10000,0,10000,10000,10000,0
102,2020-07-23,10000,0,10000,10000,10000,0
101,2020-07-24,10000,0,10000,10000,10000,0
100,2020-07-27,10000,0,10000,10000,10000,0
99,2020-07-28,10000,0,10000,10000,10000,0
95,2020-07-29,10000,0,10000,10000,10000,0
94,2020-07-30,10000,0,10000,10000,10000,0
93,2020-07-31,10000,0,10000,10000,10000,0
92,2020-08-03,10000,0,10000,10000,10000,0
91,2020-08-04,10000,0,10000,10000,10000,0
88,2020-08-05,10000,0,10000,10000,10000,0
87,2020-08-06,10600,600,10600,10600,10600,1
86,2020-08-07,10600,0,10600,10600,10600,0
85,2020-08-10,10600,0,10600,10600,10600,0
84,2020-08-11,10600,0,10600,10600,10600,0
80,2020-08-12,10600,0,10600,10600,10600,0
79,2020-08-13,10600,0,10600,10600,10600,0
78,2020-08-14,10600,0,10600,10600,10600,0
77,2020-08-18,10600,0,10600,10600,10600,0
76,2020-08-19,10600,0,10600,10600,10600,0
73,2020-08-20,10600,0,10600,10600,10600,0
72,2020-08-21,10600,0,10600,10600,10600,0
71,2020-08-24,10600,0,10600,10600,10600,0
70,2020-08-25,10600,0,10600,10600,10600,0
69,2020-08-26,10600,0,10600,10600,10600,0
65,2020-08-27,10600,0,10600,10600,10600,0
64,2020-08-28,10600,0,10600,10600,10600,0
63,2020-08-31,10600,0,10600,10600,10600,0
62,2020-09-01,10600,0,10600,10600,10600,0
61,2020-09-02,10600,0,10600,10600,10600,0
58,2020-09-03,10600,0,10600,10600,10600,0
57,2020-09-04,10600,0,10600,10600,10600,0
56,2020-09-07,10600,0,10600,10600,10600,0
55,2020-09-08,10600,0,10600,10600,10600,0
54,2020-09-09,10600,0,10600,10600,10600,0
50,2020-09-10,10600,0,10600,10600,10600,0
49,2020-09-11,10600,0,10600,10600,10600,0
48,2020-09-14,10600,0,10600,10600,10600,0
47,2020-09-15,10600,0,10600,10600,10600,0
46,2020-09-16,10600,0,10600,10600,10600,0
43,2020-09-17,10600,0,10600,10600,10600,0
42,2020-09-18,10600,0,10600,10600,10600,0
41,2020-09-21,10600,0,10600,10600,10600,0
40,2020-09-22,10600,0,10600,10600,10600,0
39,2020-09-23,10600,0,10600,10600,10600,0
35,2020-09-24,10600,0,10600,10600,10600,0
34,2020-09-25,10600,0,10600,10600,10600,0
33,2020-09-28,10600,0,10600,10600,10600,0
32,2020-09-29,10600,0,10600,10600,10600,0
31,2020-10-05,10600,0,10600,10600,10600,0
28,2020-10-06,10600,0,10600,10600,10600,0
27,2020-10-07,10600,0,10600,10600,10600,0
26,2020-10-08,10600,0,10600,10600,10600,0
25,2020-10-12,10600,0,10600,10600,10600,0
24,2020-10-13,10600,0,10600,10600,10600,0
20,2020-10-14,10600,0,10600,10600,10600,0
19,2020-10-15,10600,0,10600,10600,10600,0
18,2020-10-16,10600,0,10600,10600,10600,0
17,2020-10-19,10600,0,10600,10600,10600,0
16,2020-10-20,10600,0,10600,10600,10600,0
13,2020-10-21,10600,0,10600,10600,10600,0
12,2020-10-22,10600,0,10600,10600,10600,0
11,2020-10-23,10600,0,10600,10600,10600,0
10,2020-10-26,10600,0,10600,10600,10600,0
9,2020-10-27,10600,0,10600,10600,10600,0
5,2020-10-28,10600,0,10600,10600,10600,0
4,2020-10-29,10600,0,10600,10600,10600,0
3,2020-10-30,10600,0,10600,10600,10600,0
2,2020-11-02,10600,0,10600,10600,10600,0
1,2020-11-03,10600,0,10600,10600,10600,0
