,date,close,diff,open,high,low,volume
448,2019-08-16,19050,50,19250,19700,18800,84013
447,2019-08-19,18150,900,19250,19300,18100,87662
446,2019-08-20,19750,1600,18500,19850,18350,153801
445,2019-08-21,19500,250,19600,19800,19300,41739
444,2019-08-22,20050,550,19650,20550,19600,120766
440,2019-08-23,21200,1150,21200,21500,19950,251052
439,2019-08-26,21700,500,20850,22450,20200,296573
438,2019-08-27,21600,100,22000,23100,21500,208994
437,2019-08-28,21200,400,22000,22000,20750,144934
436,2019-08-29,21000,200,21550,22100,20650,106763
433,2019-08-30,20900,100,21250,22000,20800,136875
432,2019-09-02,21250,350,21050,21750,20900,63877
431,2019-09-03,21050,200,21350,21350,20600,74276
430,2019-09-04,20950,100,20950,21350,20500,109962
429,2019-09-05,21800,850,21150,22000,20800,168675
425,2019-09-06,21850,50,22050,22350,21450,112564
424,2019-09-09,22500,650,22150,23150,22050,220456
423,2019-09-10,22400,100,22450,22750,21950,94967
422,2019-09-11,21750,650,22400,22550,21100,123768
421,2019-09-16,21800,50,21750,21850,21250,69327
418,2019-09-17,21350,450,21800,21900,21250,70590
417,2019-09-18,21600,250,21350,21750,21200,39663
416,2019-09-19,21400,200,21800,22200,21300,68212
415,2019-09-20,20900,500,21400,21550,20800,51574
414,2019-09-23,20450,450,20700,21050,20200,66819
410,2019-09-24,20650,200,20400,20950,20250,60499
409,2019-09-25,19850,800,20650,20700,19800,64025
408,2019-09-26,19850,0,20100,20300,19650,49299
407,2019-09-27,19600,250,19950,19950,19200,44747
406,2019-09-30,19200,400,19450,19600,18900,47647
403,2019-10-01,20400,1200,19450,20400,19450,83182
402,2019-10-02,20100,300,20000,20400,19800,52979
401,2019-10-04,19700,400,20050,20400,19500,31294
400,2019-10-07,20350,650,20000,20500,19600,55175
399,2019-10-08,21300,950,20150,21400,20050,98414
395,2019-10-10,21450,150,21150,21650,21100,88009
394,2019-10-11,21300,150,21300,21500,20900,66023
393,2019-10-14,21000,300,21300,21300,20850,47925
392,2019-10-15,21300,300,20850,21550,20850,51707
391,2019-10-16,21000,300,21300,21400,20850,46744
388,2019-10-17,21100,100,20900,21350,20900,28373
387,2019-10-18,20850,250,21100,21100,20800,24442
386,2019-10-21,20150,700,20850,20850,20150,44317
385,2019-10-22,19850,300,20200,20400,19750,60242
384,2019-10-23,20150,300,20150,20800,19750,57588
380,2019-10-24,19700,450,20350,20350,19450,74595
379,2019-10-25,20000,300,19600,20000,19400,28040
378,2019-10-28,19850,150,20100,20100,19700,20922
377,2019-10-29,19900,50,19850,20000,19650,23973
376,2019-10-30,20000,100,19900,20400,19750,38427
373,2019-10-31,19600,400,20050,20050,19450,38426
372,2019-11-01,19650,50,19600,19800,19400,23340
371,2019-11-04,19650,0,19600,19800,19500,41349
370,2019-11-05,19800,150,19650,20000,19550,32430
369,2019-11-06,19400,400,19700,19900,19250,53227
365,2019-11-07,19000,400,19250,19350,18600,77038
364,2019-11-08,19550,550,19000,19600,18600,47460
363,2019-11-11,19300,250,19550,19550,19200,17111
362,2019-11-12,18600,700,19400,19400,18400,66558
361,2019-11-13,18700,100,18650,19100,18600,30308
358,2019-11-14,18200,500,18750,18750,18150,49782
357,2019-11-15,18800,600,18250,18850,18250,30662
356,2019-11-18,18600,200,18800,18900,18300,75997
355,2019-11-19,18650,50,18550,18850,18450,21415
354,2019-11-20,18150,500,18450,18850,17850,75286
350,2019-11-21,17950,200,18200,18200,17550,53399
349,2019-11-22,17500,450,17950,18100,17400,60811
348,2019-11-25,18100,600,17500,18100,17500,25084
347,2019-11-26,18550,450,18500,18700,18250,61312
346,2019-11-27,18550,0,18600,18700,18350,27787
343,2019-11-28,18500,50,18550,18650,18400,18843
342,2019-11-29,18100,400,18450,18700,18100,31507
341,2019-12-02,18350,250,18100,18950,18100,24870
340,2019-12-03,18200,150,18200,18300,18000,18438
339,2019-12-04,17800,400,18000,18250,17600,32790
335,2019-12-05,18150,350,17700,18250,17600,41515
334,2019-12-06,18300,150,18150,18350,18050,22544
333,2019-12-09,18250,50,18300,18400,18000,19826
332,2019-12-10,18200,50,18250,18500,18000,29067
331,2019-12-11,18250,50,18200,18350,18100,14217
328,2019-12-12,18350,100,18250,18500,18150,24428
327,2019-12-13,18450,100,18450,18550,18200,36291
326,2019-12-16,18650,200,18500,18950,18450,68018
325,2019-12-17,18950,300,18850,19200,18600,77866
324,2019-12-18,19250,300,19000,19400,18850,57299
320,2019-12-19,18850,400,19200,19200,18750,42454
319,2019-12-20,18900,50,18950,19350,18800,29374
318,2019-12-23,18400,500,18800,18900,18350,62785
317,2019-12-24,18400,0,18400,18700,18250,52152
316,2019-12-26,19000,600,18500,19500,18400,95969
313,2019-12-27,19200,200,19000,19350,19000,23762
312,2019-12-30,19450,250,19250,19500,19050,31037
311,2020-01-02,20650,1200,19450,20750,19300,177577
310,2020-01-03,20800,150,20600,20900,20350,103028
309,2020-01-06,20700,100,20500,21150,20200,107358
305,2020-01-07,20700,0,21000,21050,20500,64095
304,2020-01-08,19950,750,20450,20650,19900,117421
303,2020-01-09,20700,750,20400,20950,20200,98471
302,2020-01-10,20050,650,20450,20600,19800,123475
301,2020-01-13,20350,300,20100,20450,20000,34403
298,2020-01-14,20300,50,20300,20800,20150,52015
297,2020-01-15,21250,950,20350,21350,20100,182580
296,2020-01-16,20950,300,21350,21400,20850,80587
295,2020-01-17,21000,50,21100,21200,20750,60419
294,2020-01-20,20500,500,20900,21050,20350,87098
290,2020-01-21,20450,50,20500,20800,20350,38147
289,2020-01-22,20450,0,20450,20800,20200,51412
288,2020-01-23,19950,500,20450,20500,19700,96298
287,2020-01-28,19650,300,19050,19650,18950,90441
286,2020-01-29,20100,450,20100,20600,19650,118792
283,2020-01-30,19650,450,20100,20250,19300,81775
282,2020-01-31,18950,700,19600,19700,18950,68506
281,2020-02-03,19250,300,18300,19550,18300,49250
280,2020-02-04,19600,350,19300,19650,19300,14713
279,2020-02-05,19500,100,19650,19700,19300,34786
275,2020-02-06,19750,250,19500,20000,19500,26224
274,2020-02-07,19700,50,19850,19850,19400,22657
273,2020-02-10,20650,950,19600,20650,19600,81773
272,2020-02-11,21900,1250,20800,22150,20600,307489
271,2020-02-12,23000,1100,21850,23000,21750,410184
268,2020-02-13,23050,50,23250,23450,22650,173748
267,2020-02-14,23200,150,23250,23500,22700,185736
266,2020-02-17,23900,700,23250,24200,23050,264258
265,2020-02-18,24800,900,24100,24850,23700,344740
264,2020-02-19,24900,100,25500,26750,22100,717740
260,2020-02-20,26150,1250,25050,26450,25000,402730
259,2020-02-21,26850,700,25450,27450,25300,406628
258,2020-02-24,25800,1050,26250,27050,25600,219917
257,2020-02-25,26000,200,25700,26700,25000,242843
256,2020-02-26,25800,200,25650,26550,25200,188887
253,2020-02-27,23900,1900,25550,25700,23900,349326
252,2020-02-28,22400,1500,23450,24000,22250,275576
251,2020-03-02,23500,1100,22550,23850,22400,199148
250,2020-03-03,22800,700,24300,24300,22750,194888
249,2020-03-04,22850,50,22450,23250,22200,206949
245,2020-03-05,22650,200,23300,23300,22450,116525
244,2020-03-06,21700,950,22400,22700,21550,165366
243,2020-03-09,20850,850,21200,21850,20850,176720
242,2020-03-10,21450,600,20700,21600,20350,162152
241,2020-03-11,20000,1450,21600,21750,19950,159033
238,2020-03-12,18800,1200,19700,20300,18500,186752
237,2020-03-13,16700,2100,17200,17550,15050,466264
236,2020-03-16,15300,1400,17150,17350,15300,319285
235,2020-03-17,15400,100,14100,15600,14100,244292
234,2020-03-18,14600,800,15750,15850,14500,183902
230,2020-03-19,12650,1950,15250,15300,12400,336895
229,2020-03-20,14550,1900,13300,14800,13250,232059
228,2020-03-23,13400,1150,13650,13950,13350,192201
227,2020-03-24,14950,1550,13900,15000,13800,164718
226,2020-03-25,16700,1750,15900,17100,15450,364275
223,2020-03-26,16200,500,16950,17200,16200,178579
222,2020-03-27,16500,300,16900,17150,15400,161847
221,2020-03-30,16750,250,16000,16950,15650,125463
220,2020-03-31,17400,650,17200,17950,17050,170472
219,2020-04-01,16800,600,17400,18200,16700,159394
215,2020-04-02,16950,150,16800,17150,16200,121387
214,2020-04-03,17000,50,16950,17200,16750,70563
213,2020-04-06,17450,450,17100,17500,16950,104294
212,2020-04-07,17600,150,17900,18150,17100,147364
211,2020-04-08,17500,100,17550,17900,17100,127983
208,2020-04-09,18650,1150,17900,18700,17700,209737
207,2020-04-10,19000,350,18800,19600,18400,208668
206,2020-04-13,17950,1050,19000,19200,17900,161499
205,2020-04-14,18800,850,18200,19100,18150,110466
204,2020-04-16,20050,1250,18650,20250,18650,224635
200,2020-04-17,21000,950,20450,21250,20000,229962
199,2020-04-20,20850,150,21600,21600,20650,149331
198,2020-04-21,21600,750,20900,22350,20350,317930
197,2020-04-22,21950,350,21250,22050,20800,157093
196,2020-04-23,22450,500,22300,22600,21850,126093
193,2020-04-24,22100,350,22200,22500,21700,134378
192,2020-04-27,21950,150,22250,22250,21650,106689
191,2020-04-28,21300,650,22100,22100,21200,142864
190,2020-04-29,21050,250,21350,21650,21000,122249
189,2020-05-04,21100,50,20800,21700,20300,103236
185,2020-05-06,23650,2550,21250,23650,21250,348896
184,2020-05-07,23350,300,23400,23550,22800,157522
183,2020-05-08,23400,50,23500,24300,23100,217499
182,2020-05-11,23850,450,23500,24000,23000,109603
181,2020-05-12,22950,900,23850,23850,22600,163144
178,2020-05-13,23300,350,22450,23350,22400,88277
177,2020-05-14,22700,600,23200,23550,22600,95368
176,2020-05-15,22850,150,22900,23050,22500,74020
175,2020-05-18,23300,450,22950,23650,22550,99799
174,2020-05-19,24000,700,23450,24000,23050,121192
170,2020-05-20,23750,250,23950,23950,23450,85570
169,2020-05-21,23700,50,23850,24250,23450,126594
168,2020-05-22,23150,550,23700,23800,22850,103086
167,2020-05-25,23450,300,23350,23550,22800,90212
166,2020-05-26,25600,2150,23600,25850,23350,514124
163,2020-05-27,25450,150,25400,26400,24400,401832
162,2020-05-28,24300,1150,25350,25600,23000,246449
161,2020-05-29,23450,850,23900,24400,23450,142928
160,2020-06-01,23450,0,24850,25400,23400,496254
159,2020-06-02,23350,100,23550,23800,22950,155386
155,2020-06-03,23800,450,23350,24150,23350,238008
154,2020-06-04,23550,250,24150,24350,23400,100177
153,2020-06-05,23050,500,23600,23700,22900,99889
152,2020-06-08,22200,850,23000,23100,21950,265176
151,2020-06-09,22400,200,22250,22550,21950,144526
148,2020-06-10,22700,300,22250,22900,22000,125468
147,2020-06-11,22650,50,22700,22950,22500,104525
146,2020-06-12,22850,200,22000,23150,21750,226410
145,2020-06-15,21850,1000,22850,23100,21400,134357
144,2020-06-16,22350,500,22050,22700,21900,104014
140,2020-06-17,22950,600,22700,23150,22350,135905
139,2020-06-18,22550,400,22950,23450,22500,142176
138,2020-06-19,22450,100,22700,22750,21950,79754
137,2020-06-22,22000,450,22500,22500,21900,88565
136,2020-06-23,22300,300,22600,22900,22050,111172
133,2020-06-24,22600,300,22400,22750,22050,66844
132,2020-06-25,22000,600,22450,22450,21900,79245
131,2020-06-26,22750,750,22150,23050,22000,118421
130,2020-06-29,22150,600,22250,22900,22100,83443
129,2020-06-30,22300,150,22700,22700,22050,39655
125,2020-07-01,22350,50,22550,23050,22300,59303
124,2020-07-02,22800,450,22500,22950,22250,64389
123,2020-07-03,22950,150,22900,23800,22700,235435
122,2020-07-06,22900,50,22950,23150,22600,62962
121,2020-07-07,22850,50,22900,23050,22550,110368
118,2020-07-08,23100,250,23000,23300,22700,83559
117,2020-07-09,22850,250,23200,23250,22800,70893
116,2020-07-10,22500,350,22800,22950,22450,63622
115,2020-07-13,22500,0,22700,22700,22300,44163
114,2020-07-14,22250,250,22500,22800,22200,96862
110,2020-07-15,22700,450,22350,22750,22250,96788
109,2020-07-16,22450,250,22550,22700,22200,74843
108,2020-07-17,22550,100,22300,22550,22300,25286
107,2020-07-20,22000,550,22600,22800,22000,94597
106,2020-07-21,22500,500,22650,22850,22300,77059
103,2020-07-22,22600,100,22700,22900,22250,61579
102,2020-07-23,22350,250,22900,22900,22350,48653
101,2020-07-24,24350,2000,22500,24750,22350,754887
100,2020-07-27,24850,500,24550,25150,23950,384022
99,2020-07-28,25500,650,24650,26100,24100,804469
95,2020-07-29,25300,200,28500,30150,25200,2096117
94,2020-07-30,25150,150,25600,26050,24900,345541
93,2020-07-31,23850,1300,24900,25100,23800,308459
92,2020-08-03,25700,1850,23850,25900,23500,327412
91,2020-08-04,26000,300,25700,26000,24950,155506
88,2020-08-05,28550,2550,26000,28550,25550,823523
87,2020-08-06,28750,200,28750,29700,28100,446832
86,2020-08-07,28600,150,28700,29050,27500,244216
85,2020-08-10,29350,750,28700,29950,28700,278884
84,2020-08-11,31550,2200,29650,31600,29200,457114
80,2020-08-12,30400,1150,31400,31550,29600,485805
79,2020-08-13,29500,900,30700,31150,29500,294923
78,2020-08-14,28250,1250,29800,30400,27500,388825
77,2020-08-18,26600,1650,28200,28750,25950,342155
76,2020-08-19,27600,1000,26650,28300,25850,326659
73,2020-08-20,25200,2400,27900,28150,24950,388633
72,2020-08-21,25250,50,25500,26100,24650,238588
71,2020-08-24,25900,650,25200,26300,24500,141858
70,2020-08-25,27000,1100,26050,27050,25850,120095
69,2020-08-26,27850,850,27000,28100,26150,139087
65,2020-08-27,28000,150,27800,28450,27250,165385
64,2020-08-28,27200,800,28300,30700,27200,789504
63,2020-08-31,28200,1000,27500,28400,27400,223093
62,2020-09-01,27950,250,28300,28550,27850,117167
61,2020-09-02,27950,0,28000,28200,27500,86865
58,2020-09-03,27350,600,28000,28200,27000,167254
57,2020-09-04,26950,400,26000,27100,25950,184373
56,2020-09-07,26600,350,26900,27750,26600,182697
55,2020-09-08,26450,150,26650,27200,26150,130619
54,2020-09-09,26200,250,25800,26350,25600,98116
50,2020-09-10,26750,550,26550,26750,26000,68305
49,2020-09-11,26600,150,26700,26850,26150,53356
48,2020-09-14,26700,100,26600,27150,26500,76399
47,2020-09-15,26350,350,27050,27050,26050,68417
46,2020-09-16,25900,450,26550,26550,25700,78773
43,2020-09-17,25250,650,25750,26150,24850,171061
42,2020-09-18,26450,1200,25650,26500,25200,136319
41,2020-09-21,26150,300,26550,26750,25650,81881
40,2020-09-22,24950,1200,25950,25950,24950,134569
39,2020-09-23,24700,250,25000,25300,24050,99192
35,2020-09-24,24100,600,24250,24700,23800,101429
34,2020-09-25,24300,200,24250,24650,23800,62525
33,2020-09-28,25000,700,24350,25050,24350,34521
32,2020-09-29,25050,50,25050,25350,24700,37275
31,2020-10-05,25500,450,25200,25500,24900,47710
28,2020-10-06,25800,300,25500,26300,25250,110813
27,2020-10-07,25700,100,25750,26050,25400,48462
26,2020-10-08,25600,100,25750,25850,25450,52111
25,2020-10-12,25650,50,25650,25800,25450,33788
24,2020-10-13,25700,50,25650,25900,25000,48655
20,2020-10-14,24900,800,25700,25800,24900,58017
19,2020-10-15,24200,700,24900,25000,24200,86174
18,2020-10-16,24250,50,24050,24450,24050,31964
17,2020-10-19,24100,150,24200,24650,24100,32616
16,2020-10-20,24100,0,24000,24400,23700,54173
13,2020-10-21,24350,250,24150,24650,24050,27949
12,2020-10-22,24350,0,24400,24450,24050,25948
11,2020-10-23,24100,250,24300,24400,24000,28062
10,2020-10-26,23050,1050,24000,24250,22950,100776
9,2020-10-27,22600,450,22950,23200,22500,57354
5,2020-10-28,23650,1050,22550,23650,22550,38506
4,2020-10-29,23850,200,23000,23850,23000,29142
3,2020-10-30,23500,350,23650,24100,23500,33150
2,2020-11-02,23350,150,23400,23750,23200,22216
1,2020-11-03,24000,650,23500,24050,23400,21868
