,date,close,diff,open,high,low,volume
448,2019-08-16,11300,350,11300,11450,11200,1060967
447,2019-08-19,12400,1100,11500,12400,11400,3046668
446,2019-08-20,12400,0,12300,12450,12100,1868067
445,2019-08-21,12200,200,12250,12400,11950,1659451
444,2019-08-22,11800,400,11900,11950,11650,2702130
440,2019-08-23,11650,150,11750,11950,11550,1304932
439,2019-08-26,10950,700,11200,11400,10900,1731212
438,2019-08-27,11100,150,11350,11600,11000,1536563
437,2019-08-28,11450,350,11050,11500,11050,1027178
436,2019-08-29,11500,50,11550,11600,11300,822323
433,2019-08-30,12150,650,11600,12200,11550,1641810
432,2019-09-02,11700,450,11700,11850,11550,1897484
431,2019-09-03,11900,200,11700,12000,11650,1520188
430,2019-09-04,11900,0,11800,12000,11800,907508
429,2019-09-05,12150,250,12050,12200,11900,1292621
425,2019-09-06,11900,250,12150,12200,11900,726241
424,2019-09-09,11650,250,11950,12000,11600,941216
423,2019-09-10,12750,1100,12350,12850,12100,5815992
422,2019-09-11,12800,50,13150,13300,12550,4925884
421,2019-09-16,14050,1250,13300,14150,13250,8603484
418,2019-09-17,13950,100,13650,14150,13500,3456718
417,2019-09-18,14400,450,13800,14800,13650,6216137
416,2019-09-19,14550,150,14550,14750,14350,2516925
415,2019-09-20,14900,350,14750,14900,14550,3179671
414,2019-09-23,15150,250,15650,15750,15150,4669962
410,2019-09-24,15000,150,14600,15450,14550,5001273
409,2019-09-25,13900,1100,14700,14750,13700,5210499
408,2019-09-26,14050,150,14350,14650,13500,4336407
407,2019-09-27,14000,50,13700,14300,13600,2166487
406,2019-09-30,13700,300,13750,13900,13450,1756561
403,2019-10-01,13400,300,13500,13750,13300,2323896
402,2019-10-02,13900,500,14250,14400,13850,4560397
401,2019-10-04,13750,150,14000,14100,13550,2413645
400,2019-10-07,11650,2100,12150,12250,11400,6273586
399,2019-10-08,11800,150,11600,11950,11550,3055502
395,2019-10-10,11850,50,11650,12100,11650,1806971
394,2019-10-11,11900,50,12000,12050,11850,1199468
393,2019-10-14,12400,500,12050,12500,11900,2419213
392,2019-10-15,12400,0,12300,12500,12250,889382
391,2019-10-16,12450,50,12350,12500,12200,1079604
388,2019-10-17,12150,300,12400,12450,12100,917653
387,2019-10-18,12250,100,12250,12500,12200,1227976
386,2019-10-21,11700,550,12050,12050,11550,1661008
385,2019-10-22,12250,550,11900,12300,11800,1700432
384,2019-10-23,11250,1000,11500,11800,11050,6767891
380,2019-10-24,11500,250,11350,11650,11000,2845107
379,2019-10-25,11400,100,11600,11800,11200,2154097
378,2019-10-28,11350,50,11200,11750,10950,2404909
377,2019-10-29,11750,400,11550,11900,11450,2243804
376,2019-10-30,11450,300,11350,11550,11250,1445496
373,2019-10-31,11400,50,11450,11650,11300,1218962
372,2019-11-01,11600,200,11350,11600,11300,1041005
371,2019-11-04,11650,50,11700,11700,11450,1136891
370,2019-11-05,11900,250,12050,12150,11700,2441326
369,2019-11-06,12150,250,12100,12500,11950,2803669
365,2019-11-07,11900,250,12050,12100,11800,1536778
364,2019-11-08,12500,600,11950,12500,11850,2514788
363,2019-11-11,12150,350,12200,12300,12050,1668777
362,2019-11-12,12150,0,12150,12250,12000,889532
361,2019-11-13,12100,50,12100,12250,12050,989385
358,2019-11-14,12300,200,12150,12350,12050,1168929
357,2019-11-15,11950,350,12150,12350,11500,3050892
356,2019-11-18,12500,550,12300,13050,12200,5596219
355,2019-11-19,12150,350,12300,12450,12000,1809502
354,2019-11-20,11900,250,12200,12250,11750,1653756
350,2019-11-21,11550,350,11850,11950,11400,1515503
349,2019-11-22,11650,100,11500,11750,11350,1633588
348,2019-11-25,11750,100,11650,11800,11500,1042403
347,2019-11-26,11650,100,11700,11850,11600,1080103
346,2019-11-27,11400,250,11650,11650,11300,1281439
343,2019-11-28,11050,350,11300,11350,11000,1472741
342,2019-11-29,10950,100,10950,11250,10900,903344
341,2019-12-02,10450,500,10950,11100,10450,1919379
340,2019-12-03,10750,300,10250,11000,10000,3788969
339,2019-12-04,10300,450,10450,10650,10250,1594733
335,2019-12-05,10200,100,10300,10450,10050,1496624
334,2019-12-06,10550,350,10050,10600,10050,1141674
333,2019-12-09,10400,150,10350,10550,10250,937194
332,2019-12-10,10000,400,10250,10350,9990,1564045
331,2019-12-11,10250,250,10050,10300,10000,1079114
328,2019-12-12,10500,250,10350,10600,10300,1783738
327,2019-12-13,10500,0,10450,10600,10350,1100058
326,2019-12-16,10500,0,10550,10800,10350,2218821
325,2019-12-17,10050,450,10650,10650,10000,2524746
324,2019-12-18,10500,450,10000,10650,9990,2154624
320,2019-12-19,10250,250,10450,10500,10200,1086837
319,2019-12-20,10550,300,10350,10650,10300,1422445
318,2019-12-23,10200,350,10350,10400,10150,1135782
317,2019-12-24,10100,100,10250,10350,10000,1425724
316,2019-12-26,10450,350,10200,10500,10150,1192864
313,2019-12-27,10500,50,10450,10550,10250,1014709
312,2019-12-30,10400,100,10400,10600,10350,969382
311,2020-01-02,10400,0,10400,10450,10250,1010012
310,2020-01-03,10550,150,10500,10650,10400,1656653
309,2020-01-06,10050,500,10450,10450,10050,1800192
305,2020-01-07,10150,100,10150,10300,10050,1509305
304,2020-01-08,9330,820,10100,10150,9310,4103190
303,2020-01-09,10100,770,9730,10250,9670,3017589
302,2020-01-10,10400,300,10250,10500,10050,1468758
301,2020-01-13,10700,300,10200,10900,10100,3444817
298,2020-01-14,10600,100,10800,10850,10450,1574096
297,2020-01-15,11150,550,10600,11550,10500,6136717
296,2020-01-16,10900,250,11200,11200,10650,2752174
295,2020-01-17,10750,150,10900,11150,10650,2410467
294,2020-01-20,10650,100,10700,10850,10450,1478692
290,2020-01-21,10500,150,10800,11250,10500,4142297
289,2020-01-22,10400,100,10400,10550,10250,1280167
288,2020-01-23,10350,50,10450,10450,10200,870979
287,2020-01-28,9770,580,9790,10050,9700,2173376
286,2020-01-29,9810,40,9890,10050,9720,1231979
283,2020-01-30,9400,410,9750,9870,9350,1546128
282,2020-01-31,9070,330,9400,9720,9070,1689933
281,2020-02-03,9100,30,8810,9180,8730,1880710
280,2020-02-04,9400,300,9170,9440,9170,985707
279,2020-02-05,9320,80,9500,9580,9200,1122048
275,2020-02-06,9510,190,9440,9590,9440,830334
274,2020-02-07,9770,260,9590,9790,9470,1133713
273,2020-02-10,9920,150,9900,9990,9670,1290795
272,2020-02-11,9670,250,9640,9710,9560,1060716
271,2020-02-12,9480,190,9660,9660,9400,1106679
268,2020-02-13,9460,20,9480,9630,9360,997641
267,2020-02-14,9520,60,9460,9570,9420,758116
266,2020-02-17,9390,130,9480,9570,9320,9483116
265,2020-02-18,8270,1120,9230,9240,8210,9815176
264,2020-02-19,8030,240,8280,8350,7860,3714268
260,2020-02-20,7700,330,8000,8050,7700,2989605
259,2020-02-21,7600,100,7560,7920,7520,2769988
258,2020-02-24,7000,600,7300,7390,6990,3344427
257,2020-02-25,7420,420,6970,7440,6960,2513424
256,2020-02-26,7320,100,7170,7460,7120,1416034
253,2020-02-27,7120,200,7300,7430,7080,1224194
252,2020-02-28,6850,270,6970,7110,6830,1669750
251,2020-03-02,6970,120,6900,7030,6810,1408838
250,2020-03-03,7100,130,7110,7270,7020,1168707
249,2020-03-04,7260,160,7000,7290,6990,937720
245,2020-03-05,7270,10,7320,7340,7210,1243194
244,2020-03-06,7160,110,7540,7620,7060,3823151
243,2020-03-09,6740,420,6900,6950,6700,1763789
242,2020-03-10,6720,20,6570,6770,6550,1762767
241,2020-03-11,6480,240,6770,6780,6400,1473005
238,2020-03-12,5990,490,6330,6410,5900,2749218
237,2020-03-13,5200,790,5410,5560,4735,6132841
236,2020-03-16,4805,395,5210,5370,4805,3359695
235,2020-03-17,4780,25,4380,4830,4375,3187845
234,2020-03-18,4390,390,4820,5150,4390,4631280
230,2020-03-19,3840,550,4500,4690,3730,4474055
229,2020-03-20,4085,245,3905,4120,3870,3060220
228,2020-03-23,3895,190,3895,4045,3780,2516089
227,2020-03-24,4375,480,4015,4430,3930,2961991
226,2020-03-25,4570,195,4520,4700,4390,3391259
223,2020-03-26,4565,5,4595,4745,4445,5353765
222,2020-03-27,4610,45,4730,4855,4350,4950357
221,2020-03-30,4625,15,4430,4680,4385,1999758
220,2020-03-31,6010,1385,4700,6010,4670,25711525
219,2020-04-01,6050,40,5870,7060,5770,40650904
215,2020-04-02,6350,300,6100,6760,5700,23198110
214,2020-04-03,6410,60,6450,6730,6280,11217339
213,2020-04-06,6720,310,6410,6950,6370,12971796
212,2020-04-07,7150,430,6920,7450,6720,19814212
211,2020-04-08,6930,220,7050,7310,6800,5918020
208,2020-04-09,7000,70,7090,7180,6920,5189162
207,2020-04-10,6810,190,7050,7090,6350,5439123
206,2020-04-13,6800,10,6780,7230,6580,5698582
205,2020-04-14,7940,1140,6940,8400,6930,73566715
204,2020-04-16,10300,2360,8450,10300,8440,83279719
200,2020-04-17,9850,450,10000,10700,9490,41414379
199,2020-04-20,10300,450,10000,11650,9900,57113996
198,2020-04-21,9920,380,10450,11300,8380,46706888
197,2020-04-22,10100,180,9980,10250,9540,19184455
196,2020-04-23,10000,100,10000,10750,9900,16457406
193,2020-04-24,10000,0,10300,10500,9900,13893368
192,2020-04-27,10200,200,10350,10600,10000,13746825
191,2020-04-28,10000,200,10300,10400,9900,7868045
190,2020-04-29,10000,0,10100,10150,9890,4661839
189,2020-05-04,10100,100,10800,10900,10050,9007042
185,2020-05-06,10400,300,10200,10500,10000,6795543
184,2020-05-07,10950,550,10500,11650,10400,28499024
183,2020-05-08,12300,1350,11250,12550,11050,45357478
182,2020-05-11,11050,1250,11700,11800,10950,16795685
181,2020-05-12,10600,450,11000,11200,10350,11275466
178,2020-05-13,10450,150,10250,10750,10150,6743772
177,2020-05-14,10350,100,10300,10750,10250,5475645
176,2020-05-15,10000,350,10400,10450,9960,5292011
175,2020-05-18,9980,20,10000,10250,9870,3425416
174,2020-05-19,10300,320,10150,10700,10050,7416831
170,2020-05-20,10500,200,10250,10600,10150,4361130
169,2020-05-21,10300,200,10650,10700,10250,2602494
168,2020-05-22,10300,0,10350,10550,10150,3328739
167,2020-05-25,10100,200,10150,10200,9980,2371221
166,2020-05-26,10600,500,10100,11350,10000,20746480
163,2020-05-27,10600,0,10700,10900,10400,5777152
162,2020-05-28,10150,450,10650,11000,10150,8517068
161,2020-05-29,10350,200,10100,10400,10050,2921737
160,2020-06-01,10450,100,10400,10650,10350,2700032
159,2020-06-02,10700,250,10500,10850,10450,5403082
155,2020-06-03,10550,150,10800,10800,10500,3176742
154,2020-06-04,10600,50,10400,10800,10300,3603179
153,2020-06-05,10950,350,10650,11200,10550,6760135
152,2020-06-08,10400,550,10600,10750,10300,4920872
151,2020-06-09,10100,300,9750,10200,9750,6686532
148,2020-06-10,9770,330,10000,10050,9770,4466549
147,2020-06-11,9540,230,9850,9960,9420,4003611
146,2020-06-12,9680,140,9040,10150,9020,7626624
145,2020-06-15,8680,1000,9290,9750,8660,6759350
144,2020-06-16,9460,780,9000,9970,8880,10234777
140,2020-06-17,8530,930,8700,8960,8530,9391299
139,2020-06-18,8400,130,8530,8950,8070,15730196
138,2020-06-19,9350,950,8430,10300,8430,68483080
137,2020-06-22,9270,80,9310,9980,8960,19022602
136,2020-06-23,8820,450,9420,9480,8820,6614267
133,2020-06-24,10450,1630,10300,10600,9700,46815064
132,2020-06-25,9970,480,10050,10300,9930,8576348
131,2020-06-26,9600,370,10150,10200,9510,6828635
130,2020-06-29,9450,150,9350,9760,9340,3712616
129,2020-06-30,9650,200,9560,9960,9320,6672109
125,2020-07-01,10050,400,9870,10200,9680,10825856
124,2020-07-02,10150,100,10100,10450,10000,5255884
123,2020-07-03,10950,800,10500,10950,10200,10751467
122,2020-07-06,10750,200,10800,10950,10450,7858378
121,2020-07-07,10350,400,10600,10750,10150,5462214
118,2020-07-08,10400,50,10300,10950,10150,13554645
117,2020-07-09,10250,150,10450,10600,10150,4464320
116,2020-07-10,10100,150,10400,10500,10050,4465554
115,2020-07-13,9990,110,10150,10150,9850,2803016
114,2020-07-14,9920,70,10000,10050,9900,2067028
110,2020-07-15,10100,180,10000,10150,9970,2439951
109,2020-07-16,10050,50,10100,10250,9980,2470093
108,2020-07-17,10350,300,10250,10450,10150,3238603
107,2020-07-20,10350,0,10300,10700,10050,5143810
106,2020-07-21,10550,200,10400,10600,10350,3511407
103,2020-07-22,10550,0,10550,10700,10350,3037657
102,2020-07-23,10150,400,10500,10550,10150,2920227
101,2020-07-24,10100,50,10150,10300,10000,1887903
100,2020-07-27,10250,150,10050,10350,9980,1686368
99,2020-07-28,10250,0,10300,10550,10150,3284133
95,2020-07-29,10350,100,10200,10450,10200,1766016
94,2020-07-30,10350,0,10400,10950,10250,6450211
93,2020-07-31,10400,50,10400,10550,10250,1867135
92,2020-08-03,10450,50,10700,10700,10400,3301464
91,2020-08-04,10400,50,10300,10500,10300,2418605
88,2020-08-05,10350,50,10350,10500,10300,1924119
87,2020-08-06,10650,300,10500,10800,10400,5711665
86,2020-08-07,10350,300,10650,10700,10250,2871266
85,2020-08-10,10200,150,10350,10400,10100,2581591
84,2020-08-11,10200,0,10200,10350,10150,1875807
80,2020-08-12,10000,200,10200,10200,9910,2386176
79,2020-08-13,10250,250,10150,10300,9990,2426394
78,2020-08-14,10300,50,10150,10400,10050,2042325
77,2020-08-18,9280,1020,9900,9970,9210,4533722
76,2020-08-19,9310,30,9280,9570,9210,2154364
73,2020-08-20,8670,640,9260,9380,8620,3529437
72,2020-08-21,9180,510,8850,10100,8850,11412038
71,2020-08-24,9070,110,9050,9140,8820,1892751
70,2020-08-25,9250,180,9150,9360,9040,1829355
69,2020-08-26,9250,0,9250,9330,9120,1504207
65,2020-08-27,8980,270,9200,9220,8910,1907868
64,2020-08-28,9040,60,9030,9450,9010,2851715
63,2020-08-31,9100,60,9080,9270,9060,1218293
62,2020-09-01,9070,30,9040,9150,9010,872254
61,2020-09-02,9080,10,9170,9170,9030,959444
58,2020-09-03,9080,0,9120,9190,8980,1524792
57,2020-09-04,8930,150,8700,8930,8660,1658054
56,2020-09-07,8950,20,8900,9000,8830,1093624
55,2020-09-08,8990,40,8950,9160,8910,1772674
54,2020-09-09,8860,130,8870,8950,8830,1109250
50,2020-09-10,8870,10,8950,8970,8840,949369
49,2020-09-11,9100,230,9180,9460,9030,5284642
48,2020-09-14,9310,210,9160,9500,9070,3890311
47,2020-09-15,9320,10,9350,9460,9110,2628725
46,2020-09-16,9370,50,9510,9960,9310,8559688
43,2020-09-17,9360,10,9420,9580,9310,1669002
42,2020-09-18,9290,70,9400,9480,9180,1332243
41,2020-09-21,8990,300,9230,9300,8930,1421247
40,2020-09-22,8830,160,8990,9100,8800,1390347
39,2020-09-23,8820,10,9000,9080,8700,1392984
35,2020-09-24,8610,210,8700,9050,8600,2113234
34,2020-09-25,9330,720,8490,9770,8040,19921065
33,2020-09-28,9320,10,9100,9940,8970,11732317
32,2020-09-29,9370,50,9460,9500,9320,2433335
31,2020-10-05,9070,300,9010,9210,9000,2383596
28,2020-10-06,8910,160,9120,9160,8840,2094114
27,2020-10-07,8910,0,8870,9000,8810,1333210
26,2020-10-08,8960,50,8960,9080,8920,1227132
25,2020-10-12,9150,190,9420,9510,9130,3467597
24,2020-10-13,9030,120,9170,9180,9000,1246779
20,2020-10-14,8880,150,9030,9100,8860,1211898
19,2020-10-15,8910,30,8910,9170,8810,1625536
18,2020-10-16,8800,110,8930,8970,8750,998666
17,2020-10-19,8730,70,8760,8890,8730,1019101
16,2020-10-20,8620,110,8640,8750,8510,1041984
13,2020-10-21,8760,140,8630,8800,8590,729494
12,2020-10-22,8640,120,8790,8800,8630,603319
11,2020-10-23,8580,60,8640,8880,8490,1210050
10,2020-10-26,8390,190,8540,8780,8390,1555712
9,2020-10-27,8270,120,8270,8480,8220,747455
5,2020-10-28,8380,110,8240,8410,8240,570228
4,2020-10-29,8460,80,8230,8460,8200,649512
3,2020-10-30,8320,140,8500,8500,8300,618952
2,2020-11-02,8290,30,8270,8350,8240,482845
1,2020-11-03,8480,190,8300,8510,8300,870528
