,date,close,diff,open,high,low,volume
448,2019-08-16,4010,80,4020,4070,3800,81230
447,2019-08-19,4240,230,3995,4755,3985,2487815
446,2019-08-20,4275,35,4240,4300,4155,226426
445,2019-08-21,4380,105,4340,4430,4285,295475
444,2019-08-22,4280,100,4700,4795,4280,1014709
440,2019-08-23,4110,170,4210,4270,4100,170924
439,2019-08-26,4050,60,3965,4715,3820,1923036
438,2019-08-27,4320,270,4080,4560,4080,2411463
437,2019-08-28,4255,65,4315,4390,4230,277932
436,2019-08-29,4110,145,4285,4285,4105,181462
433,2019-08-30,4205,95,4110,4365,4110,304717
432,2019-09-02,4220,15,4180,4285,4165,84272
431,2019-09-03,4240,20,4265,4405,4220,247382
430,2019-09-04,4760,520,4215,5100,4215,4002540
429,2019-09-05,4615,145,4780,4850,4605,938615
425,2019-09-06,4720,105,4630,4800,4620,526002
424,2019-09-09,4705,15,4750,4785,4645,273552
423,2019-09-10,4675,30,4715,4765,4640,162839
422,2019-09-11,4570,105,4650,4710,4500,156589
421,2019-09-16,4610,40,4610,4700,4560,65827
418,2019-09-17,4620,10,4500,4885,4500,697859
417,2019-09-18,4620,0,4580,4670,4560,117030
416,2019-09-19,4720,100,4600,4720,4550,120611
415,2019-09-20,4760,40,4720,4855,4700,319543
414,2019-09-23,4780,20,4800,4840,4720,140495
410,2019-09-24,4725,55,4770,4880,4670,186553
409,2019-09-25,4600,125,4725,4750,4570,81463
408,2019-09-26,4420,180,4585,4670,4220,107910
407,2019-09-27,4375,45,4400,4540,4300,55434
406,2019-09-30,4340,35,4355,4430,4210,87950
403,2019-10-01,4400,60,4340,4455,4300,54312
402,2019-10-02,4300,100,4335,4390,4295,42404
401,2019-10-04,4230,70,4265,4330,4185,43331
400,2019-10-07,4160,70,4235,4295,4125,41887
399,2019-10-08,4225,65,4120,4250,4100,41676
395,2019-10-10,4260,35,4180,4275,4105,41097
394,2019-10-11,4315,55,4260,4460,4260,56740
393,2019-10-14,4425,110,4290,4435,4290,39656
392,2019-10-15,4485,60,4425,4600,4425,92578
391,2019-10-16,4635,150,4465,4800,4460,166864
388,2019-10-17,4720,85,4695,4890,4610,223273
387,2019-10-18,4395,325,4990,4990,4395,350512
386,2019-10-21,4215,180,4380,4420,4190,156484
385,2019-10-22,4185,30,4215,4250,4150,108898
384,2019-10-23,4130,55,4190,4280,4120,83904
380,2019-10-24,4025,105,4090,4125,3995,115522
379,2019-10-25,4025,0,4025,4080,3980,51573
378,2019-10-28,4015,10,4025,4085,3990,32874
377,2019-10-29,4030,15,4000,4045,4000,35619
376,2019-10-30,4035,5,4050,4090,4000,55769
373,2019-10-31,4030,5,4090,4090,4005,67283
372,2019-11-01,4015,15,4045,4050,3995,43131
371,2019-11-04,4020,5,4035,4055,3995,38618
370,2019-11-05,4030,10,4080,4080,3990,63051
369,2019-11-06,4005,25,4005,4055,3995,28154
365,2019-11-07,3965,40,4005,4045,3950,55568
364,2019-11-08,3910,55,3970,4025,3910,58701
363,2019-11-11,3800,110,3850,3940,3800,53488
362,2019-11-12,3925,125,3775,3935,3750,64681
361,2019-11-13,3940,15,3960,3965,3900,23029
358,2019-11-14,3885,55,3940,3940,3840,20708
357,2019-11-15,3850,35,3885,3885,3815,28519
356,2019-11-18,3785,65,3850,3850,3720,60557
355,2019-11-19,3705,80,3750,3785,3640,67077
354,2019-11-20,3505,200,3700,3700,3500,114727
350,2019-11-21,3390,115,3505,3580,3330,119336
349,2019-11-22,3420,30,3345,3485,3335,59698
348,2019-11-25,3515,95,3420,3550,3420,41972
347,2019-11-26,3540,25,3510,3695,3500,46693
346,2019-11-27,3485,55,3545,3600,3465,32135
343,2019-11-28,3520,35,3460,3525,3440,30319
342,2019-11-29,3350,170,3550,3550,3300,61105
341,2019-12-02,3350,0,3370,3425,3335,29786
340,2019-12-03,3280,70,3300,3335,3255,45431
339,2019-12-04,3315,35,3310,3365,3260,41231
335,2019-12-05,3130,185,3330,3395,3120,91452
334,2019-12-06,3265,135,3130,3290,3125,50637
333,2019-12-09,3260,5,3265,3305,3230,14668
332,2019-12-10,3270,10,3205,3300,3190,22097
331,2019-12-11,3305,35,3240,3330,3240,22801
328,2019-12-12,3305,0,3305,3380,3300,25477
327,2019-12-13,3390,85,3340,3390,3305,42889
326,2019-12-16,3380,10,3395,3435,3340,28210
325,2019-12-17,3380,0,3340,3415,3340,48571
324,2019-12-18,3385,5,3380,3410,3370,26120
320,2019-12-19,3340,45,3355,3375,3315,17272
319,2019-12-20,3325,15,3345,3360,3320,17361
318,2019-12-23,3215,110,3330,3365,3210,39360
317,2019-12-24,3160,55,3180,3210,3135,33666
316,2019-12-26,3135,25,3165,3200,3100,32808
313,2019-12-27,3190,55,3105,3205,3105,27270
312,2019-12-30,3300,110,3210,3350,3210,61391
311,2020-01-02,3305,5,3330,3330,3215,24997
310,2020-01-03,3370,65,3305,3380,3305,48214
309,2020-01-06,3240,130,3350,3350,3210,34322
305,2020-01-07,3185,55,3210,3250,3185,38387
304,2020-01-08,3005,180,3185,3185,2960,95055
303,2020-01-09,3065,60,3030,3095,3030,55883
302,2020-01-10,3080,15,3135,3190,3070,33172
301,2020-01-13,3155,75,3205,3205,3115,28778
298,2020-01-14,3175,20,3150,3205,3135,33586
297,2020-01-15,4125,950,3205,4125,3205,2645615
296,2020-01-16,4460,335,4720,4880,4210,6868846
295,2020-01-17,4465,5,4565,4770,4390,3873132
294,2020-01-20,4470,5,4455,4605,4335,1571491
290,2020-01-21,4420,50,4400,4500,4400,330516
289,2020-01-22,4440,20,4400,4495,4400,244078
288,2020-01-23,4440,0,4425,4575,4425,460697
287,2020-01-28,4290,150,4175,4335,4070,536736
286,2020-01-29,4950,660,4355,5440,4160,11760201
283,2020-01-30,4990,40,4910,5060,4750,2851472
282,2020-01-31,4505,485,4880,4900,4505,1244647
281,2020-02-03,4500,5,4350,4590,4165,852141
280,2020-02-04,4640,140,4475,4675,4440,626343
279,2020-02-05,4530,110,4630,4675,4530,369764
275,2020-02-06,4565,35,4570,4700,4535,435646
274,2020-02-07,4670,105,4560,5660,4510,10572622
273,2020-02-10,4920,250,4770,5330,4720,6532349
272,2020-02-11,5040,120,4885,5210,4820,2120497
271,2020-02-12,5170,130,5180,5530,5110,4315388
268,2020-02-13,5090,80,5240,5280,4990,1008971
267,2020-02-14,4955,135,5090,5200,4940,744625
266,2020-02-17,4865,90,4745,5000,4740,582764
265,2020-02-18,4630,235,4865,4890,4500,602463
264,2020-02-19,4680,50,4670,5100,4480,1354372
260,2020-02-20,4560,120,4710,4750,4535,288327
259,2020-02-21,4385,175,4490,4505,4330,323294
258,2020-02-24,4160,225,4205,4310,4100,361151
257,2020-02-25,4310,150,4075,4370,4070,214279
256,2020-02-26,4310,0,4200,4445,4190,182865
253,2020-02-27,4090,220,4430,4430,4000,287137
252,2020-02-28,4010,80,3960,4185,3900,294779
251,2020-03-02,4230,220,4025,4255,4000,300963
250,2020-03-03,4145,85,4305,4375,4145,186080
249,2020-03-04,4385,240,4115,4470,4115,342301
245,2020-03-05,4355,30,4450,4565,4340,348683
244,2020-03-06,4300,55,4255,4330,4225,100873
243,2020-03-09,4060,240,4205,4240,4025,187246
242,2020-03-10,4125,65,3965,4125,3815,297644
241,2020-03-11,3850,275,4140,4175,3770,256445
238,2020-03-12,3535,315,3735,3800,3470,353375
237,2020-03-13,3175,360,3185,3300,2780,462364
236,2020-03-16,2900,275,3180,3300,2900,508204
235,2020-03-17,2880,20,2695,2985,2655,293878
234,2020-03-18,2615,265,2895,3000,2610,262920
230,2020-03-19,1920,695,2635,2695,1835,726122
229,2020-03-20,2050,130,1920,2090,1920,440116
228,2020-03-23,1665,385,1890,1920,1645,503240
227,2020-03-24,1790,125,1725,1805,1685,393667
226,2020-03-25,2020,230,1900,2085,1875,552996
223,2020-03-26,2100,80,2120,2265,2020,422029
222,2020-03-27,2275,175,2300,2395,2080,420725
221,2020-03-30,2575,300,2325,2690,2225,815989
220,2020-03-31,2880,305,2700,2950,2620,553324
219,2020-04-01,3000,120,3055,3550,2865,1373978
215,2020-04-02,3060,60,3005,3135,2750,433699
214,2020-04-03,3050,10,3200,3200,2970,336716
213,2020-04-06,3195,145,3055,3195,3005,310064
212,2020-04-07,3260,65,3350,3350,3155,349723
211,2020-04-08,3255,5,3265,3315,3150,248193
208,2020-04-09,3355,100,3390,3725,3225,1471807
207,2020-04-10,3235,120,3320,3360,3170,272817
206,2020-04-13,3045,190,3295,3295,3010,208215
205,2020-04-14,3225,180,3060,3280,3045,294508
204,2020-04-16,3870,645,3540,4190,3455,11707792
200,2020-04-17,3825,45,3940,3945,3655,1512130
199,2020-04-20,3805,20,3830,3870,3730,883025
198,2020-04-21,3595,210,3780,3810,3390,816087
197,2020-04-22,3650,55,3545,3650,3410,568557
196,2020-04-23,3850,200,4300,4320,3735,3543897
193,2020-04-24,3750,100,3845,3895,3720,505508
192,2020-04-27,3900,150,3755,3900,3745,614594
191,2020-04-28,3840,60,3945,3945,3755,732870
190,2020-04-29,3870,30,3850,4040,3790,1060492
189,2020-05-04,3865,5,3825,3890,3750,265204
185,2020-05-06,3895,30,3880,3950,3840,519800
184,2020-05-07,3995,100,3900,4045,3885,897210
183,2020-05-08,4000,5,4000,4030,3940,421249
182,2020-05-11,3915,85,4045,4050,3910,353927
181,2020-05-12,3885,30,3935,3970,3830,271765
178,2020-05-13,3850,35,3815,3885,3800,184116
177,2020-05-14,3775,75,3840,3850,3750,154342
176,2020-05-15,3875,100,3800,3900,3760,190037
175,2020-05-18,3790,85,3840,3860,3735,181306
174,2020-05-19,4015,225,3835,4520,3780,6294266
170,2020-05-20,3955,60,3975,4080,3910,1235939
169,2020-05-21,4200,245,4000,4420,3985,5461665
168,2020-05-22,4055,145,4205,4210,4010,669742
167,2020-05-25,4215,160,4100,4280,4020,1264403
166,2020-05-26,4170,45,4215,4260,4130,505369
163,2020-05-27,4080,90,4210,4230,4075,437550
162,2020-05-28,3885,195,4095,4125,3775,522865
161,2020-05-29,3920,35,3850,4100,3825,324656
160,2020-06-01,4410,490,4040,4670,4005,9851081
159,2020-06-02,4445,35,4705,5220,4360,11425897
155,2020-06-03,4495,50,4425,4865,4295,5695990
154,2020-06-04,4350,145,4505,4595,4330,1019106
153,2020-06-05,4355,5,4330,4510,4250,917443
152,2020-06-08,4375,20,4330,4505,4255,925538
151,2020-06-09,4340,35,4390,4505,4325,409966
148,2020-06-10,4310,30,4285,4460,4250,640517
147,2020-06-11,4310,0,4315,4485,4295,767529
146,2020-06-12,4095,215,4000,4140,3900,545389
145,2020-06-15,3610,485,4095,4120,3610,432270
144,2020-06-16,3925,315,3650,3980,3650,469729
140,2020-06-17,3790,135,3825,3980,3685,321129
139,2020-06-18,3850,60,3845,3890,3710,174626
138,2020-06-19,3835,15,3895,3950,3750,190689
137,2020-06-22,3890,55,3845,3925,3825,181047
136,2020-06-23,3900,10,3895,3955,3810,247954
133,2020-06-24,3950,50,3955,4085,3895,449182
132,2020-06-25,3900,50,3910,3990,3845,172197
131,2020-06-26,4100,200,3980,4295,3945,1910309
130,2020-06-29,3970,130,4000,4080,3930,227844
129,2020-06-30,4010,40,3995,4070,3975,261639
125,2020-07-01,3940,70,4090,4150,3940,225996
124,2020-07-02,4005,65,3985,4020,3920,131467
123,2020-07-03,4005,0,4005,4025,3960,102843
122,2020-07-06,4160,155,4085,4225,4030,369554
121,2020-07-07,4065,95,4130,4245,4050,337998
118,2020-07-08,4125,60,4115,4125,4030,209481
117,2020-07-09,4260,135,4170,4325,4115,759790
116,2020-07-10,4220,40,4290,4305,4135,425329
115,2020-07-13,4595,375,4255,4620,4230,2641298
114,2020-07-14,4230,365,4510,4675,4065,2239768
110,2020-07-15,4130,100,4270,4275,4130,598776
109,2020-07-16,4135,5,4155,4295,4090,549786
108,2020-07-17,4140,5,4155,4220,4115,172298
107,2020-07-20,4055,85,4140,4165,4040,198047
106,2020-07-21,4135,80,4050,4190,4050,301375
103,2020-07-22,4090,45,4145,4165,4070,138774
102,2020-07-23,3965,125,4070,4075,3965,202855
101,2020-07-24,3830,135,3940,3940,3785,324422
100,2020-07-27,3905,75,3870,3940,3870,135697
99,2020-07-28,3890,15,3895,3940,3870,104984
95,2020-07-29,3885,5,3915,3920,3885,96544
94,2020-07-30,3850,35,3920,3920,3850,101318
93,2020-07-31,3865,15,3860,4045,3860,246089
92,2020-08-03,3850,15,3925,3925,3825,91590
91,2020-08-04,3885,35,3855,3905,3850,114176
88,2020-08-05,3850,35,3885,3900,3845,105394
87,2020-08-06,3795,55,3860,3860,3760,176476
86,2020-08-07,3880,85,3780,3885,3765,122889
85,2020-08-10,3875,5,3945,4020,3870,325961
84,2020-08-11,3850,25,3860,3885,3820,123197
80,2020-08-12,3770,80,3850,3870,3750,134506
79,2020-08-13,3775,5,3785,3845,3775,123343
78,2020-08-14,3865,90,3765,3865,3730,231338
77,2020-08-18,3620,245,3810,3820,3580,202452
76,2020-08-19,3590,30,3615,3675,3555,105558
73,2020-08-20,3380,210,3560,3605,3305,180748
72,2020-08-21,3400,20,3430,3480,3335,78924
71,2020-08-24,3320,80,3400,3400,3250,105215
70,2020-08-25,3420,100,3310,3465,3310,95358
69,2020-08-26,3545,125,3430,3550,3370,99132
65,2020-08-27,3475,70,3595,3650,3470,99590
64,2020-08-28,3470,5,3460,3565,3425,81526
63,2020-08-31,3505,35,3470,3560,3460,45665
62,2020-09-01,3530,25,3505,3530,3480,35376
61,2020-09-02,3630,100,3525,3640,3520,150894
58,2020-09-03,3650,20,3605,3740,3605,94614
57,2020-09-04,3720,70,3500,3750,3460,108373
56,2020-09-07,3850,130,3865,3960,3760,488551
55,2020-09-08,3900,50,3905,4200,3850,1669454
54,2020-09-09,3935,35,3895,4040,3765,361907
50,2020-09-10,4005,70,4050,4070,3945,408096
49,2020-09-11,4110,105,4005,4365,3890,1839784
48,2020-09-14,4050,60,4410,4540,4030,3124215
47,2020-09-15,3950,100,4065,4100,3940,374927
46,2020-09-16,4090,140,3980,4205,3920,1290006
43,2020-09-17,4015,75,4110,4185,4015,309139
42,2020-09-18,4030,15,4080,4080,3940,227964
41,2020-09-21,3950,80,4025,4180,3885,405299
40,2020-09-22,3805,145,3955,3970,3730,363264
39,2020-09-23,3780,25,3830,3990,3755,253416
35,2020-09-24,3610,170,3760,3820,3600,179201
34,2020-09-25,3650,40,3615,3850,3610,87114
33,2020-09-28,3835,185,3695,3910,3660,273969
32,2020-09-29,3860,25,3855,3920,3855,77679
31,2020-10-05,3920,60,3890,3960,3865,82921
28,2020-10-06,3900,20,3960,3960,3850,68083
27,2020-10-07,3890,10,3905,3905,3830,64951
26,2020-10-08,3825,65,3925,3925,3810,86864
25,2020-10-12,3835,10,3835,3905,3795,91304
24,2020-10-13,3820,15,3835,3875,3780,92001
20,2020-10-14,3775,45,3805,3840,3720,96150
19,2020-10-15,3690,85,3775,3775,3650,123288
18,2020-10-16,3655,35,3685,3815,3590,153238
17,2020-10-19,3625,30,3620,3675,3615,59412
16,2020-10-20,3745,120,3625,3745,3595,126100
13,2020-10-21,3765,20,3945,4150,3730,1136626
12,2020-10-22,3755,10,3760,3825,3730,93243
11,2020-10-23,3700,55,3760,3760,3700,93966
10,2020-10-26,3595,105,3700,3705,3590,91288
9,2020-10-27,3520,75,3515,3590,3505,71642
5,2020-10-28,3610,90,3520,3650,3520,41713
4,2020-10-29,3560,50,3590,3590,3525,40301
3,2020-10-30,3550,10,3585,3590,3505,32652
2,2020-11-02,3540,10,3515,3595,3515,23857
1,2020-11-03,3560,20,3540,3600,3540,31644
