,date,close,diff,open,high,low,volume
448,2019-08-16,3865,110,3960,3970,3815,116992
447,2019-08-19,3940,75,3880,3960,3875,87922
446,2019-08-20,3970,30,3930,3970,3910,52221
445,2019-08-21,4065,95,3965,4080,3920,130888
444,2019-08-22,4065,0,4090,4090,3995,75892
440,2019-08-23,3990,75,4065,4065,3905,110280
439,2019-08-26,3750,240,3875,3885,3620,261252
438,2019-08-27,3785,35,3750,3785,3685,206314
437,2019-08-28,3815,30,3745,3865,3745,69145
436,2019-08-29,3800,15,3810,3855,3710,116499
433,2019-08-30,3885,85,3850,3885,3800,62286
432,2019-09-02,3905,20,3935,3935,3850,38686
431,2019-09-03,4000,95,3910,4015,3890,85419
430,2019-09-04,4020,20,4005,4030,3985,91735
429,2019-09-05,4080,60,4060,4200,4020,294952
425,2019-09-06,4070,10,4235,4655,3995,1303860
424,2019-09-09,4130,60,4070,4155,4030,177025
423,2019-09-10,4190,60,4150,4220,4095,193179
422,2019-09-11,4195,5,4250,4250,4160,150842
421,2019-09-16,4370,175,4260,4420,4200,557649
418,2019-09-17,4525,155,4475,4630,4325,859217
417,2019-09-18,4500,25,4610,4965,4420,3229333
416,2019-09-19,4370,130,4475,4530,4315,476729
415,2019-09-20,4585,215,4370,4640,4315,831801
414,2019-09-23,4570,15,4720,4790,4550,720152
410,2019-09-24,4510,60,4650,4670,4500,460947
409,2019-09-25,4330,180,4505,4585,4305,311789
408,2019-09-26,4400,70,4345,4620,4320,587185
407,2019-09-27,4315,85,4350,4420,4255,182812
406,2019-09-30,4185,130,4315,4350,4110,197698
403,2019-10-01,4145,40,4260,4265,4140,165074
402,2019-10-02,4235,90,4190,4245,4145,227896
401,2019-10-04,4155,80,4300,4350,4155,221750
400,2019-10-07,4190,35,4120,4220,4090,176931
399,2019-10-08,4220,30,4195,4255,4140,101045
395,2019-10-10,4180,40,4220,4220,4150,67478
394,2019-10-11,4190,10,4160,4330,4135,105517
393,2019-10-14,4350,160,4205,4360,4145,390479
392,2019-10-15,4185,165,4350,4350,4175,231036
391,2019-10-16,4190,5,4185,4225,4175,95369
388,2019-10-17,4195,5,4170,4245,4160,100715
387,2019-10-18,4210,15,4195,4275,4185,100898
386,2019-10-21,4105,105,4230,4230,4095,165766
385,2019-10-22,4020,85,4025,4100,3955,247220
384,2019-10-23,3855,165,3970,3990,3845,267497
380,2019-10-24,3910,55,3840,3915,3815,82646
379,2019-10-25,3920,10,3880,3935,3850,126393
378,2019-10-28,3915,5,3920,3970,3885,84688
377,2019-10-29,4080,165,3870,4095,3865,182810
376,2019-10-30,4095,15,4080,4095,4010,88710
373,2019-10-31,4180,85,4085,4260,4085,254523
372,2019-11-01,4175,5,4185,4220,4085,107045
371,2019-11-04,4065,110,4175,4175,4030,97385
370,2019-11-05,4215,150,4085,4300,4065,226678
369,2019-11-06,4275,60,4205,4290,4190,116556
365,2019-11-07,4200,75,4275,4285,4180,90164
364,2019-11-08,4265,65,4085,4265,4085,133289
363,2019-11-11,4525,260,4265,4560,4130,928319
362,2019-11-12,4415,110,4490,4490,4355,222056
361,2019-11-13,4405,10,4375,4530,4325,283733
358,2019-11-14,4265,140,4365,4400,4225,252785
357,2019-11-15,4275,10,4290,4385,4255,173575
356,2019-11-18,4090,185,4220,4270,4060,339819
355,2019-11-19,4240,150,4115,4255,3965,329818
354,2019-11-20,3930,310,4195,4285,3870,431530
350,2019-11-21,3860,70,3890,3965,3800,410327
349,2019-11-22,3860,0,3860,3890,3725,190935
348,2019-11-25,3930,70,3910,3985,3865,120905
347,2019-11-26,3905,25,3905,3950,3845,223111
346,2019-11-27,3865,40,3925,3930,3825,156214
343,2019-11-28,3880,15,3865,4010,3825,349188
342,2019-11-29,3785,95,3880,3900,3735,210743
341,2019-12-02,3795,10,3745,3865,3720,94362
340,2019-12-03,3770,25,3745,3795,3720,91949
339,2019-12-04,3885,115,3720,3940,3720,291613
335,2019-12-05,3750,135,3985,3985,3650,307020
334,2019-12-06,3780,30,3695,3790,3695,76266
333,2019-12-09,3785,5,3830,3830,3730,91419
332,2019-12-10,3750,35,3720,3775,3700,66307
331,2019-12-11,3760,10,3750,3805,3705,72370
328,2019-12-12,3750,10,3750,3815,3750,68801
327,2019-12-13,3820,70,3760,3840,3755,87426
326,2019-12-16,3810,10,3815,3845,3770,45615
325,2019-12-17,3830,20,3800,3830,3715,108499
324,2019-12-18,3905,75,3830,4020,3770,394811
320,2019-12-19,3865,40,3910,3920,3840,70867
319,2019-12-20,3845,20,3830,3880,3830,40528
318,2019-12-23,3735,110,3865,3875,3725,110721
317,2019-12-24,3745,10,3705,3775,3680,122570
316,2019-12-26,3790,45,3745,3790,3715,74991
313,2019-12-27,3840,50,3790,3845,3765,84400
312,2019-12-30,3915,75,3840,3925,3820,63369
311,2020-01-02,3920,5,3860,3920,3840,90535
310,2020-01-03,3820,100,3875,3910,3800,194653
309,2020-01-06,3740,80,3875,3905,3705,175470
305,2020-01-07,3770,30,3725,3780,3725,67460
304,2020-01-08,3600,170,3760,3760,3525,133734
303,2020-01-09,3790,190,3630,3795,3610,119136
302,2020-01-10,3795,5,3770,3810,3730,44855
301,2020-01-13,3805,10,3810,3845,3765,90961
298,2020-01-14,3820,15,3810,3845,3755,43929
297,2020-01-15,3890,70,3820,3895,3785,207779
296,2020-01-16,3850,40,3890,3905,3800,78893
295,2020-01-17,3860,10,3890,3890,3795,83746
294,2020-01-20,3815,45,3860,3895,3765,90340
290,2020-01-21,3695,120,3785,3825,3670,155694
289,2020-01-22,3695,0,3695,3710,3640,68534
288,2020-01-23,3660,35,3660,3730,3630,136304
287,2020-01-28,3470,190,3605,3605,3435,245103
286,2020-01-29,3470,0,3500,3560,3455,84636
283,2020-01-30,3355,115,3450,3485,3350,129535
282,2020-01-31,3265,90,3350,3520,3240,230672
281,2020-02-03,3300,35,3190,3350,3090,172529
280,2020-02-04,3395,95,3300,3400,3290,114165
279,2020-02-05,3395,0,3400,3475,3260,88337
275,2020-02-06,3400,5,3375,3415,3350,84330
274,2020-02-07,3465,65,3375,3720,3375,986114
273,2020-02-10,4500,1035,3780,4500,3770,7407053
272,2020-02-11,4695,195,4600,4725,4350,9165319
271,2020-02-12,4690,5,4580,4950,4555,5118666
268,2020-02-13,4800,110,4630,4850,4605,3396408
267,2020-02-14,4795,5,4800,5020,4625,3391907
266,2020-02-17,4640,155,4920,4930,4610,2047625
265,2020-02-18,4470,170,4560,4625,4400,1097043
264,2020-02-19,4470,0,4435,4530,4370,867058
260,2020-02-20,4250,220,4430,4435,4185,804099
259,2020-02-21,4180,70,4200,4365,4155,602613
258,2020-02-24,4515,335,4140,4825,4065,5492223
257,2020-02-25,4635,120,4400,4675,4310,2072470
256,2020-02-26,4415,220,4465,4565,4340,857865
253,2020-02-27,4770,355,4415,4770,4350,1879850
252,2020-02-28,4580,190,4600,4675,4485,764451
251,2020-03-02,4635,55,4575,4870,4370,1706103
250,2020-03-03,4600,35,4585,4705,4550,525145
249,2020-03-04,4580,20,4510,4695,4485,653899
245,2020-03-05,4600,20,4935,5340,4600,10712732
244,2020-03-06,4355,245,4530,4530,4245,1171618
243,2020-03-09,4010,345,4245,4250,3985,748129
242,2020-03-10,4065,55,3930,4130,3880,546753
241,2020-03-11,3720,345,4090,4090,3700,574825
238,2020-03-12,3575,145,3615,3790,3485,763893
237,2020-03-13,3195,380,3115,3305,2900,992768
236,2020-03-16,2705,490,3180,3270,2705,1006892
235,2020-03-17,2660,45,2380,2840,2380,791891
234,2020-03-18,2385,275,2705,2760,2370,723146
230,2020-03-19,2075,310,2410,2520,1990,1326892
229,2020-03-20,2270,195,2125,2305,2100,697720
228,2020-03-23,2200,70,2115,2380,2070,647892
227,2020-03-24,2400,200,2280,2450,2250,510802
226,2020-03-25,2490,90,2435,2540,2385,461160
223,2020-03-26,2650,160,2510,2760,2420,706726
222,2020-03-27,2740,90,2705,2835,2490,785961
221,2020-03-30,3525,785,2625,3555,2625,2068013
220,2020-03-31,3590,65,3630,4015,3350,2405516
219,2020-04-01,3405,185,3630,3690,3370,768448
215,2020-04-02,3380,25,3410,3435,3180,721774
214,2020-04-03,3800,420,3460,3990,3440,4821024
213,2020-04-06,3710,90,3785,3900,3505,2536087
212,2020-04-07,3535,175,3765,3785,3405,1018618
211,2020-04-08,3285,250,3565,3570,3285,1171437
208,2020-04-09,3310,25,3320,3400,3140,1054329
207,2020-04-10,3120,190,3295,3320,2970,835612
206,2020-04-13,2975,145,3060,3150,2970,453241
205,2020-04-14,3045,70,3015,3150,2955,635217
204,2020-04-16,3200,155,2745,3200,2745,2632640
200,2020-04-17,3140,60,3235,3240,3090,696648
199,2020-04-20,3200,60,3160,3250,3135,835638
198,2020-04-21,3060,140,3175,3205,2860,962256
197,2020-04-22,2990,70,3000,3025,2905,565209
196,2020-04-23,3140,150,2995,3150,2970,705312
193,2020-04-24,3045,95,3140,3210,3005,884581
192,2020-04-27,3105,60,3120,3160,3080,504791
191,2020-04-28,3020,85,3130,3130,2990,442562
190,2020-04-29,3025,5,3035,3065,3000,323962
189,2020-05-04,3040,15,3065,3095,3000,383461
185,2020-05-06,3100,60,3080,3120,3035,477875
184,2020-05-07,3125,25,3090,3170,3075,495132
183,2020-05-08,3190,65,3155,3220,3130,427073
182,2020-05-11,3175,15,3210,3265,3125,681146
181,2020-05-12,3090,85,3165,3180,3050,271383
178,2020-05-13,3145,55,3030,3145,3015,162232
177,2020-05-14,3060,85,3105,3145,3055,168667
176,2020-05-15,3040,20,3065,3095,3015,176261
175,2020-05-18,2995,45,3025,3040,2960,234747
174,2020-05-19,3090,95,3025,3090,2980,255519
170,2020-05-20,3150,60,3060,3155,3060,201748
169,2020-05-21,3165,15,3200,3200,3115,144129
168,2020-05-22,3075,90,3170,3175,3050,182721
167,2020-05-25,3070,5,3095,3095,3055,99021
166,2020-05-26,3140,70,3065,3155,3045,206974
163,2020-05-27,3165,25,3140,3180,3135,177705
162,2020-05-28,3040,125,3170,3225,2980,651815
161,2020-05-29,3010,30,3010,3065,2975,237643
160,2020-06-01,3105,95,3010,3135,2995,217668
159,2020-06-02,3190,85,3110,3210,3085,327006
155,2020-06-03,3180,10,3200,3235,3140,315237
154,2020-06-04,3265,85,3200,3360,3150,1090881
153,2020-06-05,3280,15,3295,3400,3170,555102
152,2020-06-08,3290,10,3285,3310,3255,349555
151,2020-06-09,3355,65,3310,3355,3230,494590
148,2020-06-10,3320,35,3385,3385,3275,456015
147,2020-06-11,3170,150,3320,3335,3160,280254
146,2020-06-12,3160,10,3050,3170,2900,344919
145,2020-06-15,2950,210,3160,3165,2900,353704
144,2020-06-16,3045,95,2975,3065,2975,137690
140,2020-06-17,3010,35,3065,3065,2975,153837
139,2020-06-18,3010,0,3025,3040,2990,47814
138,2020-06-19,3035,25,3100,3155,3010,442622
137,2020-06-22,2990,45,3035,3065,2980,142678
136,2020-06-23,2965,25,2990,3005,2935,109218
133,2020-06-24,3000,35,3025,3040,2970,84314
132,2020-06-25,2940,60,3000,3005,2940,161402
131,2020-06-26,2980,40,2965,2985,2925,77979
130,2020-06-29,2905,75,2975,2975,2840,92428
129,2020-06-30,2880,25,2895,2920,2820,148412
125,2020-07-01,2945,65,2915,3065,2880,390639
124,2020-07-02,2920,25,2920,2950,2855,139571
123,2020-07-03,2910,10,2895,2920,2875,87078
122,2020-07-06,2960,50,2930,3000,2915,155490
121,2020-07-07,2910,50,2960,2980,2885,112024
118,2020-07-08,2900,10,2890,2935,2875,90927
117,2020-07-09,2875,25,2890,2915,2865,107144
116,2020-07-10,2890,15,2880,2940,2840,122054
115,2020-07-13,2880,10,2905,2920,2850,138226
114,2020-07-14,2900,20,2860,2915,2855,113183
110,2020-07-15,2910,10,2950,2950,2885,98181
109,2020-07-16,2900,10,2910,2935,2875,73454
108,2020-07-17,2880,20,2910,2930,2860,85418
107,2020-07-20,2850,30,2880,2880,2835,93663
106,2020-07-21,2855,5,2840,2890,2840,100169
103,2020-07-22,2875,20,2850,2915,2850,192861
102,2020-07-23,2855,20,2925,2925,2825,210841
101,2020-07-24,2810,45,2835,2865,2795,225586
100,2020-07-27,2880,70,2850,2950,2850,277508
99,2020-07-28,2880,0,2920,2925,2825,74855
95,2020-07-29,2900,20,2900,2940,2850,137763
94,2020-07-30,2900,0,2915,2925,2885,80499
93,2020-07-31,2880,20,2895,2930,2870,70277
92,2020-08-03,2915,35,2865,2915,2840,390336
91,2020-08-04,3045,130,3000,3335,3000,5177077
88,2020-08-05,2975,70,3045,3055,2960,473425
87,2020-08-06,3170,195,3000,3240,2990,1697704
86,2020-08-07,3105,65,3175,3205,3095,395053
85,2020-08-10,3200,95,3300,3445,3200,4823333
84,2020-08-11,3175,25,3210,3285,3155,410002
80,2020-08-12,3160,15,3175,3190,3055,586945
79,2020-08-13,3175,15,3210,3245,3140,351311
78,2020-08-14,3175,0,3200,3200,3110,178035
77,2020-08-18,2985,190,3125,3170,2985,275312
76,2020-08-19,3000,15,2970,3060,2820,157644
73,2020-08-20,2890,110,2955,3000,2850,161399
72,2020-08-21,2945,55,2880,3120,2860,441683
71,2020-08-24,2930,15,2900,2950,2895,119444
70,2020-08-25,3065,135,2935,3120,2935,247230
69,2020-08-26,3125,60,3065,3185,3065,272648
65,2020-08-27,3065,60,3160,3160,3035,160181
64,2020-08-28,3110,45,3055,3135,3040,143325
63,2020-08-31,3190,80,3130,3225,3120,306791
62,2020-09-01,3200,10,3190,3235,3160,140079
61,2020-09-02,3295,95,3220,3320,3165,345463
58,2020-09-03,3255,40,3265,3300,3215,177579
57,2020-09-04,3215,40,3175,3235,3150,143173
56,2020-09-07,3310,95,3170,3320,3170,264001
55,2020-09-08,3280,30,3330,3340,3265,237168
54,2020-09-09,3285,5,3255,3330,3225,127888
50,2020-09-10,3330,45,3300,3355,3270,183894
49,2020-09-11,3300,30,3330,3360,3300,126316
48,2020-09-14,3355,55,3320,3365,3305,171657
47,2020-09-15,3325,30,3375,3375,3325,124685
46,2020-09-16,3480,155,3360,3950,3345,6286256
43,2020-09-17,3455,25,3480,3490,3395,330948
42,2020-09-18,3505,50,3420,3530,3350,660809
41,2020-09-21,3655,150,3465,4090,3430,3563214
40,2020-09-22,3835,180,3620,3875,3450,1645146
39,2020-09-23,3600,235,3800,3805,3560,888402
35,2020-09-24,3470,130,3540,3550,3330,378207
34,2020-09-25,3610,140,3450,3690,3400,292892
33,2020-09-28,3685,75,3610,3740,3585,390696
32,2020-09-29,3715,30,3740,3740,3635,172728
31,2020-10-05,3975,260,3715,4025,3690,1383197
28,2020-10-06,3860,115,3980,4045,3750,500753
27,2020-10-07,3755,105,3785,3935,3745,246966
26,2020-10-08,3815,60,3790,3915,3775,330747
25,2020-10-12,3655,160,3855,3855,3510,1119379
24,2020-10-13,3545,110,3645,3685,3485,451443
20,2020-10-14,3530,15,3545,3625,3490,261280
19,2020-10-15,3555,25,3565,3685,3530,572251
18,2020-10-16,3450,105,3615,3635,3350,347533
17,2020-10-19,3390,60,3505,3505,3350,106370
16,2020-10-20,3395,5,3385,3405,3265,145990
13,2020-10-21,3560,165,3395,3600,3395,284057
12,2020-10-22,3410,150,3560,3560,3405,141181
11,2020-10-23,3410,0,3415,3455,3350,68144
10,2020-10-26,3325,85,3390,3410,3305,102152
9,2020-10-27,3275,50,3280,3300,3170,223284
5,2020-10-28,3430,155,3275,3440,3205,193782
4,2020-10-29,3320,110,3325,3390,3275,85780
3,2020-10-30,3265,55,3335,3380,3255,35704
2,2020-11-02,3260,5,3265,3290,3100,62241
1,2020-11-03,3470,210,3265,3480,3265,237322
