,date,close,diff,open,high,low,volume
448,2016-03-28,4030,170,4200,4295,4015,5141
447,2016-03-29,4255,225,4265,4285,4050,61
446,2016-03-30,4020,235,4020,4260,4005,6501
445,2016-03-31,4055,35,4020,4055,4010,54
444,2016-04-01,4075,20,4055,4075,4055,9
440,2016-04-04,4070,5,4075,4075,4035,20
439,2016-04-05,4070,0,4070,4070,4065,5725
438,2016-04-06,4095,25,4070,4095,4070,116
437,2016-04-07,4095,0,4095,4095,4095,82
436,2016-04-08,4095,0,4095,4095,4050,301
433,2016-04-11,4090,5,4090,4090,4090,110
432,2016-04-12,4000,90,4145,4145,4000,38
431,2016-04-14,4130,130,4000,4130,4000,23
430,2016-04-15,4125,5,4125,4125,4125,0
429,2016-04-18,4390,265,4125,4390,4125,1917
425,2016-04-19,4390,0,4055,4615,4055,76
424,2016-04-20,4125,265,4610,4610,4120,21647
423,2016-04-21,4060,65,4100,4130,4060,388
422,2016-04-22,4150,90,4065,4150,3950,4081
421,2016-04-25,4095,55,4095,4095,4095,0
418,2016-04-26,3985,110,4000,4000,3980,206
417,2016-04-27,3960,25,3980,3980,3900,8
416,2016-04-28,3980,20,3960,3990,3885,75
415,2016-04-29,3975,5,3985,4040,3880,27
414,2016-05-02,3660,315,3980,3980,3600,14324
410,2016-05-03,3730,70,3650,3760,3500,5272
409,2016-05-04,3725,5,3700,3755,3550,7259
408,2016-05-09,3760,35,3635,3760,3635,4761
407,2016-05-10,3785,25,3800,3800,3620,2022
406,2016-05-11,3795,10,3700,3805,3700,6864
403,2016-05-12,3800,5,3800,3985,3800,5843
402,2016-05-13,3945,145,3800,3950,3800,4924
401,2016-05-16,3945,0,3945,3945,3945,0
400,2016-05-17,3900,45,3900,3900,3900,0
399,2016-05-18,3890,10,3890,3890,3890,500
395,2016-05-19,3355,535,3770,3770,3105,6660
394,2016-05-20,3240,115,3355,3385,3115,1226
393,2016-05-23,3305,65,3255,3650,3170,4846
392,2016-05-24,3115,190,3275,3330,3115,3116
391,2016-05-25,3300,185,3165,3395,3155,1898
388,2016-05-26,3335,35,3295,3495,3295,3819
387,2016-05-27,3940,605,3335,3950,3335,11038
386,2016-05-30,4365,425,3990,4495,3990,13156
385,2016-05-31,4380,15,4385,4400,4205,2835
384,2016-06-01,4350,30,4110,4380,4110,2340
380,2016-06-02,4385,35,4400,4400,4300,3786
379,2016-06-03,4380,5,4400,4400,4300,323
378,2016-06-07,4370,10,4305,4370,4305,2012
377,2016-06-08,4350,20,4300,4350,4300,1009
376,2016-06-09,4385,35,4385,4385,4385,700
373,2016-06-10,4665,280,4260,4995,4260,4562
372,2016-06-13,4625,40,4495,4645,4495,1415
371,2016-06-14,4630,5,4630,4630,4630,1
370,2016-06-15,4580,50,4555,4610,4500,3438
369,2016-06-16,4600,20,4550,4600,4550,13704
365,2016-06-17,4590,10,4500,4595,4500,103
364,2016-06-20,4630,40,4630,4630,4630,1
363,2016-06-21,4630,0,4700,4800,4500,9838
362,2016-06-22,4560,70,4795,4800,4510,1955
361,2016-06-23,4670,110,4630,4700,4595,1502
358,2016-06-24,4695,25,4670,4700,4555,2112
357,2016-06-27,4695,0,4695,4695,4695,0
356,2016-06-28,4750,55,4695,4750,4695,2258
355,2016-06-29,4745,5,4745,4745,4745,0
354,2016-06-30,4745,0,4745,4745,4745,4
350,2016-07-01,4785,40,4785,4785,4785,1
349,2016-07-04,4580,205,4580,4580,4580,4
348,2016-07-05,4615,35,4605,4615,4605,2000
347,2016-07-06,4700,85,4700,4700,4700,2000
346,2016-07-07,4700,0,4700,4700,4700,0
343,2016-07-08,4780,80,4795,4795,4655,6203
342,2016-07-11,4780,0,4780,4780,4780,1
341,2016-07-12,4780,0,4780,4780,4780,0
340,2016-07-13,4790,10,4840,4840,4790,4
339,2016-07-14,4715,75,4800,4800,4705,3163
335,2016-07-15,4795,80,4800,4805,4715,9955
334,2016-07-18,4795,0,4795,4795,4795,0
333,2016-07-19,4800,5,4820,4820,4800,6900
332,2016-07-20,4800,0,4800,4800,4800,0
331,2016-07-21,4860,60,4835,4860,4820,10545
328,2016-07-22,4860,0,4860,4860,4860,10
327,2016-07-25,4860,0,4860,4860,4860,0
326,2016-07-26,4850,10,4850,4850,4850,500
325,2016-07-27,4860,10,4860,4860,4860,100
324,2016-07-28,4860,0,4860,4860,4860,0
320,2016-07-29,4900,40,4900,4900,4900,1
319,2016-08-01,4900,0,4900,4900,4900,0
318,2016-08-02,4890,10,4890,4890,4890,0
317,2016-08-03,4850,40,4820,4900,4820,3381
316,2016-08-04,4855,5,4850,4855,4850,1100
313,2016-08-05,4855,0,4855,4855,4855,0
312,2016-08-08,4855,0,4855,4855,4855,0
311,2016-08-09,4855,0,4855,4855,4855,0
310,2016-08-10,4850,5,4850,4850,4850,739
309,2016-08-11,4900,50,4900,4900,4900,1
305,2016-08-12,4900,0,4850,4900,4850,5542
304,2016-08-16,4895,5,4800,4895,4800,1011
303,2016-08-17,4885,10,4885,4885,4885,0
302,2016-08-18,4885,0,4885,4885,4885,0
301,2016-08-19,4885,0,4885,4885,4885,0
298,2016-08-22,4890,5,4700,4890,4700,2504
297,2016-08-23,4890,0,4890,4890,4890,0
296,2016-08-24,4890,0,4890,4890,4890,0
295,2016-08-25,4890,0,4890,4890,4890,0
294,2016-08-26,4880,10,4890,4890,4805,1505
290,2016-08-29,4880,0,4880,4880,4880,0
289,2016-08-30,4850,30,4850,4850,4850,10
288,2016-08-31,4850,0,4850,4850,4850,0
287,2016-09-01,4840,10,4800,4840,4800,3001
286,2016-09-02,4800,40,4800,4830,4790,47498
283,2016-09-05,4875,75,4885,4885,4875,18005
282,2016-09-06,4800,75,4800,4800,4800,1
281,2016-09-07,4880,80,4880,4880,4880,15001
280,2016-09-08,4860,20,4800,4860,4800,201
279,2016-09-09,4845,15,4800,4845,4755,1504
275,2016-09-12,4865,20,4865,4865,4865,78
274,2016-09-13,4860,5,4860,4860,4860,0
273,2016-09-19,4855,5,4855,4855,4855,0
272,2016-09-20,4850,5,4850,4850,4850,0
271,2016-09-21,4850,0,4700,4850,4700,324
268,2016-09-22,4840,10,4790,4840,4790,2101
267,2016-09-23,4795,45,4800,4805,4795,6913
266,2016-09-26,4790,5,4790,4790,4780,4212
265,2016-09-27,4830,40,4800,4830,4800,649
264,2016-09-28,4830,0,4720,4830,4720,40
260,2016-09-29,4830,0,4830,4830,4830,0
259,2016-09-30,4800,30,4800,4800,4800,25559
258,2016-10-04,4800,0,4800,4800,4800,3298
257,2016-10-05,4825,25,4800,4890,4800,11132
256,2016-10-06,4835,10,4860,4860,4825,11450
253,2016-10-07,4775,60,4780,4780,4665,4021
252,2016-10-10,4775,0,4775,4775,4775,0
251,2016-10-11,4775,0,4775,4775,4775,0
250,2016-10-12,4775,0,4775,4775,4775,0
249,2016-10-13,4775,0,4775,4775,4775,0
245,2016-10-14,4775,0,4775,4775,4775,0
244,2016-10-17,4775,0,4775,4775,4775,0
243,2016-10-18,4775,0,4775,4775,4775,0
242,2016-10-19,4775,0,4775,4775,4775,1791
241,2016-10-20,4740,35,4745,4745,4740,5737
238,2016-10-21,4785,45,4730,4785,4700,12301
237,2016-10-24,4785,0,4750,4785,4730,3841
236,2016-10-25,4785,0,4785,4785,4785,0
235,2016-10-26,4785,0,4785,4785,4785,0
234,2016-10-27,4785,0,4785,4785,4785,0
230,2016-10-28,4785,0,4785,4785,4785,0
229,2016-10-31,4785,0,4785,4785,4785,0
228,2016-11-01,4785,0,4785,4785,4785,0
227,2016-11-02,4785,0,4785,4785,4785,0
226,2016-11-03,4785,0,4785,4785,4785,0
223,2016-11-04,4865,80,4865,4865,4865,1
222,2016-11-07,4800,65,4750,4800,4750,1031
221,2016-11-08,4800,0,4750,4800,4750,2819
220,2016-11-09,4800,0,4800,4800,4800,0
219,2016-11-10,4790,10,4750,4790,4750,501
215,2016-11-11,4790,0,4750,4790,4750,1503
214,2016-11-14,4790,0,4790,4790,4790,0
213,2016-11-15,4790,0,4790,4790,4790,0
212,2016-11-16,4790,0,4750,4790,4750,11
211,2016-11-17,4750,40,4750,4750,4750,1
208,2016-11-18,4750,0,4750,4750,4750,5
207,2016-11-21,4730,20,4700,4730,4700,201
206,2016-11-22,4730,0,4730,4730,4730,0
205,2016-11-23,4730,0,4735,4735,4730,8
204,2016-11-24,4730,0,4730,4730,4730,0
200,2016-11-25,4730,0,4730,4730,4730,0
199,2016-11-28,4730,0,4730,4730,4730,65047
198,2016-11-29,4730,0,4730,4730,4730,3
197,2016-11-30,4730,0,4730,4730,4730,0
196,2016-12-01,4730,0,4730,4730,4730,0
193,2016-12-02,4730,0,4730,4730,4730,0
192,2016-12-05,4700,30,4345,4785,4345,35
191,2016-12-06,4775,75,4775,4775,4775,1
190,2016-12-07,4775,0,4500,4775,4500,11
189,2016-12-08,4775,0,4775,4775,4775,0
185,2016-12-09,4730,45,4730,4730,4730,0
184,2016-12-12,4800,70,4800,4800,4800,8
183,2016-12-13,4760,40,4600,4760,4600,9
182,2016-12-14,4760,0,4760,4760,4730,36
181,2016-12-15,4760,0,4760,4760,4760,0
178,2016-12-16,4760,0,4760,4760,4760,0
177,2016-12-19,4785,25,4785,4785,4785,10
176,2016-12-20,4785,0,4785,4785,4785,0
175,2016-12-21,4750,35,4455,4750,4455,1176
174,2016-12-22,4750,0,4750,4750,4750,0
170,2016-12-23,4750,0,4750,4750,4750,0
169,2016-12-26,4750,0,4750,4750,4750,0
168,2016-12-27,4750,0,4750,4750,4750,0
167,2016-12-28,4750,0,4750,4750,4750,0
166,2016-12-29,4765,15,4765,4765,4765,3
163,2017-01-02,4785,20,4785,4785,4700,5
162,2017-01-03,4750,35,4650,4760,4650,2236
161,2017-01-04,4740,10,4740,4740,4740,422
160,2017-01-05,4730,10,4730,4730,4730,869
159,2017-01-06,4730,0,4730,4730,4730,0
155,2017-01-09,4730,0,4730,4730,4730,0
154,2017-01-10,4730,0,4730,4730,4730,0
153,2017-01-11,4730,0,4730,4730,4730,0
152,2017-01-12,4730,0,4730,4730,4730,0
151,2017-01-13,4730,0,4730,4730,4730,0
148,2017-01-16,4730,0,4730,4730,4730,0
147,2017-01-17,4730,0,4730,4730,4730,1000
146,2017-01-18,4730,0,4730,4730,4730,0
145,2017-01-19,4730,0,4730,4730,4730,0
144,2017-01-20,4700,30,4700,4700,4700,1000
140,2017-01-23,4700,0,4705,4705,4700,2491
139,2017-01-24,4800,100,4650,4800,4650,1001
138,2017-01-25,4800,0,4800,4800,4800,0
137,2017-01-26,4750,50,4750,4750,4700,1754
136,2017-01-31,4850,100,4850,4850,4700,362
133,2017-02-01,4850,0,4850,4850,4610,921
132,2017-02-02,4720,130,4600,4720,4600,1683
131,2017-02-03,4730,10,4715,4730,4690,32
130,2017-02-06,4720,10,4720,4720,4685,1763
129,2017-02-07,4730,10,4720,4730,4700,2710
125,2017-02-08,4740,10,4735,4740,4730,77
124,2017-02-09,4770,30,4770,4770,4770,1
123,2017-02-10,4770,0,4770,4770,4770,0
122,2017-02-13,4770,0,4770,4770,4770,0
121,2017-02-14,4660,110,4660,4680,4660,3080
118,2017-02-15,4660,0,4660,4660,4660,0
117,2017-02-16,4680,20,4670,4680,4670,2141
116,2017-02-17,4680,0,4680,4680,4680,0
115,2017-02-20,4805,125,4680,4805,4680,2137
114,2017-02-21,4785,20,4785,4785,4785,0
110,2017-02-22,4795,10,4715,4800,4715,2634
109,2017-02-23,4780,15,4780,4780,4780,0
108,2017-02-24,4820,40,4820,4820,4820,6
107,2017-02-27,4795,25,4795,4795,4795,0
106,2017-02-28,4815,20,4815,4815,4815,1
103,2017-03-02,4815,0,4710,4815,4710,993
102,2017-03-03,4600,215,4505,4800,4505,13
101,2017-03-06,4720,120,4720,4720,4720,720
100,2017-03-07,4835,115,4720,4835,4720,49
99,2017-03-08,4800,35,4670,4800,4670,8
95,2017-03-09,4850,50,4850,4850,4850,9
94,2017-03-10,4820,30,4750,4820,4750,11
93,2017-03-13,4820,0,4820,4820,4820,0
92,2017-03-14,4820,0,4820,4820,4820,0
91,2017-03-15,4790,30,4790,4790,4790,0
88,2017-03-16,4955,165,4820,5000,4805,14813
87,2017-03-17,4920,35,4940,4940,4790,13893
86,2017-03-20,4715,205,4900,4900,4700,24101
85,2017-03-21,4705,10,4700,4780,4695,4080
84,2017-03-22,4710,5,4780,4780,4710,1116
80,2017-03-23,4750,40,4780,4780,4650,513
79,2017-03-24,4750,0,4800,4800,4700,492
78,2017-03-27,4650,100,4700,4700,4650,426
77,2017-03-28,4850,200,4900,4900,4815,25801
76,2017-03-29,4850,0,4850,4850,4820,7973
73,2017-03-30,4850,0,4830,4850,4830,6134
72,2017-03-31,4840,10,4850,4850,4830,12573
71,2017-04-03,4835,5,4845,4845,4830,4778
70,2017-04-04,4865,30,4865,4865,4865,114
69,2017-04-05,4835,30,4840,4840,4835,2783
65,2017-04-06,4825,10,4810,4830,4810,1682
64,2017-04-07,4830,5,4830,4830,4805,4002
63,2017-04-10,4800,30,4885,4885,4800,104
62,2017-04-11,4800,0,4800,4800,4800,0
61,2017-04-12,4800,0,4795,4800,4795,244
58,2017-04-13,4815,15,4800,4815,4800,10893
57,2017-04-14,4815,0,4815,4815,4815,0
56,2017-04-17,4755,60,4730,4755,4730,437
55,2017-04-18,4760,5,4760,4760,4760,0
54,2017-04-19,4765,5,4765,4765,4765,0
50,2017-04-20,4875,110,4875,4875,4875,499
49,2017-04-21,4800,75,4870,4870,4760,625
48,2017-04-24,4800,0,4800,4800,4800,0
47,2017-04-25,4800,0,4800,4800,4800,0
46,2017-04-26,4850,50,4850,4850,4800,3588
43,2017-04-27,4845,5,4800,4845,4800,61
42,2017-04-28,4845,0,4845,4845,4845,0
41,2017-05-02,4845,0,4845,4845,4845,0
40,2017-05-04,4805,40,4805,4805,4805,2
39,2017-05-08,4825,20,4825,4825,4825,1000
35,2017-05-10,4885,60,4840,4885,4840,36103
34,2017-05-11,4885,0,4885,4890,4885,938
33,2017-05-12,4905,20,4890,4905,4890,4304
32,2017-05-15,4960,55,4950,4975,4950,75841
31,2017-05-16,4980,20,4965,4980,4965,20275
28,2017-05-17,4990,10,4980,4990,4980,34492
27,2017-05-18,5000,10,4990,5000,4990,24269
26,2017-05-19,5010,10,5000,5010,5000,102730
25,2017-05-22,5010,0,5010,5010,5010,38715
24,2017-05-23,5010,0,5010,5010,5010,4394
20,2017-05-24,5010,0,5010,5010,5010,6600
19,2017-05-25,5020,10,5020,5020,5020,172038
18,2017-05-26,5020,0,5020,5020,5020,52419
17,2017-05-29,5020,0,0,0,0,0
16,2017-05-30,5020,0,0,0,0,0
13,2017-05-31,5020,0,0,0,0,0
12,2017-06-01,5020,0,0,0,0,0
11,2017-06-02,5020,0,0,0,0,0
10,2017-06-05,5020,0,0,0,0,0
9,2017-06-07,5020,0,0,0,0,0
5,2017-06-08,5020,0,0,0,0,0
4,2017-06-09,5020,0,0,0,0,0
3,2017-06-12,5020,0,0,0,0,0
2,2017-06-13,5020,0,0,0,0,0
