,date,close,diff,open,high,low,volume
448,2019-08-16,32750,600,32700,33500,32250,41565
447,2019-08-19,34100,1350,33000,34400,32950,43030
446,2019-08-20,35450,1350,34150,35850,33750,78776
445,2019-08-21,39600,4150,35400,40750,34950,159812
444,2019-08-22,39950,350,39600,43000,39150,171362
440,2019-08-23,38400,1550,39500,40650,38400,72525
439,2019-08-26,35150,3250,36500,37500,35150,97717
438,2019-08-27,35700,550,36000,36750,35350,53650
437,2019-08-28,39000,3300,35600,39300,35250,118236
436,2019-08-29,38700,300,39000,40000,37750,89926
433,2019-08-30,40200,1500,39800,40800,39300,79222
432,2019-09-02,41500,1300,40400,41800,39400,75358
431,2019-09-03,40950,550,41000,41800,40700,48932
430,2019-09-04,41600,650,41000,41600,40550,36625
429,2019-09-05,41100,500,41800,42300,40950,69617
425,2019-09-06,40950,150,41500,41700,40750,36760
424,2019-09-09,42000,1050,41500,44000,41200,87360
423,2019-09-10,40800,1200,42400,42950,40700,47112
422,2019-09-11,41700,900,40600,42400,40500,57316
421,2019-09-16,42850,1150,42200,42950,41050,54448
418,2019-09-17,42950,100,42350,44300,41950,83866
417,2019-09-18,42250,700,43100,43100,42150,47912
416,2019-09-19,41550,700,42150,43200,41400,52761
415,2019-09-20,41150,400,41300,42450,41150,35891
414,2019-09-23,41000,150,41150,41600,40750,33488
410,2019-09-24,40800,200,39000,42750,38900,64934
409,2019-09-25,39100,1700,40850,41450,39000,80457
408,2019-09-26,39950,850,39400,41350,39150,64315
407,2019-09-27,38500,1450,39850,40500,37800,70852
406,2019-09-30,38650,150,39050,39950,38000,50918
403,2019-10-01,41350,2700,38700,41350,38600,87731
402,2019-10-02,40050,1300,40300,41250,40050,41093
401,2019-10-04,41300,1250,40100,42700,39200,83641
400,2019-10-07,44950,3650,42550,44950,42000,180037
399,2019-10-08,42650,2300,45100,45600,42100,171900
395,2019-10-10,42000,650,42200,42400,41350,67508
394,2019-10-11,41750,250,42150,43300,41750,70609
393,2019-10-14,42400,650,42750,43250,42100,82906
392,2019-10-15,41950,450,42650,43050,41900,66254
391,2019-10-16,42250,300,42150,43100,41850,59501
388,2019-10-17,41050,1200,42400,42750,40650,66819
387,2019-10-18,40250,800,41250,41600,39950,54531
386,2019-10-21,40150,100,40700,40750,40050,41889
385,2019-10-22,44800,4650,40200,48000,40150,469596
384,2019-10-23,51300,6500,45350,52600,45100,725612
380,2019-10-24,51100,200,52400,52700,48300,294009
379,2019-10-25,48400,2700,50500,51100,48300,154905
378,2019-10-28,48000,400,47950,50600,47950,126167
377,2019-10-29,47200,800,48750,48900,47200,80265
376,2019-10-30,47050,150,47600,49050,46200,95083
373,2019-10-31,48350,1300,47250,49400,47250,110025
372,2019-11-01,49500,1150,48650,49500,47250,81141
371,2019-11-04,49300,200,49950,50500,49150,116874
370,2019-11-05,52000,2700,49300,52600,49300,204313
369,2019-11-06,51900,100,52600,54200,50900,148126
365,2019-11-07,51500,400,52000,53200,51200,102432
364,2019-11-08,49600,1900,51800,52200,49450,97163
363,2019-11-11,48250,1350,49400,50200,48100,68808
362,2019-11-12,47050,1200,48000,48450,45700,140170
361,2019-11-13,44650,2400,47500,47500,44550,120620
358,2019-11-14,44650,0,44650,46100,44600,108463
357,2019-11-15,47000,2350,44300,47000,43950,128016
356,2019-11-18,46350,650,47100,47350,45650,78528
355,2019-11-19,45000,1350,46050,46450,44700,73215
354,2019-11-20,43800,1200,44550,46100,43700,71769
350,2019-11-21,41550,2250,43650,44350,41300,100035
349,2019-11-22,40850,700,41500,42600,40400,105328
348,2019-11-25,42750,1900,41400,42900,41400,47111
347,2019-11-26,43300,550,43350,43550,42250,50035
346,2019-11-27,42750,550,43300,43600,42400,28452
343,2019-11-28,41300,1450,42450,43050,41300,46470
342,2019-11-29,41300,0,41350,42500,41000,36003
341,2019-12-02,42600,1300,41400,44200,41400,105752
340,2019-12-03,40650,1950,42500,42600,40400,95660
339,2019-12-04,40100,550,40400,41000,39900,76011
335,2019-12-05,39200,900,40600,41300,38550,72138
334,2019-12-06,39850,650,38900,40600,38900,56694
333,2019-12-09,39750,100,40100,40800,39200,71522
332,2019-12-10,40800,1050,39500,41350,39500,84720
331,2019-12-11,40000,800,40350,40600,39350,83652
328,2019-12-12,39450,550,40000,40400,39450,118717
327,2019-12-13,39900,450,40000,40350,39750,82410
326,2019-12-16,39800,100,40050,40150,39650,41881
325,2019-12-17,40150,350,39800,40350,39700,55615
324,2019-12-18,39400,750,40150,40150,39300,54979
320,2019-12-19,39950,550,39400,40500,39400,70295
319,2019-12-20,39800,150,40000,40100,39200,50022
318,2019-12-23,39950,150,39700,40500,39700,62555
317,2019-12-24,39100,850,40250,40250,38900,124109
316,2019-12-26,40050,950,39300,40050,38800,79550
313,2019-12-27,40400,350,40050,40650,39850,160179
312,2019-12-30,42900,2500,40850,42900,40650,136553
311,2020-01-02,42150,750,43500,43500,42050,114872
310,2020-01-03,41300,850,42200,42700,41200,75862
309,2020-01-06,39800,1500,40350,40800,39600,88564
305,2020-01-07,41050,1250,40000,41400,39750,61677
304,2020-01-08,38700,2350,40800,40800,38500,107887
303,2020-01-09,39950,1250,39800,40200,39400,53172
302,2020-01-10,40300,350,40800,40800,39750,42669
301,2020-01-13,39950,350,40500,40700,39900,48473
298,2020-01-14,39450,500,40050,40550,39450,67577
297,2020-01-15,39500,50,39800,40100,39450,37190
296,2020-01-16,40050,550,39500,40750,39500,54420
295,2020-01-17,39700,350,40150,40400,39600,34951
294,2020-01-20,38800,900,39700,39900,38800,75804
290,2020-01-21,37350,1450,38350,39000,36650,134338
289,2020-01-22,37700,350,37300,37900,37100,44096
288,2020-01-23,36950,750,37700,37700,36700,51061
287,2020-01-28,34300,2650,35000,35250,34050,113506
286,2020-01-29,35000,700,34600,35300,34450,48291
283,2020-01-30,33400,1600,34950,35200,33300,51107
282,2020-01-31,33800,400,33550,34950,33450,52210
281,2020-02-03,33800,0,32800,34200,32600,37131
280,2020-02-04,35150,1350,34000,35150,33300,39416
279,2020-02-05,35000,150,35000,35800,34700,35037
275,2020-02-06,37400,2400,35200,37550,35200,61460
274,2020-02-07,37950,550,37000,38800,36500,68290
273,2020-02-10,38200,250,37900,38800,37750,36820
272,2020-02-11,38600,400,37850,38850,37800,35829
271,2020-02-12,37800,800,38300,38700,37550,38014
268,2020-02-13,36900,900,38100,38150,36650,53977
267,2020-02-14,36250,650,36900,37450,36200,36215
266,2020-02-17,35000,1250,36200,36450,34700,57593
265,2020-02-18,34400,600,34800,35350,34250,37219
264,2020-02-19,34550,150,34500,35050,34000,36347
260,2020-02-20,35750,1200,34700,36050,34550,51828
259,2020-02-21,35100,650,34950,36050,34300,42581
258,2020-02-24,32700,2400,34100,34850,32600,66464
257,2020-02-25,33550,850,32500,33600,31950,42670
256,2020-02-26,34450,900,32700,34750,32100,48565
253,2020-02-27,33900,550,34200,35350,33150,48464
252,2020-02-28,32400,1500,33450,34100,32000,59614
251,2020-03-02,33650,1250,32400,33650,32000,40434
250,2020-03-03,34350,700,33950,34750,33400,42095
249,2020-03-04,36000,1650,34000,36600,34000,69923
245,2020-03-05,36900,900,36700,37150,35700,80756
244,2020-03-06,36400,500,36350,37650,35450,78842
243,2020-03-09,34200,2200,36000,36000,33850,59473
242,2020-03-10,37050,2850,33950,37600,33950,190026
241,2020-03-11,33400,3650,36850,36850,33150,139767
238,2020-03-12,29900,3500,33300,33900,29650,140622
237,2020-03-13,27100,2800,28150,28750,23550,188125
236,2020-03-16,25400,1700,27900,28600,25400,125337
235,2020-03-17,33000,7600,24000,33000,23950,709748
234,2020-03-18,29950,3050,33750,35600,29950,1130922
230,2020-03-19,25150,4800,30700,31650,24800,375280
229,2020-03-20,27950,2800,30050,30500,26800,578137
228,2020-03-23,25850,2100,26700,26900,25300,227236
227,2020-03-24,28000,2150,26500,29450,26150,433972
226,2020-03-25,33450,5450,29000,36200,27600,1347061
223,2020-03-26,33000,450,34000,34700,31850,1218704
222,2020-03-27,32200,800,33900,35750,30000,1056614
221,2020-03-30,33650,1450,32700,34450,31650,478095
220,2020-03-31,37350,3700,34550,39150,34000,1726008
219,2020-04-01,34800,2550,38150,38850,34800,705195
215,2020-04-02,33900,900,34550,35100,32550,295885
214,2020-04-03,32800,1100,34200,34400,32450,331686
213,2020-04-06,34500,1700,33850,34500,33200,291788
212,2020-04-07,35850,1350,35100,35850,33600,404794
211,2020-04-08,35750,100,35850,36850,34450,340830
208,2020-04-09,35650,100,36000,36200,35000,169388
207,2020-04-10,37300,1650,35750,37850,33750,592988
206,2020-04-13,37600,300,38550,41000,37350,1222457
205,2020-04-14,37800,200,38000,38950,35950,525699
204,2020-04-16,37650,150,37400,37850,36400,188174
200,2020-04-17,37600,50,38150,38500,37200,171524
199,2020-04-20,38350,750,37600,39500,37250,384257
198,2020-04-21,36450,1900,38300,38350,34250,406889
197,2020-04-22,36700,250,35600,37300,35400,170136
196,2020-04-23,37700,1000,41950,43000,37700,1181842
193,2020-04-24,36050,1650,37100,38200,35750,317715
192,2020-04-27,36500,450,36450,39850,35800,572323
191,2020-04-28,35900,600,36850,36900,35600,168504
190,2020-04-29,35050,850,35600,35950,34900,140992
189,2020-05-04,34300,750,34600,35350,34300,96678
185,2020-05-06,35200,900,34350,35250,34350,87450
184,2020-05-07,35250,50,35150,35950,35050,83085
183,2020-05-08,35700,450,35300,36050,35300,72799
182,2020-05-11,35400,300,36000,36200,35100,98036
181,2020-05-12,35500,100,35500,36000,35250,67070
178,2020-05-13,34900,600,35050,35550,34650,97968
177,2020-05-14,34800,100,34700,35750,34300,105478
176,2020-05-15,34150,650,34850,35500,33800,116526
175,2020-05-18,34200,50,34000,35050,32800,184552
174,2020-05-19,33700,500,33900,34500,33550,100563
170,2020-05-20,43800,10100,33800,43800,33650,2900612
169,2020-05-21,53700,9900,52400,56900,49500,5324297
168,2020-05-22,54200,500,52100,55100,50700,1141843
167,2020-05-25,53100,1100,55000,55500,51700,704362
166,2020-05-26,61500,8400,53100,64800,52100,3048867
163,2020-05-27,63500,2000,60500,69900,60000,1729004
162,2020-05-28,63400,100,64900,65800,60200,744049
161,2020-05-29,63400,0,64200,66400,62400,459318
160,2020-06-01,66800,3400,62800,69900,61400,1125818
159,2020-06-02,74900,8100,67600,81400,67100,2849240
155,2020-06-03,73500,1400,74900,80000,70000,927365
154,2020-06-04,73500,0,75000,77000,72700,441081
153,2020-06-05,76200,2700,72700,77200,72700,511977
152,2020-06-08,73100,3100,76200,76200,72500,363255
151,2020-06-09,72300,800,72500,72900,69600,439160
148,2020-06-10,72600,300,71000,74500,70000,316042
147,2020-06-11,77600,5000,82000,87000,75100,936640
146,2020-06-12,74500,3100,71500,76700,71200,413702
145,2020-06-15,66800,7700,74000,74500,66400,461521
144,2020-06-16,71400,4600,69100,75800,68200,747613
140,2020-06-17,70200,1200,69200,71400,68200,241229
139,2020-06-18,72400,2200,72200,73000,69000,230655
138,2020-06-19,71000,1400,72500,73400,70000,230146
137,2020-06-22,74000,3000,71100,76400,70000,406602
136,2020-06-23,72000,2000,75300,76300,72000,331421
133,2020-06-24,70900,1100,73000,73600,69700,354656
132,2020-06-25,78900,8000,70300,82800,70100,1830484
131,2020-06-26,76000,2900,80500,81300,74200,498315
130,2020-06-29,71800,4200,74200,75000,71000,315948
129,2020-06-30,70500,1300,72500,73100,68200,272196
125,2020-07-01,66500,4000,71100,71300,64500,265506
124,2020-07-02,66700,200,66900,68900,66200,161839
123,2020-07-03,70000,3300,67900,70400,66000,177252
122,2020-07-06,67800,2200,69500,69900,67500,106774
121,2020-07-07,67000,800,67700,67800,66100,121098
118,2020-07-08,65400,1600,67600,68000,64700,152390
117,2020-07-09,62500,2900,66200,67000,61300,260455
116,2020-07-10,61500,1000,62900,63400,60000,195838
115,2020-07-13,62000,500,61400,63200,59500,172470
114,2020-07-14,62900,900,61900,63900,61200,119097
110,2020-07-15,63000,100,66800,67800,62900,452003
109,2020-07-16,60800,2200,63400,63700,60500,145688
108,2020-07-17,60800,0,61000,61900,60300,85104
107,2020-07-20,61200,400,60900,61600,58900,153584
106,2020-07-21,63000,1800,61900,64800,61200,216789
103,2020-07-22,63200,200,63500,64300,61800,105165
102,2020-07-23,66900,3700,63900,68100,62200,407082
101,2020-07-24,66800,100,66000,71000,65100,422323
100,2020-07-27,67000,200,67600,68100,65500,146981
99,2020-07-28,68200,1200,68300,70800,66700,265957
95,2020-07-29,65300,2900,67800,68200,65000,134790
94,2020-07-30,65300,0,65600,66600,63000,149549
93,2020-07-31,66300,1000,65000,67700,64500,136003
92,2020-08-03,65200,1100,66000,67200,64400,117365
91,2020-08-04,71000,5800,65300,73700,64500,695399
88,2020-08-05,70900,100,71200,72500,69100,245826
87,2020-08-06,71200,300,72700,73300,70000,227710
86,2020-08-07,71800,600,71800,75000,71000,293684
85,2020-08-10,75000,3200,71600,75300,70300,364125
84,2020-08-11,74000,1000,75900,77200,72300,260999
80,2020-08-12,68000,6000,72500,72600,66300,462136
79,2020-08-13,66400,1600,68000,68900,64000,233802
78,2020-08-14,61600,4800,66000,66400,61400,242912
77,2020-08-18,58100,3500,60000,62400,58100,205176
76,2020-08-19,60500,2400,59200,62300,59000,139714
73,2020-08-20,59700,800,60500,63100,59200,160044
72,2020-08-21,59800,100,60200,61000,58700,77693
71,2020-08-24,63100,3300,60800,63100,59000,137648
70,2020-08-25,64600,1500,63100,65800,63100,142907
69,2020-08-26,64400,200,65600,65600,62600,146346
65,2020-08-27,61100,3300,64900,66000,60600,194250
64,2020-08-28,60800,300,61000,63300,60200,132277
63,2020-08-31,60200,600,60800,62000,59500,118395
62,2020-09-01,60700,500,60000,60900,59500,102308
61,2020-09-02,60900,200,60700,62100,59700,116219
58,2020-09-03,63500,2600,61100,63500,61000,142884
57,2020-09-04,61100,2400,61000,62400,60500,140648
56,2020-09-07,60400,700,61200,61300,60000,101485
55,2020-09-08,59500,900,60500,61200,59400,112233
54,2020-09-09,57100,2400,59000,59600,57100,116394
50,2020-09-10,58500,1400,57600,58500,57000,86894
49,2020-09-11,58600,100,58400,58600,56600,91172
48,2020-09-14,58100,500,58600,59000,57300,65218
47,2020-09-15,59700,1600,59000,60800,57900,135602
46,2020-09-16,58700,1000,60200,60300,58400,74206
43,2020-09-17,56500,2200,58700,58700,56400,139942
42,2020-09-18,56700,200,56400,57500,56000,66207
41,2020-09-21,53300,3400,56100,57000,53300,148187
40,2020-09-22,51300,2000,53300,54200,51000,109270
39,2020-09-23,51500,200,52100,53000,49500,92498
35,2020-09-24,47350,4150,50900,50900,47150,156593
34,2020-09-25,50200,2850,48400,52900,47400,178730
33,2020-09-28,53500,3300,50200,53900,50100,83239
32,2020-09-29,52500,1000,53600,54000,49300,79801
31,2020-10-05,52600,100,53000,54400,52000,49772
28,2020-10-06,52700,100,52700,53300,52000,49332
27,2020-10-07,52400,300,52800,53400,51900,42798
26,2020-10-08,52600,200,53400,53700,52100,38724
25,2020-10-12,52300,300,52400,53000,51500,57817
24,2020-10-13,51300,1000,52200,52900,51300,46437
20,2020-10-14,51600,300,51300,54300,49950,195707
19,2020-10-15,49500,2100,52000,52000,48850,94585
18,2020-10-16,47950,1550,49500,52000,47600,78455
17,2020-10-19,47950,0,48100,50300,47800,62030
16,2020-10-20,48500,550,47500,48850,46050,106752
13,2020-10-21,50000,1500,49350,50200,48000,61802
12,2020-10-22,46550,3450,49600,49600,46550,101227
11,2020-10-23,45450,1100,47300,47500,45150,62073
10,2020-10-26,42400,3050,45550,46000,42400,134788
9,2020-10-27,42850,450,42000,44200,41800,99554
5,2020-10-28,44500,1650,42900,44550,42450,82000
4,2020-10-29,45800,1300,43500,45900,43200,80316
3,2020-10-30,43900,1900,45900,45900,43600,64970
2,2020-11-02,43900,0,43700,44950,43150,40113
1,2020-11-03,45000,1100,44050,46800,43950,107054
