,date,close,diff,open,high,low,volume
448,2019-08-16,34500,250,33900,35300,33600,25281
447,2019-08-19,34600,100,34750,35500,34300,13043
446,2019-08-20,35650,1050,34650,35900,34350,28673
445,2019-08-21,36500,850,35800,36900,35300,32673
444,2019-08-22,36750,250,37350,37650,36150,39977
440,2019-08-23,36200,550,36250,36900,35850,22462
439,2019-08-26,34000,2200,35000,35550,33950,32462
438,2019-08-27,33600,400,34300,34900,33400,26977
437,2019-08-28,37400,3800,33650,38900,33200,172660
436,2019-08-29,39700,2300,37300,43750,37200,276489
433,2019-08-30,38450,1250,40000,40700,38450,100922
432,2019-09-02,38950,500,38250,39300,38100,35287
431,2019-09-03,38800,150,39000,39700,38500,44499
430,2019-09-04,38800,0,38450,39400,38300,27675
429,2019-09-05,38400,400,39000,39150,37800,52342
425,2019-09-06,38000,400,38400,38500,37300,36128
424,2019-09-09,38100,100,38000,39950,37550,71868
423,2019-09-10,36700,1400,38200,38500,36700,36013
422,2019-09-11,38000,1300,36900,38750,36400,52076
421,2019-09-16,38600,600,38550,38850,37650,18114
418,2019-09-17,40150,1550,38600,40300,38100,72908
417,2019-09-18,39150,1000,39950,40750,39100,43854
416,2019-09-19,38400,750,39550,39800,38050,45923
415,2019-09-20,38850,450,38600,38850,37850,17524
414,2019-09-23,38850,0,38750,40000,38450,59963
410,2019-09-24,39400,550,38000,41500,37700,150126
409,2019-09-25,39050,350,39400,40700,39050,56651
408,2019-09-26,38250,800,39500,40300,38200,40028
407,2019-09-27,37550,700,38150,38500,36900,48113
406,2019-09-30,36450,1100,38300,38750,35650,43856
403,2019-10-01,39800,3350,36450,40350,35650,101587
402,2019-10-02,39800,0,39200,41100,38700,78075
401,2019-10-04,39300,500,40500,41600,39300,69624
400,2019-10-07,41800,2500,40550,44500,40200,450133
399,2019-10-08,41350,450,42650,42700,40500,140137
395,2019-10-10,40100,1250,41200,41550,39800,77346
394,2019-10-11,40050,50,39950,40950,39900,50237
393,2019-10-14,39650,400,40500,42450,39600,120138
392,2019-10-15,40050,400,39900,40300,39450,52384
391,2019-10-16,39850,200,40300,40450,39450,57302
388,2019-10-17,39800,50,39900,40550,39650,45832
387,2019-10-18,38700,1100,39800,40500,38650,45709
386,2019-10-21,38000,700,39050,39400,37700,44778
385,2019-10-22,38150,150,37900,39500,37700,71250
384,2019-10-23,40150,2000,38650,40150,38350,122552
380,2019-10-24,39700,450,40450,40550,38500,83359
379,2019-10-25,37200,2500,39700,39700,36950,158672
378,2019-10-28,36450,750,37600,37600,36100,74258
377,2019-10-29,35900,550,36850,36850,35550,110425
376,2019-10-30,35900,0,35900,36700,35100,79267
373,2019-10-31,35900,0,36400,36400,35700,40832
372,2019-11-01,36950,1050,35900,36950,35700,53706
371,2019-11-04,37050,100,37100,37600,36800,48524
370,2019-11-05,39850,2800,37100,40200,36950,243632
369,2019-11-06,40800,950,40450,41900,40000,304958
365,2019-11-07,41500,700,40850,42150,40450,136489
364,2019-11-08,39950,1550,42000,42050,39800,83145
363,2019-11-11,40200,250,39950,40950,39800,45940
362,2019-11-12,39450,750,40200,40600,39250,61147
361,2019-11-13,39250,200,39200,40400,38650,54945
358,2019-11-14,38850,400,39300,39800,38700,56300
357,2019-11-15,38150,700,38950,39100,36700,161312
356,2019-11-18,37600,550,38100,38200,36700,51678
355,2019-11-19,37150,450,37600,37950,36950,28019
354,2019-11-20,36550,600,37200,37900,36250,53158
350,2019-11-21,34950,1600,36300,36900,34800,88819
349,2019-11-22,33850,1100,35250,35350,33500,84927
348,2019-11-25,35800,1950,34050,37450,34050,135314
347,2019-11-26,35850,50,36400,36450,35400,41232
346,2019-11-27,35800,50,35500,36100,35250,32192
343,2019-11-28,35950,150,35700,36400,35300,31009
342,2019-11-29,35050,900,35950,36300,34850,37467
341,2019-12-02,35350,300,35100,36300,35000,51246
340,2019-12-03,35350,0,35100,35450,34400,36283
339,2019-12-04,35500,150,35200,36200,34850,38559
335,2019-12-05,35000,500,35550,35850,34400,44221
334,2019-12-06,36450,1450,34850,36500,34850,52641
333,2019-12-09,37250,800,36500,37350,36100,61464
332,2019-12-10,38200,950,37050,38700,36550,107516
331,2019-12-11,37800,400,38550,38950,37600,54431
328,2019-12-12,37900,100,37800,38300,37450,34089
327,2019-12-13,37200,700,37900,38250,36850,55944
326,2019-12-16,36450,750,37250,37800,36200,37669
325,2019-12-17,36500,50,36300,37100,36250,31227
324,2019-12-18,36250,250,36500,36950,36000,36952
320,2019-12-19,36800,550,36250,37150,36050,49445
319,2019-12-20,36850,50,36800,37350,36050,45497
318,2019-12-23,36700,150,36900,37800,36450,57048
317,2019-12-24,35950,750,36800,37000,35450,58089
316,2019-12-26,36600,650,36000,36650,35750,46883
313,2019-12-27,38150,1550,36600,38400,36450,112818
312,2019-12-30,40100,1950,38650,40200,38350,144506
311,2020-01-02,39950,150,41000,41050,39300,87199
310,2020-01-03,39300,650,39950,40200,39000,76999
309,2020-01-06,37650,1650,38250,38700,37350,73075
305,2020-01-07,37500,150,38150,38350,37300,59764
304,2020-01-08,35200,2300,37200,37200,35000,125577
303,2020-01-09,36000,800,36050,36450,35450,87156
302,2020-01-10,35900,100,36000,36200,35550,43446
301,2020-01-13,36750,850,36000,36850,35650,45343
298,2020-01-14,36300,450,36750,37000,36150,47000
297,2020-01-15,36300,0,36300,36650,36050,26379
296,2020-01-16,36400,100,36200,36750,36100,34975
295,2020-01-17,35950,450,36600,36650,35700,52839
294,2020-01-20,35400,550,36000,36300,35200,76547
290,2020-01-21,34400,1000,35400,35800,34350,84689
289,2020-01-22,34450,50,34300,35000,34300,44216
288,2020-01-23,33800,650,34300,34450,33500,66362
287,2020-01-28,32550,1250,32850,33200,32400,67232
286,2020-01-29,32600,50,32600,33250,32450,40884
283,2020-01-30,31100,1500,32500,32950,30600,78655
282,2020-01-31,31700,600,31100,34200,31100,130305
281,2020-02-03,30900,800,30850,31500,30350,71315
280,2020-02-04,31700,800,30900,32150,30850,48493
279,2020-02-05,31350,350,32200,32450,31350,38721
275,2020-02-06,33050,1700,32300,33500,32000,105990
274,2020-02-07,32700,350,33050,34200,32500,96614
273,2020-02-10,32800,100,33350,33700,32450,58793
272,2020-02-11,32800,0,32700,33550,32650,53491
271,2020-02-12,32600,200,32850,33300,32550,39409
268,2020-02-13,32900,300,32850,33600,32500,80321
267,2020-02-14,32950,50,32700,33800,32700,66803
266,2020-02-17,32550,400,33000,33150,32500,40057
265,2020-02-18,31600,950,32600,32750,31450,64905
264,2020-02-19,31500,100,31550,32100,31300,28920
260,2020-02-20,30850,650,31550,32100,30650,75781
259,2020-02-21,30300,550,30450,31350,30200,46130
258,2020-02-24,28100,2200,29500,29600,28050,93599
257,2020-02-25,28700,600,28050,29100,27600,76056
256,2020-02-26,30700,2000,27800,31150,27700,124258
253,2020-02-27,31600,900,31000,33000,30800,179052
252,2020-02-28,29250,2350,31100,31250,29200,75418
251,2020-03-02,29850,600,29000,30450,28650,49631
250,2020-03-03,30450,600,30450,31550,30000,71747
249,2020-03-04,36950,6500,30500,39100,30500,1097717
245,2020-03-05,38650,1700,38450,40600,35000,2604412
244,2020-03-06,36700,1950,37700,37950,36100,447126
243,2020-03-09,37100,400,36100,40250,35350,1304342
242,2020-03-10,36600,500,35600,38550,35000,614442
241,2020-03-11,33600,3000,37700,37950,32750,404228
238,2020-03-12,31400,2200,33900,34600,31400,233767
237,2020-03-13,26450,4950,28500,29300,24600,288513
236,2020-03-16,26450,0,26650,28850,26450,223688
235,2020-03-17,32600,6150,25100,34350,24750,1399802
234,2020-03-18,29800,2800,32000,34100,29800,505317
230,2020-03-19,28250,1550,30900,36800,27300,2437082
229,2020-03-20,30000,1750,31150,31200,29100,351177
228,2020-03-23,30550,550,30100,31850,29300,563760
227,2020-03-24,32150,1600,30700,32350,30300,594279
226,2020-03-25,32600,450,32300,32950,31150,496339
223,2020-03-26,34400,1800,33900,35750,33000,914236
222,2020-03-27,33150,1250,35700,36800,31800,840787
221,2020-03-30,38300,5150,33150,40300,32650,1553293
220,2020-03-31,49750,11450,46000,49750,45000,2568940
219,2020-04-01,42500,7250,48950,49000,41700,1100392
215,2020-04-02,41600,900,42200,42200,39250,479972
214,2020-04-03,42400,800,41750,43700,40550,503501
213,2020-04-06,43300,900,43550,44350,42700,424064
212,2020-04-07,44300,1000,43400,46500,40000,1423347
211,2020-04-08,42900,1400,45700,46000,42900,485139
208,2020-04-09,43950,1050,43400,44450,41700,351744
207,2020-04-10,44150,200,44950,47400,42000,735144
206,2020-04-13,54500,10350,45050,57300,44150,7400935
205,2020-04-14,48800,5700,52900,53400,47750,1823956
204,2020-04-16,46800,2000,47450,48350,46550,469294
200,2020-04-17,46800,0,46900,48300,46000,513715
199,2020-04-20,45800,1000,45900,47100,45450,266357
198,2020-04-21,45900,100,46000,49900,43200,1122371
197,2020-04-22,45100,800,45400,46150,44600,147981
196,2020-04-23,47200,2100,45500,49500,45200,966430
193,2020-04-24,45600,1600,46900,48000,45200,280884
192,2020-04-27,46650,1050,46300,47750,46100,264142
191,2020-04-28,45100,1550,47250,47500,45000,236288
190,2020-04-29,43300,1800,45150,45350,43300,201298
189,2020-05-04,43050,250,43000,43850,42000,109352
185,2020-05-06,43900,850,43050,44200,42850,111371
184,2020-05-07,44500,600,44300,47750,43850,480758
183,2020-05-08,44500,0,44700,45200,44250,95453
182,2020-05-11,44650,150,45450,45750,44500,101970
181,2020-05-12,46450,1800,45000,46800,44900,294931
178,2020-05-13,46800,350,45900,47300,45750,204940
177,2020-05-14,47700,900,47500,48150,46800,327915
176,2020-05-15,48100,400,48750,49300,47350,354071
175,2020-05-18,45550,2550,47800,47850,45500,234537
174,2020-05-19,44400,1150,45400,45550,43450,208475
170,2020-05-20,45450,1050,44100,45850,44100,149327
169,2020-05-21,45750,300,45700,45750,44650,81439
168,2020-05-22,44450,1300,45800,45900,44350,91729
167,2020-05-25,44700,250,44700,45400,44450,54886
166,2020-05-26,44000,700,44950,44950,43650,89201
163,2020-05-27,43350,650,44050,44350,43000,138313
162,2020-05-28,44500,1150,42350,44700,42350,186519
161,2020-05-29,48100,3600,44500,48800,44400,931045
160,2020-06-01,49750,1650,47800,50500,47400,582876
159,2020-06-02,57800,8050,51000,64400,49800,4930951
155,2020-06-03,53100,4700,57600,58600,53100,978586
154,2020-06-04,54300,1200,54400,55600,52800,409304
153,2020-06-05,58400,4100,53500,59200,52900,707054
152,2020-06-08,59500,1100,58700,60700,57200,452392
151,2020-06-09,64200,4700,62400,66800,61400,1607967
148,2020-06-10,70800,6600,65900,76800,64400,2002029
147,2020-06-11,69400,1400,72700,74000,67700,698899
146,2020-06-12,71800,2400,65000,72100,64900,617876
145,2020-06-15,73500,1700,73100,80900,68000,1662604
144,2020-06-16,77000,3500,77200,77900,73000,608332
140,2020-06-17,72900,4100,76500,77000,70000,441999
139,2020-06-18,79600,6700,74400,80000,73000,842402
138,2020-06-19,82400,2800,81300,83100,77700,689943
137,2020-06-22,90200,7800,83300,92000,82900,969019
136,2020-06-23,90600,400,89200,93800,86700,569554
133,2020-06-24,83300,7300,91100,91700,83100,471028
132,2020-06-25,84700,1400,82000,88600,80500,585421
131,2020-06-26,79600,5100,85600,87100,78600,414625
130,2020-06-29,77300,2300,79100,81600,74700,375422
129,2020-06-30,74700,2600,78000,78600,71600,357663
125,2020-07-01,69800,4900,75900,86500,69300,1913567
124,2020-07-02,70300,500,68600,73000,68100,525972
123,2020-07-03,74500,4200,71000,74500,68400,374256
122,2020-07-06,72600,1900,74500,75900,71500,298314
121,2020-07-07,73400,800,72200,73800,70600,181030
118,2020-07-08,76100,2700,72900,76700,72700,253917
117,2020-07-09,75100,1000,76600,76900,74700,124840
116,2020-07-10,72600,2500,75100,76000,72000,170132
115,2020-07-13,71800,800,73000,73200,70400,134099
114,2020-07-14,71100,700,71900,75000,70300,189913
110,2020-07-15,71000,100,71400,74400,69900,320222
109,2020-07-16,34050,1450,37000,37500,33500,351150
108,2020-07-17,35450,1400,34500,35950,33550,213429
107,2020-07-20,38750,3300,36100,40700,35250,670285
106,2020-07-21,38750,0,38850,42600,37700,609207
103,2020-07-22,40650,1900,38950,40650,37800,406725
102,2020-07-23,46600,5950,47800,48800,44200,1601783
101,2020-07-24,46900,300,46000,48500,43750,607988
100,2020-07-27,42800,4100,45350,46900,42800,701318
99,2020-07-28,42400,400,44500,44700,41700,335441
95,2020-07-29,41400,1000,42500,42700,41050,195361
94,2020-07-30,40400,1000,41250,41500,39800,214276
93,2020-07-31,39200,1200,40400,41100,39100,242323
92,2020-08-03,38050,1150,39000,39000,37100,345349
91,2020-08-04,39500,1450,38200,41100,38200,459213
88,2020-08-05,39200,300,38300,39500,37400,691902
87,2020-08-06,38500,700,39400,40100,38400,403810
86,2020-08-07,38700,200,38500,40600,36000,2476538
85,2020-08-10,39800,1100,38750,42000,37050,1288862
84,2020-08-11,38850,950,39400,39700,38800,419402
80,2020-08-12,37050,1800,38100,38500,37000,430773
79,2020-08-13,36750,300,37200,38050,36700,246097
78,2020-08-14,35200,1550,36750,37250,35050,321852
77,2020-08-18,35500,300,35500,37250,34450,465388
76,2020-08-19,34600,900,35600,36350,34450,313012
73,2020-08-20,35350,750,34900,36550,34400,530753
72,2020-08-21,35050,300,36600,36750,35050,340253
71,2020-08-24,37550,2500,35100,37700,34400,754085
70,2020-08-25,38900,1350,38200,39300,37250,962273
69,2020-08-26,38200,700,39800,39850,37950,598282
65,2020-08-27,36400,1800,38350,38500,36300,486803
64,2020-08-28,35700,700,36800,37200,35650,252550
63,2020-08-31,35600,100,35700,36700,35350,246419
62,2020-09-01,35800,200,35600,36400,35500,180502
61,2020-09-02,37150,1350,36250,37300,35500,367632
58,2020-09-03,36800,350,37400,37550,36700,236220
57,2020-09-04,35200,1600,35400,36000,34950,399144
56,2020-09-07,34850,350,35150,35550,34350,262705
55,2020-09-08,36050,1200,35050,38000,34800,851803
54,2020-09-09,37550,1500,37200,37900,36200,1010841
50,2020-09-10,40800,3250,37900,48800,36400,12364285
49,2020-09-11,38900,1900,39850,40300,38200,1384335
48,2020-09-14,37600,1300,38700,38750,37500,704911
47,2020-09-15,39500,1900,37700,39700,37650,956118
46,2020-09-16,38950,550,39500,39650,38350,522164
43,2020-09-17,39150,200,39000,40400,38250,789960
42,2020-09-18,42000,2850,39150,42100,39100,2636876
41,2020-09-21,38900,3100,41400,41600,38400,757460
40,2020-09-22,36000,2900,38500,38600,35000,808037
39,2020-09-23,34750,1250,36600,36950,34100,477931
35,2020-09-24,31800,2950,33500,34200,31500,558961
34,2020-09-25,31500,300,31850,32750,31150,295247
33,2020-09-28,32600,1100,31900,33150,31750,158939
32,2020-09-29,32750,150,32950,33400,32550,173276
31,2020-10-05,35150,2400,33350,35450,33350,478065
28,2020-10-06,34550,600,35750,35750,34350,185657
27,2020-10-07,34800,250,34250,35300,34100,116315
26,2020-10-08,34750,50,35500,35600,34700,153875
25,2020-10-12,34000,750,35000,35200,33600,141728
24,2020-10-13,34300,300,34000,38300,33000,1385360
20,2020-10-14,33200,1100,34200,34200,33050,214877
19,2020-10-15,31900,1300,33200,33550,31400,277221
18,2020-10-16,30650,1250,31900,32200,30150,220859
17,2020-10-19,29100,1550,30650,31150,29100,258581
16,2020-10-20,29200,100,28400,29550,27900,343213
13,2020-10-21,30050,850,29950,30150,29400,189561
12,2020-10-22,28700,1350,29900,29900,28700,140116
11,2020-10-23,28750,50,29150,29300,28250,112226
10,2020-10-26,27900,850,29700,30400,27900,207871
9,2020-10-27,28050,150,27150,28650,26900,178819
5,2020-10-28,29150,1100,27750,29200,27750,104548
4,2020-10-29,29300,150,28400,29450,28300,101743
3,2020-10-30,27700,1600,29400,29500,27550,118000
2,2020-11-02,27700,0,27750,28250,27500,78686
1,2020-11-03,28950,1250,28000,29650,27900,147397
