,date,close,diff,open,high,low,volume
448,2009-11-30,1270,100,1380,1380,1205,1980901
447,2009-12-01,1085,185,1290,1300,1080,1236948
446,2009-12-02,1245,160,1085,1245,1040,727660
445,2009-12-03,1340,95,1265,1420,1265,1184973
444,2009-12-04,1350,10,1500,1500,1140,3469259
440,2009-12-07,1150,200,1210,1265,1150,3535788
439,2009-12-08,1120,30,1215,1225,1000,3893448
438,2009-12-09,1020,100,1010,1060,995,2096054
437,2009-12-10,1030,10,1045,1055,1025,545186
436,2009-12-11,1000,30,1035,1035,990,3436679
433,2009-12-14,1080,80,1000,1080,995,2709264
432,2009-12-15,1075,5,1110,1125,1060,1061713
431,2009-12-16,1020,55,1070,1070,1015,525730
430,2009-12-17,1035,15,1025,1040,1005,389408
429,2009-12-18,1035,0,1030,1055,1005,978653
425,2009-12-21,1025,10,1040,1040,1005,544381
424,2009-12-22,1020,5,1035,1035,1015,300019
423,2009-12-23,1020,0,1030,1030,1005,623614
422,2009-12-24,1025,5,1010,1055,1010,463630
421,2009-12-28,1015,10,1040,1040,1000,352732
418,2009-12-29,1010,5,1010,1030,1000,496235
417,2009-12-30,1085,75,1020,1110,1020,989564
416,2010-01-04,1130,45,1090,1140,1060,571928
415,2010-01-05,1140,10,1130,1145,1100,589106
414,2010-01-06,1145,5,1145,1160,1115,890710
410,2010-01-07,1160,15,1145,1160,1120,662734
409,2010-01-08,1180,20,1170,1180,1145,375874
408,2010-01-11,1210,30,1185,1220,1170,329141
407,2010-01-12,1210,0,1205,1250,1200,836867
406,2010-01-13,1220,10,1205,1230,1205,204242
403,2010-01-14,1230,10,1235,1235,1190,360908
402,2010-01-15,1235,5,1205,1240,1205,322022
401,2010-01-18,1225,10,1235,1245,1215,404743
400,2010-01-19,1215,10,1215,1225,1200,334495
399,2010-01-20,1150,65,1220,1220,1150,513671
395,2010-01-21,1175,25,1150,1180,1150,218400
394,2010-01-22,1175,0,1155,1175,1135,197109
393,2010-01-25,1180,5,1155,1185,1145,264945
392,2010-01-26,1170,10,1165,1200,1165,458828
391,2010-01-27,1170,0,1165,1190,1160,266128
388,2010-01-28,1175,5,1160,1190,1150,270833
387,2010-01-29,1180,5,1165,1185,1160,290096
386,2010-02-01,1200,20,1175,1210,1175,147057
385,2010-02-02,1215,15,1200,1285,1170,1281550
384,2010-02-03,1200,15,1210,1235,1175,375255
380,2010-02-04,1185,15,1195,1200,1165,919248
379,2010-02-05,1140,45,1160,1175,1140,208841
378,2010-02-08,1140,0,1140,1185,1135,132850
377,2010-02-09,1140,0,1140,1165,1140,1057609
376,2010-02-10,1135,5,1150,1160,1115,1439849
373,2010-02-11,1135,0,1135,1140,1130,819911
372,2010-02-12,1215,80,1135,1235,1130,2083788
371,2010-02-16,1295,80,1250,1335,1215,1363640
370,2010-02-17,1300,5,1310,1345,1295,558670
369,2010-02-18,1315,15,1300,1345,1295,1750641
365,2010-02-19,1310,5,1335,1335,1300,313892
364,2010-02-22,1300,10,1320,1330,1295,519543
363,2010-02-23,1340,40,1310,1355,1300,1337014
362,2010-02-24,1310,30,1350,1355,1310,510090
361,2010-02-25,1115,195,1310,1330,1115,1286671
358,2010-02-26,950,165,950,950,950,96583
357,2010-03-02,810,140,810,810,810,80379
356,2010-03-03,690,120,690,690,690,1531963
355,2010-03-04,590,100,590,590,590,396539
354,2010-03-05,510,80,505,645,505,58606189
350,2010-03-08,495,15,510,525,465,34925386
349,2010-03-09,495,0,495,520,480,9779660
348,2010-03-10,425,70,495,510,425,12707368
347,2010-03-11,370,55,435,440,365,22815927
346,2010-03-12,390,20,375,410,330,26396360
343,2010-03-15,335,55,335,335,335,423235
342,2010-03-16,285,50,285,315,285,20118085
341,2010-03-17,265,20,270,295,260,7789264
340,2010-03-18,270,5,275,280,260,3792911
339,2010-03-19,250,20,270,275,250,3266536
335,2010-03-22,285,35,245,285,230,7423923
334,2010-03-23,275,10,270,290,270,2104656
333,2010-03-24,235,40,270,270,235,1814649
332,2010-03-25,205,30,230,230,205,1775341
331,2010-03-26,235,30,230,235,230,331436
328,2010-03-29,270,35,270,270,270,589187
327,2010-03-30,310,40,310,310,275,2824261
326,2010-03-31,355,45,320,355,315,1535982
325,2010-04-01,405,50,390,405,390,2107089
324,2010-04-02,385,20,370,430,370,1248593
320,2010-04-05,380,5,405,405,360,692565
319,2010-04-06,375,5,370,390,350,470786
318,2010-04-07,425,50,385,430,380,889733
317,2010-04-08,405,20,420,430,405,579779
316,2010-04-09,400,5,405,415,390,449796
313,2010-04-12,340,60,405,405,340,672960
312,2010-04-13,360,20,330,375,330,382922
311,2010-04-14,385,25,365,385,365,290490
310,2010-04-15,370,15,380,390,365,244818
309,2010-04-16,370,0,390,390,355,205547
305,2010-04-19,355,15,340,375,340,461558
304,2010-04-20,335,20,355,355,315,541410
303,2010-04-21,355,20,335,355,330,343533
302,2010-04-22,345,10,355,360,335,457149
301,2010-04-23,395,50,365,395,365,1049681
298,2010-04-26,395,0,420,420,395,805801
297,2010-04-27,385,10,390,405,385,783859
296,2010-04-28,365,20,385,385,340,601354
295,2010-04-29,355,10,360,360,350,165338
294,2010-04-30,345,10,350,350,335,398280
290,2010-05-03,330,15,350,350,330,479101
289,2010-05-04,375,45,330,375,330,758021
288,2010-05-06,360,15,395,395,360,579456
287,2010-05-07,340,20,340,360,335,420334
286,2010-05-10,340,0,340,355,340,287204
283,2010-05-11,305,35,350,360,305,707692
282,2010-05-12,340,35,305,350,305,740322
281,2010-05-13,330,10,360,360,330,302782
280,2010-05-14,325,5,330,330,315,403231
279,2010-05-17,315,10,325,325,310,259787
275,2010-05-18,290,25,315,315,280,668895
274,2010-05-19,250,40,280,285,250,706518
273,2010-05-20,230,20,235,240,220,707569
272,2010-05-24,240,10,225,240,215,270548
271,2010-05-25,235,5,250,275,225,523587
268,2010-05-26,260,25,230,260,230,195170
267,2010-05-27,265,5,245,265,245,87821
266,2010-05-28,255,10,250,260,250,108021
265,2010-05-31,265,10,265,290,265,426829
264,2010-06-01,295,30,275,300,275,821203
260,2010-06-03,315,20,290,315,290,320962
259,2010-06-04,315,0,315,315,300,480597
258,2010-06-07,315,0,305,315,300,235032
257,2010-06-08,290,25,310,310,290,196926
256,2010-06-09,295,5,290,310,290,283805
253,2010-06-10,280,15,310,310,280,117024
252,2010-06-11,280,0,295,295,280,153564
251,2010-06-14,255,25,285,285,240,1110006
250,2010-06-15,275,20,255,280,255,272334
249,2010-06-16,275,0,280,280,270,155542
245,2010-06-17,265,10,275,275,265,173490
244,2010-06-18,275,10,250,275,250,246417
243,2010-06-21,275,0,0,0,0,0
242,2010-06-22,310,35,275,310,275,932180
241,2010-06-23,295,15,325,325,295,366302
238,2010-06-24,285,10,285,295,275,249440
237,2010-06-25,265,20,290,290,265,271368
236,2010-06-28,275,10,265,295,265,321571
235,2010-06-29,270,5,275,285,270,291759
234,2010-06-30,270,0,270,275,260,340566
230,2010-07-01,280,10,280,280,270,229526
229,2010-07-02,275,5,285,285,270,241937
228,2010-07-05,285,10,285,285,275,252090
227,2010-07-06,275,10,290,290,270,444380
226,2010-07-07,265,10,265,275,250,239691
223,2010-07-08,260,5,270,270,250,334036
222,2010-07-09,260,0,270,270,255,215503
221,2010-07-12,245,15,255,260,245,296687
220,2010-07-13,230,15,245,245,230,520421
219,2010-07-14,235,5,240,240,230,405677
215,2010-07-15,230,5,235,235,215,665044
214,2010-07-16,225,5,220,240,220,217014
213,2010-07-19,210,15,220,225,210,255928
212,2010-07-20,205,5,210,215,195,420923
211,2010-07-21,200,5,205,205,195,265034
208,2010-07-22,170,30,200,200,170,481702
207,2010-07-23,165,5,170,175,150,1038661
206,2010-07-26,185,20,170,185,170,197973
205,2010-07-27,210,25,210,210,210,283725
204,2010-07-28,240,30,240,240,240,601916
200,2010-07-29,215,25,240,250,215,538745
199,2010-07-30,195,20,215,215,190,272429
198,2010-08-02,170,25,190,195,170,543501
197,2010-08-03,185,15,170,195,165,425576
196,2010-08-04,180,5,195,195,180,321411
193,2010-08-05,170,10,175,180,170,238754
192,2010-08-06,175,5,175,175,170,125696
191,2010-08-09,160,15,175,185,160,271672
190,2010-08-10,150,10,165,165,150,329105
189,2010-08-11,140,10,145,145,130,1352240
185,2010-08-12,145,5,135,145,130,712198
184,2010-08-13,140,5,145,150,135,580625
183,2010-08-16,125,15,135,135,125,473489
182,2010-08-17,140,15,125,140,110,1519469
181,2010-08-18,160,20,160,160,160,631816
178,2010-08-19,175,15,180,180,160,891686
177,2010-08-20,190,15,160,190,160,562120
176,2010-08-23,205,15,195,205,195,789280
175,2010-08-24,205,0,200,205,195,444603
174,2010-08-25,195,10,210,210,190,314481
170,2010-08-26,195,0,195,195,180,503359
169,2010-08-27,190,5,190,195,180,535690
168,2010-08-30,210,20,190,215,190,524958
167,2010-08-31,220,10,205,230,205,334009
166,2010-09-01,235,15,220,240,220,541324
163,2010-09-02,230,5,235,240,225,490386
162,2010-09-03,200,30,230,230,200,463895
161,2010-09-06,170,30,190,190,170,762292
160,2010-09-07,195,25,170,195,170,564147
159,2010-09-08,200,5,200,210,190,316529
155,2010-09-09,190,10,200,200,185,197226
154,2010-09-10,190,0,190,190,185,276477
153,2010-09-13,180,10,210,210,180,371601
152,2010-09-14,155,25,180,180,155,1194998
151,2010-09-15,135,20,140,155,135,1343686
148,2010-09-16,140,5,120,145,120,649404
147,2010-09-17,150,10,140,160,140,285730
146,2010-09-20,150,0,145,170,145,234457
145,2010-09-24,150,0,150,155,140,166678
144,2010-09-27,130,20,150,160,130,488759
140,2010-09-28,120,10,135,135,120,737827
139,2010-09-29,125,5,120,135,120,350010
138,2010-09-30,135,10,135,135,125,386927
137,2010-10-01,140,5,145,145,135,177551
136,2010-10-04,128,12,140,140,128,92437
133,2010-10-05,126,2,125,126,122,434704
132,2010-10-06,119,7,126,128,119,565578
131,2010-10-07,102,17,119,119,102,1289340
130,2010-10-08,87,15,87,89,87,3634980
129,2010-10-11,100,13,84,100,83,3102881
125,2010-10-12,106,6,115,115,105,1999719
124,2010-10-13,91,15,102,102,91,2047192
123,2010-10-14,85,6,90,91,85,1428402
122,2010-10-15,85,0,90,93,85,1675793
121,2010-10-18,82,3,85,85,82,1449552
118,2010-10-19,93,11,82,93,82,877733
117,2010-10-20,106,13,93,106,93,1230251
116,2010-10-21,100,6,110,121,100,892482
115,2010-10-22,96,4,105,105,94,601831
114,2010-10-25,103,7,94,105,94,464274
110,2010-10-26,99,4,103,108,99,509359
109,2010-10-27,85,14,94,98,85,1855712
108,2010-10-28,85,0,85,89,80,928054
107,2010-10-29,82,3,87,88,82,442158
106,2010-11-01,71,11,75,75,71,1602022
103,2010-11-02,72,1,73,74,71,372240
102,2010-11-03,74,2,74,76,74,495391
101,2010-11-04,66,8,74,75,65,1683392
100,2010-11-05,63,3,68,68,63,978040
99,2010-11-08,60,3,63,63,60,643852
95,2010-11-09,59,1,60,61,56,643117
94,2010-11-10,67,8,60,67,60,358392
93,2010-11-11,77,10,67,77,66,1673494
92,2010-11-12,69,8,79,79,69,759979
91,2010-11-15,64,5,69,69,64,795811
88,2010-11-16,72,8,67,73,65,1034984
87,2010-11-17,63,9,62,65,62,2447038
86,2010-11-18,60,3,62,62,59,612372
85,2010-11-19,51,9,58,59,51,1675663
84,2010-11-22,44,7,51,58,44,3264814
80,2010-11-23,50,6,41,50,40,3803187
79,2010-11-24,47,3,50,57,47,5329949
78,2010-11-25,42,5,45,47,42,2392049
77,2010-11-26,41,1,42,46,40,2281701
76,2010-11-29,41,0,41,43,41,1166399
73,2010-11-30,40,1,42,42,40,1214777
72,2010-12-01,42,2,43,43,41,968073
71,2010-12-02,43,1,43,45,42,1212434
70,2010-12-03,38,5,43,43,38,2252984
69,2010-12-06,34,4,38,38,34,2761045
65,2010-12-07,33,1,32,33,31,2118992
64,2010-12-08,37,4,32,37,31,1471333
63,2010-12-09,37,0,0,0,0,0
62,2010-12-10,37,0,0,0,0,0
61,2010-12-13,37,0,0,0,0,0
58,2010-12-14,37,0,0,0,0,0
57,2010-12-15,37,0,0,0,0,0
56,2010-12-16,37,0,0,0,0,0
55,2010-12-17,37,0,0,0,0,0
54,2010-12-20,37,0,0,0,0,0
50,2010-12-21,37,0,0,0,0,0
49,2010-12-22,37,0,0,0,0,0
48,2010-12-23,37,0,0,0,0,0
47,2010-12-24,37,0,0,0,0,0
46,2010-12-27,37,0,0,0,0,0
43,2010-12-28,37,0,0,0,0,0
42,2010-12-29,37,0,0,0,0,0
41,2010-12-30,37,0,0,0,0,0
40,2011-01-03,37,0,0,0,0,0
39,2011-01-04,37,0,0,0,0,0
35,2011-01-05,37,0,0,0,0,0
34,2011-01-06,37,0,0,0,0,0
33,2011-01-07,37,0,0,0,0,0
32,2011-01-10,37,0,0,0,0,0
31,2011-01-11,37,0,0,0,0,0
28,2011-01-12,37,0,0,0,0,0
27,2011-01-13,37,0,0,0,0,0
26,2011-01-14,37,0,0,0,0,0
25,2011-01-17,37,0,0,0,0,0
24,2011-01-18,37,0,0,0,0,0
20,2011-01-19,37,0,0,0,0,0
19,2011-01-20,37,0,0,0,0,0
18,2011-01-21,37,0,0,0,0,0
17,2011-01-24,37,0,0,0,0,0
16,2011-01-25,37,0,0,0,0,0
13,2011-01-26,37,0,0,0,0,0
12,2011-01-27,37,0,0,0,0,0
11,2011-01-28,37,0,0,0,0,0
10,2011-01-31,12,25,10,13,10,19499677
9,2011-02-01,9,3,13,13,9,19547807
5,2011-02-07,8,1,8,9,7,14182138
4,2011-02-08,10,2,9,11,8,15173009
3,2011-02-09,9,1,10,10,8,11709505
2,2011-02-10,9,0,11,13,9,25103505
