,date,close,diff,open,high,low,volume
448,2019-08-16,9170,140,8900,9320,8850,1648260
447,2019-08-19,9040,130,9270,9320,8950,1057491
446,2019-08-20,9310,270,9040,9310,8930,654831
445,2019-08-21,9190,120,9340,9350,9160,667257
444,2019-08-22,9060,130,9270,9340,8970,832863
440,2019-08-23,9130,70,8900,9320,8870,1122736
439,2019-08-26,9200,70,8890,9300,8870,1054561
438,2019-08-27,9270,70,9400,9420,9180,1056592
437,2019-08-28,8000,1270,9230,9720,7580,11854429
436,2019-08-29,7940,60,8120,8140,7710,2946108
433,2019-08-30,8320,380,8100,8410,7960,3135136
432,2019-09-02,8720,400,8210,8790,8160,2073814
431,2019-09-03,8730,10,8760,9030,8650,1899063
430,2019-09-04,9510,780,8650,9850,8620,4798719
429,2019-09-05,9090,420,9600,9780,8950,2983913
425,2019-09-06,9080,10,9120,9260,8960,1262766
424,2019-09-09,8680,400,9140,9160,8670,1357139
423,2019-09-10,8480,200,8710,9070,8440,1067269
422,2019-09-11,8640,160,8550,8740,8470,738173
421,2019-09-16,8360,280,8660,8710,8280,1193509
418,2019-09-17,8340,20,8340,8420,8160,721528
417,2019-09-18,8250,90,8330,8490,8230,866674
416,2019-09-19,8260,10,8310,8410,8140,805026
415,2019-09-20,8340,80,8320,8500,8240,1114025
414,2019-09-23,8440,100,8370,8470,8280,481935
410,2019-09-24,8370,70,8510,8520,8340,493578
409,2019-09-25,7990,380,8350,8400,7960,1161503
408,2019-09-26,8140,150,8110,8250,7980,510803
407,2019-09-27,8180,40,8150,8260,8000,320720
406,2019-09-30,8130,50,8160,8210,7750,769298
403,2019-10-01,8280,150,8250,8350,7980,1016916
402,2019-10-02,8300,20,8140,8330,8050,473461
401,2019-10-04,8390,90,8270,8450,8200,632242
400,2019-10-07,8180,210,8410,8470,8100,657722
399,2019-10-08,8140,40,8080,8230,8000,557081
395,2019-10-10,8080,60,8070,8140,7880,918130
394,2019-10-11,7950,130,8150,8150,7930,506910
393,2019-10-14,7580,370,8060,8060,7520,1643558
392,2019-10-15,7800,220,7570,7800,7420,1060080
391,2019-10-16,7930,130,7780,8020,7760,870288
388,2019-10-17,8010,80,7960,8060,7780,832775
387,2019-10-18,7890,120,8050,8050,7850,488583
386,2019-10-21,7980,90,7780,8070,7770,655852
385,2019-10-22,7910,70,8000,8040,7800,782916
384,2019-10-23,7710,200,7810,8020,7690,804328
380,2019-10-24,7740,30,7690,7780,7600,366689
379,2019-10-25,7210,530,7780,7990,7110,1807458
378,2019-10-28,7290,80,7120,7440,7120,555461
377,2019-10-29,7400,110,7350,7430,7180,470185
376,2019-10-30,7310,90,7400,7560,7290,576863
373,2019-10-31,7330,20,7400,7500,7240,690722
372,2019-11-01,7430,100,7400,7540,7240,558680
371,2019-11-04,7100,330,7470,7490,6900,1549509
370,2019-11-05,6980,120,7130,7140,6890,1051519
369,2019-11-06,7260,280,6980,7380,6950,1161241
365,2019-11-07,7110,150,7240,7290,7040,503960
364,2019-11-08,7100,10,7150,7260,7050,431813
363,2019-11-11,6900,200,7120,7120,6830,593476
362,2019-11-12,6880,20,6940,6940,6770,730722
361,2019-11-13,6910,30,6920,7020,6830,421528
358,2019-11-14,6710,200,6910,6960,6660,730760
357,2019-11-15,6930,220,6500,7010,6300,1830806
356,2019-11-18,6680,250,6980,6990,6580,962602
355,2019-11-19,6560,120,6600,6660,6510,662933
354,2019-11-20,6340,220,6510,6700,6290,898243
350,2019-11-21,6220,120,6320,6460,6180,577291
349,2019-11-22,6190,30,6190,6310,6160,419984
348,2019-11-25,6400,210,6220,6470,6220,582445
347,2019-11-26,6420,20,6490,6560,6350,505658
346,2019-11-27,6340,80,6410,6420,6280,325711
343,2019-11-28,6450,110,6380,6510,6360,471028
342,2019-11-29,6350,100,6490,6510,6290,355995
341,2019-12-02,6670,320,6350,6740,6350,946616
340,2019-12-03,6650,20,6640,6730,6550,339500
339,2019-12-04,6780,130,6620,6920,6590,764202
335,2019-12-05,6010,770,6800,6840,5470,3991161
334,2019-12-06,6040,30,6070,6180,5880,1146426
333,2019-12-09,6460,420,6110,6590,6100,1978147
332,2019-12-10,7000,540,6470,7090,6410,2934519
331,2019-12-11,7200,200,7960,8040,7050,5635815
328,2019-12-12,7030,170,7140,7170,6810,1260875
327,2019-12-13,7230,200,7100,7350,6860,2042996
326,2019-12-16,7680,450,7340,7780,7250,2521354
325,2019-12-17,7770,90,7700,7910,7470,1541523
324,2019-12-18,7670,100,7750,7860,7630,777093
320,2019-12-19,7490,180,7680,7720,7390,908238
319,2019-12-20,7910,420,7540,7920,7540,1721154
318,2019-12-23,8230,320,8000,8320,7870,2854390
317,2019-12-24,7990,240,8200,8250,7940,1099905
316,2019-12-26,8120,130,8000,8280,7990,1511498
313,2019-12-27,8110,10,8200,8200,8030,761638
312,2019-12-30,8130,20,8050,8150,7890,1025067
311,2020-01-02,8490,360,8150,8550,8050,1854404
310,2020-01-03,8650,160,8440,8760,8370,1997290
309,2020-01-06,8650,0,8490,8710,8280,1466583
305,2020-01-07,9440,790,8890,9470,8800,4598704
304,2020-01-08,9350,90,9300,9650,8900,3581271
303,2020-01-09,9510,160,9700,9750,9400,1732701
302,2020-01-10,9430,80,9540,9540,9200,1270168
301,2020-01-13,9340,90,9410,9460,9060,1506254
298,2020-01-14,9100,240,9390,9480,9100,1249204
297,2020-01-15,8900,200,9200,9320,8850,1415717
296,2020-01-16,9060,160,8980,9160,8760,1393507
295,2020-01-17,9020,40,9100,9100,8890,803402
294,2020-01-20,9260,240,9070,9290,9050,1022403
290,2020-01-21,9480,220,9320,9600,9240,2028634
289,2020-01-22,9650,170,9510,9720,9280,1564748
288,2020-01-23,9670,20,9570,9690,9460,802626
287,2020-01-28,9170,500,9150,9390,9040,1194732
286,2020-01-29,9070,100,9280,9420,9060,1106997
283,2020-01-30,8360,710,9070,9140,8210,2437115
282,2020-01-31,8210,150,8320,8620,7920,1545637
281,2020-02-03,8260,50,7930,8400,7800,1332334
280,2020-02-04,8600,340,8310,8600,8080,870999
279,2020-02-05,8360,240,8640,8680,8330,851056
275,2020-02-06,8480,120,8430,8550,8330,636968
274,2020-02-07,8330,150,8480,8490,8310,453248
273,2020-02-10,8480,150,8300,8490,8270,420375
272,2020-02-11,8690,210,8480,8730,8400,1122405
271,2020-02-12,9410,720,8840,9430,8800,3211833
268,2020-02-13,9320,90,9770,9820,9180,2374384
267,2020-02-14,9520,200,9170,9550,9160,1270615
266,2020-02-17,9600,80,9640,9640,9370,1092053
265,2020-02-18,9160,440,9540,9540,9050,1498458
264,2020-02-19,9050,110,9200,9310,8760,1244079
260,2020-02-20,8920,130,9090,9100,8820,608828
259,2020-02-21,8830,90,8820,9130,8740,948488
258,2020-02-24,8560,270,8550,8740,8420,866861
257,2020-02-25,8960,400,8520,8990,8350,1161673
256,2020-02-26,8770,190,8760,8860,8580,828880
253,2020-02-27,8220,550,8770,8780,8150,1183292
252,2020-02-28,7630,590,7910,8100,7580,1379784
251,2020-03-02,7870,240,7600,7940,7410,810053
250,2020-03-03,7800,70,8180,8200,7790,859306
249,2020-03-04,8070,270,7650,8110,7650,612012
245,2020-03-05,8040,30,8170,8170,7910,536673
244,2020-03-06,8070,30,7910,8320,7870,882682
243,2020-03-09,7230,840,7870,7890,7230,1101244
242,2020-03-10,7720,490,7000,7740,6990,1339657
241,2020-03-11,7460,260,7750,7980,7260,771009
238,2020-03-12,6740,720,7420,7440,6680,1266675
237,2020-03-13,6170,570,6030,6460,5540,2002226
236,2020-03-16,5730,440,6450,6520,5730,943436
235,2020-03-17,6100,370,5260,6100,5260,1314506
234,2020-03-18,5560,540,6230,6320,5560,1043244
230,2020-03-19,5070,490,5800,5910,4940,1648855
229,2020-03-20,5400,330,5410,5500,5100,1028938
228,2020-03-23,5910,510,5180,6200,5100,3363900
227,2020-03-24,7650,1740,6060,7680,6060,4889558
226,2020-03-25,7600,50,7650,7820,7130,3127614
223,2020-03-26,7340,260,7460,7540,7200,1571925
222,2020-03-27,7400,60,7590,7640,7020,1796523
221,2020-03-30,7430,30,7150,7480,7060,1087637
220,2020-03-31,7250,180,7530,7540,7100,1474526
219,2020-04-01,7290,40,7180,8130,7120,3127077
215,2020-04-02,7600,310,7500,7630,7240,1426935
214,2020-04-03,8040,440,7750,8500,7680,3985176
213,2020-04-06,8310,270,8080,8350,7850,1764744
212,2020-04-07,8270,40,8440,8450,8040,1510006
211,2020-04-08,8170,100,8240,8510,8110,1352544
208,2020-04-09,8230,60,8310,8500,8100,1302167
207,2020-04-10,8020,210,8160,8260,7910,1124267
206,2020-04-13,7650,370,7990,7990,7590,915820
205,2020-04-14,8490,840,7800,8500,7800,3624342
204,2020-04-16,8910,420,8500,9190,8400,4680743
200,2020-04-17,9100,190,9010,9180,8750,1974406
199,2020-04-20,8930,170,9110,9200,8820,1264704
198,2020-04-21,8970,40,8800,9360,8570,3361515
197,2020-04-22,9210,240,8800,9220,8700,1178750
196,2020-04-23,9000,210,9430,9500,8980,1918919
193,2020-04-24,8630,370,8850,8940,8580,1319607
192,2020-04-27,8740,110,8700,8740,8360,973428
191,2020-04-28,8600,140,8800,8800,8520,689473
190,2020-04-29,8510,90,8610,8680,8480,580814
189,2020-05-04,8320,190,8340,8600,8290,620050
185,2020-05-06,8500,180,8430,8530,8370,439113
184,2020-05-07,8520,20,8530,8590,8380,614976
183,2020-05-08,8900,380,8680,9120,8620,2039955
182,2020-05-11,8810,90,9090,9100,8720,866349
181,2020-05-12,8600,210,8880,8900,8450,825685
178,2020-05-13,8600,0,8460,8600,8430,626178
177,2020-05-14,8330,270,8470,8560,8300,711416
176,2020-05-15,8380,50,8400,8520,8250,544166
175,2020-05-18,7990,390,8040,8230,7870,1607712
174,2020-05-19,8390,400,8100,8390,8030,803191
170,2020-05-20,8390,0,8320,8540,8250,733828
169,2020-05-21,8810,420,8450,9020,8410,3046488
168,2020-05-22,8330,480,8800,8800,8320,1410378
167,2020-05-25,8480,150,8330,8490,8090,884688
166,2020-05-26,8750,270,8480,8770,8330,1124170
163,2020-05-27,8830,80,8770,9100,8700,2199834
162,2020-05-28,8580,250,8870,8930,8400,1037916
161,2020-05-29,8500,80,8600,8710,8380,646981
160,2020-06-01,8880,380,8670,8950,8540,1551446
159,2020-06-02,8960,80,8950,9030,8790,1124314
155,2020-06-03,8950,10,9050,9070,8810,791678
154,2020-06-04,9190,240,9000,9390,8920,2323336
153,2020-06-05,9260,70,9260,9310,9100,836655
152,2020-06-08,9250,10,9370,9370,9080,559183
151,2020-06-09,9050,200,9240,9320,8930,966550
148,2020-06-10,9060,10,9040,9220,8960,905210
147,2020-06-11,9030,30,9030,9140,8870,762904
146,2020-06-12,8790,240,8500,8870,8500,1036594
145,2020-06-15,7980,810,8610,8730,7950,1255882
144,2020-06-16,8280,300,8220,8340,8110,612553
140,2020-06-17,9120,840,8430,9240,8420,3916892
139,2020-06-18,9300,180,9180,9340,8930,2035525
138,2020-06-19,9780,480,9490,9800,9300,4219686
137,2020-06-22,10350,570,9750,10450,9500,3373258
136,2020-06-23,10650,300,10500,10800,9990,2843335
133,2020-06-24,10700,50,10700,10800,10250,1974505
132,2020-06-25,10900,200,10900,11250,10700,3190849
131,2020-06-26,13650,2750,11500,14150,11400,29208055
130,2020-06-29,14100,450,14300,14650,13350,15675574
129,2020-06-30,14300,200,14100,15600,13550,17217280
125,2020-07-01,13400,900,14000,14000,13400,1360482
124,2020-07-02,14700,1300,13900,14700,13800,1873817
123,2020-07-03,15300,600,14750,15300,14550,1666069
122,2020-07-06,15250,50,15750,15950,14550,5134639
121,2020-07-07,15300,50,14950,16100,14800,3584549
118,2020-07-08,17050,1750,15500,17500,15100,7381715
117,2020-07-09,17800,750,17200,19250,16700,7401284
116,2020-07-10,18250,450,18050,18800,17500,2538941
115,2020-07-13,19400,1150,18400,19700,18350,3200376
114,2020-07-14,19550,150,19100,20300,18600,3137714
110,2020-07-15,20800,1250,20000,21700,19450,6512486
109,2020-07-16,19250,1550,21050,21700,18050,6220377
108,2020-07-17,19450,200,19000,20000,18600,2197716
107,2020-07-20,19800,350,19550,20100,19150,1839627
106,2020-07-21,19300,500,20100,20150,18850,2348436
103,2020-07-22,19750,450,19350,21300,19050,4766771
102,2020-07-23,20750,1000,20000,20800,19450,2198071
101,2020-07-24,20000,750,20300,20650,19350,2397666
100,2020-07-27,19850,150,19600,20450,19550,924072
99,2020-07-28,19750,100,20000,20050,19200,2184642
95,2020-07-29,19700,50,19850,20950,19650,2818318
94,2020-07-30,19150,550,19750,19900,19000,1766832
93,2020-07-31,19050,100,19300,19300,18400,1914202
92,2020-08-03,18900,150,19150,19300,18200,1490496
91,2020-08-04,19100,200,19000,19600,18700,1110677
88,2020-08-05,20000,900,19300,20450,18500,3482168
87,2020-08-06,20050,50,20800,20850,19650,2223066
86,2020-08-07,26050,6000,20250,26050,19550,18530782
85,2020-08-10,27600,1550,26700,28550,25700,12553222
84,2020-08-11,30350,2750,27700,34600,27300,21540852
80,2020-08-12,31350,1000,30350,32550,28600,9996929
79,2020-08-13,29400,1950,31450,32200,29250,3403992
78,2020-08-14,30100,700,28750,31350,28150,5087542
77,2020-08-18,28600,1500,28500,30650,28100,3197288
76,2020-08-19,29900,1300,28700,30450,28600,3419328
73,2020-08-20,28050,1850,29300,30200,27500,3160058
72,2020-08-21,28500,450,28350,29650,27550,3091182
71,2020-08-24,28900,400,28150,30450,27650,3145260
70,2020-08-25,29950,1050,29850,30850,29200,3705007
69,2020-08-26,30800,850,30000,31500,29650,5046118
65,2020-08-27,29250,1550,30800,31000,28800,3499504
64,2020-08-28,29900,650,30000,33600,29700,10002505
63,2020-08-31,31450,1550,30500,31750,30150,3434499
62,2020-09-01,31600,150,31750,31850,30300,2491200
61,2020-09-02,31800,200,31750,32400,31000,2370480
58,2020-09-03,31800,0,32000,32650,31550,1835007
57,2020-09-04,31150,650,29850,32500,29650,3409619
56,2020-09-07,32800,1650,31950,34400,30500,7089781
55,2020-09-08,31500,1300,35000,35450,30900,5265057
54,2020-09-09,31600,100,30700,32250,30400,2223306
50,2020-09-10,31400,200,32100,32150,30800,1338412
49,2020-09-11,30700,700,30900,31450,30400,1075655
48,2020-09-14,29850,850,30700,30900,29700,1154559
47,2020-09-15,29600,250,30100,30550,28700,1919205
46,2020-09-16,29350,250,29850,30200,29000,1109787
43,2020-09-17,29300,50,28950,30800,28050,3197714
42,2020-09-18,30600,1300,29300,30600,29200,2668841
41,2020-09-21,28900,1700,30450,30450,28300,1450693
40,2020-09-22,27400,1500,28050,29000,27350,1396085
39,2020-09-23,27100,300,27950,28100,26350,1252272
35,2020-09-24,25600,1500,26150,27300,25350,1504447
34,2020-09-25,25450,150,26150,26600,25400,954368
33,2020-09-28,26650,1200,25750,26750,25650,789812
32,2020-09-29,26300,350,27200,27300,25750,935606
31,2020-10-05,25900,400,26050,26350,25450,585042
28,2020-10-06,25100,800,26250,26300,24950,976664
27,2020-10-07,25600,500,24750,26050,24400,972729
26,2020-10-08,24650,950,25750,25800,24550,1034674
25,2020-10-12,25400,750,24400,25500,23500,1295440
24,2020-10-13,24500,900,25700,25800,24450,719541
20,2020-10-14,24800,300,24650,25500,24250,892330
19,2020-10-15,23350,1450,24700,24800,22850,1036477
18,2020-10-16,23050,300,23100,23900,22350,928211
17,2020-10-19,21900,1150,23100,23300,21650,1078725
16,2020-10-20,23000,1100,21500,23000,21400,1541115
13,2020-10-21,22200,800,23250,23250,22000,761444
12,2020-10-22,21100,1100,22000,22050,20950,892245
11,2020-10-23,20900,200,21300,21650,20600,817017
10,2020-10-26,20300,600,20750,21050,20150,759586
9,2020-10-27,20600,300,20150,21050,19950,1019887
5,2020-10-28,21400,800,20300,21400,20300,591599
4,2020-10-29,20900,500,20850,21050,20050,945859
3,2020-10-30,19900,1000,20800,20900,19850,574014
2,2020-11-02,21150,1250,19850,21400,19750,997833
1,2020-11-03,22350,1200,21350,22400,21300,1362925
