,date,close,diff,open,high,low,volume
448,2012-07-10,811,0,811,820,800,715488
447,2012-07-11,846,35,815,848,803,1349430
446,2012-07-12,828,18,840,873,821,1764476
445,2012-07-13,811,17,829,830,793,799818
444,2012-07-16,812,1,811,830,800,480037
440,2012-07-17,803,9,814,826,801,667839
439,2012-07-18,778,25,807,817,775,683751
438,2012-07-19,773,5,781,798,771,584959
437,2012-07-20,772,1,775,786,768,594459
436,2012-07-23,740,32,772,772,735,634735
433,2012-07-24,728,12,739,739,717,503968
432,2012-07-25,701,27,717,736,700,560717
431,2012-07-26,708,7,714,715,700,439554
430,2012-07-27,731,23,717,749,711,662937
429,2012-07-30,777,46,750,785,738,1119656
425,2012-07-31,790,13,755,803,755,1086291
424,2012-08-01,777,13,793,793,775,370607
423,2012-08-02,783,6,780,785,766,294211
422,2012-08-03,804,21,777,829,766,1401748
421,2012-08-06,801,3,808,815,800,396981
418,2012-08-07,782,19,802,810,780,811577
417,2012-08-08,784,2,781,793,780,435169
416,2012-08-09,789,5,784,800,784,463911
415,2012-08-10,805,16,789,823,783,2203127
414,2012-08-13,802,3,817,817,795,811583
410,2012-08-14,806,4,809,812,801,691053
409,2012-08-16,785,21,790,796,781,1266204
408,2012-08-17,860,75,790,902,776,6704090
407,2012-08-20,820,40,854,855,819,2481132
406,2012-08-21,812,8,818,823,805,880545
403,2012-08-22,804,8,816,819,797,808502
402,2012-08-23,804,0,804,809,795,800098
401,2012-08-24,809,5,800,819,799,733237
400,2012-08-27,809,0,807,824,800,1024675
399,2012-08-28,850,41,809,875,807,3632954
395,2012-08-29,835,15,850,850,831,1369986
394,2012-08-30,805,30,837,845,802,2910798
393,2012-08-31,789,16,798,806,786,1679435
392,2012-09-03,798,9,783,804,778,1078973
391,2012-09-04,796,2,800,807,793,878276
388,2012-09-05,798,2,802,812,793,1249169
387,2012-09-06,801,3,793,845,793,3618233
386,2012-09-07,828,27,815,837,803,1915873
385,2012-09-10,839,11,835,865,828,4163442
384,2012-09-11,834,5,832,856,822,1953231
380,2012-09-12,848,14,870,870,839,2381908
379,2012-09-13,849,1,842,853,830,1424653
378,2012-09-14,849,0,867,871,848,2144519
377,2012-09-17,833,16,841,858,833,1898564
376,2012-09-18,863,30,843,863,835,2624897
373,2012-09-19,850,13,869,878,850,1194763
372,2012-09-20,909,59,850,948,842,6576915
371,2012-09-21,901,8,918,927,893,2140478
370,2012-09-24,916,15,911,967,892,4146356
369,2012-09-25,883,33,916,924,878,2094003
365,2012-09-26,870,13,862,884,862,982964
364,2012-09-27,845,25,866,878,842,1139761
363,2012-09-28,860,15,849,873,830,1135559
362,2012-10-02,789,71,843,843,743,2397404
361,2012-10-04,788,1,762,789,752,1185633
358,2012-10-05,792,4,789,801,780,779091
357,2012-10-08,782,10,793,794,776,959032
356,2012-10-09,855,73,782,899,776,4554493
355,2012-10-10,812,43,847,847,810,1418079
354,2012-10-11,820,8,827,827,806,816909
350,2012-10-12,806,14,818,825,800,727262
349,2012-10-15,785,21,806,823,779,896747
348,2012-10-16,800,15,785,800,785,573964
347,2012-10-17,811,11,805,822,797,634068
346,2012-10-18,813,2,818,859,795,2088432
343,2012-10-19,818,5,819,885,803,3615048
342,2012-10-22,811,7,803,830,795,1659256
341,2012-10-23,797,14,811,817,796,1515225
340,2012-10-24,773,24,781,797,769,1853873
339,2012-10-25,765,8,780,785,761,1507495
335,2012-10-26,776,11,766,835,758,5266719
334,2012-10-29,783,7,797,819,780,1773539
333,2012-10-30,776,7,789,790,772,1003997
332,2012-10-31,812,36,809,825,796,4318611
331,2012-11-01,813,1,815,819,804,1184979
328,2012-11-02,814,1,816,820,804,866261
327,2012-11-05,815,1,814,816,805,698522
326,2012-11-06,843,28,818,849,807,1952163
325,2012-11-07,840,3,848,890,832,3570889
324,2012-11-08,849,9,830,890,810,2522817
320,2012-11-09,858,9,848,866,835,1023116
319,2012-11-12,861,3,857,865,830,1083542
318,2012-11-13,831,30,849,856,831,1407389
317,2012-11-14,819,12,831,835,813,922863
316,2012-11-15,832,13,814,836,805,943272
313,2012-11-16,823,9,832,836,812,794810
312,2012-11-19,830,7,818,848,816,635579
311,2012-11-20,832,2,835,849,825,795529
310,2012-11-21,851,19,835,862,830,1178647
309,2012-11-22,848,3,852,863,841,881676
305,2012-11-23,875,27,849,879,844,1609796
304,2012-11-26,900,25,886,918,868,2645127
303,2012-11-27,900,0,909,915,886,1310861
302,2012-11-28,897,3,900,914,887,1011845
301,2012-11-29,940,43,910,990,909,7192145
298,2012-11-30,799,141,799,799,799,1032295
297,2012-12-03,850,51,830,875,815,4573984
296,2012-12-04,965,115,850,968,834,3737397
295,2012-12-05,957,8,953,992,903,4519896
294,2012-12-06,908,49,1030,1040,895,8504213
290,2012-12-07,861,47,898,898,846,3153579
289,2012-12-10,852,9,865,885,846,1499451
288,2012-12-11,823,29,843,847,815,1785065
287,2012-12-12,800,23,826,838,799,2213819
286,2012-12-13,812,12,807,813,785,1285238
283,2012-12-14,811,1,814,830,806,1119700
282,2012-12-17,775,36,819,819,769,2406034
281,2012-12-18,773,2,771,783,762,1315476
280,2012-12-20,771,2,766,781,759,1142514
279,2012-12-21,757,14,771,778,756,1144244
275,2012-12-24,725,32,757,761,713,2229927
274,2012-12-26,749,24,725,759,617,11239981
273,2012-12-27,734,15,739,755,711,2656619
272,2012-12-28,717,17,735,744,712,1480435
271,2013-01-02,741,24,725,758,717,2006609
268,2013-01-03,745,4,745,754,732,1081160
267,2013-01-04,752,7,746,758,741,1441000
266,2013-01-07,746,6,756,756,738,1068897
265,2013-01-08,731,15,743,746,728,1543567
264,2013-01-09,735,4,735,740,721,1300936
260,2013-01-10,735,0,741,742,730,1009126
259,2013-01-11,722,13,734,738,717,1359368
258,2013-01-14,708,14,724,724,704,1592003
257,2013-01-15,728,20,708,755,708,5633425
256,2013-01-16,714,14,721,733,712,1365070
253,2013-01-17,709,5,716,717,699,1593357
252,2013-01-18,715,6,706,717,703,1140023
251,2013-01-21,714,1,715,720,710,983197
250,2013-01-22,717,3,715,719,708,1256990
249,2013-01-23,735,18,722,777,721,5370127
245,2013-01-24,730,5,741,754,730,2297447
244,2013-01-25,719,11,730,734,715,1411350
243,2013-01-28,713,6,716,722,711,926300
242,2013-01-29,727,14,710,736,710,1723846
241,2013-01-30,717,10,730,730,716,1020659
238,2013-01-31,714,3,721,727,711,961133
237,2013-02-01,712,2,713,721,705,1330204
236,2013-02-04,730,18,715,743,714,2518186
235,2013-02-05,711,19,730,730,707,1319778
234,2013-02-06,715,4,712,724,710,955236
230,2013-02-07,724,9,714,736,714,1787131
229,2013-02-08,718,6,731,744,711,2285892
228,2013-02-12,721,3,721,723,713,833163
227,2013-02-13,730,9,723,730,722,1088906
226,2013-02-14,732,2,731,734,723,1003363
223,2013-02-15,727,5,723,733,723,892758
222,2013-02-18,727,0,731,731,721,852606
221,2013-02-19,761,34,730,817,727,15182151
220,2013-02-20,759,2,762,767,746,3014611
219,2013-02-21,745,14,761,771,745,2025310
215,2013-02-22,743,2,754,754,741,1575787
214,2013-02-25,748,5,770,782,745,3341683
213,2013-02-26,739,9,743,743,731,1814545
212,2013-02-27,746,7,739,758,733,1287001
211,2013-02-28,750,4,747,757,745,990974
208,2013-03-04,740,10,751,754,738,1102041
207,2013-03-05,744,4,741,749,733,1147995
206,2013-03-06,744,0,749,751,740,950868
205,2013-03-07,741,3,743,747,739,1025441
204,2013-03-08,760,19,745,776,740,2804664
200,2013-03-11,749,11,760,760,741,1636421
199,2013-03-12,768,19,753,780,749,4814343
198,2013-03-13,756,12,772,784,751,3697977
197,2013-03-14,755,1,756,760,743,1929737
196,2013-03-15,760,5,778,778,759,3620858
193,2013-03-18,733,27,745,764,727,3546065
192,2013-03-19,738,5,740,744,732,1532343
191,2013-03-20,710,28,735,739,710,2846883
190,2013-03-21,717,7,710,723,709,1546736
189,2013-03-22,717,0,0,0,0,0
185,2013-03-25,717,0,0,0,0,0
184,2013-03-26,610,107,610,655,610,18595817
183,2013-03-27,610,0,615,620,603,3470645
182,2013-03-28,574,36,604,609,541,6426110
181,2013-03-29,586,12,581,594,570,2313398
178,2013-04-01,568,18,580,591,566,1647094
177,2013-04-02,519,49,561,565,507,4262470
176,2013-04-03,537,18,534,542,523,1332483
175,2013-04-04,531,6,534,554,520,987626
174,2013-04-05,519,12,540,540,506,1096430
170,2013-04-08,491,28,512,521,488,1397963
169,2013-04-09,505,14,491,511,488,1049866
168,2013-04-10,512,7,505,526,505,866351
167,2013-04-11,528,16,512,533,512,689849
166,2013-04-12,519,9,530,534,515,699956
163,2013-04-15,524,5,519,527,512,589209
162,2013-04-16,526,2,524,530,518,852391
161,2013-04-17,528,2,526,537,521,1177915
160,2013-04-18,532,4,528,542,524,897509
159,2013-04-19,519,13,531,539,517,651595
155,2013-04-22,523,4,515,530,515,511960
154,2013-04-23,520,3,523,525,515,606223
153,2013-04-24,537,17,520,559,520,2949235
152,2013-04-25,545,8,537,552,537,1307483
151,2013-04-26,547,2,547,556,535,921345
148,2013-04-29,543,4,538,555,538,456648
147,2013-04-30,542,1,550,553,542,871161
146,2013-05-02,539,3,536,545,526,839781
145,2013-05-03,537,2,533,544,527,743120
144,2013-05-06,531,6,537,543,530,488492
140,2013-05-07,531,0,529,539,529,645667
139,2013-05-08,537,6,532,542,532,551281
138,2013-05-09,541,4,535,545,535,490742
137,2013-05-10,546,5,535,549,535,605608
136,2013-05-13,541,5,537,549,537,639331
133,2013-05-14,546,5,542,572,542,1635659
132,2013-05-15,537,9,547,556,537,1139879
131,2013-05-16,537,0,0,0,0,0
130,2013-05-20,537,0,0,0,0,0
129,2013-05-21,537,0,0,0,0,0
125,2013-05-22,537,0,0,0,0,0
124,2013-05-23,537,0,0,0,0,0
123,2013-05-24,537,0,0,0,0,0
122,2013-05-27,537,0,0,0,0,0
121,2013-05-28,537,0,0,0,0,0
118,2013-05-29,537,0,0,0,0,0
117,2013-05-30,537,0,0,0,0,0
116,2013-05-31,537,0,0,0,0,0
115,2013-06-03,537,0,0,0,0,0
114,2013-06-04,537,0,0,0,0,0
110,2013-06-05,537,0,0,0,0,0
109,2013-06-07,537,0,0,0,0,0
108,2013-06-10,537,0,0,0,0,0
107,2013-06-11,537,0,0,0,0,0
106,2013-06-12,537,0,0,0,0,0
103,2013-06-13,537,0,0,0,0,0
102,2013-06-14,537,0,0,0,0,0
101,2013-06-17,537,0,0,0,0,0
100,2013-06-18,537,0,0,0,0,0
99,2013-06-19,537,0,0,0,0,0
95,2013-06-20,537,0,0,0,0,0
94,2013-06-21,537,0,0,0,0,0
93,2013-06-24,537,0,0,0,0,0
92,2013-06-25,537,0,0,0,0,0
91,2013-06-26,537,0,0,0,0,0
88,2013-06-27,537,0,0,0,0,0
87,2013-06-28,537,0,0,0,0,0
86,2013-07-01,537,0,0,0,0,0
85,2013-07-02,537,0,0,0,0,0
84,2013-07-03,537,0,0,0,0,0
80,2013-07-04,537,0,0,0,0,0
79,2013-07-05,537,0,0,0,0,0
78,2013-07-08,537,0,0,0,0,0
77,2013-07-09,537,0,0,0,0,0
76,2013-07-10,537,0,0,0,0,0
73,2013-07-11,537,0,0,0,0,0
72,2013-07-12,537,0,0,0,0,0
71,2013-07-15,537,0,0,0,0,0
70,2013-07-16,537,0,0,0,0,0
69,2013-07-17,537,0,0,0,0,0
65,2013-07-18,537,0,0,0,0,0
64,2013-07-19,537,0,0,0,0,0
63,2013-07-22,537,0,0,0,0,0
62,2013-07-23,537,0,0,0,0,0
61,2013-07-24,537,0,0,0,0,0
58,2013-07-25,537,0,0,0,0,0
57,2013-07-26,537,0,0,0,0,0
56,2013-07-29,537,0,0,0,0,0
55,2013-07-30,537,0,0,0,0,0
54,2013-07-31,537,0,0,0,0,0
50,2013-08-01,537,0,0,0,0,0
49,2013-08-02,537,0,0,0,0,0
48,2013-08-05,537,0,0,0,0,0
47,2013-08-06,537,0,0,0,0,0
46,2013-08-07,537,0,0,0,0,0
43,2013-08-08,537,0,0,0,0,0
42,2013-08-09,537,0,0,0,0,0
41,2013-08-12,537,0,0,0,0,0
40,2013-08-13,537,0,0,0,0,0
39,2013-08-14,537,0,0,0,0,0
35,2013-08-16,537,0,0,0,0,0
34,2013-08-19,537,0,0,0,0,0
33,2013-08-20,537,0,0,0,0,0
32,2013-08-21,537,0,0,0,0,0
31,2013-08-22,1,0,0,0,0,0
28,2013-08-23,1,0,0,0,0,0
27,2013-08-26,1,0,0,0,0,0
26,2013-08-27,1,0,0,0,0,0
25,2013-08-28,1,0,0,0,0,0
24,2013-08-29,1,0,0,0,0,0
20,2013-08-30,1,0,0,0,0,0
19,2013-09-02,1,0,0,0,0,0
18,2013-09-03,1,0,0,0,0,0
17,2013-09-04,1,0,0,0,0,0
16,2013-09-05,1,0,0,0,0,0
13,2013-09-06,1,0,0,0,0,0
12,2013-09-09,1,0,0,0,0,0
11,2013-09-10,1,0,0,0,0,0
10,2013-09-11,67000,66999,5000,81200,5000,44663
9,2013-09-12,36550,30450,60000,67000,36550,39682
5,2013-09-13,32100,4450,30000,50000,30000,51385
4,2013-09-16,43850,11750,42750,50000,42750,40329
3,2013-09-17,36500,7350,49800,49800,36500,31858
2,2013-09-23,22000,14500,31000,38100,22000,45728
