,date,close,diff,open,high,low,volume
448,2019-08-16,5070,0,5060,5170,4965,18991
447,2019-08-19,5000,70,5120,5120,4950,11833
446,2019-08-20,5150,150,5020,5180,5020,7713
445,2019-08-21,5240,90,5150,5260,4945,13734
444,2019-08-22,5180,60,5260,5290,5110,10554
440,2019-08-23,5150,30,5220,5220,5080,4494
439,2019-08-26,4995,155,4915,5140,4900,19594
438,2019-08-27,5120,125,4980,5130,4980,6610
437,2019-08-28,5100,20,5140,5170,5060,3738
436,2019-08-29,5110,10,5250,5760,5110,57844
433,2019-08-30,5180,70,5320,5320,5150,11984
432,2019-09-02,5160,20,5320,5320,5050,8460
431,2019-09-03,5140,20,5240,5240,5130,5749
430,2019-09-04,5140,0,5200,5210,5130,6464
429,2019-09-05,5280,140,5140,5320,5140,14007
425,2019-09-06,5200,80,5380,5380,5100,9183
424,2019-09-09,5200,0,5370,5370,5200,11081
423,2019-09-10,5230,30,5230,5280,5200,8481
422,2019-09-11,6790,1560,5440,6790,5400,4566959
421,2019-09-16,6900,110,7230,7470,6760,3980804
418,2019-09-17,6860,40,6950,7080,6810,942657
417,2019-09-18,6910,50,6650,6910,6520,451075
416,2019-09-19,6800,110,6880,6910,6600,211504
415,2019-09-20,6770,30,6810,6860,6590,254850
414,2019-09-23,6700,70,6680,6780,6630,115772
410,2019-09-24,6890,190,6660,6890,6600,220167
409,2019-09-25,6450,440,6830,6860,6300,167965
408,2019-09-26,6430,20,6560,6650,6340,88329
407,2019-09-27,6430,0,6480,6600,6380,71446
406,2019-09-30,5990,440,6450,7250,5990,1614143
403,2019-10-01,5820,170,6010,6080,5760,202488
402,2019-10-02,5810,10,5810,5960,5770,81236
401,2019-10-04,5770,40,5800,5930,5770,69079
400,2019-10-07,5710,60,5760,5850,5700,67775
399,2019-10-08,5850,140,5720,5900,5690,59883
395,2019-10-10,5860,10,5850,6010,5770,99103
394,2019-10-11,5880,20,5940,5940,5820,41643
393,2019-10-14,5930,50,5970,6010,5840,52899
392,2019-10-15,5980,50,5890,6040,5890,57392
391,2019-10-16,5930,50,6040,6050,5930,23387
388,2019-10-17,5940,10,6030,6030,5830,27540
387,2019-10-18,5900,40,5940,5980,5820,30722
386,2019-10-21,5900,0,5870,5950,5750,31062
385,2019-10-22,5790,110,5940,5940,5750,30975
384,2019-10-23,5730,60,5730,5890,5720,25552
380,2019-10-24,5750,20,5780,5890,5650,23686
379,2019-10-25,5850,100,5720,5880,5720,28411
378,2019-10-28,5970,120,5930,6000,5850,48283
377,2019-10-29,5930,40,5990,5990,5870,19864
376,2019-10-30,5930,0,5930,5980,5850,31647
373,2019-10-31,6100,170,5900,6150,5900,73608
372,2019-11-01,6070,30,6100,6130,6030,26402
371,2019-11-04,6130,60,6090,6240,6080,47753
370,2019-11-05,6080,50,6120,6190,5990,31153
369,2019-11-06,6100,20,6080,6160,6050,16527
365,2019-11-07,6070,30,6090,6180,5970,21908
364,2019-11-08,6030,40,6000,6150,6000,26025
363,2019-11-11,6100,70,6010,6100,6010,18926
362,2019-11-12,6100,0,6140,6200,6060,35841
361,2019-11-13,6000,100,6100,6200,6000,20002
358,2019-11-14,6080,80,5990,6140,5980,22875
357,2019-11-15,6210,130,6000,6210,5990,37137
356,2019-11-18,6380,170,6260,6400,6150,106036
355,2019-11-19,6400,20,6390,6450,6250,53105
354,2019-11-20,6020,380,6400,6440,5990,79855
350,2019-11-21,5880,140,5950,6050,5860,27705
349,2019-11-22,5920,40,5880,6080,5880,19614
348,2019-11-25,5940,20,6090,6090,5880,15872
347,2019-11-26,5980,40,6090,6090,5960,8162
346,2019-11-27,6040,60,5940,6100,5940,11187
343,2019-11-28,6040,0,6130,6130,6010,10905
342,2019-11-29,6080,40,6000,6110,5810,27176
341,2019-12-02,5860,220,6080,6100,5830,34705
340,2019-12-03,5860,0,5860,5940,5770,15559
339,2019-12-04,5610,250,5860,5920,5600,47636
335,2019-12-05,5590,20,5590,5720,5360,41478
334,2019-12-06,5500,90,5570,5660,5450,19442
333,2019-12-09,5710,210,5500,5740,5400,40198
332,2019-12-10,5870,160,5700,5870,5630,27744
331,2019-12-11,5940,70,5860,6000,5830,15179
328,2019-12-12,6030,90,6100,6100,5810,14045
327,2019-12-13,6130,100,6050,6150,6030,40932
326,2019-12-16,6220,90,6210,6270,6130,50693
325,2019-12-17,6280,60,6230,6300,6220,37341
324,2019-12-18,6390,110,6120,6470,6120,60599
320,2019-12-19,6420,30,6480,6580,6350,33685
319,2019-12-20,6400,20,6400,6480,6330,24269
318,2019-12-23,6380,20,6390,6450,6210,23092
317,2019-12-24,6310,70,6500,6610,6310,96849
316,2019-12-26,6380,70,6280,6460,6250,61685
313,2019-12-27,6580,200,6500,6620,6350,82915
312,2019-12-30,6810,230,6650,6900,6580,88767
311,2020-01-02,7000,190,6830,7060,6830,89869
310,2020-01-03,7470,470,7220,7600,7180,372287
309,2020-01-06,8090,620,7200,8600,7200,564955
305,2020-01-07,8110,20,8110,8290,7960,196563
304,2020-01-08,8120,10,8120,8830,7920,386987
303,2020-01-09,8660,540,8400,8830,8340,190226
302,2020-01-10,8680,20,8760,8920,8300,169225
301,2020-01-13,8400,280,8610,8650,7970,147675
298,2020-01-14,8600,200,8400,8650,8340,102633
297,2020-01-15,8630,30,8580,8630,8400,54365
296,2020-01-16,8800,170,8810,9270,8470,189640
295,2020-01-17,8780,20,8970,8980,8660,78972
294,2020-01-20,9220,440,8800,9290,8660,180199
290,2020-01-21,8920,300,9240,9440,8900,107729
289,2020-01-22,9480,560,8830,9650,8830,144677
288,2020-01-23,9300,180,9480,9520,9230,95361
287,2020-01-28,9180,120,8750,9180,8700,104497
286,2020-01-29,8950,230,9380,9380,8950,64119
283,2020-01-30,8470,480,8950,8980,8370,127919
282,2020-01-31,8370,100,8790,8790,8360,91780
281,2020-02-03,8500,130,7980,8760,7980,117708
280,2020-02-04,8550,50,8530,8650,8410,75867
279,2020-02-05,8150,400,9000,9000,8130,109070
275,2020-02-06,8530,380,8150,8570,8150,85329
274,2020-02-07,8470,60,8660,8660,8330,38607
273,2020-02-10,8200,270,8380,8430,8120,53669
272,2020-02-11,8270,70,8230,8430,8160,32668
271,2020-02-12,8620,350,8490,8630,8370,58648
268,2020-02-13,8750,130,8640,8790,8510,52304
267,2020-02-14,8880,130,8820,8970,8660,66803
266,2020-02-17,8770,110,8880,8880,8580,51236
265,2020-02-18,8330,440,8710,8900,8230,87155
264,2020-02-19,8280,50,8330,8400,8150,74289
260,2020-02-20,8200,80,8280,8390,8030,98739
259,2020-02-21,7910,290,8080,8170,7890,72630
258,2020-02-24,7570,340,7800,7800,7440,83760
257,2020-02-25,7840,270,7370,7960,7370,63625
256,2020-02-26,7770,70,7710,7830,7470,34545
253,2020-02-27,7230,540,7790,7790,7060,94688
252,2020-02-28,6830,400,7010,7100,6780,69467
251,2020-03-02,7130,300,6830,7210,6430,58293
250,2020-03-03,7180,50,7300,7520,7110,52830
249,2020-03-04,7490,310,7070,7490,7070,19453
245,2020-03-05,7650,160,7570,7740,7410,40487
244,2020-03-06,7420,230,7530,7580,7370,34857
243,2020-03-09,7120,300,7300,7300,7040,42929
242,2020-03-10,7180,60,7040,7240,6900,37171
241,2020-03-11,6840,340,7380,7380,6820,45767
238,2020-03-12,6500,340,6610,6700,6220,78193
237,2020-03-13,5560,940,6240,6240,5010,140778
236,2020-03-16,5220,340,5730,6000,5210,72470
235,2020-03-17,5290,70,4720,5400,4720,84876
234,2020-03-18,4790,500,5300,5480,4785,101387
230,2020-03-19,4425,365,4760,4885,4050,227027
229,2020-03-20,4460,35,4250,4635,4130,192733
228,2020-03-23,4155,305,3960,4285,3730,212933
227,2020-03-24,4465,310,4365,4530,4175,116378
226,2020-03-25,4760,295,4495,5030,4470,90693
223,2020-03-26,4980,220,4760,5360,4560,114379
222,2020-03-27,5000,20,5400,5400,4950,68168
221,2020-03-30,5180,180,4800,5200,4800,28700
220,2020-03-31,5600,420,5290,5600,5210,57339
219,2020-04-01,5720,120,5720,5800,5410,56067
215,2020-04-02,5900,180,5600,5900,5550,24173
214,2020-04-03,6160,260,5900,6300,5900,31111
213,2020-04-06,6440,280,6070,6530,6070,44666
212,2020-04-07,6520,80,6760,6760,6430,44552
211,2020-04-08,6540,20,6520,6570,6340,26504
208,2020-04-09,6550,10,6630,6650,6430,31959
207,2020-04-10,6530,20,6530,6920,6280,88855
206,2020-04-13,6310,220,6690,6690,6270,84766
205,2020-04-14,6410,100,6490,6490,6320,40160
204,2020-04-16,6370,40,6510,6510,6320,35287
200,2020-04-17,6590,220,6380,6760,6380,80785
199,2020-04-20,6630,40,6700,6710,6510,24102
198,2020-04-21,6600,30,6630,6700,6260,61831
197,2020-04-22,6630,30,6350,6700,6350,40016
196,2020-04-23,6940,310,6700,6980,6540,60531
193,2020-04-24,7180,240,6950,7260,6950,64854
192,2020-04-27,7820,640,7280,7820,7270,112928
191,2020-04-28,7710,110,7810,7840,7430,65814
190,2020-04-29,7590,120,7710,7980,7420,46681
189,2020-05-04,7500,90,7500,7600,7210,33235
185,2020-05-06,7610,110,7500,7610,7330,32792
184,2020-05-07,7940,330,7630,8090,7630,97420
183,2020-05-08,8140,200,8100,8170,7920,44950
182,2020-05-11,8180,40,8140,8350,8070,101212
181,2020-05-12,7930,250,8040,8130,7750,59446
178,2020-05-13,7840,90,7810,7910,7690,37710
177,2020-05-14,7720,120,7730,7850,7500,56380
176,2020-05-15,7810,90,7720,7930,7680,43794
175,2020-05-18,7820,10,7660,7850,7660,26804
174,2020-05-19,8130,310,7900,8330,7730,81791
170,2020-05-20,8120,10,8240,8240,8030,44482
169,2020-05-21,8120,0,8290,8290,8100,33403
168,2020-05-22,8680,560,8150,8900,8040,229174
167,2020-05-25,9500,820,8840,9580,8780,386151
166,2020-05-26,9580,80,9510,9720,9400,128333
163,2020-05-27,9200,380,9600,9650,9060,164819
162,2020-05-28,8800,400,9300,9490,8600,131758
161,2020-05-29,8700,100,8800,8930,8540,88432
160,2020-06-01,9100,400,8750,9710,8750,759831
159,2020-06-02,8940,160,9200,9200,8860,196263
155,2020-06-03,9000,60,8940,9170,8820,175746
154,2020-06-04,9480,480,9200,9570,9010,279200
153,2020-06-05,9400,80,9430,9460,9060,151437
152,2020-06-08,9570,170,9440,9630,9130,158244
151,2020-06-09,9100,470,9570,9590,9080,151458
148,2020-06-10,8900,200,9100,9220,8830,79078
147,2020-06-11,8510,390,8860,9070,8480,88427
146,2020-06-12,8790,280,8130,8880,8000,158879
145,2020-06-15,8100,690,8800,8880,8000,114551
144,2020-06-16,8450,350,8250,8850,8230,240082
140,2020-06-17,8190,260,8450,8450,8050,84116
139,2020-06-18,8400,210,8180,8410,8100,53141
138,2020-06-19,8470,70,8570,8570,8190,38475
137,2020-06-22,9280,810,8520,9280,8310,228176
136,2020-06-23,9000,280,9340,9340,8810,162958
133,2020-06-24,8910,90,8970,9130,8810,67790
132,2020-06-25,8440,470,8760,8860,8400,92001
131,2020-06-26,9030,590,8510,9170,8510,280081
130,2020-06-29,8690,340,8940,8960,8630,112403
129,2020-06-30,8920,230,8800,9070,8770,143014
125,2020-07-01,9200,280,9020,9420,8840,303428
124,2020-07-02,9450,250,9250,9460,9080,141974
123,2020-07-03,9350,100,9540,9550,9190,110735
122,2020-07-06,9310,40,9470,9480,9130,73042
121,2020-07-07,9060,250,9390,9450,8980,62200
118,2020-07-08,9280,220,8970,9280,8970,41930
117,2020-07-09,9140,140,9230,9330,9100,56102
116,2020-07-10,10500,1360,9210,11400,9210,2810895
115,2020-07-13,10750,250,10400,10800,10300,395744
114,2020-07-14,11000,250,10500,11150,10400,371284
110,2020-07-15,11750,750,11100,12300,10800,973663
109,2020-07-16,12200,450,12500,13850,11750,1342268
108,2020-07-17,12800,600,12250,12850,11800,355090
107,2020-07-20,12900,100,12550,13100,12250,273408
106,2020-07-21,12300,600,12750,12950,11900,319790
103,2020-07-22,12300,0,12100,12550,12000,130404
102,2020-07-23,11800,500,12150,12350,11700,203994
101,2020-07-24,11350,450,11500,11700,11100,310881
100,2020-07-27,11650,300,11350,11950,11150,187751
99,2020-07-28,12000,350,11900,12000,11550,184704
95,2020-07-29,12000,0,12300,12550,11900,278862
94,2020-07-30,13300,1300,12100,14700,12100,1506105
93,2020-07-31,12050,1250,13200,13200,11900,525668
92,2020-08-03,11250,800,11900,11900,11100,425968
91,2020-08-04,11450,200,11450,11700,11350,260912
88,2020-08-05,11250,200,11450,11450,10950,369503
87,2020-08-06,10900,350,11050,11300,10700,255664
86,2020-08-07,10700,200,10900,11100,10600,182985
85,2020-08-10,10800,100,10700,10900,10350,181982
84,2020-08-11,10600,200,10800,10900,10450,174869
80,2020-08-12,10450,150,10650,10650,10250,122854
79,2020-08-13,10500,50,10450,10650,10350,126899
78,2020-08-14,10250,250,10400,10500,10050,173224
77,2020-08-18,10100,150,10350,10750,10000,274086
76,2020-08-19,10700,600,10100,10750,9900,236092
73,2020-08-20,10050,650,10550,10550,9850,280679
72,2020-08-21,9730,320,10150,10250,9650,196268
71,2020-08-24,9780,50,9650,9850,9040,106936
70,2020-08-25,10100,320,9870,10200,9640,139582
69,2020-08-26,10000,100,10000,10100,9650,125893
65,2020-08-27,9900,100,10000,10050,9830,84320
64,2020-08-28,10150,250,10100,10300,9960,179101
63,2020-08-31,10300,150,10350,11000,10150,289444
62,2020-09-01,11100,800,10500,11100,10450,317713
61,2020-09-02,11450,350,11350,11800,11300,512454
58,2020-09-03,11450,0,11600,12000,11450,330786
57,2020-09-04,10800,650,10900,11150,10600,353106
56,2020-09-07,11100,300,10800,11150,10500,277269
55,2020-09-08,11150,50,11250,11400,10850,226212
54,2020-09-09,11150,0,10850,11200,10650,136287
50,2020-09-10,12000,850,11300,12100,11300,439028
49,2020-09-11,12300,300,12100,12650,12000,428793
48,2020-09-14,12000,300,12500,12500,11900,218901
47,2020-09-15,12400,400,12200,12600,11800,321065
46,2020-09-16,11700,700,12200,12500,11550,207089
43,2020-09-17,11450,250,11550,11750,11050,229472
42,2020-09-18,11900,450,11550,11900,11250,99226
41,2020-09-21,11400,500,12000,12100,11200,158695
40,2020-09-22,11800,400,11450,12250,11250,618709
39,2020-09-23,12600,800,12200,12850,11600,1094325
35,2020-09-24,12400,200,12200,13600,12050,1368025
34,2020-09-25,11550,850,12400,12450,11500,360247
33,2020-09-28,11700,150,11800,11950,11600,161706
32,2020-09-29,11800,100,11850,11950,11650,129280
31,2020-10-05,12450,650,11900,12450,11800,251118
28,2020-10-06,12200,250,12500,12550,12150,192828
27,2020-10-07,13700,1500,12300,13950,12250,2102885
26,2020-10-08,13800,100,13750,14150,13400,934801
25,2020-10-12,13400,400,14000,14050,13200,346042
24,2020-10-13,13250,150,13500,13550,12900,248106
20,2020-10-14,13000,250,13000,13550,12850,333246
19,2020-10-15,12750,250,13100,13100,12300,280355
18,2020-10-16,12550,200,12900,13100,12450,273832
17,2020-10-19,12050,500,12550,12650,12050,136423
16,2020-10-20,12600,550,11900,12600,11650,139982
13,2020-10-21,12500,100,12700,12800,12250,78604
12,2020-10-22,11850,650,12350,12450,11850,100063
11,2020-10-23,11900,50,11950,12050,11650,63763
10,2020-10-26,11050,850,12000,12000,10900,147199
9,2020-10-27,11050,0,11000,11250,10650,95937
5,2020-10-28,12050,1000,11150,12050,11100,99408
4,2020-10-29,12650,600,11700,12700,11550,282168
3,2020-10-30,12500,150,12900,13300,12350,268249
2,2020-11-02,12850,350,12750,13050,12450,173604
1,2020-11-03,13500,650,13050,13600,13050,362655
