,date,close,diff,open,high,low,volume
448,2019-08-16,1075,20,1080,1090,1060,186216
447,2019-08-19,1065,10,1075,1120,1065,188787
446,2019-08-20,1120,55,1075,1125,1075,225614
445,2019-08-21,1125,5,1135,1160,1120,282629
444,2019-08-22,1135,10,1130,1145,1120,163576
440,2019-08-23,1120,15,1125,1140,1110,105176
439,2019-08-26,1075,45,1070,1100,1065,239536
438,2019-08-27,1115,40,1090,1115,1090,183768
437,2019-08-28,1130,15,1135,1160,1125,334042
436,2019-08-29,1105,25,1135,1150,1100,140192
433,2019-08-30,1140,35,1135,1165,1115,249428
432,2019-09-02,1150,10,1150,1160,1130,182551
431,2019-09-03,1205,55,1165,1220,1150,469450
430,2019-09-04,1195,10,1200,1200,1175,253998
429,2019-09-05,1215,20,1190,1235,1190,363699
425,2019-09-06,1230,15,1215,1255,1205,498665
424,2019-09-09,1290,60,1230,1290,1230,602799
423,2019-09-10,1290,0,1290,1310,1265,559602
422,2019-09-11,1280,10,1290,1290,1255,233825
421,2019-09-16,1320,40,1295,1335,1280,426374
418,2019-09-17,1330,10,1305,1340,1275,410812
417,2019-09-18,1300,30,1330,1330,1285,282862
416,2019-09-19,1300,0,1320,1320,1285,211864
415,2019-09-20,1270,30,1300,1310,1270,256803
414,2019-09-23,1275,5,1270,1395,1260,1380103
410,2019-09-24,1300,25,1265,1310,1265,330358
409,2019-09-25,1250,50,1305,1305,1245,375541
408,2019-09-26,1250,0,1240,1275,1210,328026
407,2019-09-27,1220,30,1250,1250,1215,136703
406,2019-09-30,1200,20,1230,1240,1170,314708
403,2019-10-01,1225,25,1220,1230,1195,160438
402,2019-10-02,1225,0,1210,1230,1205,122343
401,2019-10-04,1210,15,1225,1240,1205,178379
400,2019-10-07,1205,5,1210,1215,1190,164553
399,2019-10-08,1205,0,1210,1220,1185,143664
395,2019-10-10,1235,30,1185,1250,1185,214721
394,2019-10-11,1275,40,1235,1275,1235,297403
393,2019-10-14,1280,5,1275,1285,1265,147128
392,2019-10-15,1290,10,1280,1295,1270,191532
391,2019-10-16,1285,5,1310,1330,1280,310891
388,2019-10-17,1260,25,1290,1290,1255,96852
387,2019-10-18,1260,0,1265,1275,1250,116427
386,2019-10-21,1205,55,1270,1285,1205,223567
385,2019-10-22,1210,5,1240,1240,1190,275656
384,2019-10-23,1185,25,1180,1200,1165,319506
380,2019-10-24,1155,30,1185,1200,1140,163104
379,2019-10-25,1150,5,1160,1170,1135,115878
378,2019-10-28,1155,5,1145,1190,1140,123040
377,2019-10-29,1125,30,1165,1170,1115,289634
376,2019-10-30,1105,20,1125,1130,1090,291693
373,2019-10-31,1105,0,1100,1125,1095,185200
372,2019-11-01,1110,5,1105,1125,1090,90616
371,2019-11-04,1145,35,1110,1145,1090,232825
370,2019-11-05,1135,10,1145,1160,1120,146289
369,2019-11-06,1130,5,1135,1135,1110,167224
365,2019-11-07,1130,0,1120,1130,1115,134099
364,2019-11-08,1130,0,1140,1140,1115,146787
363,2019-11-11,1135,5,1120,1145,1120,112371
362,2019-11-12,1180,45,1145,1190,1125,458797
361,2019-11-13,1165,15,1180,1190,1160,142384
358,2019-11-14,1195,30,1155,1195,1145,303755
357,2019-11-15,1175,20,1195,1200,1160,288054
356,2019-11-18,1190,15,1175,1195,1170,292168
355,2019-11-19,1195,5,1190,1210,1180,288552
354,2019-11-20,1175,20,1210,1210,1170,302814
350,2019-11-21,1140,35,1180,1190,1125,236919
349,2019-11-22,1140,0,1140,1150,1130,135580
348,2019-11-25,1135,5,1135,1155,1135,102000
347,2019-11-26,1140,5,1135,1165,1130,142765
346,2019-11-27,1115,25,1140,1150,1100,275159
343,2019-11-28,1085,30,1115,1115,1070,267746
342,2019-11-29,1045,40,1085,1095,1045,281145
341,2019-12-02,1055,10,1065,1075,1045,102834
340,2019-12-03,1050,5,1055,1060,1045,121735
339,2019-12-04,1030,20,1060,1070,1025,89942
335,2019-12-05,1055,25,1050,1055,1025,181021
334,2019-12-06,1165,110,1070,1165,1070,705265
333,2019-12-09,1220,55,1145,1230,1145,565481
332,2019-12-10,1215,5,1220,1250,1215,397779
331,2019-12-11,1215,0,1220,1225,1170,317280
328,2019-12-12,1245,30,1200,1250,1195,332637
327,2019-12-13,1260,15,1250,1285,1240,486226
326,2019-12-16,1250,10,1290,1290,1240,253107
325,2019-12-17,1220,30,1270,1270,1200,349966
324,2019-12-18,1235,15,1205,1275,1200,345429
320,2019-12-19,1190,45,1220,1245,1180,360906
319,2019-12-20,1195,5,1175,1245,1175,226556
318,2019-12-23,1150,45,1200,1220,1140,248905
317,2019-12-24,1125,25,1150,1180,1110,182376
316,2019-12-26,1105,20,1125,1145,1090,277547
313,2019-12-27,1155,50,1115,1165,1105,307992
312,2019-12-30,1130,25,1165,1180,1130,257425
311,2020-01-02,1160,30,1135,1190,1135,160499
310,2020-01-03,1165,5,1160,1195,1160,213407
309,2020-01-06,1190,25,1160,1240,1135,650134
305,2020-01-07,1190,0,1200,1200,1175,300989
304,2020-01-08,1110,80,1165,1185,1105,354502
303,2020-01-09,1150,40,1135,1155,1135,103108
302,2020-01-10,1200,50,1160,1260,1160,909941
301,2020-01-13,1245,45,1230,1245,1200,493781
298,2020-01-14,1210,35,1260,1265,1210,546683
297,2020-01-15,1245,35,1210,1250,1210,254996
296,2020-01-16,1230,15,1265,1265,1220,197488
295,2020-01-17,1230,0,1230,1245,1210,170190
294,2020-01-20,1230,0,1230,1350,1230,1808882
290,2020-01-21,1205,25,1245,1255,1190,382719
289,2020-01-22,1195,10,1225,1225,1185,189939
288,2020-01-23,1195,0,1185,1210,1180,259343
287,2020-01-28,1145,50,1140,1175,1130,298226
286,2020-01-29,1130,15,1140,1160,1115,411376
283,2020-01-30,1120,10,1135,1155,1105,315283
282,2020-01-31,1075,45,1110,1115,1060,384461
281,2020-02-03,1065,10,1020,1065,1005,442331
280,2020-02-04,1090,25,1070,1110,1070,149562
279,2020-02-05,1105,15,1100,1120,1095,186491
275,2020-02-06,1110,5,1115,1120,1100,115813
274,2020-02-07,1120,10,1110,1140,1110,130775
273,2020-02-10,1120,0,1120,1145,1090,253119
272,2020-02-11,1135,15,1135,1140,1105,307692
271,2020-02-12,1130,5,1145,1145,1105,211526
268,2020-02-13,1110,20,1130,1135,1100,170229
267,2020-02-14,1100,10,1110,1115,1085,265709
266,2020-02-17,1100,0,1100,1105,1080,173115
265,2020-02-18,1085,15,1120,1120,1065,285803
264,2020-02-19,1070,15,1085,1105,1050,275636
260,2020-02-20,1050,20,1070,1070,1040,296521
259,2020-02-21,1035,15,1040,1045,1030,202972
258,2020-02-24,998,37,1005,1025,989,599265
257,2020-02-25,1015,17,995,1020,991,276614
256,2020-02-26,1010,5,1010,1015,995,156986
253,2020-02-27,993,17,1010,1015,985,341346
252,2020-02-28,884,109,970,981,860,885162
251,2020-03-02,904,20,860,928,860,271060
250,2020-03-03,923,19,927,943,918,188630
249,2020-03-04,926,3,918,936,914,190551
245,2020-03-05,940,14,929,942,929,177329
244,2020-03-06,917,23,940,940,910,167834
243,2020-03-09,835,82,914,914,823,545711
242,2020-03-10,830,5,812,840,808,285844
241,2020-03-11,802,28,840,847,790,323483
238,2020-03-12,726,76,785,785,715,654398
237,2020-03-13,660,66,700,700,612,916242
236,2020-03-16,655,5,670,699,655,461038
235,2020-03-17,655,0,534,661,534,339756
234,2020-03-18,619,36,651,690,615,308781
230,2020-03-19,533,86,620,637,530,751556
229,2020-03-20,571,38,520,575,520,779076
228,2020-03-23,532,39,523,550,520,380191
227,2020-03-24,573,41,540,577,539,392840
226,2020-03-25,640,67,575,700,575,831650
223,2020-03-26,703,63,660,717,645,857221
222,2020-03-27,722,19,710,791,694,648799
221,2020-03-30,727,5,701,740,691,316641
220,2020-03-31,762,35,747,776,734,516620
219,2020-04-01,745,17,759,785,745,404425
215,2020-04-02,750,5,764,770,723,306620
214,2020-04-03,748,2,755,763,739,204549
213,2020-04-06,755,7,762,763,745,325177
212,2020-04-07,776,21,771,805,766,421638
211,2020-04-08,806,30,781,807,772,339729
208,2020-04-09,859,53,835,881,831,693782
207,2020-04-10,857,2,876,878,829,473932
206,2020-04-13,828,29,857,860,828,241769
205,2020-04-14,844,16,831,854,831,274572
204,2020-04-16,843,1,862,862,832,422143
200,2020-04-17,913,70,850,931,850,1123061
199,2020-04-20,907,6,918,939,902,389008
198,2020-04-21,875,32,901,906,835,496062
197,2020-04-22,856,19,875,875,830,280315
196,2020-04-23,915,59,870,930,858,974092
193,2020-04-24,889,26,913,913,878,347029
192,2020-04-27,889,0,893,912,881,251962
191,2020-04-28,864,25,890,890,843,341439
190,2020-04-29,869,5,865,897,864,434794
189,2020-05-04,870,1,870,887,860,295704
185,2020-05-06,899,29,871,899,871,311222
184,2020-05-07,913,14,901,930,901,583912
183,2020-05-08,935,22,936,937,920,269928
182,2020-05-11,917,18,959,959,907,355684
181,2020-05-12,909,8,920,924,888,235846
178,2020-05-13,902,7,890,910,886,204288
177,2020-05-14,891,11,903,913,860,226714
176,2020-05-15,879,12,900,902,870,394827
175,2020-05-18,876,3,890,890,851,234130
174,2020-05-19,892,16,880,896,874,286400
170,2020-05-20,916,24,901,922,893,540074
169,2020-05-21,924,8,933,949,922,653990
168,2020-05-22,911,13,931,931,897,326315
167,2020-05-25,904,7,921,921,894,343840
166,2020-05-26,919,15,919,930,902,503037
163,2020-05-27,927,8,930,931,905,515796
162,2020-05-28,950,23,927,974,917,726369
161,2020-05-29,918,32,950,952,915,378523
160,2020-06-01,922,4,916,938,873,329157
159,2020-06-02,1195,273,990,1195,961,6194914
155,2020-06-03,1165,30,1285,1285,1095,8778464
154,2020-06-04,1125,40,1150,1200,1105,1577715
153,2020-06-05,1150,25,1145,1170,1075,1622097
152,2020-06-08,1135,15,1160,1165,1115,1111661
151,2020-06-09,1130,5,1145,1185,1100,1010619
148,2020-06-10,1150,20,1135,1220,1115,4334837
147,2020-06-11,1185,35,1150,1240,1135,3971737
146,2020-06-12,1130,55,1080,1150,1080,1122794
145,2020-06-15,1000,130,1135,1165,1000,1009562
144,2020-06-16,1055,55,1025,1075,1015,415270
140,2020-06-17,1020,35,1040,1050,998,544521
139,2020-06-18,1000,20,1010,1035,1000,444879
138,2020-06-19,999,1,1000,1010,980,580521
137,2020-06-22,1035,36,1000,1050,999,674765
136,2020-06-23,1100,65,1050,1145,1035,3127317
133,2020-06-24,1055,45,1100,1130,1055,1103583
132,2020-06-25,1055,0,1065,1105,1020,636341
131,2020-06-26,1080,25,1080,1080,1030,477608
130,2020-06-29,1165,85,1060,1175,1045,3925279
129,2020-06-30,1155,10,1155,1180,1105,1861368
125,2020-07-01,1120,35,1170,1180,1090,1337081
124,2020-07-02,1115,5,1115,1125,1090,462542
123,2020-07-03,1105,10,1135,1135,1095,396900
122,2020-07-06,1130,25,1130,1135,1095,701678
121,2020-07-07,1185,55,1200,1315,1150,9599723
118,2020-07-08,1170,15,1185,1185,1140,1071241
117,2020-07-09,1170,0,1200,1200,1145,970448
116,2020-07-10,1145,25,1170,1175,1125,661770
115,2020-07-13,1175,30,1145,1185,1115,920643
114,2020-07-14,1190,15,1195,1265,1180,4487057
110,2020-07-15,1195,5,1190,1235,1180,1137804
109,2020-07-16,1175,20,1215,1215,1160,786479
108,2020-07-17,1160,15,1175,1180,1150,467328
107,2020-07-20,1125,35,1180,1180,1100,643136
106,2020-07-21,1135,10,1145,1155,1115,594823
103,2020-07-22,1185,50,1150,1195,1145,1438908
102,2020-07-23,1140,45,1180,1185,1125,807914
101,2020-07-24,1095,45,1120,1120,1080,1022159
100,2020-07-27,1085,10,1085,1110,1080,435961
99,2020-07-28,1115,30,1085,1115,1065,806682
95,2020-07-29,1095,20,1140,1140,1080,874182
94,2020-07-30,1065,30,1090,1090,1060,596128
93,2020-07-31,1030,35,1075,1075,1025,613891
92,2020-08-03,1010,20,1030,1030,985,912449
91,2020-08-04,1025,15,1020,1035,1000,489896
88,2020-08-05,1010,15,1035,1035,1005,436682
87,2020-08-06,1005,5,1005,1015,998,432817
86,2020-08-07,996,9,1000,1005,978,853748
85,2020-08-10,1005,9,996,1015,981,840719
84,2020-08-11,1020,15,1010,1025,1000,482696
80,2020-08-12,1020,0,1030,1035,996,537892
79,2020-08-13,1020,0,1030,1035,1010,466013
78,2020-08-14,1015,5,1030,1035,1000,265616
77,2020-08-18,960,55,1000,1005,910,886477
76,2020-08-19,970,10,948,975,940,520744
73,2020-08-20,900,70,970,970,874,616322
72,2020-08-21,904,4,900,911,875,328660
71,2020-08-24,899,5,882,903,877,282368
70,2020-08-25,918,19,891,939,891,552416
69,2020-08-26,911,7,924,926,899,292880
65,2020-08-27,885,26,901,919,882,464810
64,2020-08-28,913,28,887,916,885,665669
63,2020-08-31,911,2,929,930,902,430289
62,2020-09-01,984,73,914,1160,906,7876592
61,2020-09-02,982,2,1000,1015,962,1490366
58,2020-09-03,1025,43,995,1030,971,1027254
57,2020-09-04,1015,10,974,1090,971,3237746
56,2020-09-07,1030,15,1015,1080,988,2685739
55,2020-09-08,1005,25,1045,1065,998,1027967
54,2020-09-09,1015,10,993,1035,987,1080345
50,2020-09-10,1095,80,1030,1110,1015,3251929
49,2020-09-11,1065,30,1085,1085,1040,1175361
48,2020-09-14,1145,80,1090,1195,1070,7123669
47,2020-09-15,1180,35,1155,1280,1100,9905209
46,2020-09-16,1125,55,1210,1215,1095,2524765
43,2020-09-17,1095,30,1130,1130,1080,1275087
42,2020-09-18,1060,35,1100,1110,1045,968539
41,2020-09-21,1025,35,1060,1080,1000,802911
40,2020-09-22,1005,20,1010,1020,995,667628
39,2020-09-23,1020,15,1040,1040,990,553946
35,2020-09-24,987,33,990,1005,986,534025
34,2020-09-25,999,12,999,1010,988,244459
33,2020-09-28,1030,31,1010,1110,998,1186218
32,2020-09-29,1055,25,1040,1105,1030,1629982
31,2020-10-05,1070,15,1095,1105,1060,761425
28,2020-10-06,1095,25,1080,1145,1065,1380150
27,2020-10-07,1115,20,1085,1145,1080,1521694
26,2020-10-08,1110,5,1120,1145,1095,1378773
25,2020-10-12,1145,35,1110,1170,1100,1958302
24,2020-10-13,1125,20,1150,1170,1110,1167678
20,2020-10-14,1125,0,1125,1165,1105,2583868
19,2020-10-15,1105,20,1135,1155,1085,1501967
18,2020-10-16,1085,20,1115,1125,1050,826690
17,2020-10-19,1075,10,1105,1105,1055,375193
16,2020-10-20,1065,10,1055,1080,1020,658275
13,2020-10-21,1070,5,1060,1075,1045,381337
12,2020-10-22,1035,35,1065,1075,1030,335789
11,2020-10-23,1025,10,1035,1050,1020,353047
10,2020-10-26,1005,20,1025,1030,1000,464103
9,2020-10-27,1045,40,986,1060,978,785692
5,2020-10-28,1030,15,1010,1045,1010,469311
4,2020-10-29,1015,15,1000,1020,985,475012
3,2020-10-30,1010,5,1015,1025,999,419298
2,2020-11-02,1015,5,1010,1020,1000,355503
1,2020-11-03,1035,20,1025,1040,1020,325674
