,date,close,diff,open,high,low,volume
448,2019-08-16,894,54,825,928,825,3787930
447,2019-08-19,932,38,896,954,896,1654397
446,2019-08-20,929,3,930,934,900,1288659
445,2019-08-21,926,3,929,952,918,699944
444,2019-08-22,876,50,926,942,875,1636615
440,2019-08-23,838,38,876,876,830,1342472
439,2019-08-26,872,34,845,919,827,2415772
438,2019-08-27,848,24,865,887,843,818566
437,2019-08-28,867,19,848,875,840,631131
436,2019-08-29,855,12,870,887,851,419203
433,2019-08-30,847,8,863,863,840,562047
432,2019-09-02,843,4,842,857,839,323570
431,2019-09-03,843,0,843,859,840,611959
430,2019-09-04,849,6,853,855,838,515322
429,2019-09-05,887,38,853,919,851,1579070
425,2019-09-06,1005,118,908,1055,905,4755952
424,2019-09-09,1225,220,1050,1250,1040,9463182
423,2019-09-10,1165,60,1195,1275,1140,3314761
422,2019-09-11,1235,70,1170,1235,1105,3150926
421,2019-09-16,1325,90,1250,1325,1200,6114560
418,2019-09-17,931,394,1300,1395,930,49829869
417,2019-09-18,915,16,935,1020,894,14004980
416,2019-09-19,880,35,932,935,857,7282848
415,2019-09-20,863,17,901,901,853,3651665
414,2019-09-23,845,18,866,873,839,3235831
410,2019-09-24,837,8,847,865,827,2684595
409,2019-09-25,839,2,838,861,830,2665500
408,2019-09-26,810,29,845,847,798,2333046
407,2019-09-27,788,22,801,813,782,1728005
406,2019-09-30,750,38,782,787,715,2396059
403,2019-10-01,744,6,761,764,722,1518167
402,2019-10-02,807,63,744,836,736,5115237
401,2019-10-04,805,2,808,831,802,1716781
400,2019-10-07,764,41,785,800,759,1434122
399,2019-10-08,763,1,750,775,730,2679805
395,2019-10-10,750,13,746,771,740,1534883
394,2019-10-11,740,10,750,753,727,1535623
393,2019-10-14,737,3,740,745,732,1237605
392,2019-10-15,792,55,740,829,735,3764789
391,2019-10-16,782,10,802,817,772,1183835
388,2019-10-17,780,2,775,796,758,1178539
387,2019-10-18,753,27,770,795,740,2157635
386,2019-10-21,723,30,768,768,712,2619906
385,2019-10-22,727,4,710,741,681,2596719
384,2019-10-23,717,10,729,738,705,1207632
380,2019-10-24,711,6,717,724,691,1351657
379,2019-10-25,705,6,723,723,700,1067963
378,2019-10-28,708,3,706,721,699,942644
377,2019-10-29,716,8,708,735,698,1427648
376,2019-10-30,733,17,720,787,710,2413131
373,2019-10-31,761,28,730,772,730,2059446
372,2019-11-01,840,79,763,854,763,7949319
371,2019-11-04,840,0,879,880,833,3669400
370,2019-11-05,813,27,839,839,791,1377502
369,2019-11-06,849,36,816,885,790,3515784
365,2019-11-07,848,1,849,910,829,5815104
364,2019-11-08,842,6,846,868,832,1720804
363,2019-11-11,834,8,842,850,820,1068246
362,2019-11-12,807,27,835,835,798,1307990
361,2019-11-13,795,12,807,818,781,1381170
358,2019-11-14,786,9,809,809,773,677842
357,2019-11-15,788,2,775,791,774,929171
356,2019-11-18,755,33,781,785,750,1724653
355,2019-11-19,719,36,754,763,719,1701966
354,2019-11-20,765,46,725,828,719,6328010
350,2019-11-21,770,5,750,821,745,3528931
349,2019-11-22,756,14,762,795,747,1026074
348,2019-11-25,744,12,741,770,725,711300
347,2019-11-26,741,3,738,797,738,1167292
346,2019-11-27,738,3,742,760,738,572178
343,2019-11-28,726,12,737,738,717,1131427
342,2019-11-29,724,2,726,735,708,1026509
341,2019-12-02,724,0,711,731,711,732788
340,2019-12-03,737,13,724,742,717,759589
339,2019-12-04,722,15,727,741,720,723502
335,2019-12-05,815,93,733,836,732,11610545
334,2019-12-06,976,161,825,980,825,18369682
333,2019-12-09,1090,114,1125,1125,1010,17432806
332,2019-12-10,1210,120,1110,1295,930,20945320
331,2019-12-11,1230,20,1175,1275,1100,12809958
328,2019-12-12,1210,20,1180,1270,1150,6271575
327,2019-12-13,1420,210,1230,1510,1215,17821530
326,2019-12-16,1175,245,1445,1565,1060,22772303
325,2019-12-17,1450,275,1310,1480,1250,25064266
324,2019-12-18,1650,200,1550,1650,1435,21200518
320,2019-12-19,1650,0,0,0,0,0
319,2019-12-20,1565,85,1710,1790,1415,14460122
318,2019-12-23,1490,75,1560,1570,1400,5521413
317,2019-12-24,1045,445,1455,1455,1045,30702266
316,2019-12-26,842,203,894,1010,740,48641515
313,2019-12-27,824,18,851,874,807,12284792
312,2019-12-30,796,28,813,833,790,6745514
311,2020-01-02,1000,204,811,1025,795,36899269
310,2020-01-03,978,22,1030,1095,956,17262735
309,2020-01-06,923,55,958,962,821,11106385
305,2020-01-07,1020,97,912,1085,910,21512744
304,2020-01-08,986,34,1140,1145,983,15138046
303,2020-01-09,991,5,1020,1030,980,3729063
302,2020-01-10,991,0,1000,1030,957,3005261
301,2020-01-13,920,71,980,980,916,5969134
298,2020-01-14,919,1,936,937,903,2462495
297,2020-01-15,920,1,919,946,911,1904262
296,2020-01-16,932,12,921,937,905,1938058
295,2020-01-17,922,10,934,937,916,1701965
294,2020-01-20,908,14,925,925,853,3126975
290,2020-01-21,899,9,895,914,891,1027018
289,2020-01-22,1055,156,901,1075,901,17094156
288,2020-01-23,1030,25,1065,1085,1005,2538310
287,2020-01-28,1010,20,990,1040,952,2195368
286,2020-01-29,1020,10,1025,1045,999,1721757
283,2020-01-30,956,64,1020,1020,937,2939773
282,2020-01-31,902,54,938,947,884,4000726
281,2020-02-03,854,48,851,886,820,2742187
280,2020-02-04,855,1,870,893,846,2314701
279,2020-02-05,855,0,856,867,849,1938560
275,2020-02-06,855,0,856,876,835,2445665
274,2020-02-07,855,0,870,870,840,1255843
273,2020-02-10,832,23,847,860,832,1359948
272,2020-02-11,873,41,827,887,825,1904759
271,2020-02-12,868,5,873,884,849,1047405
268,2020-02-13,944,76,868,1015,868,22792555
267,2020-02-14,908,36,945,961,882,4971464
266,2020-02-17,897,11,908,917,885,1431892
265,2020-02-18,886,11,917,917,868,2035565
264,2020-02-19,861,25,886,895,857,1747836
260,2020-02-20,863,2,864,881,845,1445954
259,2020-02-21,851,12,872,872,831,1192344
258,2020-02-24,785,66,835,835,785,2168226
257,2020-02-25,800,15,780,818,774,1409425
256,2020-02-26,797,3,793,817,789,1097158
253,2020-02-27,779,18,790,801,776,1255349
252,2020-02-28,720,59,760,779,711,2287158
251,2020-03-02,776,56,730,800,725,2387847
250,2020-03-03,787,11,781,814,781,1664104
249,2020-03-04,796,9,781,810,780,828747
245,2020-03-05,825,29,810,870,802,2963149
244,2020-03-06,775,50,802,822,770,2267139
243,2020-03-09,766,9,774,786,759,1312174
242,2020-03-10,758,8,730,763,728,994053
241,2020-03-11,727,31,758,765,722,1366838
238,2020-03-12,680,47,711,727,679,1374233
237,2020-03-13,618,62,635,635,540,3060116
236,2020-03-16,618,0,645,673,613,1722390
235,2020-03-17,616,2,560,628,560,851713
234,2020-03-18,589,27,610,633,589,1124559
230,2020-03-19,497,92,589,617,494,3054037
229,2020-03-20,520,23,508,530,488,2211238
228,2020-03-23,486,34,509,510,480,1056543
227,2020-03-24,559,73,478,566,478,2705637
226,2020-03-25,570,11,599,615,551,2428912
223,2020-03-26,570,0,575,601,561,2558459
222,2020-03-27,572,2,597,607,551,2315573
221,2020-03-30,564,8,559,571,542,2119206
220,2020-03-31,580,16,583,591,567,2007311
219,2020-04-01,560,20,580,580,555,1971025
215,2020-04-02,550,10,560,562,537,968855
214,2020-04-03,552,2,563,564,544,1185556
213,2020-04-06,575,23,556,575,552,1396739
212,2020-04-07,620,45,591,640,586,3307959
211,2020-04-08,643,23,625,655,606,2431618
208,2020-04-09,720,77,648,750,648,9083155
207,2020-04-10,739,19,730,802,699,5991479
206,2020-04-13,712,27,745,750,702,1711170
205,2020-04-14,725,13,714,740,714,1098794
204,2020-04-16,702,23,724,724,685,1380476
200,2020-04-17,722,20,706,734,703,1344905
199,2020-04-20,720,2,730,731,710,1108891
198,2020-04-21,699,21,720,720,668,1645617
197,2020-04-22,688,11,690,696,675,831047
196,2020-04-23,702,14,699,706,688,1068590
193,2020-04-24,682,20,706,706,670,1312907
192,2020-04-27,691,9,680,693,672,773833
191,2020-04-28,677,14,688,695,672,669050
190,2020-04-29,694,17,676,697,671,1026759
189,2020-05-04,688,6,695,695,682,729943
185,2020-05-06,691,3,690,698,683,886827
184,2020-05-07,700,9,697,700,670,885736
183,2020-05-08,724,24,714,732,705,1990124
182,2020-05-11,725,1,735,776,704,5617797
181,2020-05-12,727,2,731,738,691,3742540
178,2020-05-13,712,15,707,724,703,954719
177,2020-05-14,695,17,712,712,690,961008
176,2020-05-15,687,8,695,701,680,902449
175,2020-05-18,682,5,687,696,675,642276
174,2020-05-19,687,5,682,691,673,809104
170,2020-05-20,691,4,690,700,685,529661
169,2020-05-21,676,15,683,691,670,1537151
168,2020-05-22,685,9,683,727,672,5078568
167,2020-05-25,677,8,682,683,671,957618
166,2020-05-26,678,1,680,680,671,900876
163,2020-05-27,674,4,679,680,670,1437377
162,2020-05-28,667,7,676,676,662,1122785
161,2020-05-29,655,12,664,668,645,1296541
160,2020-06-01,660,5,654,662,653,675242
159,2020-06-02,673,13,655,677,654,899856
155,2020-06-03,660,13,678,678,658,1460374
154,2020-06-04,651,9,660,662,650,1340395
153,2020-06-05,659,8,653,660,635,1270047
152,2020-06-08,659,0,655,675,655,1167271
151,2020-06-09,654,5,665,666,650,488008
148,2020-06-10,646,8,654,661,640,1019475
147,2020-06-11,635,11,646,653,630,1226025
146,2020-06-12,615,20,600,620,596,1113959
145,2020-06-15,555,60,608,609,548,1332183
144,2020-06-16,600,45,565,613,565,818227
140,2020-06-17,592,8,600,605,584,416927
139,2020-06-18,593,1,592,607,583,263813
138,2020-06-19,602,9,599,603,581,405395
137,2020-06-22,590,12,601,601,588,322772
136,2020-06-23,576,14,590,595,575,485827
133,2020-06-24,572,4,593,593,566,679197
132,2020-06-25,568,4,572,581,568,473325
131,2020-06-26,555,13,570,574,549,818430
130,2020-06-29,544,11,555,555,543,580823
129,2020-06-30,549,5,549,557,537,360769
125,2020-07-01,538,11,547,559,538,946016
124,2020-07-02,552,14,538,561,538,861308
123,2020-07-03,600,48,554,610,549,1970216
122,2020-07-06,580,20,603,605,577,888388
121,2020-07-07,572,8,580,585,566,568242
118,2020-07-08,565,7,573,580,560,243860
117,2020-07-09,559,6,569,572,551,620335
116,2020-07-10,539,20,553,565,538,1067059
115,2020-07-13,554,15,543,554,543,530540
114,2020-07-14,577,23,555,580,550,557841
110,2020-07-15,566,11,581,582,560,410544
109,2020-07-16,550,16,566,566,546,1021298
108,2020-07-17,553,3,557,559,549,368533
107,2020-07-20,552,1,550,555,541,435237
106,2020-07-21,558,6,551,559,546,440735
103,2020-07-22,553,5,558,562,548,423396
102,2020-07-23,544,9,554,557,542,545790
101,2020-07-24,539,5,543,547,532,456499
100,2020-07-27,538,1,540,540,525,713825
99,2020-07-28,530,8,538,549,530,353496
95,2020-07-29,527,3,530,541,522,800220
94,2020-07-30,522,5,527,528,521,328370
93,2020-07-31,526,4,521,528,516,385734
92,2020-08-03,523,3,522,531,521,487084
91,2020-08-04,531,8,523,535,522,407815
88,2020-08-05,524,7,530,530,520,575556
87,2020-08-06,525,1,526,526,516,601603
86,2020-08-07,523,2,520,528,518,653544
85,2020-08-10,521,2,523,526,515,1040287
84,2020-08-11,545,24,516,545,516,1431133
80,2020-08-12,537,8,544,544,515,628856
79,2020-08-13,547,10,537,555,528,504046
78,2020-08-14,535,12,551,551,531,303744
77,2020-08-18,510,25,536,550,510,1043260
76,2020-08-19,512,2,509,520,504,1012477
73,2020-08-20,363,149,391,412,363,19562738
72,2020-08-21,331,32,363,366,311,11130937
71,2020-08-24,356,25,331,363,313,5632380
70,2020-08-25,356,0,358,379,350,3379070
69,2020-08-26,356,0,356,366,346,1511748
65,2020-08-27,337,19,360,364,336,1614017
64,2020-08-28,347,10,337,355,331,2160310
63,2020-08-31,359,12,357,364,346,2196769
62,2020-09-01,356,3,359,366,350,1312349
61,2020-09-02,358,2,357,360,350,1409392
58,2020-09-03,368,10,360,368,354,1494133
57,2020-09-04,370,2,356,372,355,1419849
56,2020-09-07,362,8,373,373,360,934977
55,2020-09-08,357,5,362,370,355,730257
54,2020-09-09,350,7,354,355,347,1209953
50,2020-09-10,353,3,350,354,345,1025022
49,2020-09-11,362,9,353,367,353,1331357
48,2020-09-14,369,7,363,373,363,1167708
47,2020-09-15,361,8,369,372,358,794001
46,2020-09-16,361,0,362,365,355,731190
43,2020-09-17,381,20,361,468,347,19952301
42,2020-09-18,392,11,378,418,373,7000323
41,2020-09-21,374,18,393,397,374,1933299
40,2020-09-22,348,26,374,374,346,1927123
39,2020-09-23,344,4,348,353,339,1097048
35,2020-09-24,316,28,341,342,313,1981665
34,2020-09-25,333,17,317,349,317,1342996
33,2020-09-28,348,15,336,354,336,702404
32,2020-09-29,363,15,351,365,351,1138866
31,2020-10-05,368,5,363,371,363,686474
28,2020-10-06,365,3,368,375,360,952460
27,2020-10-07,357,8,364,365,353,866417
26,2020-10-08,359,2,361,364,356,465362
25,2020-10-12,396,37,360,400,353,3561328
24,2020-10-13,386,10,394,396,376,1498738
20,2020-10-14,386,0,386,402,375,2310461
19,2020-10-15,394,8,386,396,379,1264929
18,2020-10-16,400,6,391,417,385,2233344
17,2020-10-19,393,7,398,402,391,1595087
16,2020-10-20,376,17,393,393,375,1002916
13,2020-10-21,390,14,376,391,370,1596989
12,2020-10-22,397,7,390,400,381,3228219
11,2020-10-23,397,0,0,0,0,0
10,2020-10-26,397,0,0,0,0,0
9,2020-10-27,397,0,0,0,0,0
5,2020-10-28,397,0,0,0,0,0
4,2020-10-29,397,0,0,0,0,0
3,2020-10-30,397,0,0,0,0,0
2,2020-11-02,397,0,0,0,0,0
1,2020-11-03,397,0,0,0,0,0
