,date,close,diff,open,high,low,volume
448,2019-08-16,56800,2000,58400,58400,56500,150229
447,2019-08-19,58800,2000,58500,60700,58400,121516
446,2019-08-20,60200,1400,59000,60500,58700,70864
445,2019-08-21,59700,500,60000,60400,59100,56014
444,2019-08-22,60900,1200,59700,61200,59700,51651
440,2019-08-23,61000,100,60200,61400,59600,56894
439,2019-08-26,59500,1500,59500,61400,59400,57371
438,2019-08-27,59800,300,60100,61100,59800,34553
437,2019-08-28,60000,200,59800,60700,59600,37484
436,2019-08-29,60000,0,60500,60500,59500,31590
433,2019-08-30,60700,700,60100,61300,59800,55134
432,2019-09-02,60900,200,60800,61900,60700,29886
431,2019-09-03,60900,0,61200,61400,60200,29536
430,2019-09-04,61900,1000,60900,62000,60600,36563
429,2019-09-05,61100,800,62100,62400,60700,77489
425,2019-09-06,59900,1200,61500,61500,59700,70078
424,2019-09-09,59700,200,59900,60800,59700,47171
423,2019-09-10,61100,1400,59800,61400,59700,36792
422,2019-09-11,61600,500,61200,61600,60700,34911
421,2019-09-16,61100,500,61600,61600,60500,68090
418,2019-09-17,61200,100,60800,61600,60000,63377
417,2019-09-18,63200,2000,61000,63600,60500,95158
416,2019-09-19,62100,1100,63600,63600,61700,90816
415,2019-09-20,62700,600,62400,63700,62200,84619
414,2019-09-23,63500,800,62200,63900,62200,45623
410,2019-09-24,63200,300,64000,65000,63100,71576
409,2019-09-25,62900,300,63200,63900,62400,55544
408,2019-09-26,63300,400,63600,63900,62700,44453
407,2019-09-27,62700,600,63000,64200,62200,32252
406,2019-09-30,62300,400,62700,62800,61800,32282
403,2019-10-01,63300,1000,63500,64500,63000,56330
402,2019-10-02,62900,400,63200,63500,62300,38032
401,2019-10-04,62400,500,62900,63300,62300,45768
400,2019-10-07,61500,900,62400,62500,61000,50865
399,2019-10-08,61100,400,61200,61800,60700,39867
395,2019-10-10,61400,300,60600,61800,60300,32142
394,2019-10-11,61200,200,61500,61800,61000,29609
393,2019-10-14,61400,200,61700,61900,60800,41741
392,2019-10-15,60800,600,61400,61700,60500,40138
391,2019-10-16,60000,800,60700,61300,60000,50412
388,2019-10-17,59600,400,59900,60100,59300,38515
387,2019-10-18,58800,800,59400,60100,58800,45965
386,2019-10-21,58300,500,58600,59300,58200,36420
385,2019-10-22,58700,400,58600,58800,58100,49120
384,2019-10-23,57800,900,58400,58700,57100,61806
380,2019-10-24,59100,1300,58300,59400,57800,29274
379,2019-10-25,58900,200,59000,59300,58300,33776
378,2019-10-28,58400,500,58900,59100,58100,28124
377,2019-10-29,57700,700,58500,58900,57100,56647
376,2019-10-30,57300,400,58100,58400,57100,50206
373,2019-10-31,57700,400,57900,58300,57100,70105
372,2019-11-01,59600,1900,58000,59700,57800,53318
371,2019-11-04,60300,700,59600,60800,59200,50562
370,2019-11-05,60700,400,60300,61100,59900,30811
369,2019-11-06,62500,1800,60800,63000,59400,123446
365,2019-11-07,61900,600,62500,62500,61400,48228
364,2019-11-08,64200,2300,61400,64700,61400,143860
363,2019-11-11,63700,500,64900,64900,62900,49732
362,2019-11-12,64100,400,63900,64500,63200,62651
361,2019-11-13,63800,300,64000,64500,63200,38590
358,2019-11-14,63100,700,64100,65000,62900,41779
357,2019-11-15,63700,600,63100,64100,62900,29257
356,2019-11-18,64600,900,63700,64700,63600,38061
355,2019-11-19,64900,300,64600,65700,63600,42579
354,2019-11-20,64500,400,64500,66400,64500,93622
350,2019-11-21,62600,1900,64700,65800,62100,76552
349,2019-11-22,62800,200,63000,63700,62400,40370
348,2019-11-25,62700,100,62500,63300,61600,57764
347,2019-11-26,63100,400,63000,63600,62400,24772
346,2019-11-27,66700,3600,63200,67000,63200,187687
343,2019-11-28,66600,100,67000,68900,66400,109539
342,2019-11-29,67700,1100,67800,68400,67000,75058
341,2019-12-02,67300,400,67700,67900,66500,43745
340,2019-12-03,67600,300,66800,68400,65700,58788
339,2019-12-04,67700,100,67300,68700,66600,49833
335,2019-12-05,66300,1400,67800,68600,65500,52783
334,2019-12-06,66000,300,66000,66800,65500,29396
333,2019-12-09,66200,200,65500,66500,64600,62942
332,2019-12-10,65600,600,65800,66400,65200,35064
331,2019-12-11,65500,100,66200,67300,65100,39220
328,2019-12-12,65400,100,65700,65700,64200,75994
327,2019-12-13,66600,1200,66000,66900,64800,109973
326,2019-12-16,66500,100,66300,67500,65800,44688
325,2019-12-17,66500,0,66100,66900,65600,44290
324,2019-12-18,67000,500,67000,67000,65800,68515
320,2019-12-19,67500,500,66800,68300,65700,102343
319,2019-12-20,66100,1400,67400,68400,66100,65364
318,2019-12-23,65300,800,66400,67000,64700,52867
317,2019-12-24,64500,800,65100,65700,64100,57371
316,2019-12-26,64400,100,64400,65200,63800,40485
313,2019-12-27,65400,1000,65100,65800,65000,49608
312,2019-12-30,66800,1400,65400,67100,64800,54421
311,2020-01-02,65900,900,66600,66800,65600,33741
310,2020-01-03,65800,100,65900,67600,65600,55399
309,2020-01-06,64400,1400,65200,65700,64400,32719
305,2020-01-07,66500,2100,64600,66900,64500,49526
304,2020-01-08,65700,800,66500,66700,64700,54496
303,2020-01-09,68900,3200,66700,69000,66100,148280
302,2020-01-10,74600,5700,70700,75300,70300,307556
301,2020-01-13,77000,2400,75500,78300,74500,198374
298,2020-01-14,77300,300,77200,78500,75900,124442
297,2020-01-15,79000,1700,77800,79000,76900,100112
296,2020-01-16,79200,200,79200,80000,78300,76210
295,2020-01-17,76500,2700,79600,79900,76400,124729
294,2020-01-20,76000,500,76100,77300,75800,75548
290,2020-01-21,75900,100,75900,76700,75000,64791
289,2020-01-22,75900,0,76300,77300,75300,55442
288,2020-01-23,76000,100,75900,76800,74000,82119
287,2020-01-28,73900,2100,72500,75600,72500,64029
286,2020-01-29,77200,3300,74900,78400,74300,134959
283,2020-01-30,77600,400,77300,78900,75900,103385
282,2020-01-31,75500,2100,77100,78300,75500,71181
281,2020-02-03,75300,200,75000,76700,73900,72152
280,2020-02-04,78500,3200,76100,79000,75600,85336
279,2020-02-05,77800,700,78800,79300,77200,49881
275,2020-02-06,78000,200,78800,78900,76600,86280
274,2020-02-07,75700,2300,78000,78100,75300,105861
273,2020-02-10,75200,500,74400,76100,70100,257718
272,2020-02-11,75000,200,76900,79000,74700,165192
271,2020-02-12,73200,1800,74600,75600,72900,129875
268,2020-02-13,72100,1100,73200,74100,71900,93752
267,2020-02-14,71300,800,72900,72900,71000,117792
266,2020-02-17,72000,700,71500,72500,71100,91608
265,2020-02-18,71800,200,72500,72600,71500,61573
264,2020-02-19,74200,2400,71800,74700,70800,134063
260,2020-02-20,74100,100,74100,74900,73500,75131
259,2020-02-21,73100,1000,73500,76100,73100,103322
258,2020-02-24,73000,100,72100,73900,70900,139950
257,2020-02-25,75000,2000,72000,75300,71800,130293
256,2020-02-26,76200,1200,74300,76800,72800,138810
253,2020-02-27,73300,2900,76300,76500,72900,66185
252,2020-02-28,69700,3600,71700,72800,68600,104986
251,2020-03-02,73500,3800,70400,74700,69400,128605
250,2020-03-03,72300,1200,74900,75200,71800,100077
249,2020-03-04,75600,3300,72100,76000,71800,96428
245,2020-03-05,75800,200,76100,76500,74900,78746
244,2020-03-06,77300,1500,75000,78500,74500,166338
243,2020-03-09,74400,2900,77000,77600,73700,111667
242,2020-03-10,74400,0,73600,75000,72500,90633
241,2020-03-11,71000,3400,74700,74900,70700,97870
238,2020-03-12,67000,4000,70100,70800,66400,144787
237,2020-03-13,64800,2200,60200,66800,59900,250287
236,2020-03-16,63100,1700,66600,67500,63100,100912
235,2020-03-17,64600,1500,60500,64800,60500,108253
234,2020-03-18,59800,4800,64700,65700,59800,100630
230,2020-03-19,55000,4800,61200,62100,51800,212311
229,2020-03-20,59800,4800,55600,59800,55400,125559
228,2020-03-23,54900,4900,56400,56600,54800,98169
227,2020-03-24,60700,5800,56200,61700,56200,133344
226,2020-03-25,63400,2700,62700,64000,60700,84185
223,2020-03-26,61800,1600,63300,64700,60800,76743
222,2020-03-27,60800,1000,63500,63800,59700,142074
221,2020-03-30,63600,2800,60000,63600,59300,104766
220,2020-03-31,68500,4900,65000,69900,63900,200132
219,2020-04-01,68400,100,69000,71700,67000,149349
215,2020-04-02,70800,2400,68300,70900,66800,99599
214,2020-04-03,70900,100,71500,72100,70000,73519
213,2020-04-06,70800,100,71900,72800,70200,119866
212,2020-04-07,69400,1400,71800,72000,68600,156659
211,2020-04-08,69600,200,69300,70800,68800,72600
208,2020-04-09,68700,900,69600,70200,67900,123093
207,2020-04-10,69000,300,68800,69500,66700,84191
206,2020-04-13,68600,400,69200,69200,67600,57261
205,2020-04-14,69700,1100,69300,70900,68700,106886
204,2020-04-16,74000,4300,69900,74100,69200,173208
200,2020-04-17,73900,100,75500,75500,73300,141941
199,2020-04-20,73200,700,73900,74500,72500,76034
198,2020-04-21,72600,600,73000,74600,70000,99145
197,2020-04-22,73400,800,73100,73600,72000,77298
196,2020-04-23,75800,2400,73700,77200,73400,160485
193,2020-04-24,76500,700,76200,77500,75000,123388
192,2020-04-27,77400,900,77000,78000,76000,86541
191,2020-04-28,76200,1200,77600,77600,75000,70522
190,2020-04-29,76400,200,76100,76800,74700,88759
189,2020-05-04,76900,500,75000,77700,74700,85942
185,2020-05-06,79500,2600,77600,80500,77600,153532
184,2020-05-07,81500,2000,81800,83700,79500,233202
183,2020-05-08,83000,1500,85000,86600,83000,257439
182,2020-05-11,88200,5200,84200,89900,83700,355552
181,2020-05-12,90300,2100,89000,92200,88700,302296
178,2020-05-13,92300,2000,90000,95000,89300,302558
177,2020-05-14,95900,3600,91500,96500,91000,316520
176,2020-05-15,92500,3400,96000,96100,90600,278923
175,2020-05-18,88800,3700,91500,93500,88400,232136
174,2020-05-19,85200,3600,88100,88300,84000,498364
170,2020-05-20,89400,4200,86000,89400,85700,287855
169,2020-05-21,88900,500,91200,91300,88300,178142
168,2020-05-22,89500,600,88700,90700,88400,127599
167,2020-05-25,91800,2300,90200,93100,89500,211331
166,2020-05-26,90100,1700,93000,93300,88700,218837
163,2020-05-27,88900,1200,89900,89900,86300,268152
162,2020-05-28,86700,2200,89500,89500,85700,214293
161,2020-05-29,87300,600,87300,88900,86500,127768
160,2020-06-01,89100,1800,88000,89300,87900,100632
159,2020-06-02,88700,400,89200,89400,87700,71441
155,2020-06-03,85200,3500,89200,89200,84500,303499
154,2020-06-04,85700,500,85200,87200,84700,159578
153,2020-06-05,83200,2500,86400,86400,82700,218019
152,2020-06-08,83700,500,83600,84100,82300,180021
151,2020-06-09,83000,700,83900,84200,82000,141908
148,2020-06-10,86000,3000,84000,87000,83600,243954
147,2020-06-11,86500,500,87100,88800,85900,222042
146,2020-06-12,86300,200,83500,87100,83000,134468
145,2020-06-15,81000,5300,86200,86500,80500,139999
144,2020-06-16,84100,3100,83000,84200,82600,77261
140,2020-06-17,84500,400,84000,86900,83500,93439
139,2020-06-18,85200,700,86100,86200,84500,71253
138,2020-06-19,84300,900,85500,85700,82400,101377
137,2020-06-22,85000,700,84000,86000,82400,90836
136,2020-06-23,89600,4600,86800,90400,85700,330077
133,2020-06-24,88600,1000,91000,91100,87300,155005
132,2020-06-25,84600,4000,86900,87400,83700,143789
131,2020-06-26,83300,1300,85600,85600,83000,106992
130,2020-06-29,80500,2800,82400,84100,79900,118254
129,2020-06-30,82700,2200,82100,83400,80600,106603
125,2020-07-01,80900,1800,82900,83400,80900,82719
124,2020-07-02,82700,1800,81600,82900,80500,73161
123,2020-07-03,82100,600,83300,83300,81600,69908
122,2020-07-06,83400,1300,82400,84200,82000,103450
121,2020-07-07,86900,3500,84400,87500,83500,216417
118,2020-07-08,90300,3400,88200,92000,87800,410281
117,2020-07-09,90200,100,90900,92000,88900,195140
116,2020-07-10,89500,700,91100,91800,87900,181836
115,2020-07-13,89000,500,91100,91300,87600,126187
114,2020-07-14,86400,2600,88800,88800,85900,149925
110,2020-07-15,85400,1000,86500,86700,84600,148594
109,2020-07-16,83500,1900,85100,85300,83300,100407
108,2020-07-17,84400,900,83500,84700,83300,71905
107,2020-07-20,82200,2200,84800,84800,81300,111266
106,2020-07-21,83000,800,83500,84700,82300,141723
103,2020-07-22,81900,1100,83100,83100,80900,125607
102,2020-07-23,82300,400,82100,82600,81200,89624
101,2020-07-24,82000,300,81300,82400,80900,72669
100,2020-07-27,82400,400,82200,82700,81600,51001
99,2020-07-28,82000,400,83300,83300,81800,67829
95,2020-07-29,81500,500,82000,82000,81000,65453
94,2020-07-30,81300,200,81600,82000,81100,71002
93,2020-07-31,82400,1100,81300,83900,81300,135692
92,2020-08-03,84900,2500,83600,85200,82600,143283
91,2020-08-04,85000,100,85500,85500,83500,99023
88,2020-08-05,88200,3200,85800,88200,85100,184607
87,2020-08-06,87500,700,88500,88900,86200,132748
86,2020-08-07,82300,5200,87400,87400,81700,436108
85,2020-08-10,81500,800,82300,82700,80600,191849
84,2020-08-11,79800,1700,81500,81500,79700,368449
80,2020-08-12,78700,1100,80000,80600,78100,272626
79,2020-08-13,78400,300,79500,79500,78300,187289
78,2020-08-14,78200,200,78900,80000,77800,118307
77,2020-08-18,78300,100,78900,79900,77500,157333
76,2020-08-19,77400,900,78400,79200,76900,135283
73,2020-08-20,72600,4800,76900,77200,71600,265370
72,2020-08-21,73100,500,73400,74600,70900,173648
71,2020-08-24,73400,300,73100,73900,71400,104366
70,2020-08-25,74800,1400,73900,74900,73200,105913
69,2020-08-26,73900,900,74800,75500,73200,141234
65,2020-08-27,73100,800,73900,76200,73100,193258
64,2020-08-28,73100,0,73300,73900,72600,101025
63,2020-08-31,72900,200,73500,74900,72400,118738
62,2020-09-01,73000,100,72900,73500,72400,88623
61,2020-09-02,74200,1200,73500,74300,73000,98068
58,2020-09-03,75500,1300,74400,75800,73500,181043
57,2020-09-04,80200,4700,73500,81500,73000,683908
56,2020-09-07,81400,1200,83000,84700,80200,534246
55,2020-09-08,79900,1500,82500,83600,79600,282812
54,2020-09-09,79600,300,78500,80700,77900,175669
50,2020-09-10,79200,400,80100,80400,78100,149754
49,2020-09-11,79700,500,79000,79700,78300,90156
48,2020-09-14,78900,800,80100,80200,78500,85094
47,2020-09-15,78300,600,78900,79000,77600,102731
46,2020-09-16,77800,500,78200,79000,77100,80043
43,2020-09-17,76400,1400,77100,77500,75100,135416
42,2020-09-18,78500,2100,76100,78500,75200,75821
41,2020-09-21,76300,2200,78000,78000,75900,109260
40,2020-09-22,73500,2800,76100,76200,73100,135059
39,2020-09-23,74500,1000,74200,74900,71700,68912
35,2020-09-24,72200,2300,72600,73700,71600,98263
34,2020-09-25,72100,100,72200,73000,70900,73081
33,2020-09-28,73500,1400,72300,73700,72300,67589
32,2020-09-29,74400,900,73700,74800,73400,61921
31,2020-10-05,74900,500,74200,75200,73800,43709
28,2020-10-06,75000,100,75500,75600,74600,37728
27,2020-10-07,75200,200,74900,76100,74100,48975
26,2020-10-08,75500,300,75500,75900,75200,47306
25,2020-10-12,77300,1800,75900,77600,75200,81333
24,2020-10-13,77000,300,77500,77600,76300,40714
20,2020-10-14,75600,1400,77000,77000,74700,49455
19,2020-10-15,74300,1300,75600,75600,73400,50967
18,2020-10-16,73400,900,74400,74500,72800,49712
17,2020-10-19,73000,400,73500,74200,73000,42637
16,2020-10-20,74100,1100,72500,74600,71500,77119
13,2020-10-21,74700,600,74200,74900,73100,36770
12,2020-10-22,74100,600,74600,75200,73700,32872
11,2020-10-23,73100,1000,74100,74500,73100,33106
10,2020-10-26,71800,1300,73300,73300,71800,35157
9,2020-10-27,70400,1400,71200,72300,70000,76199
5,2020-10-28,71600,1200,70400,71700,70400,35659
4,2020-10-29,71000,600,70700,71000,70100,45159
3,2020-10-30,69400,1600,71100,71400,69400,39319
2,2020-11-02,71200,1800,69600,71400,69600,26503
1,2020-11-03,70300,900,71400,71600,70300,51059
