,date,close,diff,open,high,low,volume
448,2019-08-16,1745,25,1760,1760,1715,35032
447,2019-08-19,1750,5,1750,1785,1700,62668
446,2019-08-20,1750,0,1785,1785,1740,40307
445,2019-08-21,1740,10,1770,1770,1710,105818
444,2019-08-22,1760,20,1760,1765,1740,50191
440,2019-08-23,1745,15,1740,1770,1735,31617
439,2019-08-26,1705,40,1720,1740,1690,49917
438,2019-08-27,1695,10,1770,1770,1680,25588
437,2019-08-28,1700,5,1760,1760,1695,112240
436,2019-08-29,1705,5,1680,1755,1680,32451
433,2019-08-30,1720,15,1710,1755,1700,65243
432,2019-09-02,1730,10,1720,1745,1650,112176
431,2019-09-03,1735,5,1730,1800,1695,137023
430,2019-09-04,1770,35,1735,1810,1735,120202
429,2019-09-05,1900,130,1770,1935,1770,587003
425,2019-09-06,1890,10,1890,1895,1855,186710
424,2019-09-09,1980,90,1855,2015,1855,389324
423,2019-09-10,1930,50,1980,1980,1810,408048
422,2019-09-11,2000,70,1930,2020,1910,398623
421,2019-09-16,2000,0,2070,2080,1950,185681
418,2019-09-17,2060,60,2045,2060,1945,235848
417,2019-09-18,2290,230,2135,2290,2075,821989
416,2019-09-19,2420,130,2285,2465,2240,561180
415,2019-09-20,2425,5,2380,2795,2355,2286059
414,2019-09-23,2705,280,2800,2800,2460,1752043
410,2019-09-24,2430,275,2675,2700,2305,2459726
409,2019-09-25,2315,115,2340,2420,2250,743306
408,2019-09-26,2305,10,2320,2340,2205,334149
407,2019-09-27,2300,5,2260,2350,2260,147531
406,2019-09-30,2355,55,2225,2375,2215,139466
403,2019-10-01,2260,95,2395,2395,2220,163066
402,2019-10-02,2305,45,2280,2335,2245,113679
401,2019-10-04,2350,45,2290,2370,2285,278022
400,2019-10-07,2345,5,2350,2380,2225,454950
399,2019-10-08,2275,70,2350,2370,2225,314146
395,2019-10-10,2275,0,2215,2310,2180,269970
394,2019-10-11,2170,105,2315,2315,2155,239622
393,2019-10-14,2280,110,2170,2335,2160,314418
392,2019-10-15,2395,115,2305,2495,2275,681039
391,2019-10-16,2355,40,2360,2445,2295,223175
388,2019-10-17,2480,125,2370,2485,2320,497026
387,2019-10-18,2270,210,2490,2490,2255,836002
386,2019-10-21,2175,95,2270,2270,2115,318007
385,2019-10-22,2180,5,2230,2230,2145,186780
384,2019-10-23,2150,30,2230,2230,2030,294309
380,2019-10-24,2125,25,2065,2210,2000,368445
379,2019-10-25,2125,0,2125,2240,2040,332994
378,2019-10-28,2000,125,2170,2170,1955,451974
377,2019-10-29,2155,155,2025,2165,1995,227461
376,2019-10-30,2060,95,2155,2180,2060,220404
373,2019-10-31,1985,75,2070,2075,1915,353990
372,2019-11-01,1975,10,1995,1995,1900,198812
371,2019-11-04,2040,65,2000,2070,1940,337761
370,2019-11-05,1970,70,2065,2065,1945,248938
369,2019-11-06,1970,0,2000,2000,1935,90595
365,2019-11-07,1975,5,1980,2000,1955,68568
364,2019-11-08,1975,0,1980,2000,1965,76958
363,2019-11-11,1915,60,1995,1995,1905,63442
362,2019-11-12,2025,110,1915,2025,1895,98108
361,2019-11-13,1955,70,2020,2020,1920,64425
358,2019-11-14,1940,15,1955,1960,1905,63660
357,2019-11-15,1820,120,1880,1900,1660,489351
356,2019-11-18,1790,30,1830,1850,1720,149097
355,2019-11-19,1865,75,1800,1900,1770,142173
354,2019-11-20,1845,20,1865,1895,1800,79238
350,2019-11-21,1770,75,1845,1870,1755,116891
349,2019-11-22,1710,60,1780,1785,1595,247476
348,2019-11-25,1750,40,1735,1770,1660,126616
347,2019-11-26,1720,30,1795,1795,1690,104455
346,2019-11-27,1630,90,1720,1730,1630,116754
343,2019-11-28,1615,15,1650,1660,1600,116307
342,2019-11-29,1630,15,1650,1700,1610,105118
341,2019-12-02,1640,10,1640,1700,1615,74973
340,2019-12-03,1660,20,1600,1680,1600,76360
339,2019-12-04,1585,75,1640,1640,1550,204759
335,2019-12-05,1580,5,1585,1610,1540,92624
334,2019-12-06,1775,195,1580,1820,1550,451207
333,2019-12-09,1850,75,1775,2070,1725,652972
332,2019-12-10,1930,80,1850,1960,1845,226098
331,2019-12-11,1860,70,1855,1960,1840,186460
328,2019-12-12,1830,30,1855,1890,1815,99115
327,2019-12-13,1775,55,1875,1875,1775,118418
326,2019-12-16,1775,0,1755,1800,1700,76343
325,2019-12-17,1880,105,1775,1890,1775,306589
324,2019-12-18,1850,30,1880,1950,1825,414196
320,2019-12-19,1920,70,1850,1920,1800,268167
319,2019-12-20,1965,45,1920,2020,1865,310989
318,2019-12-23,1970,5,1940,2000,1890,241656
317,2019-12-24,1925,45,1930,1995,1865,147317
316,2019-12-26,1945,20,1965,1970,1880,159749
313,2019-12-27,1975,30,1950,2000,1860,469694
312,2019-12-30,1940,35,1930,1990,1915,349141
311,2020-01-02,1945,5,1960,2000,1895,194316
310,2020-01-03,1955,10,1945,1965,1905,175806
309,2020-01-06,2020,65,1920,2030,1905,577073
305,2020-01-07,1900,120,1985,2030,1860,597761
304,2020-01-08,1855,45,1900,1985,1730,687453
303,2020-01-09,1795,60,1885,1930,1735,520969
302,2020-01-10,1730,65,1820,1830,1720,259095
301,2020-01-13,1740,10,1760,1760,1730,90203
298,2020-01-14,1800,60,1765,1800,1690,109309
297,2020-01-15,1850,50,1820,1850,1750,166797
296,2020-01-16,2075,225,1900,2085,1850,1849844
295,2020-01-17,2125,50,2120,2165,1995,1108584
294,2020-01-20,1950,175,2140,2230,1930,1171816
290,2020-01-21,1885,65,1960,2000,1875,344389
289,2020-01-22,2075,190,1880,2165,1880,1200723
288,2020-01-23,2070,5,2050,2140,1975,582199
287,2020-01-28,1960,110,1975,2105,1945,484549
286,2020-01-29,2025,65,1995,2060,1945,440133
283,2020-01-30,2000,25,1995,2050,1960,430082
282,2020-01-31,2005,5,1985,2055,1970,495604
281,2020-02-03,2015,10,1905,2040,1905,301392
280,2020-02-04,1985,30,2015,2035,1965,289161
279,2020-02-05,1930,55,1975,2030,1875,411478
275,2020-02-06,1845,85,1930,1945,1740,941600
274,2020-02-07,1800,45,1845,1860,1780,194020
273,2020-02-10,1855,55,1800,1910,1730,433635
272,2020-02-11,1830,25,1875,1955,1815,562607
271,2020-02-12,1885,55,1840,1940,1820,455555
268,2020-02-13,1875,10,1880,1970,1855,654858
267,2020-02-14,1810,65,1890,1910,1780,293577
266,2020-02-17,1895,85,1810,1975,1760,592587
265,2020-02-18,1845,50,1895,1895,1830,198616
264,2020-02-19,1835,10,1805,1850,1780,223140
260,2020-02-20,1765,70,1810,1840,1695,275745
259,2020-02-21,1850,85,1715,1885,1640,759916
258,2020-02-24,1715,135,1840,1870,1705,215728
257,2020-02-25,1710,5,1715,1735,1645,149463
256,2020-02-26,1680,30,1705,1720,1600,182537
253,2020-02-27,1610,70,1665,1700,1540,172518
252,2020-02-28,1600,10,1600,1610,1490,287574
251,2020-03-02,1615,15,1610,1670,1575,129988
250,2020-03-03,1595,20,1690,1690,1590,162483
249,2020-03-04,1665,70,1595,1680,1580,101310
245,2020-03-05,1660,5,1665,1695,1630,111844
244,2020-03-06,1590,70,1660,1660,1570,80488
243,2020-03-09,1495,95,1590,1590,1480,132399
242,2020-03-10,1450,45,1495,1495,1380,206713
241,2020-03-11,1435,15,1450,1475,1400,113680
238,2020-03-12,1345,90,1435,1435,1280,340193
237,2020-03-13,1225,120,1270,1310,1120,406687
236,2020-03-16,1410,185,1240,1590,1120,769503
235,2020-03-17,1450,40,1210,1450,1210,342171
234,2020-03-18,1560,110,1410,1845,1390,3433304
230,2020-03-19,1460,100,1605,1655,1205,816167
229,2020-03-20,1610,150,1465,1635,1450,884592
228,2020-03-23,1480,130,1470,1610,1400,488140
227,2020-03-24,1585,105,1480,1600,1470,434217
226,2020-03-25,1740,155,1795,1835,1660,974077
223,2020-03-26,1730,10,1750,1880,1700,801284
222,2020-03-27,1665,65,1745,1815,1630,486830
221,2020-03-30,1835,170,1650,1835,1650,633213
220,2020-03-31,1900,65,1890,1930,1820,565320
219,2020-04-01,1850,50,1900,1950,1845,347177
215,2020-04-02,1840,10,1860,1860,1710,245222
214,2020-04-03,1940,100,1845,1955,1810,619032
213,2020-04-06,1980,40,1940,2110,1935,925759
212,2020-04-07,2210,230,2025,2225,1980,1306359
211,2020-04-08,2390,180,2160,2390,2140,1014226
208,2020-04-09,2400,10,2390,2500,2155,1076905
207,2020-04-10,2355,45,2405,2405,2215,294926
206,2020-04-13,2260,95,2465,2465,2210,464403
205,2020-04-14,2260,0,2275,2350,2150,511163
204,2020-04-16,2255,5,2290,2290,2150,235508
200,2020-04-17,2200,55,2300,2300,2185,360941
199,2020-04-20,2350,150,2215,2460,2205,574219
198,2020-04-21,2310,40,2350,2390,2140,423555
197,2020-04-22,2380,70,2200,2390,2200,313383
196,2020-04-23,2535,155,2400,2570,2380,1430501
193,2020-04-24,2400,135,2530,2620,2400,1599391
192,2020-04-27,2430,30,2500,2520,2255,843880
191,2020-04-28,2430,0,2430,2490,2340,617596
190,2020-04-29,2440,10,2510,2640,2350,1821910
189,2020-05-04,2290,150,2345,2420,2200,743244
185,2020-05-06,2150,140,2305,2340,2070,670793
184,2020-05-07,2200,50,2165,2215,2075,425667
183,2020-05-08,2440,240,2270,2465,2200,607668
182,2020-05-11,2375,65,2800,2890,2260,3159383
181,2020-05-12,2390,15,2340,2415,2290,735358
178,2020-05-13,2325,65,2415,2420,2250,609045
177,2020-05-14,2340,15,2280,2360,2270,193819
176,2020-05-15,2300,40,2380,2380,2275,229902
175,2020-05-18,2370,70,2305,2435,2275,518726
174,2020-05-19,2280,90,2390,2400,2155,1251020
170,2020-05-20,2320,40,2260,2330,2225,403150
169,2020-05-21,2325,5,2325,2365,2310,345931
168,2020-05-22,2330,5,2325,2380,2305,233922
167,2020-05-25,2385,55,2330,2415,2330,409493
166,2020-05-26,2435,50,2395,2530,2335,891453
163,2020-05-27,2515,80,2460,2590,2460,733477
162,2020-05-28,2490,25,2500,2590,2430,484372
161,2020-05-29,2675,185,2490,2700,2400,1343877
160,2020-06-01,2840,165,2700,2915,2675,1392994
159,2020-06-02,2810,30,2925,2925,2735,762763
155,2020-06-03,2735,75,2770,2830,2690,462363
154,2020-06-04,2710,25,2710,2775,2600,702102
153,2020-06-05,2860,150,2760,2900,2725,1028152
152,2020-06-08,2815,45,2890,2995,2800,557728
151,2020-06-09,2800,15,2940,2940,2690,381580
148,2020-06-10,2770,30,2855,2855,2700,394632
147,2020-06-11,2710,60,2755,2785,2685,275248
146,2020-06-12,2875,165,2560,2880,2560,697747
145,2020-06-15,3000,125,2875,3735,2855,8021111
144,2020-06-16,3200,200,3510,3570,3095,4189982
140,2020-06-17,3430,230,3700,4065,3300,7555203
139,2020-06-18,3285,145,3355,3400,3200,1249173
138,2020-06-19,3195,90,3250,3250,3010,1272243
137,2020-06-22,3195,0,3155,3335,3135,340251
136,2020-06-23,3150,45,3160,3250,3120,488126
133,2020-06-24,3345,195,3150,3440,3110,1303478
132,2020-06-25,3275,70,3310,3400,3225,555351
131,2020-06-26,3190,85,3275,3275,3090,1049171
130,2020-06-29,3175,15,3160,3315,3120,773812
129,2020-06-30,3200,25,3255,3450,3140,485362
125,2020-07-01,3200,0,3300,3300,3130,273165
124,2020-07-02,3020,180,3225,3300,2970,574934
123,2020-07-03,3300,280,3080,3325,2945,918957
122,2020-07-06,3250,50,3290,3300,3155,424015
121,2020-07-07,3160,90,3285,3300,3050,437920
118,2020-07-08,3340,180,3180,3420,3140,476684
117,2020-07-09,3250,90,3345,3400,3190,602859
116,2020-07-10,3225,25,3270,3270,3175,194674
115,2020-07-13,3170,55,3230,3255,3140,430673
114,2020-07-14,3100,70,3170,3190,3060,432853
110,2020-07-15,3360,260,3100,3370,3085,1298886
109,2020-07-16,3140,220,3310,3380,3005,2362321
108,2020-07-17,3160,20,3140,3300,3040,1467711
107,2020-07-20,3075,85,3125,3150,3060,357525
106,2020-07-21,3095,20,3075,3140,3050,333572
103,2020-07-22,3085,10,3095,3130,3060,182725
102,2020-07-23,3060,25,3065,3100,3030,267765
101,2020-07-24,3035,25,3075,3090,2985,353373
100,2020-07-27,3015,20,3035,3035,2955,308893
99,2020-07-28,3110,95,3000,3195,2950,449134
95,2020-07-29,3075,35,3115,3140,3010,177161
94,2020-07-30,3070,5,3135,3135,2990,207998
93,2020-07-31,3010,60,3050,3140,2995,168136
92,2020-08-03,2995,15,3010,3025,2980,193170
91,2020-08-04,3040,45,3000,3045,2940,326239
88,2020-08-05,3090,50,3165,3195,3060,632838
87,2020-08-06,3050,40,3080,3100,3000,169299
86,2020-08-07,3095,45,3030,3125,3000,264636
85,2020-08-10,3070,25,3095,3100,3040,174552
84,2020-08-11,3100,30,3070,3140,3020,361147
80,2020-08-12,3050,50,3100,3100,3020,180426
79,2020-08-13,3070,20,3050,3090,3035,166736
78,2020-08-14,3085,15,3070,3170,2980,446864
77,2020-08-18,3015,70,3065,3160,3000,340400
76,2020-08-19,3060,45,3020,3095,2990,389618
73,2020-08-20,3030,30,3015,3315,2995,1508993
72,2020-08-21,2950,80,3000,3190,2840,1548108
71,2020-08-24,2870,80,2960,2970,2825,281635
70,2020-08-25,2750,120,2870,2870,2675,907156
69,2020-08-26,2850,100,2750,2915,2710,716198
65,2020-08-27,2850,0,2855,2940,2755,593106
64,2020-08-28,2800,50,2840,2900,2770,305901
63,2020-08-31,2765,35,2800,2825,2750,237353
62,2020-09-01,2780,15,2740,2790,2720,180144
61,2020-09-02,2895,115,2785,2895,2780,266941
58,2020-09-03,2895,0,2930,3050,2880,587069
57,2020-09-04,2900,5,2800,2925,2780,344363
56,2020-09-07,2900,0,2900,2975,2865,292306
55,2020-09-08,2830,70,2850,2900,2815,166122
54,2020-09-09,2780,50,2875,2875,2770,189065
50,2020-09-10,2795,15,2780,2845,2750,233188
49,2020-09-11,2785,10,2795,2920,2780,223415
48,2020-09-14,2935,150,2785,2945,2775,475011
47,2020-09-15,3230,295,2970,3280,2930,3262976
46,2020-09-16,3145,85,3230,3300,3140,699678
43,2020-09-17,3145,0,3195,3320,3070,511985
42,2020-09-18,3055,90,3145,3180,3055,327700
41,2020-09-21,3095,40,3055,3230,3000,580407
40,2020-09-22,3305,210,3140,3345,3020,1542087
39,2020-09-23,3600,295,3330,3660,3200,2638031
35,2020-09-24,3755,155,3575,3800,3515,2995703
34,2020-09-25,4345,590,3770,4490,3755,4805268
33,2020-09-28,4315,30,4375,4585,4000,2775021
32,2020-09-29,4480,165,4360,4545,4315,1188188
31,2020-10-05,4670,190,4485,4740,4450,1355957
28,2020-10-06,5300,630,4630,5300,4595,4027868
27,2020-10-07,5700,400,5200,6000,5150,3845106
26,2020-10-08,6100,400,5760,6190,5550,2302711
25,2020-10-12,5940,160,6180,6650,5650,1869033
24,2020-10-13,5600,340,5940,6040,5600,1160367
20,2020-10-14,5400,200,5530,5790,5150,1595911
19,2020-10-15,4970,430,5460,5720,4965,1688499
18,2020-10-16,4765,205,4905,4965,4665,887449
17,2020-10-19,4110,655,4775,4775,4110,2018732
16,2020-10-20,3840,270,4000,4190,3650,2894600
13,2020-10-21,4365,525,4075,4720,4010,5053124
12,2020-10-22,4420,55,4480,4605,4190,1134197
11,2020-10-23,3355,1065,4720,4730,3225,6663495
10,2020-10-26,2350,1005,3310,3310,2350,15273841
9,2020-10-27,2350,0,2350,2455,2225,9019223
5,2020-10-28,2415,65,2290,2455,1805,29999289
4,2020-10-29,2690,275,2350,2940,2265,22818044
3,2020-10-30,2730,40,2810,2900,2580,6637643
2,2020-11-02,2730,0,2775,2795,2650,2454167
1,2020-11-03,3115,385,2770,3285,2710,17530894
