,date,close,diff,open,high,low,volume
448,2019-08-16,12000,300,11900,12150,11600,23138
447,2019-08-19,11850,150,11900,12100,11550,8581
446,2019-08-20,12200,350,11900,12300,11800,9336
445,2019-08-21,12350,150,12300,12600,12100,7408
444,2019-08-22,12400,50,12400,12650,12300,8407
440,2019-08-23,12050,350,12400,12400,11950,15297
439,2019-08-26,11750,300,11800,12050,11500,20922
438,2019-08-27,11900,150,11800,12000,11650,8291
437,2019-08-28,11900,0,11950,12000,11800,6072
436,2019-08-29,11850,50,11900,12050,11600,6833
433,2019-08-30,12050,200,11950,12100,11800,15467
432,2019-09-02,12150,100,12300,12300,11950,5358
431,2019-09-03,12250,100,12150,12500,12100,8765
430,2019-09-04,12800,550,12300,12900,12200,28780
429,2019-09-05,12750,50,12900,12900,12500,15584
425,2019-09-06,12750,0,12950,12950,12600,8912
424,2019-09-09,12500,250,12950,12950,12400,4863
423,2019-09-10,12450,50,12500,12850,12350,5979
422,2019-09-11,12500,50,12400,12500,12250,9039
421,2019-09-16,12500,0,12500,12650,12450,6452
418,2019-09-17,12600,100,12500,12650,12300,11916
417,2019-09-18,12450,150,12800,12800,12250,21818
416,2019-09-19,12000,450,12450,12450,11950,29444
415,2019-09-20,12300,300,12100,12350,12050,10800
414,2019-09-23,12150,150,12150,12350,12050,10116
410,2019-09-24,12400,250,12100,12450,12000,10928
409,2019-09-25,12000,400,12400,12400,12000,11565
408,2019-09-26,12000,0,12000,12100,11900,10218
407,2019-09-27,12100,100,11950,12150,11800,11076
406,2019-09-30,11900,200,12100,12200,11550,14678
403,2019-10-01,12000,100,11750,12000,11700,5153
402,2019-10-02,11700,300,11800,11900,11550,6484
401,2019-10-04,12350,650,11750,13500,11450,189517
400,2019-10-07,12200,150,12400,12550,12000,16446
399,2019-10-08,12300,100,12000,12300,11850,12553
395,2019-10-10,12200,100,12300,12300,11950,8347
394,2019-10-11,12100,100,12150,12200,11950,9493
393,2019-10-14,11950,150,11900,12100,11800,22151
392,2019-10-15,12200,250,11950,12200,11800,14416
391,2019-10-16,12200,0,12250,12300,12100,15765
388,2019-10-17,12050,150,12200,12300,12050,5962
387,2019-10-18,12050,0,12050,12100,11900,3931
386,2019-10-21,12000,50,12150,12250,11900,7194
385,2019-10-22,12050,50,11950,12100,11850,11051
384,2019-10-23,11900,150,11950,12000,11850,5477
380,2019-10-24,11900,0,11900,12000,11700,9246
379,2019-10-25,11600,300,11850,11900,11600,8879
378,2019-10-28,11950,350,11700,11950,11600,3501
377,2019-10-29,12000,50,11900,12000,11800,4755
376,2019-10-30,12200,200,12000,12300,11650,16932
373,2019-10-31,12050,150,12200,12300,12050,10794
372,2019-11-01,12200,150,12050,12200,11900,6063
371,2019-11-04,12150,50,12200,12200,12000,4930
370,2019-11-05,11900,250,12050,12200,11850,9362
369,2019-11-06,12150,250,11900,12150,11600,19775
365,2019-11-07,12000,150,12150,12150,11900,4529
364,2019-11-08,11950,50,11850,12050,11850,7705
363,2019-11-11,12000,50,12050,12050,11800,5988
362,2019-11-12,11950,50,12050,12050,11800,5921
361,2019-11-13,11900,50,11900,11950,11700,7076
358,2019-11-14,11800,100,11900,11950,11600,9887
357,2019-11-15,11700,100,11700,12000,11600,21916
356,2019-11-18,11250,450,11500,11800,10800,87965
355,2019-11-19,10950,300,11250,11250,10850,26146
354,2019-11-20,10750,200,11150,11200,10750,16862
350,2019-11-21,10800,50,10600,10850,10200,21016
349,2019-11-22,10600,200,10800,10900,10450,21566
348,2019-11-25,10900,300,10550,10900,10550,10573
347,2019-11-26,10950,50,11000,11000,10700,9779
346,2019-11-27,10850,100,10950,10950,10750,5188
343,2019-11-28,10700,150,10950,10950,10600,4800
342,2019-11-29,10700,0,10750,10750,10450,13417
341,2019-12-02,10350,350,10750,10750,10350,8141
340,2019-12-03,10200,150,10350,10350,10200,6167
339,2019-12-04,9850,350,10050,10200,9800,45685
335,2019-12-05,10400,550,9900,10500,9900,22287
334,2019-12-06,10350,50,10400,10600,10100,21993
333,2019-12-09,11000,650,10350,11350,10350,59586
332,2019-12-10,11150,150,11000,11350,11000,19363
331,2019-12-11,10700,450,11100,11350,10700,10390
328,2019-12-12,10950,250,10700,10950,10500,7504
327,2019-12-13,10650,300,11100,11100,10500,25696
326,2019-12-16,10800,150,10500,10900,10500,35202
325,2019-12-17,11050,250,10800,11100,10700,53014
324,2019-12-18,9840,1210,10900,11050,9510,396693
320,2019-12-19,9010,830,9780,9880,8870,268773
319,2019-12-20,9160,150,9010,9220,8710,118210
318,2019-12-23,9360,200,9390,9580,9250,50707
317,2019-12-24,9350,10,9270,9590,9270,32771
316,2019-12-26,9410,60,9410,9450,9320,13488
313,2019-12-27,9720,310,9450,9750,9390,37400
312,2019-12-30,9350,370,9700,9760,9090,193016
311,2020-01-02,8940,410,9480,9480,8850,218850
310,2020-01-03,8640,300,9040,9050,8540,304541
309,2020-01-06,8710,70,8590,8790,8450,82208
305,2020-01-07,8750,40,8620,8850,8620,42582
304,2020-01-08,8340,410,8680,8710,8250,98706
303,2020-01-09,8640,300,8640,8830,8540,62321
302,2020-01-10,9450,810,8640,9620,8640,242790
301,2020-01-13,11150,1700,12250,12250,11150,6233457
298,2020-01-14,10400,750,11200,11300,10100,1060436
297,2020-01-15,10600,200,10200,10950,10150,437080
296,2020-01-16,10900,300,10600,11200,10450,355195
295,2020-01-17,10850,50,10850,11150,10650,180017
294,2020-01-20,10250,600,10800,10850,10250,197686
290,2020-01-21,10400,150,10200,10600,10150,133824
289,2020-01-22,10600,200,10350,10900,10350,171865
288,2020-01-23,10750,150,10600,10900,10450,121061
287,2020-01-28,10150,600,10100,10400,9990,157845
286,2020-01-29,10100,50,10350,10350,10000,60663
283,2020-01-30,9530,570,10050,10250,9440,159542
282,2020-01-31,9270,260,9530,9790,9210,82696
281,2020-02-03,9830,560,9000,9890,8900,202493
280,2020-02-04,10050,220,9770,10150,9650,77515
279,2020-02-05,9920,130,10100,10100,9910,53275
275,2020-02-06,10050,130,9920,10400,9920,51993
274,2020-02-07,9980,70,10150,10250,9950,42314
273,2020-02-10,10200,220,10150,10250,9900,45185
272,2020-02-11,10350,150,10350,10350,9960,86738
271,2020-02-12,10850,500,10450,11100,10350,269096
268,2020-02-13,10650,200,11250,11350,10450,234206
267,2020-02-14,10700,50,10700,10800,10450,79144
266,2020-02-17,11400,700,10850,11600,10600,310249
265,2020-02-18,11150,250,11450,11500,11000,137451
264,2020-02-19,11300,150,11350,11400,10750,134782
260,2020-02-20,11000,300,11250,11400,10900,91675
259,2020-02-21,10700,300,10900,11000,10350,130318
258,2020-02-24,10250,450,10250,10650,10200,85806
257,2020-02-25,10450,200,10150,10600,10050,52932
256,2020-02-26,10400,50,10100,10500,10100,67032
253,2020-02-27,10400,0,10700,11750,10350,314867
252,2020-02-28,9700,700,10050,10100,9620,172043
251,2020-03-02,10100,400,9700,10250,9510,58994
250,2020-03-03,9970,130,10350,10400,9940,79706
249,2020-03-04,10250,280,9970,10300,9970,34895
245,2020-03-05,10300,50,10350,10400,10150,28231
244,2020-03-06,10050,250,10250,10400,10000,60512
243,2020-03-09,9610,440,10000,10000,9390,69072
242,2020-03-10,9800,190,9410,9900,9380,54907
241,2020-03-11,9550,250,9800,9940,9430,67031
238,2020-03-12,8710,840,9290,9500,8450,192788
237,2020-03-13,8000,710,7800,8160,6590,266841
236,2020-03-16,7100,900,7800,8200,7100,209373
235,2020-03-17,6730,370,6380,7170,6380,247975
234,2020-03-18,6190,540,6790,7000,6190,245530
230,2020-03-19,4890,1300,6190,6340,4530,355013
229,2020-03-20,5520,630,4900,5680,4750,192720
228,2020-03-23,5300,220,5180,5550,4800,89400
227,2020-03-24,6150,850,5360,6210,5310,122853
226,2020-03-25,6500,350,6560,6800,6220,134938
223,2020-03-26,6730,230,6550,7310,6320,132639
222,2020-03-27,6800,70,6920,7100,6480,99169
221,2020-03-30,7020,220,6720,7070,6430,75130
220,2020-03-31,7400,380,7210,7430,7050,93576
219,2020-04-01,7570,170,7440,8070,7300,104945
215,2020-04-02,7910,340,7610,7990,7460,74309
214,2020-04-03,8230,320,7910,8280,7870,80196
213,2020-04-06,8330,100,8520,8520,8300,65706
212,2020-04-07,9270,940,10000,10750,9060,1939524
211,2020-04-08,9220,50,8930,9620,8690,409203
208,2020-04-09,9600,380,9810,10500,9500,464290
207,2020-04-10,9470,130,9600,9610,9260,153191
206,2020-04-13,8810,660,9500,9640,8810,157625
205,2020-04-14,9200,390,8890,9350,8790,99626
204,2020-04-16,9490,290,9130,9540,8820,105840
200,2020-04-17,9380,110,9620,9670,9040,97029
199,2020-04-20,9380,0,9420,9480,9240,72755
198,2020-04-21,9140,240,9280,9470,8690,130976
197,2020-04-22,9170,30,9070,9190,8750,54810
196,2020-04-23,9420,250,9360,9550,9210,112439
193,2020-04-24,9490,70,9230,9890,9230,156859
192,2020-04-27,9260,230,9550,9620,9240,95338
191,2020-04-28,9350,90,9390,9390,9120,53101
190,2020-04-29,9440,90,9350,9460,9210,64378
189,2020-05-04,9340,100,9390,9450,9250,55776
185,2020-05-06,9650,310,9350,9730,9340,118904
184,2020-05-07,10000,350,9650,10400,9600,296185
183,2020-05-08,10150,150,10250,10250,9990,116759
182,2020-05-11,10500,350,10150,10700,9950,258882
181,2020-05-12,10550,50,10500,10950,10450,225656
178,2020-05-13,10400,150,10500,10600,10250,72752
177,2020-05-14,10250,150,10700,10700,10050,91801
176,2020-05-15,9990,260,10300,10300,9940,69874
175,2020-05-18,10300,310,10100,10450,9830,98145
174,2020-05-19,10300,0,10400,10450,10150,68615
170,2020-05-20,10700,400,10300,10750,10150,188791
169,2020-05-21,11300,600,10900,11300,10450,252881
168,2020-05-22,10750,550,11450,11450,10550,189523
167,2020-05-25,10750,0,10750,10900,10400,77341
166,2020-05-26,10700,50,10800,10950,10600,100137
163,2020-05-27,11350,650,10800,11700,10600,535651
162,2020-05-28,10650,700,11350,11350,10350,186126
161,2020-05-29,10600,50,10650,10650,10100,91909
160,2020-06-01,11150,550,10600,11200,10500,146790
159,2020-06-02,11000,150,11050,11100,10850,68592
155,2020-06-03,10900,100,11100,11100,10700,62747
154,2020-06-04,10800,100,11000,11200,10600,82283
153,2020-06-05,10650,150,10800,10900,10650,55094
152,2020-06-08,10700,50,10800,10800,10550,36949
151,2020-06-09,10650,50,10600,10850,10550,76499
148,2020-06-10,10300,350,10650,10700,10000,155764
147,2020-06-11,10150,150,10300,10350,10050,77342
146,2020-06-12,9610,540,9540,9780,9300,136223
145,2020-06-15,8700,910,9590,9600,8700,155179
144,2020-06-16,9090,390,8860,9140,8860,62377
140,2020-06-17,9200,110,9160,9440,9080,67311
139,2020-06-18,9340,140,9200,9450,9180,28356
138,2020-06-19,9280,60,9500,9500,9200,13269
137,2020-06-22,9070,210,9330,9330,9060,27778
136,2020-06-23,9090,20,9190,9350,8980,39483
133,2020-06-24,9140,50,9060,9210,9000,38835
132,2020-06-25,8990,150,9110,9110,8800,33686
131,2020-06-26,9230,240,9140,9600,9080,87475
130,2020-06-29,9290,60,9230,9490,9010,43303
129,2020-06-30,9070,220,9300,9410,9060,63021
125,2020-07-01,8910,160,9230,9230,8880,63997
124,2020-07-02,9100,190,8920,9100,8920,17488
123,2020-07-03,9000,100,9230,9230,8980,21188
122,2020-07-06,9250,250,9190,9340,9000,27955
121,2020-07-07,9200,50,9350,9350,9050,39663
118,2020-07-08,9270,70,9290,9300,9070,24424
117,2020-07-09,9550,280,9280,9550,9230,58801
116,2020-07-10,9600,50,9620,9700,9450,93023
115,2020-07-13,9740,140,9550,9770,9450,58460
114,2020-07-14,9700,40,9640,9790,9490,43233
110,2020-07-15,9840,140,9710,9930,9690,64719
109,2020-07-16,10150,310,9930,10450,9850,197162
108,2020-07-17,10200,50,10150,10350,9990,55446
107,2020-07-20,10150,50,10200,10200,9970,35029
106,2020-07-21,9980,170,10300,10300,9980,39977
103,2020-07-22,9900,80,10000,10200,9740,60167
102,2020-07-23,9600,300,9970,10000,9590,50288
101,2020-07-24,9500,100,9560,9740,9400,45548
100,2020-07-27,9530,30,9450,9640,9370,35397
99,2020-07-28,9380,150,9520,9620,9340,67234
95,2020-07-29,9300,80,9390,9460,9300,24144
94,2020-07-30,9300,0,9310,9450,9260,28949
93,2020-07-31,9290,10,9300,9350,9220,28106
92,2020-08-03,9090,200,9400,9400,9060,36346
91,2020-08-04,9120,30,9250,9250,9030,38735
88,2020-08-05,9150,30,9120,9340,9050,51108
87,2020-08-06,9210,60,9230,9230,9100,25788
86,2020-08-07,9100,110,9290,9290,9040,38299
85,2020-08-10,9190,90,9100,9310,9100,45550
84,2020-08-11,9280,90,9300,9430,9190,57470
80,2020-08-12,9170,110,9280,9360,9110,40465
79,2020-08-13,9630,460,9170,9860,9170,198447
78,2020-08-14,9410,220,9660,9710,9270,87315
77,2020-08-18,8920,490,9280,9280,8790,95617
76,2020-08-19,9000,80,8920,9200,8850,44014
73,2020-08-20,8330,670,9000,9000,8310,73607
72,2020-08-21,8210,120,8330,8490,7910,50613
71,2020-08-24,8300,90,8330,8430,8160,23304
70,2020-08-25,8550,250,8450,8650,8320,17622
69,2020-08-26,8700,150,8560,8740,8560,28839
65,2020-08-27,8740,40,8700,8830,8550,30323
64,2020-08-28,8720,20,8800,8900,8700,26066
63,2020-08-31,8770,50,8820,8980,8700,21461
62,2020-09-01,8570,200,8700,8800,8560,18079
61,2020-09-02,8800,230,8550,8860,8450,52067
58,2020-09-03,8830,30,8810,8940,8710,22358
57,2020-09-04,8750,80,8700,8780,8370,29465
56,2020-09-07,9120,370,8720,9120,8720,66881
55,2020-09-08,9210,90,9420,9870,9210,275417
54,2020-09-09,9190,20,9120,9350,9060,33132
50,2020-09-10,9150,40,9280,9300,9150,27627
49,2020-09-11,9410,260,9150,9480,9020,95095
48,2020-09-14,9370,40,9490,9490,9280,30155
47,2020-09-15,9230,140,9360,9430,9230,26933
46,2020-09-16,9070,160,9230,9290,9070,49690
43,2020-09-17,8920,150,9030,9200,8840,34099
42,2020-09-18,8940,20,8920,9180,8790,39516
41,2020-09-21,8740,200,8920,9030,8620,36019
40,2020-09-22,8550,190,8700,8720,8480,34123
39,2020-09-23,8530,20,8550,8690,8350,29874
35,2020-09-24,8210,320,8520,8520,8060,59003
34,2020-09-25,8250,40,8230,8350,8140,23203
33,2020-09-28,8370,120,8410,8420,8200,27422
32,2020-09-29,8450,80,8480,8550,8350,33532
31,2020-10-05,8690,240,8440,8690,8360,27331
28,2020-10-06,8670,20,8790,8800,8590,22716
27,2020-10-07,8720,50,8670,8750,8580,11496
26,2020-10-08,8790,70,8760,8950,8710,58797
25,2020-10-12,8700,90,8980,8980,8590,32838
24,2020-10-13,8490,210,8700,8790,8450,44156
20,2020-10-14,8390,100,8480,8500,8250,44808
19,2020-10-15,8180,210,8390,8420,8050,77977
18,2020-10-16,8050,130,8110,8280,8000,66543
17,2020-10-19,7930,120,8050,8130,7920,30963
16,2020-10-20,8080,150,7850,8190,7810,30672
13,2020-10-21,8060,20,8000,8080,7980,9657
12,2020-10-22,8010,50,8090,8120,7910,31976
11,2020-10-23,8060,50,8500,8640,8000,221748
10,2020-10-26,7780,280,8010,8060,7770,38894
9,2020-10-27,7750,30,7750,7840,7660,54963
5,2020-10-28,7760,10,7750,7970,7630,25514
4,2020-10-29,7690,70,7700,7750,7460,66793
3,2020-10-30,7740,50,7690,7760,7530,18190
2,2020-11-02,7880,140,7680,7880,7610,27531
1,2020-11-03,8210,330,7950,8210,7940,76890
