,date,close,diff,open,high,low,volume
448,2019-08-16,1160,0,0,0,0,0
447,2019-08-19,1160,0,0,0,0,0
446,2019-08-20,1160,0,0,0,0,0
445,2019-08-21,1160,0,0,0,0,0
444,2019-08-22,1160,0,0,0,0,0
440,2019-08-23,1160,0,0,0,0,0
439,2019-08-26,1160,0,0,0,0,0
438,2019-08-27,1160,0,0,0,0,0
437,2019-08-28,1160,0,0,0,0,0
436,2019-08-29,1160,0,0,0,0,0
433,2019-08-30,1160,0,0,0,0,0
432,2019-09-02,1160,0,0,0,0,0
431,2019-09-03,1160,0,0,0,0,0
430,2019-09-04,1160,0,0,0,0,0
429,2019-09-05,1160,0,0,0,0,0
425,2019-09-06,1160,0,0,0,0,0
424,2019-09-09,1160,0,0,0,0,0
423,2019-09-10,1160,0,0,0,0,0
422,2019-09-11,1160,0,0,0,0,0
421,2019-09-16,1160,0,0,0,0,0
418,2019-09-17,1160,0,0,0,0,0
417,2019-09-18,1160,0,0,0,0,0
416,2019-09-19,1160,0,0,0,0,0
415,2019-09-20,1160,0,0,0,0,0
414,2019-09-23,1160,0,0,0,0,0
410,2019-09-24,1160,0,0,0,0,0
409,2019-09-25,1160,0,0,0,0,0
408,2019-09-26,1160,0,0,0,0,0
407,2019-09-27,1160,0,0,0,0,0
406,2019-09-30,1160,0,0,0,0,0
403,2019-10-01,1160,0,0,0,0,0
402,2019-10-02,1160,0,0,0,0,0
401,2019-10-04,1160,0,0,0,0,0
400,2019-10-07,1160,0,0,0,0,0
399,2019-10-08,1160,0,0,0,0,0
395,2019-10-10,1160,0,0,0,0,0
394,2019-10-11,1160,0,0,0,0,0
393,2019-10-14,1160,0,0,0,0,0
392,2019-10-15,1160,0,0,0,0,0
391,2019-10-16,1160,0,0,0,0,0
388,2019-10-17,1160,0,0,0,0,0
387,2019-10-18,1160,0,0,0,0,0
386,2019-10-21,1160,0,0,0,0,0
385,2019-10-22,1160,0,0,0,0,0
384,2019-10-23,1160,0,0,0,0,0
380,2019-10-24,1160,0,0,0,0,0
379,2019-10-25,1160,0,0,0,0,0
378,2019-10-28,1160,0,0,0,0,0
377,2019-10-29,1160,0,0,0,0,0
376,2019-10-30,1160,0,0,0,0,0
373,2019-10-31,1160,0,0,0,0,0
372,2019-11-01,1160,0,0,0,0,0
371,2019-11-04,1160,0,0,0,0,0
370,2019-11-05,1160,0,0,0,0,0
369,2019-11-06,1160,0,0,0,0,0
365,2019-11-07,1160,0,0,0,0,0
364,2019-11-08,1160,0,0,0,0,0
363,2019-11-11,1160,0,0,0,0,0
362,2019-11-12,1160,0,0,0,0,0
361,2019-11-13,1160,0,0,0,0,0
358,2019-11-14,1160,0,0,0,0,0
357,2019-11-15,1160,0,0,0,0,0
356,2019-11-18,1160,0,0,0,0,0
355,2019-11-19,1160,0,0,0,0,0
354,2019-11-20,1160,0,0,0,0,0
350,2019-11-21,1160,0,0,0,0,0
349,2019-11-22,1160,0,0,0,0,0
348,2019-11-25,1160,0,0,0,0,0
347,2019-11-26,1160,0,0,0,0,0
346,2019-11-27,1160,0,0,0,0,0
343,2019-11-28,1160,0,0,0,0,0
342,2019-11-29,1160,0,0,0,0,0
341,2019-12-02,1160,0,0,0,0,0
340,2019-12-03,1160,0,0,0,0,0
339,2019-12-04,1160,0,0,0,0,0
335,2019-12-05,1160,0,0,0,0,0
334,2019-12-06,1160,0,0,0,0,0
333,2019-12-09,1160,0,0,0,0,0
332,2019-12-10,1160,0,0,0,0,0
331,2019-12-11,1160,0,0,0,0,0
328,2019-12-12,1160,0,0,0,0,0
327,2019-12-13,1160,0,0,0,0,0
326,2019-12-16,1160,0,0,0,0,0
325,2019-12-17,1160,0,0,0,0,0
324,2019-12-18,1160,0,0,0,0,0
320,2019-12-19,1160,0,0,0,0,0
319,2019-12-20,1160,0,0,0,0,0
318,2019-12-23,1160,0,0,0,0,0
317,2019-12-24,1160,0,0,0,0,0
316,2019-12-26,1160,0,0,0,0,0
313,2019-12-27,1160,0,0,0,0,0
312,2019-12-30,1160,0,0,0,0,0
311,2020-01-02,1160,0,0,0,0,0
310,2020-01-03,1160,0,0,0,0,0
309,2020-01-06,1160,0,0,0,0,0
305,2020-01-07,1160,0,0,0,0,0
304,2020-01-08,1160,0,0,0,0,0
303,2020-01-09,1160,0,0,0,0,0
302,2020-01-10,1160,0,0,0,0,0
301,2020-01-13,1160,0,0,0,0,0
298,2020-01-14,1160,0,0,0,0,0
297,2020-01-15,1160,0,0,0,0,0
296,2020-01-16,1160,0,0,0,0,0
295,2020-01-17,1160,0,0,0,0,0
294,2020-01-20,1160,0,0,0,0,0
290,2020-01-21,1160,0,0,0,0,0
289,2020-01-22,1160,0,0,0,0,0
288,2020-01-23,1160,0,0,0,0,0
287,2020-01-28,1160,0,0,0,0,0
286,2020-01-29,1160,0,0,0,0,0
283,2020-01-30,1160,0,0,0,0,0
282,2020-01-31,1160,0,0,0,0,0
281,2020-02-03,1160,0,0,0,0,0
280,2020-02-04,1160,0,0,0,0,0
279,2020-02-05,1160,0,0,0,0,0
275,2020-02-06,1160,0,0,0,0,0
274,2020-02-07,1160,0,0,0,0,0
273,2020-02-10,1160,0,0,0,0,0
272,2020-02-11,1160,0,0,0,0,0
271,2020-02-12,1160,0,0,0,0,0
268,2020-02-13,1160,0,0,0,0,0
267,2020-02-14,1160,0,0,0,0,0
266,2020-02-17,1160,0,0,0,0,0
265,2020-02-18,1160,0,0,0,0,0
264,2020-02-19,1160,0,0,0,0,0
260,2020-02-20,1160,0,0,0,0,0
259,2020-02-21,1160,0,0,0,0,0
258,2020-02-24,1160,0,0,0,0,0
257,2020-02-25,1160,0,0,0,0,0
256,2020-02-26,1160,0,0,0,0,0
253,2020-02-27,1160,0,0,0,0,0
252,2020-02-28,1160,0,0,0,0,0
251,2020-03-02,1160,0,0,0,0,0
250,2020-03-03,1160,0,0,0,0,0
249,2020-03-04,1160,0,0,0,0,0
245,2020-03-05,1160,0,0,0,0,0
244,2020-03-06,1160,0,0,0,0,0
243,2020-03-09,1160,0,0,0,0,0
242,2020-03-10,1160,0,0,0,0,0
241,2020-03-11,1160,0,0,0,0,0
238,2020-03-12,1160,0,0,0,0,0
237,2020-03-13,1160,0,0,0,0,0
236,2020-03-16,1160,0,0,0,0,0
235,2020-03-17,1160,0,0,0,0,0
234,2020-03-18,1160,0,0,0,0,0
230,2020-03-19,1160,0,0,0,0,0
229,2020-03-20,1160,0,0,0,0,0
228,2020-03-23,1160,0,0,0,0,0
227,2020-03-24,1160,0,0,0,0,0
226,2020-03-25,1160,0,0,0,0,0
223,2020-03-26,1160,0,0,0,0,0
222,2020-03-27,1160,0,0,0,0,0
221,2020-03-30,1160,0,0,0,0,0
220,2020-03-31,1160,0,0,0,0,0
219,2020-04-01,1160,0,0,0,0,0
215,2020-04-02,1160,0,0,0,0,0
214,2020-04-03,1160,0,0,0,0,0
213,2020-04-06,1160,0,0,0,0,0
212,2020-04-07,1160,0,0,0,0,0
211,2020-04-08,1160,0,0,0,0,0
208,2020-04-09,1160,0,0,0,0,0
207,2020-04-10,1160,0,0,0,0,0
206,2020-04-13,1160,0,0,0,0,0
205,2020-04-14,1160,0,0,0,0,0
204,2020-04-16,1160,0,0,0,0,0
200,2020-04-17,1160,0,0,0,0,0
199,2020-04-20,1160,0,0,0,0,0
198,2020-04-21,1160,0,0,0,0,0
197,2020-04-22,1215,180,1395,1400,1120,18092757
196,2020-04-23,1035,180,1150,1200,1030,8654110
193,2020-04-24,1030,5,1020,1100,1000,5413073
192,2020-04-27,1070,40,1035,1130,1025,5583941
191,2020-04-28,1020,50,1095,1095,1015,2295034
190,2020-04-29,1020,0,1020,1050,1015,1566987
189,2020-05-04,1015,5,1010,1045,990,1617126
185,2020-05-06,1030,15,1025,1055,1010,1635319
184,2020-05-07,1040,10,1030,1055,1020,1164479
183,2020-05-08,1045,5,1030,1075,1030,1418306
182,2020-05-11,1010,35,1055,1060,1005,1478412
181,2020-05-12,1050,40,1015,1050,992,1449752
178,2020-05-13,1035,15,1035,1050,1015,646929
177,2020-05-14,1000,35,1020,1045,999,1802916
176,2020-05-15,997,3,1015,1015,994,1557982
175,2020-05-18,967,30,998,1005,927,1803648
174,2020-05-19,968,1,991,991,958,714767
170,2020-05-20,965,3,970,985,961,602484
169,2020-05-21,940,25,967,980,936,1039303
168,2020-05-22,895,45,940,945,885,1911132
167,2020-05-25,918,23,890,930,865,1242610
166,2020-05-26,912,6,924,931,900,814245
163,2020-05-27,876,36,915,915,869,1100555
162,2020-05-28,830,46,880,887,812,1740927
161,2020-05-29,833,3,830,853,827,613062
160,2020-06-01,931,98,834,959,833,5130207
159,2020-06-02,941,10,931,956,903,1568956
155,2020-06-03,938,3,954,954,922,707886
154,2020-06-04,968,30,950,980,931,1348722
153,2020-06-05,1005,37,970,1040,957,2372131
152,2020-06-08,986,19,1025,1025,976,1116830
151,2020-06-09,965,21,978,983,941,926392
148,2020-06-10,968,3,955,973,936,546795
147,2020-06-11,949,19,968,977,940,875712
146,2020-06-12,928,21,854,929,854,885377
145,2020-06-15,899,29,904,956,885,1131509
144,2020-06-16,928,29,903,943,903,925260
140,2020-06-17,903,25,928,928,892,529089
139,2020-06-18,900,3,903,918,892,284809
138,2020-06-19,888,12,902,917,885,540675
137,2020-06-22,877,11,888,889,867,441146
136,2020-06-23,862,15,880,896,861,505020
133,2020-06-24,857,5,865,867,841,513136
132,2020-06-25,851,6,856,869,845,353767
131,2020-06-26,890,39,851,898,838,523826
130,2020-06-29,847,43,879,879,820,555803
129,2020-06-30,849,2,847,876,841,346839
125,2020-07-01,856,7,850,860,844,370518
124,2020-07-02,919,63,850,923,847,1452585
123,2020-07-03,902,17,915,940,895,434697
122,2020-07-06,896,6,905,905,889,246524
121,2020-07-07,883,13,888,905,876,305290
118,2020-07-08,918,35,894,922,880,459972
117,2020-07-09,924,6,920,933,907,367074
116,2020-07-10,928,4,930,952,920,525962
115,2020-07-13,945,17,920,957,920,738348
114,2020-07-14,976,31,945,979,945,1058535
110,2020-07-15,976,0,976,986,969,533340
109,2020-07-16,978,2,985,985,967,496198
108,2020-07-17,980,2,972,986,965,413957
107,2020-07-20,995,15,984,995,951,618655
106,2020-07-21,986,9,996,1050,960,1600842
103,2020-07-22,987,1,1005,1005,971,532326
102,2020-07-23,973,14,991,991,959,621063
101,2020-07-24,906,67,981,982,890,2409613
100,2020-07-27,884,22,900,914,875,514091
99,2020-07-28,876,8,898,898,874,339567
95,2020-07-29,905,29,893,917,871,666187
94,2020-07-30,956,51,907,956,893,944865
93,2020-07-31,952,4,956,981,936,738581
92,2020-08-03,921,31,955,965,920,250124
91,2020-08-04,930,9,921,938,917,373597
88,2020-08-05,910,20,930,944,909,459758
87,2020-08-06,912,2,910,931,897,449611
86,2020-08-07,896,16,918,929,896,315671
85,2020-08-10,884,12,893,905,880,395050
84,2020-08-11,891,7,887,899,867,452187
80,2020-08-12,888,3,893,896,874,299440
79,2020-08-13,873,15,881,891,864,566072
78,2020-08-14,859,14,879,879,850,523195
77,2020-08-18,831,28,851,865,790,627633
76,2020-08-19,849,18,840,870,840,311922
73,2020-08-20,809,40,850,854,800,532395
72,2020-08-21,815,6,809,825,798,431519
71,2020-08-24,806,9,817,819,765,214349
70,2020-08-25,845,39,815,850,809,421684
69,2020-08-26,869,24,845,870,822,506636
65,2020-08-27,843,26,865,881,836,299871
64,2020-08-28,845,2,843,883,840,362538
63,2020-08-31,841,4,858,858,838,314419
62,2020-09-01,840,1,855,855,829,268410
61,2020-09-02,836,4,847,847,825,421334
58,2020-09-03,861,25,840,864,835,428871
57,2020-09-04,880,19,830,881,830,494487
56,2020-09-07,929,49,890,960,866,1941437
55,2020-09-08,894,35,929,938,890,621857
54,2020-09-09,935,41,894,980,870,2213781
50,2020-09-10,963,28,964,964,950,602486
49,2020-09-11,947,16,963,963,944,303187
48,2020-09-14,928,19,943,943,917,360541
47,2020-09-15,930,2,922,930,918,323598
46,2020-09-16,915,15,940,940,915,278400
43,2020-09-17,919,4,925,925,917,193495
42,2020-09-18,924,5,914,926,914,178945
41,2020-09-21,913,11,924,924,913,377576
40,2020-09-22,914,1,906,914,900,397562
39,2020-09-23,933,19,931,933,922,494591
35,2020-09-24,900,33,924,945,897,748598
34,2020-09-25,940,40,901,945,899,567938
33,2020-09-28,1000,60,946,1030,946,2412418
32,2020-09-29,974,26,990,1015,974,809188
31,2020-10-05,980,6,972,989,957,414618
28,2020-10-06,979,1,977,991,959,613668
27,2020-10-07,1010,31,977,1020,960,887306
26,2020-10-08,974,36,1030,1030,962,680801
25,2020-10-12,976,2,979,989,969,313568
24,2020-10-13,963,13,976,1010,925,1210474
20,2020-10-14,940,23,970,971,930,809262
19,2020-10-15,961,21,940,961,925,429183
18,2020-10-16,961,0,951,963,930,409550
17,2020-10-19,958,3,960,989,940,900064
16,2020-10-20,936,22,964,971,928,638576
13,2020-10-21,942,6,936,949,928,270907
12,2020-10-22,976,34,948,990,921,1338451
11,2020-10-23,966,10,984,993,955,682163
10,2020-10-26,950,16,966,973,943,377772
9,2020-10-27,968,18,957,983,942,873953
5,2020-10-28,978,10,970,982,962,888150
4,2020-10-29,965,13,974,974,951,420573
3,2020-10-30,971,6,956,1010,956,1357609
2,2020-11-02,977,6,981,994,965,713043
1,2020-11-03,983,6,990,990,972,331294
