,date,close,diff,open,high,low,volume
448,2019-08-16,3480,10,3450,3635,3440,184549
447,2019-08-19,3470,10,3540,3540,3450,120405
446,2019-08-20,3490,20,3460,3515,3445,60127
445,2019-08-21,3455,35,3485,3485,3435,58519
444,2019-08-22,3385,70,3450,3470,3380,73561
440,2019-08-23,3370,15,3365,3380,3345,39504
439,2019-08-26,3205,165,3320,3340,3135,83576
438,2019-08-27,3240,35,3210,3290,3205,29220
437,2019-08-28,3275,35,3260,3280,3240,22534
436,2019-08-29,3275,0,3275,3300,3250,15424
433,2019-08-30,3370,95,3305,3385,3295,17796
432,2019-09-02,3385,15,3395,3395,3310,15625
431,2019-09-03,3400,15,3400,3410,3375,11211
430,2019-09-04,3405,5,3400,3405,3350,6061
429,2019-09-05,3410,5,3405,3435,3395,24307
425,2019-09-06,3430,20,3420,3430,3380,23966
424,2019-09-09,3395,35,3440,3440,3375,11016
423,2019-09-10,3375,20,3365,3415,3360,18993
422,2019-09-11,3380,5,3355,3390,3355,13747
421,2019-09-16,3390,10,3380,3420,3370,38347
418,2019-09-17,3415,25,3380,3415,3360,39397
417,2019-09-18,3405,10,3400,3425,3380,24671
416,2019-09-19,3420,15,3400,3435,3395,29701
415,2019-09-20,3470,50,3425,3470,3420,28772
414,2019-09-23,3450,20,3460,3475,3425,17291
410,2019-09-24,3440,10,3450,3465,3410,19571
409,2019-09-25,3400,40,3430,3430,3380,27888
408,2019-09-26,3405,5,3385,3420,3375,18987
407,2019-09-27,3390,15,3380,3400,3345,27251
406,2019-09-30,3365,25,3390,3390,3340,5896
403,2019-10-01,3410,45,3345,3420,3345,10958
402,2019-10-02,3370,40,3405,3405,3370,5383
401,2019-10-04,3350,20,3360,3370,3335,8284
400,2019-10-07,3345,5,3355,3370,3330,7600
399,2019-10-08,3380,35,3350,3385,3325,16327
395,2019-10-10,3380,0,3380,3390,3355,3242
394,2019-10-11,3390,10,3380,3390,3350,5686
393,2019-10-14,3390,0,3390,3425,3380,7196
392,2019-10-15,3405,15,3390,3410,3380,14060
391,2019-10-16,3430,25,3400,3430,3390,11217
388,2019-10-17,3425,5,3420,3440,3400,9741
387,2019-10-18,3460,35,3410,3460,3405,16448
386,2019-10-21,3445,15,3460,3465,3410,16982
385,2019-10-22,3450,5,3410,3460,3410,14041
384,2019-10-23,3395,55,3470,3470,3390,17149
380,2019-10-24,3390,5,3380,3430,3340,23274
379,2019-10-25,3410,20,3380,3460,3380,11969
378,2019-10-28,3390,20,3380,3440,3370,13726
377,2019-10-29,3415,25,3390,3420,3360,13463
376,2019-10-30,3425,10,3410,3430,3385,6081
373,2019-10-31,3425,0,3425,3450,3405,15661
372,2019-11-01,3430,5,3425,3440,3390,9141
371,2019-11-04,3450,20,3430,3470,3425,7440
370,2019-11-05,3430,20,3450,3470,3410,21797
369,2019-11-06,3480,50,3450,3490,3430,29042
365,2019-11-07,3500,20,3480,3520,3460,19744
364,2019-11-08,3515,15,3525,3525,3475,14555
363,2019-11-11,3525,10,3530,3550,3475,21255
362,2019-11-12,3535,10,3545,3545,3515,10977
361,2019-11-13,3510,25,3545,3545,3510,9244
358,2019-11-14,3415,95,3490,3490,3380,59093
357,2019-11-15,3470,55,3435,3580,3430,71715
356,2019-11-18,3505,35,3580,3585,3475,41180
355,2019-11-19,3450,55,3460,3505,3430,16082
354,2019-11-20,3450,0,3450,3550,3415,47948
350,2019-11-21,3420,30,3420,3490,3405,11515
349,2019-11-22,3570,150,3400,3650,3400,109669
348,2019-11-25,3560,10,3565,3590,3495,36899
347,2019-11-26,3535,25,3555,3560,3485,25482
346,2019-11-27,3490,45,3570,3570,3480,16458
343,2019-11-28,3490,0,3480,3525,3455,16578
342,2019-11-29,3480,10,3485,3510,3455,11151
341,2019-12-02,3455,25,3475,3475,3435,6488
340,2019-12-03,3445,10,3410,3450,3410,7111
339,2019-12-04,3410,35,3380,3440,3360,21776
335,2019-12-05,3380,30,3395,3430,3340,16974
334,2019-12-06,3370,10,3380,3420,3350,13854
333,2019-12-09,3365,5,3370,3380,3335,10955
332,2019-12-10,3365,0,3365,3410,3325,16586
331,2019-12-11,3355,10,3360,3370,3330,6947
328,2019-12-12,3355,0,3355,3365,3345,9955
327,2019-12-13,3405,50,3365,3410,3360,11445
326,2019-12-16,3420,15,3420,3430,3390,3965
325,2019-12-17,3415,5,3405,3445,3380,15289
324,2019-12-18,3430,15,3415,3475,3405,8089
320,2019-12-19,3425,5,3440,3450,3400,7216
319,2019-12-20,3440,15,3420,3460,3410,9194
318,2019-12-23,3410,30,3440,3440,3410,9501
317,2019-12-24,3435,25,3395,3435,3395,7971
316,2019-12-26,3470,35,3405,3475,3405,17214
313,2019-12-27,3500,30,3450,3500,3420,13971
312,2019-12-30,3485,15,3500,3535,3455,8769
311,2020-01-02,3495,10,3480,3515,3435,17627
310,2020-01-03,3480,15,3480,3505,3440,13487
309,2020-01-06,3450,30,3450,3450,3385,10730
305,2020-01-07,3420,30,3435,3490,3355,17756
304,2020-01-08,3350,70,3415,3415,3250,39055
303,2020-01-09,3410,60,3360,3420,3350,7140
302,2020-01-10,3425,15,3425,3445,3380,11293
301,2020-01-13,3410,15,3395,3425,3390,20272
298,2020-01-14,3420,10,3425,3435,3375,12266
297,2020-01-15,3410,10,3420,3425,3370,14429
296,2020-01-16,3380,30,3410,3415,3350,15886
295,2020-01-17,3385,5,3375,3400,3370,12812
294,2020-01-20,3375,10,3395,3420,3370,6511
290,2020-01-21,3375,0,3380,3385,3340,9038
289,2020-01-22,3375,0,3375,3395,3345,8520
288,2020-01-23,3390,15,3375,3390,3345,7700
287,2020-01-28,3310,80,3300,3345,3285,18406
286,2020-01-29,3300,10,3310,3355,3290,9376
283,2020-01-30,3300,0,3300,3310,3255,18978
282,2020-01-31,3280,20,3255,3305,3255,8208
281,2020-02-03,3260,20,3250,3295,3155,14968
280,2020-02-04,3255,5,3245,3265,3245,10550
279,2020-02-05,3260,5,3260,3295,3245,3897
275,2020-02-06,3290,30,3280,3315,3260,9615
274,2020-02-07,3290,0,3300,3305,3270,6494
273,2020-02-10,3255,35,3255,3300,3255,14017
272,2020-02-11,3280,25,3275,3330,3250,22958
271,2020-02-12,3300,20,3310,3310,3255,21001
268,2020-02-13,3270,30,3300,3315,3250,23840
267,2020-02-14,3255,15,3295,3295,3250,5420
266,2020-02-17,3290,35,3255,3290,3250,4207
265,2020-02-18,3270,20,3290,3290,3250,10588
264,2020-02-19,3285,15,3250,3400,3250,14659
260,2020-02-20,3270,15,3275,3335,3255,3929
259,2020-02-21,3260,10,3205,3290,3205,14253
258,2020-02-24,3165,95,3160,3230,3115,30517
257,2020-02-25,3155,10,3155,3160,3070,26495
256,2020-02-26,3145,10,3155,3160,3105,13489
253,2020-02-27,3125,20,3160,3160,3090,12193
252,2020-02-28,3070,55,3120,3120,2970,29331
251,2020-03-02,3065,5,3065,3080,2985,24858
250,2020-03-03,3060,5,3095,3115,3040,33127
249,2020-03-04,3075,15,3060,3080,3045,12543
245,2020-03-05,3120,45,3115,3190,3075,22914
244,2020-03-06,3070,50,3100,3100,3040,14028
243,2020-03-09,2985,85,3045,3045,2960,23691
242,2020-03-10,2975,10,2900,2990,2900,19338
241,2020-03-11,2970,5,2975,2995,2900,16572
238,2020-03-12,2845,125,2900,2970,2785,38195
237,2020-03-13,2600,245,2810,2810,2180,179101
236,2020-03-16,2530,70,2615,2615,2420,32379
235,2020-03-17,2460,70,2355,2550,2325,62434
234,2020-03-18,2450,10,2435,2495,2300,20221
230,2020-03-19,2090,360,2450,2450,2010,118485
229,2020-03-20,1950,140,1990,2090,1815,795696
228,2020-03-23,1740,210,1875,1875,1695,205900
227,2020-03-24,1810,70,1800,1825,1740,173083
226,2020-03-25,1915,105,1850,1930,1840,262523
223,2020-03-26,2010,95,1950,2040,1900,130410
222,2020-03-27,2030,20,2095,2100,1985,85848
221,2020-03-30,2105,75,1990,2170,1990,68114
220,2020-03-31,2220,115,2125,2245,2125,91735
219,2020-04-01,2225,5,2185,2275,2170,72968
215,2020-04-02,2250,25,2200,2265,2150,52975
214,2020-04-03,2350,100,2310,2445,2290,64896
213,2020-04-06,2465,115,2335,2465,2330,57602
212,2020-04-07,2465,0,2505,2520,2440,57683
211,2020-04-08,2525,60,2465,2530,2410,48028
208,2020-04-09,2515,10,2540,2650,2515,45364
207,2020-04-10,2525,10,2520,2550,2450,45523
206,2020-04-13,2445,80,2525,2535,2435,41203
205,2020-04-14,2485,40,2425,2500,2425,49093
204,2020-04-16,2440,45,2485,2530,2440,68985
200,2020-04-17,2565,125,2470,2580,2455,69735
199,2020-04-20,2655,90,2565,2820,2530,174299
198,2020-04-21,2650,5,2690,2690,2540,60539
197,2020-04-22,2640,10,2570,2655,2530,27935
196,2020-04-23,2680,40,2640,2725,2630,32706
193,2020-04-24,2650,30,2685,2685,2600,34421
192,2020-04-27,2645,5,2650,2695,2570,81818
191,2020-04-28,2635,10,2645,2660,2585,36788
190,2020-04-29,2640,5,2635,2655,2625,34826
189,2020-05-04,2665,25,2615,2690,2600,65733
185,2020-05-06,2760,95,2695,2765,2690,44038
184,2020-05-07,2865,105,2770,2910,2730,98029
183,2020-05-08,2875,10,2865,2920,2835,27603
182,2020-05-11,2890,15,2890,2900,2850,40414
181,2020-05-12,2830,60,2890,2890,2775,56421
178,2020-05-13,2805,25,2800,2805,2755,28978
177,2020-05-14,2780,25,2805,2805,2755,18831
176,2020-05-15,2760,20,2775,2780,2725,19321
175,2020-05-18,2760,0,2820,2820,2700,21955
174,2020-05-19,2780,20,2795,2800,2715,20201
170,2020-05-20,2780,0,2785,2850,2775,29641
169,2020-05-21,2825,45,2780,2830,2760,65359
168,2020-05-22,2780,45,2830,2830,2770,16908
167,2020-05-25,2780,0,2800,2800,2740,7408
166,2020-05-26,2815,35,2780,2820,2770,23668
163,2020-05-27,2825,10,2805,2850,2785,29423
162,2020-05-28,2780,45,2825,2870,2745,27308
161,2020-05-29,2775,5,2780,2800,2710,24680
160,2020-06-01,2810,35,2775,2820,2770,23083
159,2020-06-02,2810,0,2875,2875,2780,21626
155,2020-06-03,2810,0,2810,2840,2775,66566
154,2020-06-04,2825,15,2810,2840,2810,31974
153,2020-06-05,2840,15,2820,2845,2820,35356
152,2020-06-08,2960,120,2870,2960,2790,134587
151,2020-06-09,2960,0,2970,3060,2900,95677
148,2020-06-10,3000,40,3000,3150,2970,176352
147,2020-06-11,2940,60,3000,3020,2875,83531
146,2020-06-12,2820,120,2770,2890,2715,58879
145,2020-06-15,2710,110,2765,2810,2685,48338
144,2020-06-16,2790,80,2715,2795,2715,22498
140,2020-06-17,2740,50,2790,2790,2670,51053
139,2020-06-18,2730,10,2785,2785,2715,16024
138,2020-06-19,2740,10,2725,2755,2680,25664
137,2020-06-22,2820,80,3050,3050,2815,147424
136,2020-06-23,2770,50,2815,2860,2740,36544
133,2020-06-24,2795,25,2775,2835,2750,28032
132,2020-06-25,2765,30,2770,2795,2720,39566
131,2020-06-26,2790,25,2760,2790,2750,17608
130,2020-06-29,2680,110,2780,2780,2650,44857
129,2020-06-30,2685,5,2680,2740,2635,24671
125,2020-07-01,2685,0,2765,2765,2670,11339
124,2020-07-02,2700,15,2685,2700,2660,11756
123,2020-07-03,2725,25,2750,2750,2675,9441
122,2020-07-06,2735,10,2710,2745,2650,46196
121,2020-07-07,2720,15,2760,2760,2650,32717
118,2020-07-08,2720,0,2720,2720,2680,17520
117,2020-07-09,2740,20,2735,2740,2700,6632
116,2020-07-10,2730,10,2740,2740,2695,17849
115,2020-07-13,2730,0,2760,2760,2705,16950
114,2020-07-14,2730,0,2720,2745,2710,54805
110,2020-07-15,2805,75,3000,3200,2790,1107025
109,2020-07-16,2820,15,2790,2820,2775,79996
108,2020-07-17,3255,435,2840,3580,2825,6616283
107,2020-07-20,3250,5,3205,3380,3185,1130149
106,2020-07-21,3225,25,3245,3245,3135,424873
103,2020-07-22,3630,405,3305,4190,3300,11034583
102,2020-07-23,4050,420,3745,4225,3650,5036479
101,2020-07-24,3905,145,4000,4220,3785,1454408
100,2020-07-27,4800,895,3990,4990,3985,9599686
99,2020-07-28,4360,440,4730,4735,4270,1459969
95,2020-07-29,4800,440,4400,5210,4400,9246685
94,2020-07-30,4830,30,4730,4850,4685,895798
93,2020-07-31,4775,55,4800,5190,4645,2280263
92,2020-08-03,4600,175,4820,4820,4585,530818
91,2020-08-04,4605,5,4555,4660,4455,460476
88,2020-08-05,4485,120,4585,4600,4400,406753
87,2020-08-06,4335,150,4470,4470,4270,315317
86,2020-08-07,4270,65,4330,4450,4240,357162
85,2020-08-10,4500,230,4280,4600,4190,987039
84,2020-08-11,4475,25,4495,4505,4365,196395
80,2020-08-12,4425,50,4475,4800,4330,676066
79,2020-08-13,4530,105,4430,4630,4350,479539
78,2020-08-14,4540,10,4790,4800,4460,674137
77,2020-08-18,3965,575,4440,4505,3900,486605
76,2020-08-19,4020,55,3965,4245,3920,131715
73,2020-08-20,3940,80,3955,4115,3775,200290
72,2020-08-21,3900,40,4050,4050,3755,119437
71,2020-08-24,3925,25,3845,3925,3735,96073
70,2020-08-25,4070,145,3930,4090,3750,160821
69,2020-08-26,4040,30,4070,4085,3900,129692
65,2020-08-27,3870,170,4060,4060,3800,118030
64,2020-08-28,4010,140,3845,4215,3765,713985
63,2020-08-31,3975,35,3995,4050,3945,86264
62,2020-09-01,3990,15,3930,4110,3930,212988
61,2020-09-02,4005,15,3990,4030,3945,99556
58,2020-09-03,4025,20,4040,4055,3960,148814
57,2020-09-04,4015,10,3865,4095,3810,142263
56,2020-09-07,4275,260,4030,4320,3960,434142
55,2020-09-08,4190,85,4275,4295,4120,249045
54,2020-09-09,4165,25,4100,4275,4050,131437
50,2020-09-10,4000,165,4200,4280,3990,225130
49,2020-09-11,3960,40,4005,4115,3895,309658
48,2020-09-14,3995,35,3960,4015,3885,88414
47,2020-09-15,3980,15,3995,4020,3920,68835
46,2020-09-16,3915,65,4000,4010,3855,108928
43,2020-09-17,3810,105,3975,3975,3810,96349
42,2020-09-18,3800,10,3810,3890,3755,85470
41,2020-09-21,3680,120,3765,3845,3600,108956
40,2020-09-22,3540,140,3695,3695,3470,121524
39,2020-09-23,3510,30,3515,3580,3380,77973
35,2020-09-24,3440,70,3405,3490,3320,114704
34,2020-09-25,3480,40,3425,3515,3395,154397
33,2020-09-28,3640,160,3500,3665,3500,102063
32,2020-09-29,3620,20,3660,3745,3570,48935
31,2020-10-05,3600,20,3620,3625,3535,75955
28,2020-10-06,3630,30,3660,3660,3600,36126
27,2020-10-07,3680,50,3630,3690,3615,40958
26,2020-10-08,3720,40,3680,3730,3660,43177
25,2020-10-12,3705,15,3850,3850,3670,115863
24,2020-10-13,3685,20,3715,3855,3655,121750
20,2020-10-14,3705,20,3690,3840,3650,173369
19,2020-10-15,3800,95,3750,3900,3725,243692
18,2020-10-16,3910,110,3860,3920,3650,344065
17,2020-10-19,3750,160,3890,3910,3705,325214
16,2020-10-20,3665,85,3750,3790,3565,139377
13,2020-10-21,3800,135,3685,3800,3640,92882
12,2020-10-22,3675,125,3790,3790,3640,67820
11,2020-10-23,3675,0,3675,3750,3560,91922
10,2020-10-26,3535,140,3660,3680,3505,84347
9,2020-10-27,3535,0,3505,3560,3425,142708
5,2020-10-28,3570,35,3480,3575,3480,39317
4,2020-10-29,3550,20,3455,3550,3455,35384
3,2020-10-30,3500,50,3550,3550,3475,26099
2,2020-11-02,3535,35,3505,3540,3445,19023
1,2020-11-03,3560,25,3520,3660,3520,56149
