,date,close,diff,open,high,low,volume
448,2019-08-16,1350,40,1295,1365,1280,686043
447,2019-08-19,1345,5,1345,1365,1330,279592
446,2019-08-20,1470,125,1360,1525,1340,6371882
445,2019-08-21,1430,40,1440,1460,1420,1215352
444,2019-08-22,1365,65,1415,1440,1360,1456799
440,2019-08-23,1375,10,1350,1380,1335,416721
439,2019-08-26,1320,55,1340,1355,1300,454079
438,2019-08-27,1320,0,1330,1345,1310,177039
437,2019-08-28,1340,20,1310,1340,1310,111596
436,2019-08-29,1320,20,1340,1345,1310,187245
433,2019-08-30,1345,25,1330,1355,1330,214450
432,2019-09-02,1370,25,1335,1370,1330,213630
431,2019-09-03,1345,25,1360,1370,1345,182800
430,2019-09-04,1365,20,1340,1365,1340,110238
429,2019-09-05,1375,10,1365,1385,1360,237742
425,2019-09-06,1390,15,1375,1405,1360,291888
424,2019-09-09,1390,0,1385,1405,1385,303463
423,2019-09-10,1410,20,1400,1410,1390,293452
422,2019-09-11,1420,10,1410,1455,1400,530400
421,2019-09-16,1430,10,1415,1445,1410,244012
418,2019-09-17,1460,30,1415,1495,1415,810707
417,2019-09-18,1450,10,1450,1465,1435,268344
416,2019-09-19,1455,5,1440,1460,1430,160472
415,2019-09-20,1455,0,1455,1480,1425,232177
414,2019-09-23,1470,15,1455,1475,1435,253014
410,2019-09-24,1455,15,1480,1485,1450,242883
409,2019-09-25,1445,10,1455,1470,1430,211113
408,2019-09-26,1485,40,1450,1485,1440,449997
407,2019-09-27,1460,25,1485,1490,1445,251425
406,2019-09-30,1415,45,1460,1460,1395,170142
403,2019-10-01,1445,30,1430,1445,1425,148987
402,2019-10-02,1405,40,1430,1440,1400,282969
401,2019-10-04,1375,30,1405,1415,1355,144622
400,2019-10-07,1360,15,1395,1395,1330,189290
399,2019-10-08,1365,5,1350,1370,1350,105944
395,2019-10-10,1360,5,1350,1365,1340,150354
394,2019-10-11,1365,5,1360,1365,1350,54314
393,2019-10-14,1370,5,1370,1380,1360,71546
392,2019-10-15,1395,25,1380,1395,1370,67396
391,2019-10-16,1395,0,1400,1415,1380,116007
388,2019-10-17,1390,5,1395,1395,1370,115042
387,2019-10-18,1415,25,1390,1440,1390,234813
386,2019-10-21,1385,30,1410,1415,1360,110244
385,2019-10-22,1375,10,1375,1395,1365,121833
384,2019-10-23,1335,40,1365,1375,1310,534733
380,2019-10-24,1335,0,1340,1350,1310,262508
379,2019-10-25,1330,5,1325,1335,1320,43223
378,2019-10-28,1340,10,1340,1350,1320,93902
377,2019-10-29,1330,10,1360,1410,1330,699496
376,2019-10-30,1330,0,1325,1340,1315,182211
373,2019-10-31,1330,0,1330,1370,1325,274772
372,2019-11-01,1345,15,1340,1345,1330,90435
371,2019-11-04,1345,0,1350,1360,1335,165694
370,2019-11-05,1350,5,1350,1370,1335,262611
369,2019-11-06,1355,5,1360,1385,1340,410126
365,2019-11-07,1380,25,1355,1385,1355,253581
364,2019-11-08,1430,50,1370,1430,1370,471414
363,2019-11-11,1495,65,1430,1555,1410,3444527
362,2019-11-12,1470,25,1480,1485,1445,559678
361,2019-11-13,1480,10,1500,1500,1465,473433
358,2019-11-14,1475,5,1480,1495,1460,408748
357,2019-11-15,1510,35,1475,1525,1470,1154774
356,2019-11-18,1475,35,1510,1620,1460,2530235
355,2019-11-19,1595,120,1585,1690,1505,5563900
354,2019-11-20,1615,20,1615,1650,1540,3169908
350,2019-11-21,1610,5,1615,1630,1565,955169
349,2019-11-22,1590,20,1610,1630,1560,672738
348,2019-11-25,1645,55,1600,1705,1600,3402534
347,2019-11-26,1675,30,1645,1680,1645,797121
346,2019-11-27,1680,5,1690,1695,1665,643860
343,2019-11-28,1660,20,1670,1685,1645,501154
342,2019-11-29,1655,5,1680,1680,1635,404605
341,2019-12-02,1610,45,1650,1675,1570,905042
340,2019-12-03,1670,60,1610,1680,1595,509754
339,2019-12-04,1630,40,1670,1680,1615,301252
335,2019-12-05,1605,25,1630,1655,1560,559106
334,2019-12-06,1640,35,1600,1645,1590,376440
333,2019-12-09,1630,10,1655,1700,1620,708241
332,2019-12-10,1560,70,1620,1630,1545,634723
331,2019-12-11,1565,5,1560,1575,1555,214115
328,2019-12-12,1605,40,1600,1630,1585,605974
327,2019-12-13,1590,15,1610,1610,1570,236280
326,2019-12-16,1610,20,1595,1615,1590,172018
325,2019-12-17,1645,35,1620,1655,1590,447005
324,2019-12-18,1650,5,1650,1670,1630,418032
320,2019-12-19,1650,0,1635,1665,1635,178720
319,2019-12-20,1655,5,1650,1695,1635,475742
318,2019-12-23,1635,20,1660,1665,1615,257784
317,2019-12-24,1605,30,1635,1635,1575,364538
316,2019-12-26,1605,0,1620,1620,1575,396632
313,2019-12-27,1605,0,1605,1620,1585,322392
312,2019-12-30,1625,20,1605,1635,1600,238311
311,2020-01-02,1675,50,1630,1700,1625,961763
310,2020-01-03,1735,60,1690,1740,1660,1129555
309,2020-01-06,1695,40,1710,1730,1655,792320
305,2020-01-07,1695,0,1695,1720,1670,511303
304,2020-01-08,1595,100,1675,1690,1570,809339
303,2020-01-09,1720,125,1640,1725,1640,692681
302,2020-01-10,1725,5,1715,1820,1695,1506212
301,2020-01-13,1795,70,1740,1810,1735,1635599
298,2020-01-14,1785,10,1795,1800,1745,583598
297,2020-01-15,1785,0,1790,1820,1770,601356
296,2020-01-16,1780,5,1790,1820,1760,446014
295,2020-01-17,1810,30,1795,1890,1780,1956396
294,2020-01-20,1700,110,1810,1820,1685,1171612
290,2020-01-21,1710,10,1715,1720,1650,432957
289,2020-01-22,1685,25,1695,1725,1660,438294
288,2020-01-23,1690,5,1675,1700,1650,315993
287,2020-01-28,1635,55,1605,1650,1600,475925
286,2020-01-29,1665,30,1650,1705,1640,318313
283,2020-01-30,1575,90,1680,1820,1540,3419840
282,2020-01-31,1485,90,1580,1595,1465,1158948
281,2020-02-03,1540,55,1440,1560,1440,640268
280,2020-02-04,1575,35,1575,1615,1560,401909
279,2020-02-05,1585,10,1600,1615,1570,384717
275,2020-02-06,1595,10,1600,1615,1580,225766
274,2020-02-07,1650,55,1630,1670,1600,863415
273,2020-02-10,1650,0,1650,1665,1640,209057
272,2020-02-11,1675,25,1655,1685,1650,284431
271,2020-02-12,1670,5,1690,1695,1625,316301
268,2020-02-13,1655,15,1680,1680,1620,194187
267,2020-02-14,1605,50,1670,1830,1605,2281696
266,2020-02-17,1625,20,1590,1635,1580,306473
265,2020-02-18,1595,30,1620,1635,1575,302964
264,2020-02-19,1590,5,1595,1610,1555,256430
260,2020-02-20,1565,25,1590,1595,1545,223338
259,2020-02-21,1535,30,1545,1575,1515,293015
258,2020-02-24,1455,80,1510,1510,1450,371808
257,2020-02-25,1495,40,1440,1505,1420,300096
256,2020-02-26,1470,25,1450,1495,1440,198878
253,2020-02-27,1425,45,1475,1490,1395,663776
252,2020-02-28,1310,115,1380,1405,1280,1045367
251,2020-03-02,1340,30,1300,1355,1280,516399
250,2020-03-03,1355,15,1365,1395,1350,248237
249,2020-03-04,1410,55,1350,1425,1350,231217
245,2020-03-05,1435,25,1420,1445,1410,142497
244,2020-03-06,1395,40,1415,1425,1370,195075
243,2020-03-09,1310,85,1395,1395,1295,319496
242,2020-03-10,1295,15,1280,1310,1250,611991
241,2020-03-11,1220,75,1305,1305,1215,479588
238,2020-03-12,1105,115,1190,1230,1090,987104
237,2020-03-13,999,106,980,1050,930,1084485
236,2020-03-16,980,19,1000,1055,971,958560
235,2020-03-17,970,10,860,976,860,547164
234,2020-03-18,929,41,973,997,922,349890
230,2020-03-19,708,221,929,947,703,1241400
229,2020-03-20,731,23,701,745,701,868180
228,2020-03-23,672,59,660,692,660,464999
227,2020-03-24,741,69,677,759,662,2036413
226,2020-03-25,800,59,761,808,761,743784
223,2020-03-26,880,80,803,920,791,1077514
222,2020-03-27,925,45,949,956,900,878105
221,2020-03-30,953,28,895,956,851,367674
220,2020-03-31,1040,87,986,1075,962,796292
219,2020-04-01,1055,15,1030,1105,1020,499480
215,2020-04-02,1075,20,1040,1075,1000,364292
214,2020-04-03,1070,5,1100,1120,1020,310818
213,2020-04-06,1190,120,1085,1205,1075,1024099
212,2020-04-07,1195,5,1205,1240,1170,481908
211,2020-04-08,1205,10,1200,1230,1170,751550
208,2020-04-09,1565,360,1440,1565,1405,10105674
207,2020-04-10,1400,165,1620,1640,1320,16727565
206,2020-04-13,1500,100,1380,1510,1300,6091677
205,2020-04-14,1425,75,1450,1510,1400,3221852
204,2020-04-16,1395,30,1455,1500,1390,1973692
200,2020-04-17,1445,50,1435,1465,1395,1397734
199,2020-04-20,1420,25,1455,1470,1415,1473793
198,2020-04-21,1380,40,1405,1425,1220,1393087
197,2020-04-22,1500,120,1360,1625,1350,11502877
196,2020-04-23,1445,55,1475,1490,1410,2229667
193,2020-04-24,1395,50,1430,1435,1355,1772904
192,2020-04-27,1385,10,1420,1420,1375,590287
191,2020-04-28,1400,15,1385,1420,1365,1203745
190,2020-04-29,1530,130,1700,1815,1515,34105001
189,2020-05-04,1630,100,1490,1730,1465,11583826
185,2020-05-06,1620,10,1620,1685,1590,3077963
184,2020-05-07,1685,65,1605,1740,1595,7689338
183,2020-05-08,1675,10,1845,1915,1665,11118495
182,2020-05-11,1710,35,1685,1720,1620,3432553
181,2020-05-12,1720,10,1845,1875,1700,16068280
178,2020-05-13,1740,20,1720,1785,1675,2706706
177,2020-05-14,1665,75,1710,1725,1650,1860458
176,2020-05-15,1600,65,1665,1690,1590,1348000
175,2020-05-18,1610,10,1600,1625,1580,754218
174,2020-05-19,1640,30,1610,1650,1575,1143199
170,2020-05-20,1625,15,1615,1650,1600,721531
169,2020-05-21,1675,50,1625,1695,1625,1594473
168,2020-05-22,1680,5,1725,1825,1675,8447345
167,2020-05-25,1700,20,1690,1740,1675,1199219
166,2020-05-26,1685,15,1715,1760,1680,3057151
163,2020-05-27,1745,60,1700,1775,1675,3443804
162,2020-05-28,1695,50,1745,1745,1630,1981337
161,2020-05-29,1705,10,1720,1735,1655,917305
160,2020-06-01,1770,65,1740,1790,1695,5262197
159,2020-06-02,1755,15,1755,1780,1735,1564115
155,2020-06-03,1785,30,1765,1810,1745,2932683
154,2020-06-04,1800,15,1815,1835,1760,2342058
153,2020-06-05,1945,145,1805,1975,1770,11931953
152,2020-06-08,1880,65,1910,2000,1860,7040133
151,2020-06-09,1840,40,1885,1900,1815,1789526
148,2020-06-10,1860,20,1820,1880,1770,2076832
147,2020-06-11,1775,85,1825,1840,1775,1477108
146,2020-06-12,1700,75,1700,1730,1625,1712093
145,2020-06-15,1505,195,1675,1700,1500,2068999
144,2020-06-16,1670,165,1580,1675,1570,1898645
140,2020-06-17,1630,40,1640,1690,1590,1250594
139,2020-06-18,1720,90,1660,1750,1655,2501665
138,2020-06-19,1760,40,1730,1795,1705,1555235
137,2020-06-22,1710,50,1740,1745,1690,699889
136,2020-06-23,1670,40,1740,1740,1645,839768
133,2020-06-24,1675,5,1675,1695,1650,581149
132,2020-06-25,1660,15,1645,1690,1640,419268
131,2020-06-26,1705,45,1690,1770,1670,1431522
130,2020-06-29,1670,35,1690,1725,1670,543461
129,2020-06-30,1690,20,1710,1735,1670,675990
125,2020-07-01,1715,25,1715,1830,1705,1637003
124,2020-07-02,1890,175,1735,1890,1725,2645361
123,2020-07-03,1815,75,1890,1890,1810,2600481
122,2020-07-06,1780,35,1805,1830,1740,1300235
121,2020-07-07,1755,25,1790,1795,1740,838988
118,2020-07-08,1740,15,1760,1795,1740,504699
117,2020-07-09,1790,50,1760,1795,1750,415677
116,2020-07-10,1775,15,1810,1890,1745,3404206
115,2020-07-13,1805,30,1780,1805,1745,611054
114,2020-07-14,1775,30,1800,1800,1755,444764
110,2020-07-15,1805,30,1780,1805,1775,373576
109,2020-07-16,1825,20,1805,1895,1790,2371930
108,2020-07-17,1830,5,1815,1845,1790,563045
107,2020-07-20,1880,50,1835,1880,1810,1289234
106,2020-07-21,1865,15,1875,1910,1830,2399489
103,2020-07-22,1900,35,1870,1955,1850,2795293
102,2020-07-23,1850,50,1920,1925,1800,1921336
101,2020-07-24,1800,50,1855,1890,1800,1193748
100,2020-07-27,1905,105,1800,1915,1800,1850569
99,2020-07-28,1965,60,1940,2130,1855,10993874
95,2020-07-29,2080,115,1970,2105,1920,8137998
94,2020-07-30,2115,35,2085,2375,2045,22598629
93,2020-07-31,2200,85,2150,2245,2105,5602461
92,2020-08-03,2115,85,2205,2210,2105,1905221
91,2020-08-04,2050,65,2115,2155,2040,1625224
88,2020-08-05,2050,0,2060,2100,2025,782780
87,2020-08-06,2040,10,2060,2075,1990,1067640
86,2020-08-07,2070,30,2045,2220,2015,4198374
85,2020-08-10,2095,25,2050,2125,2020,1095356
84,2020-08-11,2140,45,2100,2195,2095,2212247
80,2020-08-12,2185,45,2350,2370,2120,5873798
79,2020-08-13,2185,0,2200,2210,2130,1389480
78,2020-08-14,2100,85,2185,2190,2060,1432338
77,2020-08-18,1835,265,2045,2075,1785,2024465
76,2020-08-19,1780,55,1835,1900,1720,3618854
73,2020-08-20,1675,105,1770,1800,1620,2171667
72,2020-08-21,1690,15,1680,1735,1620,1703438
71,2020-08-24,1745,55,1685,1745,1650,1184700
70,2020-08-25,1760,15,1755,1790,1740,1518177
69,2020-08-26,1760,0,1765,1775,1725,1143867
65,2020-08-27,1680,80,1770,1775,1660,1834803
64,2020-08-28,1725,45,1685,1830,1680,2490066
63,2020-08-31,1785,60,1730,1785,1720,1845640
62,2020-09-01,1785,0,1780,1795,1760,843958
61,2020-09-02,1780,5,1795,1815,1765,742111
58,2020-09-03,1790,10,1780,1820,1770,891089
57,2020-09-04,1790,0,1715,1795,1690,1420827
56,2020-09-07,1790,0,1800,1805,1750,889038
55,2020-09-08,1740,50,1780,1790,1730,1145908
54,2020-09-09,1775,35,1715,1805,1705,932042
50,2020-09-10,1845,70,1795,1920,1755,2818219
49,2020-09-11,1795,50,1830,1850,1775,835310
48,2020-09-14,1795,0,1785,1825,1765,720964
47,2020-09-15,1825,30,1800,1840,1785,690910
46,2020-09-16,1940,115,1865,1995,1850,8188681
43,2020-09-17,1930,10,1920,1950,1870,1646588
42,2020-09-18,1890,40,1900,1915,1855,1207943
41,2020-09-21,1820,70,1875,1940,1775,2249953
40,2020-09-22,1770,50,1820,1855,1750,1179818
39,2020-09-23,1750,20,1790,1850,1715,1346050
35,2020-09-24,1685,65,1735,1800,1680,1079414
34,2020-09-25,1840,155,1735,1910,1735,7856364
33,2020-09-28,1730,110,1720,1785,1680,2809126
32,2020-09-29,1540,190,1630,1655,1515,6813230
31,2020-10-05,1585,45,1550,1635,1525,3224898
28,2020-10-06,1640,55,1625,1660,1610,2621678
27,2020-10-07,1650,10,1655,1745,1610,6145470
26,2020-10-08,1675,25,1655,1690,1645,2957739
25,2020-10-12,1685,10,1690,1695,1655,1623620
24,2020-10-13,1615,70,1670,1670,1590,2638436
20,2020-10-14,1605,10,1635,1645,1600,1092823
19,2020-10-15,1635,30,1625,1760,1610,3710399
18,2020-10-16,1630,5,1635,1665,1600,1536414
17,2020-10-19,1635,5,1685,1700,1635,1717557
16,2020-10-20,1640,5,1620,1650,1605,865078
13,2020-10-21,1695,55,1645,1735,1640,3078287
12,2020-10-22,1660,35,1685,1710,1655,1676100
11,2020-10-23,1670,10,1670,1715,1645,1242077
10,2020-10-26,1640,30,1670,1685,1630,812982
9,2020-10-27,1680,40,1625,1720,1620,1345418
5,2020-10-28,1750,70,1680,1825,1680,8749010
4,2020-10-29,1760,10,1710,1785,1705,2801291
3,2020-10-30,1710,50,1765,1775,1700,1569880
2,2020-11-02,1780,70,1710,1815,1690,5605148
1,2020-11-03,1850,70,1780,1865,1775,4510940
