,date,close,diff,open,high,low,volume
448,2018-02-27,1285,165,1285,1285,1125,512
447,2018-02-28,1475,190,1475,1475,1475,1
446,2018-03-02,1430,45,1430,1430,1430,700
445,2018-03-05,1430,0,1385,1430,1385,724
444,2018-03-06,1430,0,1385,1430,1385,724
440,2018-03-07,1500,70,1600,1600,1220,1002
439,2018-03-08,1535,35,1370,1535,1370,779
438,2018-03-09,1695,160,1305,1695,1305,501
437,2018-03-12,1445,250,1445,1445,1445,608
436,2018-03-13,1590,145,1590,1590,1590,1
433,2018-03-14,1820,230,1355,1820,1355,1001
432,2018-03-15,1550,270,1550,1550,1550,567
431,2018-03-16,1700,150,1320,1700,1320,1002
430,2018-03-19,1445,255,1445,1445,1445,608
429,2018-03-20,1230,215,1230,1400,1230,1514
425,2018-03-21,1355,125,1150,1355,1050,5001
424,2018-03-22,1550,195,1550,1550,1550,1
423,2018-03-23,1320,230,1320,1320,1320,667
422,2018-03-26,1330,10,1280,1330,1280,783
421,2018-03-27,1260,70,1260,1260,1260,776
418,2018-03-28,1290,30,1220,1290,1220,821
417,2018-03-29,1395,105,1395,1395,1395,1
416,2018-03-30,1585,190,1190,1585,1190,3
415,2018-04-02,1350,235,1350,1350,1350,652
414,2018-04-03,1370,20,1150,1370,1150,765
410,2018-04-04,1490,120,1165,1490,1165,2
409,2018-04-05,1270,220,1270,1270,1270,693
408,2018-04-06,1265,5,1230,1265,1230,815
407,2018-04-09,1445,180,1080,1445,1080,1007
406,2018-04-10,1230,215,1230,1230,1230,715
403,2018-04-11,1410,180,1050,1410,1050,501
402,2018-04-12,1200,210,1200,1200,1200,1
401,2018-04-13,1020,180,1020,1020,1020,1
400,2018-04-16,1105,85,870,1170,870,3003
399,2018-04-17,940,165,940,940,940,935
395,2018-04-18,1065,125,1065,1065,1065,1
394,2018-04-19,1085,20,910,1085,910,2972
393,2018-04-20,925,160,925,925,925,953
392,2018-04-23,925,0,787,925,787,1001
391,2018-04-24,787,138,787,787,787,0
388,2018-04-25,808,21,764,808,764,1310
387,2018-04-26,831,23,784,831,784,1277
386,2018-04-27,954,123,954,954,954,1
385,2018-04-30,981,27,811,981,811,1082
384,2018-05-02,980,1,834,980,834,1052
380,2018-05-03,833,147,833,833,833,499
379,2018-05-04,829,4,829,829,829,1
378,2018-05-08,852,23,805,852,805,1244
377,2018-05-09,974,122,827,974,827,1211
376,2018-05-10,828,146,828,828,828,1
373,2018-05-11,828,0,828,828,828,1
372,2018-05-14,704,124,704,704,704,1
371,2018-05-15,808,104,808,808,808,1
370,2018-05-16,808,0,808,808,808,1
369,2018-05-17,918,110,918,918,918,1
365,2018-05-18,898,20,898,898,898,1
364,2018-05-21,764,134,764,764,764,1
363,2018-05-23,874,110,874,874,874,1
362,2018-05-24,743,131,743,743,743,4
361,2018-05-25,742,1,742,742,742,1
358,2018-05-28,845,103,845,845,845,1
357,2018-05-29,719,126,719,719,719,3
356,2018-05-30,612,107,612,612,612,1
355,2018-05-31,521,91,521,521,521,121
354,2018-06-01,444,77,444,445,444,206
350,2018-06-04,380,64,499,499,378,11
349,2018-06-05,323,57,437,437,323,1001
348,2018-06-07,371,48,371,371,371,100
347,2018-06-08,321,50,426,426,316,408
346,2018-06-11,275,46,369,369,275,2
343,2018-06-12,283,8,283,283,283,3534
342,2018-06-14,325,42,325,325,325,1
341,2018-06-15,316,9,334,373,316,2997
340,2018-06-18,307,9,325,325,307,3078
339,2018-06-19,262,45,353,353,262,72
335,2018-06-20,223,39,301,301,223,101
334,2018-06-21,256,33,256,256,256,2
333,2018-06-22,263,7,263,263,263,3803
332,2018-06-25,271,8,271,271,271,3691
331,2018-06-26,278,7,278,278,278,3598
328,2018-06-27,286,8,286,286,286,3497
327,2018-06-28,328,42,294,328,294,4223
326,2018-06-29,377,49,338,377,338,399
325,2018-07-02,433,56,433,433,433,2
324,2018-07-03,433,0,497,497,433,15106
320,2018-07-04,489,56,490,490,433,2944
319,2018-07-05,489,0,489,489,489,0
318,2018-07-06,416,73,416,416,416,1002
317,2018-07-09,474,58,416,474,354,10189
316,2018-07-10,468,6,468,468,468,0
313,2018-07-11,468,0,468,468,468,0
312,2018-07-12,468,0,468,468,468,0
311,2018-07-13,468,0,468,468,468,1
310,2018-07-16,398,70,398,537,398,3
309,2018-07-17,445,47,445,445,445,1
305,2018-07-18,445,0,445,445,445,0
304,2018-07-19,445,0,444,445,379,3996
303,2018-07-20,425,20,379,430,379,11293
302,2018-07-23,424,1,413,424,413,2423
301,2018-07-24,412,12,412,412,412,2428
298,2018-07-25,351,61,400,400,351,2501
297,2018-07-26,403,52,351,403,351,3740
296,2018-07-27,463,60,463,463,463,2
295,2018-07-30,530,67,530,530,462,3
294,2018-07-31,530,0,530,530,530,2
290,2018-08-01,530,0,530,530,530,0
289,2018-08-02,530,0,530,530,530,0
288,2018-08-03,608,78,452,608,452,52
287,2018-08-06,608,0,608,608,608,0
286,2018-08-07,698,90,608,698,608,2
283,2018-08-08,698,0,698,698,698,1
282,2018-08-09,797,99,698,797,698,2
281,2018-08-10,797,0,797,797,797,0
280,2018-08-13,739,58,739,739,739,0
279,2018-08-14,848,109,739,848,739,2
275,2018-08-16,846,2,846,846,846,1
274,2018-08-17,846,0,846,846,846,0
273,2018-08-20,845,1,845,845,845,10
272,2018-08-21,845,0,845,970,845,12
271,2018-08-22,922,77,845,922,845,2
268,2018-08-23,895,27,895,895,895,1118
267,2018-08-24,927,32,895,927,895,2
266,2018-08-27,849,78,849,849,849,1112
265,2018-08-28,975,126,849,975,849,2
264,2018-08-29,946,29,946,946,946,1058
260,2018-08-30,1080,134,946,1080,946,2
259,2018-08-31,920,160,920,920,920,957
258,2018-09-03,893,27,893,893,893,1120
257,2018-09-04,918,25,760,918,760,1155
256,2018-09-05,1050,132,918,1050,918,2
253,2018-09-06,1070,20,1015,1070,1015,987
252,2018-09-07,1225,155,1070,1225,1070,2
251,2018-09-10,1045,180,1045,1045,1045,844
250,2018-09-11,890,155,890,890,890,991
249,2018-09-12,914,24,864,914,864,1159
245,2018-09-13,777,137,777,777,777,1128
244,2018-09-14,661,116,661,661,661,1327
243,2018-09-17,562,99,562,562,562,1558
242,2018-09-18,478,84,478,478,478,0
241,2018-09-19,478,0,464,478,464,2157
238,2018-09-20,407,71,407,407,407,2156
237,2018-09-21,346,61,346,346,346,2532
236,2018-09-27,295,51,295,295,295,2977
235,2018-09-28,251,44,251,251,251,3985
234,2018-10-01,258,7,244,258,244,4100
230,2018-10-02,266,8,251,266,251,3986
229,2018-10-04,259,7,259,259,259,3862
228,2018-10-05,252,7,252,252,252,3969
227,2018-10-08,259,7,245,259,245,4083
226,2018-10-10,252,7,252,252,252,3969
223,2018-10-11,245,7,245,245,245,4082
222,2018-10-12,238,7,250,250,238,7902
221,2018-10-15,244,6,231,244,231,4332
220,2018-10-16,278,34,208,278,208,14001
219,2018-10-17,237,41,237,237,237,3704
215,2018-10-18,202,35,202,202,202,4348
214,2018-10-19,196,6,196,196,196,5103
213,2018-10-22,200,4,167,200,167,501
212,2018-10-23,230,30,170,230,170,300
211,2018-10-24,196,34,196,196,196,4465
208,2018-10-25,167,29,167,167,167,0
207,2018-10-26,143,24,143,143,143,0
206,2018-10-29,150,7,122,150,122,16
205,2018-10-30,129,21,129,129,129,0
204,2018-10-31,110,19,115,115,110,20279
200,2018-11-01,115,5,94,115,94,101
199,2018-11-02,110,5,110,110,99,202
198,2018-11-05,107,3,107,107,107,9345
197,2018-11-06,91,16,91,91,91,0
196,2018-11-07,78,13,78,78,78,98
193,2018-11-08,80,2,80,80,80,12500
192,2018-11-09,82,2,82,82,82,12196
191,2018-11-12,70,12,70,70,70,11100
190,2018-11-13,60,10,72,72,60,13890
189,2018-11-14,62,2,62,62,62,16130
185,2018-11-15,62,0,62,62,62,102
184,2018-11-16,63,1,64,64,63,15626
183,2018-11-19,63,0,63,63,63,10
182,2018-11-20,65,2,65,65,65,15385
181,2018-11-21,67,2,67,67,67,12982
178,2018-11-22,77,10,77,77,77,99
177,2018-11-23,88,11,88,88,88,100
176,2018-11-26,101,13,101,101,101,100
175,2018-11-27,116,15,116,116,116,101
174,2018-11-28,133,17,133,133,133,100
170,2018-11-29,152,19,152,152,152,1
169,2018-11-30,152,0,0,0,0,0
168,2018-12-03,174,22,174,174,174,101
167,2018-12-04,174,0,174,174,174,0
166,2018-12-05,174,0,174,174,174,0
163,2018-12-06,174,0,174,174,174,0
162,2018-12-07,199,25,199,199,199,0
161,2018-12-10,228,29,228,228,228,250
160,2018-12-11,228,0,228,228,228,1431
159,2018-12-12,228,0,228,228,228,0
155,2018-12-13,241,13,241,241,241,1
154,2018-12-14,277,36,277,277,277,10
153,2018-12-17,276,1,276,276,276,0
152,2018-12-18,235,41,235,235,235,0
151,2018-12-19,232,3,232,232,232,0
148,2018-12-20,232,0,232,232,232,0
147,2018-12-21,264,32,264,264,264,0
146,2018-12-24,278,14,257,278,257,4093
145,2018-12-26,237,41,237,237,237,3704
144,2018-12-27,270,33,270,270,270,1
140,2018-12-28,277,7,262,277,262,3818
139,2019-01-02,318,41,318,318,318,1
138,2019-01-03,309,9,309,309,309,3237
137,2019-01-04,263,46,263,263,263,3334
136,2019-01-07,302,39,302,302,302,1
133,2019-01-08,257,45,257,257,257,3413
132,2019-01-09,290,33,290,290,290,1
131,2019-01-10,247,43,247,247,247,3547
130,2019-01-11,210,37,210,210,210,4167
129,2019-01-14,179,31,179,179,179,4902
125,2019-01-15,153,26,153,153,153,5748
124,2019-01-16,131,22,131,131,131,4
123,2019-01-17,128,3,128,128,128,7813
122,2019-01-18,132,4,125,132,125,8001
121,2019-01-21,136,4,129,136,129,7757
118,2019-01-22,156,20,156,156,156,1
117,2019-01-23,161,5,152,161,152,6580
116,2019-01-24,138,23,138,138,138,0
115,2019-01-25,119,19,119,119,119,0
114,2019-01-28,103,16,103,103,103,5
110,2019-01-29,89,14,89,89,89,0
109,2019-01-30,92,3,92,92,92,10870
108,2019-01-31,95,3,95,95,95,10527
107,2019-02-01,98,3,98,98,98,10205
106,2019-02-07,101,3,101,101,101,9901
103,2019-02-08,103,2,103,103,103,9709
102,2019-02-11,106,3,106,106,106,9434
101,2019-02-12,121,15,109,121,109,9176
100,2019-02-13,139,18,104,139,104,86
99,2019-02-14,146,7,146,146,146,2
95,2019-02-15,146,0,146,146,146,4
94,2019-02-18,146,0,146,146,146,0
93,2019-02-19,142,4,142,142,142,5
92,2019-02-20,163,21,163,163,163,1
91,2019-02-21,180,17,180,180,180,1
88,2019-02-22,175,5,175,175,175,5715
87,2019-02-25,170,5,170,170,170,5883
86,2019-02-26,174,4,165,174,165,6062
85,2019-02-27,169,5,169,169,169,5918
84,2019-02-28,145,24,164,164,145,6098
80,2019-03-04,141,4,149,149,141,6713
79,2019-03-05,137,4,145,150,137,6903
78,2019-03-06,145,8,140,145,140,7243
77,2019-03-07,166,21,149,166,149,6713
76,2019-03-08,190,24,190,190,190,1
73,2019-03-11,215,25,215,215,215,1
72,2019-03-12,209,6,209,209,209,4785
71,2019-03-13,203,6,203,203,203,4927
70,2019-03-14,233,30,233,233,233,3
69,2019-03-15,240,7,227,240,227,4407
65,2019-03-18,246,6,233,246,233,4293
64,2019-03-19,253,7,239,253,239,4186
63,2019-03-20,260,7,260,260,260,1
62,2019-03-21,260,0,260,260,260,0
61,2019-03-22,260,0,0,0,0,0
58,2019-03-25,260,0,0,0,0,0
57,2019-03-26,260,0,0,0,0,0
56,2019-03-27,260,0,0,0,0,0
55,2019-03-28,260,0,0,0,0,0
54,2019-03-29,260,0,0,0,0,0
50,2019-04-01,260,0,0,0,0,0
49,2019-04-02,260,0,0,0,0,0
48,2019-04-03,260,0,0,0,0,0
47,2019-04-04,260,0,0,0,0,0
46,2019-04-05,260,0,0,0,0,0
43,2019-04-08,260,0,0,0,0,0
42,2019-04-09,260,0,0,0,0,0
41,2019-04-10,260,0,0,0,0,0
40,2019-04-11,260,0,0,0,0,0
39,2019-04-12,260,0,0,0,0,0
35,2019-04-15,260,0,0,0,0,0
34,2019-04-16,260,0,0,0,0,0
33,2019-04-17,260,0,0,0,0,0
32,2019-04-18,260,0,0,0,0,0
31,2019-04-19,260,0,0,0,0,0
28,2019-04-22,260,0,0,0,0,0
27,2019-04-23,260,0,0,0,0,0
26,2019-04-24,260,0,0,0,0,0
25,2019-04-25,260,0,0,0,0,0
24,2019-04-26,260,0,0,0,0,0
20,2019-04-29,260,0,0,0,0,0
19,2019-04-30,260,0,0,0,0,0
18,2019-05-02,260,0,0,0,0,0
17,2019-05-03,260,0,0,0,0,0
16,2019-05-07,260,0,0,0,0,0
13,2019-05-08,260,0,0,0,0,0
12,2019-05-09,260,0,0,0,0,0
11,2019-05-10,260,0,0,0,0,0
10,2019-05-13,260,0,260,260,260,0
9,2019-05-14,260,0,260,260,260,0
5,2019-05-15,260,0,260,260,260,0
4,2019-05-16,260,0,260,260,260,0
3,2019-05-17,260,0,260,260,260,0
2,2019-05-20,260,0,260,260,260,0
