,date,close,diff,open,high,low,volume
448,2019-08-16,3590,115,3605,3640,3500,102721
447,2019-08-19,3590,0,3590,3620,3555,46308
446,2019-08-20,3650,60,3575,3700,3575,51218
445,2019-08-21,4095,445,3635,4165,3635,1331021
444,2019-08-22,4100,5,4030,4420,4005,967311
440,2019-08-23,3970,130,4010,4045,3900,247087
439,2019-08-26,3755,215,3890,3895,3725,156490
438,2019-08-27,3705,50,3785,3825,3690,103540
437,2019-08-28,3700,5,3650,3750,3650,72550
436,2019-08-29,3730,30,3720,3740,3650,51965
433,2019-08-30,3785,55,3765,3825,3745,84544
432,2019-09-02,3870,85,3805,3930,3805,53442
431,2019-09-03,3960,90,3820,3960,3810,207832
430,2019-09-04,4070,110,4705,4850,4060,3547396
429,2019-09-05,3980,90,4095,4095,3980,488108
425,2019-09-06,3915,65,4030,4030,3915,226341
424,2019-09-09,3925,10,3950,4080,3910,343278
423,2019-09-10,4010,85,3930,4035,3890,202763
422,2019-09-11,3985,25,4015,4040,3970,170417
421,2019-09-16,3985,0,4010,4010,3935,119981
418,2019-09-17,4020,35,3975,4050,3955,133931
417,2019-09-18,4070,50,4000,4170,4000,244439
416,2019-09-19,4200,130,4120,4240,4080,286829
415,2019-09-20,4165,35,4275,4275,4070,183393
414,2019-09-23,4180,15,4115,4260,4115,226162
410,2019-09-24,4130,50,4180,4220,4125,72328
409,2019-09-25,3990,140,4175,4175,3970,151637
408,2019-09-26,3910,80,4030,4040,3910,75680
407,2019-09-27,3880,30,3910,3985,3830,46483
406,2019-09-30,3840,40,3880,3915,3790,76556
403,2019-10-01,3890,50,3820,3925,3800,93953
402,2019-10-02,3875,15,3840,3880,3820,53204
401,2019-10-04,3845,30,3835,3870,3825,50295
400,2019-10-07,3810,35,3845,3855,3785,63026
399,2019-10-08,3850,40,3820,3855,3755,63715
395,2019-10-10,3905,55,3795,3935,3795,64733
394,2019-10-11,3930,25,3910,3955,3900,51426
393,2019-10-14,4005,75,3995,4015,3950,87243
392,2019-10-15,4020,15,3990,4050,3940,49380
391,2019-10-16,4020,0,4050,4080,3960,91767
388,2019-10-17,4020,0,4050,4060,3985,62115
387,2019-10-18,4035,15,4030,4045,3990,62061
386,2019-10-21,4035,0,4005,4045,3970,70825
385,2019-10-22,4020,15,3995,4050,3985,81069
384,2019-10-23,3950,70,3975,4025,3915,88811
380,2019-10-24,3950,0,3910,3985,3910,43190
379,2019-10-25,3975,25,3995,4120,3955,112681
378,2019-10-28,3940,35,3920,4000,3920,36781
377,2019-10-29,3935,5,3975,4015,3935,35128
376,2019-10-30,3935,0,3895,3985,3885,37660
373,2019-10-31,3905,30,3895,3940,3885,55808
372,2019-11-01,3940,35,3890,3945,3880,42556
371,2019-11-04,4055,115,3940,4075,3935,115055
370,2019-11-05,4035,20,4055,4070,4010,46502
369,2019-11-06,4100,65,4070,4150,4035,104666
365,2019-11-07,4005,95,4110,4120,4000,53476
364,2019-11-08,4005,0,4010,4075,4005,33712
363,2019-11-11,4020,15,4015,4045,3955,49764
362,2019-11-12,4135,115,4110,4195,4005,373276
361,2019-11-13,4070,65,4105,4140,4050,84297
358,2019-11-14,4010,60,4070,4125,3970,119868
357,2019-11-15,4005,5,4015,4050,3970,82326
356,2019-11-18,4000,5,4000,4060,3980,42960
355,2019-11-19,3970,30,4005,4045,3940,76348
354,2019-11-20,3850,120,3920,4035,3840,109668
350,2019-11-21,3675,175,3895,3895,3665,166307
349,2019-11-22,3630,45,3675,3700,3600,138132
348,2019-11-25,3720,90,3855,3865,3695,195927
347,2019-11-26,3750,30,3725,3775,3725,29941
346,2019-11-27,3715,35,3785,3785,3715,71891
343,2019-11-28,3680,35,3715,3755,3675,51595
342,2019-11-29,3675,5,3655,3730,3655,61178
341,2019-12-02,3680,5,3625,3695,3605,49893
340,2019-12-03,3660,20,3680,3720,3625,47787
339,2019-12-04,3570,90,3600,3800,3525,113331
335,2019-12-05,3535,35,3520,3590,3455,132988
334,2019-12-06,3535,0,3470,3565,3470,50854
333,2019-12-09,3530,5,3505,3565,3500,19987
332,2019-12-10,3525,5,3505,3560,3500,20525
331,2019-12-11,3540,15,3500,3550,3500,17613
328,2019-12-12,3530,10,3510,3570,3510,62024
327,2019-12-13,3610,80,3555,3655,3530,90212
326,2019-12-16,3665,55,3615,3665,3615,72416
325,2019-12-17,3670,5,3665,3680,3635,66710
324,2019-12-18,3740,70,3685,3745,3650,116236
320,2019-12-19,3770,30,3740,3815,3740,89171
319,2019-12-20,3770,0,3785,3795,3745,53204
318,2019-12-23,3680,90,3770,3780,3660,47969
317,2019-12-24,3640,40,3680,3705,3620,29335
316,2019-12-26,3650,10,3625,3665,3605,121567
313,2019-12-27,3715,65,3655,3715,3650,118526
312,2019-12-30,3750,35,3715,3760,3690,61430
311,2020-01-02,3775,25,3750,3780,3735,44361
310,2020-01-03,3770,5,3745,3810,3745,46871
309,2020-01-06,3675,95,3710,3770,3650,58910
305,2020-01-07,3700,25,3700,3705,3645,39262
304,2020-01-08,3540,160,3700,3700,3500,95529
303,2020-01-09,3610,70,3560,3660,3560,32445
302,2020-01-10,3635,25,3560,3670,3560,37053
301,2020-01-13,3720,85,3660,3745,3650,50645
298,2020-01-14,3760,40,3735,3770,3680,56534
297,2020-01-15,3825,65,3740,3880,3735,105716
296,2020-01-16,3855,30,3825,3855,3810,47193
295,2020-01-17,3830,25,3875,3885,3740,60156
294,2020-01-20,3805,25,3830,3885,3805,63256
290,2020-01-21,3755,50,3805,3840,3725,57624
289,2020-01-22,3750,5,3710,3775,3700,35570
288,2020-01-23,3720,30,3750,3765,3675,24117
287,2020-01-28,3500,220,3595,3595,3490,119947
286,2020-01-29,3530,30,3505,3550,3485,34401
283,2020-01-30,3420,110,3530,3565,3385,92624
282,2020-01-31,3300,120,3440,3440,3300,78148
281,2020-02-03,3235,65,3300,3430,3200,74049
280,2020-02-04,3375,140,3240,3375,3240,37740
279,2020-02-05,3435,60,3410,3460,3390,34060
275,2020-02-06,3445,10,3470,3480,3390,58888
274,2020-02-07,3460,15,3405,3480,3405,18570
273,2020-02-10,3475,15,3460,3490,3380,34292
272,2020-02-11,3430,45,3475,3485,3385,18893
271,2020-02-12,3585,155,3430,3770,3430,536356
268,2020-02-13,3590,5,3585,3640,3540,74643
267,2020-02-14,3535,55,3590,3590,3530,79486
266,2020-02-17,3480,55,3535,3550,3400,37588
265,2020-02-18,3440,40,3445,3520,3425,33682
264,2020-02-19,3390,50,3425,3475,3370,62941
260,2020-02-20,3310,80,3400,3425,3305,54085
259,2020-02-21,3275,35,3290,3400,3270,108196
258,2020-02-24,3080,195,3195,3240,3060,157047
257,2020-02-25,3110,30,3120,3130,3000,72649
256,2020-02-26,3065,45,3015,3085,3015,83367
253,2020-02-27,2970,95,3065,3115,2915,68646
252,2020-02-28,2790,180,2890,2965,2705,126518
251,2020-03-02,2835,45,2705,2875,2705,65226
250,2020-03-03,2850,15,2880,2945,2850,52478
249,2020-03-04,2875,25,2850,2875,2800,29623
245,2020-03-05,3050,175,2910,3135,2910,126902
244,2020-03-06,2980,70,3050,3050,2945,77201
243,2020-03-09,2775,205,2980,2980,2730,98163
242,2020-03-10,2725,50,2800,2845,2680,102834
241,2020-03-11,2660,65,2730,2850,2630,84848
238,2020-03-12,2350,310,2655,2655,2320,241710
237,2020-03-13,2135,215,2060,2225,1950,269524
236,2020-03-16,2100,35,2055,2235,2045,184658
235,2020-03-17,1995,105,1910,2085,1910,151534
234,2020-03-18,1855,140,1995,2035,1855,128850
230,2020-03-19,1500,355,1830,1855,1405,243382
229,2020-03-20,1590,90,1415,1645,1415,308006
228,2020-03-23,1485,105,1400,1540,1380,152183
227,2020-03-24,1540,55,1485,1570,1485,103086
226,2020-03-25,1750,210,1565,1780,1565,468878
223,2020-03-26,1920,170,1765,2090,1765,358388
222,2020-03-27,1910,10,2000,2040,1825,261586
221,2020-03-30,2110,200,1800,2295,1780,735526
220,2020-03-31,2130,20,2200,2250,2100,292898
219,2020-04-01,2045,85,2130,2280,2040,378934
215,2020-04-02,2025,20,2015,2090,1925,117073
214,2020-04-03,2030,5,2025,2060,1960,136142
213,2020-04-06,2075,45,2030,2105,2000,167495
212,2020-04-07,2255,180,2225,2330,2100,449433
211,2020-04-08,2300,45,2280,2350,2220,226652
208,2020-04-09,2355,55,2355,2415,2290,170369
207,2020-04-10,2495,140,2370,2530,2265,485388
206,2020-04-13,2375,120,2495,2500,2360,180780
205,2020-04-14,2385,10,2375,2425,2345,111573
204,2020-04-16,2370,15,2415,2415,2180,125746
200,2020-04-17,2445,75,2380,2470,2380,166112
199,2020-04-20,2460,15,2495,2600,2445,200776
198,2020-04-21,2350,110,2470,2470,2225,249699
197,2020-04-22,2380,30,2355,2500,2350,129738
196,2020-04-23,2420,40,2420,2450,2380,93208
193,2020-04-24,2355,65,2425,2440,2330,92332
192,2020-04-27,2395,40,2360,2420,2360,61684
191,2020-04-28,2500,105,2400,2600,2350,282441
190,2020-04-29,2500,0,2510,2595,2480,144718
189,2020-05-04,2440,60,2485,2485,2400,109208
185,2020-05-06,2435,5,2455,2485,2350,69670
184,2020-05-07,2430,5,2435,2445,2395,50258
183,2020-05-08,2555,125,2430,2565,2430,250638
182,2020-05-11,2515,40,2600,2625,2500,140105
181,2020-05-12,2405,110,2500,2515,2330,175932
178,2020-05-13,2390,15,2395,2515,2300,246536
177,2020-05-14,2355,35,2360,2380,2345,65395
176,2020-05-15,2345,10,2355,2370,2300,95950
175,2020-05-18,2315,30,2325,2365,2300,85361
174,2020-05-19,2400,85,2440,2545,2355,236588
170,2020-05-20,2405,5,2385,2440,2380,66359
169,2020-05-21,2410,5,2470,2470,2385,68086
168,2020-05-22,2370,40,2410,2410,2330,81848
167,2020-05-25,2345,25,2370,2370,2315,70984
166,2020-05-26,2375,30,2340,2410,2325,69388
163,2020-05-27,2410,35,2440,2440,2370,144904
162,2020-05-28,2435,25,2440,2470,2325,568222
161,2020-05-29,2900,465,2540,3165,2540,12082679
160,2020-06-01,3025,125,2965,3050,2870,2292398
159,2020-06-02,3050,25,2980,3050,2930,1018836
155,2020-06-03,2935,115,2990,3030,2930,594541
154,2020-06-04,2840,95,2915,2985,2650,727982
153,2020-06-05,2870,30,2840,2900,2750,416958
152,2020-06-08,2835,35,2800,2895,2790,278789
151,2020-06-09,2840,5,2890,2890,2795,205898
148,2020-06-10,2735,105,2840,2840,2700,203047
147,2020-06-11,2675,60,2770,2770,2630,200181
146,2020-06-12,2660,15,2500,2740,2460,315727
145,2020-06-15,2400,260,2620,2650,2350,217623
144,2020-06-16,2475,75,2425,2485,2425,182678
140,2020-06-17,2425,50,2415,2475,2350,138211
139,2020-06-18,2390,35,2470,2470,2365,74090
138,2020-06-19,2365,25,2370,2400,2340,92357
137,2020-06-22,2365,0,2365,2385,2325,89045
136,2020-06-23,2280,85,2375,2380,2250,157644
133,2020-06-24,2265,15,2285,2320,2260,60329
132,2020-06-25,2170,95,2200,2245,2140,138187
131,2020-06-26,2185,15,2250,2250,2150,73744
130,2020-06-29,2120,65,2185,2185,2110,66100
129,2020-06-30,2155,35,2195,2195,2115,86106
125,2020-07-01,2170,15,2155,2225,2155,54747
124,2020-07-02,2340,170,2315,2420,2215,210891
123,2020-07-03,2410,70,2360,2450,2265,152146
122,2020-07-06,2410,0,2410,2420,2350,67970
121,2020-07-07,2365,45,2410,2445,2345,45741
118,2020-07-08,2365,0,2370,2390,2300,38202
117,2020-07-09,2365,0,2380,2405,2340,44688
116,2020-07-10,2290,75,2410,2410,2250,121550
115,2020-07-13,2280,10,2290,2315,2240,67044
114,2020-07-14,2275,5,2280,2300,2240,32183
110,2020-07-15,2290,15,2290,2335,2275,73214
109,2020-07-16,2330,40,2340,2415,2295,71777
108,2020-07-17,2360,30,2380,2380,2300,44661
107,2020-07-20,2300,60,2385,2385,2290,71941
106,2020-07-21,2345,45,2310,2375,2285,68711
103,2020-07-22,2350,5,2345,2375,2325,62904
102,2020-07-23,2290,60,2350,2360,2255,86558
101,2020-07-24,2220,70,2265,2290,2215,83126
100,2020-07-27,2240,20,2220,2255,2195,59290
99,2020-07-28,2280,40,2245,2395,2220,123742
95,2020-07-29,2260,20,2310,2310,2250,45154
94,2020-07-30,2235,25,2255,2330,2220,179449
93,2020-07-31,2245,10,2220,2245,2200,91792
92,2020-08-03,2265,20,2225,2265,2195,88691
91,2020-08-04,2240,25,2245,2265,2215,83551
88,2020-08-05,2245,5,2220,2265,2220,69780
87,2020-08-06,2240,5,2265,2265,2230,54611
86,2020-08-07,2245,5,2240,2300,2235,81434
85,2020-08-10,2240,5,2260,2270,2220,52086
84,2020-08-11,2295,55,2230,2300,2230,106349
80,2020-08-12,2540,245,2300,2910,2270,7718805
79,2020-08-13,2600,60,2510,2630,2420,949219
78,2020-08-14,2860,260,2740,3375,2665,9121627
77,2020-08-18,2500,360,2760,2770,2500,906964
76,2020-08-19,2535,35,2485,2585,2480,330933
73,2020-08-20,2445,90,2495,2515,2350,416839
72,2020-08-21,2385,60,2450,2475,2360,221914
71,2020-08-24,2365,20,2390,2400,2265,255827
70,2020-08-25,2465,100,2405,2470,2355,272561
69,2020-08-26,2525,60,2490,2555,2420,262680
65,2020-08-27,2440,85,2500,2530,2410,184904
64,2020-08-28,2450,10,2465,2505,2435,134136
63,2020-08-31,2530,80,2450,2575,2445,233228
62,2020-09-01,2525,5,2500,2550,2495,100430
61,2020-09-02,2600,75,2520,2615,2515,200068
58,2020-09-03,2570,30,2625,2625,2540,159651
57,2020-09-04,2490,80,2440,2535,2440,172676
56,2020-09-07,2595,105,2490,2595,2465,416312
55,2020-09-08,2660,65,3160,3160,2635,4705234
54,2020-09-09,2670,10,2630,2705,2560,517335
50,2020-09-10,2590,80,2650,2690,2590,378017
49,2020-09-11,2545,45,2550,2575,2500,291829
48,2020-09-14,2580,35,2540,2595,2510,197875
47,2020-09-15,2655,75,2600,2750,2525,273502
46,2020-09-16,2630,25,2660,2680,2610,181635
43,2020-09-17,2590,40,2630,2660,2555,139373
42,2020-09-18,2585,5,2590,2605,2535,110910
41,2020-09-21,2535,50,2585,2595,2520,129308
40,2020-09-22,2430,105,2505,2545,2420,140143
39,2020-09-23,2395,35,2430,2475,2315,88626
35,2020-09-24,2340,55,2355,2390,2310,88401
34,2020-09-25,2360,20,2340,2410,2330,61174
33,2020-09-28,2445,85,2355,2590,2355,244128
32,2020-09-29,2525,80,2445,2545,2445,82467
31,2020-10-05,2550,25,2560,2570,2505,49525
28,2020-10-06,2670,120,2530,2690,2530,279718
27,2020-10-07,2645,25,2670,2700,2595,132970
26,2020-10-08,2635,10,2700,2700,2630,67490
25,2020-10-12,2700,65,2655,2705,2610,249680
24,2020-10-13,2660,40,2680,2730,2590,183363
20,2020-10-14,2615,45,2625,2680,2600,45557
19,2020-10-15,2540,75,2615,2625,2510,68653
18,2020-10-16,2495,45,2525,2585,2455,73434
17,2020-10-19,2560,65,2500,2580,2490,40893
16,2020-10-20,2490,70,2505,2560,2465,54436
13,2020-10-21,2550,60,2525,2560,2500,37831
12,2020-10-22,2525,25,2525,2575,2505,53397
11,2020-10-23,2630,105,2555,2710,2545,284907
10,2020-10-26,2550,80,2635,2715,2550,125152
9,2020-10-27,2520,30,2510,2570,2470,61918
5,2020-10-28,2690,170,2510,2730,2495,278215
4,2020-10-29,2760,70,2610,2790,2580,540726
3,2020-10-30,2600,160,2760,2775,2500,253910
2,2020-11-02,2630,30,2650,2700,2605,140726
1,2020-11-03,2635,5,2635,2695,2605,74829
