,date,close,diff,open,high,low,volume
448,2019-08-16,6190,210,6390,6390,6030,31086
447,2019-08-19,6250,60,6140,6350,6100,27122
446,2019-08-20,6420,170,6220,6440,6200,12311
445,2019-08-21,6430,10,6420,6540,6350,10713
444,2019-08-22,6350,80,6380,6460,6300,9134
440,2019-08-23,6150,200,6100,6340,6090,48846
439,2019-08-26,6140,10,6150,6200,5990,20488
438,2019-08-27,6220,80,6150,6380,6130,18154
437,2019-08-28,6250,30,6220,6400,6160,8811
436,2019-08-29,6230,20,6330,6330,6160,7169
433,2019-08-30,6500,270,6240,6520,6240,19165
432,2019-09-02,6560,60,6340,6640,6340,12731
431,2019-09-03,6650,90,6460,6720,6460,22168
430,2019-09-04,6810,160,6650,6890,6650,21504
429,2019-09-05,6840,30,6830,6940,6790,15410
425,2019-09-06,6750,90,6860,6900,6650,22940
424,2019-09-09,6750,0,6750,6890,6630,13383
423,2019-09-10,6750,0,6720,6800,6670,5897
422,2019-09-11,6880,130,6750,6900,6710,23257
421,2019-09-16,6900,20,6850,7060,6810,18461
418,2019-09-17,6860,40,6830,6970,6820,5522
417,2019-09-18,6870,10,7030,7030,6810,4206
416,2019-09-19,7030,160,6950,7100,6860,23680
415,2019-09-20,7030,0,7030,7100,6950,13415
414,2019-09-23,6990,40,7070,7070,6940,8227
410,2019-09-24,7000,10,6990,7030,6950,7301
409,2019-09-25,6990,10,7100,7100,6850,14811
408,2019-09-26,7650,660,6990,7700,6960,76676
407,2019-09-27,7790,140,7650,8380,7550,130576
406,2019-09-30,7660,130,7790,8240,7660,64553
403,2019-10-01,7590,70,7600,7860,7500,40355
402,2019-10-02,7180,410,7510,7530,6870,91455
401,2019-10-04,7160,20,7200,7240,7000,10505
400,2019-10-07,7040,120,7030,7150,6630,36655
399,2019-10-08,7160,120,7030,7190,6770,25935
395,2019-10-10,7360,200,7150,7500,7100,14051
394,2019-10-11,7180,180,7360,7400,7010,19213
393,2019-10-14,7230,50,7180,7380,7030,9724
392,2019-10-15,7340,110,7160,7470,7090,25373
391,2019-10-16,7390,50,7340,7580,7340,16620
388,2019-10-17,7390,0,7380,7490,7330,4575
387,2019-10-18,7390,0,7500,7550,7290,16959
386,2019-10-21,7260,130,7330,7400,7100,10082
385,2019-10-22,7190,70,7260,7400,7130,19105
384,2019-10-23,7030,160,7110,7230,6800,45081
380,2019-10-24,7080,50,6940,7150,6930,12784
379,2019-10-25,7090,10,7370,7370,6940,16748
378,2019-10-28,6990,100,7050,7090,6900,8391
377,2019-10-29,6940,50,6930,6980,6840,8362
376,2019-10-30,6860,80,6940,6980,6730,8516
373,2019-10-31,6890,30,6860,7010,6790,10982
372,2019-11-01,6870,20,6860,7000,6710,15795
371,2019-11-04,6870,0,6870,6900,6770,14833
370,2019-11-05,6860,10,6870,6890,6800,10780
369,2019-11-06,6850,10,6860,6920,6600,47226
365,2019-11-07,6830,20,6840,6890,6710,11966
364,2019-11-08,6860,30,6840,6900,6760,9912
363,2019-11-11,6850,10,6860,6920,6780,2316
362,2019-11-12,6860,10,7300,7300,6760,18832
361,2019-11-13,6860,0,6860,6980,6830,3986
358,2019-11-14,6850,10,6850,6950,6700,15907
357,2019-11-15,6890,40,6820,6970,6820,4296
356,2019-11-18,6790,100,6960,7030,6700,27528
355,2019-11-19,6540,250,6780,6790,6310,69160
354,2019-11-20,6610,70,6530,6680,6400,13286
350,2019-11-21,6530,80,6700,6700,6400,6733
349,2019-11-22,6480,50,6400,6520,6380,12067
348,2019-11-25,6420,60,6600,6600,6310,22392
347,2019-11-26,6430,10,6450,6580,6290,31132
346,2019-11-27,6420,10,6500,6700,6300,18833
343,2019-11-28,6400,20,6360,6410,6300,8470
342,2019-11-29,6360,40,6400,6500,6330,13545
341,2019-12-02,6330,30,6370,6450,6160,9627
340,2019-12-03,6290,40,6290,6400,6250,8123
339,2019-12-04,6290,0,6210,6330,6210,12084
335,2019-12-05,6220,70,6270,6340,6160,9653
334,2019-12-06,6240,20,6130,6290,6040,24442
333,2019-12-09,6140,100,6200,6230,6030,13270
332,2019-12-10,6110,30,6110,6150,6050,3888
331,2019-12-11,5690,420,6070,6160,5690,144649
328,2019-12-12,5560,130,5640,5710,5540,81365
327,2019-12-13,5960,400,5610,6780,5600,486668
326,2019-12-16,6000,40,5980,6070,5810,45550
325,2019-12-17,5850,150,5950,6010,5790,42524
324,2019-12-18,5780,70,5860,5900,5770,25456
320,2019-12-19,5800,20,5780,5840,5600,30581
319,2019-12-20,6060,260,5790,6500,5740,300450
318,2019-12-23,6000,60,6060,6180,5900,47807
317,2019-12-24,6050,50,5910,6140,5840,61223
316,2019-12-26,6070,20,6050,6260,6050,57953
313,2019-12-27,6320,250,6190,6350,6000,33822
312,2019-12-30,6270,50,6360,6420,6230,40319
311,2020-01-02,6390,120,6270,6870,6240,183787
310,2020-01-03,6400,10,6360,6500,6330,22797
309,2020-01-06,6270,130,6350,6400,6250,14899
305,2020-01-07,6340,70,6270,6450,6250,18884
304,2020-01-08,6250,90,6330,6340,6180,20985
303,2020-01-09,6270,20,6270,6370,6190,31036
302,2020-01-10,6200,70,6220,6350,6150,23527
301,2020-01-13,6350,150,6200,6800,6120,124724
298,2020-01-14,6550,200,6360,6550,6300,36268
297,2020-01-15,6590,40,6550,6640,6490,15273
296,2020-01-16,6600,10,6590,6650,6470,12669
295,2020-01-17,6760,160,6610,6860,6570,44064
294,2020-01-20,6660,100,6760,6760,6660,8345
290,2020-01-21,6410,250,6660,6670,6400,30834
289,2020-01-22,6440,30,6400,6560,6300,18878
288,2020-01-23,6460,20,6440,6550,6380,14941
287,2020-01-28,6240,220,6110,6290,6100,29293
286,2020-01-29,6180,60,6240,6300,6100,13470
283,2020-01-30,6100,80,6090,6240,5900,39649
282,2020-01-31,6010,90,6010,6200,5900,17396
281,2020-02-03,5880,130,5950,6010,5680,21790
280,2020-02-04,5900,20,5860,6160,5860,14712
279,2020-02-05,5920,20,5890,6150,5840,31641
275,2020-02-06,6100,180,5900,6100,5900,18049
274,2020-02-07,6040,60,6100,6270,5980,2606
273,2020-02-10,6050,10,6040,6100,5890,18816
272,2020-02-11,6340,290,6010,6390,6000,43763
271,2020-02-12,6270,70,6280,6460,6260,8445
268,2020-02-13,6270,0,6300,6380,6100,17067
267,2020-02-14,6270,0,6210,6340,6140,10513
266,2020-02-17,6110,160,6250,6330,6060,13573
265,2020-02-18,5950,160,6080,6190,5890,45634
264,2020-02-19,6040,90,5940,6060,5860,19335
260,2020-02-20,5910,130,6030,6040,5850,25152
259,2020-02-21,5930,20,5910,6070,5850,15599
258,2020-02-24,5800,130,5720,6640,5500,148099
257,2020-02-25,6610,810,6280,7540,6260,8685480
256,2020-02-26,6750,140,6840,7000,6530,1344543
253,2020-02-27,6200,550,7130,7260,6170,1135611
252,2020-02-28,5630,570,5900,6030,5620,491696
251,2020-03-02,5420,210,5600,5620,5350,268687
250,2020-03-03,5350,70,5440,5590,5320,196032
249,2020-03-04,5600,250,5310,5600,5250,162257
245,2020-03-05,5530,70,5610,5640,5400,108511
244,2020-03-06,6600,1070,5850,6890,5740,5059951
243,2020-03-09,8580,1980,7200,8580,7070,8766270
242,2020-03-10,7100,1480,8190,9410,7040,5876840
241,2020-03-11,7500,400,8190,8190,7050,2090787
238,2020-03-12,7250,250,7510,7870,7040,1552644
237,2020-03-13,5680,1570,6700,6860,5350,1299359
236,2020-03-16,5550,130,5700,6330,5140,1749430
235,2020-03-17,6400,850,5040,6780,5040,4730381
234,2020-03-18,8320,1920,6620,8320,6340,9113032
230,2020-03-19,7600,720,8440,8770,6620,7662954
229,2020-03-20,9030,1430,7600,9800,7380,14042403
228,2020-03-23,8650,380,8890,9890,8330,6489848
227,2020-03-24,8460,190,8650,8990,8330,1847193
226,2020-03-25,9880,1420,9300,10450,8500,8023873
223,2020-03-26,12700,2820,10350,12800,10150,8431289
222,2020-03-27,11700,1000,13600,14950,9860,9642340
221,2020-03-30,13150,1450,12700,13950,11350,7482943
220,2020-03-31,13300,150,14300,14800,12550,4069171
219,2020-04-01,15950,2650,13350,17200,11300,10905039
215,2020-04-02,14050,1900,15300,19000,13500,8728284
214,2020-04-03,15500,1450,16500,16500,14500,3496405
213,2020-04-06,17200,1700,16100,17200,15250,2591563
212,2020-04-07,17500,300,16650,18000,15600,2257581
211,2020-04-08,18000,500,16900,20200,16450,4534016
208,2020-04-09,18100,100,17550,18400,17400,1095471
207,2020-04-10,16700,1400,17750,17800,16050,1101593
206,2020-04-13,13700,3000,16050,16150,13000,2122196
205,2020-04-14,12850,850,15450,15900,12150,5868770
204,2020-04-16,11650,1200,12450,12500,10750,3913077
200,2020-04-17,11250,400,11650,11700,10850,2050969
199,2020-04-20,14600,3350,14600,14600,14600,421579
198,2020-04-21,15950,1350,17300,18500,15650,11354956
197,2020-04-22,14450,1500,16600,16850,14100,5753211
196,2020-04-23,13650,800,14050,14150,13150,3613248
193,2020-04-24,13750,100,13600,14400,13250,3841923
192,2020-04-27,13800,50,14050,14100,13600,1423472
191,2020-04-28,12700,1100,13900,13950,12600,1632607
190,2020-04-29,12150,550,12700,12700,11950,1463849
189,2020-05-04,11250,900,11650,11800,11150,1189323
185,2020-05-06,11450,200,11500,11750,11100,880316
184,2020-05-07,11450,0,11450,11650,11250,544883
183,2020-05-08,12300,850,11550,12900,11450,3694892
182,2020-05-11,12000,300,12850,12900,12000,1127074
181,2020-05-12,12650,650,12250,12900,11900,2218392
178,2020-05-13,12400,250,12700,12850,12200,775737
177,2020-05-14,13150,750,12550,14200,12400,7888531
176,2020-05-15,13300,150,13250,14900,12200,7284281
175,2020-05-18,12650,650,13000,13400,12550,1173406
174,2020-05-19,11450,1200,12000,12200,11350,1340354
170,2020-05-20,11650,200,11700,11900,11450,615449
169,2020-05-21,11800,150,11550,11800,11400,471325
168,2020-05-22,11500,300,12050,12050,11350,486923
167,2020-05-25,11600,100,11600,11800,11200,585528
166,2020-05-26,11250,350,11700,11700,11200,517394
163,2020-05-27,11400,150,11250,11750,10800,913606
162,2020-05-28,11450,50,11450,11650,11000,597384
161,2020-05-29,11200,250,11450,11600,11050,453546
160,2020-06-01,10850,350,11300,11300,10700,738707
159,2020-06-02,10450,400,10650,10700,10200,777487
155,2020-06-03,10150,300,10450,10450,10050,527692
154,2020-06-04,10600,450,10250,10650,9980,588728
153,2020-06-05,10700,100,10600,10750,10450,396371
152,2020-06-08,10600,100,10750,10900,10500,367031
151,2020-06-09,10400,200,10600,10650,10200,419902
148,2020-06-10,10400,0,10400,10550,10300,206771
147,2020-06-11,10350,50,10600,11050,10250,681414
146,2020-06-12,10000,350,10400,10800,9990,885714
145,2020-06-15,9350,650,10100,10200,9250,687705
144,2020-06-16,9850,500,9450,9950,9430,488942
140,2020-06-17,9470,380,9650,9790,9330,259299
139,2020-06-18,9260,210,9580,9600,9210,223982
138,2020-06-19,9270,10,9290,9450,8990,370467
137,2020-06-22,9130,140,9440,9900,9130,548699
136,2020-06-23,8940,190,9130,9270,8840,345949
133,2020-06-24,9510,570,9080,9600,8790,637226
132,2020-06-25,9020,490,9610,9800,8990,632613
131,2020-06-26,9260,240,9060,9400,8980,313131
130,2020-06-29,9010,250,9400,9450,8990,308661
129,2020-06-30,9050,40,9100,9560,8930,487853
125,2020-07-01,9100,50,9150,9440,9030,342486
124,2020-07-02,9350,250,9150,9410,9110,249043
123,2020-07-03,9690,340,9400,9960,9350,1330667
122,2020-07-06,9490,200,9740,9790,9390,354902
121,2020-07-07,9240,250,9480,9560,9160,244445
118,2020-07-08,9180,60,9280,9400,9130,215927
117,2020-07-09,9080,100,9180,9240,9030,195904
116,2020-07-10,9650,570,9030,10500,9030,2824524
115,2020-07-13,9870,220,9700,10150,9450,1115316
114,2020-07-14,9580,290,9750,9800,9530,431685
110,2020-07-15,9340,240,9630,9630,9300,292151
109,2020-07-16,9180,160,9250,9430,9150,261556
108,2020-07-17,9230,50,9170,9350,9170,142061
107,2020-07-20,9170,60,9210,9370,9150,210196
106,2020-07-21,9160,10,9150,9330,9130,243322
103,2020-07-22,11900,2740,9160,11900,9010,13866491
102,2020-07-23,11600,300,11900,13300,11300,10396301
101,2020-07-24,11250,350,11750,11900,10800,2963739
100,2020-07-27,12150,900,11550,12700,11300,4996979
99,2020-07-28,11600,550,12250,12250,11350,1301940
95,2020-07-29,12100,500,11750,12800,11700,2754904
94,2020-07-30,13300,1200,12150,13900,12100,7507113
93,2020-07-31,12850,450,13550,13800,12750,2536805
92,2020-08-03,14400,1550,13150,15650,13150,8042503
91,2020-08-04,13900,500,14750,14800,13500,2073030
88,2020-08-05,13200,700,13650,14150,13100,1484326
87,2020-08-06,13600,400,13450,14600,13350,2770311
86,2020-08-07,13750,150,13800,14050,13100,1171456
85,2020-08-10,13450,300,13850,14200,13350,739139
84,2020-08-11,13800,350,13100,13950,12900,1280133
80,2020-08-12,12850,950,13600,13800,12600,1094081
79,2020-08-13,12350,500,12950,13050,12100,971489
78,2020-08-14,11650,700,12200,12400,11500,894966
77,2020-08-18,12300,650,12800,12850,11850,1313039
76,2020-08-19,11650,650,12600,12600,11500,1131319
73,2020-08-20,11300,350,11750,11900,10800,822872
72,2020-08-21,10950,350,11450,11500,10900,482139
71,2020-08-24,11250,300,11050,11550,10900,486429
70,2020-08-25,11400,150,11400,11550,11050,430230
69,2020-08-26,11550,150,11550,12100,11250,815625
65,2020-08-27,12050,500,11800,12500,11700,1387675
64,2020-08-28,11700,350,11900,11950,11550,471861
63,2020-08-31,11550,150,11850,12150,11450,620645
62,2020-09-01,11400,150,11350,11550,11100,294985
61,2020-09-02,11350,50,11500,11500,11100,252071
58,2020-09-03,11550,200,11300,11650,11250,265776
57,2020-09-04,11200,350,11200,11450,11100,297313
56,2020-09-07,11300,100,11200,11550,11200,310632
55,2020-09-08,11400,100,11350,11600,11200,503135
54,2020-09-09,11900,500,11300,13100,11000,3574309
50,2020-09-10,11700,200,12000,12350,11600,733489
49,2020-09-11,11900,200,11750,12100,11550,324412
48,2020-09-14,11950,50,11900,12100,11850,302304
47,2020-09-15,11800,150,11900,11950,11650,276725
46,2020-09-16,11750,50,11750,12000,11650,270355
43,2020-09-17,11650,100,11750,11750,11500,210025
42,2020-09-18,11450,200,11550,11650,11350,190466
41,2020-09-21,11150,300,11500,11550,11100,184251
40,2020-09-22,10850,300,11100,11100,10550,259423
39,2020-09-23,10600,250,11000,11000,10300,144497
35,2020-09-24,10850,250,10450,11800,10350,705839
34,2020-09-25,10500,350,10850,10900,10500,195748
33,2020-09-28,10800,300,10500,11000,10500,100306
32,2020-09-29,10950,150,10900,11100,10750,112219
31,2020-10-05,11250,300,11200,11400,11050,165216
28,2020-10-06,11600,350,11500,12500,11450,1320226
27,2020-10-07,11750,150,11600,11900,11550,256011
26,2020-10-08,12100,350,11950,12100,11750,423141
25,2020-10-12,12200,100,12350,12800,12050,1162791
24,2020-10-13,11800,400,12200,12300,11750,342951
20,2020-10-14,11800,0,11850,12100,11650,225483
19,2020-10-15,12200,400,12500,12900,11850,1171931
18,2020-10-16,13050,850,12500,13150,12250,1809671
17,2020-10-19,12550,500,12900,13050,12550,610504
16,2020-10-20,12650,100,12800,13250,12100,1120370
13,2020-10-21,13200,550,12650,13400,12300,1586799
12,2020-10-22,12550,650,12900,12950,12550,636603
11,2020-10-23,12200,350,12650,12650,12000,604739
10,2020-10-26,11350,850,12100,12200,11250,472391
9,2020-10-27,11200,150,11200,11700,11150,337672
5,2020-10-28,12200,1000,11750,12300,11600,478648
4,2020-10-29,12550,350,11850,12900,11750,837696
3,2020-10-30,12700,150,12600,12800,12350,381142
2,2020-11-02,12800,100,12700,12850,12550,315247
1,2020-11-03,12600,200,12850,12850,12450,242340
