,date,close,diff,open,high,low,volume
448,2019-08-16,6250,1950,5860,6660,5740,1011299
447,2019-08-19,6260,10,6270,6370,6180,118871
446,2019-08-20,6590,330,6190,6610,6190,118992
445,2019-08-21,6530,60,6590,6700,6480,54173
444,2019-08-22,6900,370,6520,7170,6520,114084
440,2019-08-23,6870,30,6900,6990,6620,67164
439,2019-08-26,6760,110,6610,6990,6610,30131
438,2019-08-27,6940,180,6760,7090,6760,29167
437,2019-08-28,6970,30,7140,7140,6850,19675
436,2019-08-29,7000,30,6970,7400,6920,29644
433,2019-08-30,7240,240,7020,7260,7020,31470
432,2019-09-02,7220,20,7050,7300,7050,19410
431,2019-09-03,7270,50,7230,7340,7180,24609
430,2019-09-04,7430,160,7270,7470,7250,41998
429,2019-09-05,7280,150,7480,7580,7100,54074
425,2019-09-06,7140,140,7280,7430,7060,18072
424,2019-09-09,6990,150,7110,7140,6900,31690
423,2019-09-10,6820,170,6800,6980,6750,26509
422,2019-09-11,7000,180,6800,7000,6800,13742
421,2019-09-16,7260,260,6980,7280,6980,20235
418,2019-09-17,7150,110,7140,7470,7120,15046
417,2019-09-18,7160,10,7290,7290,7000,10627
416,2019-09-19,7100,60,7240,7300,7000,22336
415,2019-09-20,6990,110,7110,7110,6860,23480
414,2019-09-23,6830,160,6990,6990,6800,18197
410,2019-09-24,6790,40,6780,6880,6660,16450
409,2019-09-25,6600,190,6840,6840,6510,20160
408,2019-09-26,6580,20,6540,6680,6430,22572
407,2019-09-27,6580,0,6420,6710,6420,31144
406,2019-09-30,6430,150,6690,6690,6300,9081
403,2019-10-01,6450,20,6400,6490,6160,61717
402,2019-10-02,6630,180,6400,6740,6250,44338
401,2019-10-04,6650,20,6790,6790,6500,10538
400,2019-10-07,6350,300,6680,6680,6350,19672
399,2019-10-08,6330,20,6350,6430,6250,23212
395,2019-10-10,6420,90,6580,6580,6290,6603
394,2019-10-11,6480,60,6410,6500,6270,4591
393,2019-10-14,6570,90,6500,6640,6500,14649
392,2019-10-15,6560,10,6790,6790,6500,8984
391,2019-10-16,6640,80,6570,6690,6560,16900
388,2019-10-17,6640,0,6640,6720,6520,14439
387,2019-10-18,6550,90,6640,6690,6530,14194
386,2019-10-21,6610,60,6650,6650,6520,15403
385,2019-10-22,6570,40,6700,6700,6480,14553
384,2019-10-23,6500,70,6570,6650,6400,16472
380,2019-10-24,6490,10,6500,6600,6300,35391
379,2019-10-25,6230,260,6490,6500,6080,43072
378,2019-10-28,6260,30,6230,6450,6230,19470
377,2019-10-29,6450,190,6500,6500,6250,19275
376,2019-10-30,6500,50,6580,6580,6370,16504
373,2019-10-31,6550,50,6500,6620,6450,22993
372,2019-11-01,6720,170,6650,6730,6520,28881
371,2019-11-04,6650,70,6720,6790,6560,23474
370,2019-11-05,6580,70,6630,6630,6520,13675
369,2019-11-06,6480,100,6520,6580,6410,7933
365,2019-11-07,6480,0,6600,6600,6350,11280
364,2019-11-08,6450,30,6600,6600,6410,16759
363,2019-11-11,6480,30,6590,6590,6400,19523
362,2019-11-12,6500,20,6480,6530,6410,21682
361,2019-11-13,6460,40,6420,6560,6420,14882
358,2019-11-14,6400,60,6490,6490,6300,17947
357,2019-11-15,6420,20,6400,6480,6270,17884
356,2019-11-18,6500,80,6490,6680,6300,37012
355,2019-11-19,6690,190,6550,6850,6350,72101
354,2019-11-20,6560,130,6710,6750,6500,18184
350,2019-11-21,6500,60,6570,6630,6350,8639
349,2019-11-22,6420,80,6380,6600,6380,19197
348,2019-11-25,6490,70,6500,6590,6420,15369
347,2019-11-26,6490,0,6490,6670,6400,18463
346,2019-11-27,6410,80,6490,6500,6370,9157
343,2019-11-28,6390,20,6460,6460,6360,3987
342,2019-11-29,6320,70,6390,6450,6220,9865
341,2019-12-02,6170,150,6320,6320,6150,8806
340,2019-12-03,6190,20,6080,6190,5800,18722
339,2019-12-04,6150,40,6060,6280,6060,8957
335,2019-12-05,6270,120,6350,6350,6100,13108
334,2019-12-06,6080,190,6270,6320,6070,11152
333,2019-12-09,5930,150,6070,6180,5930,17728
332,2019-12-10,5790,140,6000,6000,5700,18836
331,2019-12-11,5530,260,5800,5800,5470,59028
328,2019-12-12,5680,150,5760,5760,5540,15319
327,2019-12-13,5950,270,5700,6190,5700,22447
326,2019-12-16,5860,90,5990,5990,5850,9532
325,2019-12-17,5880,20,5810,6000,5790,16336
324,2019-12-18,5920,40,6000,6000,5850,8449
320,2019-12-19,5980,60,6010,6150,5920,10067
319,2019-12-20,6020,40,6100,6100,5820,8865
318,2019-12-23,5960,60,6150,6150,5910,4613
317,2019-12-24,5850,110,5950,6050,5730,21176
316,2019-12-26,6050,200,5820,6050,5820,10762
313,2019-12-27,6150,100,6100,6160,5930,12756
312,2019-12-30,6430,280,6120,6440,6120,32113
311,2020-01-02,6620,190,6430,6720,6400,28516
310,2020-01-03,6820,200,6700,6880,6680,35861
309,2020-01-06,6750,70,6750,6750,6600,17180
305,2020-01-07,6890,140,6760,6930,6760,16409
304,2020-01-08,6610,280,6850,6860,6400,32247
303,2020-01-09,6770,160,6680,6810,6630,6956
302,2020-01-10,6700,70,6720,6910,6660,12863
301,2020-01-13,6890,190,6700,6900,6660,28706
298,2020-01-14,7170,280,6900,7210,6900,40125
297,2020-01-15,7180,10,7210,7210,6800,21589
296,2020-01-16,7290,110,7050,7360,7050,19571
295,2020-01-17,7600,310,7290,7830,7210,51697
294,2020-01-20,7630,30,7740,7820,7500,29476
290,2020-01-21,7590,40,7750,7750,7500,25933
289,2020-01-22,7690,100,7510,7790,7490,11480
288,2020-01-23,7920,230,7670,7930,7670,25974
287,2020-01-28,7740,180,7610,7790,7590,28023
286,2020-01-29,7700,40,7740,7920,7650,11213
283,2020-01-30,7680,20,7800,7900,7660,35662
282,2020-01-31,7350,330,7580,7820,7010,47859
281,2020-02-03,7300,50,6900,7600,6900,22215
280,2020-02-04,7490,190,7440,7550,7210,7650
279,2020-02-05,7570,80,7660,7690,7440,10159
275,2020-02-06,7440,130,7460,7570,7380,4701
274,2020-02-07,7400,40,7500,7500,7100,11630
273,2020-02-10,7440,40,7360,7500,7310,6933
272,2020-02-11,7530,90,7510,7600,7470,6140
271,2020-02-12,7540,10,7420,7890,7420,8161
268,2020-02-13,7770,230,7860,7880,7560,6371
267,2020-02-14,7760,10,7830,7850,7600,10551
266,2020-02-17,7800,40,7760,7800,7500,9894
265,2020-02-18,7720,80,7890,7890,7620,4623
264,2020-02-19,7760,40,7720,7790,7560,6050
260,2020-02-20,7770,10,7880,7880,7640,6143
259,2020-02-21,7580,190,7780,7780,7500,13007
258,2020-02-24,7380,200,7310,7500,7240,10822
257,2020-02-25,7620,240,7370,7650,7230,12125
256,2020-02-26,7760,140,7350,7810,7340,9365
253,2020-02-27,7630,130,7950,7950,7500,10699
252,2020-02-28,7250,380,7340,7610,7100,18775
251,2020-03-02,7200,50,7720,7720,7100,14381
250,2020-03-03,6990,210,7200,7390,6990,14644
249,2020-03-04,7200,210,7290,7290,6910,3381
245,2020-03-05,7250,50,7290,7290,7110,6749
244,2020-03-06,7210,40,7280,7280,7010,4928
243,2020-03-09,6580,630,7210,7210,6570,37850
242,2020-03-10,7050,470,6300,7100,6300,24061
241,2020-03-11,7150,100,7050,7480,7050,40141
238,2020-03-12,6700,450,7150,7500,6700,32620
237,2020-03-13,6350,350,6000,6600,5910,37410
236,2020-03-16,6190,160,6500,6740,6110,29289
235,2020-03-17,6050,140,6180,6350,5900,33527
234,2020-03-18,6100,50,6050,6890,6050,32674
230,2020-03-19,6110,10,6350,6660,5590,89250
229,2020-03-20,5940,170,6920,6950,5650,142454
228,2020-03-23,5120,820,5320,5660,4900,61809
227,2020-03-24,5290,170,5060,5420,5020,37363
226,2020-03-25,5350,60,5310,5520,5180,31692
223,2020-03-26,5300,50,5480,5480,5180,48175
222,2020-03-27,5400,100,5420,5550,5120,46244
221,2020-03-30,5580,180,5170,5580,5150,45540
220,2020-03-31,5970,390,6580,6580,5600,35097
219,2020-04-01,6050,80,5900,6300,5830,39817
215,2020-04-02,6390,340,6050,6480,5920,27152
214,2020-04-03,6460,70,6400,6540,6330,18659
213,2020-04-06,6700,240,6460,6940,6460,22407
212,2020-04-07,6990,290,6900,6990,6720,36178
211,2020-04-08,7180,190,7010,7190,6800,45174
208,2020-04-09,7240,60,7400,7730,7170,66873
207,2020-04-10,7000,240,7240,7250,6710,27565
206,2020-04-13,6700,300,7000,7000,6650,21165
205,2020-04-14,6720,20,6700,6990,6640,16990
204,2020-04-16,6900,180,6980,6980,6540,24767
200,2020-04-17,6940,40,6840,7090,6840,21089
199,2020-04-20,6760,180,7120,7210,6710,21111
198,2020-04-21,6460,300,6690,6840,6260,24356
197,2020-04-22,6410,50,6160,6450,6160,26164
196,2020-04-23,6850,440,6700,7300,6500,90389
193,2020-04-24,6830,20,6710,6940,6690,15495
192,2020-04-27,7000,170,6830,7000,6800,23375
191,2020-04-28,6990,10,7330,7340,6800,41644
190,2020-04-29,6890,100,7050,7050,6880,17409
189,2020-05-04,6810,80,6720,7180,6720,6595
185,2020-05-06,6870,60,6810,7050,6740,8386
184,2020-05-07,7030,160,6880,7050,6690,32997
183,2020-05-08,7070,40,7040,7150,6980,29580
182,2020-05-11,7430,360,7190,7500,7070,65050
181,2020-05-12,7650,220,7430,7650,7330,62010
178,2020-05-13,7620,30,7620,7700,7430,10674
177,2020-05-14,7440,180,7500,7610,7400,11135
176,2020-05-15,7400,40,7410,7540,7300,7538
175,2020-05-18,7360,40,7400,7400,7060,22385
174,2020-05-19,7400,40,7500,7510,7110,19844
170,2020-05-20,7490,90,7400,7500,7290,15289
169,2020-05-21,7590,100,7580,7850,7260,49983
168,2020-05-22,7420,170,7600,7690,7150,29943
167,2020-05-25,7300,120,7420,7420,7200,4420
166,2020-05-26,7320,20,7480,7480,7260,14067
163,2020-05-27,7240,80,7390,7390,7180,24666
162,2020-05-28,6970,270,7310,7440,6910,33200
161,2020-05-29,6790,180,6970,7010,6750,20948
160,2020-06-01,7020,230,6990,7020,6830,24739
159,2020-06-02,7040,20,7020,7050,6940,14111
155,2020-06-03,7070,30,7040,7500,7040,23955
154,2020-06-04,7130,60,7070,7290,7070,9679
153,2020-06-05,7060,70,7130,7130,6820,7219
152,2020-06-08,6990,70,7060,7170,6850,9737
151,2020-06-09,6950,40,6990,7050,6800,6925
148,2020-06-10,6990,40,7010,7280,6900,15352
147,2020-06-11,6950,40,7050,7170,6880,3732
146,2020-06-12,6800,150,6400,6870,6400,34580
145,2020-06-15,6410,390,6680,6790,6270,19251
144,2020-06-16,6560,150,6410,6890,6410,10368
140,2020-06-17,6440,120,6570,6770,6370,8746
139,2020-06-18,6460,20,6440,6580,6390,20804
138,2020-06-19,6680,220,6460,6840,6460,10218
137,2020-06-22,6810,130,6680,7100,6580,4584
136,2020-06-23,6740,70,6810,6890,6650,7174
133,2020-06-24,6740,0,6740,6800,6560,6655
132,2020-06-25,6420,320,6630,6640,6250,32749
131,2020-06-26,6400,20,6450,6580,6250,15116
130,2020-06-29,6290,110,6330,6400,6170,5776
129,2020-06-30,6330,40,6290,6420,6220,9591
125,2020-07-01,6400,70,6510,6640,6350,21166
124,2020-07-02,6470,70,6480,6480,6260,5844
123,2020-07-03,6600,130,6480,6820,6480,23057
122,2020-07-06,6600,0,6600,6770,6550,8506
121,2020-07-07,6430,170,6600,6790,6400,11386
118,2020-07-08,6530,100,6540,6700,6200,10809
117,2020-07-09,6600,70,6700,6850,6350,27586
116,2020-07-10,6870,270,6610,6990,6610,32086
115,2020-07-13,7630,760,7040,7810,6940,163472
114,2020-07-14,7450,180,7800,8000,7430,77567
110,2020-07-15,7440,10,7450,7670,7330,21004
109,2020-07-16,7270,170,7440,7480,7200,23164
108,2020-07-17,7040,230,7260,7260,7040,16896
107,2020-07-20,7620,580,7010,7650,7000,45178
106,2020-07-21,7800,180,8020,8020,7550,52914
103,2020-07-22,7550,250,7800,7800,7450,17338
102,2020-07-23,7400,150,7550,7660,7240,22837
101,2020-07-24,7490,90,7500,7550,7330,10956
100,2020-07-27,7650,160,7490,7900,7000,36649
99,2020-07-28,8400,750,7670,8400,7670,96445
95,2020-07-29,8620,220,8700,9120,8290,114090
94,2020-07-30,8650,30,8800,8860,8510,27850
93,2020-07-31,8760,110,8570,8780,8560,26887
92,2020-08-03,8510,250,8870,8880,8120,26141
91,2020-08-04,8510,0,8520,8850,8320,17667
88,2020-08-05,8460,50,8510,8740,8340,24906
87,2020-08-06,8650,190,8390,8660,8250,22794
86,2020-08-07,8620,30,8660,8750,8370,30674
85,2020-08-10,8570,50,8700,8740,8480,21696
84,2020-08-11,8610,40,8570,8680,8450,19275
80,2020-08-12,8290,320,8600,8600,8180,29928
79,2020-08-13,8780,490,8810,9000,8260,145241
78,2020-08-14,10000,1220,8800,11300,8800,944515
77,2020-08-18,10150,150,10300,11700,9900,437742
76,2020-08-19,10300,150,10350,10950,9940,172200
73,2020-08-20,9380,920,10400,10450,9000,196449
72,2020-08-21,9390,10,9260,9800,9000,76148
71,2020-08-24,9930,540,9390,10200,8750,87041
70,2020-08-25,10100,170,10200,10350,9650,58199
69,2020-08-26,10600,500,10100,10600,9750,109829
65,2020-08-27,11550,950,10950,12400,10300,491479
64,2020-08-28,11300,250,11450,12000,10900,197262
63,2020-08-31,12250,950,11450,12400,11450,150430
62,2020-09-01,11500,750,12250,12350,11050,151892
61,2020-09-02,11300,200,11400,11600,10800,101691
58,2020-09-03,10650,650,11000,11050,10300,179560
57,2020-09-04,10450,200,10200,10550,10200,82312
56,2020-09-07,10600,150,10350,10750,10150,68379
55,2020-09-08,10500,100,10650,11300,10400,81735
54,2020-09-09,10300,200,10250,10700,10150,38053
50,2020-09-10,10200,100,10550,10550,10150,28464
49,2020-09-11,10200,0,10100,10450,9970,38130
48,2020-09-14,10750,550,10200,10800,10000,78344
47,2020-09-15,10600,150,10800,11000,10450,77128
46,2020-09-16,10600,0,10700,10800,10300,42670
43,2020-09-17,10200,400,10500,10600,10200,29465
42,2020-09-18,10000,200,10200,10350,9820,19075
41,2020-09-21,9800,200,10100,10100,9700,31836
40,2020-09-22,9400,400,9800,9800,9150,64191
39,2020-09-23,10250,850,9360,10250,9100,112039
35,2020-09-24,9740,510,10000,10100,9450,67891
34,2020-09-25,9550,190,9760,9900,9540,20693
33,2020-09-28,9990,440,9580,10000,9550,28571
32,2020-09-29,9980,10,10100,10150,9890,30349
31,2020-10-05,9890,90,9980,10000,9810,24151
28,2020-10-06,9950,60,9910,9980,9850,26690
27,2020-10-07,10200,250,9980,10250,9910,30458
26,2020-10-08,9990,210,10250,10350,9900,21804
25,2020-10-12,9990,0,9990,10050,9870,14216
24,2020-10-13,10450,460,9990,10550,9960,52945
20,2020-10-14,10100,350,10350,10450,10050,37941
19,2020-10-15,10200,100,10100,10300,9760,71309
18,2020-10-16,9680,520,10100,10300,9430,77211
17,2020-10-19,9250,430,9680,9680,9220,17812
16,2020-10-20,9400,150,9230,9500,9000,53533
13,2020-10-21,9520,120,9400,9550,9050,16390
12,2020-10-22,9380,140,9520,9580,9300,14750
11,2020-10-23,9110,270,9340,9340,9100,17297
10,2020-10-26,9350,240,9250,10000,9210,51109
9,2020-10-27,9710,360,9300,9770,9300,33545
5,2020-10-28,9820,110,9800,10150,9610,27437
4,2020-10-29,9700,120,9820,9940,9610,18789
3,2020-10-30,9400,300,9710,9740,9400,10989
2,2020-11-02,9640,240,9360,9670,9170,15918
1,2020-11-03,9880,240,9650,9920,9640,32566
