,date,close,diff,open,high,low,volume
448,2019-08-16,1710,55,1760,1760,1660,530774
447,2019-08-19,1670,40,1700,1755,1655,398025
446,2019-08-20,1700,30,1660,1700,1625,575102
445,2019-08-21,1710,10,1760,1910,1710,2664680
444,2019-08-22,1695,15,1725,1735,1695,267803
440,2019-08-23,1655,40,1675,1720,1655,284687
439,2019-08-26,1610,45,1620,1685,1610,172391
438,2019-08-27,1620,10,1645,1665,1620,157130
437,2019-08-28,1670,50,1640,1670,1620,206149
436,2019-08-29,1615,55,1675,1675,1615,155367
433,2019-08-30,1640,25,1625,1665,1625,98825
432,2019-09-02,1670,30,1640,1690,1640,235945
431,2019-09-03,1725,55,1695,1745,1660,611210
430,2019-09-04,1745,20,1725,1750,1700,211245
429,2019-09-05,1740,5,1750,1765,1720,236916
425,2019-09-06,1715,25,1740,1750,1705,201677
424,2019-09-09,1800,85,1715,1800,1715,482971
423,2019-09-10,1735,65,1800,1815,1735,460327
422,2019-09-11,1790,55,1730,1795,1730,171846
421,2019-09-16,1750,40,1790,1810,1750,267459
418,2019-09-17,1820,70,1755,1845,1755,481446
417,2019-09-18,1820,0,1845,1850,1795,349343
416,2019-09-19,1795,25,1805,1830,1770,178219
415,2019-09-20,1830,35,1800,1845,1780,183758
414,2019-09-23,1815,15,1815,1830,1775,130045
410,2019-09-24,1795,20,1805,1820,1780,182339
409,2019-09-25,1710,85,1805,1805,1685,250411
408,2019-09-26,1700,10,1735,1755,1690,128971
407,2019-09-27,1680,20,1720,1720,1680,81082
406,2019-09-30,1700,20,1665,1715,1640,128415
403,2019-10-01,1710,10,1705,1725,1650,97052
402,2019-10-02,1695,15,1700,1710,1655,152699
401,2019-10-04,1675,20,1725,1725,1660,115656
400,2019-10-07,1680,5,1675,1705,1670,90673
399,2019-10-08,1695,15,1695,1715,1680,96369
395,2019-10-10,1665,30,1710,1710,1655,696884
394,2019-10-11,1735,70,1700,1930,1665,3521026
393,2019-10-14,1735,0,1745,1775,1705,279018
392,2019-10-15,1710,25,1745,1755,1695,303942
391,2019-10-16,1780,70,1705,1790,1700,412225
388,2019-10-17,1795,15,1785,1830,1735,655061
387,2019-10-18,1790,5,1795,1800,1750,408905
386,2019-10-21,1745,45,1800,1815,1745,298105
385,2019-10-22,1690,55,1750,1765,1635,400093
384,2019-10-23,1685,5,1705,1720,1670,155013
380,2019-10-24,1690,5,1665,1700,1665,104385
379,2019-10-25,1690,0,1690,1710,1665,107600
378,2019-10-28,1675,15,1700,1710,1670,123300
377,2019-10-29,1720,45,1700,1760,1670,280183
376,2019-10-30,1795,75,2165,2235,1755,32133698
373,2019-10-31,1750,45,1850,1885,1730,5349980
372,2019-11-01,1780,30,1770,1815,1750,2037153
371,2019-11-04,1790,10,1770,1845,1765,1138533
370,2019-11-05,1770,20,1780,1790,1740,868776
369,2019-11-06,1735,35,1765,1780,1730,704075
365,2019-11-07,1785,50,1750,1785,1740,672259
364,2019-11-08,1800,15,1790,1805,1765,684206
363,2019-11-11,1805,5,1800,1815,1770,412341
362,2019-11-12,1790,15,1805,1805,1775,287936
361,2019-11-13,1845,55,1790,1855,1770,1820916
358,2019-11-14,1820,25,1855,1860,1760,1112211
357,2019-11-15,1780,40,1800,1845,1775,991289
356,2019-11-18,1760,20,1785,1810,1750,705134
355,2019-11-19,1730,30,1785,1785,1730,442273
354,2019-11-20,1705,25,1730,1795,1680,667543
350,2019-11-21,1650,55,1685,1750,1620,402515
349,2019-11-22,1645,5,1650,1690,1615,336650
348,2019-11-25,1740,95,1645,1870,1645,2438017
347,2019-11-26,1705,35,1745,1745,1650,494973
346,2019-11-27,1710,5,1700,1725,1685,260969
343,2019-11-28,1710,0,1700,1745,1685,296707
342,2019-11-29,1740,30,1720,1780,1705,573955
341,2019-12-02,1720,20,1750,1750,1705,243225
340,2019-12-03,1785,65,1725,1795,1690,627441
339,2019-12-04,1720,65,1765,1765,1720,284285
335,2019-12-05,1670,50,1745,1760,1650,454146
334,2019-12-06,1690,20,1655,1705,1650,222236
333,2019-12-09,1690,0,1675,1705,1670,147772
332,2019-12-10,1685,5,1720,1720,1665,111734
331,2019-12-11,1685,0,1675,1700,1675,157258
328,2019-12-12,1690,5,1685,1700,1670,197922
327,2019-12-13,1715,25,1700,1725,1690,202746
326,2019-12-16,1715,0,1730,1730,1690,128802
325,2019-12-17,1680,35,1730,1730,1630,454906
324,2019-12-18,1675,5,1680,1690,1665,91561
320,2019-12-19,1680,5,1680,1690,1665,155795
319,2019-12-20,1680,0,1680,1690,1660,214204
318,2019-12-23,1665,15,1680,1680,1620,293132
317,2019-12-24,1645,20,1665,1665,1640,162556
316,2019-12-26,1660,15,1640,1690,1640,242787
313,2019-12-27,1690,30,1640,1695,1640,110671
312,2019-12-30,1735,45,1675,1840,1675,3259464
311,2020-01-02,1775,40,1785,1805,1745,820901
310,2020-01-03,1810,35,1790,1820,1755,720211
309,2020-01-06,1770,40,1780,1800,1730,430791
305,2020-01-07,1770,0,1790,1795,1760,278204
304,2020-01-08,1680,90,1785,1785,1650,999055
303,2020-01-09,1780,100,1710,1840,1710,2340266
302,2020-01-10,1815,35,1780,1860,1770,951027
301,2020-01-13,1880,65,1845,1900,1815,1566312
298,2020-01-14,1875,5,1890,1900,1840,597890
297,2020-01-15,1885,10,1885,1900,1850,384656
296,2020-01-16,1895,10,1870,1900,1860,270773
295,2020-01-17,1875,20,1895,1895,1845,348740
294,2020-01-20,1845,30,1865,1885,1845,267681
290,2020-01-21,1810,35,1835,1865,1795,406724
289,2020-01-22,1850,40,1795,1850,1795,152517
288,2020-01-23,1895,45,1860,1935,1840,754851
287,2020-01-28,1860,35,1830,1865,1805,614244
286,2020-01-29,1900,40,1880,2030,1835,2121925
283,2020-01-30,1795,105,1900,1900,1780,611894
282,2020-01-31,1770,25,1790,1930,1765,1829738
281,2020-02-03,1775,5,1720,1785,1680,544347
280,2020-02-04,1800,25,1795,1830,1760,351140
279,2020-02-05,1905,105,1830,1925,1825,1126940
275,2020-02-06,1900,5,1910,1985,1880,971669
274,2020-02-07,1970,70,1915,1970,1910,762761
273,2020-02-10,1960,10,1970,1990,1945,551461
272,2020-02-11,1990,30,1995,2045,1950,858392
271,2020-02-12,1975,15,2005,2005,1930,290627
268,2020-02-13,1940,35,1975,1980,1915,402136
267,2020-02-14,1995,55,1925,2035,1915,1313297
266,2020-02-17,2085,90,2010,2130,1950,3458752
265,2020-02-18,1925,160,2110,2240,1900,5368063
264,2020-02-19,1855,70,1960,2010,1855,1127696
260,2020-02-20,1895,40,1860,1900,1840,442767
259,2020-02-21,1820,75,1880,1950,1800,655231
258,2020-02-24,1735,85,1825,1830,1710,751726
257,2020-02-25,1785,50,1690,1785,1685,419558
256,2020-02-26,1790,5,1745,1795,1700,388857
253,2020-02-27,1695,95,1800,1840,1690,520264
252,2020-02-28,1625,70,1690,1690,1575,579488
251,2020-03-02,1630,5,1610,1655,1585,216022
250,2020-03-03,1615,15,1680,1685,1615,281695
249,2020-03-04,1655,40,1585,1655,1585,234346
245,2020-03-05,1665,10,1660,1680,1655,212352
244,2020-03-06,1620,45,1635,1660,1605,260849
243,2020-03-09,1525,95,1595,1620,1520,457661
242,2020-03-10,1510,15,1500,1550,1455,328422
241,2020-03-11,1385,125,1515,1525,1385,461089
238,2020-03-12,1415,30,1355,1680,1320,7925326
237,2020-03-13,1130,285,1330,1390,1100,4414409
236,2020-03-16,1055,75,1150,1190,1055,1386182
235,2020-03-17,1030,25,987,1090,987,746822
234,2020-03-18,984,46,1065,1075,975,574734
230,2020-03-19,822,162,980,1025,810,1185130
229,2020-03-20,938,116,811,948,811,596283
228,2020-03-23,890,48,872,901,840,521648
227,2020-03-24,954,64,918,970,908,306903
226,2020-03-25,1005,51,988,1035,977,564358
223,2020-03-26,1025,20,1010,1065,989,436186
222,2020-03-27,1015,10,1050,1100,985,495805
221,2020-03-30,1060,45,980,1075,975,268136
220,2020-03-31,1240,180,1095,1260,1075,1137875
219,2020-04-01,1275,35,1240,1340,1170,1746178
215,2020-04-02,1270,5,1285,1320,1240,461906
214,2020-04-03,1285,15,1305,1305,1245,284956
213,2020-04-06,1345,60,1275,1355,1275,640296
212,2020-04-07,1400,55,1395,1400,1315,541003
211,2020-04-08,1400,0,1375,1445,1360,445310
208,2020-04-09,1415,15,1430,1495,1400,542457
207,2020-04-10,1415,0,1455,1455,1310,438768
206,2020-04-13,1435,20,1440,1505,1410,608103
205,2020-04-14,1465,30,1480,1500,1450,348367
204,2020-04-16,1500,35,1490,1500,1420,259598
200,2020-04-17,1545,45,1515,1595,1515,534345
199,2020-04-20,1545,0,1530,1580,1530,305351
198,2020-04-21,1510,35,1545,1560,1305,597599
197,2020-04-22,1490,20,1485,1495,1420,268460
196,2020-04-23,1505,15,1510,1605,1485,2577048
193,2020-04-24,1440,65,1490,1495,1425,415587
192,2020-04-27,1545,105,1495,1555,1460,495018
191,2020-04-28,1610,65,1545,1650,1470,2326998
190,2020-04-29,1580,30,1570,1585,1535,875777
189,2020-05-04,1560,20,1530,1610,1525,461325
185,2020-05-06,1600,40,1570,1630,1530,703617
184,2020-05-07,1590,10,1600,1620,1570,631669
183,2020-05-08,1620,30,1590,1645,1590,540414
182,2020-05-11,1620,0,1620,1650,1560,611298
181,2020-05-12,1630,10,1625,1635,1560,401560
178,2020-05-13,1645,15,1620,1660,1585,468686
177,2020-05-14,1620,25,1645,1700,1605,495300
176,2020-05-15,1620,0,1645,1670,1585,305294
175,2020-05-18,1580,40,1615,1615,1560,202282
174,2020-05-19,1620,40,1565,1625,1565,279859
170,2020-05-20,1630,10,1620,1640,1595,252434
169,2020-05-21,1600,30,1630,1655,1595,340706
168,2020-05-22,1585,15,1600,1615,1560,230307
167,2020-05-25,1575,10,1570,1605,1565,175776
166,2020-05-26,1625,50,1575,1660,1560,658013
163,2020-05-27,1625,0,1650,1655,1605,539487
162,2020-05-28,1570,55,1650,1650,1510,430065
161,2020-05-29,1570,0,1570,1655,1535,640224
160,2020-06-01,1555,15,1600,1600,1540,276085
159,2020-06-02,1585,30,1560,1590,1545,247206
155,2020-06-03,1630,45,1605,1810,1570,4519683
154,2020-06-04,1625,5,1615,1655,1610,372189
153,2020-06-05,1635,10,1650,1650,1595,232063
152,2020-06-08,1685,50,1665,1710,1625,686039
151,2020-06-09,1680,5,1690,1705,1655,333665
148,2020-06-10,1665,15,1665,1685,1650,229323
147,2020-06-11,1620,45,1690,1690,1615,299018
146,2020-06-12,1565,55,1560,1595,1455,286301
145,2020-06-15,1410,155,1565,1565,1410,560578
144,2020-06-16,1500,90,1420,1515,1420,249550
140,2020-06-17,1495,5,1455,1525,1415,224305
139,2020-06-18,1475,20,1495,1510,1460,107633
138,2020-06-19,1505,30,1515,1525,1475,123245
137,2020-06-22,1490,15,1510,1510,1465,123186
136,2020-06-23,1480,10,1510,1525,1450,193371
133,2020-06-24,1455,25,1510,1510,1450,191375
132,2020-06-25,1385,70,1455,1455,1380,302743
131,2020-06-26,1380,5,1425,1430,1370,126378
130,2020-06-29,1320,60,1355,1380,1315,339752
129,2020-06-30,1385,65,1315,1485,1305,771735
125,2020-07-01,1350,35,1400,1400,1335,155119
124,2020-07-02,1395,45,1350,1430,1340,262707
123,2020-07-03,1410,15,1420,1440,1375,205774
122,2020-07-06,1440,30,1410,1490,1390,378857
121,2020-07-07,1405,35,1445,1470,1400,341059
118,2020-07-08,1390,15,1410,1425,1370,173901
117,2020-07-09,1415,25,1390,1585,1380,1418855
116,2020-07-10,1385,30,1420,1425,1370,222145
115,2020-07-13,1395,10,1415,1415,1370,132182
114,2020-07-14,1395,0,1395,1410,1360,253337
110,2020-07-15,1400,5,1400,1515,1355,1340182
109,2020-07-16,1410,10,1430,1470,1405,431256
108,2020-07-17,1450,40,1450,1485,1425,542602
107,2020-07-20,1475,25,1495,1495,1430,229187
106,2020-07-21,1525,50,1475,1530,1465,495221
103,2020-07-22,1525,0,1525,1540,1515,214419
102,2020-07-23,1575,50,1530,1610,1510,770619
101,2020-07-24,1685,110,1570,1705,1530,2412490
100,2020-07-27,1670,15,1670,1750,1645,872262
99,2020-07-28,1755,85,1995,2170,1755,22051862
95,2020-07-29,1885,130,1755,1945,1670,10373435
94,2020-07-30,1820,65,1880,1885,1760,2677608
93,2020-07-31,2030,210,1805,2175,1805,16453559
92,2020-08-03,1970,60,2025,2115,1930,5580271
91,2020-08-04,1860,110,2000,2040,1835,2794850
88,2020-08-05,1825,35,1855,1890,1780,1777181
87,2020-08-06,1780,45,1825,1830,1765,789775
86,2020-08-07,1770,10,1780,1835,1760,810892
85,2020-08-10,1780,10,1780,1800,1745,723506
84,2020-08-11,1795,15,1800,1830,1775,691586
80,2020-08-12,1720,75,1795,1795,1710,577482
79,2020-08-13,1745,25,1720,1760,1710,542004
78,2020-08-14,1720,25,1750,1805,1700,688264
77,2020-08-18,1595,125,1695,1700,1585,764496
76,2020-08-19,1620,25,1605,1640,1580,413090
73,2020-08-20,1550,70,1600,1615,1485,779281
72,2020-08-21,1520,30,1580,1580,1485,459307
71,2020-08-24,1560,40,1505,1565,1490,296907
70,2020-08-25,1620,60,1560,1645,1560,516384
69,2020-08-26,1635,15,1645,1670,1580,433724
65,2020-08-27,1625,10,1650,1660,1560,620402
64,2020-08-28,1600,25,1600,1640,1590,333671
63,2020-08-31,1675,75,1640,1690,1615,501409
62,2020-09-01,1645,30,1725,1760,1645,950985
61,2020-09-02,1740,95,1655,1740,1650,518954
58,2020-09-03,1720,20,1780,1790,1715,606050
57,2020-09-04,1705,15,1650,1720,1650,382694
56,2020-09-07,1765,60,1720,1795,1700,926980
55,2020-09-08,1745,20,1765,1785,1710,600012
54,2020-09-09,1700,45,1705,1740,1690,392336
50,2020-09-10,1715,15,1745,1780,1705,319093
49,2020-09-11,1715,0,1705,1730,1680,319535
48,2020-09-14,1770,55,1715,1780,1710,474198
47,2020-09-15,1755,15,1795,1800,1730,406402
46,2020-09-16,1710,45,1765,1770,1700,285232
43,2020-09-17,1680,30,1725,1725,1660,235454
42,2020-09-18,1630,50,1680,1690,1610,316249
41,2020-09-21,1600,30,1630,1650,1580,261403
40,2020-09-22,1535,65,1625,1625,1510,412869
39,2020-09-23,1540,5,1535,1570,1500,221430
35,2020-09-24,1475,65,1500,1535,1475,335773
34,2020-09-25,1490,15,1510,1510,1435,198272
33,2020-09-28,1525,35,1480,1545,1480,184277
32,2020-09-29,1600,75,1535,1605,1530,253596
31,2020-10-05,1610,10,1600,1630,1565,205597
28,2020-10-06,1590,20,1610,1625,1555,159000
27,2020-10-07,1605,15,1570,1610,1570,187184
26,2020-10-08,1585,20,1605,1620,1575,154413
25,2020-10-12,1585,0,1570,1605,1555,191602
24,2020-10-13,1590,5,1610,1610,1560,133354
20,2020-10-14,1550,40,1590,1590,1540,178453
19,2020-10-15,1485,65,1555,1555,1460,455315
18,2020-10-16,1455,30,1485,1510,1410,329289
17,2020-10-19,1420,35,1455,1470,1410,200185
16,2020-10-20,1385,35,1430,1430,1320,295807
13,2020-10-21,1395,10,1385,1425,1375,320518
12,2020-10-22,1350,45,1395,1395,1340,249748
11,2020-10-23,1340,10,1355,1370,1320,201885
10,2020-10-26,1280,60,1335,1335,1250,314048
9,2020-10-27,1280,0,1290,1290,1255,110965
5,2020-10-28,1315,35,1280,1315,1265,80149
4,2020-10-29,1300,15,1315,1315,1260,251137
3,2020-10-30,1260,40,1310,1310,1260,90759
2,2020-11-02,1250,10,1260,1290,1250,153315
1,2020-11-03,1295,45,1255,1300,1250,147483
