,date,close,diff,open,high,low,volume
108,2020-07-31,18800,3250,15550,20200,15550,21163861
138,2020-07-31,18800,3250,15550,20200,15550,21163861
153,2020-07-31,18800,3250,15550,20200,15550,21163861
168,2020-07-31,18800,3250,15550,20200,15550,21163861
183,2020-07-31,18800,3250,15550,20200,15550,21163861
198,2020-07-31,18800,3250,15550,20200,15550,21163861
213,2020-07-31,18800,3250,15550,20200,15550,21163861
228,2020-07-31,18800,3250,15550,20200,15550,21163861
243,2020-07-31,18800,3250,15550,20200,15550,21163861
258,2020-07-31,18800,3250,15550,20200,15550,21163861
123,2020-07-31,18800,3250,15550,20200,15550,21163861
273,2020-07-31,18800,3250,15550,20200,15550,21163861
303,2020-07-31,18800,3250,15550,20200,15550,21163861
318,2020-07-31,18800,3250,15550,20200,15550,21163861
333,2020-07-31,18800,3250,15550,20200,15550,21163861
348,2020-07-31,18800,3250,15550,20200,15550,21163861
363,2020-07-31,18800,3250,15550,20200,15550,21163861
378,2020-07-31,18800,3250,15550,20200,15550,21163861
393,2020-07-31,18800,3250,15550,20200,15550,21163861
408,2020-07-31,18800,3250,15550,20200,15550,21163861
423,2020-07-31,18800,3250,15550,20200,15550,21163861
288,2020-07-31,18800,3250,15550,20200,15550,21163861
93,2020-07-31,18800,3250,15550,20200,15550,21163861
438,2020-07-31,18800,3250,15550,20200,15550,21163861
347,2020-08-03,17050,1750,18300,18700,16500,3335963
122,2020-08-03,17050,1750,18300,18700,16500,3335963
137,2020-08-03,17050,1750,18300,18700,16500,3335963
332,2020-08-03,17050,1750,18300,18700,16500,3335963
152,2020-08-03,17050,1750,18300,18700,16500,3335963
167,2020-08-03,17050,1750,18300,18700,16500,3335963
362,2020-08-03,17050,1750,18300,18700,16500,3335963
182,2020-08-03,17050,1750,18300,18700,16500,3335963
197,2020-08-03,17050,1750,18300,18700,16500,3335963
422,2020-08-03,17050,1750,18300,18700,16500,3335963
212,2020-08-03,17050,1750,18300,18700,16500,3335963
227,2020-08-03,17050,1750,18300,18700,16500,3335963
407,2020-08-03,17050,1750,18300,18700,16500,3335963
242,2020-08-03,17050,1750,18300,18700,16500,3335963
257,2020-08-03,17050,1750,18300,18700,16500,3335963
392,2020-08-03,17050,1750,18300,18700,16500,3335963
272,2020-08-03,17050,1750,18300,18700,16500,3335963
287,2020-08-03,17050,1750,18300,18700,16500,3335963
377,2020-08-03,17050,1750,18300,18700,16500,3335963
302,2020-08-03,17050,1750,18300,18700,16500,3335963
107,2020-08-03,17050,1750,18300,18700,16500,3335963
92,2020-08-03,17050,1750,18300,18700,16500,3335963
437,2020-08-03,17050,1750,18300,18700,16500,3335963
317,2020-08-03,17050,1750,18300,18700,16500,3335963
286,2020-08-04,16750,300,17300,18400,16600,2890051
346,2020-08-04,16750,300,17300,18400,16600,2890051
136,2020-08-04,16750,300,17300,18400,16600,2890051
391,2020-08-04,16750,300,17300,18400,16600,2890051
271,2020-08-04,16750,300,17300,18400,16600,2890051
151,2020-08-04,16750,300,17300,18400,16600,2890051
256,2020-08-04,16750,300,17300,18400,16600,2890051
331,2020-08-04,16750,300,17300,18400,16600,2890051
166,2020-08-04,16750,300,17300,18400,16600,2890051
406,2020-08-04,16750,300,17300,18400,16600,2890051
241,2020-08-04,16750,300,17300,18400,16600,2890051
181,2020-08-04,16750,300,17300,18400,16600,2890051
226,2020-08-04,16750,300,17300,18400,16600,2890051
436,2020-08-04,16750,300,17300,18400,16600,2890051
196,2020-08-04,16750,300,17300,18400,16600,2890051
121,2020-08-04,16750,300,17300,18400,16600,2890051
421,2020-08-04,16750,300,17300,18400,16600,2890051
316,2020-08-04,16750,300,17300,18400,16600,2890051
106,2020-08-04,16750,300,17300,18400,16600,2890051
301,2020-08-04,16750,300,17300,18400,16600,2890051
91,2020-08-04,16750,300,17300,18400,16600,2890051
211,2020-08-04,16750,300,17300,18400,16600,2890051
361,2020-08-04,16750,300,17300,18400,16600,2890051
376,2020-08-04,16750,300,17300,18400,16600,2890051
88,2020-08-05,16000,750,17150,17200,15950,1498084
87,2020-08-06,14700,1300,16150,16150,14150,2487244
86,2020-08-07,15350,650,14700,15600,14300,1496805
85,2020-08-10,14850,500,15350,15400,14600,798923
84,2020-08-11,18300,3450,15050,19300,15000,13337430
80,2020-08-12,17400,900,19200,19450,16300,5025919
79,2020-08-13,17150,250,17550,17600,16600,1403289
78,2020-08-14,15850,1300,16850,16950,15800,1189836
77,2020-08-18,14900,950,15500,16100,14600,793550
76,2020-08-19,15200,300,14800,16150,14800,963683
73,2020-08-20,14300,900,15100,15600,14150,693917
72,2020-08-21,14900,600,14850,16100,14700,1434696
71,2020-08-24,14950,50,14750,15250,14200,524136
70,2020-08-25,15300,350,15250,15750,15000,483436
69,2020-08-26,15700,400,15400,15750,15150,493121
65,2020-08-27,15300,400,15700,15700,15250,356085
64,2020-08-28,15500,200,15500,16550,15350,1286753
63,2020-08-31,16250,750,15900,16700,15700,1087343
62,2020-09-01,17100,850,16600,17250,16600,1186053
61,2020-09-02,17250,150,17250,17600,16700,706438
58,2020-09-03,17000,250,17400,17450,16700,631860
57,2020-09-04,16400,600,16150,16600,16050,490291
56,2020-09-07,15950,450,16150,16400,15800,522682
55,2020-09-08,16200,250,16150,17300,16150,1256439
54,2020-09-09,16350,150,15800,16600,15650,603564
50,2020-09-10,16500,150,16700,17150,16400,876497
49,2020-09-11,16250,250,16450,16650,16050,290934
48,2020-09-14,16100,150,16350,16350,16050,272471
47,2020-09-15,16600,500,16200,16900,16100,768699
46,2020-09-16,16350,250,16600,16600,16250,336309
43,2020-09-17,16300,50,16500,16900,16300,891687
42,2020-09-18,15600,700,16150,16300,15550,457388
41,2020-09-21,15150,450,15550,15600,14850,370524
40,2020-09-22,14600,550,14950,15000,14400,327174
39,2020-09-23,15050,450,15000,15450,14600,297977
35,2020-09-24,14500,550,14600,14900,14450,172788
34,2020-09-25,14800,300,14600,15800,14600,894803
33,2020-09-28,15050,250,15150,15150,14750,142498
32,2020-09-29,15300,250,15200,15600,15150,299674
31,2020-10-05,15350,50,15450,15550,15150,149019
28,2020-10-06,15300,50,15450,15500,15250,124590
27,2020-10-07,15200,100,15100,15400,15000,137038
26,2020-10-08,15500,300,15700,15750,15350,253694
25,2020-10-12,15650,150,15500,15750,15200,187861
24,2020-10-13,15700,50,15550,15700,15450,143958
20,2020-10-14,15350,350,15750,15750,15300,135913
19,2020-10-15,14600,750,15300,15350,14250,492735
18,2020-10-16,14050,550,14600,14650,13500,361010
17,2020-10-19,13700,350,14050,14350,13650,187817
16,2020-10-20,13600,100,13800,14100,13200,224797
13,2020-10-21,13550,50,13700,13800,13500,132119
12,2020-10-22,13100,450,13600,13650,13100,172766
11,2020-10-23,13150,50,13150,13250,12700,165792
10,2020-10-26,12400,750,13300,13350,12400,152268
9,2020-10-27,11800,600,12050,12200,11600,371952
5,2020-10-28,12400,600,11750,12400,11750,164055
4,2020-10-29,12550,150,12050,12600,11750,130501
3,2020-10-30,12100,450,12450,12500,12000,98998
2,2020-11-02,12250,150,12100,12250,12000,60781
1,2020-11-03,12950,700,12300,13100,12300,247707
