,date,close,diff,open,high,low,volume
448,2019-08-16,7660,160,7760,7760,7620,146434
447,2019-08-19,7920,260,7680,7930,7680,176500
446,2019-08-20,7990,70,7950,8040,7810,146375
445,2019-08-21,8100,110,7890,8100,7890,132168
444,2019-08-22,7990,110,8150,8150,7960,134285
440,2019-08-23,7890,100,7910,7990,7850,112885
439,2019-08-26,7440,450,7740,7760,7420,440772
438,2019-08-27,7510,70,7470,7650,7470,132567
437,2019-08-28,7690,180,7570,7690,7490,92658
436,2019-08-29,7670,20,7700,7740,7520,87006
433,2019-08-30,7860,190,7750,7950,7740,126249
432,2019-09-02,7890,30,7750,7900,7750,77832
431,2019-09-03,7920,30,7870,8020,7790,131900
430,2019-09-04,7920,0,7920,7980,7840,74144
429,2019-09-05,8010,90,7980,8180,7930,176479
425,2019-09-06,7960,50,8080,8100,7880,107803
424,2019-09-09,8030,70,7910,8080,7910,98685
423,2019-09-10,8090,60,8030,8100,7970,89126
422,2019-09-11,8030,60,8100,8130,8030,87870
421,2019-09-16,8140,110,8090,8150,8040,104730
418,2019-09-17,8140,0,8080,8190,8050,85112
417,2019-09-18,8020,120,8180,8180,8000,133212
416,2019-09-19,8070,50,8010,8200,7980,313159
415,2019-09-20,8090,20,8050,8110,8030,56082
414,2019-09-23,8100,10,8070,8280,8040,133500
410,2019-09-24,8130,30,8130,8180,8050,84313
409,2019-09-25,8000,130,8120,8120,7920,109045
408,2019-09-26,8010,10,8040,8080,7910,105372
407,2019-09-27,7990,20,8040,8040,7850,67826
406,2019-09-30,7860,130,7900,7980,7820,70720
403,2019-10-01,8020,160,7810,8020,7810,63603
402,2019-10-02,7750,270,8020,8020,7750,105321
401,2019-10-04,7570,180,7750,7760,7450,146542
400,2019-10-07,7470,100,7580,7600,7440,102816
399,2019-10-08,7580,110,7410,7590,7370,116882
395,2019-10-10,7550,30,7480,7590,7470,68228
394,2019-10-11,7550,0,7530,7620,7530,41333
393,2019-10-14,7730,180,7570,7780,7570,71649
392,2019-10-15,7830,100,7740,7850,7680,52271
391,2019-10-16,7790,40,7780,7850,7760,37602
388,2019-10-17,7770,20,7810,7830,7730,41562
387,2019-10-18,7710,60,7820,7820,7710,38600
386,2019-10-21,7570,140,7660,7740,7570,59981
385,2019-10-22,7570,0,7600,7600,7510,79812
384,2019-10-23,7530,40,7590,7590,7490,67358
380,2019-10-24,7530,0,7530,7550,7430,84714
379,2019-10-25,7500,30,7890,7890,7480,111667
378,2019-10-28,7650,150,7510,7720,7510,67591
377,2019-10-29,7670,20,7620,7720,7600,46613
376,2019-10-30,7540,130,7630,7700,7440,110022
373,2019-10-31,7550,10,7460,7620,7460,65023
372,2019-11-01,7530,20,7540,7560,7430,96187
371,2019-11-04,7650,120,7470,7690,7470,119091
370,2019-11-05,7710,60,7700,7780,7630,72210
369,2019-11-06,7800,90,7720,7870,7720,105660
365,2019-11-07,7820,20,7780,7860,7710,69063
364,2019-11-08,7800,20,7900,7960,7760,80006
363,2019-11-11,7340,460,7600,7610,7190,495983
362,2019-11-12,7390,50,7400,7410,7280,95766
361,2019-11-13,7330,60,7340,7400,7300,50743
358,2019-11-14,7360,30,7310,7380,7290,48422
357,2019-11-15,7410,50,7380,7440,7300,69246
356,2019-11-18,7420,10,7390,7500,7380,40120
355,2019-11-19,7400,20,7390,7450,7360,43724
354,2019-11-20,7260,140,7400,7410,7250,74473
350,2019-11-21,7150,110,7240,7300,7100,113558
349,2019-11-22,7130,20,7240,7240,7090,47885
348,2019-11-25,7210,80,7130,7230,7130,30681
347,2019-11-26,7220,10,7180,7350,7150,71287
346,2019-11-27,7260,40,7230,7310,7210,39646
343,2019-11-28,7300,40,7260,7300,7200,30336
342,2019-11-29,7240,60,7250,7340,7180,31841
341,2019-12-02,7210,30,7300,7300,7130,52176
340,2019-12-03,7170,40,7160,7220,7080,43879
339,2019-12-04,7060,110,7130,7130,7030,56392
335,2019-12-05,7060,0,7070,7190,7000,74684
334,2019-12-06,7200,140,7130,7240,7040,75891
333,2019-12-09,7240,40,7160,7250,7160,48927
332,2019-12-10,7310,70,7170,7330,7170,36434
331,2019-12-11,7360,50,7240,7400,7240,40842
328,2019-12-12,7390,30,7330,7540,7330,177891
327,2019-12-13,7610,220,7480,7690,7450,158261
326,2019-12-16,7620,10,7560,7690,7540,42327
325,2019-12-17,7560,60,7660,7680,7550,84270
324,2019-12-18,7570,10,7530,7630,7530,62151
320,2019-12-19,7570,0,7570,7660,7490,52651
319,2019-12-20,7570,0,7600,7600,7490,42723
318,2019-12-23,7600,30,7630,7630,7500,36733
317,2019-12-24,7550,50,7530,7620,7480,59380
316,2019-12-26,7730,180,7600,7730,7510,106793
313,2019-12-27,7530,200,7630,7700,7490,99786
312,2019-12-30,7600,70,7580,7610,7460,64128
311,2020-01-02,7480,120,7560,7560,7450,97287
310,2020-01-03,7360,120,7510,7510,7340,99056
309,2020-01-06,7110,250,7340,7350,7110,109884
305,2020-01-07,7180,70,7110,7220,7110,45103
304,2020-01-08,7020,160,7120,7170,7020,113410
303,2020-01-09,7220,200,7100,7220,7080,89020
302,2020-01-10,7220,0,7160,7230,7090,93672
301,2020-01-13,7220,0,7190,7220,7150,51957
298,2020-01-14,7310,90,7220,7380,7180,86047
297,2020-01-15,7270,40,7250,7330,7230,66120
296,2020-01-16,7420,150,7270,7440,7270,78496
295,2020-01-17,7490,70,7420,7520,7390,65383
294,2020-01-20,7330,160,7490,7500,7310,84051
290,2020-01-21,7250,80,7330,7350,7250,75039
289,2020-01-22,7340,90,7350,7350,7250,46093
288,2020-01-23,7200,140,7270,7330,7190,70247
287,2020-01-28,6920,280,7040,7140,6910,153375
286,2020-01-29,6970,50,6950,6980,6870,60524
283,2020-01-30,6880,90,6920,7000,6870,93926
282,2020-01-31,6730,150,6890,6930,6730,120678
281,2020-02-03,6740,10,6610,6820,6600,90269
280,2020-02-04,6810,70,6710,6840,6700,78688
279,2020-02-05,6790,20,6780,6860,6720,64601
275,2020-02-06,6920,130,6850,6920,6730,94434
274,2020-02-07,6860,60,6880,6930,6810,53673
273,2020-02-10,6810,50,6830,6860,6750,73015
272,2020-02-11,6900,90,6810,6930,6810,90624
271,2020-02-12,6870,30,6820,6900,6820,60473
268,2020-02-13,6730,140,6740,6900,6600,249560
267,2020-02-14,6610,120,6670,6740,6610,99672
266,2020-02-17,6530,80,6610,6610,6500,105522
265,2020-02-18,6310,220,6510,6520,6290,158260
264,2020-02-19,6240,70,6320,6340,6180,125010
260,2020-02-20,6010,230,6240,6240,5990,189400
259,2020-02-21,6000,10,5960,6060,5930,102982
258,2020-02-24,5650,350,5810,5890,5590,237058
257,2020-02-25,5890,240,5580,5900,5580,147601
256,2020-02-26,5710,180,5870,5870,5700,111141
253,2020-02-27,5710,0,5700,5780,5670,118332
252,2020-02-28,5500,210,5600,5680,5370,179576
251,2020-03-02,5640,140,5500,5650,5500,113047
250,2020-03-03,5740,100,5730,5850,5670,88183
249,2020-03-04,5760,20,5690,5830,5690,55767
245,2020-03-05,5770,10,5780,5820,5710,92249
244,2020-03-06,5620,150,5720,5740,5540,133096
243,2020-03-09,5170,450,5550,5550,5070,193698
242,2020-03-10,5190,20,5050,5300,5040,152988
241,2020-03-11,5200,10,5180,5240,5130,153486
238,2020-03-12,4830,370,5140,5220,4760,422651
237,2020-03-13,4370,460,4500,4755,4125,344243
236,2020-03-16,4075,295,4390,4465,4075,246146
235,2020-03-17,4135,60,3805,4160,3805,177444
234,2020-03-18,3915,220,4110,4180,3915,199981
230,2020-03-19,3325,590,3915,4130,3300,368338
229,2020-03-20,3630,305,3325,3645,3275,333564
228,2020-03-23,3190,440,3410,3490,3130,241857
227,2020-03-24,3675,485,3270,3675,3220,269265
226,2020-03-25,4000,325,3810,4000,3680,313300
223,2020-03-26,3935,65,3920,4095,3815,300694
222,2020-03-27,3860,75,3995,4055,3750,257115
221,2020-03-30,3820,40,3675,3870,3665,138300
220,2020-03-31,3925,105,3815,3935,3785,214933
219,2020-04-01,3830,95,3840,4065,3820,231134
215,2020-04-02,3915,85,3805,3935,3780,108434
214,2020-04-03,3985,70,3915,4070,3880,153197
213,2020-04-06,4245,260,4020,4285,3980,247024
212,2020-04-07,4435,190,4430,4480,4250,267521
211,2020-04-08,4460,25,4400,4530,4295,220745
208,2020-04-09,4435,25,4500,4580,4385,268143
207,2020-04-10,4540,105,4405,4570,4315,437298
206,2020-04-13,4380,160,4560,4560,4380,241571
205,2020-04-14,4455,75,4395,4505,4375,146896
204,2020-04-16,4435,20,4405,4495,4270,173525
200,2020-04-17,4940,505,4480,4940,4480,605660
199,2020-04-20,5190,250,5090,5300,5010,717886
198,2020-04-21,4980,210,5190,5250,4710,445387
197,2020-04-22,4905,75,4910,4940,4700,212149
196,2020-04-23,5100,195,4910,5170,4835,227989
193,2020-04-24,4860,240,5040,5090,4840,205705
192,2020-04-27,4930,70,4860,4995,4790,123273
191,2020-04-28,4950,20,4920,5020,4890,131595
190,2020-04-29,4895,55,4965,4970,4875,125739
189,2020-05-04,4740,155,4855,4855,4700,141784
185,2020-05-06,4845,105,4755,4860,4755,102523
184,2020-05-07,4930,85,4845,4970,4805,134115
183,2020-05-08,5130,200,4965,5260,4940,345292
182,2020-05-11,5100,30,5140,5200,5010,178501
181,2020-05-12,4900,200,5050,5070,4820,480465
178,2020-05-13,4885,15,4840,4900,4795,153447
177,2020-05-14,4810,75,4860,4870,4795,112968
176,2020-05-15,4765,45,4810,4835,4665,213332
175,2020-05-18,4685,80,4720,4780,4650,138389
174,2020-05-19,4975,290,4775,5040,4750,415892
170,2020-05-20,4920,55,5000,5010,4830,209520
169,2020-05-21,5020,100,4925,5050,4900,180529
168,2020-05-22,4850,170,4970,5050,4790,196430
167,2020-05-25,4895,45,4875,4895,4815,76793
166,2020-05-26,5000,105,4855,5120,4830,379991
163,2020-05-27,5040,40,5020,5060,4935,208284
162,2020-05-28,4910,130,5050,5080,4820,316799
161,2020-05-29,4725,185,4880,4910,4720,288065
160,2020-06-01,4920,195,4740,4925,4740,148026
159,2020-06-02,5040,120,4880,5250,4865,492646
155,2020-06-03,5130,90,5040,5270,5010,565127
154,2020-06-04,5630,500,5170,6130,5130,8902041
153,2020-06-05,5650,20,5640,5690,5440,942907
152,2020-06-08,5720,70,5740,5750,5570,624874
151,2020-06-09,5650,70,5680,5830,5600,558866
148,2020-06-10,5430,220,5650,5650,5430,499200
147,2020-06-11,5220,210,5440,5580,5160,1177048
146,2020-06-12,4935,285,5050,5050,4855,729727
145,2020-06-15,4605,330,4880,4935,4600,528571
144,2020-06-16,4825,220,4700,4860,4700,361581
140,2020-06-17,4785,40,4815,4900,4700,213176
139,2020-06-18,4850,65,4795,4925,4785,182935
138,2020-06-19,4800,50,4950,4950,4750,144705
137,2020-06-22,4740,60,4830,4830,4725,127723
136,2020-06-23,4675,65,4740,4835,4660,171617
133,2020-06-24,4655,20,4700,4765,4620,187338
132,2020-06-25,4590,65,4675,4735,4545,210398
131,2020-06-26,4645,55,4660,4670,4575,160095
130,2020-06-29,4540,105,4610,4610,4465,136546
129,2020-06-30,4720,180,4590,4720,4570,143388
125,2020-07-01,4760,40,4725,5040,4725,917292
124,2020-07-02,4785,25,4810,4810,4700,151170
123,2020-07-03,4760,25,4775,4820,4735,109449
122,2020-07-06,4720,40,4735,4790,4685,124743
121,2020-07-07,4740,20,4740,4765,4700,119020
118,2020-07-08,4705,35,4740,4750,4700,67865
117,2020-07-09,4635,70,4730,4755,4590,199526
116,2020-07-10,4525,110,4620,4620,4465,243783
115,2020-07-13,4545,20,4530,4580,4490,113490
114,2020-07-14,4545,0,4515,4590,4505,84791
110,2020-07-15,4640,95,4580,4675,4570,113816
109,2020-07-16,4675,35,4630,4710,4615,107127
108,2020-07-17,4680,5,4645,4710,4630,88168
107,2020-07-20,4715,35,4705,4740,4640,109017
106,2020-07-21,4700,15,4710,4745,4680,139249
103,2020-07-22,4780,80,4750,4895,4725,273925
102,2020-07-23,4725,55,4780,4790,4700,113639
101,2020-07-24,4670,55,4720,4720,4600,119003
100,2020-07-27,4630,40,4670,4730,4595,114763
99,2020-07-28,4570,60,4640,4645,4570,120427
95,2020-07-29,4565,5,4575,4615,4545,89868
94,2020-07-30,4625,60,4610,4640,4555,81137
93,2020-07-31,4540,85,4600,4645,4530,126532
92,2020-08-03,4515,25,4525,4540,4460,104569
91,2020-08-04,4565,50,4500,4565,4480,65582
88,2020-08-05,4740,175,4570,4895,4565,1398229
87,2020-08-06,4695,45,4710,4765,4655,207643
86,2020-08-07,4620,75,4700,4760,4615,170659
85,2020-08-10,4700,80,4620,4730,4575,158320
84,2020-08-11,4750,50,4760,4830,4705,235069
80,2020-08-12,4650,100,4750,4765,4580,186154
79,2020-08-13,4690,40,4710,4725,4630,107571
78,2020-08-14,4680,10,4705,4735,4600,199267
77,2020-08-18,4400,280,4670,4670,4400,315866
76,2020-08-19,4395,5,4400,4480,4380,105359
73,2020-08-20,4085,310,4380,4395,4070,305705
72,2020-08-21,4005,80,4190,4190,3990,345468
71,2020-08-24,3960,45,4005,4020,3930,256841
70,2020-08-25,4080,120,3965,4090,3955,187653
69,2020-08-26,4035,45,4095,4100,3975,120913
65,2020-08-27,3980,55,4045,4045,3975,96469
64,2020-08-28,3980,0,3985,4010,3945,183585
63,2020-08-31,4010,30,3970,4015,3970,123471
62,2020-09-01,4065,55,4010,4115,3990,102017
61,2020-09-02,4200,135,4070,4310,4070,240962
58,2020-09-03,4165,35,4210,4280,4145,99487
57,2020-09-04,4110,55,4005,4115,4005,109892
56,2020-09-07,4220,110,4110,4295,4085,194284
55,2020-09-08,4295,75,4205,4400,4205,235608
54,2020-09-09,4225,70,4220,4285,4200,81733
50,2020-09-10,4245,20,4250,4280,4205,63915
49,2020-09-11,4270,25,4245,4275,4225,61716
48,2020-09-14,4370,100,4275,4415,4270,88478
47,2020-09-15,4660,290,4415,4790,4390,574571
46,2020-09-16,4530,130,4620,4645,4515,230452
43,2020-09-17,4835,305,4525,4875,4455,883399
42,2020-09-18,5130,295,4865,5140,4860,1491099
41,2020-09-21,4780,350,5180,5180,4670,709335
40,2020-09-22,4590,190,4750,4750,4515,272975
39,2020-09-23,4500,90,4590,4680,4450,252541
35,2020-09-24,4470,30,4405,4650,4400,191622
34,2020-09-25,4420,50,4475,4525,4415,88073
33,2020-09-28,4540,120,4430,4665,4430,167055
32,2020-09-29,4855,315,4600,4920,4600,347478
31,2020-10-05,5130,275,4965,5250,4950,857807
28,2020-10-06,5120,10,5240,5240,5060,370572
27,2020-10-07,5310,190,5060,5380,5060,484436
26,2020-10-08,5310,0,5400,5490,5240,327434
25,2020-10-12,5210,100,5320,5340,5100,328226
24,2020-10-13,5120,90,5280,5290,5110,156273
20,2020-10-14,5130,10,5090,5200,5080,134862
19,2020-10-15,5050,80,5150,5150,4980,194418
18,2020-10-16,5160,110,5050,5190,4980,154812
17,2020-10-19,5070,90,5160,5260,5060,128300
16,2020-10-20,5170,100,5070,5200,5050,164858
13,2020-10-21,5280,110,5200,5360,5110,265300
12,2020-10-22,5270,10,5390,5550,5250,851949
11,2020-10-23,5280,10,5290,5410,5270,161001
10,2020-10-26,5170,110,5300,5330,5130,160695
9,2020-10-27,5120,50,5170,5330,5070,114631
5,2020-10-28,5220,100,5200,5240,5120,93398
4,2020-10-29,5200,20,5090,5200,5020,150940
3,2020-10-30,5010,190,5220,5220,5000,94568
2,2020-11-02,5070,60,5030,5130,4995,70569
1,2020-11-03,5120,50,5100,5170,5090,109770
