,date,close,diff,open,high,low,volume
448,2013-12-20,6020,180,6120,6190,6000,47097
447,2013-12-23,6310,290,5970,6400,5970,94203
446,2013-12-24,6220,90,6290,6390,6200,22669
445,2013-12-26,6210,10,6250,6350,6180,38509
444,2013-12-27,6250,40,6160,6290,6110,29765
440,2013-12-30,6250,0,6300,6330,6130,33683
439,2014-01-02,6180,70,6250,6300,6000,45562
438,2014-01-03,6150,30,6210,6240,6010,51016
437,2014-01-06,5910,240,6150,6160,5880,127903
436,2014-01-07,6030,120,5880,6100,5880,56035
433,2014-01-08,5950,80,6030,6100,5940,55821
432,2014-01-09,6090,140,5950,6100,5950,63983
431,2014-01-10,6530,440,6150,6980,6060,300836
430,2014-01-13,6690,160,6500,6720,6450,127940
429,2014-01-14,6610,80,6690,6720,6520,62728
425,2014-01-15,6590,20,6610,6690,6490,42603
424,2014-01-16,6570,20,6560,6640,6490,22397
423,2014-01-17,6620,50,6570,6730,6490,80876
422,2014-01-20,6480,140,6550,6640,6480,23290
421,2014-01-21,6660,180,6470,6680,6310,51731
418,2014-01-22,6610,50,6690,6710,6440,31206
417,2014-01-23,6600,10,6670,6670,6410,25994
416,2014-01-24,6500,100,6560,6630,6440,45716
415,2014-01-27,6240,260,6440,6460,6200,46784
414,2014-01-28,6240,0,6250,6280,6150,19676
410,2014-01-29,6320,80,6210,6340,6210,7449
409,2014-02-03,6170,150,6350,6350,6170,20480
408,2014-02-04,6330,160,6120,6390,6110,10393
407,2014-02-05,6220,110,6390,6390,6190,14726
406,2014-02-06,6170,50,6300,6300,6160,16435
403,2014-02-07,6260,90,6110,6430,6110,13167
402,2014-02-10,6230,30,6400,6400,6180,23183
401,2014-02-11,6220,10,6200,6340,6200,12240
400,2014-02-12,6230,10,6200,6290,6180,27344
399,2014-02-13,6320,90,6380,6500,6280,75593
395,2014-02-14,6320,0,6350,6410,6310,47187
394,2014-02-17,6380,60,6350,6440,6300,12520
393,2014-02-18,6420,40,6350,6480,6340,34499
392,2014-02-19,6460,40,6400,6530,6340,46896
391,2014-02-20,6310,150,6450,6450,6260,59805
388,2014-02-21,6040,270,6250,6260,6040,206867
387,2014-02-24,5980,60,6030,6100,5950,61746
386,2014-02-25,5880,100,6050,6050,5850,109952
385,2014-02-26,5790,90,5930,5930,5690,159479
384,2014-02-27,5400,390,5440,5600,5370,928187
380,2014-02-28,5500,100,5380,5580,5380,203454
379,2014-03-03,5280,220,5200,5350,5170,1011626
378,2014-03-04,5270,10,5300,5400,5270,366720
377,2014-03-05,5520,250,5320,5520,5260,660753
376,2014-03-06,5830,310,5550,5830,5550,618587
373,2014-03-07,5800,30,5870,5950,5720,318448
372,2014-03-10,5860,60,5820,5900,5740,204697
371,2014-03-11,5790,70,5860,5860,5700,113735
370,2014-03-12,5740,50,5710,5800,5660,97004
369,2014-03-13,5890,150,5790,5960,5740,181147
365,2014-03-14,5950,60,5880,6020,5840,161311
364,2014-03-17,5950,0,5950,6080,5950,215600
363,2014-03-18,5960,10,5990,6070,5950,167832
362,2014-03-19,5980,20,6010,6020,5920,126715
361,2014-03-20,5980,0,6000,6010,5940,65869
358,2014-03-21,6160,180,6030,6190,6000,181231
357,2014-03-24,6430,270,6300,6510,6220,402002
356,2014-03-25,6520,90,6500,6520,6380,246322
355,2014-03-26,6370,150,6530,6560,6330,269434
354,2014-03-27,6380,10,6330,6490,6290,243727
350,2014-03-28,6490,110,6450,6490,6320,122712
349,2014-03-31,6790,300,6610,6940,6610,795161
348,2014-04-01,6900,110,6910,6960,6730,1626320
347,2014-04-02,6890,10,6950,6950,6760,673859
346,2014-04-03,6640,250,6830,6850,6640,237375
343,2014-04-04,6850,210,6710,6870,6600,172875
342,2014-04-07,6800,50,6840,6850,6720,104966
341,2014-04-08,6810,10,6840,6840,6660,99536
340,2014-04-09,6690,120,6850,6850,6650,187608
339,2014-04-10,6710,20,6710,6790,6660,112548
335,2014-04-11,6660,50,6660,6730,6570,218894
334,2014-04-14,6590,70,6680,6700,6580,123256
333,2014-04-15,6440,150,6620,6680,6420,205101
332,2014-04-16,6400,40,6440,6490,6290,153247
331,2014-04-17,6360,40,6410,6530,6360,108484
328,2014-04-18,6400,40,6360,6480,6350,96383
327,2014-04-21,6510,110,6530,6570,6430,96316
326,2014-04-22,6430,80,6510,6550,6400,94357
325,2014-04-23,6280,150,6400,6470,6270,89926
324,2014-04-24,6310,30,6320,6390,6220,59320
320,2014-04-25,6180,130,6370,6370,6160,63907
319,2014-04-28,6250,70,6150,6350,6130,75550
318,2014-04-29,6280,30,6260,6350,6210,59067
317,2014-04-30,6200,80,6340,6340,6140,100776
316,2014-05-02,6090,110,6210,6220,6070,99741
313,2014-05-07,5820,270,6100,6100,5690,260849
312,2014-05-08,5660,160,5840,5870,5500,194455
311,2014-05-09,5790,130,5600,5800,5600,64520
310,2014-05-12,5900,110,5810,6040,5810,83893
309,2014-05-13,5720,180,5920,5920,5720,148564
305,2014-05-14,5740,20,5740,5780,5570,190901
304,2014-05-15,5720,20,5830,5830,5690,93475
303,2014-05-16,5710,10,5720,5740,5650,72747
302,2014-05-19,5600,110,5710,5720,5520,138636
301,2014-05-20,5430,170,5490,5490,5300,195590
298,2014-05-21,5470,40,5380,5510,5350,80967
297,2014-05-22,5470,0,5470,5550,5410,71455
296,2014-05-23,5460,10,5470,5540,5410,108109
295,2014-05-26,5250,210,5330,5440,5160,354820
294,2014-05-27,4760,490,5170,5240,4470,1312051
290,2014-05-28,4910,150,4705,4910,4615,268142
289,2014-05-29,5140,230,4900,5200,4800,192254
288,2014-05-30,4980,160,5090,5210,4945,224016
287,2014-06-02,4470,510,4970,4970,4400,452582
286,2014-06-03,4440,30,4550,4550,4195,412183
283,2014-06-05,4180,260,4395,4500,4180,210514
282,2014-06-09,4125,55,4220,4265,3800,389477
281,2014-06-10,4310,185,4085,4350,4040,200295
280,2014-06-11,4380,70,4305,4555,4305,185252
279,2014-06-12,4380,0,0,0,0,0
275,2014-06-13,4380,0,0,0,0,0
274,2014-06-16,4380,0,0,0,0,0
273,2014-06-17,4380,0,0,0,0,0
272,2014-06-18,4380,0,0,0,0,0
271,2014-06-19,4380,0,0,0,0,0
268,2014-06-20,4380,0,0,0,0,0
267,2014-06-23,4380,0,0,0,0,0
266,2014-06-24,4380,0,0,0,0,0
265,2014-06-25,4380,0,0,0,0,0
264,2014-06-26,4380,0,0,0,0,0
260,2014-06-27,4380,0,0,0,0,0
259,2014-06-30,4380,0,0,0,0,0
258,2014-07-01,4380,0,0,0,0,0
257,2014-07-02,4380,0,0,0,0,0
256,2014-07-03,4380,0,0,0,0,0
253,2014-07-04,4380,0,0,0,0,0
252,2014-07-07,4380,0,0,0,0,0
251,2014-07-08,4380,0,0,0,0,0
250,2014-07-09,4380,0,0,0,0,0
249,2014-07-10,4380,0,0,0,0,0
245,2014-07-11,4380,0,0,0,0,0
244,2014-07-14,4380,0,0,0,0,0
243,2014-07-15,4380,0,0,0,0,0
242,2014-07-16,4380,0,0,0,0,0
241,2014-07-17,4380,0,0,0,0,0
238,2014-07-18,4380,0,0,0,0,0
237,2014-07-21,4380,0,0,0,0,0
236,2014-07-22,4380,0,0,0,0,0
235,2014-07-23,4380,0,0,0,0,0
234,2014-07-24,4380,0,0,0,0,0
230,2014-07-25,4380,0,0,0,0,0
229,2014-07-28,4380,0,0,0,0,0
228,2014-07-29,4380,0,0,0,0,0
227,2014-07-30,4380,0,0,0,0,0
226,2014-07-31,4380,0,0,0,0,0
223,2014-08-01,4380,0,0,0,0,0
222,2014-08-04,4380,0,0,0,0,0
221,2014-08-05,4380,0,0,0,0,0
220,2014-08-06,4380,0,0,0,0,0
219,2014-08-07,4380,0,0,0,0,0
215,2014-08-08,4380,0,0,0,0,0
214,2014-08-11,4380,0,0,0,0,0
213,2014-08-12,4380,0,0,0,0,0
212,2014-08-13,4380,0,0,0,0,0
211,2014-08-14,4380,0,0,0,0,0
208,2014-08-18,4380,0,0,0,0,0
207,2014-08-19,4380,0,0,0,0,0
206,2014-08-20,4380,0,0,0,0,0
205,2014-08-21,3450,450,3000,3450,3000,2048382
204,2014-08-22,3750,300,3675,3880,3450,4712767
200,2014-08-25,3620,130,3785,3785,3535,1018182
199,2014-08-26,3505,115,3535,3605,3395,554742
198,2014-08-27,3360,145,3455,3495,3300,488476
197,2014-08-28,3040,320,3330,3440,3000,676956
196,2014-08-29,2815,225,3005,3150,2730,1936293
193,2014-09-01,2700,115,2820,2830,2695,1007961
192,2014-09-02,2875,175,2730,2885,2690,1258072
191,2014-09-03,2985,110,2850,3065,2775,845506
190,2014-09-04,2960,25,3080,3140,2955,494243
189,2014-09-05,3200,240,2950,3375,2920,659906
185,2014-09-11,3310,110,3280,3365,3190,326061
184,2014-09-12,3300,10,3310,3400,3230,313205
183,2014-09-15,3050,250,3530,3600,3025,1146897
182,2014-09-16,3020,30,2985,3075,2955,202488
181,2014-09-17,3090,70,3000,3165,3000,193885
178,2014-09-18,3200,110,3060,3225,3060,193645
177,2014-09-19,3355,155,3160,3365,3160,262806
176,2014-09-22,3300,55,3300,3430,3280,189827
175,2014-09-23,3280,20,3355,3355,3200,128448
174,2014-09-24,3220,60,3250,3320,3205,153856
170,2014-09-25,3185,35,3270,3280,3185,116467
169,2014-09-26,3190,5,3120,3245,3120,57646
168,2014-09-29,3120,70,3150,3190,3075,119632
167,2014-09-30,3195,75,3100,3490,3015,559590
166,2014-10-01,3220,25,3140,3345,3100,324082
163,2014-10-02,3150,70,3200,3220,3125,248231
162,2014-10-06,3100,50,3150,3200,3000,134239
161,2014-10-07,3090,10,3100,3110,2950,198070
160,2014-10-08,3005,85,3085,3085,3000,69315
159,2014-10-10,2920,85,3040,3040,2880,140177
155,2014-10-13,2765,155,2900,2920,2700,220976
154,2014-10-14,2800,35,2720,2855,2720,111993
153,2014-10-15,2845,45,2875,2940,2830,54325
152,2014-10-16,2845,0,2815,2925,2770,106146
151,2014-10-17,2900,55,2850,2940,2825,84822
148,2014-10-20,3020,120,2920,3060,2920,110547
147,2014-10-21,3030,10,3020,3160,3020,100480
146,2014-10-22,2985,45,3050,3130,2985,90942
145,2014-10-23,3430,445,3430,3430,3430,833695
144,2014-10-24,3600,170,3770,3825,3540,1514034
140,2014-10-27,3465,135,3600,3720,3425,648727
139,2014-10-28,3590,125,3535,3710,3400,543172
138,2014-10-29,3675,85,3620,3750,3565,445369
137,2014-10-30,3565,110,3645,3655,3550,204056
136,2014-10-31,3385,180,3500,3530,3310,408644
133,2014-11-03,3385,0,3340,3415,3320,116382
132,2014-11-04,3340,45,3415,3415,3270,146404
131,2014-11-05,3360,20,3390,3510,3300,217573
130,2014-11-06,3420,60,3345,3435,3340,66407
129,2014-11-07,3440,20,3385,3465,3385,75626
125,2014-11-10,3420,20,3440,3535,3420,123414
124,2014-11-11,3455,35,3470,3495,3395,87849
123,2014-11-12,3405,50,3490,3510,3385,108055
122,2014-11-13,3300,105,3425,3450,3290,219151
121,2014-11-14,3300,0,3305,3335,3240,109464
118,2014-11-17,3450,150,3295,3475,3275,270499
117,2014-11-18,3630,180,3450,3670,3420,313808
116,2014-11-19,3890,260,3630,3945,3630,519473
115,2014-11-20,3970,80,3940,4075,3830,380772
114,2014-11-21,3975,5,3975,4070,3950,147597
110,2014-11-24,4010,35,3975,4010,3835,162435
109,2014-11-25,3975,35,3950,4095,3945,125406
108,2014-11-26,4050,75,3980,4300,3945,406796
107,2014-11-27,3900,150,4090,4090,3900,166637
106,2014-11-28,3875,25,3990,3990,3820,83107
103,2014-12-01,3805,70,3810,3890,3695,170072
102,2014-12-02,3790,15,3905,3905,3755,58937
101,2014-12-03,3800,10,3825,3835,3740,62154
100,2014-12-04,3830,30,3800,3835,3730,90449
99,2014-12-05,3800,30,3860,3860,3770,73606
95,2014-12-08,3860,60,3870,3870,3770,110114
94,2014-12-09,3840,20,3890,3890,3790,101331
93,2014-12-10,3840,0,3840,3885,3785,70679
92,2014-12-11,3790,50,3840,4080,3770,207240
91,2014-12-12,3835,45,3890,3890,3775,69593
88,2014-12-15,3850,15,3830,3855,3750,50549
87,2014-12-16,3955,105,3890,3995,3785,181307
86,2014-12-17,3900,55,3990,4120,3845,225625
85,2014-12-18,3745,155,3895,3895,3665,179424
84,2014-12-19,3710,35,3815,3815,3700,53437
80,2014-12-22,3695,15,3680,3695,3585,110539
79,2014-12-23,3600,95,3740,3740,3565,131830
78,2014-12-24,3595,5,3610,3675,3475,139458
77,2014-12-26,3585,10,3570,3655,3540,58245
76,2014-12-29,3535,50,3590,3635,3535,46558
73,2014-12-30,3430,105,3505,3570,3430,65862
72,2015-01-02,3590,160,3440,3640,3440,62050
71,2015-01-05,3565,25,3675,3675,3555,49709
70,2015-01-06,3535,30,3565,3635,3525,52565
69,2015-01-07,3485,50,3535,3570,3450,59202
65,2015-01-08,3450,35,3485,3540,3435,49481
64,2015-01-09,3465,15,3450,3500,3420,55917
63,2015-01-12,3420,45,3465,3480,3385,85675
62,2015-01-13,3280,140,3420,3420,3215,198925
61,2015-01-14,3220,60,3155,3280,3155,244209
58,2015-01-15,3295,75,3300,3300,3230,57429
57,2015-01-16,3220,75,3275,3290,3180,65227
56,2015-01-19,3270,50,3230,3280,3220,34883
55,2015-01-20,3195,75,3260,3280,3195,41106
54,2015-01-21,3210,15,3160,3240,3160,25113
50,2015-01-22,3160,50,3205,3230,3155,48378
49,2015-01-23,3190,30,3180,3205,3155,76985
48,2015-01-26,3155,35,3190,3220,3110,44707
47,2015-01-27,3115,40,3135,3165,3085,126574
46,2015-01-28,3120,5,3070,3150,3050,67952
43,2015-01-29,3185,65,3135,3240,3090,110452
42,2015-01-30,3145,40,3190,3250,3130,46841
41,2015-02-02,3165,20,3170,3245,3125,40125
40,2015-02-03,3340,175,3165,3355,3155,177443
39,2015-02-04,3345,5,3305,3385,3305,79641
35,2015-02-05,3220,125,3310,3350,3155,175093
34,2015-02-06,3195,25,3210,3235,3145,175237
33,2015-02-09,3230,35,3195,3235,3145,156704
32,2015-02-10,3225,5,3310,3460,3220,226842
31,2015-02-11,3300,75,3255,3330,3185,118580
28,2015-02-12,3220,80,3335,3340,3180,113838
27,2015-02-13,3155,65,3220,3235,3155,174802
26,2015-02-16,3140,15,3140,3205,3105,143477
25,2015-02-17,3160,20,3160,3185,3110,101231
24,2015-02-23,3095,65,3165,3230,3080,198741
20,2015-02-24,3050,45,3090,3120,3035,275504
19,2015-02-25,2920,130,3040,3050,2895,702831
18,2015-02-26,2960,40,2925,2980,2910,348080
17,2015-02-27,2940,20,2955,3015,2900,326317
16,2015-03-02,2935,5,2920,2980,2905,610910
13,2015-03-03,2935,0,0,0,0,0
12,2015-03-04,2935,0,0,0,0,0
11,2015-03-05,2935,0,0,0,0,0
10,2015-03-06,600,2335,310,600,310,12092604
9,2015-03-09,600,0,610,660,590,4427599
5,2015-03-10,1180,580,606,1180,606,6110086
4,2015-03-11,1830,650,1265,1830,1265,5988101
3,2015-03-12,1100,730,2190,2610,1100,5410115
2,2015-03-13,1990,890,1400,1990,1165,5470367
