,date,close,diff,open,high,low,volume
448,2019-08-16,1280,45,1325,1325,1265,201737
447,2019-08-19,1265,15,1265,1295,1240,136589
446,2019-08-20,1275,10,1250,1365,1245,235131
445,2019-08-21,1275,0,1265,1285,1245,143360
444,2019-08-22,1295,20,1270,1310,1270,137734
440,2019-08-23,1275,20,1305,1305,1260,104415
439,2019-08-26,1250,25,1250,1265,1225,178340
438,2019-08-27,1235,15,1240,1285,1200,77628
437,2019-08-28,1240,5,1210,1245,1165,148753
436,2019-08-29,1250,10,1235,1250,1190,119663
433,2019-08-30,1330,80,1255,1360,1245,602557
432,2019-09-02,1330,0,1330,1355,1295,87255
431,2019-09-03,1310,20,1310,1335,1280,131250
430,2019-09-04,1310,0,1315,1325,1270,118343
429,2019-09-05,1310,0,1310,1345,1300,158492
425,2019-09-06,1320,10,1310,1325,1280,183268
424,2019-09-09,1300,20,1310,1330,1290,147231
423,2019-09-10,1285,15,1310,1315,1275,82743
422,2019-09-11,1345,60,1285,1410,1285,757210
421,2019-09-16,1345,0,1330,1365,1330,143586
418,2019-09-17,1335,10,1345,1345,1315,94284
417,2019-09-18,1335,0,1335,1375,1315,142571
416,2019-09-19,1300,35,1335,1345,1280,470633
415,2019-09-20,1300,0,1300,1310,1280,151662
414,2019-09-23,1310,10,1310,1330,1290,132750
410,2019-09-24,1310,0,1310,1325,1295,121314
409,2019-09-25,1295,15,1350,1350,1285,324788
408,2019-09-26,1285,10,1315,1315,1275,133760
407,2019-09-27,1295,10,1300,1300,1265,64959
406,2019-09-30,1270,25,1285,1300,1265,115888
403,2019-10-01,1290,20,1265,1290,1265,66299
402,2019-10-02,1275,15,1285,1300,1260,111439
401,2019-10-04,1285,10,1280,1295,1260,96759
400,2019-10-07,1220,65,1285,1295,1185,415036
399,2019-10-08,1175,45,1180,1195,1145,431126
395,2019-10-10,1045,130,1160,1200,1045,869045
394,2019-10-11,1355,310,1355,1355,1355,332828
393,2019-10-14,1760,405,1755,1760,1660,6271059
392,2019-10-15,1750,10,1965,2080,1725,21883638
391,2019-10-16,1740,10,1775,1805,1650,7043386
388,2019-10-17,1685,55,1735,1835,1670,6092936
387,2019-10-18,1615,70,1650,1685,1595,2360094
386,2019-10-21,1605,10,1590,1620,1555,1755693
385,2019-10-22,1610,5,1590,1620,1555,2364558
384,2019-10-23,1525,85,1600,1600,1515,1662488
380,2019-10-24,1550,25,1540,1575,1520,960355
379,2019-10-25,1520,30,1530,1550,1485,815499
378,2019-10-28,1525,5,1515,1540,1470,898202
377,2019-10-29,1490,35,1545,1560,1485,896890
376,2019-10-30,1510,20,1490,1635,1480,2247756
373,2019-10-31,1560,50,1500,1560,1495,653937
372,2019-11-01,1510,50,1560,1600,1490,902849
371,2019-11-04,1505,5,1510,1520,1490,344094
370,2019-11-05,1505,0,1500,1530,1490,431510
369,2019-11-06,1515,10,1510,1520,1500,353392
365,2019-11-07,1540,25,1525,1565,1505,488724
364,2019-11-08,1640,100,1545,1685,1520,2385547
363,2019-11-11,1600,40,1690,1705,1560,1412208
362,2019-11-12,1560,40,1595,1600,1500,738257
361,2019-11-13,1475,85,1490,1545,1430,1102504
358,2019-11-14,1540,65,1470,1615,1440,1257947
357,2019-11-15,1510,30,1520,1595,1495,619762
356,2019-11-18,1505,5,1505,1525,1475,280942
355,2019-11-19,1540,35,1500,1545,1450,597422
354,2019-11-20,1470,70,1550,1585,1440,536606
350,2019-11-21,1435,35,1475,1475,1410,240283
349,2019-11-22,1400,35,1435,1435,1360,313215
348,2019-11-25,1420,20,1400,1440,1380,190384
347,2019-11-26,1455,35,1420,1470,1415,208276
346,2019-11-27,1425,30,1465,1465,1410,185557
343,2019-11-28,1400,25,1420,1435,1395,167001
342,2019-11-29,1375,25,1400,1415,1360,142864
341,2019-12-02,1360,15,1385,1385,1335,279531
340,2019-12-03,1380,20,1330,1380,1330,118323
339,2019-12-04,1345,35,1360,1370,1340,112599
335,2019-12-05,1340,5,1330,1380,1295,283371
334,2019-12-06,1345,5,1350,1365,1305,150508
333,2019-12-09,1340,5,1350,1350,1305,195763
332,2019-12-10,1320,20,1325,1340,1300,227015
331,2019-12-11,1365,45,1295,1370,1295,263990
328,2019-12-12,1385,20,1355,1390,1345,247411
327,2019-12-13,1390,5,1390,1420,1350,358854
326,2019-12-16,1370,20,1375,1430,1360,283077
325,2019-12-17,1360,10,1360,1385,1350,180297
324,2019-12-18,1365,5,1350,1380,1340,221193
320,2019-12-19,1375,10,1365,1385,1365,113712
319,2019-12-20,1370,5,1375,1375,1335,186697
318,2019-12-23,1310,60,1370,1370,1310,264948
317,2019-12-24,1305,5,1320,1510,1280,1748877
316,2019-12-26,1300,5,1295,1310,1270,257029
313,2019-12-27,1295,5,1325,1375,1265,700607
312,2019-12-30,1550,255,1640,1680,1540,12991788
311,2020-01-02,1390,160,1500,1525,1375,6931039
310,2020-01-03,1350,40,1400,1405,1340,2000111
309,2020-01-06,1270,80,1315,1320,1250,1356534
305,2020-01-07,1270,0,1280,1290,1250,970943
304,2020-01-08,1190,80,1250,1270,1155,1150701
303,2020-01-09,1250,60,1210,1265,1195,593583
302,2020-01-10,1240,10,1245,1255,1230,261007
301,2020-01-13,1250,10,1240,1260,1225,247382
298,2020-01-14,1240,10,1245,1260,1230,316327
297,2020-01-15,1235,5,1245,1260,1220,541465
296,2020-01-16,1235,0,1250,1250,1225,590249
295,2020-01-17,1225,10,1235,1245,1215,326831
294,2020-01-20,1215,10,1235,1235,1200,464987
290,2020-01-21,1205,10,1220,1225,1205,198359
289,2020-01-22,1205,0,1210,1220,1200,209727
288,2020-01-23,1225,20,1205,1270,1200,585316
287,2020-01-28,1435,210,1210,1480,1175,11292688
286,2020-01-29,1340,95,1430,1430,1290,3133634
283,2020-01-30,1280,60,1350,1375,1250,1458036
282,2020-01-31,1250,30,1315,1345,1250,1863408
281,2020-02-03,1200,50,1225,1260,1165,1014889
280,2020-02-04,1210,10,1205,1235,1190,510897
279,2020-02-05,1220,10,1210,1260,1210,443893
275,2020-02-06,1250,30,1230,1285,1220,809440
274,2020-02-07,1265,15,1250,1270,1225,400648
273,2020-02-10,1345,80,1265,1350,1245,2484814
272,2020-02-11,1280,65,1375,1450,1260,2477814
271,2020-02-12,1250,30,1280,1285,1240,623623
268,2020-02-13,1240,10,1250,1265,1230,390245
267,2020-02-14,1250,10,1240,1270,1230,280165
266,2020-02-17,1235,15,1250,1250,1195,249821
265,2020-02-18,1220,15,1220,1240,1175,326204
264,2020-02-19,1215,5,1215,1245,1180,448187
260,2020-02-20,1270,55,1215,1285,1180,1235230
259,2020-02-21,1215,55,1250,1270,1210,502405
258,2020-02-24,1120,95,1200,1215,1105,722020
257,2020-02-25,1160,40,1115,1165,1115,158933
256,2020-02-26,1120,40,1135,1140,1110,226013
253,2020-02-27,1120,0,1140,1145,1090,241731
252,2020-02-28,1065,55,1090,1110,1055,283892
251,2020-03-02,1090,25,1055,1100,1050,245019
250,2020-03-03,1115,25,1095,1125,1090,146265
249,2020-03-04,1120,5,1105,1130,1095,165235
245,2020-03-05,1135,15,1110,1135,1110,136157
244,2020-03-06,1115,20,1135,1135,1100,104944
243,2020-03-09,1065,50,1110,1110,1050,292538
242,2020-03-10,1070,5,1045,1145,1030,911106
241,2020-03-11,1065,5,1070,1075,1040,330239
238,2020-03-12,1025,40,1075,1090,1025,380645
237,2020-03-13,989,36,990,1020,922,889004
236,2020-03-16,989,0,960,1035,960,294812
235,2020-03-17,1005,16,970,1030,950,235133
234,2020-03-18,996,9,1000,1025,990,309750
230,2020-03-19,958,38,960,1000,935,568696
229,2020-03-20,982,24,881,998,881,291215
228,2020-03-23,935,47,903,950,903,422989
227,2020-03-24,934,1,936,955,929,380532
226,2020-03-25,958,24,937,971,937,263066
223,2020-03-26,998,40,958,1020,958,484523
222,2020-03-27,986,12,1010,1040,941,401081
221,2020-03-30,1005,19,980,1020,932,342777
220,2020-03-31,1030,25,1030,1040,973,418003
219,2020-04-01,985,45,1030,1040,985,394512
215,2020-04-02,989,4,990,1000,950,291061
214,2020-04-03,1000,11,991,1015,989,450101
213,2020-04-06,1020,20,1020,1035,1000,458381
212,2020-04-07,1035,15,1045,1045,1015,373796
211,2020-04-08,1050,15,1035,1075,1020,520900
208,2020-04-09,1060,10,1070,1070,1035,288608
207,2020-04-10,1055,5,1065,1065,1020,313915
206,2020-04-13,1050,5,1055,1060,1030,235157
205,2020-04-14,1060,10,1050,1075,1050,261615
204,2020-04-16,1050,10,1070,1085,1035,546466
200,2020-04-17,1070,20,1050,1070,1040,559981
199,2020-04-20,1070,0,1080,1080,1055,443036
198,2020-04-21,1030,40,1075,1085,999,646617
197,2020-04-22,1040,10,1025,1055,1000,368370
196,2020-04-23,1185,145,1045,1195,1040,3039540
193,2020-04-24,1140,45,1160,1175,1105,680317
192,2020-04-27,1150,10,1140,1190,1120,1039496
191,2020-04-28,1130,20,1150,1160,1105,654577
190,2020-04-29,1135,5,1140,1150,1110,300468
189,2020-05-04,1135,0,1140,1150,1115,204588
185,2020-05-06,1160,25,1135,1160,1135,229624
184,2020-05-07,1165,5,1175,1175,1155,330728
183,2020-05-08,1225,60,1365,1370,1205,5105945
182,2020-05-11,1170,55,1230,1235,1165,857660
181,2020-05-12,1160,10,1170,1190,1130,438438
178,2020-05-13,1150,10,1140,1160,1125,306608
177,2020-05-14,1125,25,1140,1145,1110,448798
176,2020-05-15,1110,15,1120,1135,1080,560839
175,2020-05-18,1140,30,1100,1145,1080,326206
174,2020-05-19,1160,20,1140,1185,1130,368669
170,2020-05-20,1200,40,1160,1210,1140,609222
169,2020-05-21,1285,85,1195,1300,1175,2451833
168,2020-05-22,1340,55,1305,1360,1255,2103510
167,2020-05-25,1275,65,1345,1360,1250,654494
166,2020-05-26,1240,35,1270,1280,1240,378384
163,2020-05-27,1230,10,1260,1260,1225,186588
162,2020-05-28,1235,5,1240,1315,1200,404579
161,2020-05-29,1220,15,1225,1240,1200,147364
160,2020-06-01,1255,35,1230,1265,1220,207017
159,2020-06-02,1245,10,1260,1280,1230,152854
155,2020-06-03,1235,10,1245,1260,1230,180059
154,2020-06-04,1235,0,1250,1250,1210,166197
153,2020-06-05,1235,0,1240,1240,1215,97299
152,2020-06-08,1235,0,1235,1240,1210,152226
151,2020-06-09,1220,15,1245,1245,1190,202406
148,2020-06-10,1210,10,1230,1230,1190,151122
147,2020-06-11,1175,35,1210,1215,1175,204238
146,2020-06-12,1155,20,1110,1155,1100,201160
145,2020-06-15,1060,95,1155,1155,1055,340669
144,2020-06-16,1115,55,1110,1115,1085,163778
140,2020-06-17,1095,20,1110,1135,1080,94019
139,2020-06-18,1110,15,1095,1145,1075,116053
138,2020-06-19,1125,15,1085,1125,1085,121870
137,2020-06-22,1105,20,1125,1125,1095,43053
136,2020-06-23,1105,0,1105,1110,1075,114224
133,2020-06-24,1115,10,1120,1130,1095,134807
132,2020-06-25,1100,15,1100,1115,1080,112924
131,2020-06-26,1100,0,1100,1105,1080,78715
130,2020-06-29,1085,15,1085,1100,1070,41971
129,2020-06-30,1105,20,1080,1105,1065,76731
125,2020-07-01,1085,20,1095,1100,1070,118342
124,2020-07-02,1080,5,1085,1090,1060,158321
123,2020-07-03,1080,0,1070,1090,1070,71907
122,2020-07-06,1090,10,1085,1095,1075,127949
121,2020-07-07,1085,5,1090,1090,1070,89596
118,2020-07-08,1090,5,1075,1095,1070,57179
117,2020-07-09,1100,10,1090,1120,1075,119699
116,2020-07-10,1100,0,1090,1110,1085,172764
115,2020-07-13,1100,0,1095,1110,1085,91409
114,2020-07-14,1095,5,1100,1125,1085,199013
110,2020-07-15,1105,10,1095,1105,1085,174913
109,2020-07-16,1110,5,1105,1145,1105,291256
108,2020-07-17,1115,5,1110,1165,1090,184881
107,2020-07-20,1120,5,1110,1125,1105,238105
106,2020-07-21,1125,5,1135,1155,1115,192452
103,2020-07-22,1125,0,1130,1135,1105,174416
102,2020-07-23,1120,5,1125,1125,1100,141609
101,2020-07-24,1115,5,1105,1120,1105,136982
100,2020-07-27,1125,10,1115,1150,1105,141773
99,2020-07-28,1105,20,1125,1130,1100,153235
95,2020-07-29,1120,15,1105,1145,1105,130470
94,2020-07-30,1105,15,1130,1130,1095,205838
93,2020-07-31,1105,0,1110,1115,1090,144751
92,2020-08-03,1085,20,1105,1110,1075,134437
91,2020-08-04,1085,0,1080,1095,1070,221731
88,2020-08-05,1080,5,1085,1105,1075,191317
87,2020-08-06,1085,5,1085,1095,1075,98037
86,2020-08-07,1085,0,1090,1095,1070,215120
85,2020-08-10,1075,10,1080,1080,1050,289285
84,2020-08-11,1080,5,1080,1090,1065,181649
80,2020-08-12,1120,40,1080,1120,1070,314773
79,2020-08-13,1085,35,1110,1135,1070,287271
78,2020-08-14,1100,15,1095,1120,1075,184770
77,2020-08-18,1050,50,1095,1100,1050,215008
76,2020-08-19,1060,10,1050,1070,1040,137853
73,2020-08-20,1020,40,1050,1065,999,235809
72,2020-08-21,1025,5,1010,1025,1000,115822
71,2020-08-24,1015,10,1025,1030,1000,129556
70,2020-08-25,1040,25,1015,1045,1010,263019
69,2020-08-26,1050,10,1040,1055,1025,139599
65,2020-08-27,1030,20,1045,1055,1020,211132
64,2020-08-28,1045,15,1045,1055,1020,113038
63,2020-08-31,1040,5,1060,1065,1035,88219
62,2020-09-01,1040,0,1040,1045,1030,84028
61,2020-09-02,1050,10,1035,1050,1030,101598
58,2020-09-03,1055,5,1050,1060,1045,102025
57,2020-09-04,1075,20,1035,1080,1035,220666
56,2020-09-07,1090,15,1080,1115,1065,437497
55,2020-09-08,1090,0,1090,1110,1085,209955
54,2020-09-09,1100,10,1090,1115,1070,285346
50,2020-09-10,1125,25,1100,1130,1085,410755
49,2020-09-11,1115,10,1135,1135,1105,149661
48,2020-09-14,1130,15,1120,1135,1115,158304
47,2020-09-15,1155,25,1130,1155,1120,328373
46,2020-09-16,1165,10,1155,1170,1150,158559
43,2020-09-17,1140,25,1170,1170,1125,179328
42,2020-09-18,1135,5,1145,1155,1115,99194
41,2020-09-21,1140,5,1130,1165,1125,176944
40,2020-09-22,1100,40,1125,1140,1095,170885
39,2020-09-23,1110,10,1100,1125,1080,70017
35,2020-09-24,1060,50,1100,1100,1060,104074
34,2020-09-25,1060,0,1070,1085,1045,112602
33,2020-09-28,1075,15,1060,1085,1040,99465
32,2020-09-29,1085,10,1070,1085,1065,51690
31,2020-10-05,1095,10,1095,1100,1085,44184
28,2020-10-06,1100,5,1105,1110,1085,53289
27,2020-10-07,1110,10,1100,1115,1095,36955
26,2020-10-08,1105,5,1120,1140,1100,75302
25,2020-10-12,1100,5,1130,1130,1095,44407
24,2020-10-13,1100,0,1110,1110,1075,112397
20,2020-10-14,1095,5,1100,1100,1085,47322
19,2020-10-15,1075,20,1080,1130,1070,111545
18,2020-10-16,1075,0,1075,1075,1050,51766
17,2020-10-19,1065,10,1075,1080,1060,78778
16,2020-10-20,1055,10,1060,1075,1040,81638
13,2020-10-21,1065,10,1060,1080,1050,107454
12,2020-10-22,1050,15,1065,1065,1040,104144
11,2020-10-23,1050,0,1055,1060,1045,50795
10,2020-10-26,1030,20,1065,1065,1030,93693
9,2020-10-27,1030,0,1030,1035,1010,60509
5,2020-10-28,1025,5,1030,1045,1015,83670
4,2020-10-29,1020,5,1010,1020,1005,186094
3,2020-10-30,1020,0,1030,1035,1015,52485
2,2020-11-02,1020,0,1020,1030,1010,38190
1,2020-11-03,1035,15,1045,1045,1025,39770
