,date,close,diff,open,high,low,volume
448,2019-08-16,2910,5,2890,2995,2880,197616
447,2019-08-19,2965,55,2915,2965,2910,179555
446,2019-08-20,3025,60,2965,3050,2960,378263
445,2019-08-21,3025,0,3025,3065,3010,272502
444,2019-08-22,3010,15,3030,3055,3005,211312
440,2019-08-23,2945,65,2980,3020,2930,263970
439,2019-08-26,2765,180,2860,2920,2755,472519
438,2019-08-27,2800,35,2805,2870,2775,249788
437,2019-08-28,2930,130,2815,3025,2800,607107
436,2019-08-29,2890,40,2940,2945,2850,164414
433,2019-08-30,2980,90,2940,2985,2915,158437
432,2019-09-02,3050,70,2945,3055,2945,210048
431,2019-09-03,3055,5,3030,3090,3030,201457
430,2019-09-04,3060,5,3050,3080,3000,113959
429,2019-09-05,3075,15,3075,3090,3035,201855
425,2019-09-06,3025,50,3075,3080,3010,198417
424,2019-09-09,3055,30,3315,3325,3055,1538076
423,2019-09-10,3125,70,3005,3160,3005,466438
422,2019-09-11,3165,40,3150,3190,3115,291735
421,2019-09-16,3205,40,3155,3225,3140,381061
418,2019-09-17,3270,65,3225,3285,3175,455675
417,2019-09-18,3295,25,3305,3355,3270,631860
416,2019-09-19,3380,85,3295,3425,3295,685934
415,2019-09-20,3410,30,3380,3430,3340,470213
414,2019-09-23,3570,160,3610,3840,3510,8039405
410,2019-09-24,3605,35,3570,3760,3520,3039927
409,2019-09-25,3350,255,3675,3685,3335,1962767
408,2019-09-26,3420,70,3380,3500,3380,658737
407,2019-09-27,3415,5,3405,3470,3385,427389
406,2019-09-30,3400,15,3455,3455,3295,611652
403,2019-10-01,3400,0,3400,3495,3360,651124
402,2019-10-02,3390,10,3400,3420,3365,283144
401,2019-10-04,3345,45,3380,3390,3325,288542
400,2019-10-07,3210,135,3310,3335,3190,510882
399,2019-10-08,3310,100,3195,3325,3195,333261
395,2019-10-10,3350,40,3305,3395,3275,375485
394,2019-10-11,3415,65,3350,3455,3330,429696
393,2019-10-14,3470,55,3445,3500,3420,441431
392,2019-10-15,3520,50,3455,3540,3420,515121
391,2019-10-16,3595,75,3550,3625,3520,842490
388,2019-10-17,3585,10,3590,3655,3555,586725
387,2019-10-18,3590,5,3590,3620,3555,376325
386,2019-10-21,3710,120,3940,3965,3670,3843862
385,2019-10-22,3635,75,3680,3685,3580,1023606
384,2019-10-23,3530,105,3615,3635,3530,688073
380,2019-10-24,3670,140,3520,3670,3510,756752
379,2019-10-25,3630,40,3650,3675,3575,404108
378,2019-10-28,3650,20,3630,3670,3590,311446
377,2019-10-29,3710,60,3780,3820,3670,1403407
376,2019-10-30,3705,5,3710,3735,3655,595980
373,2019-10-31,3890,185,3750,3890,3715,2052259
372,2019-11-01,3800,90,3960,4015,3780,2331924
371,2019-11-04,3810,10,3810,3810,3720,686982
370,2019-11-05,3770,40,3815,3815,3760,485004
369,2019-11-06,3785,15,3770,3820,3750,647213
365,2019-11-07,3725,60,3810,3810,3725,412853
364,2019-11-08,3735,10,3725,3760,3700,233755
363,2019-11-11,3690,45,3720,3735,3645,288918
362,2019-11-12,3690,0,3690,3715,3660,201212
361,2019-11-13,3785,95,3710,3800,3665,576018
358,2019-11-14,3755,30,3905,4145,3755,6616759
357,2019-11-15,3685,70,3660,3785,3660,1012859
356,2019-11-18,3765,80,3690,3840,3690,1091649
355,2019-11-19,3680,85,3760,3780,3670,585242
354,2019-11-20,3540,140,3695,3695,3535,573016
350,2019-11-21,3425,115,3550,3580,3415,513135
349,2019-11-22,3350,75,3390,3485,3335,535832
348,2019-11-25,3490,140,3360,3490,3360,243224
347,2019-11-26,3485,5,3485,3515,3460,236876
346,2019-11-27,3445,40,3490,3505,3420,211315
343,2019-11-28,3455,10,3430,3495,3425,227140
342,2019-11-29,3415,40,3430,3460,3410,216647
341,2019-12-02,3405,10,3405,3450,3380,158558
340,2019-12-03,3445,40,3390,3490,3380,221116
339,2019-12-04,3430,15,3410,3475,3405,184884
335,2019-12-05,3375,55,3425,3455,3345,264466
334,2019-12-06,3455,80,3340,3465,3340,229581
333,2019-12-09,3550,95,3500,3595,3490,539806
332,2019-12-10,3585,35,3675,3735,3540,1689912
331,2019-12-11,3510,75,3605,3630,3510,450218
328,2019-12-12,3545,35,3510,3565,3470,224049
327,2019-12-13,3620,75,3520,3620,3520,363023
326,2019-12-16,3625,5,3605,3645,3605,200185
325,2019-12-17,3590,35,3625,3635,3570,234937
324,2019-12-18,3610,20,3585,3625,3570,155856
320,2019-12-19,3630,20,3585,3640,3585,234647
319,2019-12-20,3630,0,3610,3655,3600,259588
318,2019-12-23,3645,15,3655,3680,3620,276549
317,2019-12-24,3575,70,3630,3655,3575,240300
316,2019-12-26,3610,35,3575,3615,3570,188256
313,2019-12-27,3630,20,3580,3635,3570,165840
312,2019-12-30,3650,20,3630,3665,3615,220743
311,2020-01-02,3720,70,3665,3725,3660,497703
310,2020-01-03,3780,60,3730,3780,3700,827076
309,2020-01-06,3660,120,3755,3830,3630,893972
305,2020-01-07,3735,75,3680,3770,3670,607137
304,2020-01-08,3600,135,3735,3745,3470,1332478
303,2020-01-09,3725,125,3745,3810,3680,1272548
302,2020-01-10,3770,45,3755,3790,3715,521356
301,2020-01-13,3810,40,3805,3825,3755,606087
298,2020-01-14,3785,25,3795,3810,3750,398055
297,2020-01-15,3865,80,3790,3885,3775,614427
296,2020-01-16,3930,65,3885,3980,3850,1421927
295,2020-01-17,3940,10,3940,4010,3880,727551
294,2020-01-20,4855,915,4075,4945,4070,38295242
290,2020-01-21,4900,45,5140,5420,4680,41844520
289,2020-01-22,5030,130,5120,5190,4825,9910465
288,2020-01-23,4775,255,4965,4965,4775,1964946
287,2020-01-28,6200,1425,5480,6200,5480,4827086
286,2020-01-29,6020,180,5970,6020,5840,3911039
283,2020-01-30,6790,770,6700,7250,6360,32080509
282,2020-01-31,8530,1740,7810,8820,7410,53702161
281,2020-02-03,6600,1930,8300,9470,6030,47602484
280,2020-02-04,6370,230,6830,6940,5910,45042111
279,2020-02-05,6740,370,6220,7390,6150,39407293
275,2020-02-06,6240,500,6950,7030,6060,18954765
274,2020-02-07,5840,400,6170,6420,5690,13528946
273,2020-02-10,5560,280,5900,5960,5510,9653136
272,2020-02-11,5570,10,5580,5650,5330,9081608
271,2020-02-12,4995,575,5360,5430,4950,9383208
268,2020-02-13,5090,95,5210,5730,4930,42503107
267,2020-02-14,5180,90,5090,5540,5090,14183522
266,2020-02-17,5230,50,5450,5500,5230,10442831
265,2020-02-18,5880,650,5170,6600,5120,56274777
264,2020-02-19,7640,1760,5880,7640,5830,68660028
260,2020-02-20,9190,1550,8170,9840,8110,84552227
259,2020-02-21,9020,170,10550,10700,8560,50206808
258,2020-02-24,7310,1710,9650,9850,7200,24469049
257,2020-02-25,7760,450,7440,8450,7370,29943005
256,2020-02-26,7110,650,7810,8170,6730,17368342
253,2020-02-27,6560,550,7170,7250,6180,11080255
252,2020-02-28,7500,940,6970,8080,6800,43429291
251,2020-03-02,7700,200,7710,8420,7500,15689592
250,2020-03-03,7970,270,7750,8290,7010,23640216
249,2020-03-04,8010,40,8280,8310,7760,10074075
245,2020-03-05,7530,480,7830,7970,7390,10000301
244,2020-03-06,8610,1080,7750,9350,7600,62025188
243,2020-03-09,8300,310,8900,9970,7920,51227535
242,2020-03-10,7820,480,8150,8960,7660,18037404
241,2020-03-11,7800,20,8100,8200,7570,12390325
238,2020-03-12,7930,130,8000,8350,7410,12768791
237,2020-03-13,6430,1500,7330,7560,6220,9146957
236,2020-03-16,5790,640,6530,6780,5770,8072536
235,2020-03-17,5390,400,5270,5860,5270,11127464
234,2020-03-18,5840,450,5460,6490,5390,34662606
230,2020-03-19,5210,630,6290,6550,5050,19776194
229,2020-03-20,5320,110,5350,5570,5210,7021052
228,2020-03-23,5450,130,5320,5750,5150,7316606
227,2020-03-24,5540,90,5510,5650,5410,7159008
226,2020-03-25,6170,630,5840,6500,5620,18658964
223,2020-03-26,6520,350,6350,6770,6230,15530267
222,2020-03-27,7600,1080,6720,8350,6540,61283766
221,2020-03-30,8200,600,7890,8780,7660,32863755
220,2020-03-31,8150,50,8290,8310,7630,16671873
219,2020-04-01,8010,140,8500,9150,7720,26048854
215,2020-04-02,8560,550,9100,9400,8280,25655944
214,2020-04-03,8620,60,8620,8700,7920,14922216
213,2020-04-06,8640,20,8470,9250,8380,28298627
212,2020-04-07,8220,420,8670,8840,8060,14987082
211,2020-04-08,8270,50,8230,9000,8180,22408071
208,2020-04-09,7960,310,8340,8520,7880,7198137
207,2020-04-10,7130,830,7980,8010,6800,6875185
206,2020-04-13,6680,450,7100,7370,6670,3791970
205,2020-04-14,7010,330,6730,7080,6720,3410321
204,2020-04-16,7150,140,7010,7400,6890,4601970
200,2020-04-17,7190,40,7200,7380,7110,3180721
199,2020-04-20,7350,160,7300,7800,7130,6826441
198,2020-04-21,7040,310,7230,7380,6520,4456429
197,2020-04-22,7230,190,6900,7390,6820,4074189
196,2020-04-23,7200,30,7260,7460,7170,4352027
193,2020-04-24,7310,110,7360,7880,7200,12813540
192,2020-04-27,7250,60,7400,7440,7240,2132798
191,2020-04-28,6990,260,7340,7340,6950,2252465
190,2020-04-29,7000,10,7000,7220,6830,2531499
189,2020-05-04,7160,160,6800,7300,6800,3243395
185,2020-05-06,7030,130,7160,7180,7010,1529018
184,2020-05-07,7010,20,6990,7400,6960,4214050
183,2020-05-08,7270,260,7080,7290,7050,3789551
182,2020-05-11,7600,330,7910,8060,7510,11661348
181,2020-05-12,7600,0,7730,7760,7310,5214571
178,2020-05-13,7650,50,7960,8120,7650,11360740
177,2020-05-14,8000,350,7620,8160,7610,9709348
176,2020-05-15,7680,320,8100,8110,7640,3904119
175,2020-05-18,7060,620,7110,7340,7050,4590454
174,2020-05-19,6780,280,6850,6920,6540,3866350
170,2020-05-20,6820,40,6810,6960,6810,1838326
169,2020-05-21,6690,130,6840,6880,6680,1693498
168,2020-05-22,6500,190,6560,6720,6360,2750481
167,2020-05-25,6850,350,6680,6860,6640,2765388
166,2020-05-26,6800,50,6950,6990,6730,2028515
163,2020-05-27,6760,40,6880,6900,6720,1575271
162,2020-05-28,6820,60,6790,6950,6540,2979618
161,2020-05-29,6750,70,6870,7100,6680,4212472
160,2020-06-01,6650,100,6740,6750,6610,1378297
159,2020-06-02,6640,10,6690,6760,6610,1473319
155,2020-06-03,6410,230,6660,6680,6380,1671480
154,2020-06-04,7490,1080,6440,8020,6370,33055516
153,2020-06-05,7080,410,7530,7560,7030,6833054
152,2020-06-08,7110,30,7140,7290,7010,3580350
151,2020-06-09,6810,300,7110,7150,6800,2322309
148,2020-06-10,6820,10,6760,6980,6660,2658310
147,2020-06-11,6690,130,6820,6940,6670,1158873
146,2020-06-12,6930,240,6740,7730,6740,37828587
145,2020-06-15,6310,620,7080,7230,6310,5416125
144,2020-06-16,6520,210,6500,6780,6460,3053878
140,2020-06-17,6650,130,6640,6750,6360,3538759
139,2020-06-18,6460,190,6560,6610,6450,1750065
138,2020-06-19,6380,80,6460,6600,6380,1565684
137,2020-06-22,6320,60,6450,6570,6310,1403789
136,2020-06-23,6090,230,6350,6440,6060,1410914
133,2020-06-24,6040,50,6090,6180,6020,1010439
132,2020-06-25,6220,180,6200,6550,6170,4021133
131,2020-06-26,6120,100,6200,6260,6070,1103701
130,2020-06-29,6090,30,6300,6350,6080,1188544
129,2020-06-30,6000,90,6040,6130,5940,1062667
125,2020-07-01,5820,180,6000,6040,5800,1028068
124,2020-07-02,5850,30,5780,5920,5750,689080
123,2020-07-03,6040,190,5890,6140,5850,1696276
122,2020-07-06,6140,100,6280,6340,6110,1535725
121,2020-07-07,6270,130,6050,6330,6020,2345087
118,2020-07-08,6320,50,6480,6650,6310,3729272
117,2020-07-09,6190,130,6310,6350,6170,904816
116,2020-07-10,6370,180,6190,6420,6180,2119848
115,2020-07-13,6300,70,6550,6560,6270,1574208
114,2020-07-14,6150,150,6290,6330,6110,1067474
110,2020-07-15,6090,60,6170,6240,6060,1115082
109,2020-07-16,6050,40,6080,6140,6010,672816
108,2020-07-17,6140,90,6060,6340,6060,2141951
107,2020-07-20,6430,290,6290,6480,6150,3451672
106,2020-07-21,6310,120,6550,6640,6290,3062621
103,2020-07-22,6240,70,6380,6390,6200,1029468
102,2020-07-23,6290,50,6260,6370,6170,1380282
101,2020-07-24,6140,150,6290,6290,6120,1003520
100,2020-07-27,6080,60,6140,6210,6060,774205
99,2020-07-28,5930,150,6100,6120,5920,886382
95,2020-07-29,5960,30,5880,6000,5870,595276
94,2020-07-30,5990,30,5960,6120,5920,875383
93,2020-07-31,5950,40,6030,6120,5940,640815
92,2020-08-03,6200,250,5950,6290,5940,2349847
91,2020-08-04,6140,60,6220,6250,6040,1344848
88,2020-08-05,6220,80,6320,6510,6160,4175205
87,2020-08-06,6160,60,6200,6300,6150,1046182
86,2020-08-07,6070,90,6160,6260,6070,931651
85,2020-08-10,6040,30,6070,6120,6040,528948
84,2020-08-11,6050,10,6030,6160,6030,672797
80,2020-08-12,5910,140,6050,6070,5910,583563
79,2020-08-13,5980,70,5960,6080,5960,521442
78,2020-08-14,5850,130,5980,6110,5790,1038177
77,2020-08-18,7600,1750,6170,7600,6110,46929720
76,2020-08-19,7850,250,7600,8540,7290,77770225
73,2020-08-20,9030,1180,8060,9740,8000,92431245
72,2020-08-21,8680,350,9100,9860,8210,39608084
71,2020-08-24,8870,190,9300,9700,8700,17212066
70,2020-08-25,8630,240,8880,9060,8490,10866314
69,2020-08-26,8420,210,8750,9050,8320,16166164
65,2020-08-27,8550,130,8620,8850,8350,11414484
64,2020-08-28,8570,20,8410,8800,8300,10171094
63,2020-08-31,8390,180,8420,8750,8310,5487944
62,2020-09-01,7850,540,8430,8460,7850,4819544
61,2020-09-02,7750,100,7920,8060,7690,3573185
58,2020-09-03,7600,150,7750,7850,7560,2653958
57,2020-09-04,7340,260,7380,7510,7280,2177778
56,2020-09-07,7200,140,7350,7490,7200,1798570
55,2020-09-08,7170,30,7230,7400,7110,2187668
54,2020-09-09,6960,210,7130,7430,6930,3086675
50,2020-09-10,7160,200,7040,7230,6980,1831981
49,2020-09-11,7110,50,7240,7390,7070,2415777
48,2020-09-14,7140,30,7160,7350,6960,1819859
47,2020-09-15,7070,70,7200,7210,7050,929544
46,2020-09-16,6940,130,7060,7140,6940,975308
43,2020-09-17,7160,220,7000,7480,6810,6922005
42,2020-09-18,6870,290,7130,7160,6860,1625339
41,2020-09-21,6450,420,6820,7050,6430,1851380
40,2020-09-22,6250,200,6410,6530,6200,1241403
39,2020-09-23,6230,20,6270,6420,6120,781117
35,2020-09-24,6050,180,6100,6290,6050,1033813
34,2020-09-25,6090,40,6130,6250,6060,824115
33,2020-09-28,6280,190,6170,6310,6150,538996
32,2020-09-29,6430,150,6320,6450,6270,760200
31,2020-10-05,6450,20,6740,6840,6450,2234129
28,2020-10-06,6640,190,6530,6750,6480,2008368
27,2020-10-07,6660,20,6840,6980,6650,2324808
26,2020-10-08,6480,180,6700,6730,6460,742090
25,2020-10-12,6300,180,6470,6480,6200,863010
24,2020-10-13,6360,60,6330,6410,6250,641384
20,2020-10-14,6460,100,6340,6590,6340,822386
19,2020-10-15,6190,270,6440,6500,6150,875868
18,2020-10-16,6080,110,6170,6230,6000,620646
17,2020-10-19,6040,40,6010,6200,6010,385963
16,2020-10-20,6650,610,6000,7540,6000,38724972
13,2020-10-21,6520,130,6730,7170,6520,10958413
12,2020-10-22,6930,410,6620,7100,6570,11259996
11,2020-10-23,6590,340,6940,7050,6560,4106477
10,2020-10-26,6250,340,6560,6850,6240,2361719
9,2020-10-27,6320,70,6250,6680,6210,2604775
5,2020-10-28,6310,10,6330,6410,6290,998877
4,2020-10-29,6690,380,6360,7330,6330,18438992
3,2020-10-30,6860,170,6690,6950,6560,4970449
2,2020-11-02,6690,170,7040,7130,6660,4134512
1,2020-11-03,6710,20,6800,6890,6690,1966663
