,date,close,diff,open,high,low,volume
448,2019-08-16,904,23,916,928,900,320006
447,2019-08-19,938,34,904,955,904,421160
446,2019-08-20,955,17,950,958,939,191902
445,2019-08-21,956,1,951,965,936,376673
444,2019-08-22,958,2,977,1000,954,1062015
440,2019-08-23,946,12,956,959,943,229010
439,2019-08-26,910,36,919,936,909,249729
438,2019-08-27,937,27,945,969,930,662258
437,2019-08-28,935,2,934,943,930,235707
436,2019-08-29,914,21,932,938,913,222287
433,2019-08-30,933,19,919,945,914,215368
432,2019-09-02,956,23,927,960,927,359214
431,2019-09-03,964,8,961,968,950,289079
430,2019-09-04,988,24,959,994,958,440891
429,2019-09-05,1000,12,988,1025,984,783911
425,2019-09-06,992,8,1005,1005,989,247275
424,2019-09-09,1005,13,992,1025,990,723118
423,2019-09-10,1040,35,1005,1045,1005,739639
422,2019-09-11,1045,5,1025,1055,1020,392342
421,2019-09-16,1025,20,1050,1050,1000,369176
418,2019-09-17,1020,5,1030,1035,1000,291153
417,2019-09-18,1010,10,1025,1030,1005,235053
416,2019-09-19,1025,15,1020,1035,1015,274736
415,2019-09-20,1025,0,1035,1040,1015,377081
414,2019-09-23,1035,10,1035,1035,1020,281100
410,2019-09-24,1030,5,1020,1035,1020,202756
409,2019-09-25,997,33,1015,1020,994,670792
408,2019-09-26,999,2,1000,1010,995,361674
407,2019-09-27,983,16,985,997,970,310678
406,2019-09-30,983,0,983,994,965,262222
403,2019-10-01,999,16,1045,1045,976,911424
402,2019-10-02,996,3,985,1010,985,183614
401,2019-10-04,977,19,1000,1000,976,276447
400,2019-10-07,950,27,971,977,940,455750
399,2019-10-08,962,12,950,967,934,490749
395,2019-10-10,961,1,962,976,954,135799
394,2019-10-11,947,14,970,970,947,195624
393,2019-10-14,948,1,952,959,942,175860
392,2019-10-15,958,10,946,958,946,145558
391,2019-10-16,980,22,958,981,958,209378
388,2019-10-17,987,7,972,993,972,149336
387,2019-10-18,985,2,994,1005,982,203984
386,2019-10-21,963,22,985,996,961,197429
385,2019-10-22,959,4,978,980,951,144605
384,2019-10-23,938,21,953,958,938,335669
380,2019-10-24,932,6,938,949,924,199023
379,2019-10-25,922,10,926,930,917,163309
378,2019-10-28,943,21,959,994,932,571798
377,2019-10-29,930,13,944,944,924,332185
376,2019-10-30,921,9,930,933,921,264003
373,2019-10-31,931,10,922,932,922,164496
372,2019-11-01,942,11,931,969,927,678101
371,2019-11-04,950,8,961,983,946,576476
370,2019-11-05,935,15,941,954,935,372647
369,2019-11-06,935,0,938,944,929,271772
365,2019-11-07,931,4,934,940,927,213799
364,2019-11-08,933,2,932,940,929,209769
363,2019-11-11,955,22,939,967,933,436148
362,2019-11-12,948,7,959,959,941,225429
361,2019-11-13,960,12,960,963,950,245759
358,2019-11-14,956,4,959,969,954,296525
357,2019-11-15,953,3,955,961,946,186150
356,2019-11-18,955,2,956,960,947,199619
355,2019-11-19,942,13,948,954,942,162449
354,2019-11-20,917,25,942,950,915,395807
350,2019-11-21,896,21,905,925,891,495793
349,2019-11-22,895,1,892,904,856,287619
348,2019-11-25,896,1,890,904,890,84690
347,2019-11-26,916,20,904,916,892,151210
346,2019-11-27,902,14,925,926,899,161897
343,2019-11-28,893,9,902,910,886,199658
342,2019-11-29,883,10,888,897,882,188442
341,2019-12-02,876,7,882,893,875,96216
340,2019-12-03,862,14,863,874,860,289114
339,2019-12-04,868,6,862,877,859,181880
335,2019-12-05,851,17,874,887,851,259942
334,2019-12-06,847,4,849,859,841,310502
333,2019-12-09,843,4,840,856,837,168256
332,2019-12-10,843,0,843,850,839,120596
331,2019-12-11,846,3,845,851,840,131678
328,2019-12-12,860,14,842,866,842,150726
327,2019-12-13,870,10,859,872,859,162492
326,2019-12-16,888,18,885,895,876,329472
325,2019-12-17,883,5,888,896,882,137747
324,2019-12-18,881,2,883,890,877,140742
320,2019-12-19,876,5,881,883,865,226139
319,2019-12-20,875,1,876,882,865,65034
318,2019-12-23,868,7,888,888,866,194303
317,2019-12-24,842,26,865,879,837,304116
316,2019-12-26,849,7,842,852,842,145864
313,2019-12-27,862,13,853,866,848,189616
312,2019-12-30,872,10,862,878,858,152467
311,2020-01-02,882,10,874,887,873,196581
310,2020-01-03,880,2,887,887,876,186087
309,2020-01-06,873,7,876,878,864,182075
305,2020-01-07,873,0,873,884,872,95910
304,2020-01-08,830,43,882,882,825,519305
303,2020-01-09,871,41,845,871,845,311752
302,2020-01-10,894,23,869,895,869,420837
301,2020-01-13,909,15,894,914,887,293587
298,2020-01-14,907,2,915,915,901,152725
297,2020-01-15,929,22,920,948,905,851431
296,2020-01-16,923,6,930,934,919,167159
295,2020-01-17,912,11,921,924,906,214414
294,2020-01-20,902,10,918,918,901,196755
290,2020-01-21,887,15,900,909,884,146388
289,2020-01-22,900,13,884,905,884,209522
288,2020-01-23,894,6,905,905,887,92094
287,2020-01-28,864,30,870,893,852,207331
286,2020-01-29,863,1,872,872,854,163602
283,2020-01-30,834,29,863,868,800,386187
282,2020-01-31,793,41,839,842,793,469525
281,2020-02-03,793,0,791,803,771,245985
280,2020-02-04,820,27,794,821,794,85107
279,2020-02-05,844,24,820,848,820,309923
275,2020-02-06,890,46,885,1030,879,13079932
274,2020-02-07,852,38,887,901,850,1664193
273,2020-02-10,861,9,862,875,855,716253
272,2020-02-11,858,3,855,865,853,639692
271,2020-02-12,859,1,859,870,856,741719
268,2020-02-13,856,3,862,870,854,439626
267,2020-02-14,852,4,863,863,849,299314
266,2020-02-17,842,10,850,850,837,414696
265,2020-02-18,833,9,839,845,830,247992
264,2020-02-19,824,9,833,841,821,152777
260,2020-02-20,806,18,822,832,804,428777
259,2020-02-21,787,19,807,807,786,496703
258,2020-02-24,750,37,776,776,750,608343
257,2020-02-25,768,18,745,775,741,401186
256,2020-02-26,750,18,760,764,743,355478
253,2020-02-27,732,18,751,763,729,398114
252,2020-02-28,688,44,717,730,680,830935
251,2020-03-02,715,27,690,717,688,560396
250,2020-03-03,726,11,721,753,721,551587
249,2020-03-04,743,17,730,746,722,374453
245,2020-03-05,751,8,746,759,746,484000
244,2020-03-06,727,24,748,750,720,407455
243,2020-03-09,691,36,720,723,684,502985
242,2020-03-10,680,11,683,690,658,652161
241,2020-03-11,669,11,680,685,643,686079
238,2020-03-12,595,74,651,653,586,1246857
237,2020-03-13,537,58,551,551,456,2185626
236,2020-03-16,504,33,538,578,504,1275341
235,2020-03-17,505,1,465,511,460,1112019
234,2020-03-18,470,35,509,520,470,667478
230,2020-03-19,394,76,472,488,374,1964480
229,2020-03-20,430,36,394,439,393,1654316
228,2020-03-23,413,17,402,426,397,715582
227,2020-03-24,440,27,417,440,413,429226
226,2020-03-25,477,37,447,479,447,594200
223,2020-03-26,508,31,482,520,478,739371
222,2020-03-27,500,8,521,526,484,633106
221,2020-03-30,492,8,490,495,476,596951
220,2020-03-31,505,13,512,518,497,788622
219,2020-04-01,504,1,505,533,498,750603
215,2020-04-02,515,11,504,517,498,233318
214,2020-04-03,520,5,515,527,510,423507
213,2020-04-06,541,21,539,541,522,640442
212,2020-04-07,588,47,565,591,550,1108204
211,2020-04-08,590,2,586,604,569,702819
208,2020-04-09,620,30,600,620,600,896149
207,2020-04-10,611,9,632,632,585,472651
206,2020-04-13,588,23,610,610,586,427828
205,2020-04-14,604,16,593,610,592,221868
204,2020-04-16,623,19,606,627,605,734836
200,2020-04-17,639,16,643,644,626,417247
199,2020-04-20,639,0,640,647,631,430030
198,2020-04-21,616,23,639,639,590,1011067
197,2020-04-22,618,2,615,618,598,228732
196,2020-04-23,622,4,622,640,617,470883
193,2020-04-24,615,7,620,633,611,334378
192,2020-04-27,627,12,621,635,617,235961
191,2020-04-28,617,10,639,639,615,416593
190,2020-04-29,618,1,617,625,616,172964
189,2020-05-04,620,2,627,628,612,198749
185,2020-05-06,633,13,620,637,620,492353
184,2020-05-07,655,22,634,661,633,722164
183,2020-05-08,680,25,666,688,666,1131089
182,2020-05-11,663,17,686,686,660,361980
181,2020-05-12,647,16,660,665,637,452042
178,2020-05-13,641,6,640,642,627,368648
177,2020-05-14,622,19,640,645,622,387016
176,2020-05-15,624,2,627,628,610,375410
175,2020-05-18,615,9,624,629,611,335456
174,2020-05-19,658,43,624,680,620,1681748
170,2020-05-20,658,0,653,667,643,722679
169,2020-05-21,662,4,660,680,657,1027028
168,2020-05-22,672,10,679,679,654,783558
167,2020-05-25,675,3,671,682,669,375483
166,2020-05-26,666,9,680,680,662,391340
163,2020-05-27,667,1,666,676,663,441009
162,2020-05-28,658,9,674,674,642,418184
161,2020-05-29,659,1,644,662,640,280375
160,2020-06-01,672,13,659,675,652,651919
159,2020-06-02,677,5,673,683,666,508637
155,2020-06-03,672,5,680,690,666,469070
154,2020-06-04,674,2,678,679,666,356840
153,2020-06-05,700,26,674,715,674,1442335
152,2020-06-08,695,5,710,711,692,564123
151,2020-06-09,691,4,710,710,687,329526
148,2020-06-10,676,15,690,692,673,309262
147,2020-06-11,668,8,679,679,661,409413
146,2020-06-12,642,26,650,650,626,560519
145,2020-06-15,595,47,643,644,581,513940
144,2020-06-16,621,26,599,630,599,232378
140,2020-06-17,620,1,615,628,612,183201
139,2020-06-18,618,2,619,630,615,140573
138,2020-06-19,620,2,627,627,611,156926
137,2020-06-22,625,5,616,629,616,137425
136,2020-06-23,616,9,645,645,612,231417
133,2020-06-24,640,24,618,642,613,414771
132,2020-06-25,628,12,634,635,621,125246
131,2020-06-26,620,8,627,638,614,190246
130,2020-06-29,605,15,606,620,603,216374
129,2020-06-30,627,22,606,628,603,312938
125,2020-07-01,624,3,620,633,620,92253
124,2020-07-02,635,11,624,637,618,204513
123,2020-07-03,641,6,640,641,625,172523
122,2020-07-06,631,10,646,646,627,224859
121,2020-07-07,631,0,641,641,626,267686
118,2020-07-08,637,6,633,640,631,154617
117,2020-07-09,678,41,642,733,633,4214614
116,2020-07-10,672,6,670,694,650,554935
115,2020-07-13,679,7,672,693,672,458715
114,2020-07-14,688,9,683,688,670,259379
110,2020-07-15,695,7,686,706,686,612283
109,2020-07-16,671,24,704,704,670,367972
108,2020-07-17,672,1,671,686,665,222601
107,2020-07-20,687,15,672,688,671,309964
106,2020-07-21,732,45,693,740,693,1419409
103,2020-07-22,712,20,739,747,712,794016
102,2020-07-23,697,15,715,730,695,318028
101,2020-07-24,691,6,697,697,677,319367
100,2020-07-27,700,9,685,710,685,168125
99,2020-07-28,702,2,700,719,693,124103
95,2020-07-29,695,7,705,707,693,185659
94,2020-07-30,697,2,703,703,684,182155
93,2020-07-31,703,6,695,732,686,825154
92,2020-08-03,688,15,712,713,687,327834
91,2020-08-04,689,1,691,698,681,160720
88,2020-08-05,690,1,688,699,675,386158
87,2020-08-06,679,11,694,694,676,310817
86,2020-08-07,679,0,680,687,665,547020
85,2020-08-10,677,2,678,680,663,306194
84,2020-08-11,678,1,677,683,674,131692
80,2020-08-12,667,11,680,680,663,230667
79,2020-08-13,704,37,675,708,666,386767
78,2020-08-14,690,14,704,704,675,443135
77,2020-08-18,657,33,697,697,655,463677
76,2020-08-19,650,7,657,669,641,289187
73,2020-08-20,625,25,670,670,621,374923
72,2020-08-21,628,3,620,652,620,220846
71,2020-08-24,625,3,646,646,616,183881
70,2020-08-25,633,8,624,635,618,240800
69,2020-08-26,666,33,632,699,631,1353162
65,2020-08-27,658,8,667,680,643,739433
64,2020-08-28,668,10,653,670,652,246215
63,2020-08-31,692,24,678,697,661,736388
62,2020-09-01,725,33,694,828,694,10083737
61,2020-09-02,726,1,727,736,710,1365459
58,2020-09-03,726,0,727,732,714,574533
57,2020-09-04,732,6,704,791,695,2242539
56,2020-09-07,762,30,752,775,739,1191955
55,2020-09-08,782,20,774,811,764,2798892
54,2020-09-09,814,32,784,826,777,1430694
50,2020-09-10,815,1,814,827,800,768005
49,2020-09-11,819,4,815,850,811,970412
48,2020-09-14,829,10,824,835,819,528701
47,2020-09-15,819,10,830,834,809,482081
46,2020-09-16,847,28,816,870,816,2211186
43,2020-09-17,829,18,867,873,824,888601
42,2020-09-18,759,70,829,834,747,2162857
41,2020-09-21,740,19,766,768,700,1239783
40,2020-09-22,755,15,730,770,702,1047478
39,2020-09-23,726,29,779,779,715,720552
35,2020-09-24,701,25,717,717,685,1164304
34,2020-09-25,693,8,703,712,689,518756
33,2020-09-28,714,21,699,718,689,733459
32,2020-09-29,716,2,714,725,709,505785
31,2020-10-05,714,2,727,727,700,359990
28,2020-10-06,713,1,715,724,706,316569
27,2020-10-07,720,7,722,722,709,498620
26,2020-10-08,724,4,722,729,717,348366
25,2020-10-12,730,6,725,731,719,468387
24,2020-10-13,724,6,732,740,717,363243
20,2020-10-14,740,16,724,748,717,611884
19,2020-10-15,715,25,740,740,707,536103
18,2020-10-16,707,8,719,733,702,249004
17,2020-10-19,707,0,718,726,671,501851
16,2020-10-20,695,12,710,717,675,243199
13,2020-10-21,701,6,699,707,689,280524
12,2020-10-22,714,13,709,769,700,3212009
11,2020-10-23,716,2,728,731,705,464605
10,2020-10-26,687,29,716,721,687,601994
9,2020-10-27,684,3,687,703,677,348992
5,2020-10-28,690,6,685,703,685,266023
4,2020-10-29,686,4,680,694,675,570129
3,2020-10-30,684,2,684,699,683,190697
2,2020-11-02,691,7,710,710,684,122270
1,2020-11-03,702,11,705,708,691,178854
