,date,close,diff,open,high,low,volume
448,2019-08-16,3580,70,3610,3625,3515,45199
447,2019-08-19,3590,10,3560,3610,3560,19151
446,2019-08-20,3685,95,3590,3695,3590,31076
445,2019-08-21,3710,25,3685,3770,3610,40160
444,2019-08-22,3785,75,3680,3820,3680,40051
440,2019-08-23,3775,10,3780,3815,3730,57565
439,2019-08-26,3610,165,3700,3735,3590,47713
438,2019-08-27,3660,50,3615,3730,3615,22264
437,2019-08-28,3700,40,3700,3720,3605,41595
436,2019-08-29,3635,65,3690,3750,3585,29757
433,2019-08-30,3675,40,3665,3675,3590,49194
432,2019-09-02,3675,0,3705,3705,3635,33856
431,2019-09-03,3655,20,3690,3695,3640,22309
430,2019-09-04,3720,65,3635,3790,3620,32407
429,2019-09-05,3780,60,3735,3785,3675,33079
425,2019-09-06,3805,25,3790,3830,3715,31103
424,2019-09-09,3770,35,3800,3810,3745,24778
423,2019-09-10,3765,5,3800,3800,3710,19783
422,2019-09-11,3760,5,3765,3845,3745,26395
421,2019-09-16,3750,10,3760,3800,3745,22221
418,2019-09-17,3785,35,3775,3810,3745,13617
417,2019-09-18,3805,20,3780,3815,3750,14096
416,2019-09-19,3860,55,3805,3910,3790,69376
415,2019-09-20,3855,5,3885,3885,3825,12023
414,2019-09-23,3820,35,3855,3855,3820,9952
410,2019-09-24,3910,90,3820,3910,3790,90769
409,2019-09-25,3840,70,4130,4145,3780,198823
408,2019-09-26,3770,70,3855,3870,3750,27413
407,2019-09-27,3765,5,3770,3800,3685,22378
406,2019-09-30,3715,50,3765,3765,3645,22232
403,2019-10-01,3760,45,3715,3765,3695,20792
402,2019-10-02,3680,80,3740,3755,3660,16852
401,2019-10-04,3655,25,3650,3715,3650,14723
400,2019-10-07,3615,40,3650,3700,3615,19707
399,2019-10-08,3615,0,3645,3645,3580,9395
395,2019-10-10,3620,5,3645,3645,3570,7780
394,2019-10-11,3615,5,3630,3635,3575,7327
393,2019-10-14,3660,45,3620,3750,3600,27682
392,2019-10-15,3700,40,3660,3745,3625,23518
391,2019-10-16,3680,20,3745,3745,3680,11504
388,2019-10-17,3660,20,3680,3700,3645,19591
387,2019-10-18,3695,35,3700,3740,3650,20839
386,2019-10-21,3690,5,3670,3695,3600,30876
385,2019-10-22,3755,65,3690,3755,3625,62312
384,2019-10-23,3650,105,3850,4035,3620,144169
380,2019-10-24,3715,65,3695,3720,3625,22282
379,2019-10-25,3740,25,3755,3755,3655,19284
378,2019-10-28,3735,5,3720,3750,3680,24810
377,2019-10-29,3730,5,3730,3735,3655,17269
376,2019-10-30,3690,40,3730,3730,3660,14312
373,2019-10-31,3640,50,3725,3725,3585,37911
372,2019-11-01,3680,40,3635,3685,3635,9141
371,2019-11-04,3685,5,3700,3700,3625,8638
370,2019-11-05,3675,10,3685,3685,3645,5752
369,2019-11-06,3685,10,3730,3755,3650,7301
365,2019-11-07,3720,35,3735,3735,3655,18839
364,2019-11-08,3690,30,3680,3750,3650,13455
363,2019-11-11,3700,10,3740,3750,3680,7921
362,2019-11-12,3720,20,3700,3750,3685,8920
361,2019-11-13,3695,25,3735,3735,3665,6198
358,2019-11-14,3625,70,3720,3720,3625,19544
357,2019-11-15,3620,5,3640,3695,3590,18395
356,2019-11-18,3600,20,3620,3685,3540,20470
355,2019-11-19,3525,75,3600,3640,3520,34958
354,2019-11-20,3525,0,3525,3585,3485,18304
350,2019-11-21,3440,85,3525,3525,3415,23077
349,2019-11-22,3380,60,3400,3445,3335,22031
348,2019-11-25,3465,85,3475,3475,3385,8145
347,2019-11-26,3450,15,3435,3495,3420,29113
346,2019-11-27,3450,0,3445,3490,3430,4657
343,2019-11-28,3450,0,3450,3495,3420,3854
342,2019-11-29,3425,25,3450,3450,3345,22001
341,2019-12-02,3360,65,3480,3480,3360,19230
340,2019-12-03,3465,105,3345,3495,3335,26541
339,2019-12-04,3405,60,3465,3480,3400,8426
335,2019-12-05,3480,75,3385,3510,3385,19162
334,2019-12-06,3560,80,3480,3845,3480,174986
333,2019-12-09,3565,5,3575,3600,3500,41972
332,2019-12-10,3515,50,3560,3560,3515,16738
331,2019-12-11,3510,5,3510,3600,3495,10821
328,2019-12-12,3550,40,3485,3570,3485,7870
327,2019-12-13,3575,25,3550,3600,3510,10945
326,2019-12-16,3555,20,3535,3570,3530,3806
325,2019-12-17,3570,15,3520,3595,3500,4819
324,2019-12-18,3640,70,3570,3665,3570,23303
320,2019-12-19,3680,40,3635,3710,3600,35683
319,2019-12-20,3675,5,3680,3720,3625,17173
318,2019-12-23,3660,15,3670,3670,3610,22305
317,2019-12-24,3645,15,3620,3715,3600,9175
316,2019-12-26,3650,5,3645,3670,3605,8519
313,2019-12-27,3695,45,3600,3700,3595,10010
312,2019-12-30,3655,40,3700,3730,3550,4803
311,2020-01-02,3680,25,3650,3690,3650,20001
310,2020-01-03,3680,0,3685,3685,3650,14037
309,2020-01-06,3600,80,3700,3700,3550,7931
305,2020-01-07,3600,0,3650,3650,3590,4925
304,2020-01-08,3420,180,3550,3615,3420,31090
303,2020-01-09,3485,65,3500,3600,3470,7993
302,2020-01-10,3490,5,3515,3520,3480,3470
301,2020-01-13,3570,80,3495,3570,3435,18830
298,2020-01-14,3540,30,3620,3620,3530,19183
297,2020-01-15,3550,10,3540,3580,3495,12902
296,2020-01-16,3550,0,3550,3580,3500,25186
295,2020-01-17,3515,35,3550,3560,3500,20247
294,2020-01-20,3545,30,3580,3580,3510,7936
290,2020-01-21,3520,25,3545,3545,3500,14148
289,2020-01-22,3550,30,3560,3570,3505,11966
288,2020-01-23,3600,50,3550,3605,3525,18074
287,2020-01-28,3465,135,3540,3540,3390,20795
286,2020-01-29,3480,15,3465,3535,3400,14756
283,2020-01-30,3480,0,3480,3490,3405,18158
282,2020-01-31,3440,40,3480,3520,3405,21627
281,2020-02-03,3405,35,3440,3465,3340,23994
280,2020-02-04,3445,40,3405,3450,3395,17965
279,2020-02-05,3580,135,3450,3590,3450,30259
275,2020-02-06,3545,35,3585,3650,3400,43725
274,2020-02-07,3595,50,3545,3600,3545,15670
273,2020-02-10,3610,15,3595,3630,3560,9765
272,2020-02-11,3650,40,3610,3660,3580,24771
271,2020-02-12,3655,5,3650,3675,3615,15964
268,2020-02-13,3620,35,3650,3655,3600,5510
267,2020-02-14,3600,20,3600,3620,3540,23485
266,2020-02-17,3595,5,3610,3610,3570,10327
265,2020-02-18,3560,35,3570,3600,3560,8271
264,2020-02-19,3460,100,3580,3580,3435,39310
260,2020-02-20,3325,135,3480,3480,3285,58439
259,2020-02-21,3100,225,3315,3325,3065,85687
258,2020-02-24,3020,80,3035,3090,2955,57548
257,2020-02-25,3020,0,2940,3085,2940,25912
256,2020-02-26,3040,20,3000,3090,3000,5552
253,2020-02-27,3085,45,3095,3255,3015,65613
252,2020-02-28,2975,110,3085,3085,2900,46608
251,2020-03-02,2980,5,2975,3015,2920,11838
250,2020-03-03,3010,30,3105,3105,3000,13207
249,2020-03-04,3075,65,2990,3125,2990,9655
245,2020-03-05,3050,25,3075,3075,3025,5117
244,2020-03-06,3035,15,3040,3040,2985,10528
243,2020-03-09,2895,140,3000,3000,2825,31140
242,2020-03-10,2840,55,2890,2890,2725,26218
241,2020-03-11,2820,20,2840,2875,2730,31111
238,2020-03-12,2505,315,2720,2790,2505,85874
237,2020-03-13,2190,315,2155,2345,2085,95448
236,2020-03-16,2190,0,2125,2225,2125,28315
235,2020-03-17,2160,30,2010,2190,1900,31417
234,2020-03-18,2135,25,2140,2200,2070,16111
230,2020-03-19,1585,550,2090,2135,1570,84729
229,2020-03-20,1615,30,1600,1700,1545,115145
228,2020-03-23,1185,430,1430,1460,1185,501046
227,2020-03-24,1260,75,1200,1350,1200,214144
226,2020-03-25,1635,375,1390,1635,1270,643194
223,2020-03-26,1665,30,1855,1890,1660,397056
222,2020-03-27,1675,10,1745,1760,1550,135638
221,2020-03-30,1680,5,1605,1690,1560,86259
220,2020-03-31,1730,50,1770,1850,1645,229257
219,2020-04-01,1760,30,1735,1850,1710,144158
215,2020-04-02,1800,40,1815,1850,1745,88587
214,2020-04-03,1900,100,1815,1945,1815,115872
213,2020-04-06,2190,290,1945,2250,1900,356425
212,2020-04-07,2240,50,2235,2300,2190,132569
211,2020-04-08,2300,60,2225,2320,2220,55108
208,2020-04-09,2300,0,2305,2350,2265,151275
207,2020-04-10,2300,0,2330,2360,2100,160457
206,2020-04-13,2250,50,2300,2300,2200,37044
205,2020-04-14,2170,80,2220,2250,2120,81762
204,2020-04-16,2345,175,2195,2355,2130,194503
200,2020-04-17,2335,10,2390,2440,2235,89300
199,2020-04-20,2265,70,2355,2400,2265,50984
198,2020-04-21,2260,5,2230,2270,2100,120447
197,2020-04-22,2380,120,2190,2405,2150,82569
196,2020-04-23,2335,45,2430,2430,2300,51571
193,2020-04-24,2290,45,2385,2385,2280,13851
192,2020-04-27,2320,30,2290,2335,2275,30801
191,2020-04-28,2335,15,2320,2350,2295,1616199
190,2020-04-29,2535,200,2400,2920,2400,1560460
189,2020-05-04,2470,65,2500,2510,2390,165438
185,2020-05-06,2495,25,2470,2525,2445,37400
184,2020-05-07,2615,120,2495,2650,2470,127349
183,2020-05-08,2640,25,2670,2670,2565,48504
182,2020-05-11,2620,20,2615,2715,2545,88847
181,2020-05-12,2605,15,2620,2630,2425,79750
178,2020-05-13,2575,30,2490,2590,2485,57687
177,2020-05-14,2550,25,2540,2595,2485,31950
176,2020-05-15,2555,5,2550,2630,2525,15650
175,2020-05-18,2610,55,2580,2615,2470,30325
174,2020-05-19,2635,25,2610,2660,2580,14896
170,2020-05-20,2605,30,2635,2635,2570,33938
169,2020-05-21,2580,25,2600,2605,2550,60420
168,2020-05-22,2610,30,2570,2670,2540,66614
167,2020-05-25,2660,50,2585,2890,2585,390385
166,2020-05-26,2740,80,2700,2785,2590,145167
163,2020-05-27,2820,80,2740,2955,2700,105542
162,2020-05-28,2865,45,2855,2880,2620,105827
161,2020-05-29,2920,55,2865,2985,2790,96111
160,2020-06-01,2975,55,2985,2990,2895,73805
159,2020-06-02,2990,15,2945,3000,2885,78805
155,2020-06-03,3000,10,2990,3045,2910,35231
154,2020-06-04,2790,210,3000,3050,2790,108188
153,2020-06-05,2875,85,2790,2885,2790,23402
152,2020-06-08,2865,10,2840,3125,2830,374958
151,2020-06-09,2860,5,2840,2940,2790,47116
148,2020-06-10,2855,5,2835,2860,2765,34950
147,2020-06-11,2795,60,2845,2855,2750,34592
146,2020-06-12,2690,105,2740,2740,2595,126794
145,2020-06-15,2490,200,2690,2690,2455,57737
144,2020-06-16,2610,120,2490,2640,2490,31433
140,2020-06-17,2585,25,2610,2625,2525,25380
139,2020-06-18,2655,70,2585,2655,2560,20349
138,2020-06-19,2660,5,2675,2730,2625,7008
137,2020-06-22,2630,30,2690,2760,2560,24271
136,2020-06-23,2700,70,2570,2700,2570,39993
133,2020-06-24,2630,70,2750,2750,2625,16131
132,2020-06-25,2620,10,2680,2680,2590,3700
131,2020-06-26,2610,10,2610,2610,2560,24495
130,2020-06-29,2630,20,2595,2685,2570,7106
129,2020-06-30,2630,0,2630,2630,2580,10276
125,2020-07-01,2530,100,2630,2655,2525,12464
124,2020-07-02,2565,35,2535,2620,2525,13544
123,2020-07-03,2705,140,2565,2795,2530,79467
122,2020-07-06,2715,10,2735,2740,2650,41234
121,2020-07-07,2710,5,2760,3030,2685,350377
118,2020-07-08,2725,15,2760,2800,2685,33835
117,2020-07-09,2745,20,2760,2800,2695,21287
116,2020-07-10,2715,30,2655,2740,2630,21473
115,2020-07-13,2700,15,2715,2725,2625,38309
114,2020-07-14,2650,50,2700,2700,2600,48114
110,2020-07-15,2700,50,2650,2730,2650,67940
109,2020-07-16,2680,20,2735,2735,2655,30374
108,2020-07-17,2730,50,2680,2735,2675,20823
107,2020-07-20,2725,5,2735,2780,2655,30450
106,2020-07-21,2685,40,2725,2725,2630,87321
103,2020-07-22,2625,60,2670,2680,2620,14415
102,2020-07-23,2640,15,2625,2650,2535,56336
101,2020-07-24,2580,60,2560,2690,2530,73155
100,2020-07-27,2645,65,2570,2650,2570,14784
99,2020-07-28,2580,65,2705,2705,2565,36917
95,2020-07-29,2615,35,2650,2650,2575,12694
94,2020-07-30,2600,15,2615,2615,2565,27447
93,2020-07-31,2630,30,2600,2640,2600,13808
92,2020-08-03,2625,5,2630,2650,2590,17009
91,2020-08-04,2620,5,2635,2635,2530,9035
88,2020-08-05,2615,5,2580,2620,2540,23253
87,2020-08-06,2595,20,2600,2610,2520,50692
86,2020-08-07,2600,5,2595,2620,2545,16086
85,2020-08-10,2605,5,2600,2630,2550,11717
84,2020-08-11,2610,5,2570,2625,2570,15424
80,2020-08-12,2610,0,2680,2685,2580,14646
79,2020-08-13,2610,0,2610,2690,2570,19584
78,2020-08-14,2605,5,2610,2630,2570,24865
77,2020-08-18,2540,65,2605,2675,2485,81168
76,2020-08-19,2675,135,2565,2675,2455,71798
73,2020-08-20,2795,120,2690,2795,2595,173205
72,2020-08-21,2820,25,2795,2880,2650,103079
71,2020-08-24,2980,160,2770,3020,2770,114573
70,2020-08-25,3100,120,2975,3130,2935,132945
69,2020-08-26,3000,100,3060,3300,2825,468122
65,2020-08-27,3090,90,3295,3800,3060,1780658
64,2020-08-28,2880,210,3035,3055,2860,225770
63,2020-08-31,2755,125,2880,2915,2755,156662
62,2020-09-01,2745,10,2755,2795,2705,115787
61,2020-09-02,2780,35,2750,2790,2745,43209
58,2020-09-03,2860,80,2775,2875,2775,90332
57,2020-09-04,2885,25,2755,2910,2755,67116
56,2020-09-07,2915,30,2935,2940,2780,91551
55,2020-09-08,2895,20,2915,2940,2840,41522
54,2020-09-09,2810,85,2835,2890,2800,58424
50,2020-09-10,2900,90,2810,2900,2810,38526
49,2020-09-11,2925,25,2900,2970,2870,52806
48,2020-09-14,3325,400,2955,3800,2955,9035380
47,2020-09-15,3130,195,3290,3340,3110,776145
46,2020-09-16,3180,50,3130,3220,3095,672782
43,2020-09-17,3305,125,3770,4130,3300,6836114
42,2020-09-18,3190,115,3330,3400,3135,543579
41,2020-09-21,3220,30,3190,3285,3145,313380
40,2020-09-22,3045,175,3220,3220,3015,203053
39,2020-09-23,3010,35,3045,3140,2890,112997
35,2020-09-24,2890,120,3010,3010,2800,166599
34,2020-09-25,2910,20,2935,2965,2810,65233
33,2020-09-28,2870,40,2915,3000,2850,76791
32,2020-09-29,2930,60,2890,2955,2890,61987
31,2020-10-05,3055,125,2950,3075,2945,140104
28,2020-10-06,3285,230,3055,3495,3000,512277
27,2020-10-07,3320,35,3285,3350,3235,169531
26,2020-10-08,3320,0,3300,3360,3255,101922
25,2020-10-12,3300,20,3395,3395,3220,81562
24,2020-10-13,3220,80,3300,3340,3195,60060
20,2020-10-14,3170,50,3220,3255,3160,75796
19,2020-10-15,3250,80,3170,3265,3100,115359
18,2020-10-16,3155,95,3250,3300,3090,121520
17,2020-10-19,3155,0,3155,3215,3105,65025
16,2020-10-20,3435,280,3155,3470,3130,541578
13,2020-10-21,3465,30,3345,3480,3235,427250
12,2020-10-22,3240,225,3440,3440,3205,184083
11,2020-10-23,3265,25,3240,3365,3205,131142
10,2020-10-26,3260,5,3260,3435,3190,432031
9,2020-10-27,3000,260,3255,3255,2950,370637
5,2020-10-28,3035,35,2995,3065,2975,66438
4,2020-10-29,2965,70,3015,3015,2885,103176
3,2020-10-30,2930,35,2965,3020,2930,53048
2,2020-11-02,2910,20,2885,2970,2880,57767
1,2020-11-03,3005,95,2910,3005,2910,28587
