,date,close,diff,open,high,low,volume
448,2010-02-17,1615,50,1685,1690,1610,90038
447,2010-02-18,1670,55,1620,1710,1620,290430
446,2010-02-19,1920,250,1900,1920,1895,364988
445,2010-02-22,1865,55,1970,2030,1845,1399967
444,2010-02-23,1775,90,1780,1865,1720,554065
440,2010-02-24,1895,120,1760,1895,1725,555053
439,2010-02-25,1785,110,1855,1915,1755,373284
438,2010-02-26,1820,35,1780,1820,1705,144667
437,2010-03-02,1745,75,1830,1830,1745,168647
436,2010-03-03,1675,70,1755,1755,1640,185626
433,2010-03-04,1700,25,1675,1740,1645,138311
432,2010-03-05,1650,50,1740,1740,1640,91373
431,2010-03-08,1730,80,1650,1735,1625,177244
430,2010-03-09,1730,0,1735,1760,1695,104818
429,2010-03-10,1740,10,1710,1820,1690,245605
425,2010-03-11,1630,110,1730,1790,1630,178772
424,2010-03-12,1690,60,1675,1700,1625,133840
423,2010-03-15,1700,10,1690,1715,1635,84272
422,2010-03-16,1775,75,1700,1795,1660,193589
421,2010-03-17,1745,30,1750,1800,1725,175002
418,2010-03-18,1760,15,1750,1785,1730,120877
417,2010-03-19,1980,220,1785,1995,1770,745214
416,2010-03-22,2010,30,1880,2050,1825,580024
415,2010-03-23,1975,35,2050,2080,1920,318271
414,2010-03-24,2200,225,1965,2270,1940,806462
410,2010-03-25,1955,245,2095,2095,1955,358513
409,2010-03-26,2065,110,1945,2130,1905,208498
408,2010-03-29,2000,65,2025,2150,1980,163455
407,2010-03-30,2025,25,2015,2110,1975,230604
406,2010-03-31,1900,125,2090,2145,1900,252989
403,2010-04-01,1970,70,1950,1980,1900,112689
402,2010-04-02,1900,70,1950,2020,1870,104555
401,2010-04-05,1800,100,1945,1945,1675,140286
400,2010-04-06,1895,95,1800,1895,1790,70933
399,2010-04-07,1830,65,1845,1920,1755,145718
395,2010-04-08,1815,15,1780,1825,1750,76615
394,2010-04-09,1815,0,1820,1890,1770,52836
393,2010-04-12,1830,15,1800,1830,1745,71499
392,2010-04-13,1845,15,1825,1875,1810,39339
391,2010-04-14,1920,75,1835,1955,1820,184920
388,2010-04-15,1850,70,1900,1940,1815,63492
387,2010-04-16,1760,90,1860,1865,1745,95370
386,2010-04-19,1690,70,1750,1770,1690,46600
385,2010-04-20,1710,20,1670,1755,1670,76774
384,2010-04-21,1690,20,1735,1735,1680,59997
380,2010-04-22,1715,25,1715,1715,1650,52700
379,2010-04-23,1680,35,1745,1745,1660,22317
378,2010-04-26,1630,50,1650,1700,1600,94559
377,2010-04-27,1655,25,1635,1700,1620,66834
376,2010-04-28,1670,15,1650,1685,1620,118141
373,2010-04-29,1715,45,1655,1775,1655,176780
372,2010-04-30,1750,35,1750,1750,1685,97938
371,2010-05-03,1785,35,1700,1810,1700,58664
370,2010-05-04,1830,45,1755,1830,1730,300728
369,2010-05-06,1985,155,1820,2050,1790,630284
365,2010-05-07,2200,215,1960,2220,1905,659524
364,2010-05-10,2195,5,2155,2245,2150,322624
363,2010-05-11,2200,5,2200,2380,2195,381881
362,2010-05-12,2145,55,2205,2220,2000,517325
361,2010-05-13,2220,75,2145,2275,2020,359686
358,2010-05-14,2200,20,2270,2270,2130,254694
357,2010-05-17,2210,10,2200,2210,2090,359895
356,2010-05-18,2435,225,2205,2435,2170,753292
355,2010-05-19,2470,35,2450,2540,2350,508779
354,2010-05-20,2435,35,2410,2485,2310,290231
350,2010-05-24,2450,15,2435,2520,2430,180783
349,2010-05-25,2420,30,2450,2450,2085,286306
348,2010-05-26,2395,25,2350,2460,2290,193727
347,2010-05-27,2410,15,2405,2420,2315,115083
346,2010-05-28,2440,30,2405,2475,2375,134038
343,2010-05-31,2445,5,2470,2530,2435,221561
342,2010-06-01,2420,25,2405,2480,2370,81954
341,2010-06-03,2515,95,2410,2580,2385,482244
340,2010-06-04,2700,185,2530,2725,2530,541549
339,2010-06-07,2670,30,2610,2700,2540,193271
335,2010-06-08,2670,0,2670,2720,2560,210051
334,2010-06-09,2670,0,2670,2710,2580,245199
333,2010-06-10,2755,85,2695,2850,2620,318900
332,2010-06-11,2760,5,2830,2830,2685,174341
331,2010-06-14,2730,30,2760,2770,2710,100973
328,2010-06-15,2700,30,2800,2840,2640,259261
327,2010-06-16,2550,150,2700,2740,2550,515648
326,2010-06-17,2270,280,2565,2600,2170,924146
325,2010-06-18,2290,20,2270,2365,2225,301591
324,2010-06-21,2300,10,2350,2350,2235,58144
320,2010-06-22,2325,25,2330,2330,2220,99865
319,2010-06-23,2300,25,2320,2330,2270,68365
318,2010-06-24,2275,25,2250,2300,2210,133932
317,2010-06-25,2280,5,2215,2325,2215,113430
316,2010-06-28,2130,150,2280,2280,2050,98605
313,2010-06-29,2130,0,2105,2265,1980,180802
312,2010-06-30,2005,125,2130,2130,1945,274794
311,2010-07-01,2000,5,2000,2060,1790,334055
310,2010-07-02,1990,10,1750,1990,1700,840829
309,2010-07-05,2100,110,1980,2115,1800,318817
305,2010-07-06,2300,200,2005,2335,2005,722762
304,2010-07-07,2320,20,2300,2355,2250,342476
303,2010-07-08,2350,30,2330,2360,2250,188500
302,2010-07-09,2345,5,2375,2405,2260,240695
301,2010-07-12,2270,75,2315,2335,2215,29916
298,2010-07-13,2285,15,2250,2295,2170,160393
297,2010-07-14,2245,40,2260,2295,2190,210407
296,2010-07-15,2265,20,2245,2300,2200,140380
295,2010-07-16,2315,50,2250,2360,2245,187503
294,2010-07-19,2280,35,2280,2325,2155,151920
290,2010-07-20,2380,100,2280,2410,2200,357106
289,2010-07-21,2370,10,2385,2420,2225,371761
288,2010-07-22,2245,125,2425,2550,2110,1449989
287,2010-07-23,2195,50,2260,2260,2145,215985
286,2010-07-26,2060,135,2195,2195,1910,298311
283,2010-07-27,2100,40,2000,2100,2000,74452
282,2010-07-28,2055,45,2095,2130,2045,115557
281,2010-07-29,2000,55,2040,2065,1915,240811
280,2010-07-30,1875,125,2035,2085,1875,292604
279,2010-08-02,1595,280,1890,1905,1595,1040076
275,2010-08-03,1620,25,1595,1650,1465,342083
274,2010-08-04,1595,25,1630,1675,1490,169247
273,2010-08-05,1585,10,1595,1620,1560,68482
272,2010-08-06,1680,95,1600,1730,1570,198405
271,2010-08-09,1775,95,1680,1855,1680,216684
268,2010-08-10,1775,0,1805,1880,1705,200811
267,2010-08-11,1675,100,1850,1850,1630,142181
266,2010-08-12,1555,120,1685,1685,1450,207847
265,2010-08-13,1580,25,1515,1595,1485,171957
264,2010-08-16,1345,235,1500,1540,1345,862778
260,2010-08-17,1345,0,0,0,0,0
259,2010-08-18,1145,200,1145,1145,1145,12943
258,2010-08-19,975,170,975,1015,975,1606492
257,2010-08-20,935,40,955,985,935,387796
256,2010-08-23,965,30,910,995,900,344278
253,2010-08-24,915,50,965,965,915,170861
252,2010-08-25,870,45,880,880,830,281623
251,2010-08-26,740,130,845,845,740,342379
250,2010-08-27,740,0,0,0,0,0
249,2010-08-30,790,50,700,790,700,280207
245,2010-08-31,855,65,790,855,790,121707
244,2010-09-01,925,70,860,925,855,108493
243,2010-09-02,920,5,960,990,900,164310
242,2010-09-03,895,25,920,920,870,83323
241,2010-09-06,880,15,935,935,810,100631
238,2010-09-07,830,50,850,850,800,36817
237,2010-09-08,785,45,830,830,785,15224
236,2010-09-09,830,45,810,830,810,7098
235,2010-09-10,950,120,845,950,845,145300
234,2010-09-13,950,0,1085,1085,915,159443
230,2010-09-14,1000,50,960,1030,855,108851
229,2010-09-15,1075,75,1015,1075,1015,151774
228,2010-09-16,1130,55,1075,1140,1075,74664
227,2010-09-17,1080,50,1140,1140,1030,70323
226,2010-09-20,1050,30,1030,1070,1030,35866
223,2010-09-24,975,75,1005,1005,975,55632
222,2010-09-27,895,80,995,995,895,59282
221,2010-09-28,1025,130,895,1025,895,268120
220,2010-09-29,1065,40,1075,1075,1000,82873
219,2010-09-30,1040,25,1025,1040,1025,18290
215,2010-10-01,945,95,1040,1040,945,33317
214,2010-10-04,940,5,940,940,880,138715
213,2010-10-05,934,6,960,960,830,173877
212,2010-10-06,878,56,901,910,870,52762
211,2010-10-07,860,18,900,900,860,23222
208,2010-10-08,880,20,861,920,750,70995
207,2010-10-11,895,15,880,895,810,28236
206,2010-10-12,893,2,895,901,881,38247
205,2010-10-13,884,9,900,900,844,22844
204,2010-10-14,888,4,900,900,855,24161
200,2010-10-15,820,68,855,867,800,40256
199,2010-10-18,798,22,819,819,795,71294
198,2010-10-19,790,8,801,801,789,30265
197,2010-10-20,770,20,790,790,722,22382
196,2010-10-21,813,43,770,815,770,12848
193,2010-10-22,805,8,820,820,775,19435
192,2010-10-25,818,13,845,845,812,19181
191,2010-10-26,816,2,820,820,790,21995
190,2010-10-27,840,24,888,888,821,35602
189,2010-10-28,800,40,792,853,792,45392
185,2010-10-29,900,100,803,910,803,45472
184,2010-11-01,1015,115,944,1025,944,136531
183,2010-11-02,949,66,1050,1050,913,79655
182,2010-11-03,870,79,969,969,863,30312
181,2010-11-04,865,5,870,870,860,34930
178,2010-11-05,855,10,870,882,815,18222
177,2010-11-08,800,55,850,851,800,75922
176,2010-11-09,785,15,715,827,707,151442
175,2010-11-10,761,24,800,810,761,48113
174,2010-11-11,749,12,647,749,647,1025333
170,2010-11-12,638,111,700,729,638,163677
169,2010-11-15,668,30,624,673,592,171178
168,2010-11-16,660,8,668,668,625,106823
167,2010-11-17,630,30,679,679,630,34094
166,2010-11-18,630,0,648,648,630,59704
163,2010-11-19,634,4,632,665,632,40563
162,2010-11-22,600,34,655,655,600,32034
161,2010-11-23,611,11,600,624,600,54179
160,2010-11-24,605,6,588,655,588,39956
159,2010-11-25,601,4,619,619,600,65849
155,2010-11-26,541,60,601,601,511,27719
154,2010-11-29,580,39,541,580,541,64508
153,2010-11-30,522,58,542,549,521,97270
152,2010-12-01,500,22,530,540,497,69281
151,2010-12-02,480,20,500,501,480,140504
148,2010-12-03,408,72,426,500,408,764753
147,2010-12-06,351,57,385,400,351,408015
146,2010-12-07,330,21,351,351,321,261987
145,2010-12-08,330,0,334,379,330,385357
144,2010-12-09,370,40,311,370,311,449932
140,2010-12-10,425,55,395,425,395,424910
139,2010-12-13,423,2,450,450,423,383057
138,2010-12-14,375,48,400,400,373,344528
137,2010-12-15,405,30,385,405,385,108495
136,2010-12-16,400,5,420,444,400,124698
133,2010-12-17,358,42,376,399,357,233832
132,2010-12-20,320,38,393,393,307,149800
131,2010-12-21,368,48,350,368,329,146099
130,2010-12-22,360,8,367,367,345,83441
129,2010-12-23,334,26,380,380,334,117855
125,2010-12-24,384,50,384,384,384,16450
124,2010-12-27,401,17,440,440,401,149536
123,2010-12-28,461,60,400,461,400,202567
122,2010-12-29,499,38,510,528,460,202353
121,2010-12-30,425,74,425,425,425,43985
118,2011-01-03,435,10,400,435,362,634519
117,2011-01-04,400,35,485,500,390,899926
116,2011-01-05,377,23,399,399,373,162498
115,2011-01-06,382,5,377,390,377,73920
114,2011-01-07,380,2,393,394,377,52384
110,2011-01-10,388,8,375,388,374,67732
109,2011-01-11,375,13,392,392,373,90220
108,2011-01-12,370,5,375,376,361,105805
107,2011-01-13,350,20,362,363,350,159536
106,2011-01-14,325,25,359,359,325,274895
103,2011-01-17,320,5,334,342,277,153758
102,2011-01-18,324,4,324,324,305,125293
101,2011-01-19,324,0,0,0,0,0
100,2011-01-20,311,13,329,329,303,102698
99,2011-01-21,300,11,315,317,290,229794
95,2011-01-24,294,6,308,308,294,37764
94,2011-01-25,250,44,254,264,250,506268
93,2011-01-26,213,37,213,241,213,1401514
92,2011-01-27,188,25,203,203,185,1643894
91,2011-01-28,160,28,163,169,160,1526107
88,2011-01-31,184,24,167,184,167,304044
87,2011-02-01,172,12,187,190,171,981215
86,2011-02-07,164,8,188,188,162,407325
85,2011-02-08,166,2,172,174,160,462935
84,2011-02-09,162,4,164,164,157,665117
80,2011-02-10,186,24,185,186,185,291187
79,2011-02-11,172,14,186,194,169,1021764
78,2011-02-14,158,14,170,180,153,582365
77,2011-02-15,164,6,156,164,154,328699
76,2011-02-16,160,4,161,164,157,234321
73,2011-02-17,160,0,0,0,0,0
72,2011-02-18,160,0,0,0,0,0
71,2011-02-21,160,0,0,0,0,0
70,2011-02-22,160,0,0,0,0,0
69,2011-02-23,160,0,0,0,0,0
65,2011-02-24,160,0,0,0,0,0
64,2011-02-25,160,0,0,0,0,0
63,2011-02-28,160,0,0,0,0,0
62,2011-03-02,160,0,0,0,0,0
61,2011-03-03,160,0,0,0,0,0
58,2011-03-04,160,0,0,0,0,0
57,2011-03-07,160,0,0,0,0,0
56,2011-03-08,160,0,0,0,0,0
55,2011-03-09,160,0,0,0,0,0
54,2011-03-10,160,0,0,0,0,0
50,2011-03-11,160,0,0,0,0,0
49,2011-03-14,160,0,0,0,0,0
48,2011-03-15,160,0,0,0,0,0
47,2011-03-16,160,0,0,0,0,0
46,2011-03-17,160,0,0,0,0,0
43,2011-03-18,160,0,0,0,0,0
42,2011-03-21,160,0,0,0,0,0
41,2011-03-22,160,0,0,0,0,0
40,2011-03-23,160,0,0,0,0,0
39,2011-03-24,160,0,0,0,0,0
35,2011-03-25,160,0,0,0,0,0
34,2011-03-28,160,0,0,0,0,0
33,2011-03-29,160,0,0,0,0,0
32,2011-03-30,160,0,0,0,0,0
31,2011-03-31,160,0,0,0,0,0
28,2011-04-01,160,0,0,0,0,0
27,2011-04-04,160,0,0,0,0,0
26,2011-04-05,160,0,0,0,0,0
25,2011-04-06,160,0,0,0,0,0
24,2011-04-07,160,0,0,0,0,0
20,2011-04-08,160,0,0,0,0,0
19,2011-04-11,160,0,0,0,0,0
18,2011-04-12,160,0,0,0,0,0
17,2011-04-13,160,0,0,0,0,0
16,2011-04-14,160,0,0,0,0,0
13,2011-04-15,160,0,0,0,0,0
12,2011-04-18,160,0,0,0,0,0
11,2011-04-19,160,0,0,0,0,0
10,2011-04-20,24,136,20,31,18,3385634
9,2011-04-21,29,5,29,35,25,4265181
5,2011-04-22,40,11,36,53,35,3255440
4,2011-04-25,28,12,35,36,28,3572129
3,2011-04-26,17,11,23,23,17,4259807
2,2011-04-27,12,5,15,18,12,2416799
