,date,close,diff,open,high,low,volume
448,2019-08-16,4125,40,3970,4155,3970,78355
447,2019-08-19,4165,40,4120,4200,4045,57965
446,2019-08-20,4230,65,4170,4290,4170,67888
445,2019-08-21,4355,125,4230,4410,4175,185535
444,2019-08-22,4320,35,4355,4450,4270,136212
440,2019-08-23,4250,70,4375,4375,4220,75650
439,2019-08-26,4090,160,4135,4210,4025,77840
438,2019-08-27,4175,85,4150,4300,4120,72553
437,2019-08-28,4300,125,4260,4300,4185,85734
436,2019-08-29,4460,160,4335,4460,4260,386056
433,2019-08-30,4430,30,4660,4770,4380,488839
432,2019-09-02,4420,10,4390,4460,4305,112749
431,2019-09-03,4405,15,4370,4490,4350,60099
430,2019-09-04,4400,5,4450,4450,4340,90311
429,2019-09-05,4470,70,4420,4510,4395,113847
425,2019-09-06,4485,15,4500,4550,4430,77549
424,2019-09-09,4445,40,4500,4570,4325,52600
423,2019-09-10,4500,55,4445,4560,4390,125362
422,2019-09-11,4550,50,4780,5250,4550,3421057
421,2019-09-16,4690,140,4585,4760,4500,364422
418,2019-09-17,4810,120,4690,4970,4670,466849
417,2019-09-18,4855,45,4805,4915,4755,174951
416,2019-09-19,4780,75,4800,4885,4715,131858
415,2019-09-20,4815,35,4800,4830,4675,125983
414,2019-09-23,4920,105,4820,4960,4710,325157
410,2019-09-24,4865,55,4850,4940,4805,104922
409,2019-09-25,4635,230,4850,4850,4635,149208
408,2019-09-26,4585,50,4645,4750,4585,44682
407,2019-09-27,4620,35,4610,4690,4565,27738
406,2019-09-30,4500,120,4620,4630,4470,50924
403,2019-10-01,4520,20,4555,4605,4505,18541
402,2019-10-02,4400,120,4520,4660,4400,82477
401,2019-10-04,4290,110,4380,4450,4225,58432
400,2019-10-07,4170,120,4205,4285,4105,109099
399,2019-10-08,4275,105,4140,4280,4110,66505
395,2019-10-10,4135,140,4255,4270,4110,67550
394,2019-10-11,4200,65,4190,4200,4085,110669
393,2019-10-14,4265,65,4225,4335,4180,62088
392,2019-10-15,4250,15,4305,4310,4220,31540
391,2019-10-16,4250,0,4275,4305,4220,31882
388,2019-10-17,4220,30,4250,4275,4200,36341
387,2019-10-18,4245,25,4220,4290,4200,30817
386,2019-10-21,4150,95,4270,4285,4110,29047
385,2019-10-22,4150,0,4150,4210,4125,24096
384,2019-10-23,4070,80,4085,4165,4070,48308
380,2019-10-24,4095,25,4040,4150,3950,58767
379,2019-10-25,4085,10,4050,4160,4030,34440
378,2019-10-28,4065,20,4055,4150,4030,32560
377,2019-10-29,4185,120,4130,4185,4045,90215
376,2019-10-30,4090,95,4365,4500,4075,361357
373,2019-10-31,4060,30,4110,4135,4045,56996
372,2019-11-01,4020,40,4060,4080,3995,40318
371,2019-11-04,4075,55,4020,4100,4000,118549
370,2019-11-05,4080,5,4115,4145,4050,47076
369,2019-11-06,4150,70,4105,4150,4050,95961
365,2019-11-07,4110,40,4150,4150,4070,55128
364,2019-11-08,4160,50,4110,4185,4075,55282
363,2019-11-11,4090,70,4170,4200,4075,42302
362,2019-11-12,4075,15,4090,4100,4040,40617
361,2019-11-13,4010,65,4100,4100,3990,91966
358,2019-11-14,4040,30,4035,4040,3935,68520
357,2019-11-15,4005,35,3980,4070,3970,17981
356,2019-11-18,4000,5,4040,4070,3765,53967
355,2019-11-19,3865,135,3950,3990,3845,72173
354,2019-11-20,3855,10,3865,3945,3795,53040
350,2019-11-21,3705,150,3815,3900,3700,45238
349,2019-11-22,3760,55,3680,3800,3640,71276
348,2019-11-25,3880,120,3700,4020,3700,73084
347,2019-11-26,3915,35,3920,3980,3885,17705
346,2019-11-27,3980,65,3925,4030,3925,55886
343,2019-11-28,3930,50,3985,4040,3915,28443
342,2019-11-29,3880,50,3930,4010,3845,15378
341,2019-12-02,3740,140,3805,3895,3740,73913
340,2019-12-03,3575,165,3660,3735,3500,167397
339,2019-12-04,3370,205,3415,3550,3270,399323
335,2019-12-05,3325,45,3370,3425,3280,83525
334,2019-12-06,3350,25,3310,3360,3310,40097
333,2019-12-09,3360,10,3350,3395,3335,28460
332,2019-12-10,3370,10,3390,3395,3335,35350
331,2019-12-11,3375,5,3395,3395,3335,36585
328,2019-12-12,3460,85,3345,3540,3340,56374
327,2019-12-13,3480,20,3470,3550,3440,54862
326,2019-12-16,3500,20,3480,3530,3480,32268
325,2019-12-17,3485,15,3460,3555,3460,37249
324,2019-12-18,3485,0,3440,3500,3430,18559
320,2019-12-19,3485,0,3490,3505,3460,12426
319,2019-12-20,3485,0,3480,3520,3430,18762
318,2019-12-23,3400,85,3485,3485,3360,42359
317,2019-12-24,3290,110,3305,3405,3290,50784
316,2019-12-26,3320,30,3300,3375,3300,24075
313,2019-12-27,3330,10,3245,3365,3245,51048
312,2019-12-30,3400,70,3300,3415,3300,28859
311,2020-01-02,3425,25,3370,3450,3370,33303
310,2020-01-03,3435,10,3420,3470,3400,28662
309,2020-01-06,3400,35,3430,3430,3345,23621
305,2020-01-07,3375,25,3400,3420,3345,23504
304,2020-01-08,3250,125,3325,3375,3180,75222
303,2020-01-09,3305,55,3250,3345,3250,51090
302,2020-01-10,3410,105,3320,3435,3305,34585
301,2020-01-13,3490,80,3405,3535,3390,83264
298,2020-01-14,3490,0,3510,3540,3490,59135
297,2020-01-15,3530,40,3485,3550,3455,20052
296,2020-01-16,3515,15,3535,3565,3480,31606
295,2020-01-17,3480,35,3520,3520,3465,13897
294,2020-01-20,3385,95,3485,3485,3380,66477
290,2020-01-21,3360,25,3385,3405,3340,26506
289,2020-01-22,3395,35,3360,3420,3340,41214
288,2020-01-23,3750,355,3430,3975,3430,2393701
287,2020-01-28,3785,35,3690,3800,3635,436872
286,2020-01-29,3870,85,3825,3960,3760,473887
283,2020-01-30,3735,135,3890,3940,3670,252112
282,2020-01-31,3595,140,3675,3730,3595,166369
281,2020-02-03,3470,125,3530,3575,3420,119335
280,2020-02-04,4510,1040,3490,4510,3490,4240522
279,2020-02-05,5070,560,5310,5460,4850,7380189
275,2020-02-06,5080,10,5190,5360,4995,2676737
274,2020-02-07,5240,160,5000,5240,5000,563780
273,2020-02-10,5180,60,5190,5260,5120,361863
272,2020-02-11,5440,260,5250,5440,5240,764503
271,2020-02-12,5240,200,5350,5490,5150,1187314
268,2020-02-13,4810,430,5210,5210,4705,1229470
267,2020-02-14,4800,10,4820,5090,4775,1127194
266,2020-02-17,4770,30,4730,4800,4535,577960
265,2020-02-18,4600,170,4815,4835,4565,290267
264,2020-02-19,4800,200,4700,4825,4585,421800
260,2020-02-20,4610,190,4790,4900,4515,620678
259,2020-02-21,4285,325,4475,4555,4150,508553
258,2020-02-24,4110,175,4220,4380,4105,242178
257,2020-02-25,4200,90,4120,4270,4015,253119
256,2020-02-26,4310,110,4100,4370,4100,184266
253,2020-02-27,4015,295,4295,4335,4010,189082
252,2020-02-28,3840,175,4010,4010,3780,224051
251,2020-03-02,4020,180,3800,4030,3795,179773
250,2020-03-03,4000,20,4155,4200,4000,163910
249,2020-03-04,4220,220,3905,4230,3900,154013
245,2020-03-05,4235,15,4290,4290,4140,83415
244,2020-03-06,4170,65,4230,4230,4100,122918
243,2020-03-09,3845,325,4080,4080,3840,174588
242,2020-03-10,3930,85,3750,3945,3720,176649
241,2020-03-11,3610,320,3965,3965,3565,144301
238,2020-03-12,3245,365,3535,3610,3200,241247
237,2020-03-13,2785,460,2950,3040,2450,538968
236,2020-03-16,2590,195,2790,2890,2590,224407
235,2020-03-17,2535,55,2330,2655,2330,231912
234,2020-03-18,2300,235,2515,2610,2300,294645
230,2020-03-19,1610,690,2340,2415,1610,798054
229,2020-03-20,1805,195,1615,1810,1600,532595
228,2020-03-23,1625,180,1645,1705,1600,267712
227,2020-03-24,1755,130,1680,1770,1620,280664
226,2020-03-25,1940,185,1820,2070,1820,641990
223,2020-03-26,2010,70,1950,2100,1870,429281
222,2020-03-27,1990,20,2095,2150,1900,328837
221,2020-03-30,2040,50,1925,2050,1885,204319
220,2020-03-31,2275,235,2100,2350,2080,468654
219,2020-04-01,2285,10,2280,2490,2200,369112
215,2020-04-02,2445,160,2275,2450,2200,267247
214,2020-04-03,2650,205,2500,2650,2470,267866
213,2020-04-06,2765,115,2650,2800,2570,157403
212,2020-04-07,2850,85,2820,2850,2700,264222
211,2020-04-08,2830,20,2885,2940,2780,168611
208,2020-04-09,2885,55,2950,2980,2850,217524
207,2020-04-10,2845,40,2885,2950,2660,214953
206,2020-04-13,2785,60,2845,2890,2695,229040
205,2020-04-14,2845,60,2830,2900,2765,161655
204,2020-04-16,2990,145,2840,3075,2725,522079
200,2020-04-17,3140,150,3055,3190,3030,351565
199,2020-04-20,3255,115,3350,3350,3180,330664
198,2020-04-21,3105,150,3255,3255,2885,537049
197,2020-04-22,3140,35,3010,3140,2900,228948
196,2020-04-23,3055,85,3175,3180,3045,167100
193,2020-04-24,2970,85,3055,3055,2935,131172
192,2020-04-27,3050,80,2970,3095,2970,97233
191,2020-04-28,3100,50,3120,3345,3005,512653
190,2020-04-29,3130,30,3095,3165,3080,93868
189,2020-05-04,3130,0,3130,3180,3050,117714
185,2020-05-06,3150,20,3135,3210,3000,123417
184,2020-05-07,3200,50,3150,3230,3110,122590
183,2020-05-08,3330,130,3295,3490,3205,361985
182,2020-05-11,3330,0,3370,3380,3250,127816
181,2020-05-12,3355,25,3330,3370,3200,135452
178,2020-05-13,3430,75,3300,3500,3240,287196
177,2020-05-14,3400,30,3425,3430,3335,108609
176,2020-05-15,3760,360,3470,4070,3470,5043696
175,2020-05-18,4300,540,3795,4300,3680,1863931
174,2020-05-19,4070,230,4240,4255,4015,973309
170,2020-05-20,4160,90,4050,4255,4050,585274
169,2020-05-21,4195,35,4225,4415,4160,793471
168,2020-05-22,4090,105,4235,4285,4060,383024
167,2020-05-25,4145,55,4100,4300,4090,217413
166,2020-05-26,4280,135,4280,4560,4250,1159564
163,2020-05-27,4785,505,4325,4945,4300,3670847
162,2020-05-28,4555,230,4720,4850,4495,877071
161,2020-05-29,4395,160,4565,4640,4325,404217
160,2020-06-01,4395,0,4330,4530,4300,297680
159,2020-06-02,4380,15,4405,4440,4310,278411
155,2020-06-03,4315,65,4425,4445,4315,245284
154,2020-06-04,4355,40,4355,4530,4320,322095
153,2020-06-05,4375,20,4410,4440,4210,159895
152,2020-06-08,4335,40,4310,4400,4255,169209
151,2020-06-09,4260,75,4390,4410,4230,197882
148,2020-06-10,4000,260,4255,4255,4000,317640
147,2020-06-11,4065,65,3930,4190,3930,312948
146,2020-06-12,3880,185,3800,3950,3720,227472
145,2020-06-15,3490,390,3870,3895,3470,261448
144,2020-06-16,3700,210,3555,3710,3555,124674
140,2020-06-17,3700,0,3680,3770,3580,135216
139,2020-06-18,3695,5,3740,3755,3635,120634
138,2020-06-19,3930,235,3695,3950,3695,243589
137,2020-06-22,3890,40,3925,3930,3770,235332
136,2020-06-23,3890,0,3900,4100,3745,601235
133,2020-06-24,3880,10,3900,3980,3825,102251
132,2020-06-25,3730,150,3855,3860,3720,102602
131,2020-06-26,3785,55,3745,3850,3720,109385
130,2020-06-29,3650,135,3635,3785,3630,76468
129,2020-06-30,3665,15,3740,3740,3615,75749
125,2020-07-01,3610,55,3665,3805,3600,76290
124,2020-07-02,3680,70,3630,3735,3585,112427
123,2020-07-03,3770,90,3770,3820,3710,128930
122,2020-07-06,3845,75,3830,3875,3660,188617
121,2020-07-07,3800,45,3920,3920,3770,79449
118,2020-07-08,3770,30,3825,3830,3725,48265
117,2020-07-09,3770,0,3740,3825,3720,63675
116,2020-07-10,3695,75,3740,3785,3670,104980
115,2020-07-13,3770,75,3700,3770,3690,60460
114,2020-07-14,3710,60,3715,3780,3680,57834
110,2020-07-15,4225,515,3790,4225,3740,2313880
109,2020-07-16,4170,55,4250,4250,4050,710321
108,2020-07-17,4075,95,4190,4195,4065,217656
107,2020-07-20,4010,65,4110,4125,3995,188656
106,2020-07-21,4050,40,4015,4110,3985,171601
103,2020-07-22,3995,55,4060,4080,3990,133238
102,2020-07-23,3940,55,4045,4055,3910,173643
101,2020-07-24,3920,20,3940,4000,3855,119085
100,2020-07-27,4010,90,3955,4020,3880,110406
99,2020-07-28,3990,20,4030,4245,3985,462000
95,2020-07-29,3940,50,3990,4005,3930,112364
94,2020-07-30,3975,35,3990,3990,3930,61934
93,2020-07-31,3995,20,3975,4090,3940,134076
92,2020-08-03,4045,50,4030,4060,3990,137587
91,2020-08-04,4055,10,4120,4200,4000,392269
88,2020-08-05,4055,0,4055,4065,4000,118783
87,2020-08-06,4030,25,4060,4155,4000,164628
86,2020-08-07,4225,195,4030,4375,4030,1284551
85,2020-08-10,4425,200,4370,4490,4300,1203110
84,2020-08-11,5750,1325,4485,5750,4480,10501761
80,2020-08-12,6690,940,6300,7450,6070,25156868
79,2020-08-13,6170,520,6520,6550,6040,3636853
78,2020-08-14,5900,270,6110,6140,5770,1555987
77,2020-08-18,5320,580,5790,5900,5300,1476769
76,2020-08-19,5450,130,5300,5750,5300,1613619
73,2020-08-20,5220,230,5400,5530,5010,813620
72,2020-08-21,5330,110,5300,5450,5020,615325
71,2020-08-24,5790,460,5430,5940,5220,4071202
70,2020-08-25,5870,80,5730,6130,5650,2584734
69,2020-08-26,5910,40,5870,5920,5650,687777
65,2020-08-27,5450,460,5890,5890,5450,769063
64,2020-08-28,5400,50,5450,5580,5340,528038
63,2020-08-31,5700,300,5480,5820,5440,836693
62,2020-09-01,5710,10,5770,6430,5670,4065472
61,2020-09-02,5940,230,5810,6050,5610,1058214
58,2020-09-03,5980,40,6050,6320,5840,1630735
57,2020-09-04,5900,80,5690,5950,5500,554586
56,2020-09-07,6460,560,5990,6460,5870,1375568
55,2020-09-08,6280,180,6460,6840,6000,2579072
54,2020-09-09,6170,110,6080,6350,5850,598142
50,2020-09-10,6210,40,6170,6400,6120,506885
49,2020-09-11,5990,220,6270,6310,5960,468407
48,2020-09-14,6030,40,6030,6090,5810,406949
47,2020-09-15,6050,20,6000,6190,5940,327277
46,2020-09-16,6110,60,6050,6300,5980,506247
43,2020-09-17,6060,50,6150,6150,5950,339038
42,2020-09-18,6010,50,6020,6120,5950,249986
41,2020-09-21,5850,160,6010,6090,5660,437067
40,2020-09-22,5420,430,5830,5840,5360,443908
39,2020-09-23,5450,30,5550,5630,5240,252993
35,2020-09-24,4900,550,5290,5370,4870,495999
34,2020-09-25,5000,100,4920,5180,4875,174570
33,2020-09-28,5250,250,5120,5270,5070,90342
32,2020-09-29,5390,140,5280,5460,5170,133824
31,2020-10-05,5420,30,5390,5480,5300,96112
28,2020-10-06,5570,150,5430,5640,5430,117386
27,2020-10-07,5550,20,5530,5590,5400,123650
26,2020-10-08,5430,120,5550,5630,5380,203978
25,2020-10-12,5480,50,5500,5590,5370,91055
24,2020-10-13,5460,20,5480,5550,5200,97820
20,2020-10-14,5350,110,5450,5450,5280,83807
19,2020-10-15,5300,50,5380,5440,5150,149539
18,2020-10-16,5050,250,5250,5380,5000,154736
17,2020-10-19,5120,70,5050,5170,5000,84204
16,2020-10-20,5150,30,5060,5150,4910,145114
13,2020-10-21,5190,40,5180,5300,5120,137304
12,2020-10-22,5150,40,5190,5320,5100,172806
11,2020-10-23,5080,70,5160,5230,5080,133073
10,2020-10-26,4940,140,5030,5080,4875,184501
9,2020-10-27,4775,165,4920,4960,4750,85997
5,2020-10-28,4960,185,4845,4970,4785,68407
4,2020-10-29,4845,115,4800,4870,4750,73409
3,2020-10-30,5050,205,4855,5080,4855,167177
2,2020-11-02,5430,380,5090,5650,5080,1189626
1,2020-11-03,5390,40,5420,5470,5220,284053
