,date,close,diff,open,high,low,volume
448,2019-08-16,6070,250,5790,6070,5750,543760
447,2019-08-19,5800,270,6000,6040,5780,396366
446,2019-08-20,5870,70,5840,5950,5790,238409
445,2019-08-21,5860,10,5920,5940,5820,175600
444,2019-08-22,5920,60,5860,6000,5820,235545
440,2019-08-23,5850,70,5900,5920,5760,195293
439,2019-08-26,5490,360,5630,5700,5410,368634
438,2019-08-27,5550,60,5580,5640,5500,153306
437,2019-08-28,5620,70,5550,5640,5520,160906
436,2019-08-29,5840,220,5610,6100,5580,801486
433,2019-08-30,5900,60,5870,5960,5790,391501
432,2019-09-02,6000,100,5900,6060,5890,498148
431,2019-09-03,5970,30,5970,6030,5900,232343
430,2019-09-04,6010,40,5970,6020,5930,168934
429,2019-09-05,5960,50,5990,6100,5940,248725
425,2019-09-06,6080,120,5960,6550,5940,2221450
424,2019-09-09,5920,160,6030,6070,5870,457705
423,2019-09-10,6190,270,5960,6250,5930,1079275
422,2019-09-11,6220,30,6260,6290,6130,602861
421,2019-09-16,6300,80,6270,6450,6130,1287388
418,2019-09-17,8190,1890,8190,8190,8190,644374
417,2019-09-18,10600,2410,10600,10600,10300,10157172
416,2019-09-19,9400,1200,10150,10600,9200,14595096
415,2019-09-20,10650,1250,9100,11750,8880,24274425
414,2019-09-23,8940,1710,9780,10250,8690,7743680
410,2019-09-24,9230,290,10600,10750,8960,7762727
409,2019-09-25,8780,450,9100,9290,8220,4374737
408,2019-09-26,8330,450,8360,9080,7930,5806614
407,2019-09-27,8100,230,8410,8570,7850,2057426
406,2019-09-30,7110,990,7740,7740,7000,1712164
403,2019-10-01,7400,290,6930,7430,6650,3037110
402,2019-10-02,7340,60,7520,7600,6970,1996093
401,2019-10-04,7000,340,7380,7420,6890,878438
400,2019-10-07,6790,210,6700,6860,6550,603678
399,2019-10-08,6940,150,6690,7210,6660,1509789
395,2019-10-10,6770,170,7260,7360,6750,1017111
394,2019-10-11,6940,170,6710,7240,6570,1713404
393,2019-10-14,6980,40,7040,7150,6920,819047
392,2019-10-15,6950,30,6980,7100,6940,446777
391,2019-10-16,7020,70,6950,7330,6820,1611767
388,2019-10-17,6890,130,6890,6970,6820,489423
387,2019-10-18,7020,130,6930,7060,6900,675498
386,2019-10-21,7150,130,7440,7450,7020,1456508
385,2019-10-22,6700,450,6920,6960,6690,722365
384,2019-10-23,6560,140,6690,6790,6410,663614
380,2019-10-24,6760,200,6590,6770,6530,358554
379,2019-10-25,6650,110,6700,6830,6450,411703
378,2019-10-28,6830,180,6690,6880,6660,825732
377,2019-10-29,6670,160,6970,7150,6600,1811025
376,2019-10-30,7000,330,6670,7310,6580,2130393
373,2019-10-31,6780,220,6960,7060,6750,1167083
372,2019-11-01,7040,260,6800,7170,6800,1495143
371,2019-11-04,7000,40,7100,7110,6900,765641
370,2019-11-05,6910,90,7000,7100,6890,633696
369,2019-11-06,6940,30,6920,7000,6860,443849
365,2019-11-07,6970,30,6910,6990,6900,404448
364,2019-11-08,7060,90,6950,7090,6900,526684
363,2019-11-11,6740,320,6990,7030,6700,546081
362,2019-11-12,6770,30,6780,6830,6660,329616
361,2019-11-13,8150,1380,6770,8150,6760,5790231
358,2019-11-14,7730,420,9200,9460,7730,13416556
357,2019-11-15,7420,310,7670,7750,7320,1907830
356,2019-11-18,8350,930,7680,8900,7680,22804695
355,2019-11-19,7600,750,8020,8050,7500,3084598
354,2019-11-20,7190,410,7560,7600,7160,2081486
350,2019-11-21,6730,460,7000,7350,6710,1822589
349,2019-11-22,6860,130,6690,6920,6520,1267838
348,2019-11-25,6860,0,6730,7070,6730,671818
347,2019-11-26,6870,10,6860,6950,6740,644976
346,2019-11-27,6660,210,6870,6930,6620,578960
343,2019-11-28,6600,60,6670,6940,6600,1408548
342,2019-11-29,6610,10,6700,6870,6570,924543
341,2019-12-02,6470,140,6620,6800,6390,742899
340,2019-12-03,6070,400,6370,6450,6060,656429
339,2019-12-04,6050,20,6050,6200,5900,452538
335,2019-12-05,5920,130,6070,6190,5890,409512
334,2019-12-06,6170,250,5940,6420,5900,805056
333,2019-12-09,6180,10,6180,6350,6090,368792
332,2019-12-10,6150,30,6130,6240,6110,216963
331,2019-12-11,6170,20,6150,6210,6110,232743
328,2019-12-12,6520,350,6200,6570,6200,1184928
327,2019-12-13,6510,10,6570,6600,6470,424080
326,2019-12-16,6550,40,6510,6630,6480,449994
325,2019-12-17,6470,80,6520,6570,6320,296028
324,2019-12-18,6430,40,6470,6530,6380,248899
320,2019-12-19,6460,30,6420,6550,6420,294710
319,2019-12-20,6580,120,6440,6580,6410,283069
318,2019-12-23,6450,130,6570,6630,6410,386405
317,2019-12-24,6310,140,6410,6480,6240,232401
316,2019-12-26,6380,70,6250,6430,6250,193331
313,2019-12-27,6520,140,6350,6520,6330,203579
312,2019-12-30,6710,190,6480,6740,6480,346121
311,2020-01-02,6720,10,6760,6850,6620,271764
310,2020-01-03,6950,230,6730,7050,6730,1242901
309,2020-01-06,6730,220,7210,7380,6730,1663662
305,2020-01-07,6650,80,6750,6830,6550,597379
304,2020-01-08,6150,500,6590,6650,6060,817286
303,2020-01-09,6530,380,6650,7250,6500,5084773
302,2020-01-10,6840,310,6630,6840,6550,1018247
301,2020-01-13,6860,20,6970,7140,6750,1510150
298,2020-01-14,6850,10,7100,7130,6800,870314
297,2020-01-15,6860,10,6970,7070,6790,846759
296,2020-01-16,7150,290,6800,7460,6800,4188808
295,2020-01-17,7270,120,7290,7520,7120,3667955
294,2020-01-20,7610,340,7490,7910,7250,5801021
290,2020-01-21,7100,510,7610,7760,7100,2292735
289,2020-01-22,7610,510,7240,8370,7240,12504102
288,2020-01-23,7920,310,7650,8300,7520,7811926
287,2020-01-28,8850,930,8630,9480,8330,12609392
286,2020-01-29,7950,900,8400,8490,7910,2151776
283,2020-01-30,7150,800,7890,8080,7120,2249154
282,2020-01-31,6600,550,7200,7440,6520,2012127
281,2020-02-03,7100,500,6990,8270,6870,9251096
280,2020-02-04,6940,160,6950,7080,6630,1568997
279,2020-02-05,6940,0,6930,7370,6850,2289804
275,2020-02-06,7060,120,7050,7110,6930,840231
274,2020-02-07,7260,200,7100,7490,7040,2388244
273,2020-02-10,7510,250,7210,7960,7060,3671648
272,2020-02-11,7460,50,7570,7620,7380,1169512
271,2020-02-12,7100,360,7450,7500,7090,833106
268,2020-02-13,7130,30,7100,7210,6910,581867
267,2020-02-14,7240,110,7120,7340,7090,831374
266,2020-02-17,7090,150,7260,7300,7070,402608
265,2020-02-18,7230,140,7090,7350,7060,716569
264,2020-02-19,7370,140,7190,7550,7140,1821556
260,2020-02-20,7350,20,7450,7580,7250,1921329
259,2020-02-21,7090,260,7490,7530,7040,1134308
258,2020-02-24,6280,810,7080,7170,6280,969423
257,2020-02-25,6500,220,6050,6610,6040,1012587
256,2020-02-26,6360,140,6300,6400,6210,544521
253,2020-02-27,6220,140,6360,6560,6160,570374
252,2020-02-28,6110,110,6220,7000,6050,3655699
251,2020-03-02,6090,20,6100,6180,5960,455937
250,2020-03-03,6200,110,6120,6370,6120,594692
249,2020-03-04,6370,170,6250,6500,6210,615877
245,2020-03-05,6500,130,6520,6710,6420,1393590
244,2020-03-06,6510,10,6660,6680,6370,661600
243,2020-03-09,6020,490,6380,6390,5950,711376
242,2020-03-10,5850,170,5940,5950,5790,554359
241,2020-03-11,5450,400,5830,5970,5350,662661
238,2020-03-12,5170,280,5340,5580,5090,582450
237,2020-03-13,4465,705,4775,4800,4100,794042
236,2020-03-16,4400,65,4465,5060,4400,755373
235,2020-03-17,4395,5,4020,4465,4020,384895
234,2020-03-18,4160,235,4425,4650,4110,510103
230,2020-03-19,3240,920,4215,4365,3210,691490
229,2020-03-20,3450,210,3240,3490,3235,448526
228,2020-03-23,3415,35,3200,3745,3160,706302
227,2020-03-24,3650,235,3515,3690,3465,421119
226,2020-03-25,4040,390,3850,4165,3750,695718
223,2020-03-26,4400,360,4550,4850,4400,1627314
222,2020-03-27,4490,90,4525,4900,4165,1189124
221,2020-03-30,4630,140,4495,4650,4220,428216
220,2020-03-31,4775,145,4740,4845,4630,676342
219,2020-04-01,4925,150,4940,5230,4800,925077
215,2020-04-02,5040,115,5100,5100,4735,398145
214,2020-04-03,5130,90,5280,5430,5010,430584
213,2020-04-06,6660,1530,6660,6660,6660,467800
212,2020-04-07,7230,570,8110,8350,6910,15152345
211,2020-04-08,7450,220,7440,8600,6940,18817507
208,2020-04-09,7750,300,7340,8840,7260,20388380
207,2020-04-10,6880,870,7750,8090,6800,5287708
206,2020-04-13,6100,780,6820,7000,6030,1900813
205,2020-04-14,6300,200,6250,6690,6050,2466670
204,2020-04-16,6350,50,6100,6360,6050,537735
200,2020-04-17,6350,0,6350,6400,6230,422731
199,2020-04-20,6850,500,6350,6850,6330,1120069
198,2020-04-21,6580,270,7020,7030,6150,1617374
197,2020-04-22,7060,480,6580,7720,6500,8466700
196,2020-04-23,7270,210,7050,7370,6970,1808613
193,2020-04-24,6850,420,7150,7330,6800,1465381
192,2020-04-27,7160,310,7050,7190,6910,1041669
191,2020-04-28,6940,220,7230,7300,6850,503113
190,2020-04-29,6930,10,7000,7040,6890,383308
189,2020-05-04,6930,0,6760,7050,6720,373602
185,2020-05-06,7120,190,6980,7240,6910,749519
184,2020-05-07,7000,120,7250,7250,6940,512965
183,2020-05-08,7200,200,7100,7410,7050,1114185
182,2020-05-11,7060,140,7200,7260,7040,510378
181,2020-05-12,6980,80,7100,7130,6850,400364
178,2020-05-13,7060,80,6850,7240,6850,773879
177,2020-05-14,7310,250,7010,7460,6960,2975104
176,2020-05-15,7140,170,7340,7340,7130,807089
175,2020-05-18,6970,170,7180,7200,6970,369263
174,2020-05-19,6860,110,6980,7080,6750,386252
170,2020-05-20,7000,140,6900,7040,6860,259307
169,2020-05-21,6990,10,7040,7060,6910,253723
168,2020-05-22,6820,170,7040,7060,6730,395691
167,2020-05-25,7230,410,7080,7700,6960,4243400
166,2020-05-26,7250,20,7210,7270,7100,594426
163,2020-05-27,7090,160,7350,7360,7090,437909
162,2020-05-28,7170,80,7110,7400,6940,1626205
161,2020-05-29,7200,30,7300,7500,7160,1784069
160,2020-06-01,7330,130,7210,7480,7160,1057859
159,2020-06-02,7490,160,7440,7500,7260,1205136
155,2020-06-03,7280,210,7600,7630,7250,1311316
154,2020-06-04,7260,20,7260,7410,7210,524799
153,2020-06-05,7420,160,7280,7530,7240,915853
152,2020-06-08,7370,50,7400,7430,7270,410389
151,2020-06-09,7250,120,7400,7440,7210,381377
148,2020-06-10,7370,120,7250,7640,7240,1898239
147,2020-06-11,7160,210,7320,7430,7050,732015
146,2020-06-12,6890,270,6800,6970,6730,530741
145,2020-06-15,6260,630,6890,7090,6260,696333
144,2020-06-16,6730,470,6310,7030,6310,985077
140,2020-06-17,6750,20,6610,6870,6480,339611
139,2020-06-18,6800,50,6750,6920,6710,263842
138,2020-06-19,6830,30,6820,6930,6750,265757
137,2020-06-22,6880,50,6820,7020,6760,300444
136,2020-06-23,6910,30,6920,7100,6670,669802
133,2020-06-24,6890,20,6920,6990,6770,243146
132,2020-06-25,6790,100,6810,6980,6760,183817
131,2020-06-26,6870,80,6900,7400,6830,873467
130,2020-06-29,6630,240,6810,6820,6550,301449
129,2020-06-30,8310,1680,6730,8560,6600,32655388
125,2020-07-01,7800,510,8470,9900,7630,35323748
124,2020-07-02,8300,500,7890,9030,7870,12119413
123,2020-07-03,8350,50,8150,8350,7910,2721189
122,2020-07-06,8400,50,8500,9040,8330,8901081
121,2020-07-07,8400,0,8470,8700,8260,3231740
118,2020-07-08,8400,0,8290,8440,7990,1677253
117,2020-07-09,8130,270,8250,8320,8080,908218
116,2020-07-10,7940,190,8100,8210,7830,712579
115,2020-07-13,8080,140,7980,8100,7870,636938
114,2020-07-14,8620,540,8050,8620,7830,2910198
110,2020-07-15,8340,280,8760,8960,8330,2955617
109,2020-07-16,8000,340,8240,8250,7970,805204
108,2020-07-17,8240,240,8000,8400,7930,1322699
107,2020-07-20,8150,90,8130,8250,8010,577597
106,2020-07-21,8180,30,8190,8310,8040,658038
103,2020-07-22,8310,130,8220,8310,8080,627314
102,2020-07-23,8410,100,8300,8410,8160,993186
101,2020-07-24,8360,50,8440,8750,8260,3684147
100,2020-07-27,8170,190,8320,8480,8060,829657
99,2020-07-28,7990,180,8230,8240,7920,618064
95,2020-07-29,7830,160,7930,7970,7770,411186
94,2020-07-30,7810,20,7870,7930,7730,443837
93,2020-07-31,7890,80,7850,7930,7780,288029
92,2020-08-03,8270,380,8080,8280,8020,966325
91,2020-08-04,8520,250,8310,8590,8150,1400232
88,2020-08-05,8940,420,8600,9300,8390,6013476
87,2020-08-06,8480,460,9200,9600,8440,6533319
86,2020-08-07,8640,160,8580,8680,8450,830773
85,2020-08-10,8540,100,8790,8890,8510,1244432
84,2020-08-11,8680,140,8580,8900,8490,1381807
80,2020-08-12,9290,610,8790,9740,8560,9445735
79,2020-08-13,8850,440,9150,9210,8810,2106814
78,2020-08-14,8640,210,8850,8980,8440,1060991
77,2020-08-18,8280,360,8710,9020,8160,1575384
76,2020-08-19,8440,160,8280,8520,8240,583517
73,2020-08-20,8350,90,8520,8810,8240,1122975
72,2020-08-21,8100,250,8360,8440,7980,758551
71,2020-08-24,8180,80,8050,8250,7940,448787
70,2020-08-25,8360,180,8150,8410,8110,391519
69,2020-08-26,8480,120,8640,8790,8360,1456014
65,2020-08-27,8530,50,8810,8850,8390,1378611
64,2020-08-28,9020,490,8740,9040,8570,2046993
63,2020-08-31,9250,230,9090,9490,8840,3301413
62,2020-09-01,9260,10,9260,9400,8930,1222947
61,2020-09-02,9390,130,9270,9800,9030,2671400
58,2020-09-03,9360,30,9300,9470,9210,704273
57,2020-09-04,9180,180,8800,9230,8800,784778
56,2020-09-07,9340,160,9180,10050,8970,3712444
55,2020-09-08,9100,240,9350,9360,9030,635814
54,2020-09-09,8900,200,8840,9240,8810,665212
50,2020-09-10,8970,70,8970,9040,8910,308950
49,2020-09-11,9200,230,9010,9270,8970,631143
48,2020-09-14,9300,100,9220,9410,9140,632241
47,2020-09-15,9120,180,9230,9280,9070,339726
46,2020-09-16,9230,110,9130,9330,8970,1003107
43,2020-09-17,9000,230,9420,9530,9000,957042
42,2020-09-18,8850,150,9000,9080,8600,617260
41,2020-09-21,8850,0,8740,9290,8520,781963
40,2020-09-22,8500,350,8700,8720,8380,514982
39,2020-09-23,8240,260,8530,8670,8170,322587
35,2020-09-24,7800,440,8050,8190,7770,428676
34,2020-09-25,8050,250,7800,8050,7700,268232
33,2020-09-28,8440,390,8190,8500,8180,208808
32,2020-09-29,8560,120,8400,8560,8360,182278
31,2020-10-05,8570,10,8440,8610,8390,200053
28,2020-10-06,8570,0,8510,8710,8440,233152
27,2020-10-07,8620,50,8550,8660,8480,155081
26,2020-10-08,8740,120,8680,8770,8580,271726
25,2020-10-12,9730,990,10500,10600,9470,7351436
24,2020-10-13,9300,430,9500,9610,9110,1717291
20,2020-10-14,8990,310,9170,9380,8950,1151711
19,2020-10-15,9440,450,8960,9500,8890,2682107
18,2020-10-16,9070,370,9260,9290,8810,1030949
17,2020-10-19,8600,470,8870,8930,8600,642326
16,2020-10-20,8430,170,8490,8550,8200,588854
13,2020-10-21,8550,120,8360,8560,8300,315616
12,2020-10-22,8440,110,8430,8520,8350,266178
11,2020-10-23,8850,410,8460,9180,8420,1286731
10,2020-10-26,8660,190,9250,9320,8640,1360808
9,2020-10-27,8840,180,8560,8850,8440,560390
5,2020-10-28,8960,120,8810,9040,8800,552637
4,2020-10-29,8920,40,8830,8970,8710,410319
3,2020-10-30,8800,120,9030,9110,8750,685517
2,2020-11-02,8620,180,8810,8840,8570,414497
1,2020-11-03,8700,80,8650,8770,8650,270643
