,date,close,diff,open,high,low,volume
448,2019-08-16,4250,80,4170,4250,4170,11405
447,2019-08-19,4305,55,4205,4345,4205,9817
446,2019-08-20,4505,200,4305,4600,4305,52162
445,2019-08-21,4380,125,4515,4530,4380,21919
444,2019-08-22,4450,70,4385,4600,4385,12680
440,2019-08-23,4460,10,4450,4540,4290,9754
439,2019-08-26,4525,65,4455,4690,4415,21851
438,2019-08-27,4390,135,4510,4570,4380,10389
437,2019-08-28,4505,115,4400,4630,4400,19524
436,2019-08-29,4450,55,4500,4505,4395,12206
433,2019-08-30,4500,50,4450,4540,4420,10137
432,2019-09-02,4550,50,4500,4580,4500,14853
431,2019-09-03,4565,15,4550,4600,4480,6851
430,2019-09-04,4460,105,4550,4580,4400,25464
429,2019-09-05,4510,50,4500,4580,4475,12141
425,2019-09-06,4430,80,4565,4565,4430,4890
424,2019-09-09,4450,20,4430,4505,4410,4597
423,2019-09-10,4475,25,4450,4490,4440,1321
422,2019-09-11,4505,30,4475,4505,4400,12275
421,2019-09-16,4620,115,4505,4955,4505,124453
418,2019-09-17,4660,40,4630,4705,4620,13630
417,2019-09-18,4675,15,4640,4755,4620,17273
416,2019-09-19,4715,40,4660,4740,4650,26981
415,2019-09-20,4685,30,4715,4715,4550,13138
414,2019-09-23,4690,5,4680,4740,4610,10608
410,2019-09-24,4680,10,4635,4695,4600,9135
409,2019-09-25,4545,135,4680,4680,4505,14491
408,2019-09-26,4450,95,4560,4605,4450,5600
407,2019-09-27,4430,20,4535,4535,4395,13879
406,2019-09-30,4400,30,4355,4440,4330,10365
403,2019-10-01,4310,90,4400,4465,4310,9835
402,2019-10-02,4385,75,4500,4500,4305,6309
401,2019-10-04,4410,25,4445,4445,4305,5001
400,2019-10-07,4380,30,4365,4405,4315,6590
399,2019-10-08,4380,0,4400,4405,4345,5864
395,2019-10-10,4345,35,4400,4475,4310,6395
394,2019-10-11,4385,40,4470,4470,4330,6383
393,2019-10-14,4410,25,4400,4495,4340,10887
392,2019-10-15,4420,10,4410,4425,4355,5826
391,2019-10-16,4460,40,4450,4495,4420,12579
388,2019-10-17,4450,10,4460,4460,4425,4382
387,2019-10-18,4460,10,4475,4475,4400,5215
386,2019-10-21,4485,25,4460,4495,4425,6836
385,2019-10-22,4520,35,4505,4535,4420,8129
384,2019-10-23,4460,60,4550,4550,4420,5770
380,2019-10-24,4475,15,4460,4485,4405,5832
379,2019-10-25,4430,45,4475,4495,4405,9314
378,2019-10-28,4430,0,4430,4475,4390,7809
377,2019-10-29,4530,100,4430,4545,4410,8629
376,2019-10-30,4640,110,4530,4655,4490,19304
373,2019-10-31,4630,10,4665,4665,4550,6572
372,2019-11-01,4655,25,4630,4665,4595,8659
371,2019-11-04,4650,5,4655,4660,4630,8665
370,2019-11-05,4575,75,4650,4650,4570,4763
369,2019-11-06,4575,0,4580,4680,4510,5933
365,2019-11-07,4505,70,4575,4575,4480,15054
364,2019-11-08,4545,40,4500,4645,4500,5103
363,2019-11-11,4505,40,4555,4600,4500,15247
362,2019-11-12,4510,5,4505,4600,4500,13433
361,2019-11-13,4580,70,4530,4590,4500,4054
358,2019-11-14,4490,90,4580,4605,4485,9370
357,2019-11-15,4555,65,4490,4590,4455,4788
356,2019-11-18,4415,140,4595,4595,4400,45412
355,2019-11-19,4340,75,4310,4415,4305,9610
354,2019-11-20,4370,30,4335,4395,4310,5833
350,2019-11-21,4250,120,4380,4380,4230,7393
349,2019-11-22,4225,25,4250,4250,4185,13941
348,2019-11-25,4285,60,4330,4330,4225,3616
347,2019-11-26,4300,15,4290,4345,4240,7300
346,2019-11-27,4275,25,4305,4340,4250,7370
343,2019-11-28,4235,40,4340,4370,4230,9600
342,2019-11-29,4200,35,4285,4290,4190,20281
341,2019-12-02,4205,5,4200,4270,4185,8745
340,2019-12-03,4235,30,4155,4250,4155,6534
339,2019-12-04,4255,20,4295,4295,4205,10351
335,2019-12-05,4165,90,4230,4295,4165,10399
334,2019-12-06,4185,20,4200,4300,4135,15379
333,2019-12-09,4230,45,4185,4300,4115,9389
332,2019-12-10,4230,0,4240,4240,4185,11035
331,2019-12-11,4225,5,4225,4245,4175,2760
328,2019-12-12,4240,15,4300,4300,4130,13128
327,2019-12-13,4250,10,4240,4345,4210,36479
326,2019-12-16,4300,50,4290,4325,4265,3589
325,2019-12-17,4390,90,4325,4390,4260,15183
324,2019-12-18,4415,25,4400,4455,4385,16222
320,2019-12-19,4390,25,4415,4450,4300,14843
319,2019-12-20,4390,0,4390,4440,4330,3110
318,2019-12-23,4385,5,4390,4440,4375,3275
317,2019-12-24,4390,5,4365,4440,4365,34100
316,2019-12-26,4440,50,4390,4440,4385,8400
313,2019-12-27,4420,20,4435,4435,4365,7838
312,2019-12-30,4375,45,4370,4400,4365,1622
311,2020-01-02,4405,30,4365,4445,4365,5540
310,2020-01-03,4390,15,4410,4440,4375,9921
309,2020-01-06,4375,15,4365,4420,4330,4906
305,2020-01-07,4395,20,4370,4530,4350,29608
304,2020-01-08,4340,55,4395,4455,4155,19230
303,2020-01-09,4365,25,4340,4430,4280,6986
302,2020-01-10,4330,35,4350,4440,4255,10461
301,2020-01-13,4360,30,4330,4440,4265,21254
298,2020-01-14,4505,145,4360,4525,4285,23286
297,2020-01-15,4510,5,4595,4600,4465,53800
296,2020-01-16,4510,0,4560,4560,4460,15030
295,2020-01-17,4445,65,4510,4520,4355,22903
294,2020-01-20,4360,85,4400,4445,4310,18942
290,2020-01-21,4395,35,4315,4405,4310,6392
289,2020-01-22,4370,25,4395,4400,4345,8926
288,2020-01-23,4340,30,4410,4410,4300,4814
287,2020-01-28,4210,130,4120,4380,4120,10549
286,2020-01-29,4250,40,4210,4400,4210,17283
283,2020-01-30,4280,30,4250,4330,4245,6739
282,2020-01-31,4240,40,4280,4400,4215,9926
281,2020-02-03,4190,50,4200,4280,4145,24736
280,2020-02-04,4250,60,4200,4320,4200,2625
279,2020-02-05,4310,60,4250,4490,4220,6378
275,2020-02-06,4425,115,4310,4455,4300,16524
274,2020-02-07,4380,45,4450,4450,4340,18036
273,2020-02-10,4385,5,4380,4400,4300,3178
272,2020-02-11,4400,15,4385,4410,4360,4177
271,2020-02-12,4395,5,4440,4440,4350,4275
268,2020-02-13,4350,45,4395,4440,4340,5707
267,2020-02-14,4370,20,4340,4480,4300,9333
266,2020-02-17,4310,60,4370,4420,4310,8560
265,2020-02-18,4295,15,4300,4350,4260,3677
264,2020-02-19,4250,45,4295,4305,4200,8127
260,2020-02-20,4250,0,4255,4340,4225,5505
259,2020-02-21,4195,55,4265,4265,4195,8798
258,2020-02-24,4075,120,4145,4150,4060,23689
257,2020-02-25,4170,95,4070,4295,4050,7321
256,2020-02-26,4165,5,4170,4280,4090,8750
253,2020-02-27,4155,10,4180,4260,4100,6158
252,2020-02-28,3980,175,4145,4195,3915,20761
251,2020-03-02,3935,45,3900,4095,3890,15920
250,2020-03-03,4030,95,4095,4095,3965,29497
249,2020-03-04,4090,60,3945,4095,3945,2098
245,2020-03-05,4140,50,4090,4225,4065,4734
244,2020-03-06,4085,55,4140,4230,4065,5606
243,2020-03-09,3925,160,4085,4085,3840,18620
242,2020-03-10,3920,5,3835,3925,3835,8562
241,2020-03-11,3870,50,3920,4050,3860,5822
238,2020-03-12,3845,25,3865,3950,3630,58291
237,2020-03-13,3600,245,3415,3700,3415,74563
236,2020-03-16,3640,40,3610,3825,3455,54420
235,2020-03-17,3560,80,3595,3695,3385,41942
234,2020-03-18,3505,55,3720,3725,3505,34362
230,2020-03-19,3360,145,3690,3690,3270,54207
229,2020-03-20,3635,275,3275,3635,3240,55978
228,2020-03-23,3400,235,3450,3630,3250,38886
227,2020-03-24,3500,100,3305,3720,3305,66281
226,2020-03-25,3815,315,3695,3860,3610,63975
223,2020-03-26,3835,20,3815,3940,3770,62634
222,2020-03-27,3895,60,3840,4110,3825,63024
221,2020-03-30,3995,100,3785,4010,3665,17793
220,2020-03-31,4000,5,3995,4100,3770,38773
219,2020-04-01,3965,35,4025,4090,3920,32763
215,2020-04-02,4000,35,3965,4075,3885,17023
214,2020-04-03,4010,10,4000,4100,3955,15195
213,2020-04-06,4060,50,4010,4095,4010,16223
212,2020-04-07,4090,30,4065,4095,4025,89080
211,2020-04-08,4080,10,4050,4090,3910,38934
208,2020-04-09,4060,20,4080,4095,3955,20142
207,2020-04-10,4115,55,4070,4190,4050,30002
206,2020-04-13,4080,35,4115,4190,4025,22806
205,2020-04-14,4165,85,4080,4190,4030,17989
204,2020-04-16,4100,65,4170,4180,4100,10326
200,2020-04-17,4105,5,4100,4195,4085,13476
199,2020-04-20,4110,5,4105,4220,4100,17905
198,2020-04-21,4330,220,4150,4705,4050,175248
197,2020-04-22,4270,60,4415,4415,4250,28049
196,2020-04-23,4370,100,4270,4475,4245,28251
193,2020-04-24,4240,130,4360,4360,4235,15328
192,2020-04-27,4245,5,4225,4345,4205,14957
191,2020-04-28,4300,55,4245,4425,4225,22520
190,2020-04-29,4220,80,4300,4395,4115,15564
189,2020-05-04,4250,30,4220,4300,4150,21397
185,2020-05-06,4345,95,4225,4380,4225,15384
184,2020-05-07,4410,65,4345,4440,4305,23643
183,2020-05-08,4410,0,4425,4435,4380,16039
182,2020-05-11,4430,20,4400,4500,4355,38184
181,2020-05-12,4360,70,4465,4465,4280,40094
178,2020-05-13,4360,0,4360,4430,4295,10390
177,2020-05-14,4320,40,4360,4370,4280,5878
176,2020-05-15,4295,25,4320,4340,4250,16024
175,2020-05-18,4355,60,4350,4660,4050,167944
174,2020-05-19,4330,25,4410,4445,4330,46495
170,2020-05-20,4415,85,4340,4435,4335,26773
169,2020-05-21,4435,20,4435,4485,4410,41941
168,2020-05-22,4630,195,4425,4730,4425,150055
167,2020-05-25,4775,145,4645,5090,4575,420183
166,2020-05-26,4770,5,4725,4830,4705,69243
163,2020-05-27,4720,50,4760,4760,4570,51636
162,2020-05-28,4610,110,4795,4840,4510,88017
161,2020-05-29,4480,130,4555,4615,4460,25228
160,2020-06-01,4610,130,4540,4695,4495,34868
159,2020-06-02,4800,190,4850,4850,4710,86355
155,2020-06-03,4745,55,4850,4865,4700,45607
154,2020-06-04,4980,235,4750,5100,4750,171766
153,2020-06-05,4995,15,4980,5130,4930,110926
152,2020-06-08,4795,200,4950,5050,4745,118394
151,2020-06-09,4835,40,4800,4880,4745,55612
148,2020-06-10,4810,25,4800,4820,4755,38210
147,2020-06-11,4715,95,4795,4800,4715,22249
146,2020-06-12,4590,125,4520,4610,4320,38835
145,2020-06-15,4600,10,4530,4715,4310,46193
144,2020-06-16,4605,5,4545,4700,4525,36979
140,2020-06-17,4645,40,4605,4650,4550,26462
139,2020-06-18,4575,70,4645,4705,4550,36465
138,2020-06-19,4700,125,4630,4830,4615,41758
137,2020-06-22,4640,60,4710,4710,4605,7916
136,2020-06-23,4585,55,4640,4715,4480,16540
133,2020-06-24,4580,5,4585,4690,4500,19428
132,2020-06-25,4480,100,4550,4550,4370,33741
131,2020-06-26,4505,25,4460,4510,4415,19310
130,2020-06-29,4475,30,4480,4545,4405,10539
129,2020-06-30,4460,15,4430,4515,4410,12480
125,2020-07-01,4505,45,4460,4615,4460,31898
124,2020-07-02,4555,50,4505,4590,4465,11099
123,2020-07-03,4520,35,4555,4555,4480,9238
122,2020-07-06,4595,75,4635,4640,4450,54823
121,2020-07-07,4590,5,4595,4615,4530,32048
118,2020-07-08,4740,150,4630,5420,4630,1605021
117,2020-07-09,5010,270,4755,5040,4715,229015
116,2020-07-10,4935,75,5020,5080,4930,107612
115,2020-07-13,4915,20,4980,5070,4855,59307
114,2020-07-14,4915,0,4955,4995,4850,40004
110,2020-07-15,5110,195,4920,5130,4920,106062
109,2020-07-16,5040,70,5200,5290,4965,110660
108,2020-07-17,5100,60,5040,5200,5020,82917
107,2020-07-20,5070,30,5120,5140,4960,43025
106,2020-07-21,5040,30,5050,5100,4995,31579
103,2020-07-22,5060,20,5010,5070,4955,42636
102,2020-07-23,4905,155,5060,5060,4870,28960
101,2020-07-24,4845,60,4900,4995,4800,27037
100,2020-07-27,4865,20,4845,4920,4825,20669
99,2020-07-28,4905,40,4865,4920,4860,20045
95,2020-07-29,4880,25,4905,4985,4880,15367
94,2020-07-30,4925,45,4880,5010,4880,29328
93,2020-07-31,4925,0,4925,4995,4780,26356
92,2020-08-03,4895,30,4925,4945,4845,17822
91,2020-08-04,4885,10,4910,5020,4770,49841
88,2020-08-05,4830,55,4855,4930,4760,24465
87,2020-08-06,4695,135,4830,4830,4655,60623
86,2020-08-07,4695,0,4700,4755,4665,29435
85,2020-08-10,4750,55,4755,4755,4650,41447
84,2020-08-11,4705,45,4695,4780,4675,22768
80,2020-08-12,4710,5,4705,4750,4615,26817
79,2020-08-13,5110,400,5000,5730,4950,811253
78,2020-08-14,4950,160,5200,5210,4870,163825
77,2020-08-18,4490,460,4710,4750,4490,188565
76,2020-08-19,4580,90,4490,4750,4490,45604
73,2020-08-20,4350,230,4555,4555,4340,82069
72,2020-08-21,4395,45,4360,4575,4315,44551
71,2020-08-24,4415,20,4400,4450,4295,64502
70,2020-08-25,4600,185,4470,4620,4420,46037
69,2020-08-26,4810,210,4605,5190,4480,245257
65,2020-08-27,4845,35,4870,4940,4535,100966
64,2020-08-28,4885,40,4845,5050,4755,100223
63,2020-08-31,4920,35,4840,5020,4830,71088
62,2020-09-01,4855,65,4880,4975,4810,62876
61,2020-09-02,4800,55,4855,4875,4755,46776
58,2020-09-03,4845,45,4790,4975,4760,60974
57,2020-09-04,4830,15,4770,4870,4600,37566
56,2020-09-07,4955,125,4830,4980,4825,80252
55,2020-09-08,5000,45,5000,5050,4925,91520
54,2020-09-09,4915,85,5000,5050,4900,54043
50,2020-09-10,4960,45,4975,5000,4900,74474
49,2020-09-11,4950,10,4960,5070,4900,63918
48,2020-09-14,4970,20,4950,4990,4900,40014
47,2020-09-15,4980,10,4940,4995,4890,48581
46,2020-09-16,4980,0,4940,5080,4930,91651
43,2020-09-17,5010,30,5080,5180,4930,240737
42,2020-09-18,4980,30,5090,5120,4925,64874
41,2020-09-21,4850,130,4980,5050,4755,64957
40,2020-09-22,4685,165,4760,4850,4680,42485
39,2020-09-23,4680,5,4695,4915,4610,80447
35,2020-09-24,4575,105,4600,4990,4565,130546
34,2020-09-25,4645,70,4580,4645,4575,28776
33,2020-09-28,4705,60,4685,4795,4650,22720
32,2020-09-29,4730,25,4705,4830,4675,27937
31,2020-10-05,4860,130,4755,4950,4735,38537
28,2020-10-06,4895,35,4885,4925,4810,24746
27,2020-10-07,4910,15,4845,4930,4805,18298
26,2020-10-08,4895,15,4870,4930,4835,23880
25,2020-10-12,4950,55,4895,4975,4820,47348
24,2020-10-13,4940,10,4950,4990,4865,32160
20,2020-10-14,4845,95,4940,4950,4830,34236
19,2020-10-15,4780,65,4810,4840,4720,36814
18,2020-10-16,4700,80,4740,4830,4600,31847
17,2020-10-19,4700,0,4790,4800,4700,14621
16,2020-10-20,4785,85,4655,4785,4655,28002
13,2020-10-21,4870,85,4825,4870,4795,14317
12,2020-10-22,4800,70,4845,4945,4800,14970
11,2020-10-23,4705,95,4770,4845,4655,14555
10,2020-10-26,4580,125,4795,4795,4575,25075
9,2020-10-27,4525,55,4580,4630,4385,19493
5,2020-10-28,4640,115,4520,4640,4480,14981
4,2020-10-29,4615,25,4640,4640,4400,18440
3,2020-10-30,4470,145,4590,4600,4470,15010
2,2020-11-02,4505,35,4450,4600,4450,8297
1,2020-11-03,4550,45,4550,4600,4505,10059
