,date,close,diff,open,high,low,volume
448,2019-08-16,49750,850,51500,52100,48150,139093
447,2019-08-19,49950,200,50200,50400,49200,54387
446,2019-08-20,51800,1850,50000,52000,49750,102650
445,2019-08-21,52900,1100,52000,53100,51300,92593
444,2019-08-22,51800,1100,53200,53200,51700,56601
440,2019-08-23,51000,800,51000,51900,50500,73731
439,2019-08-26,47550,3450,48800,49450,47200,161069
438,2019-08-27,47750,200,48400,49300,47750,71545
437,2019-08-28,48950,1200,47300,48950,47300,48920
436,2019-08-29,48700,250,49300,49300,47750,64413
433,2019-08-30,48800,100,49450,49450,48600,51921
432,2019-09-02,48550,250,48900,48900,48200,46161
431,2019-09-03,48500,50,48500,49300,48300,39119
430,2019-09-04,49700,1200,48450,49800,48400,56622
429,2019-09-05,52400,2700,50000,52700,49800,143403
425,2019-09-06,52200,200,53300,53800,51600,106721
424,2019-09-09,50200,2000,52300,52900,50100,85851
423,2019-09-10,50500,300,50400,51200,50000,39537
422,2019-09-11,50600,100,50600,51300,49950,38437
421,2019-09-16,50200,400,50700,50800,49950,39802
418,2019-09-17,50200,0,50100,50600,49800,42479
417,2019-09-18,50000,200,49850,50500,49750,55453
416,2019-09-19,51600,1600,50400,52300,50300,114623
415,2019-09-20,51800,200,51800,52200,51000,48373
414,2019-09-23,50900,900,51600,51700,50300,33869
410,2019-09-24,51300,400,50700,52500,50700,56710
409,2019-09-25,51200,100,51300,52700,50400,88957
408,2019-09-26,51400,200,52200,52600,50700,53591
407,2019-09-27,50700,700,51200,51400,50000,51993
406,2019-09-30,50300,400,50700,50900,49750,28711
403,2019-10-01,52600,2300,51000,52700,50700,126799
402,2019-10-02,54400,1800,52000,54900,51900,253067
401,2019-10-04,54000,400,54900,56000,53700,164842
400,2019-10-07,54900,900,54800,55700,54000,107591
399,2019-10-08,57100,2200,55100,57900,54400,305676
395,2019-10-10,56700,400,56700,57800,55800,143277
394,2019-10-11,56800,100,56800,57200,56100,98144
393,2019-10-14,56500,300,58200,58200,56500,109552
392,2019-10-15,58700,2200,57000,59200,56600,178685
391,2019-10-16,58700,0,58600,59200,58100,75768
388,2019-10-17,57800,900,58500,58500,56600,128794
387,2019-10-18,57000,800,57400,58400,56600,68677
386,2019-10-21,57600,600,56700,58200,56600,66700
385,2019-10-22,58100,500,58200,58600,56100,110406
384,2019-10-23,57000,1100,58300,58500,56400,81151
380,2019-10-24,58200,1200,57000,58200,56600,88202
379,2019-10-25,59800,1600,58200,60900,57400,179105
378,2019-10-28,56700,3100,60600,60600,56400,186686
377,2019-10-29,60300,3600,57800,60400,57500,311471
376,2019-10-30,58000,2300,60600,60600,57100,194655
373,2019-10-31,57900,100,59200,59700,57600,113705
372,2019-11-01,56800,1100,58300,58300,56500,101907
371,2019-11-04,57500,700,57400,58100,56600,78376
370,2019-11-05,56300,1200,58000,58000,55600,107967
369,2019-11-06,55200,1100,56300,57000,54900,118008
365,2019-11-07,54900,300,55100,56000,54200,86762
364,2019-11-08,54100,800,55400,55600,53800,78742
363,2019-11-11,54000,100,54100,54900,53800,44533
362,2019-11-12,56000,2000,54500,56200,54300,109992
361,2019-11-13,54700,1300,55700,56200,54700,46724
358,2019-11-14,55800,1100,55400,56100,54700,45035
357,2019-11-15,56400,600,55400,56500,55200,60382
356,2019-11-18,56100,300,56500,57500,55900,66376
355,2019-11-19,55300,800,55700,56100,54400,58651
354,2019-11-20,53900,1400,55500,55900,53900,54295
350,2019-11-21,52000,1900,54000,54200,51400,85416
349,2019-11-22,52100,100,52000,52600,51100,40658
348,2019-11-25,52300,200,52700,52700,51600,70379
347,2019-11-26,52200,100,52400,53000,52000,48492
346,2019-11-27,51400,800,52600,52700,51000,77178
343,2019-11-28,50800,600,51400,51600,50100,67932
342,2019-11-29,49200,1600,50600,51000,49050,118438
341,2019-12-02,49300,100,49500,50200,48850,56079
340,2019-12-03,49750,450,48700,49800,48100,44795
339,2019-12-04,47850,1900,49650,50100,47700,99296
335,2019-12-05,48450,600,48350,48900,47500,71656
334,2019-12-06,47800,650,48400,49050,47400,111815
333,2019-12-09,47200,600,48300,48500,46750,83343
332,2019-12-10,48200,1000,46800,48200,46800,60413
331,2019-12-11,49000,800,49000,49450,48250,89199
328,2019-12-12,49850,850,49200,50300,49200,104346
327,2019-12-13,50400,550,50700,51200,49500,96771
326,2019-12-16,50700,300,50900,51200,50100,48450
325,2019-12-17,52000,1300,51200,52400,50700,108358
324,2019-12-18,51400,600,53000,53000,50900,114019
320,2019-12-19,52000,600,51800,52700,51400,71733
319,2019-12-20,52400,400,52500,52600,51800,63486
318,2019-12-23,52200,200,52400,52600,51200,45722
317,2019-12-24,51500,700,52000,52800,51400,45250
316,2019-12-26,53300,1800,52000,53300,51600,102796
313,2019-12-27,52900,1100,52400,53500,51900,70918
312,2019-12-30,53500,600,53400,53800,52400,70830
311,2020-01-02,52400,1100,54000,54000,52300,67054
310,2020-01-03,52100,300,52800,53700,51700,78702
309,2020-01-06,51000,1100,51000,51600,50300,72411
305,2020-01-07,51500,500,51100,51800,50700,75879
304,2020-01-08,50600,900,51500,51500,50100,88857
303,2020-01-09,52800,2200,51900,52900,51300,100823
302,2020-01-10,52900,100,53500,53500,52000,63810
301,2020-01-13,51600,1300,52400,52400,50700,145017
298,2020-01-14,51800,200,51700,52500,51400,88589
297,2020-01-15,51000,800,51400,51900,50700,62206
296,2020-01-16,52600,1600,51100,52600,51100,105928
295,2020-01-17,52200,400,52900,53000,51800,72615
294,2020-01-20,52600,400,52400,53700,51900,106670
290,2020-01-21,51300,1300,53000,53000,51000,93186
289,2020-01-22,52500,1200,51600,52700,51200,93525
288,2020-01-23,51800,700,52300,52900,51600,72973
287,2020-01-28,49400,2400,49200,50500,48950,145621
286,2020-01-29,51000,1600,50000,51300,49700,77233
283,2020-01-30,49300,1700,51000,51000,49150,81594
282,2020-01-31,47550,1750,49050,50100,47550,88771
281,2020-02-03,48250,700,46400,48800,45850,114695
280,2020-02-04,49150,900,48150,49650,48150,83796
279,2020-02-05,49300,150,49500,50200,48700,85643
275,2020-02-06,50000,700,49850,50200,49500,70344
274,2020-02-07,49200,800,49850,50100,49000,55140
273,2020-02-10,49300,100,48800,49550,48150,47203
272,2020-02-11,49400,100,49300,50000,48950,54339
271,2020-02-12,49700,300,49300,49950,48950,84653
268,2020-02-13,49050,650,49850,50000,48650,99997
267,2020-02-14,50500,1450,49300,51900,49250,276664
266,2020-02-17,51700,1200,50600,51800,50600,179120
265,2020-02-18,50100,1600,52000,52400,50000,158696
264,2020-02-19,49300,800,50400,51000,48900,119045
260,2020-02-20,49550,250,49850,50500,49350,81164
259,2020-02-21,47900,1650,48700,49250,47500,111459
258,2020-02-24,45950,1950,46050,46900,45550,131819
257,2020-02-25,47700,1750,46000,47750,45750,86358
256,2020-02-26,47150,550,46500,47850,46400,61638
253,2020-02-27,44750,2400,46950,47350,44450,117224
252,2020-02-28,41750,3000,43900,44300,41600,164702
251,2020-03-02,43100,1350,42500,43150,41200,94870
250,2020-03-03,42650,450,44000,44500,42600,99647
249,2020-03-04,44000,1350,42250,44100,42250,71513
245,2020-03-05,44500,500,44300,44950,43550,89167
244,2020-03-06,43550,950,43750,44400,43300,65113
243,2020-03-09,40600,2950,43050,43250,40500,125250
242,2020-03-10,42100,1500,40000,42250,40000,101027
241,2020-03-11,40000,2100,41650,42000,39650,110494
238,2020-03-12,37100,2900,39200,39800,36750,189074
237,2020-03-13,37150,50,33200,38200,32200,284981
236,2020-03-16,34500,2650,37550,38500,34500,125034
235,2020-03-17,34450,50,32300,35300,32200,137420
234,2020-03-18,32000,2450,34550,35150,32000,134037
230,2020-03-19,28250,3750,33500,33900,27550,286540
229,2020-03-20,33050,4800,28350,33300,28350,166430
228,2020-03-23,29850,3200,30000,31000,29100,144829
227,2020-03-24,32900,3050,31800,32900,30450,116522
226,2020-03-25,34150,1250,34000,34400,32850,110684
223,2020-03-26,33550,600,34150,34250,32800,102582
222,2020-03-27,33100,450,34500,34950,32100,107009
221,2020-03-30,33550,450,32000,33650,31400,63604
220,2020-03-31,33600,50,33650,34450,33050,69878
219,2020-04-01,33100,500,33100,35200,32800,109098
215,2020-04-02,33750,650,33100,33800,32650,67421
214,2020-04-03,33600,150,33800,34150,33200,54965
213,2020-04-06,35300,1700,33600,35350,33250,102917
212,2020-04-07,36650,1350,36150,36650,35200,142562
211,2020-04-08,36750,100,36100,37700,35800,147474
208,2020-04-09,36200,550,37250,37700,36050,134750
207,2020-04-10,34750,1450,36200,36200,33900,193051
206,2020-04-13,34100,650,34750,34800,34050,72937
205,2020-04-14,35550,1450,34500,35700,34150,91741
204,2020-04-16,37300,1750,35800,37450,34600,145356
200,2020-04-17,37900,600,37350,38550,37350,145952
199,2020-04-20,37600,300,37950,38450,36900,93830
198,2020-04-21,36900,700,37600,37600,35900,106677
197,2020-04-22,36800,100,35600,37050,35600,94536
196,2020-04-23,36800,0,37050,37200,36500,66363
193,2020-04-24,35600,1200,36500,36550,35550,71892
192,2020-04-27,36500,900,36000,36650,35250,60376
191,2020-04-28,36050,450,36600,36650,35750,66117
190,2020-04-29,36650,600,35750,37000,35750,82718
189,2020-05-04,35200,1450,36350,36350,35200,104628
185,2020-05-06,35300,100,35550,35750,34750,81351
184,2020-05-07,35700,400,35350,36150,34950,92216
183,2020-05-08,38700,3000,36200,38700,36200,312424
182,2020-05-11,37450,1250,38900,38900,37200,181924
181,2020-05-12,36500,950,37300,37600,36050,105790
178,2020-05-13,36900,400,35850,36900,35700,82389
177,2020-05-14,35800,1100,36400,36700,35800,76506
176,2020-05-15,35850,50,36150,36200,35500,55045
175,2020-05-18,35900,50,35950,36000,35150,46972
174,2020-05-19,37300,1400,36550,37350,36100,135657
170,2020-05-20,38350,1050,36950,38750,36700,178715
169,2020-05-21,37900,450,39000,39000,37800,137891
168,2020-05-22,36550,1350,37950,38200,36400,132183
167,2020-05-25,36650,100,36550,37350,36450,79973
166,2020-05-26,37700,1050,37000,38050,36900,127559
163,2020-05-27,37250,450,37700,37900,37150,89451
162,2020-05-28,36600,650,37350,38200,36000,152709
161,2020-05-29,37300,700,36550,38500,36500,159382
160,2020-06-01,42150,4850,37400,42250,37350,776860
159,2020-06-02,41200,950,42500,42500,41050,230916
155,2020-06-03,40800,400,41450,41600,40150,151203
154,2020-06-04,41350,550,40800,42850,40800,295227
153,2020-06-05,41050,300,41550,41600,40200,92378
152,2020-06-08,42150,1100,41700,42400,41450,127825
151,2020-06-09,42150,0,42300,42550,41400,98531
148,2020-06-10,42500,350,42300,43150,41800,115186
147,2020-06-11,44500,2000,42850,45300,42750,413663
146,2020-06-12,43200,1300,42200,43300,41200,236469
145,2020-06-15,41100,2100,43000,45600,40600,344167
144,2020-06-16,44000,2900,42600,44450,42150,143855
140,2020-06-17,44950,950,44050,44950,42600,148280
139,2020-06-18,43950,1000,45200,45200,43750,102798
138,2020-06-19,43200,750,44650,44650,42700,77606
137,2020-06-22,42750,450,43000,43800,42250,80003
136,2020-06-23,42400,350,43150,44000,42200,76443
133,2020-06-24,44100,1700,42500,44350,42450,112642
132,2020-06-25,44450,350,43350,45100,43050,125891
131,2020-06-26,44550,100,45150,45550,43750,132807
130,2020-06-29,44000,550,43900,44800,43350,93388
129,2020-06-30,44750,750,45650,45650,44550,154433
125,2020-07-01,43950,800,44800,45100,43850,90858
124,2020-07-02,44900,950,44150,45550,44000,151020
123,2020-07-03,44950,50,45100,45900,44300,138986
122,2020-07-06,45250,300,45050,45500,44500,86469
121,2020-07-07,44000,1250,45350,45450,43950,74395
118,2020-07-08,43050,950,44050,44550,42700,72290
117,2020-07-09,44500,1450,43950,44700,43100,65624
116,2020-07-10,48200,3700,44600,48450,44150,575324
115,2020-07-13,49950,1750,49000,50700,48950,360610
114,2020-07-14,49000,950,49250,49700,48450,107420
110,2020-07-15,50000,1000,49250,50200,48400,164291
109,2020-07-16,49700,300,50900,50900,48500,137290
108,2020-07-17,48900,800,49700,49900,48700,79058
107,2020-07-20,48100,800,49050,49150,47250,121480
106,2020-07-21,48900,800,48400,49300,47500,96978
103,2020-07-22,48000,900,48900,48950,47750,81195
102,2020-07-23,48050,50,47400,48350,47300,72514
101,2020-07-24,49550,1500,47900,49850,47400,188294
100,2020-07-27,49750,200,50200,50600,48900,149142
99,2020-07-28,50200,450,51700,51700,49600,225575
95,2020-07-29,52500,2300,50500,52800,50100,355040
94,2020-07-30,52100,400,52500,52800,51700,119357
93,2020-07-31,51900,200,52200,52500,50700,100750
92,2020-08-03,52200,300,52100,52200,50600,81815
91,2020-08-04,51600,600,52500,52500,51300,74666
88,2020-08-05,53100,1500,51600,53400,51600,188472
87,2020-08-06,52400,700,53500,53800,52100,101617
86,2020-08-07,51700,700,52000,52200,50600,132127
85,2020-08-10,51900,200,51000,52900,50400,118228
84,2020-08-11,51000,900,51800,51800,50700,83900
80,2020-08-12,49950,1050,51000,51000,49450,152773
79,2020-08-13,49650,300,50500,51000,49150,92944
78,2020-08-14,48600,1050,49650,50000,48300,80653
77,2020-08-18,45050,3550,48550,48600,44700,144970
76,2020-08-19,47000,1950,45050,47600,45000,79254
73,2020-08-20,44500,2500,46800,46800,44200,101520
72,2020-08-21,48400,3900,45600,50000,45550,326358
71,2020-08-24,52000,3600,47750,52600,47300,448551
70,2020-08-25,51800,200,52900,54000,51800,363276
69,2020-08-26,52000,200,51900,52300,49850,162917
65,2020-08-27,50900,1100,52100,52800,50500,124631
64,2020-08-28,49650,1250,50900,51800,49600,95288
63,2020-08-31,50600,950,49750,52600,49600,142943
62,2020-09-01,51000,400,50800,51700,50200,62099
61,2020-09-02,51100,100,52200,52200,50800,63341
58,2020-09-03,52400,1300,52300,53400,51700,131424
57,2020-09-04,51600,800,50100,52300,49800,103200
56,2020-09-07,50500,1100,51700,51700,49950,117833
55,2020-09-08,51000,500,51200,52200,50300,139762
54,2020-09-09,49300,1700,49800,50900,49200,164930
50,2020-09-10,51500,2200,49900,52100,49850,170740
49,2020-09-11,50800,700,51500,51600,49850,117270
48,2020-09-14,54300,3500,51200,54300,50400,363043
47,2020-09-15,53700,600,54500,54600,53000,203588
46,2020-09-16,52500,1200,53600,54000,52200,175335
43,2020-09-17,51200,1300,52900,53500,50900,129199
42,2020-09-18,51300,100,51700,51800,50000,69964
41,2020-09-21,50200,1100,51200,51400,49700,97383
40,2020-09-22,48250,1950,50100,50100,48200,92233
39,2020-09-23,48300,50,48700,49350,46650,92447
35,2020-09-24,47450,850,46800,49100,46800,66322
34,2020-09-25,47500,50,47950,48200,46550,53831
33,2020-09-28,47900,400,47800,48150,47000,49472
32,2020-09-29,47650,250,48000,48700,47100,77345
31,2020-10-05,48850,1200,47650,48900,47050,51743
28,2020-10-06,48500,350,49250,49250,48250,37009
27,2020-10-07,49550,1050,47850,49850,47700,53404
26,2020-10-08,48900,650,49750,49750,48650,69188
25,2020-10-12,49100,200,49100,49550,48650,55225
24,2020-10-13,49000,100,50200,50200,48600,67633
20,2020-10-14,49350,350,49350,50400,49100,80300
19,2020-10-15,48000,1350,49300,49350,47550,86913
18,2020-10-16,47000,1000,48050,48350,46550,58153
17,2020-10-19,47150,150,47100,47950,46500,45598
16,2020-10-20,48200,1050,47050,48200,46900,47821
13,2020-10-21,48200,0,48300,48300,47000,53064
12,2020-10-22,46800,1400,47800,47850,46750,47450
11,2020-10-23,47500,700,46800,47500,46150,40085
10,2020-10-26,46600,900,48550,49050,46200,118642
9,2020-10-27,45450,1150,46700,47550,44400,169957
5,2020-10-28,45600,150,45150,46150,44650,136924
4,2020-10-29,45650,50,44300,45950,44300,68045
3,2020-10-30,44150,1500,45750,45750,44100,117702
2,2020-11-02,43800,350,44100,44200,43350,82748
1,2020-11-03,44250,450,43800,44650,43800,65622
