,date,close,diff,open,high,low,volume
448,2019-08-16,3740,110,3730,3895,3700,19896
447,2019-08-19,4000,260,3740,4110,3740,54811
446,2019-08-20,4000,0,3910,4060,3875,16477
445,2019-08-21,4085,85,4000,4145,3925,24154
444,2019-08-22,4010,75,4050,4135,4000,23838
440,2019-08-23,4065,55,4010,4150,3980,42860
439,2019-08-26,3885,180,4060,4060,3780,67190
438,2019-08-27,3990,105,3935,4020,3880,22045
437,2019-08-28,3920,70,3905,3985,3805,24491
436,2019-08-29,3885,35,3920,3945,3815,14669
433,2019-08-30,4005,120,3870,4015,3850,20020
432,2019-09-02,4260,255,4020,4400,4020,86216
431,2019-09-03,4355,95,4260,4520,4260,139779
430,2019-09-04,4570,215,4355,4935,4355,341818
429,2019-09-05,4500,70,4600,4600,4495,47655
425,2019-09-06,4560,60,4505,4820,4500,74663
424,2019-09-09,4480,80,4540,4600,4395,40436
423,2019-09-10,4350,130,4330,4480,4235,41668
422,2019-09-11,4400,50,4350,4420,4200,13395
421,2019-09-16,4430,30,4490,4490,4315,21301
418,2019-09-17,4440,10,4355,4490,4350,24136
417,2019-09-18,4430,10,4440,4475,4360,7002
416,2019-09-19,4440,10,4490,4515,4390,21953
415,2019-09-20,4420,20,4365,4480,4365,10143
414,2019-09-23,4490,70,4420,4505,4325,8932
410,2019-09-24,4570,80,4400,4570,4400,20086
409,2019-09-25,4420,150,4520,4570,4300,20815
408,2019-09-26,4485,65,4430,4565,4420,26696
407,2019-09-27,4460,25,4540,4560,4455,21227
406,2019-09-30,4370,90,4470,4470,4230,30600
403,2019-10-01,4270,100,4300,4390,4265,16510
402,2019-10-02,4250,20,4065,4285,4065,35358
401,2019-10-04,4100,150,4250,4325,4100,25275
400,2019-10-07,4090,10,4100,4220,3970,37773
399,2019-10-08,4000,90,4000,4080,3975,19347
395,2019-10-10,4000,0,4000,4000,3870,22743
394,2019-10-11,3995,5,3940,4045,3940,14192
393,2019-10-14,4000,5,3970,4080,3970,11858
392,2019-10-15,3980,20,3985,4075,3930,15361
391,2019-10-16,3985,5,3950,4025,3905,38596
388,2019-10-17,3935,50,3935,4020,3880,31711
387,2019-10-18,3935,0,3985,3985,3880,21831
386,2019-10-21,3810,125,3915,3935,3775,24828
385,2019-10-22,3795,15,3755,3820,3750,25723
384,2019-10-23,3745,50,3710,3930,3680,25659
380,2019-10-24,3675,70,3660,3740,3580,35856
379,2019-10-25,3700,25,3560,3700,3560,25699
378,2019-10-28,3770,70,3630,3840,3625,17056
377,2019-10-29,3830,60,3790,3850,3745,15871
376,2019-10-30,3870,40,3830,3880,3670,12910
373,2019-10-31,3835,35,3830,3860,3780,19877
372,2019-11-01,3745,90,3775,3820,3745,14868
371,2019-11-04,3785,40,3750,3825,3715,29505
370,2019-11-05,3760,25,3740,3780,3720,12850
369,2019-11-06,3740,20,3800,3800,3665,24840
365,2019-11-07,3740,0,3715,3755,3670,14301
364,2019-11-08,3745,5,3740,3780,3705,16893
363,2019-11-11,3690,55,3700,3775,3665,20695
362,2019-11-12,3720,30,3630,3735,3625,29717
361,2019-11-13,3730,10,3720,3815,3650,16346
358,2019-11-14,3695,35,3690,3785,3620,20399
357,2019-11-15,3645,50,3650,3700,3560,51483
356,2019-11-18,3615,30,3625,3665,3555,11495
355,2019-11-19,3505,110,3555,3600,3445,35003
354,2019-11-20,3500,5,3500,3525,3350,18582
350,2019-11-21,3460,40,3520,3525,3330,32928
349,2019-11-22,3345,115,3390,3470,3285,31709
348,2019-11-25,3250,95,3320,3390,3160,77279
347,2019-11-26,3200,50,3245,3245,3145,39159
346,2019-11-27,3260,60,3255,3260,3190,20449
343,2019-11-28,3250,10,3275,3275,3200,15484
342,2019-11-29,3155,95,3250,3250,3025,49197
341,2019-12-02,3225,70,3155,3225,3035,41576
340,2019-12-03,3190,35,3120,3250,3065,32757
339,2019-12-04,3230,40,3250,3250,3125,16437
335,2019-12-05,3140,90,3225,3270,3075,24163
334,2019-12-06,3130,10,3185,3225,3070,12012
333,2019-12-09,3120,10,3130,3150,3030,24634
332,2019-12-10,3070,50,3115,3115,3010,19796
331,2019-12-11,3080,10,3065,3120,3000,24282
328,2019-12-12,3150,70,3080,3150,3055,8396
327,2019-12-13,3200,50,3255,3255,3050,10510
326,2019-12-16,3200,0,3280,3310,3135,19198
325,2019-12-17,3150,50,3150,3265,3095,27347
324,2019-12-18,3185,35,3160,3185,3080,11839
320,2019-12-19,3180,5,3095,3240,3095,17830
319,2019-12-20,3135,45,3180,3185,3110,15114
318,2019-12-23,2250,885,2390,2625,2215,1053606
317,2019-12-24,2080,170,2210,2235,2040,331511
316,2019-12-26,2120,40,2085,2145,2085,94067
313,2019-12-27,2150,30,2120,2165,2100,54168
312,2019-12-30,2130,20,2180,2180,2100,38197
311,2020-01-02,2140,10,2130,2160,2100,54886
310,2020-01-03,2155,15,2140,2165,2120,78151
309,2020-01-06,2250,95,2130,2250,2130,111825
305,2020-01-07,2170,80,2250,2250,2140,90668
304,2020-01-08,2100,70,2170,2170,2025,115086
303,2020-01-09,2075,25,2100,2170,2055,114244
302,2020-01-10,2080,5,2095,2100,2055,58788
301,2020-01-13,2125,45,2130,2130,2050,70959
298,2020-01-14,2125,0,2135,2210,2105,132372
297,2020-01-15,2080,45,2125,2130,2060,115482
296,2020-01-16,2035,45,2080,2100,2035,86634
295,2020-01-17,2050,15,2035,2075,2035,49345
294,2020-01-20,2070,20,2070,2090,2050,84961
290,2020-01-21,2100,30,2050,2130,2050,76170
289,2020-01-22,2045,55,2100,2100,2045,46314
288,2020-01-23,2035,10,2075,2080,2025,27743
287,2020-01-28,1945,90,2015,2025,1925,99565
286,2020-01-29,1930,15,1930,1965,1910,25145
283,2020-01-30,1870,60,1925,1925,1860,66327
282,2020-01-31,1850,20,1850,1910,1850,40463
281,2020-02-03,1820,30,1840,1895,1740,121955
280,2020-02-04,1785,35,1830,1870,1760,108589
279,2020-02-05,1805,20,1805,1810,1765,46451
275,2020-02-06,1840,35,1850,1850,1785,52121
274,2020-02-07,1805,35,1830,1880,1780,54454
273,2020-02-10,1785,20,1790,1805,1775,54548
272,2020-02-11,2320,535,1780,2320,1780,4471525
271,2020-02-12,3015,695,2550,3015,2550,3295197
268,2020-02-13,3015,0,3460,3770,2940,7954022
267,2020-02-14,3270,255,3295,3740,3020,7982214
266,2020-02-17,2800,470,3035,3125,2680,1523746
265,2020-02-18,2710,90,2785,2895,2605,942035
264,2020-02-19,2695,15,2700,2800,2580,782872
260,2020-02-20,2535,160,2745,2750,2520,341837
259,2020-02-21,2455,80,2495,2495,2390,238946
258,2020-02-24,2165,290,2340,2420,2165,289210
257,2020-02-25,2260,95,2170,2380,2165,294484
256,2020-02-26,2210,50,2180,2230,2110,225626
253,2020-02-27,1855,70,1930,2305,1800,1887867
252,2020-02-28,1650,205,1805,1840,1630,228872
251,2020-03-02,1700,50,1660,1700,1575,126028
250,2020-03-03,1775,75,1780,1835,1700,236365
249,2020-03-04,2305,530,1775,2305,1670,545047
245,2020-03-05,2100,205,2400,2640,2035,3326503
244,2020-03-06,1970,130,2010,2110,1930,690635
243,2020-03-09,1765,205,1970,1970,1765,378623
242,2020-03-10,2290,525,1725,2290,1695,6120706
241,2020-03-11,2235,55,2445,2740,2100,6983626
238,2020-03-12,2750,515,2245,2895,2130,13770119
237,2020-03-13,3025,275,2450,3390,2100,15626693
236,2020-03-16,2755,270,2920,3545,2755,6429416
235,2020-03-17,3000,245,2645,3200,2520,5797217
234,2020-03-18,2275,725,2940,3100,2275,2220394
230,2020-03-19,2230,45,2475,2670,2145,6101615
229,2020-03-20,2700,470,2315,2850,2315,6595206
228,2020-03-23,2650,50,2580,2845,2570,3326466
227,2020-03-24,2750,100,2745,2815,2695,2197939
226,2020-03-25,2700,50,2795,2855,2605,2752332
223,2020-03-26,2890,190,2745,2980,2575,5258398
222,2020-03-27,2725,165,2895,3155,2650,6211140
221,2020-03-30,2705,20,2645,2880,2520,2724216
220,2020-03-31,2785,80,2750,3040,2720,6507315
219,2020-04-01,2720,65,2810,3085,2675,7583253
215,2020-04-02,2690,30,2750,2855,2480,1682515
214,2020-04-03,2570,120,2695,2755,2505,1130612
213,2020-04-06,2480,90,2565,2565,2410,1450350
212,2020-04-07,2450,30,2560,2560,2365,914187
211,2020-04-08,2290,160,2405,2440,2245,1004303
208,2020-04-09,2590,300,2390,2625,2300,2917273
207,2020-04-10,3090,500,2670,3200,2610,21279927
206,2020-04-13,2835,255,3020,3320,2805,8570858
205,2020-04-14,2870,35,2900,3165,2825,8377459
204,2020-04-16,3225,355,2940,3225,2880,9808886
200,2020-04-17,3245,20,3365,3640,3170,12060287
199,2020-04-20,3070,175,3255,3270,3020,2427112
198,2020-04-21,2500,570,2495,2715,2250,14883635
197,2020-04-22,2305,195,2455,2465,2210,4328434
196,2020-04-23,2380,75,2295,2525,2210,6378857
193,2020-04-24,2240,140,2350,2390,2220,2752450
192,2020-04-27,2240,0,2255,2315,2155,2823592
191,2020-04-28,2105,135,2225,2260,2095,2310735
190,2020-04-29,2215,110,2110,2230,2000,2945775
189,2020-05-04,2250,35,2215,2270,2160,1469715
185,2020-05-06,2235,15,2265,2280,2220,942775
184,2020-05-07,2235,0,2220,2250,2165,877947
183,2020-05-08,2190,45,2210,2240,2190,1130001
182,2020-05-11,2090,100,2195,2200,2060,1441228
181,2020-05-12,2180,90,2070,2245,1995,1988630
178,2020-05-13,2140,40,2180,2195,2105,802067
177,2020-05-14,2060,80,2140,2150,2050,991082
176,2020-05-15,2060,0,2055,2115,2035,905734
175,2020-05-18,1940,120,2040,2050,1940,1359455
174,2020-05-19,2060,120,1955,2095,1920,1388940
170,2020-05-20,2095,35,2065,2145,2055,944914
169,2020-05-21,2160,65,2120,2220,2070,2618848
168,2020-05-22,2210,50,2250,2285,2100,3264090
167,2020-05-25,2170,40,2210,2220,2145,782023
166,2020-05-26,2095,75,2155,2170,2080,1267192
163,2020-05-27,2050,45,2140,2140,2030,859758
162,2020-05-28,1940,110,2055,2075,1905,1831328
161,2020-05-29,1940,0,1940,1965,1905,506252
160,2020-06-01,1965,25,1955,1975,1945,363560
159,2020-06-02,1965,0,1960,1970,1935,559222
155,2020-06-03,1925,40,1970,1995,1920,739522
154,2020-06-04,1915,10,1945,1945,1905,555253
153,2020-06-05,1860,55,1925,1925,1840,1014552
152,2020-06-08,1810,50,1870,1905,1725,910421
151,2020-06-09,1845,35,1825,1870,1805,707936
148,2020-06-10,1900,55,1820,1910,1815,1105006
147,2020-06-11,1930,30,1885,1990,1880,1234031
146,2020-06-12,1850,80,1840,1875,1780,741316
145,2020-06-15,1615,235,1850,1860,1580,1084516
144,2020-06-16,1720,105,1625,1740,1625,771688
140,2020-06-17,1770,50,1680,1810,1675,826545
139,2020-06-18,1740,30,1770,1785,1715,340335
138,2020-06-19,1730,10,1730,1760,1710,323112
137,2020-06-22,1685,45,1730,1740,1675,415760
136,2020-06-23,1615,70,1705,1710,1585,919442
133,2020-06-24,1610,5,1585,1640,1585,430267
132,2020-06-25,1540,70,1605,1610,1535,725962
131,2020-06-26,1565,25,1540,1660,1530,909907
130,2020-06-29,1690,125,1590,1850,1570,3382490
129,2020-06-30,1705,15,1700,1760,1650,1042243
125,2020-07-01,1625,80,1675,1720,1620,548194
124,2020-07-02,1615,10,1605,1640,1550,602739
123,2020-07-03,1700,85,1615,1700,1575,802389
122,2020-07-06,1730,30,1705,1760,1695,495398
121,2020-07-07,1735,5,1760,1765,1695,547954
118,2020-07-08,1750,15,1735,1750,1705,345706
117,2020-07-09,1715,35,1750,1780,1700,448199
116,2020-07-10,1675,40,1715,1730,1660,296966
115,2020-07-13,1670,5,1670,1695,1645,227233
114,2020-07-14,1640,30,1655,1680,1630,301675
110,2020-07-15,1800,160,1640,1845,1625,2613160
109,2020-07-16,1855,55,1845,1885,1805,2322855
108,2020-07-17,1820,35,1855,1855,1765,747722
107,2020-07-20,1805,15,1820,1825,1770,504308
106,2020-07-21,1770,35,1790,1825,1720,810309
103,2020-07-22,1775,5,1780,1790,1735,514731
102,2020-07-23,1705,70,1785,1805,1690,839762
101,2020-07-24,1700,5,1680,1715,1635,744643
100,2020-07-27,1675,25,1695,1715,1665,303387
99,2020-07-28,1665,10,1675,1690,1650,342274
95,2020-07-29,1655,10,1665,1685,1635,401833
94,2020-07-30,1640,15,1650,1660,1630,260327
93,2020-07-31,1600,40,1640,1650,1590,476516
92,2020-08-03,1640,40,1600,1645,1600,284816
91,2020-08-04,1660,20,1635,1665,1625,313119
88,2020-08-05,1645,15,1650,1675,1615,448991
87,2020-08-06,1730,85,1645,1740,1620,1101444
86,2020-08-07,1750,20,1745,1765,1665,1027433
85,2020-08-10,1710,40,1780,1780,1700,548473
84,2020-08-11,1900,190,1710,1900,1690,2990061
80,2020-08-12,1990,90,1970,2045,1820,4345200
79,2020-08-13,1915,75,2055,2070,1900,3006509
78,2020-08-14,2045,130,1930,2050,1885,1960169
77,2020-08-18,1775,270,2030,2030,1760,1804023
76,2020-08-19,1810,35,1775,1855,1775,700481
73,2020-08-20,1625,185,1795,1810,1585,1859603
72,2020-08-21,1630,5,1640,1670,1550,814541
71,2020-08-24,1615,15,1625,1655,1575,475535
70,2020-08-25,1680,65,1615,1755,1605,1100086
69,2020-08-26,1645,35,1675,1695,1630,1067340
65,2020-08-27,1710,65,1650,1725,1635,1301516
64,2020-08-28,1690,20,1745,1780,1680,918958
63,2020-08-31,1765,75,1725,1815,1705,902020
62,2020-09-01,1760,5,1760,1800,1740,332877
61,2020-09-02,1800,40,1770,1860,1735,1165888
58,2020-09-03,1780,20,1805,1835,1775,704504
57,2020-09-04,1740,40,1700,1755,1675,547076
56,2020-09-07,1870,130,1755,1960,1730,2616768
55,2020-09-08,1920,50,1955,2080,1885,5254068
54,2020-09-09,1880,40,1865,1945,1850,868091
50,2020-09-10,1890,10,1910,1915,1830,828936
49,2020-09-11,1850,40,1870,1890,1810,551177
48,2020-09-14,1965,115,1870,1985,1865,1318789
47,2020-09-15,1935,30,2050,2050,1915,1173599
46,2020-09-16,1915,20,1935,1935,1880,612169
43,2020-09-17,2260,345,1935,2390,1930,26405567
42,2020-09-18,2210,50,2185,2220,2080,4087584
41,2020-09-21,2105,105,2170,2240,2090,3017433
40,2020-09-22,1940,165,2070,2085,1910,2442400
39,2020-09-23,1900,40,1970,2000,1810,1232891
35,2020-09-24,1785,115,1850,1870,1750,1444196
34,2020-09-25,1720,65,1805,1825,1715,933977
33,2020-09-28,1865,145,1770,1865,1750,741624
32,2020-09-29,1870,5,1905,1915,1835,703853
31,2020-10-05,1975,105,1875,1975,1845,584651
28,2020-10-06,1895,80,1975,1995,1895,983929
27,2020-10-07,1990,95,1895,2035,1870,1205715
26,2020-10-08,1995,5,2005,2025,1970,753764
25,2020-10-12,2020,25,2000,2045,1970,754532
24,2020-10-13,1975,45,2040,2040,1950,560858
20,2020-10-14,1940,35,1965,2020,1915,585022
19,2020-10-15,1890,50,1940,1940,1820,852054
18,2020-10-16,1865,25,1890,1900,1825,416700
17,2020-10-19,1830,35,1845,1885,1830,355463
16,2020-10-20,1815,15,1815,1850,1740,556343
13,2020-10-21,1835,20,1825,1835,1800,233438
12,2020-10-22,1780,55,1835,1835,1770,330756
11,2020-10-23,1770,10,1780,1800,1755,286643
10,2020-10-26,1705,65,1745,1780,1680,482179
9,2020-10-27,1710,5,1670,1745,1650,310943
5,2020-10-28,1740,30,1725,1740,1680,212339
4,2020-10-29,1710,30,1685,1715,1665,269086
3,2020-10-30,1690,20,1720,1720,1675,192602
2,2020-11-02,1690,0,1690,1705,1650,294633
1,2020-11-03,1750,60,1700,1750,1690,233490
