,date,close,diff,open,high,low,volume
448,2019-08-16,2430,0,0,0,0,0
447,2019-08-19,2430,0,0,0,0,0
446,2019-08-20,2430,0,0,0,0,0
445,2019-08-21,2430,0,0,0,0,0
444,2019-08-22,2430,0,0,0,0,0
440,2019-08-23,2430,0,0,0,0,0
439,2019-08-26,2430,0,0,0,0,0
438,2019-08-27,2430,0,0,0,0,0
437,2019-08-28,2430,0,0,0,0,0
436,2019-08-29,2430,0,0,0,0,0
433,2019-08-30,2430,0,0,0,0,0
432,2019-09-02,2430,0,0,0,0,0
431,2019-09-03,2430,0,0,0,0,0
430,2019-09-04,2430,0,0,0,0,0
429,2019-09-05,2430,0,0,0,0,0
425,2019-09-06,2475,175,2650,2685,2395,1120736
424,2019-09-09,2440,35,2475,2495,2400,103101
423,2019-09-10,2285,155,2465,2465,2275,188336
422,2019-09-11,2345,60,2270,2425,2270,76848
421,2019-09-16,2385,40,2385,2465,2340,121290
418,2019-09-17,2275,110,2385,2385,2220,87785
417,2019-09-18,2245,30,2250,2275,2215,34211
416,2019-09-19,2275,30,2245,2300,2230,45811
415,2019-09-20,2300,25,2275,2490,2270,174959
414,2019-09-23,2275,25,2295,2325,2250,22984
410,2019-09-24,2275,0,2265,2300,2225,41550
409,2019-09-25,2195,80,2285,2285,2185,56431
408,2019-09-26,2195,0,2185,2235,2155,23973
407,2019-09-27,2200,5,2235,2235,2160,74170
406,2019-09-30,2115,85,2190,2190,2050,74067
403,2019-10-01,2090,25,2105,2145,2090,23876
402,2019-10-02,2090,0,2110,2110,2075,27057
401,2019-10-04,2055,35,2105,2110,2045,54322
400,2019-10-07,2020,35,2070,2105,2005,49417
399,2019-10-08,2010,10,2015,2020,1995,59690
395,2019-10-10,2030,20,2010,2030,1995,18884
394,2019-10-11,2030,0,2030,2050,2010,3568
393,2019-10-14,2040,10,2030,2045,2025,15452
392,2019-10-15,2035,5,2045,2045,2015,1845
391,2019-10-16,2035,0,2035,2055,2010,13147
388,2019-10-17,2030,5,2035,2040,2010,3442
387,2019-10-18,2035,5,2015,2035,2010,8586
386,2019-10-21,2025,10,2045,2045,2010,2443
385,2019-10-22,2025,0,2010,2025,2005,25781
384,2019-10-23,1995,30,2040,2040,1995,27626
380,2019-10-24,1995,0,2000,2000,1950,31123
379,2019-10-25,1985,10,1995,1995,1965,7447
378,2019-10-28,2015,30,1990,2060,1985,54735
377,2019-10-29,2025,10,2010,2030,2010,6652
376,2019-10-30,2050,25,2025,2090,1985,105906
373,2019-10-31,2050,0,2050,2065,2000,28846
372,2019-11-01,2030,20,2020,2095,2015,63392
371,2019-11-04,2055,25,2055,2070,2030,25303
370,2019-11-05,2075,20,2055,2075,2050,42546
369,2019-11-06,2110,35,2075,2130,2075,81173
365,2019-11-07,2080,30,2110,2125,2080,31540
364,2019-11-08,2070,10,2080,2105,2050,45232
363,2019-11-11,2055,15,2070,2070,2020,20892
362,2019-11-12,2055,0,2055,2070,2035,13054
361,2019-11-13,2055,0,2070,2070,2040,12382
358,2019-11-14,2045,10,2020,2055,2020,5509
357,2019-11-15,2060,15,2060,2075,2040,37705
356,2019-11-18,2040,20,2060,2060,2040,13756
355,2019-11-19,2060,20,2060,2060,2030,46042
354,2019-11-20,2035,25,2055,2055,2030,17206
350,2019-11-21,2025,10,2030,2070,2020,15904
349,2019-11-22,2035,10,2015,2035,2010,26537
348,2019-11-25,2040,5,2020,2040,2015,13435
347,2019-11-26,2050,10,2025,2050,2020,7840
346,2019-11-27,2040,10,2055,2055,2040,5519
343,2019-11-28,2045,5,2035,2055,2020,28244
342,2019-11-29,2025,20,2045,2070,2020,12786
341,2019-12-02,2020,5,2025,2075,2020,22839
340,2019-12-03,2035,15,2020,2060,2005,23132
339,2019-12-04,2020,15,2015,2055,2000,17549
335,2019-12-05,2005,15,2020,2020,1990,30784
334,2019-12-06,2000,5,2015,2040,1985,38052
333,2019-12-09,2000,0,2010,2010,1985,11835
332,2019-12-10,2000,0,1960,2005,1960,23884
331,2019-12-11,1970,30,1990,2010,1900,85970
328,2019-12-12,1975,5,1990,1990,1960,15892
327,2019-12-13,1965,10,1980,1980,1940,25014
326,2019-12-16,1965,0,1965,1980,1950,15198
325,2019-12-17,1990,25,1965,1990,1950,21257
324,2019-12-18,1975,15,1995,2010,1940,32619
320,2019-12-19,2005,30,2005,2030,1990,26053
319,2019-12-20,2005,0,2065,2065,1960,49044
318,2019-12-23,2070,65,2025,2280,2010,977405
317,2019-12-24,1985,85,2035,2060,1960,151023
316,2019-12-26,1995,10,1970,2010,1940,42128
313,2019-12-27,1985,10,1995,2020,1980,20141
312,2019-12-30,1990,5,1960,2000,1955,21818
311,2020-01-02,1985,5,1975,1995,1960,15630
310,2020-01-03,1950,35,2040,2040,1950,27392
309,2020-01-06,1890,60,1940,1950,1860,49964
305,2020-01-07,1895,5,1920,1920,1865,15274
304,2020-01-08,1840,55,1910,1910,1830,54190
303,2020-01-09,1860,20,1885,1885,1850,16061
302,2020-01-10,1860,0,1895,1915,1855,11515
301,2020-01-13,1900,40,1870,1905,1855,17937
298,2020-01-14,1890,10,1900,1950,1850,14131
297,2020-01-15,1925,35,1890,1940,1870,15626
296,2020-01-16,1930,5,1905,1935,1890,19720
295,2020-01-17,1900,30,1950,1950,1900,8880
294,2020-01-20,1865,35,1950,1950,1850,59704
290,2020-01-21,1850,15,1885,1900,1830,60340
289,2020-01-22,1855,5,1890,1890,1845,8694
288,2020-01-23,1870,15,1880,1880,1850,11210
287,2020-01-28,1875,5,1895,1895,1820,34835
286,2020-01-29,1855,20,1875,1875,1810,20010
283,2020-01-30,1840,15,1870,1870,1835,11435
282,2020-01-31,1850,10,1850,1860,1815,15385
281,2020-02-03,1815,35,1810,1850,1800,23576
280,2020-02-04,1955,140,1815,2045,1815,141861
279,2020-02-05,1945,10,1970,2000,1920,32669
275,2020-02-06,2050,105,1945,2200,1945,448133
274,2020-02-07,2040,10,2050,2070,1990,85649
273,2020-02-10,2265,225,1995,2315,1995,1052266
272,2020-02-11,2300,35,2265,2300,2210,332652
271,2020-02-12,2240,60,2300,2300,2215,178663
268,2020-02-13,2200,40,2240,2255,2175,78043
267,2020-02-14,2150,50,2165,2215,2140,58868
266,2020-02-17,2130,20,2170,2170,2100,41115
265,2020-02-18,2045,85,2130,2130,2035,51055
264,2020-02-19,2080,35,2025,2300,2005,348288
260,2020-02-20,2100,20,2080,2125,2050,57532
259,2020-02-21,2050,50,2080,2225,2010,104082
258,2020-02-24,2020,30,2010,2085,1980,38238
257,2020-02-25,2025,5,2075,2075,1990,24650
256,2020-02-26,2020,5,2025,2025,1985,7937
253,2020-02-27,1990,30,2015,2090,1955,35296
252,2020-02-28,1915,75,2055,2055,1915,50341
251,2020-03-02,1960,45,2025,2025,1905,10460
250,2020-03-03,1920,40,1990,2000,1915,32774
249,2020-03-04,2050,130,1920,2150,1920,250920
245,2020-03-05,2015,35,2050,2140,2015,33481
244,2020-03-06,1950,65,1905,2025,1905,38174
243,2020-03-09,1860,90,1950,2035,1850,34666
242,2020-03-10,1840,20,1820,1990,1815,43504
241,2020-03-11,1825,15,1850,1985,1805,36918
238,2020-03-12,1750,75,1835,1935,1740,23164
237,2020-03-13,1555,195,1415,1715,1410,127120
236,2020-03-16,1590,35,1555,1710,1480,45768
235,2020-03-17,1640,50,1565,1710,1450,21154
234,2020-03-18,1550,90,1640,1675,1550,11695
230,2020-03-19,1385,165,1550,1560,1335,33929
229,2020-03-20,1495,110,1295,1495,1295,21350
228,2020-03-23,1410,85,1470,1495,1405,4292
227,2020-03-24,1460,50,1410,1480,1410,16184
226,2020-03-25,1510,50,1450,1530,1450,11502
223,2020-03-26,1550,40,1495,1595,1495,11837
222,2020-03-27,1605,55,1555,1775,1525,20171
221,2020-03-30,1730,125,1610,1750,1610,27479
220,2020-03-31,1680,50,1735,1785,1635,23931
219,2020-04-01,1670,10,1730,1730,1670,16623
215,2020-04-02,1650,20,1755,1755,1600,11494
214,2020-04-03,1700,50,1655,1700,1650,14803
213,2020-04-06,1700,0,1700,1735,1685,21947
212,2020-04-07,1710,10,1725,1800,1670,18390
211,2020-04-08,1735,25,1735,1735,1670,16391
208,2020-04-09,1705,30,1795,1795,1675,7343
207,2020-04-10,1685,20,1705,1705,1675,31324
206,2020-04-13,1720,35,1795,1795,1700,12579
205,2020-04-14,1720,0,1815,1815,1720,12768
204,2020-04-16,1735,15,1815,1815,1705,14872
200,2020-04-17,1775,40,1750,1795,1735,18548
199,2020-04-20,1815,40,1775,1855,1775,26177
198,2020-04-21,1800,15,1815,1895,1750,22976
197,2020-04-22,1770,30,1800,1800,1725,8056
196,2020-04-23,1870,100,1825,1995,1770,130500
193,2020-04-24,1835,35,1875,1920,1825,60779
192,2020-04-27,1825,10,1835,1880,1805,37588
191,2020-04-28,2000,175,1820,2040,1815,355200
190,2020-04-29,1975,25,2005,2015,1960,69186
189,2020-05-04,1965,10,1975,1975,1910,23683
185,2020-05-06,1955,10,1970,2010,1955,23170
184,2020-05-07,1980,25,2000,2000,1940,8550
183,2020-05-08,1980,0,2040,2100,1925,57100
182,2020-05-11,1970,10,2000,2000,1955,9792
181,2020-05-12,1970,0,2010,2010,1940,13389
178,2020-05-13,1970,0,1965,2000,1930,36352
177,2020-05-14,1955,15,1995,1995,1910,6108
176,2020-05-15,2085,130,2010,2100,1940,449364
175,2020-05-18,2100,15,2160,2230,2040,601263
174,2020-05-19,2010,90,2110,2120,1995,176647
170,2020-05-20,2195,185,2030,2200,2010,500955
169,2020-05-21,2290,95,2195,2400,2080,1042012
168,2020-05-22,2180,110,2305,2310,2100,205315
167,2020-05-25,2105,75,2200,2275,2080,251799
166,2020-05-26,2175,70,2105,2190,2080,151703
163,2020-05-27,2170,5,2260,2260,2095,137568
162,2020-05-28,2090,80,2170,2205,2070,130205
161,2020-05-29,2105,15,2095,2110,2025,56722
160,2020-06-01,2085,20,2150,2150,2070,60637
159,2020-06-02,2080,5,2075,2090,2055,62813
155,2020-06-03,2045,35,2130,2130,2035,128284
154,2020-06-04,2055,10,2120,2120,2030,24562
153,2020-06-05,2075,20,2055,2105,2055,41676
152,2020-06-08,2090,15,2090,2190,2065,48828
151,2020-06-09,2065,25,2090,2115,2045,37956
148,2020-06-10,2065,0,2070,2080,2015,73101
147,2020-06-11,2045,20,2050,2070,2020,57979
146,2020-06-12,1980,65,2015,2015,1950,94126
145,2020-06-15,1880,100,1985,2020,1880,89432
144,2020-06-16,1915,35,1890,1980,1890,20363
140,2020-06-17,1960,45,1920,1960,1885,32580
139,2020-06-18,1955,5,1970,2000,1935,54243
138,2020-06-19,1985,30,1990,1990,1950,20932
137,2020-06-22,1940,45,2040,2040,1845,215355
136,2020-06-23,1855,85,1940,1950,1840,117211
133,2020-06-24,1885,30,1855,1900,1810,49770
132,2020-06-25,1880,5,1825,1925,1825,14599
131,2020-06-26,1910,30,1910,1920,1875,25923
130,2020-06-29,1885,25,1920,1920,1870,23016
129,2020-06-30,1870,15,1855,1910,1855,15604
125,2020-07-01,1910,40,1890,1930,1870,16774
124,2020-07-02,1875,35,1870,1930,1870,21088
123,2020-07-03,1875,0,1900,1900,1820,32366
122,2020-07-06,1865,10,1915,1915,1855,3898
121,2020-07-07,1875,10,1920,1920,1875,5086
118,2020-07-08,1890,15,1900,1900,1875,6528
117,2020-07-09,1865,25,1890,1910,1840,48476
116,2020-07-10,1865,0,1955,1955,1835,25507
115,2020-07-13,1855,10,1970,1970,1845,14349
114,2020-07-14,1865,10,1875,1875,1850,5962
110,2020-07-15,1875,10,1875,1885,1850,14145
109,2020-07-16,1885,10,1915,1915,1875,15538
108,2020-07-17,1900,15,1905,1905,1885,7165
107,2020-07-20,1845,55,1925,1925,1810,191847
106,2020-07-21,1900,55,1905,1925,1865,100686
103,2020-07-22,1875,25,1900,1910,1860,87470
102,2020-07-23,1855,20,1875,1900,1790,114762
101,2020-07-24,1840,15,1845,1860,1830,29214
100,2020-07-27,1835,5,1830,1875,1830,11357
99,2020-07-28,1830,5,1865,1875,1790,81773
95,2020-07-29,1835,5,1830,1850,1820,10076
94,2020-07-30,1840,5,1880,1880,1820,9532
93,2020-07-31,1825,15,1865,1865,1805,21145
92,2020-08-03,1840,15,1830,1845,1800,21886
91,2020-08-04,1850,10,1830,1855,1830,18946
88,2020-08-05,1835,15,1855,1860,1835,18127
87,2020-08-06,1820,15,1835,1855,1820,15957
86,2020-08-07,1830,10,1835,1850,1820,8545
85,2020-08-10,1905,75,1830,1905,1830,44973
84,2020-08-11,1885,20,1935,1935,1855,18679
80,2020-08-12,1910,25,1860,1910,1860,37689
79,2020-08-13,1880,30,1895,1910,1875,25253
78,2020-08-14,1865,15,1880,1985,1850,121161
77,2020-08-18,1850,15,1865,1870,1830,28479
76,2020-08-19,1840,10,1870,1870,1825,23305
73,2020-08-20,1830,10,1865,1865,1820,22948
72,2020-08-21,1830,0,1840,1860,1820,12393
71,2020-08-24,1875,45,1840,1900,1825,19035
70,2020-08-25,1900,25,1895,1925,1850,30398
69,2020-08-26,1910,10,1900,1935,1890,47766
65,2020-08-27,2010,100,1955,2290,1945,2157960
64,2020-08-28,1995,15,2020,2030,1965,219317
63,2020-08-31,1990,5,1995,2010,1965,360778
62,2020-09-01,2050,60,2350,2585,2050,15591544
61,2020-09-02,2020,30,2050,2065,1950,1506415
58,2020-09-03,1980,40,2015,2070,1980,678285
57,2020-09-04,1970,10,1940,1980,1920,381673
56,2020-09-07,2005,35,1970,2040,1965,496528
55,2020-09-08,1990,15,2025,2030,1965,287939
54,2020-09-09,1970,20,1950,1985,1950,158144
50,2020-09-10,1985,15,1980,2000,1965,158970
49,2020-09-11,2035,50,1985,2035,1970,252007
48,2020-09-14,2085,50,2030,2085,2020,436437
47,2020-09-15,2100,15,2105,2105,2060,244086
46,2020-09-16,2110,10,2135,2180,2090,420203
43,2020-09-17,2115,5,2115,2180,2090,261240
42,2020-09-18,2115,0,2155,2155,2075,164433
41,2020-09-21,2095,20,2115,2130,2060,187347
40,2020-09-22,2055,40,2085,2120,2055,129695
39,2020-09-23,2220,165,2065,2380,2065,2144427
35,2020-09-24,2100,120,2180,2195,2065,319924
34,2020-09-25,2090,10,2110,2155,2065,175065
33,2020-09-28,2085,5,2115,2115,2070,112157
32,2020-09-29,2100,15,2085,2170,2075,102001
31,2020-10-05,2075,25,2100,2100,2060,78126
28,2020-10-06,2110,35,2065,2110,2055,92113
27,2020-10-07,2200,90,2110,2250,2095,582545
26,2020-10-08,2255,55,2200,2265,2185,294388
25,2020-10-12,2240,15,2245,2255,2210,165735
24,2020-10-13,2280,40,2265,2315,2215,209181
20,2020-10-14,2465,185,2305,2555,2300,2088311
19,2020-10-15,2350,115,2450,2455,2345,486389
18,2020-10-16,2485,135,2375,2840,2355,7703112
17,2020-10-19,2365,120,2420,2475,2320,842362
16,2020-10-20,2580,215,2350,2580,2345,1739273
13,2020-10-21,2585,5,2545,2615,2495,858514
12,2020-10-22,2630,45,2535,2715,2505,1021547
11,2020-10-23,2570,60,2620,2660,2535,272696
10,2020-10-26,2400,170,2545,2595,2400,563590
9,2020-10-27,2495,95,2380,2545,2305,276358
5,2020-10-28,2435,60,2495,2545,2355,171713
4,2020-10-29,2490,55,2430,2500,2390,184637
3,2020-10-30,2390,100,2460,2485,2390,114375
2,2020-11-02,2415,25,2435,2435,2365,97608
1,2020-11-03,2385,30,2410,2465,2350,219117
