,date,close,diff,open,high,low,volume
448,2019-08-16,72000,1300,72100,72800,70600,49162
447,2019-08-19,72900,900,72000,73300,71400,35756
446,2019-08-20,72500,400,73000,73100,70700,62498
445,2019-08-21,77000,4500,72900,77600,72100,187769
444,2019-08-22,76200,800,76900,77700,75100,99248
440,2019-08-23,77900,1700,76200,79100,74800,111119
439,2019-08-26,74000,3900,75900,76500,73600,132350
438,2019-08-27,73100,900,75200,75900,73100,90810
437,2019-08-28,75200,2100,73600,75300,72600,85925
436,2019-08-29,71000,4200,75200,75300,69400,137425
433,2019-08-30,73000,2000,71600,73200,71500,63977
432,2019-09-02,78500,5500,72500,78900,72400,213240
431,2019-09-03,78900,400,79900,80700,78000,96014
430,2019-09-04,80600,1700,78300,80600,77700,76319
429,2019-09-05,83900,3300,80200,84100,80100,121469
425,2019-09-06,84000,100,84600,86000,83400,68877
424,2019-09-09,83200,800,84800,85000,81100,65044
423,2019-09-10,82500,700,82300,83700,81200,69706
422,2019-09-11,82500,0,82000,84000,81900,67145
421,2019-09-16,83200,700,83200,84000,82100,48323
418,2019-09-17,82200,1000,83500,83600,81500,63094
417,2019-09-18,83700,1500,82600,85800,82300,86474
416,2019-09-19,82300,1400,83700,85300,82100,60039
415,2019-09-20,87000,4700,82900,87000,82300,108348
414,2019-09-23,86500,500,87000,87200,85500,38590
410,2019-09-24,84500,2000,86500,87500,83700,83150
409,2019-09-25,82400,2100,83900,85300,82200,64327
408,2019-09-26,83500,1100,82200,84500,82200,49965
407,2019-09-27,84900,1400,83600,85200,82800,47828
406,2019-09-30,85600,700,84600,85600,82100,59932
403,2019-10-01,84200,1400,85500,85500,83100,54857
402,2019-10-02,86600,2400,83400,87700,83100,62813
401,2019-10-04,87000,400,85900,89100,85300,80092
400,2019-10-07,83800,3200,87700,87800,82200,235616
399,2019-10-08,85700,1900,82700,87100,82500,84157
395,2019-10-10,86800,1100,84600,89900,84600,114578
394,2019-10-11,92100,5300,88200,95000,88000,222377
393,2019-10-14,93900,1800,93400,96700,92700,148258
392,2019-10-15,96400,2500,94500,97400,93200,108891
391,2019-10-16,96600,200,96400,98300,96000,63886
388,2019-10-17,98900,2300,96600,99500,95500,93007
387,2019-10-18,97100,1800,98500,100300,96400,94882
386,2019-10-21,99300,2200,97100,99400,95800,71941
385,2019-10-22,99200,100,99400,99700,98200,55541
384,2019-10-23,99900,700,99200,101200,98400,68495
380,2019-10-24,98300,1600,99300,100200,97100,80384
379,2019-10-25,99800,1500,99500,101700,98500,126430
378,2019-10-28,99800,0,100000,100700,98100,54339
377,2019-10-29,99000,800,100400,100400,97900,57378
376,2019-10-30,95700,3300,98000,99200,95200,94050
373,2019-10-31,96300,600,95300,98900,95300,105791
372,2019-11-01,98000,1700,97100,98200,95000,64528
371,2019-11-04,98300,300,98900,99700,97500,79481
370,2019-11-05,96600,1700,99000,99400,95000,83210
369,2019-11-06,90700,5900,95900,97700,87800,292940
365,2019-11-07,90700,0,91300,91800,87200,133716
364,2019-11-08,91000,300,91200,91800,88500,67931
363,2019-11-11,89700,1300,90300,91000,88900,51994
362,2019-11-12,92100,2400,89500,92800,89100,98419
361,2019-11-13,91200,900,91600,93000,90900,57359
358,2019-11-14,88900,2300,92000,92000,87500,113852
357,2019-11-15,89000,100,89300,90200,85900,135262
356,2019-11-18,89100,100,88600,89400,87400,76384
355,2019-11-19,91300,2200,89300,93000,88900,142811
354,2019-11-20,92000,700,90300,95200,90300,171615
350,2019-11-21,88500,3500,92500,92900,86700,156483
349,2019-11-22,91200,2700,88800,92000,88500,83489
348,2019-11-25,94400,3200,91200,95000,90400,72594
347,2019-11-26,92600,1800,94800,95200,92600,63542
346,2019-11-27,93200,600,93200,94100,92000,44467
343,2019-11-28,92300,900,92600,93800,90200,68555
342,2019-11-29,90000,2300,92900,92900,88000,89998
341,2019-12-02,85900,4100,89600,90600,84800,151760
340,2019-12-03,86500,600,84800,87000,83000,96438
339,2019-12-04,86100,400,85100,87000,85100,38847
335,2019-12-05,87400,1300,86200,89200,86000,92291
334,2019-12-06,88000,600,87400,89100,87300,61358
333,2019-12-09,87700,300,88000,88600,86700,40987
332,2019-12-10,85800,1900,87700,87900,84600,64808
331,2019-12-11,86300,500,85400,86900,84900,53444
328,2019-12-12,89700,3400,87000,91300,86500,176645
327,2019-12-13,90500,800,90400,92800,89600,141768
326,2019-12-16,91200,700,91000,92200,90100,100117
325,2019-12-17,93500,2300,92000,94700,91200,153799
324,2019-12-18,93500,0,93300,94100,92600,104518
320,2019-12-19,91300,2200,93700,96100,90900,164361
319,2019-12-20,92200,900,91900,92600,91000,109322
318,2019-12-23,90500,1700,92300,92800,89900,116628
317,2019-12-24,91100,600,90700,92000,90000,110529
316,2019-12-26,94700,3600,91700,95200,90200,271470
313,2019-12-27,102600,7900,96000,104700,96000,361561
312,2019-12-30,103300,700,101400,103400,100200,103442
311,2020-01-02,100300,3000,102500,102700,100100,103361
310,2020-01-03,100900,600,100700,104000,100000,116655
309,2020-01-06,102500,1600,98600,105500,98600,128547
305,2020-01-07,104200,1700,103000,106100,101600,112823
304,2020-01-08,103500,700,104000,105600,102100,91280
303,2020-01-09,107400,3900,105700,108500,104600,113099
302,2020-01-10,108400,1000,107500,109600,106400,53436
301,2020-01-13,106500,1900,110000,110000,104300,93168
298,2020-01-14,107300,800,106500,109900,106500,88497
297,2020-01-15,109300,2000,107300,109300,106000,74304
296,2020-01-16,112500,3200,109300,113200,108800,113392
295,2020-01-17,114800,2300,111600,116400,111600,103729
294,2020-01-20,114600,200,114800,118400,113800,97929
290,2020-01-21,113900,700,114700,115400,113000,57725
289,2020-01-22,116000,2100,113900,117700,113400,97463
288,2020-01-23,116700,700,115500,118800,114700,82932
287,2020-01-28,114100,2600,113000,114400,111000,113551
286,2020-01-29,113500,600,114500,116400,112800,69112
283,2020-01-30,110100,3400,113000,114200,108200,142993
282,2020-01-31,105000,5100,110100,111100,104400,97108
281,2020-02-03,106700,1700,101200,107300,101200,85055
280,2020-02-04,109100,2400,105700,109600,104700,77011
279,2020-02-05,107000,2100,110000,110400,104900,83469
275,2020-02-06,107000,0,107800,108000,105600,69057
274,2020-02-07,106800,200,106400,107600,104400,44755
273,2020-02-10,106500,300,105200,107100,104500,40546
272,2020-02-11,111900,5400,106600,112500,106600,100089
271,2020-02-12,109200,2700,110100,111400,108300,79522
268,2020-02-13,110000,800,108000,110300,108000,54744
267,2020-02-14,111300,1300,110600,112400,108900,53789
266,2020-02-17,113700,2400,111100,115000,110100,70734
265,2020-02-18,105000,8700,114000,114200,104800,128153
264,2020-02-19,108500,3500,105100,108700,105000,82034
260,2020-02-20,108900,400,108500,110000,106900,60575
259,2020-02-21,108900,0,107400,109900,105700,61997
258,2020-02-24,101300,7600,105500,106900,100900,122071
257,2020-02-25,104000,2700,100100,104300,100100,86104
256,2020-02-26,101600,2400,101300,101900,97000,158999
253,2020-02-27,94200,7400,100600,101300,93400,171095
252,2020-02-28,88400,5800,92500,92900,86800,286244
251,2020-03-02,94200,5800,88100,94500,87100,203237
250,2020-03-03,91900,2300,97000,97400,91200,134777
249,2020-03-04,93500,1600,91000,94200,91000,76703
245,2020-03-05,96200,2700,95000,96600,92800,126168
244,2020-03-06,93700,2500,95900,95900,91800,104648
243,2020-03-09,88300,5400,91800,92800,87900,120204
242,2020-03-10,90400,2100,87200,90400,86000,104032
241,2020-03-11,84500,5900,90000,90300,84300,165361
238,2020-03-12,72400,12100,83800,83800,64700,808452
237,2020-03-13,64200,8200,66000,68000,57800,753970
236,2020-03-16,61000,3200,67000,69400,61000,413449
235,2020-03-17,60400,600,58000,64200,57200,430320
234,2020-03-18,54000,6400,60800,63400,54000,446147
230,2020-03-19,40300,13700,56000,57100,38300,1122927
229,2020-03-20,49000,8700,43200,49650,41200,574432
228,2020-03-23,45150,3850,44550,47200,43400,397576
227,2020-03-24,54200,9050,48000,54200,47500,477337
226,2020-03-25,60700,6500,58300,60800,56400,557283
223,2020-03-26,59300,1400,60900,61900,58100,375158
222,2020-03-27,60600,1300,63000,63300,57300,332508
221,2020-03-30,61000,400,57200,61700,56800,257009
220,2020-03-31,60600,400,62300,62500,60000,220761
219,2020-04-01,58500,2100,60000,62600,58500,271162
215,2020-04-02,60500,2000,58500,60500,57200,170212
214,2020-04-03,60600,100,61000,61300,59000,168493
213,2020-04-06,71200,10600,60700,72800,60600,681530
212,2020-04-07,73700,2500,74000,75400,69800,509038
211,2020-04-08,73500,200,73500,75100,72200,206619
208,2020-04-09,73700,200,74600,75900,73100,181984
207,2020-04-10,70900,2800,73300,73300,68000,249550
206,2020-04-13,67600,3300,70900,70900,67600,158896
205,2020-04-14,71400,3800,68500,71500,68200,164788
204,2020-04-16,71400,0,70000,71900,68100,137478
200,2020-04-17,73000,1600,73000,75000,72400,202721
199,2020-04-20,71600,1400,73300,74200,70600,132269
198,2020-04-21,69900,1700,71200,71600,68200,175788
197,2020-04-22,71300,1400,68200,71900,67600,120645
196,2020-04-23,70400,900,72100,72300,70000,98142
193,2020-04-24,70000,400,69700,72700,69200,137376
192,2020-04-27,72200,2200,70500,72500,69600,127089
191,2020-04-28,71100,1100,72100,72200,70700,91839
190,2020-04-29,72500,1400,71000,75800,70800,285237
189,2020-05-04,70400,2100,70000,71600,69800,101827
185,2020-05-06,74100,3700,71500,75000,71000,210252
184,2020-05-07,76800,2700,73800,78700,73000,240286
183,2020-05-08,81800,5000,77700,82500,77400,266392
182,2020-05-11,83500,1700,81700,85000,81200,263198
181,2020-05-12,81600,1900,83500,84700,79300,213487
178,2020-05-13,81500,100,79500,82000,78200,176753
177,2020-05-14,79100,2400,80000,80600,79000,108440
176,2020-05-15,80900,1800,79800,82900,79800,156878
175,2020-05-18,83000,2100,81700,85500,81300,242708
174,2020-05-19,85400,2400,85000,86400,83100,157073
170,2020-05-20,92000,6600,85400,92700,84300,261211
169,2020-05-21,92000,0,94100,96100,91200,161764
168,2020-05-22,90300,1700,92600,93000,89200,149830
167,2020-05-25,92000,1700,90300,92300,89700,105988
166,2020-05-26,91800,200,93400,93400,90700,85073
163,2020-05-27,91100,700,91500,91700,88400,167700
162,2020-05-28,86400,4700,91600,92500,85200,221109
161,2020-05-29,87900,1500,85000,89000,83500,107858
160,2020-06-01,92300,4400,88800,92500,87700,167789
159,2020-06-02,91500,800,92300,93600,91200,75946
155,2020-06-03,90500,1000,91500,92400,89200,94023
154,2020-06-04,90900,400,90800,93100,89700,94468
153,2020-06-05,91700,800,91700,92400,90200,81352
152,2020-06-08,90600,1100,92600,92700,89500,90312
151,2020-06-09,90400,200,90600,91500,89400,75031
148,2020-06-10,89600,800,90100,91000,89100,81240
147,2020-06-11,87600,2000,89400,90400,87100,138922
146,2020-06-12,83500,4100,82000,84800,81400,230922
145,2020-06-15,73000,10500,83200,83200,72500,374113
144,2020-06-16,78500,5500,77300,79700,75200,192743
140,2020-06-17,86000,7500,77600,86800,77600,298231
139,2020-06-18,85400,600,86500,86500,83200,96248
138,2020-06-19,85800,400,86400,86400,83600,96955
137,2020-06-22,88400,2600,84700,90700,84300,192090
136,2020-06-23,85300,3100,88500,90300,84500,163063
133,2020-06-24,88600,3300,86500,92200,85700,319210
132,2020-06-25,86300,2300,87400,90300,85700,190123
131,2020-06-26,90500,4200,89600,93600,88500,383105
130,2020-06-29,88000,2500,89500,90300,86700,128977
129,2020-06-30,94500,6500,89900,95700,88800,419063
125,2020-07-01,98700,4200,96200,102800,95900,498491
124,2020-07-02,100700,2000,101000,105000,99000,189085
123,2020-07-03,100000,700,101200,102600,99100,100681
122,2020-07-06,106500,6500,100200,106500,98800,215732
121,2020-07-07,105300,1200,108600,108700,103200,174089
118,2020-07-08,103600,1700,104900,105700,102200,132428
117,2020-07-09,109900,6300,104500,113400,102900,316226
116,2020-07-10,113500,3600,110800,115500,108300,201621
115,2020-07-13,112300,1200,115000,116800,109800,132209
114,2020-07-14,109200,3100,109500,110000,107400,146012
110,2020-07-15,111200,2000,110700,114000,109300,134217
109,2020-07-16,104300,6900,112400,112400,103000,153924
108,2020-07-17,106100,1800,104500,107800,103400,108263
107,2020-07-20,102200,3900,106200,106300,102000,114553
106,2020-07-21,104900,2700,104200,107400,103100,116634
103,2020-07-22,106200,1300,105000,109700,103600,111293
102,2020-07-23,108700,2500,106700,109600,103900,128173
101,2020-07-24,104000,4700,107200,107900,101700,159425
100,2020-07-27,103400,600,102900,106500,102800,124208
99,2020-07-28,114200,10800,107600,115300,106600,405710
95,2020-07-29,112400,1800,113700,116600,111800,166462
94,2020-07-30,115000,2600,115200,119200,113900,197963
93,2020-07-31,110800,4200,117900,117900,109400,188864
92,2020-08-03,110700,100,110800,111900,108000,93343
91,2020-08-04,113400,2700,111500,113900,110700,117945
88,2020-08-05,120000,6600,114000,121600,112000,275203
87,2020-08-06,121900,1900,121200,127000,116900,270187
86,2020-08-07,126200,4300,122000,128200,121900,192857
85,2020-08-10,126000,200,126900,128700,124500,112948
84,2020-08-11,122500,3500,126000,126400,122100,94318
80,2020-08-12,117700,4800,121600,121600,115600,181345
79,2020-08-13,118800,1100,120000,125000,118400,118123
78,2020-08-14,118000,800,120100,120100,116200,100161
77,2020-08-18,114500,3500,119500,125500,112000,296579
76,2020-08-19,119300,4800,116400,122900,114800,200472
73,2020-08-20,108800,10500,119200,120200,107400,270047
72,2020-08-21,110300,1500,111000,114200,106100,176342
71,2020-08-24,110400,100,108900,111700,106700,112489
70,2020-08-25,117000,6600,110500,117600,110400,147160
69,2020-08-26,116700,300,117100,117600,113600,117303
65,2020-08-27,113200,3500,116700,116700,113000,101096
64,2020-08-28,112800,400,114500,116800,112000,95898
63,2020-08-31,112300,500,113100,115000,111300,74421
62,2020-09-01,112000,300,111400,113400,111400,49484
61,2020-09-02,114500,2500,113000,116000,111600,86546
58,2020-09-03,116000,1500,116500,121500,115300,183536
57,2020-09-04,110800,5200,110000,112000,108500,244854
56,2020-09-07,107700,3100,110200,110200,107500,130300
55,2020-09-08,107500,200,108000,110200,106500,103238
54,2020-09-09,104400,3100,104500,106000,102700,171974
50,2020-09-10,106700,2300,107500,109700,105200,141506
49,2020-09-11,104100,2600,105100,105400,102300,121972
48,2020-09-14,108700,4600,104100,109800,103200,151230
47,2020-09-15,108600,100,110000,110400,107600,62716
46,2020-09-16,104100,4500,109300,109300,103400,134420
43,2020-09-17,103800,300,104100,105400,102500,109099
42,2020-09-18,102800,1000,103700,105100,102300,72423
41,2020-09-21,100000,2800,102800,103700,97100,178170
40,2020-09-22,96400,3600,100800,101100,96400,129425
39,2020-09-23,101000,4600,98200,102300,93200,155277
35,2020-09-24,96500,4500,99000,101000,95800,136861
34,2020-09-25,95600,900,97700,97900,95600,75521
33,2020-09-28,98800,3200,96800,99600,94900,79937
32,2020-09-29,99100,300,100000,100700,97800,78564
31,2020-10-05,99700,600,99100,99900,97000,59626
28,2020-10-06,98600,1100,100700,102200,97900,112303
27,2020-10-07,99200,600,97800,99300,96900,62373
26,2020-10-08,98300,900,100200,100600,97500,90946
25,2020-10-12,101000,2700,98400,101100,98300,99805
24,2020-10-13,101600,600,102600,102600,99500,96779
20,2020-10-14,99500,2100,101000,102300,98400,71178
19,2020-10-15,97400,2100,99300,99400,95800,80009
18,2020-10-16,92500,4900,97000,98300,91000,132160
17,2020-10-19,91100,1400,93300,94200,90800,72861
16,2020-10-20,90600,500,91000,92800,87100,160415
13,2020-10-21,91300,700,90900,91500,88800,59883
12,2020-10-22,88100,3200,91800,91800,87900,91673
11,2020-10-23,88300,200,89200,89300,86300,82259
10,2020-10-26,83200,5100,88100,88200,82700,114470
9,2020-10-27,85400,2200,81900,86800,81200,91544
5,2020-10-28,88000,2600,85000,88000,83100,47625
4,2020-10-29,89900,1900,86800,90000,85100,71778
3,2020-10-30,87700,2200,89000,91800,86500,108633
2,2020-11-02,90000,2300,87700,90900,87100,85598
1,2020-11-03,91100,1100,90900,93000,90300,104049
