,date,close,diff,open,high,low,volume
448,2019-08-16,10050,350,10200,10300,9850,95185
447,2019-08-19,10150,100,10100,10400,10000,96482
446,2019-08-20,10800,650,10200,10800,10150,118027
445,2019-08-21,10800,0,10800,10850,10550,74112
444,2019-08-22,10150,650,10800,10950,10050,280696
440,2019-08-23,10050,100,10100,10250,9950,161607
439,2019-08-26,9330,720,9650,9780,9290,249304
438,2019-08-27,9500,170,9460,9660,9300,121617
437,2019-08-28,9610,110,9410,9640,9410,71557
436,2019-08-29,9600,10,9650,9700,9460,50589
433,2019-08-30,9880,280,9700,9940,9640,92331
432,2019-09-02,9880,0,9880,10000,9780,65980
431,2019-09-03,10050,170,9830,10150,9820,56996
430,2019-09-04,10700,650,10050,10850,10000,180088
429,2019-09-05,10350,350,10700,10750,10250,103014
425,2019-09-06,10300,50,10350,10450,10150,41729
424,2019-09-09,9960,340,10300,10400,9910,166696
423,2019-09-10,9880,80,10050,10100,9830,58156
422,2019-09-11,10000,120,9980,10000,9870,26595
421,2019-09-16,10200,200,10000,10200,9890,78744
418,2019-09-17,10000,200,10250,10250,9990,102846
417,2019-09-18,9990,10,10050,10150,9980,48689
416,2019-09-19,10000,10,10000,10300,9980,73860
415,2019-09-20,9890,110,10100,10100,9820,102467
414,2019-09-23,9610,280,9800,9840,9440,186892
410,2019-09-24,10250,640,9550,10400,9550,273245
409,2019-09-25,9730,520,10200,10250,9710,132515
408,2019-09-26,9690,40,9800,9890,9570,79131
407,2019-09-27,9640,50,9700,9790,9550,27097
406,2019-09-30,9690,50,9720,9720,9460,33800
403,2019-10-01,9800,110,9640,9860,9600,26734
402,2019-10-02,9740,60,9760,9840,9630,28723
401,2019-10-04,9230,510,9660,9740,8950,111199
400,2019-10-07,9190,40,9260,9380,9100,47557
399,2019-10-08,9410,220,9020,9500,9020,62285
395,2019-10-10,9350,60,9400,9480,9290,22972
394,2019-10-11,9080,270,9350,9430,8980,64950
393,2019-10-14,9030,50,9090,9240,8990,63373
392,2019-10-15,9070,40,9140,9140,9000,32644
391,2019-10-16,8830,240,9120,9170,8780,194896
388,2019-10-17,9150,320,8890,9340,8870,187918
387,2019-10-18,9360,210,9180,9470,9180,109119
386,2019-10-21,9040,320,9390,9430,9010,55950
385,2019-10-22,9050,10,9030,9130,8850,64560
384,2019-10-23,8920,130,9080,9290,8760,176467
380,2019-10-24,8480,440,8450,8800,8260,243584
379,2019-10-25,8510,30,8470,8700,8360,157871
378,2019-10-28,8600,90,8490,8910,8490,155847
377,2019-10-29,8290,310,8700,8730,8220,168227
376,2019-10-30,8100,190,8340,8350,8010,155007
373,2019-10-31,8390,290,8130,8390,8110,77165
372,2019-11-01,8310,80,8370,8370,8200,46875
371,2019-11-04,8470,160,8340,8550,8340,70189
370,2019-11-05,8520,50,8470,8560,8420,45881
369,2019-11-06,8830,310,8520,8900,8500,84064
365,2019-11-07,8830,0,8890,8890,8690,61670
364,2019-11-08,8920,90,8890,9070,8850,93503
363,2019-11-11,8970,50,8840,9000,8760,59606
362,2019-11-12,8970,0,8970,9120,8880,106606
361,2019-11-13,8880,90,8990,9080,8770,60812
358,2019-11-14,8720,160,8870,8900,8670,56567
357,2019-11-15,8690,30,8860,8900,8560,54994
356,2019-11-18,8910,220,8840,9000,8690,93457
355,2019-11-19,8730,180,8840,8950,8720,45745
354,2019-11-20,8510,220,8730,8800,8410,54395
350,2019-11-21,8390,120,8510,8730,8240,64886
349,2019-11-22,8380,10,8390,8560,8330,42409
348,2019-11-25,8450,70,8510,8600,8390,35317
347,2019-11-26,8670,220,8590,8670,8450,38235
346,2019-11-27,8730,60,8730,8750,8580,36159
343,2019-11-28,8730,0,8970,8970,8680,44365
342,2019-11-29,8730,0,8730,8810,8670,26227
341,2019-12-02,8800,70,8630,8820,8630,29404
340,2019-12-03,8760,40,8790,8800,8640,29485
339,2019-12-04,8760,0,8730,8800,8620,40286
335,2019-12-05,8740,20,8700,8990,8660,34188
334,2019-12-06,8750,10,8750,8950,8710,34843
333,2019-12-09,8770,20,8750,8910,8690,35781
332,2019-12-10,8640,130,8710,8810,8620,37941
331,2019-12-11,8630,10,8750,8750,8540,35010
328,2019-12-12,8620,10,8580,8760,8580,46760
327,2019-12-13,8950,330,8650,9200,8650,273263
326,2019-12-16,9050,100,8950,9100,8860,105423
325,2019-12-17,9020,30,9000,9040,8910,48296
324,2019-12-18,9020,0,9000,9070,8940,42924
320,2019-12-19,8960,60,9070,9070,8870,46054
319,2019-12-20,8760,200,8960,9060,8720,62986
318,2019-12-23,8450,310,8900,8900,8400,114669
317,2019-12-24,8400,50,8450,8480,8270,62012
316,2019-12-26,8380,20,8330,8440,8260,95566
313,2019-12-27,8480,100,8420,8590,8290,43112
312,2019-12-30,8520,40,8590,8700,8470,58847
311,2020-01-02,8830,310,8670,8920,8580,105458
310,2020-01-03,8750,80,8840,9080,8670,70274
309,2020-01-06,8530,220,8740,8850,8520,65802
305,2020-01-07,8890,360,8540,8940,8540,63682
304,2020-01-08,8600,290,8860,8880,8490,126356
303,2020-01-09,9100,500,8680,9370,8680,339418
302,2020-01-10,9210,110,9130,9270,9070,101461
301,2020-01-13,9430,220,9210,9620,9170,158317
298,2020-01-14,9370,60,9460,9690,9250,130346
297,2020-01-15,9370,0,9450,9500,9320,49444
296,2020-01-16,10200,830,9370,10300,9300,585357
295,2020-01-17,10900,700,10100,11200,9990,571211
294,2020-01-20,11050,150,10800,11050,10450,371873
290,2020-01-21,11150,100,11050,11250,10700,179435
289,2020-01-22,11850,700,11200,11950,11050,460629
288,2020-01-23,12200,350,11850,12400,11700,345417
287,2020-01-28,12350,150,12100,12600,11850,522908
286,2020-01-29,10200,2150,12750,12900,10050,1454217
283,2020-01-30,9180,1020,10000,10300,9050,952134
282,2020-01-31,9100,80,9150,9330,8950,435688
281,2020-02-03,9130,30,8830,9340,8670,262320
280,2020-02-04,9230,100,9100,9320,9100,132172
279,2020-02-05,9280,50,9310,9330,9060,170893
275,2020-02-06,9310,30,9280,9360,9100,143086
274,2020-02-07,9120,190,9350,9350,9080,141411
273,2020-02-10,9020,100,9120,9150,8920,102309
272,2020-02-11,8930,90,9080,9100,8810,157905
271,2020-02-12,8960,30,8910,9020,8840,81979
268,2020-02-13,9080,120,8960,9110,8910,83447
267,2020-02-14,9530,450,9110,9550,9070,315040
266,2020-02-17,9920,390,9670,9930,9530,217931
265,2020-02-18,9990,70,9910,10050,9610,184565
264,2020-02-19,10000,10,9900,10250,9760,132333
260,2020-02-20,9870,130,10050,10200,9830,79977
259,2020-02-21,9680,190,9870,9960,9560,44856
258,2020-02-24,9120,560,9550,9570,8800,123974
257,2020-02-25,9370,250,9090,9370,8970,81445
256,2020-02-26,9230,140,9050,9280,9050,33237
253,2020-02-27,8760,470,9490,9490,8570,102095
252,2020-02-28,8180,580,8700,8700,8050,160874
251,2020-03-02,8290,110,8060,8360,8010,72041
250,2020-03-03,8470,180,8400,8690,8380,57283
249,2020-03-04,8630,160,8310,8640,8310,44316
245,2020-03-05,8940,310,8700,9000,8700,78830
244,2020-03-06,8780,160,8920,8920,8690,45206
243,2020-03-09,8300,480,8320,8620,8250,70690
242,2020-03-10,8290,10,8140,8400,8040,31812
241,2020-03-11,8140,150,8300,8350,7940,68230
238,2020-03-12,7540,600,8090,8090,7290,183477
237,2020-03-13,6700,840,6600,6950,6000,363589
236,2020-03-16,6250,450,6710,6900,6100,250486
235,2020-03-17,6310,60,5630,6700,5630,495753
234,2020-03-18,6350,40,6320,6770,6250,287070
230,2020-03-19,5700,650,6370,6490,5660,407727
229,2020-03-20,6000,300,5710,6180,5710,184280
228,2020-03-23,5380,620,5510,5800,5270,198363
227,2020-03-24,5640,260,5440,5700,5410,92067
226,2020-03-25,6150,510,5790,6390,5790,198807
223,2020-03-26,6250,100,6180,6550,6080,151611
222,2020-03-27,6250,0,6340,6600,6150,138566
221,2020-03-30,6210,40,6170,6230,5880,115479
220,2020-03-31,6470,260,6330,6530,6310,92273
219,2020-04-01,6390,80,6470,6840,6360,103395
215,2020-04-02,6470,80,6380,6470,6190,61593
214,2020-04-03,6470,0,6530,6550,6340,37588
213,2020-04-06,6820,350,6480,6920,6440,105758
212,2020-04-07,7630,810,6940,7740,6940,317876
211,2020-04-08,7930,300,7770,8120,7400,158566
208,2020-04-09,7930,0,8140,8140,7750,109054
207,2020-04-10,8750,820,7890,8970,7890,663842
206,2020-04-13,8650,100,8750,8790,8390,225723
205,2020-04-14,8970,320,8610,9430,8610,398535
204,2020-04-16,8690,280,8780,8860,8230,251397
200,2020-04-17,8520,170,8710,8980,8420,220293
199,2020-04-20,8290,230,8610,8610,8220,194396
198,2020-04-21,7920,370,8290,8420,7500,256738
197,2020-04-22,7900,20,7770,7900,7530,130070
196,2020-04-23,8150,250,8070,8150,7850,61217
193,2020-04-24,7750,400,8130,8130,7740,95159
192,2020-04-27,7940,190,7840,7950,7750,70117
191,2020-04-28,7840,100,8040,8050,7800,84140
190,2020-04-29,8170,330,8100,8210,7750,134469
189,2020-05-04,8130,40,8170,8230,7860,81392
185,2020-05-06,8210,80,8220,8300,8130,78764
184,2020-05-07,8420,210,8210,8420,8140,94070
183,2020-05-08,8610,190,8370,8700,8350,121918
182,2020-05-11,8500,110,8610,8800,8200,91904
181,2020-05-12,8430,70,8500,8600,8280,66078
178,2020-05-13,8430,0,8250,8440,8170,47540
177,2020-05-14,8150,280,8390,8400,8100,62304
176,2020-05-15,8090,60,8250,8290,8080,36385
175,2020-05-18,8190,100,8000,8190,7840,80402
174,2020-05-19,8300,110,8290,8360,8180,45504
170,2020-05-20,9570,1270,8390,10300,8230,3177554
169,2020-05-21,9030,540,9630,9790,8990,1699594
168,2020-05-22,8650,380,8890,8930,8600,403046
167,2020-05-25,8700,50,8650,8820,8640,139368
166,2020-05-26,8790,90,8740,9040,8710,242862
163,2020-05-27,8840,50,8800,8890,8700,91070
162,2020-05-28,8540,300,8840,8930,8300,202691
161,2020-05-29,8420,120,8460,8700,8420,91101
160,2020-06-01,8560,140,8460,8660,8460,70792
159,2020-06-02,8950,390,8680,9020,8550,298918
155,2020-06-03,9340,390,9150,9400,8900,567151
154,2020-06-04,10700,1360,9410,11100,9350,2886696
153,2020-06-05,11450,750,10600,12000,10400,1574644
152,2020-06-08,11800,350,11450,12300,11200,1170700
151,2020-06-09,11800,0,11900,12100,11300,694008
148,2020-06-10,11950,150,11700,12100,11350,424304
147,2020-06-11,11750,200,12050,12650,11350,1050223
146,2020-06-12,11250,500,11200,11500,10650,422209
145,2020-06-15,11350,100,11100,12300,10800,1100542
144,2020-06-16,12250,900,12300,13900,11700,3196401
140,2020-06-17,12700,450,12200,12700,11800,660410
139,2020-06-18,13800,1100,12450,14000,12300,984110
138,2020-06-19,14050,250,13750,14400,13600,487467
137,2020-06-22,13000,1050,13850,14050,13000,449020
136,2020-06-23,13250,250,13200,13650,13050,527979
133,2020-06-24,12800,450,13450,13600,12650,405869
132,2020-06-25,12450,350,12550,12900,12050,375755
131,2020-06-26,13300,850,12550,13600,12250,463365
130,2020-06-29,12850,450,13050,13350,12700,208760
129,2020-06-30,13450,600,13350,13950,12800,631430
125,2020-07-01,13250,200,13450,13800,13000,225735
124,2020-07-02,13550,300,13400,13600,13250,165181
123,2020-07-03,13400,150,13600,13650,13250,228718
122,2020-07-06,12850,550,13400,13500,12600,331854
121,2020-07-07,12800,50,13000,13000,12150,383878
118,2020-07-08,12400,400,12650,12700,12350,145309
117,2020-07-09,13150,750,12400,13250,12400,277148
116,2020-07-10,13250,100,13150,13250,12600,281569
115,2020-07-13,13400,150,13450,14200,13300,582227
114,2020-07-14,13550,150,13400,13700,13000,150072
110,2020-07-15,13100,450,13550,13600,13100,239087
109,2020-07-16,12900,200,13250,13250,12500,331187
108,2020-07-17,13800,900,12900,13850,12800,308483
107,2020-07-20,13850,50,14200,14650,13500,655161
106,2020-07-21,13850,0,14000,14350,13600,276232
103,2020-07-22,13400,450,13800,13800,13150,257865
102,2020-07-23,13350,50,13750,13750,12950,311047
101,2020-07-24,13050,300,13250,13300,12950,123979
100,2020-07-27,12650,400,13050,13250,12600,163679
99,2020-07-28,12900,250,12800,13150,12500,198105
95,2020-07-29,12900,0,13000,13050,12650,88953
94,2020-07-30,12500,400,12950,13100,12500,189143
93,2020-07-31,12650,150,12650,12800,12250,115827
92,2020-08-03,13200,550,12900,13200,12600,255557
91,2020-08-04,13300,100,13400,13550,13100,249523
88,2020-08-05,13450,150,13450,13800,13300,318849
87,2020-08-06,14900,1450,13500,14900,13300,1381835
86,2020-08-07,14850,50,15050,15050,14150,1061781
85,2020-08-10,15100,250,14700,15450,14500,539465
84,2020-08-11,14800,300,15000,15150,14700,226183
80,2020-08-12,14600,200,14800,15000,13850,470201
79,2020-08-13,14050,550,14500,14700,14000,270166
78,2020-08-14,13900,150,14050,14250,13650,188944
77,2020-08-18,13150,750,13750,14500,13000,321339
76,2020-08-19,13850,700,13400,14000,13400,272198
73,2020-08-20,13000,850,13800,13800,12800,251956
72,2020-08-21,13500,500,13200,14100,12850,341972
71,2020-08-24,14200,700,13700,14200,13400,322814
70,2020-08-25,14250,50,14250,14450,14050,186141
69,2020-08-26,14600,350,14250,14900,14150,420339
65,2020-08-27,14350,250,14800,15000,14200,274137
64,2020-08-28,13750,600,14550,14700,13600,419926
63,2020-08-31,13550,200,13700,14150,13500,221420
62,2020-09-01,13600,50,13650,13850,13300,109478
61,2020-09-02,13550,50,13600,13700,13250,171408
58,2020-09-03,13150,400,13450,13650,12950,272880
57,2020-09-04,12800,350,12500,12900,12450,262214
56,2020-09-07,12950,150,12800,13250,12400,181086
55,2020-09-08,13450,500,13000,13550,12900,215370
54,2020-09-09,13000,450,13050,13250,12900,117708
50,2020-09-10,13000,0,13100,13400,12900,94924
49,2020-09-11,13000,0,12800,13050,12650,157064
48,2020-09-14,13300,300,13100,13300,12800,92578
47,2020-09-15,13900,600,13300,14000,13200,269884
46,2020-09-16,13500,400,13900,13950,13300,155481
43,2020-09-17,13250,250,13750,13750,13250,96435
42,2020-09-18,12850,400,13200,13350,12650,324555
41,2020-09-21,12000,850,12800,12850,11600,425164
40,2020-09-22,12050,50,12000,12250,11850,207576
39,2020-09-23,11950,100,12000,12200,11300,137977
35,2020-09-24,11200,750,11500,11750,11100,119431
34,2020-09-25,11350,150,11500,11600,11150,59296
33,2020-09-28,12100,750,11600,12200,11500,95497
32,2020-09-29,12250,150,12100,12350,12100,34301
31,2020-10-05,12400,150,12250,12400,12100,57797
28,2020-10-06,12400,0,12400,12650,12250,58816
27,2020-10-07,13000,600,12250,13250,12150,256188
26,2020-10-08,12650,350,12800,12900,12550,87699
25,2020-10-12,12500,150,12700,12750,12400,49096
24,2020-10-13,12150,350,12500,12800,12050,91812
20,2020-10-14,11950,200,12050,12150,11800,75548
19,2020-10-15,11750,200,11900,12000,11500,68024
18,2020-10-16,11550,200,11900,11900,11150,100626
17,2020-10-19,11150,400,11550,11600,11100,86575
16,2020-10-20,11000,150,10950,11250,10800,111121
13,2020-10-21,11300,300,11000,11300,10950,44544
12,2020-10-22,11550,250,11300,11700,11150,62221
11,2020-10-23,10900,650,11750,11750,10900,108096
10,2020-10-26,10500,400,10900,11000,10400,119632
9,2020-10-27,10600,100,10350,10900,10200,108374
5,2020-10-28,10800,200,10450,10850,10450,24296
4,2020-10-29,10700,100,10350,10750,10250,64684
3,2020-10-30,10400,300,10650,11150,10100,178368
2,2020-11-02,10450,50,10400,10650,10250,25511
1,2020-11-03,10900,450,10600,11050,10600,49819
