,date,close,diff,open,high,low,volume
448,2019-12-27,3130,75,3205,3205,3130,901
403,2019-12-27,3130,75,3205,3205,3130,901
388,2019-12-27,3130,75,3205,3205,3130,901
373,2019-12-27,3130,75,3205,3205,3130,901
433,2019-12-27,3130,75,3205,3205,3130,901
343,2019-12-27,3130,75,3205,3205,3130,901
358,2019-12-27,3130,75,3205,3205,3130,901
328,2019-12-27,3130,75,3205,3205,3130,901
313,2019-12-27,3130,75,3205,3205,3130,901
418,2019-12-27,3130,75,3205,3205,3130,901
357,2019-12-30,3595,465,3595,3595,3595,1
417,2019-12-30,3595,465,3595,3595,3595,1
372,2019-12-30,3595,465,3595,3595,3595,1
327,2019-12-30,3595,465,3595,3595,3595,1
387,2019-12-30,3595,465,3595,3595,3595,1
402,2019-12-30,3595,465,3595,3595,3595,1
312,2019-12-30,3595,465,3595,3595,3595,1
342,2019-12-30,3595,465,3595,3595,3595,1
447,2019-12-30,3595,465,3595,3595,3595,1
432,2019-12-30,3595,465,3595,3595,3595,1
326,2020-01-02,3495,100,3495,3495,3495,70
341,2020-01-02,3495,100,3495,3495,3495,70
386,2020-01-02,3495,100,3495,3495,3495,70
356,2020-01-02,3495,100,3495,3495,3495,70
401,2020-01-02,3495,100,3495,3495,3495,70
446,2020-01-02,3495,100,3495,3495,3495,70
431,2020-01-02,3495,100,3495,3495,3495,70
371,2020-01-02,3495,100,3495,3495,3495,70
416,2020-01-02,3495,100,3495,3495,3495,70
311,2020-01-02,3495,100,3495,3495,3495,70
310,2020-01-03,3395,100,3395,3395,3395,29
355,2020-01-03,3395,100,3395,3395,3395,29
385,2020-01-03,3395,100,3395,3395,3395,29
415,2020-01-03,3395,100,3395,3395,3395,29
430,2020-01-03,3395,100,3395,3395,3395,29
370,2020-01-03,3395,100,3395,3395,3395,29
340,2020-01-03,3395,100,3395,3395,3395,29
400,2020-01-03,3395,100,3395,3395,3395,29
325,2020-01-03,3395,100,3395,3395,3395,29
445,2020-01-03,3395,100,3395,3395,3395,29
339,2020-01-06,3395,0,3395,3395,3395,100
414,2020-01-06,3395,0,3395,3395,3395,100
429,2020-01-06,3395,0,3395,3395,3395,100
399,2020-01-06,3395,0,3395,3395,3395,100
309,2020-01-06,3395,0,3395,3395,3395,100
384,2020-01-06,3395,0,3395,3395,3395,100
324,2020-01-06,3395,0,3395,3395,3395,100
354,2020-01-06,3395,0,3395,3395,3395,100
444,2020-01-06,3395,0,3395,3395,3395,100
369,2020-01-06,3395,0,3395,3395,3395,100
320,2020-01-07,3400,5,3400,3400,3400,10
305,2020-01-07,3400,5,3400,3400,3400,10
350,2020-01-07,3400,5,3400,3400,3400,10
440,2020-01-07,3400,5,3400,3400,3400,10
335,2020-01-07,3400,5,3400,3400,3400,10
425,2020-01-07,3400,5,3400,3400,3400,10
365,2020-01-07,3400,5,3400,3400,3400,10
380,2020-01-07,3400,5,3400,3400,3400,10
410,2020-01-07,3400,5,3400,3400,3400,10
395,2020-01-07,3400,5,3400,3400,3400,10
394,2020-01-08,3305,95,3305,3305,3305,400
424,2020-01-08,3305,95,3305,3305,3305,400
319,2020-01-08,3305,95,3305,3305,3305,400
334,2020-01-08,3305,95,3305,3305,3305,400
439,2020-01-08,3305,95,3305,3305,3305,400
409,2020-01-08,3305,95,3305,3305,3305,400
364,2020-01-08,3305,95,3305,3305,3305,400
349,2020-01-08,3305,95,3305,3305,3305,400
379,2020-01-08,3305,95,3305,3305,3305,400
304,2020-01-08,3305,95,3305,3305,3305,400
438,2020-01-09,3210,95,3210,3210,3210,350
378,2020-01-09,3210,95,3210,3210,3210,350
423,2020-01-09,3210,95,3210,3210,3210,350
318,2020-01-09,3210,95,3210,3210,3210,350
333,2020-01-09,3210,95,3210,3210,3210,350
303,2020-01-09,3210,95,3210,3210,3210,350
393,2020-01-09,3210,95,3210,3210,3210,350
363,2020-01-09,3210,95,3210,3210,3210,350
348,2020-01-09,3210,95,3210,3210,3210,350
408,2020-01-09,3210,95,3210,3210,3210,350
407,2020-01-10,3120,90,3305,3305,3120,510
317,2020-01-10,3120,90,3305,3305,3120,510
302,2020-01-10,3120,90,3305,3305,3120,510
422,2020-01-10,3120,90,3305,3305,3120,510
377,2020-01-10,3120,90,3305,3305,3120,510
437,2020-01-10,3120,90,3305,3305,3120,510
347,2020-01-10,3120,90,3305,3305,3120,510
362,2020-01-10,3120,90,3305,3305,3120,510
332,2020-01-10,3120,90,3305,3305,3120,510
392,2020-01-10,3120,90,3305,3305,3120,510
316,2020-01-13,3120,0,3120,3120,3120,0
406,2020-01-13,3120,0,3120,3120,3120,0
391,2020-01-13,3120,0,3120,3120,3120,0
346,2020-01-13,3120,0,3120,3120,3120,0
331,2020-01-13,3120,0,3120,3120,3120,0
376,2020-01-13,3120,0,3120,3120,3120,0
436,2020-01-13,3120,0,3120,3120,3120,0
361,2020-01-13,3120,0,3120,3120,3120,0
301,2020-01-13,3120,0,3120,3120,3120,0
421,2020-01-13,3120,0,3120,3120,3120,0
298,2020-01-14,3120,0,3120,3120,3120,0
297,2020-01-15,3120,0,3120,3120,3120,0
296,2020-01-16,3585,465,3585,3585,3585,50
295,2020-01-17,3585,0,3585,3585,3585,0
294,2020-01-20,3485,100,3485,3485,3485,300
290,2020-01-21,3485,0,3485,3485,3485,0
289,2020-01-22,3485,0,3485,3485,3485,0
288,2020-01-23,3600,115,3190,3600,3000,501
287,2020-01-28,3710,110,3500,3710,3060,489
286,2020-01-29,3710,0,3710,3710,3710,1
283,2020-01-30,3605,105,3605,3605,3605,300
282,2020-01-31,3700,95,3605,3700,3205,10195
281,2020-02-03,3700,0,3950,3950,3200,513
280,2020-02-04,3160,540,3895,3895,3160,4273
279,2020-02-05,3500,340,3495,3500,3495,274
275,2020-02-06,3500,0,3500,3700,3010,8149
274,2020-02-07,3345,155,3500,3500,3000,5435
273,2020-02-10,3050,295,3345,3345,3050,910
272,2020-02-11,2805,245,3250,3250,2755,2672
271,2020-02-12,3050,245,3100,3100,2940,902
268,2020-02-13,3090,40,3050,3090,2905,2695
267,2020-02-14,3085,5,3060,3090,3060,1599
266,2020-02-17,3045,40,3075,3075,3000,948
265,2020-02-18,3035,10,3045,3045,3035,110
264,2020-02-19,3000,35,3035,3200,3000,2407
260,2020-02-20,3200,200,3100,3200,3100,300
259,2020-02-21,3590,390,3300,3600,3300,553
258,2020-02-24,4125,535,4120,4125,3595,1326
257,2020-02-25,4300,175,4200,4320,3510,2066
256,2020-02-26,3910,390,4700,4700,3910,6218
253,2020-02-27,3900,10,3805,4000,3800,13095
252,2020-02-28,4100,200,4100,4485,4000,14339
251,2020-03-02,4150,50,4100,4200,3900,7937
250,2020-03-03,4140,10,4150,4150,4140,226
249,2020-03-04,4130,10,4180,4180,3950,1888
245,2020-03-05,4125,5,4130,4190,3950,5942
244,2020-03-06,4090,35,4150,4150,3910,6568
243,2020-03-09,4050,40,4040,4200,3950,5293
242,2020-03-10,3980,70,4000,4000,3810,3429
241,2020-03-11,3420,560,3980,3990,3415,5429
238,2020-03-12,3840,420,3845,3850,3520,2960
237,2020-03-13,3580,260,3650,3650,3315,7501
236,2020-03-16,3130,450,3480,3480,3130,3310
235,2020-03-17,3390,260,3450,3450,3200,6448
234,2020-03-18,3395,5,3380,3895,3200,5504
230,2020-03-19,3150,245,3345,3350,3000,1592
229,2020-03-20,3200,50,3300,3300,3150,602
228,2020-03-23,3140,60,3125,3140,3125,218
227,2020-03-24,3100,40,3100,3200,2850,2919
226,2020-03-25,3010,90,3150,3150,3000,1654
223,2020-03-26,3100,90,3100,3130,3000,901
222,2020-03-27,3100,0,3100,3130,3005,1581
221,2020-03-30,3150,50,3100,3150,3100,1507
220,2020-03-31,3250,100,3155,3300,3155,1744
219,2020-04-01,3250,0,3300,3300,3250,802
215,2020-04-02,3700,450,3720,3720,3500,6721
214,2020-04-03,3680,20,4100,4100,3500,3609
213,2020-04-06,3700,20,3700,3700,3700,10
212,2020-04-07,3700,0,3800,3800,3530,652
211,2020-04-08,3830,130,3900,4000,3700,1520
208,2020-04-09,3700,130,3900,3900,3580,3661
207,2020-04-10,3695,5,3695,3695,3575,2183
206,2020-04-13,3600,95,3605,3680,3215,7981
205,2020-04-14,4140,540,3600,4140,3540,6562
204,2020-04-16,4100,40,4300,4300,4100,111
200,2020-04-17,4230,130,4300,4300,3560,2584
199,2020-04-20,3940,290,3635,3940,3635,1611
198,2020-04-21,3915,25,3995,3995,3615,217
197,2020-04-22,3970,55,4000,4000,3660,1229
196,2020-04-23,3930,40,4000,4000,3700,414
193,2020-04-24,3890,40,4495,4495,3600,1760
192,2020-04-27,3610,280,4150,4150,3600,10367
191,2020-04-28,3700,90,3950,3950,3500,306
190,2020-04-29,3785,85,4100,4100,3565,1316
189,2020-05-04,3930,145,4000,4000,3700,602
185,2020-05-06,3985,55,3990,3990,3600,574
184,2020-05-07,3970,15,3995,3995,3700,316
183,2020-05-08,3980,10,3985,3990,3700,402
182,2020-05-11,3950,30,3990,3990,3710,1096
181,2020-05-12,3940,10,3950,3950,3610,13853
178,2020-05-13,3850,90,3900,3900,3700,827
177,2020-05-14,3700,150,3850,3850,3700,190
176,2020-05-15,3885,185,4250,4250,3650,403
175,2020-05-18,3885,0,3800,3885,3800,561
174,2020-05-19,3980,95,3980,3980,3980,1
170,2020-05-20,4300,320,3980,4300,3700,82584
169,2020-05-21,4190,110,4300,4500,3905,21203
168,2020-05-22,4000,190,4095,4290,4000,1990
167,2020-05-25,4190,190,4190,4190,4190,1
166,2020-05-26,4690,500,4190,4810,4130,2247
163,2020-05-27,4690,0,4695,4695,4500,242
162,2020-05-28,4690,0,5000,5000,4690,1136
161,2020-05-29,5000,310,5000,5000,5000,1
160,2020-06-01,4995,5,5010,5010,4995,4923
159,2020-06-02,4995,0,4995,4995,4990,1141
155,2020-06-03,4980,15,4300,4980,4300,2
154,2020-06-04,5000,20,4995,5000,4885,4921
153,2020-06-05,5000,0,5000,5000,5000,2
152,2020-06-08,5000,0,5000,5010,5000,203
151,2020-06-09,4995,5,5500,5500,4995,102
148,2020-06-10,5650,655,4995,5740,4500,57
147,2020-06-11,6450,800,4810,6480,4810,1008
146,2020-06-12,6000,450,6000,6300,5640,6142
145,2020-06-15,5990,10,5600,6100,5600,13069
144,2020-06-16,5840,150,6500,6500,5230,2076
140,2020-06-17,5700,140,5700,5700,5700,290
139,2020-06-18,5800,100,5900,5900,5600,150
138,2020-06-19,5990,190,6000,6000,5510,7
137,2020-06-22,5890,100,5510,6000,5510,86
136,2020-06-23,5990,100,6770,6770,5300,28
133,2020-06-24,6000,10,6000,6000,5400,3503
132,2020-06-25,5900,100,5400,5900,5400,431
131,2020-06-26,5400,500,5400,5900,5360,636
130,2020-06-29,5210,190,5750,5750,5210,14
129,2020-06-30,5700,490,5980,5980,5010,3
125,2020-07-01,5600,100,5600,5600,5600,1
124,2020-07-02,5300,300,5300,5300,5300,199
123,2020-07-03,5700,400,5700,5700,5700,1
122,2020-07-06,5600,100,5600,5600,5600,1
121,2020-07-07,5300,300,6000,6000,5300,109
118,2020-07-08,5300,0,5500,5500,5210,412
117,2020-07-09,5400,100,5450,5450,5200,21
116,2020-07-10,5400,0,5900,5900,5400,775
115,2020-07-13,5300,100,5400,5400,5300,187
114,2020-07-14,5300,0,5400,5400,5300,765
110,2020-07-15,5500,200,6000,6000,5500,3
109,2020-07-16,5260,240,5300,5300,5260,7090
108,2020-07-17,5290,30,5260,5700,5260,5748
107,2020-07-20,5800,510,5290,5800,5290,1169
106,2020-07-21,5400,400,5500,5500,5200,3834
103,2020-07-22,5200,200,5390,5400,5020,3583
102,2020-07-23,5000,200,5200,5230,5000,2013
101,2020-07-24,5000,0,5000,5150,5000,5215
100,2020-07-27,5000,0,5190,5190,4990,1256
99,2020-07-28,5000,0,5000,5000,5000,610
95,2020-07-29,5290,290,5010,5690,4800,2361
94,2020-07-30,5900,610,5020,5900,4810,8577
93,2020-07-31,5900,0,5500,6000,5500,4359
92,2020-08-03,5900,0,5900,5900,5900,0
91,2020-08-04,5950,50,6350,6350,5950,2
88,2020-08-05,5410,540,5950,5950,5350,2234
87,2020-08-06,5430,20,5420,5900,5420,2985
86,2020-08-07,5700,270,5800,5800,5430,4102
85,2020-08-10,5500,200,5700,5800,5400,6369
84,2020-08-11,5700,200,5700,5700,5200,4510
80,2020-08-12,5200,500,5200,5200,5200,1500
79,2020-08-13,5200,0,5500,5500,5200,11110
78,2020-08-14,5110,90,5110,5110,5110,20
77,2020-08-18,5100,10,5120,5500,5100,6743
76,2020-08-19,5300,200,5300,5590,5000,7943
73,2020-08-20,5200,100,5300,5300,5000,1233
72,2020-08-21,5100,100,5100,5100,5100,9
71,2020-08-24,5170,70,5200,5200,5100,1201
70,2020-08-25,5160,10,5050,5160,5010,1056
69,2020-08-26,5160,0,5160,5160,5160,1221
65,2020-08-27,5180,20,5100,5180,5000,6981
64,2020-08-28,5790,610,5800,5800,5790,2
63,2020-08-31,5700,90,5700,5700,5700,1000
62,2020-09-01,5540,160,5540,5540,5540,200
61,2020-09-02,5180,360,4855,5240,4855,5250
58,2020-09-03,5100,80,5170,5180,5100,348
57,2020-09-04,5100,0,5100,5100,5100,1697
56,2020-09-07,5160,60,5300,5350,5160,2970
55,2020-09-08,4840,320,5300,5300,4840,17620
54,2020-09-09,5000,160,5400,5400,5000,2101
50,2020-09-10,5000,0,5000,5000,5000,0
49,2020-09-11,5000,0,5000,5000,5000,0
48,2020-09-14,5000,0,5290,5290,5000,4858
47,2020-09-15,5000,0,5000,5000,5000,7000
46,2020-09-16,5000,0,5000,5000,5000,12626
43,2020-09-17,5000,0,5000,5000,5000,99
42,2020-09-18,5250,250,5000,5250,5000,881
41,2020-09-21,4950,300,5000,5000,4950,6960
40,2020-09-22,4950,0,5100,5100,4950,945
39,2020-09-23,5000,50,5000,5000,5000,200
35,2020-09-24,5000,0,5000,5000,5000,1510
34,2020-09-25,5000,0,5000,5000,5000,101
33,2020-09-28,5000,0,5000,5000,5000,100
32,2020-09-29,5000,0,5000,5000,5000,0
31,2020-10-05,4910,90,4950,5100,4900,2122
28,2020-10-06,4910,0,4910,4915,4910,114800
27,2020-10-07,5000,90,5000,5000,4950,3701
26,2020-10-08,4850,150,4990,4990,4850,8750
25,2020-10-12,4850,0,4850,4850,4850,3900
24,2020-10-13,4900,50,4850,4900,4850,140
20,2020-10-14,4900,0,4800,4900,4800,1469
19,2020-10-15,4850,50,4900,4900,4800,535
18,2020-10-16,4850,0,4800,4850,4800,1273
17,2020-10-19,4800,50,4850,4850,4800,1903
16,2020-10-20,4850,50,4750,4850,4750,927
13,2020-10-21,4850,0,4850,4850,4850,500
12,2020-10-22,5200,350,5200,5200,5200,140004
11,2020-10-23,4990,210,4900,4990,4900,121
10,2020-10-26,5380,390,4990,5380,4300,746
9,2020-10-27,5350,30,4900,5380,4850,651
5,2020-10-28,5300,50,5000,5300,5000,74
4,2020-10-29,5000,300,4900,5290,4900,1774
3,2020-10-30,5000,0,4855,5240,4850,650
2,2020-11-02,4855,145,4850,4905,4850,1298
1,2020-11-03,5000,145,4850,5000,4850,1186
