,date,close,diff,open,high,low,volume
223,2020-08-05,4190,310,4500,4500,4060,2356867
118,2020-08-05,4190,310,4500,4500,4060,2356867
133,2020-08-05,4190,310,4500,4500,4060,2356867
148,2020-08-05,4190,310,4500,4500,4060,2356867
163,2020-08-05,4190,310,4500,4500,4060,2356867
178,2020-08-05,4190,310,4500,4500,4060,2356867
193,2020-08-05,4190,310,4500,4500,4060,2356867
208,2020-08-05,4190,310,4500,4500,4060,2356867
238,2020-08-05,4190,310,4500,4500,4060,2356867
253,2020-08-05,4190,310,4500,4500,4060,2356867
268,2020-08-05,4190,310,4500,4500,4060,2356867
283,2020-08-05,4190,310,4500,4500,4060,2356867
298,2020-08-05,4190,310,4500,4500,4060,2356867
313,2020-08-05,4190,310,4500,4500,4060,2356867
328,2020-08-05,4190,310,4500,4500,4060,2356867
343,2020-08-05,4190,310,4500,4500,4060,2356867
358,2020-08-05,4190,310,4500,4500,4060,2356867
373,2020-08-05,4190,310,4500,4500,4060,2356867
388,2020-08-05,4190,310,4500,4500,4060,2356867
403,2020-08-05,4190,310,4500,4500,4060,2356867
418,2020-08-05,4190,310,4500,4500,4060,2356867
433,2020-08-05,4190,310,4500,4500,4060,2356867
103,2020-08-05,4190,310,4500,4500,4060,2356867
88,2020-08-05,4190,310,4500,4500,4060,2356867
448,2020-08-05,4190,310,4500,4500,4060,2356867
447,2020-08-06,4280,90,4170,4295,4170,467776
342,2020-08-06,4280,90,4170,4295,4170,467776
132,2020-08-06,4280,90,4170,4295,4170,467776
282,2020-08-06,4280,90,4170,4295,4170,467776
192,2020-08-06,4280,90,4170,4295,4170,467776
267,2020-08-06,4280,90,4170,4295,4170,467776
177,2020-08-06,4280,90,4170,4295,4170,467776
357,2020-08-06,4280,90,4170,4295,4170,467776
102,2020-08-06,4280,90,4170,4295,4170,467776
162,2020-08-06,4280,90,4170,4295,4170,467776
207,2020-08-06,4280,90,4170,4295,4170,467776
327,2020-08-06,4280,90,4170,4295,4170,467776
417,2020-08-06,4280,90,4170,4295,4170,467776
432,2020-08-06,4280,90,4170,4295,4170,467776
372,2020-08-06,4280,90,4170,4295,4170,467776
297,2020-08-06,4280,90,4170,4295,4170,467776
312,2020-08-06,4280,90,4170,4295,4170,467776
402,2020-08-06,4280,90,4170,4295,4170,467776
237,2020-08-06,4280,90,4170,4295,4170,467776
117,2020-08-06,4280,90,4170,4295,4170,467776
87,2020-08-06,4280,90,4170,4295,4170,467776
147,2020-08-06,4280,90,4170,4295,4170,467776
252,2020-08-06,4280,90,4170,4295,4170,467776
222,2020-08-06,4280,90,4170,4295,4170,467776
387,2020-08-06,4280,90,4170,4295,4170,467776
116,2020-08-07,4250,30,4295,4295,4205,213006
101,2020-08-07,4250,30,4295,4295,4205,213006
161,2020-08-07,4250,30,4295,4295,4205,213006
296,2020-08-07,4250,30,4295,4295,4205,213006
146,2020-08-07,4250,30,4295,4295,4205,213006
326,2020-08-07,4250,30,4295,4295,4205,213006
311,2020-08-07,4250,30,4295,4295,4205,213006
341,2020-08-07,4250,30,4295,4295,4205,213006
176,2020-08-07,4250,30,4295,4295,4205,213006
131,2020-08-07,4250,30,4295,4295,4205,213006
86,2020-08-07,4250,30,4295,4295,4205,213006
221,2020-08-07,4250,30,4295,4295,4205,213006
371,2020-08-07,4250,30,4295,4295,4205,213006
446,2020-08-07,4250,30,4295,4295,4205,213006
206,2020-08-07,4250,30,4295,4295,4205,213006
236,2020-08-07,4250,30,4295,4295,4205,213006
386,2020-08-07,4250,30,4295,4295,4205,213006
251,2020-08-07,4250,30,4295,4295,4205,213006
401,2020-08-07,4250,30,4295,4295,4205,213006
356,2020-08-07,4250,30,4295,4295,4205,213006
266,2020-08-07,4250,30,4295,4295,4205,213006
191,2020-08-07,4250,30,4295,4295,4205,213006
431,2020-08-07,4250,30,4295,4295,4205,213006
281,2020-08-07,4250,30,4295,4295,4205,213006
416,2020-08-07,4250,30,4295,4295,4205,213006
235,2020-08-10,4380,130,4250,4385,4210,328885
250,2020-08-10,4380,130,4250,4385,4210,328885
145,2020-08-10,4380,130,4250,4385,4210,328885
160,2020-08-10,4380,130,4250,4385,4210,328885
205,2020-08-10,4380,130,4250,4385,4210,328885
295,2020-08-10,4380,130,4250,4385,4210,328885
265,2020-08-10,4380,130,4250,4385,4210,328885
175,2020-08-10,4380,130,4250,4385,4210,328885
190,2020-08-10,4380,130,4250,4385,4210,328885
220,2020-08-10,4380,130,4250,4385,4210,328885
280,2020-08-10,4380,130,4250,4385,4210,328885
310,2020-08-10,4380,130,4250,4385,4210,328885
430,2020-08-10,4380,130,4250,4385,4210,328885
340,2020-08-10,4380,130,4250,4385,4210,328885
85,2020-08-10,4380,130,4250,4385,4210,328885
445,2020-08-10,4380,130,4250,4385,4210,328885
130,2020-08-10,4380,130,4250,4385,4210,328885
355,2020-08-10,4380,130,4250,4385,4210,328885
370,2020-08-10,4380,130,4250,4385,4210,328885
115,2020-08-10,4380,130,4250,4385,4210,328885
325,2020-08-10,4380,130,4250,4385,4210,328885
415,2020-08-10,4380,130,4250,4385,4210,328885
100,2020-08-10,4380,130,4250,4385,4210,328885
400,2020-08-10,4380,130,4250,4385,4210,328885
385,2020-08-10,4380,130,4250,4385,4210,328885
399,2020-08-11,4460,80,4395,4540,4380,323575
84,2020-08-11,4460,80,4395,4540,4380,323575
234,2020-08-11,4460,80,4395,4540,4380,323575
279,2020-08-11,4460,80,4395,4540,4380,323575
249,2020-08-11,4460,80,4395,4540,4380,323575
189,2020-08-11,4460,80,4395,4540,4380,323575
429,2020-08-11,4460,80,4395,4540,4380,323575
414,2020-08-11,4460,80,4395,4540,4380,323575
204,2020-08-11,4460,80,4395,4540,4380,323575
369,2020-08-11,4460,80,4395,4540,4380,323575
99,2020-08-11,4460,80,4395,4540,4380,323575
264,2020-08-11,4460,80,4395,4540,4380,323575
384,2020-08-11,4460,80,4395,4540,4380,323575
219,2020-08-11,4460,80,4395,4540,4380,323575
354,2020-08-11,4460,80,4395,4540,4380,323575
129,2020-08-11,4460,80,4395,4540,4380,323575
324,2020-08-11,4460,80,4395,4540,4380,323575
309,2020-08-11,4460,80,4395,4540,4380,323575
444,2020-08-11,4460,80,4395,4540,4380,323575
159,2020-08-11,4460,80,4395,4540,4380,323575
144,2020-08-11,4460,80,4395,4540,4380,323575
174,2020-08-11,4460,80,4395,4540,4380,323575
114,2020-08-11,4460,80,4395,4540,4380,323575
294,2020-08-11,4460,80,4395,4540,4380,323575
339,2020-08-11,4460,80,4395,4540,4380,323575
230,2020-08-12,4700,240,4460,4805,4460,409969
245,2020-08-12,4700,240,4460,4805,4460,409969
320,2020-08-12,4700,240,4460,4805,4460,409969
140,2020-08-12,4700,240,4460,4805,4460,409969
380,2020-08-12,4700,240,4460,4805,4460,409969
395,2020-08-12,4700,240,4460,4805,4460,409969
215,2020-08-12,4700,240,4460,4805,4460,409969
440,2020-08-12,4700,240,4460,4805,4460,409969
125,2020-08-12,4700,240,4460,4805,4460,409969
260,2020-08-12,4700,240,4460,4805,4460,409969
410,2020-08-12,4700,240,4460,4805,4460,409969
305,2020-08-12,4700,240,4460,4805,4460,409969
170,2020-08-12,4700,240,4460,4805,4460,409969
185,2020-08-12,4700,240,4460,4805,4460,409969
110,2020-08-12,4700,240,4460,4805,4460,409969
95,2020-08-12,4700,240,4460,4805,4460,409969
290,2020-08-12,4700,240,4460,4805,4460,409969
275,2020-08-12,4700,240,4460,4805,4460,409969
335,2020-08-12,4700,240,4460,4805,4460,409969
365,2020-08-12,4700,240,4460,4805,4460,409969
350,2020-08-12,4700,240,4460,4805,4460,409969
80,2020-08-12,4700,240,4460,4805,4460,409969
425,2020-08-12,4700,240,4460,4805,4460,409969
155,2020-08-12,4700,240,4460,4805,4460,409969
200,2020-08-12,4700,240,4460,4805,4460,409969
274,2020-08-13,4740,40,4725,4800,4715,100485
349,2020-08-13,4740,40,4725,4800,4715,100485
244,2020-08-13,4740,40,4725,4800,4715,100485
394,2020-08-13,4740,40,4725,4800,4715,100485
334,2020-08-13,4740,40,4725,4800,4715,100485
259,2020-08-13,4740,40,4725,4800,4715,100485
319,2020-08-13,4740,40,4725,4800,4715,100485
364,2020-08-13,4740,40,4725,4800,4715,100485
289,2020-08-13,4740,40,4725,4800,4715,100485
424,2020-08-13,4740,40,4725,4800,4715,100485
379,2020-08-13,4740,40,4725,4800,4715,100485
304,2020-08-13,4740,40,4725,4800,4715,100485
409,2020-08-13,4740,40,4725,4800,4715,100485
109,2020-08-13,4740,40,4725,4800,4715,100485
229,2020-08-13,4740,40,4725,4800,4715,100485
169,2020-08-13,4740,40,4725,4800,4715,100485
139,2020-08-13,4740,40,4725,4800,4715,100485
154,2020-08-13,4740,40,4725,4800,4715,100485
199,2020-08-13,4740,40,4725,4800,4715,100485
214,2020-08-13,4740,40,4725,4800,4715,100485
79,2020-08-13,4740,40,4725,4800,4715,100485
124,2020-08-13,4740,40,4725,4800,4715,100485
184,2020-08-13,4740,40,4725,4800,4715,100485
94,2020-08-13,4740,40,4725,4800,4715,100485
439,2020-08-13,4740,40,4725,4800,4715,100485
423,2020-08-14,4745,5,4745,4745,4660,129292
153,2020-08-14,4745,5,4745,4745,4660,129292
438,2020-08-14,4745,5,4745,4745,4660,129292
303,2020-08-14,4745,5,4745,4745,4660,129292
138,2020-08-14,4745,5,4745,4745,4660,129292
123,2020-08-14,4745,5,4745,4745,4660,129292
168,2020-08-14,4745,5,4745,4745,4660,129292
333,2020-08-14,4745,5,4745,4745,4660,129292
108,2020-08-14,4745,5,4745,4745,4660,129292
93,2020-08-14,4745,5,4745,4745,4660,129292
348,2020-08-14,4745,5,4745,4745,4660,129292
78,2020-08-14,4745,5,4745,4745,4660,129292
363,2020-08-14,4745,5,4745,4745,4660,129292
378,2020-08-14,4745,5,4745,4745,4660,129292
393,2020-08-14,4745,5,4745,4745,4660,129292
318,2020-08-14,4745,5,4745,4745,4660,129292
288,2020-08-14,4745,5,4745,4745,4660,129292
243,2020-08-14,4745,5,4745,4745,4660,129292
258,2020-08-14,4745,5,4745,4745,4660,129292
408,2020-08-14,4745,5,4745,4745,4660,129292
213,2020-08-14,4745,5,4745,4745,4660,129292
273,2020-08-14,4745,5,4745,4745,4660,129292
183,2020-08-14,4745,5,4745,4745,4660,129292
228,2020-08-14,4745,5,4745,4745,4660,129292
198,2020-08-14,4745,5,4745,4745,4660,129292
347,2020-08-18,4670,75,4760,4780,4665,110098
257,2020-08-18,4670,75,4760,4780,4665,110098
197,2020-08-18,4670,75,4760,4780,4665,110098
362,2020-08-18,4670,75,4760,4780,4665,110098
317,2020-08-18,4670,75,4760,4780,4665,110098
242,2020-08-18,4670,75,4760,4780,4665,110098
332,2020-08-18,4670,75,4760,4780,4665,110098
77,2020-08-18,4670,75,4760,4780,4665,110098
122,2020-08-18,4670,75,4760,4780,4665,110098
377,2020-08-18,4670,75,4760,4780,4665,110098
137,2020-08-18,4670,75,4760,4780,4665,110098
212,2020-08-18,4670,75,4760,4780,4665,110098
227,2020-08-18,4670,75,4760,4780,4665,110098
272,2020-08-18,4670,75,4760,4780,4665,110098
92,2020-08-18,4670,75,4760,4780,4665,110098
152,2020-08-18,4670,75,4760,4780,4665,110098
392,2020-08-18,4670,75,4760,4780,4665,110098
302,2020-08-18,4670,75,4760,4780,4665,110098
182,2020-08-18,4670,75,4760,4780,4665,110098
287,2020-08-18,4670,75,4760,4780,4665,110098
437,2020-08-18,4670,75,4760,4780,4665,110098
407,2020-08-18,4670,75,4760,4780,4665,110098
167,2020-08-18,4670,75,4760,4780,4665,110098
422,2020-08-18,4670,75,4760,4780,4665,110098
107,2020-08-18,4670,75,4760,4780,4665,110098
286,2020-08-19,4695,25,4620,4710,4620,66980
361,2020-08-19,4695,25,4620,4710,4620,66980
226,2020-08-19,4695,25,4620,4710,4620,66980
391,2020-08-19,4695,25,4620,4710,4620,66980
406,2020-08-19,4695,25,4620,4710,4620,66980
76,2020-08-19,4695,25,4620,4710,4620,66980
376,2020-08-19,4695,25,4620,4710,4620,66980
256,2020-08-19,4695,25,4620,4710,4620,66980
91,2020-08-19,4695,25,4620,4710,4620,66980
166,2020-08-19,4695,25,4620,4710,4620,66980
181,2020-08-19,4695,25,4620,4710,4620,66980
301,2020-08-19,4695,25,4620,4710,4620,66980
436,2020-08-19,4695,25,4620,4710,4620,66980
151,2020-08-19,4695,25,4620,4710,4620,66980
346,2020-08-19,4695,25,4620,4710,4620,66980
271,2020-08-19,4695,25,4620,4710,4620,66980
316,2020-08-19,4695,25,4620,4710,4620,66980
196,2020-08-19,4695,25,4620,4710,4620,66980
241,2020-08-19,4695,25,4620,4710,4620,66980
136,2020-08-19,4695,25,4620,4710,4620,66980
121,2020-08-19,4695,25,4620,4710,4620,66980
421,2020-08-19,4695,25,4620,4710,4620,66980
106,2020-08-19,4695,25,4620,4710,4620,66980
211,2020-08-19,4695,25,4620,4710,4620,66980
331,2020-08-19,4695,25,4620,4710,4620,66980
73,2020-08-20,4640,55,4695,4695,4625,102826
72,2020-08-21,4700,60,4685,4700,4590,63527
71,2020-08-24,4670,30,4725,4725,4645,97382
70,2020-08-25,4660,10,4700,4700,4645,55281
69,2020-08-26,4650,10,4680,4680,4610,96493
65,2020-08-27,4595,55,4655,4655,4580,123150
64,2020-08-28,4545,50,4600,4600,4530,54915
63,2020-08-31,4515,30,4550,4555,4465,153323
62,2020-09-01,4465,50,4460,4495,4450,82193
61,2020-09-02,4480,15,4485,4490,4460,50040
58,2020-09-03,4490,10,4500,4500,4460,54163
57,2020-09-04,4470,20,4485,4495,4465,118418
56,2020-09-07,4470,0,4470,4490,4455,102186
55,2020-09-08,4525,55,4485,4545,4480,84563
54,2020-09-09,4515,10,4495,4540,4470,103989
50,2020-09-10,4515,0,4525,4535,4505,56445
49,2020-09-11,4515,0,4520,4535,4490,82852
48,2020-09-14,4525,10,4535,4535,4505,92161
47,2020-09-15,4570,45,4550,4570,4540,56718
46,2020-09-16,4685,115,4590,4685,4570,93867
43,2020-09-17,4650,35,4670,4800,4620,199732
42,2020-09-18,4660,10,4670,4670,4650,51881
41,2020-09-21,4700,40,4670,4725,4670,82068
40,2020-09-22,4690,10,4725,4725,4670,60863
39,2020-09-23,4685,5,4675,4700,4675,64945
35,2020-09-24,4690,5,4695,4740,4665,144485
34,2020-09-25,4690,0,4710,4710,4675,71136
33,2020-09-28,4690,0,4705,4710,4680,56894
32,2020-09-29,4705,15,4700,4710,4670,82883
31,2020-10-05,4760,55,4710,4760,4705,129630
28,2020-10-06,4890,130,4760,4895,4750,192080
27,2020-10-07,4920,30,4885,4965,4865,214574
26,2020-10-08,4995,75,4930,4995,4910,252416
25,2020-10-12,4980,15,4995,4995,4930,109201
24,2020-10-13,4955,25,4975,4975,4940,47688
20,2020-10-14,4975,20,4955,5000,4935,136613
19,2020-10-15,4985,10,4975,4990,4965,141884
18,2020-10-16,4995,10,4985,5010,4965,110843
17,2020-10-19,5000,5,4955,5010,4950,132405
16,2020-10-20,5000,0,5000,5010,4975,67025
13,2020-10-21,5000,0,5000,5000,4980,57045
12,2020-10-22,5000,0,5000,5010,4980,137199
11,2020-10-23,5050,50,5000,5050,5000,266287
10,2020-10-26,5120,70,5060,5120,5040,252189
9,2020-10-27,5070,50,5120,5120,5020,154328
5,2020-10-28,5050,20,5070,5080,5030,133846
4,2020-10-29,5050,0,5030,5070,5030,126675
3,2020-10-30,5090,40,5050,5130,5030,138036
2,2020-11-02,5100,10,5090,5130,5070,184276
1,2020-11-03,5090,10,5110,5120,5080,117904
