,date,close,diff,open,high,low,volume
448,2019-08-16,2660,0,2660,2660,2660,0
447,2019-08-19,2660,0,2660,2660,2660,0
446,2019-08-20,2660,0,2660,2660,2660,0
445,2019-08-21,2660,0,2660,2660,2660,0
444,2019-08-22,2660,0,2660,2660,2660,0
440,2019-08-23,2660,0,2660,2660,2660,0
439,2019-08-26,2660,0,2660,2660,2660,0
438,2019-08-27,2660,0,2660,2660,2660,20
437,2019-08-28,2660,0,2660,2660,2660,0
436,2019-08-29,2660,0,2510,2660,2510,400
433,2019-08-30,2660,0,2660,2660,2660,0
432,2019-09-02,2660,0,2660,2660,2660,0
431,2019-09-03,2730,70,2730,2730,2730,5
430,2019-09-04,3060,330,3060,3060,3060,5
429,2019-09-05,2800,260,2800,2800,2800,0
425,2019-09-06,2660,140,2660,2660,2660,0
424,2019-09-09,2660,0,2660,2660,2660,0
423,2019-09-10,2660,0,2660,2660,2660,0
422,2019-09-11,2660,0,2660,2660,2660,0
421,2019-09-16,2660,0,2660,2660,2660,0
418,2019-09-17,2660,0,2660,2660,2660,0
417,2019-09-18,2660,0,2660,2660,2660,0
416,2019-09-19,2660,0,2660,2660,2660,0
415,2019-09-20,2660,0,2660,2660,2660,0
414,2019-09-23,2660,0,2660,2660,2660,0
410,2019-09-24,2660,0,2660,2660,2660,5
409,2019-09-25,2660,0,2660,2660,2660,0
408,2019-09-26,2900,240,2900,2900,2900,5
407,2019-09-27,2660,240,2660,2660,2660,0
406,2019-09-30,2660,0,2660,2660,2660,0
403,2019-10-01,2660,0,2660,2660,2660,0
402,2019-10-02,2660,0,2660,2660,2660,0
401,2019-10-04,2660,0,2660,2660,2660,0
400,2019-10-07,2660,0,2660,2660,2660,0
399,2019-10-08,2660,0,2660,2660,2660,0
395,2019-10-10,2660,0,2660,2660,2660,0
394,2019-10-11,2660,0,2660,2660,2660,0
393,2019-10-14,2660,0,2660,2660,2660,0
392,2019-10-15,2660,0,2660,2660,2660,0
391,2019-10-16,2660,0,2660,2660,2660,0
388,2019-10-17,2660,0,2660,2660,2660,1
387,2019-10-18,2660,0,2660,2660,2660,1
386,2019-10-21,2660,0,2660,2660,2660,0
385,2019-10-22,2660,0,2660,2660,2660,0
384,2019-10-23,2660,0,2660,2660,2660,0
380,2019-10-24,2660,0,2660,2660,2660,0
379,2019-10-25,2660,0,2660,2660,2660,0
378,2019-10-28,2660,0,2660,2660,2660,0
377,2019-10-29,2660,0,2660,2660,2660,0
376,2019-10-30,2660,0,2660,2660,2660,0
373,2019-10-31,2660,0,2660,2660,2660,0
372,2019-11-01,2660,0,2660,2660,2660,0
371,2019-11-04,3000,340,3000,3000,3000,5
370,2019-11-05,3000,0,3000,3000,3000,3
369,2019-11-06,2740,260,2740,2740,2740,0
365,2019-11-07,3000,260,3000,3000,3000,3
364,2019-11-08,2740,260,2740,2740,2740,0
363,2019-11-11,2660,80,2660,2660,2660,0
362,2019-11-12,2660,0,2660,2660,2660,0
361,2019-11-13,2600,60,3000,3000,2600,20
358,2019-11-14,2600,0,2600,2600,2600,0
357,2019-11-15,2660,60,2660,2660,2660,7
356,2019-11-18,2660,0,2660,2660,2660,0
355,2019-11-19,2660,0,2660,2660,2660,0
354,2019-11-20,2660,0,2660,2660,2660,0
350,2019-11-21,2660,0,2660,2660,2660,0
349,2019-11-22,2660,0,2660,2660,2660,0
348,2019-11-25,2660,0,2660,2660,2660,0
347,2019-11-26,2660,0,2660,2660,2660,0
346,2019-11-27,2660,0,2660,2660,2660,0
343,2019-11-28,2660,0,2660,2660,2660,0
342,2019-11-29,2660,0,2660,2660,2660,0
341,2019-12-02,2660,0,2660,2660,2660,0
340,2019-12-03,2660,0,2660,2660,2660,0
339,2019-12-04,2660,0,2660,2660,2660,0
335,2019-12-05,2660,0,2660,2660,2660,0
334,2019-12-06,2660,0,2660,2660,2660,0
333,2019-12-09,2660,0,2660,2660,2660,0
332,2019-12-10,2660,0,2660,2660,2660,400
331,2019-12-11,2660,0,2660,2660,2660,400
328,2019-12-12,2660,0,2660,2660,2660,0
327,2019-12-13,2660,0,2660,2660,2660,0
326,2019-12-16,2660,0,2660,2660,2660,0
325,2019-12-17,2660,0,2660,2660,2660,0
324,2019-12-18,2660,0,2660,2660,2660,0
320,2019-12-19,2660,0,2660,2660,2660,0
319,2019-12-20,2660,0,2660,2660,2660,0
318,2019-12-23,2660,0,2660,2660,2660,0
317,2019-12-24,2660,0,2660,2660,2660,0
316,2019-12-26,3000,340,3000,3000,3000,3
313,2019-12-27,2740,260,2740,2740,2740,0
312,2019-12-30,2660,80,2660,2660,2660,0
311,2020-01-02,2660,0,2660,2660,2660,0
310,2020-01-03,2660,0,2660,2660,2660,0
309,2020-01-06,2660,0,2660,2660,2660,0
305,2020-01-07,2660,0,2660,2660,2660,2
304,2020-01-08,2660,0,2660,2660,2660,1
303,2020-01-09,2660,0,2660,2660,2660,1
302,2020-01-10,2660,0,2660,2660,2660,1
301,2020-01-13,2660,0,2660,2660,2660,1
298,2020-01-14,2660,0,2660,2660,2660,1
297,2020-01-15,2660,0,2660,2660,2660,0
296,2020-01-16,2660,0,2660,2660,2660,0
295,2020-01-17,2660,0,2660,2660,2660,0
294,2020-01-20,2660,0,2660,2660,2660,0
290,2020-01-21,2660,0,2660,2660,2660,0
289,2020-01-22,2660,0,2660,2660,2660,0
288,2020-01-23,2660,0,2660,2660,2660,0
287,2020-01-28,2660,0,2660,2660,2660,0
286,2020-01-29,2660,0,2660,2660,2660,0
283,2020-01-30,2510,150,2510,2510,2510,400
282,2020-01-31,2660,150,2510,2660,2145,2814
281,2020-02-03,2660,0,2660,2660,2660,0
280,2020-02-04,2660,0,2660,2660,2660,0
279,2020-02-05,2660,0,2660,2660,2660,0
275,2020-02-06,2660,0,2660,2660,2660,0
274,2020-02-07,2660,0,2660,2660,2660,0
273,2020-02-10,2660,0,2660,2660,2660,0
272,2020-02-11,2510,150,2510,2510,2510,399
271,2020-02-12,2885,375,2885,2885,2885,5
268,2020-02-13,2510,375,2510,2510,2510,400
267,2020-02-14,2510,0,2510,2510,2510,0
266,2020-02-17,2510,0,2510,2510,2510,0
265,2020-02-18,2775,265,2775,2775,2775,5
264,2020-02-19,2510,265,2510,2510,2510,400
260,2020-02-20,2510,0,2510,2510,2510,0
259,2020-02-21,2510,0,2580,2580,2510,1001
258,2020-02-24,2580,70,2580,2580,2580,5
257,2020-02-25,2765,185,2765,2765,2765,2
256,2020-02-26,2580,185,2580,2580,2580,0
253,2020-02-27,2580,0,2580,2580,2580,0
252,2020-02-28,2580,0,2580,2580,2580,0
251,2020-03-02,2580,0,2580,2580,2580,0
250,2020-03-03,2580,0,2580,2580,2580,0
249,2020-03-04,2580,0,2580,2580,2580,0
245,2020-03-05,2775,195,2775,2775,2775,5
244,2020-03-06,2580,195,2580,2580,2580,0
243,2020-03-09,2580,0,2580,2580,2580,0
242,2020-03-10,2580,0,2580,2580,2580,0
241,2020-03-11,2580,0,2580,2580,2580,0
238,2020-03-12,2580,0,2580,2580,2580,0
237,2020-03-13,2580,0,2580,2580,2580,0
236,2020-03-16,2580,0,2580,2580,2580,0
235,2020-03-17,2580,0,2580,2580,2580,3
234,2020-03-18,2580,0,2580,2580,2580,0
230,2020-03-19,2580,0,2580,2580,2580,0
229,2020-03-20,2580,0,2580,2580,2580,0
228,2020-03-23,2580,0,2580,2580,2580,0
227,2020-03-24,2580,0,2580,2580,2580,0
226,2020-03-25,2580,0,2580,2580,2580,0
223,2020-03-26,2580,0,2580,2580,2580,0
222,2020-03-27,2580,0,2580,2580,2580,1
221,2020-03-30,2580,0,0,0,0,0
220,2020-03-31,2580,0,0,0,0,0
219,2020-04-01,2580,0,0,0,0,0
215,2020-04-02,2580,0,0,0,0,0
214,2020-04-03,2580,0,0,0,0,0
213,2020-04-06,2580,0,0,0,0,0
212,2020-04-07,2580,0,0,0,0,0
211,2020-04-08,2580,0,0,0,0,0
208,2020-04-09,2580,0,0,0,0,0
207,2020-04-10,2580,0,0,0,0,0
206,2020-04-13,2580,0,0,0,0,0
205,2020-04-14,2580,0,0,0,0,0
204,2020-04-16,2580,0,0,0,0,0
200,2020-04-17,2580,0,0,0,0,0
199,2020-04-20,2580,0,0,0,0,0
198,2020-04-21,2580,0,0,0,0,0
197,2020-04-22,2580,0,0,0,0,0
196,2020-04-23,2580,0,0,0,0,0
193,2020-04-24,2580,0,0,0,0,0
192,2020-04-27,2580,0,0,0,0,0
191,2020-04-28,2580,0,0,0,0,0
190,2020-04-29,2580,0,0,0,0,0
189,2020-05-04,2580,0,0,0,0,0
185,2020-05-06,2580,0,0,0,0,0
184,2020-05-07,2580,0,0,0,0,0
183,2020-05-08,2580,0,0,0,0,0
182,2020-05-11,2580,0,0,0,0,0
181,2020-05-12,2580,0,0,0,0,0
178,2020-05-13,2580,0,0,0,0,0
177,2020-05-14,2580,0,0,0,0,0
176,2020-05-15,2580,0,0,0,0,0
175,2020-05-18,2580,0,0,0,0,0
174,2020-05-19,2580,0,0,0,0,0
170,2020-05-20,2580,0,0,0,0,0
169,2020-05-21,2580,0,0,0,0,0
168,2020-05-22,2580,0,0,0,0,0
167,2020-05-25,2580,0,0,0,0,0
166,2020-05-26,2580,0,0,0,0,0
163,2020-05-27,2580,0,0,0,0,0
162,2020-05-28,2580,0,0,0,0,0
161,2020-05-29,2580,0,0,0,0,0
160,2020-06-01,2580,0,0,0,0,0
159,2020-06-02,2580,0,0,0,0,0
155,2020-06-03,2580,0,0,0,0,0
154,2020-06-04,2580,0,0,0,0,0
153,2020-06-05,2580,0,0,0,0,0
152,2020-06-08,2580,0,0,0,0,0
151,2020-06-09,2580,0,0,0,0,0
148,2020-06-10,2580,0,0,0,0,0
147,2020-06-11,2580,0,0,0,0,0
146,2020-06-12,2580,0,0,0,0,0
145,2020-06-15,2580,0,0,0,0,0
144,2020-06-16,2580,0,0,0,0,0
140,2020-06-17,2580,0,0,0,0,0
139,2020-06-18,2580,0,0,0,0,0
138,2020-06-19,2580,0,0,0,0,0
137,2020-06-22,2580,0,0,0,0,0
136,2020-06-23,2580,0,0,0,0,0
133,2020-06-24,2580,0,0,0,0,0
132,2020-06-25,2580,0,0,0,0,0
131,2020-06-26,2580,0,0,0,0,0
130,2020-06-29,2580,0,0,0,0,0
129,2020-06-30,2580,0,0,0,0,0
125,2020-07-01,2580,0,0,0,0,0
124,2020-07-02,2580,0,0,0,0,0
123,2020-07-03,2580,0,0,0,0,0
122,2020-07-06,2580,0,0,0,0,0
121,2020-07-07,2580,0,0,0,0,0
118,2020-07-08,2580,0,0,0,0,0
117,2020-07-09,2580,0,0,0,0,0
116,2020-07-10,2580,0,0,0,0,0
115,2020-07-13,2580,0,0,0,0,0
114,2020-07-14,2580,0,0,0,0,0
110,2020-07-15,2580,0,0,0,0,0
109,2020-07-16,2580,0,0,0,0,0
108,2020-07-17,2580,0,0,0,0,0
107,2020-07-20,2580,0,0,0,0,0
106,2020-07-21,2580,0,0,0,0,0
103,2020-07-22,2580,0,0,0,0,0
102,2020-07-23,2580,0,0,0,0,0
101,2020-07-24,2580,0,0,0,0,0
100,2020-07-27,2580,0,0,0,0,0
99,2020-07-28,2580,0,0,0,0,0
95,2020-07-29,2580,0,0,0,0,0
94,2020-07-30,2580,0,0,0,0,0
93,2020-07-31,2580,0,0,0,0,0
92,2020-08-03,2580,0,0,0,0,0
91,2020-08-04,2580,0,0,0,0,0
88,2020-08-05,2580,0,0,0,0,0
87,2020-08-06,2580,0,0,0,0,0
86,2020-08-07,2580,0,0,0,0,0
85,2020-08-10,2580,0,0,0,0,0
84,2020-08-11,2580,0,0,0,0,0
80,2020-08-12,2580,0,0,0,0,0
79,2020-08-13,2580,0,0,0,0,0
78,2020-08-14,2580,0,0,0,0,0
77,2020-08-18,2580,0,0,0,0,0
76,2020-08-19,2580,0,0,0,0,0
73,2020-08-20,2580,0,0,0,0,0
72,2020-08-21,2580,0,0,0,0,0
71,2020-08-24,2580,0,0,0,0,0
70,2020-08-25,2580,0,0,0,0,0
69,2020-08-26,5160,0,5160,5160,5160,3
65,2020-08-27,4390,770,4390,4390,4390,0
64,2020-08-28,3735,655,3735,3735,3735,0
63,2020-08-31,3175,560,3175,3175,3175,0
62,2020-09-01,2760,415,2760,2760,2760,0
61,2020-09-02,2760,0,2760,2760,2760,0
58,2020-09-03,2760,0,2760,2760,2760,0
57,2020-09-04,2760,0,2760,2760,2760,0
56,2020-09-07,2760,0,2760,2760,2760,0
55,2020-09-08,2760,0,2760,2760,2760,0
54,2020-09-09,2760,0,2760,2760,2760,0
50,2020-09-10,2760,0,2760,2760,2760,0
49,2020-09-11,2760,0,2760,2760,2760,0
48,2020-09-14,2760,0,2760,2760,2760,0
47,2020-09-15,2760,0,2760,2760,2760,0
46,2020-09-16,2760,0,2760,2760,2760,0
43,2020-09-17,2680,80,2680,2680,2680,380
42,2020-09-18,2680,0,2680,2680,2680,222
41,2020-09-21,2680,0,2680,2680,2680,0
40,2020-09-22,2680,0,2680,2680,2680,0
39,2020-09-23,2680,0,2680,2680,2680,0
35,2020-09-24,2680,0,2680,2680,2680,0
34,2020-09-25,2680,0,2680,2680,2680,0
33,2020-09-28,2680,0,2680,2680,2680,0
32,2020-09-29,2610,70,2610,2610,2610,363
31,2020-10-05,2690,80,2690,2690,2690,1
28,2020-10-06,2690,0,2690,2690,2690,0
27,2020-10-07,2690,0,2690,2690,2690,0
26,2020-10-08,2690,0,2690,2690,2690,0
25,2020-10-12,2690,0,2690,2690,2690,0
24,2020-10-13,2690,0,2690,2690,2690,0
20,2020-10-14,2690,0,2690,2690,2690,0
19,2020-10-15,2690,0,2690,2690,2690,0
18,2020-10-16,2690,0,2690,2690,2690,0
17,2020-10-19,2690,0,2690,2690,2690,0
16,2020-10-20,2690,0,2690,2690,2690,0
13,2020-10-21,2690,0,2690,2690,2690,0
12,2020-10-22,2690,0,2690,2690,2690,0
11,2020-10-23,2690,0,2690,2690,2690,0
10,2020-10-26,2690,0,2690,2690,2690,0
9,2020-10-27,2690,0,2690,2690,2690,0
5,2020-10-28,2690,0,2690,2690,2690,0
4,2020-10-29,2690,0,2690,2690,2690,0
3,2020-10-30,2690,0,2690,2690,2690,0
2,2020-11-02,2690,0,2690,2690,2690,0
1,2020-11-03,2690,0,2690,2690,2690,0
