,date,close,diff,open,high,low,volume
448,2009-03-03,310,5,305,315,280,37904
447,2009-03-04,320,10,315,330,300,42326
446,2009-03-05,325,5,330,340,315,67640
445,2009-03-06,305,20,295,335,295,61083
444,2009-03-09,315,10,305,320,305,95921
440,2009-03-10,315,0,335,340,300,64237
439,2009-03-11,310,5,330,330,300,191577
438,2009-03-12,325,15,320,325,300,91300
437,2009-03-13,345,20,325,345,310,91259
436,2009-03-16,395,50,340,395,340,378557
433,2009-03-17,375,20,415,415,365,222367
432,2009-03-18,380,5,365,390,365,94068
431,2009-03-19,385,5,375,395,375,156655
430,2009-03-20,375,10,390,395,370,141335
429,2009-03-23,400,25,430,430,395,1081326
425,2009-03-24,380,20,415,415,375,297948
424,2009-03-25,395,15,385,430,375,475888
423,2009-03-26,385,10,395,405,380,565198
422,2009-03-27,440,55,440,440,440,318760
421,2009-03-30,375,65,470,475,375,1865722
418,2009-03-31,350,25,375,385,350,358709
417,2009-04-01,365,15,370,370,350,77583
416,2009-04-02,380,15,375,390,355,215939
415,2009-04-03,380,0,380,390,375,110937
414,2009-04-06,375,5,375,400,375,424365
410,2009-04-07,380,5,380,385,370,257774
409,2009-04-08,385,5,385,390,375,152305
408,2009-04-09,410,25,385,440,385,1007217
407,2009-04-10,465,55,420,470,410,1848272
406,2009-04-13,470,5,455,530,440,1605969
403,2009-04-14,440,30,465,490,420,960492
402,2009-04-15,505,65,450,505,430,2309366
401,2009-04-16,580,75,555,580,530,3333800
400,2009-04-17,555,25,555,625,530,1933269
399,2009-04-20,545,10,530,580,525,515915
395,2009-04-21,550,5,515,550,505,592320
394,2009-04-22,525,25,550,560,505,614240
393,2009-04-23,530,5,540,540,510,277508
392,2009-04-24,540,10,535,590,530,690486
391,2009-04-27,530,10,525,560,520,352777
388,2009-04-28,470,60,520,530,455,520606
387,2009-04-29,510,40,460,525,460,291380
386,2009-04-30,475,35,510,525,435,876094
385,2009-05-04,505,30,495,515,470,223214
384,2009-05-06,505,0,505,550,490,863481
380,2009-05-07,520,15,510,525,490,318260
379,2009-05-08,500,20,515,525,500,270420
378,2009-05-11,510,10,500,515,495,305919
377,2009-05-12,505,5,510,515,485,303499
376,2009-05-13,540,35,510,560,500,968478
373,2009-05-14,510,30,530,535,505,751398
372,2009-05-15,505,5,525,525,500,396259
371,2009-05-18,525,20,510,570,485,1962852
370,2009-05-19,525,0,535,550,510,519144
369,2009-05-20,525,0,530,550,495,906132
365,2009-05-21,525,0,520,535,505,597817
364,2009-05-22,540,15,525,555,515,1150163
363,2009-05-25,620,80,550,620,530,5404379
362,2009-05-26,710,90,645,710,640,4804508
361,2009-05-27,670,40,765,780,620,3105605
358,2009-05-28,645,25,660,715,580,1125707
357,2009-05-29,650,5,660,660,605,717512
356,2009-06-01,745,95,650,745,650,2571239
355,2009-06-02,855,110,780,855,755,3008606
354,2009-06-03,980,125,940,980,870,8397211
350,2009-06-04,835,145,950,980,835,4785616
349,2009-06-05,960,125,850,960,805,4529164
348,2009-06-08,1100,140,1050,1100,1010,2491006
347,2009-06-09,1050,50,1100,1245,995,6475969
346,2009-06-10,1105,55,1060,1170,945,2946088
343,2009-06-11,1120,15,1090,1180,1025,1664072
342,2009-06-12,1035,85,1100,1140,1035,1056663
341,2009-06-15,880,155,1000,1035,880,2118711
340,2009-06-16,945,65,880,995,870,2775705
339,2009-06-17,910,35,955,955,885,784516
335,2009-06-18,940,30,910,970,870,823229
334,2009-06-19,1080,140,950,1080,920,3266367
333,2009-06-22,1030,50,1105,1160,1025,3109635
332,2009-06-23,885,145,1000,1000,885,2047548
331,2009-06-24,895,10,910,940,890,838961
328,2009-06-25,915,20,885,960,850,732400
327,2009-06-26,805,110,930,935,780,2067618
326,2009-06-29,725,80,835,835,690,3020471
325,2009-06-30,725,0,705,755,695,1251054
324,2009-07-01,830,105,735,830,700,1659967
320,2009-07-02,840,10,850,925,805,2102109
319,2009-07-03,805,35,850,850,780,640292
318,2009-07-06,830,25,800,860,795,681810
317,2009-07-07,810,20,840,865,790,840204
316,2009-07-08,805,5,845,890,800,2114563
313,2009-07-09,890,85,825,920,815,5415224
312,2009-07-10,775,115,915,940,760,3016772
311,2009-07-13,755,20,780,810,730,711193
310,2009-07-14,735,20,755,775,705,597188
309,2009-07-15,760,25,720,785,720,627253
305,2009-07-16,730,30,760,780,720,499876
304,2009-07-17,730,0,720,745,715,286664
303,2009-07-20,755,25,735,820,730,870157
302,2009-07-21,745,10,750,770,735,365379
301,2009-07-22,765,20,745,805,725,867511
298,2009-07-23,750,15,795,795,750,395572
297,2009-07-24,760,10,750,770,745,571724
296,2009-07-27,740,20,765,765,725,519975
295,2009-07-28,730,10,730,750,720,373632
294,2009-07-29,710,20,715,730,690,634525
290,2009-07-30,720,10,720,750,700,462719
289,2009-07-31,715,5,720,735,710,227897
288,2009-08-03,820,105,810,820,795,1834640
287,2009-08-04,735,85,850,860,725,1554891
286,2009-08-05,735,0,720,745,700,413118
283,2009-08-06,755,20,735,800,700,1740280
282,2009-08-07,755,0,740,770,735,525279
281,2009-08-10,775,20,760,790,760,503763
280,2009-08-11,770,5,790,790,760,291435
279,2009-08-12,750,20,770,775,750,273806
275,2009-08-13,775,25,750,795,740,605134
274,2009-08-14,755,20,775,780,750,351019
273,2009-08-17,670,85,645,680,645,1910783
272,2009-08-18,640,30,665,665,640,466729
271,2009-08-19,690,50,645,695,645,699661
268,2009-08-20,670,20,680,685,660,368137
267,2009-08-21,645,25,680,685,625,458962
266,2009-08-24,605,40,605,665,605,300301
265,2009-08-25,595,10,605,605,515,1313584
264,2009-08-26,575,20,595,600,550,481059
260,2009-08-27,530,45,580,600,530,578701
259,2009-08-28,515,15,550,565,500,1325654
258,2009-08-31,505,10,535,535,490,798682
257,2009-09-01,485,20,505,505,470,993615
256,2009-09-02,500,15,485,515,480,450631
253,2009-09-03,510,10,495,515,495,653737
252,2009-09-04,500,10,510,520,490,881941
251,2009-09-07,485,15,505,515,475,1040652
250,2009-09-08,485,0,485,495,475,515812
249,2009-09-09,470,15,480,490,460,365022
245,2009-09-10,475,5,470,480,465,322523
244,2009-09-11,470,5,480,495,465,697371
243,2009-09-14,540,70,480,540,475,2563692
242,2009-09-15,540,0,555,570,515,2906612
241,2009-09-16,525,15,530,540,510,720300
238,2009-09-17,495,30,535,535,495,732697
237,2009-09-18,495,0,495,510,480,520127
236,2009-09-21,490,5,500,510,480,612598
235,2009-09-22,505,15,495,525,485,636953
234,2009-09-23,515,10,505,530,500,468182
230,2009-09-24,500,15,505,525,495,600128
229,2009-09-25,515,15,495,535,490,531045
228,2009-09-28,510,5,520,520,500,240602
227,2009-09-29,520,10,520,530,500,444120
226,2009-09-30,500,20,515,515,500,388365
223,2009-10-01,500,0,500,510,490,257879
222,2009-10-05,500,0,500,520,495,174855
221,2009-10-06,500,0,510,510,495,144115
220,2009-10-07,510,10,505,515,500,480897
219,2009-10-08,525,15,505,535,505,574220
215,2009-10-09,560,35,520,560,520,901747
214,2009-10-12,600,40,565,605,545,1165216
213,2009-10-13,675,75,600,690,600,4004051
212,2009-10-14,675,0,675,680,620,1488764
211,2009-10-15,660,15,675,760,655,1752213
208,2009-10-16,625,35,660,665,615,1053316
207,2009-10-19,645,20,640,665,590,953141
206,2009-10-20,600,45,640,665,600,834777
205,2009-10-21,555,45,600,615,515,1012315
204,2009-10-22,635,80,555,635,555,1865193
200,2009-10-23,625,10,660,720,605,2338149
199,2009-10-26,640,15,625,645,580,944230
198,2009-10-27,610,30,625,645,605,519278
197,2009-10-28,610,0,590,620,580,473652
196,2009-10-29,585,25,590,610,570,375569
193,2009-10-30,590,5,595,605,560,390687
192,2009-11-02,575,15,590,590,560,502084
191,2009-11-03,615,40,600,645,590,978126
190,2009-11-04,575,40,615,615,575,387892
189,2009-11-05,595,20,580,595,560,386982
185,2009-11-06,600,5,605,615,590,458285
184,2009-11-09,600,0,610,610,590,285327
183,2009-11-10,620,20,600,620,590,388511
182,2009-11-11,640,20,635,645,615,471103
181,2009-11-12,640,0,640,645,620,295465
178,2009-11-13,635,5,625,640,605,500638
177,2009-11-16,665,30,640,680,630,1280343
176,2009-11-17,685,20,680,710,665,1830405
175,2009-11-18,675,10,690,705,660,864237
174,2009-11-19,620,55,660,675,615,1147347
170,2009-11-20,585,35,570,605,540,2153939
169,2009-11-23,660,75,595,660,590,1539241
168,2009-11-24,640,20,665,680,625,1297766
167,2009-11-25,680,40,635,705,620,1455594
166,2009-11-26,650,30,690,695,635,4609385
163,2009-11-27,655,5,660,740,650,3470017
162,2009-11-30,675,20,655,695,650,1256831
161,2009-12-01,665,10,675,690,645,1070243
160,2009-12-02,630,35,660,660,610,1339416
159,2009-12-03,650,20,625,660,620,465182
155,2009-12-04,630,20,655,655,620,460933
154,2009-12-07,635,5,630,645,620,500523
153,2009-12-08,630,5,630,645,605,609147
152,2009-12-09,620,10,620,640,620,355580
151,2009-12-10,630,10,625,650,625,403455
148,2009-12-11,620,10,640,650,620,326289
147,2009-12-14,610,10,620,640,570,760861
146,2009-12-15,615,5,615,620,600,596899
145,2009-12-16,605,10,615,615,590,572294
144,2009-12-17,635,30,615,635,600,539992
140,2009-12-18,630,5,635,645,615,715871
139,2009-12-21,680,50,630,700,630,2031435
138,2009-12-22,660,20,655,670,640,777727
137,2009-12-23,675,15,650,695,645,1563142
136,2009-12-24,690,15,695,775,690,2825258
133,2009-12-28,675,15,670,685,635,626995
132,2009-12-29,705,30,675,750,670,1622196
131,2009-12-30,640,65,715,715,640,1130696
130,2010-01-04,650,10,570,665,565,2874947
129,2010-01-05,670,20,655,690,645,1452896
125,2010-01-06,570,100,670,765,570,8913790
124,2010-01-07,655,85,605,655,605,1994762
123,2010-01-08,730,75,670,735,665,2791143
122,2010-01-11,745,15,750,765,680,1899430
121,2010-01-12,750,5,740,770,730,1691224
118,2010-01-13,795,45,760,820,760,2148631
117,2010-01-14,880,85,800,900,800,4093332
116,2010-01-15,750,130,900,955,750,6459584
115,2010-01-18,790,40,760,805,680,2746550
114,2010-01-19,765,25,820,825,755,1210383
110,2010-01-20,775,10,770,795,730,1319234
109,2010-01-21,800,25,775,815,750,787489
108,2010-01-22,795,5,800,830,680,3815415
107,2010-01-25,805,10,850,850,765,2682182
106,2010-01-26,835,30,820,840,785,1252099
103,2010-01-27,855,20,835,875,825,1544582
102,2010-01-28,815,40,855,935,755,7651767
101,2010-01-29,760,55,785,825,760,1088342
100,2010-02-01,820,60,780,820,775,1222222
99,2010-02-02,835,15,870,900,815,3061300
95,2010-02-03,820,15,850,850,810,617282
94,2010-02-04,790,30,820,835,790,1412742
93,2010-02-05,795,5,785,805,770,1468982
92,2010-02-08,760,35,795,795,760,1019023
91,2010-02-09,795,35,775,810,770,1831391
88,2010-02-10,785,10,780,805,775,1182657
87,2010-02-11,785,0,805,805,780,1364078
86,2010-02-12,795,10,785,800,780,1713458
85,2010-02-16,805,10,810,820,785,2368345
84,2010-02-17,855,50,810,865,805,2210750
80,2010-02-18,960,105,875,965,875,3600629
79,2010-02-19,860,100,980,985,820,5531198
78,2010-02-22,900,40,885,905,870,1344756
77,2010-02-23,920,20,905,920,870,1796656
76,2010-02-24,895,25,920,1000,895,3588178
73,2010-02-25,765,130,885,885,765,13130033
72,2010-02-26,655,110,670,735,655,4183752
71,2010-03-02,560,95,560,560,560,2114549
70,2010-03-03,480,80,480,510,480,89254688
69,2010-03-04,410,70,490,500,410,50069203
65,2010-03-05,415,5,425,445,380,35528197
64,2010-03-08,440,25,415,465,395,34059413
63,2010-03-09,420,20,445,450,420,8434685
62,2010-03-10,385,35,420,430,380,10245750
61,2010-03-11,375,10,390,395,345,15806061
58,2010-03-12,395,20,380,415,360,11394728
57,2010-03-15,415,20,395,430,375,10817210
56,2010-03-16,375,40,420,470,375,40747647
55,2010-03-17,320,55,340,355,320,26751478
54,2010-03-18,335,15,325,350,320,7714766
50,2010-03-19,350,15,335,365,335,8818638
49,2010-03-22,325,25,345,345,320,5069829
48,2010-03-23,295,30,325,335,280,11641074
47,2010-03-24,255,40,260,280,255,8086208
46,2010-03-25,220,35,220,220,220,917766
43,2010-03-26,220,0,0,0,0,0
42,2010-03-29,220,0,0,0,0,0
41,2010-03-30,220,0,0,0,0,0
40,2010-03-31,220,0,0,0,0,0
39,2010-04-01,220,0,0,0,0,0
35,2010-04-02,220,0,0,0,0,0
34,2010-04-05,220,0,0,0,0,0
33,2010-04-06,220,0,0,0,0,0
32,2010-04-07,220,0,0,0,0,0
31,2010-04-08,220,0,0,0,0,0
28,2010-04-09,220,0,0,0,0,0
27,2010-04-12,220,0,0,0,0,0
26,2010-04-13,220,0,0,0,0,0
25,2010-04-14,220,0,0,0,0,0
24,2010-04-15,220,0,0,0,0,0
20,2010-04-16,220,0,0,0,0,0
19,2010-04-19,220,0,0,0,0,0
18,2010-04-20,220,0,0,0,0,0
17,2010-04-21,220,0,0,0,0,0
16,2010-04-22,220,0,0,0,0,0
13,2010-04-23,220,0,0,0,0,0
12,2010-04-26,220,0,0,0,0,0
11,2010-04-27,220,0,0,0,0,0
10,2010-04-28,40,180,25,40,25,24161991
9,2010-04-29,35,5,45,50,35,7203682
5,2010-04-30,25,10,30,30,25,5226004
4,2010-05-03,30,5,30,30,25,10256610
3,2010-05-04,25,5,25,30,25,6025813
2,2010-05-06,45,20,30,50,30,14626240
