,date,close,diff,open,high,low,volume
448,2019-08-16,3010,10,2870,3020,2840,4741705
447,2019-08-19,3125,115,3065,3150,3050,4656664
446,2019-08-20,3135,10,3140,3145,3055,2454264
445,2019-08-21,3050,85,3095,3135,3035,2451876
444,2019-08-22,3030,20,2985,3050,2915,4653007
440,2019-08-23,2930,100,3040,3115,2890,4367499
439,2019-08-26,2810,120,2800,2895,2775,2577599
438,2019-08-27,2805,5,2955,2970,2805,2963441
437,2019-08-28,2895,90,2795,2895,2795,2226451
436,2019-08-29,2970,75,2925,3035,2880,5413381
433,2019-08-30,3070,100,2970,3090,2955,3281041
432,2019-09-02,2920,150,2965,2985,2915,2724157
431,2019-09-03,2915,5,2940,2965,2905,1546714
430,2019-09-04,2915,0,2895,2945,2885,1230849
429,2019-09-05,2940,25,2970,2970,2915,1525218
425,2019-09-06,2885,55,2945,2950,2885,1119735
424,2019-09-09,2860,25,2880,2920,2855,885716
423,2019-09-10,3340,480,3040,3430,3035,48583459
422,2019-09-11,3395,55,3490,3520,3305,14057548
421,2019-09-16,3565,170,3485,3700,3425,17633498
418,2019-09-17,3485,80,3450,3555,3415,4708286
417,2019-09-18,3730,245,3460,4045,3420,28969536
416,2019-09-19,3805,75,3730,3930,3640,10076082
415,2019-09-20,3860,55,3830,3905,3760,7649197
414,2019-09-23,3895,35,3980,4090,3890,9874005
410,2019-09-24,3830,65,3760,3980,3740,8427780
409,2019-09-25,3700,130,3885,3920,3640,6998294
408,2019-09-26,3745,45,3800,3835,3560,5478065
407,2019-09-27,3745,0,3670,3830,3650,4006780
406,2019-09-30,3610,135,3660,3720,3565,2734679
403,2019-10-01,3620,10,3570,3650,3565,2313692
402,2019-10-02,3710,90,3855,3870,3690,7192556
401,2019-10-04,3495,215,3720,3740,3495,4497854
400,2019-10-07,2890,605,2985,3070,2815,8808249
399,2019-10-08,2900,10,2895,2970,2845,4863859
395,2019-10-10,2880,20,2835,2960,2835,2576305
394,2019-10-11,2885,5,2880,2925,2855,1680476
393,2019-10-14,3000,115,2905,3075,2900,4546693
392,2019-10-15,2995,5,2995,3015,2965,1281484
391,2019-10-16,3010,15,3010,3025,2960,1890942
388,2019-10-17,2935,75,3000,3025,2925,1411249
387,2019-10-18,2985,50,2960,3025,2945,2001786
386,2019-10-21,2810,175,2920,2940,2785,2227434
385,2019-10-22,2960,150,2895,2965,2860,2524608
384,2019-10-23,2755,205,2820,2865,2740,3630030
380,2019-10-24,2855,100,2780,2895,2760,2721104
379,2019-10-25,2830,25,2865,2910,2780,1692399
378,2019-10-28,2795,35,2820,2910,2735,1939357
377,2019-10-29,2850,55,2810,2875,2805,1247781
376,2019-10-30,2760,90,2765,2810,2750,1238405
373,2019-10-31,2790,30,2765,2810,2720,1128042
372,2019-11-01,2810,20,2760,2820,2750,929444
371,2019-11-04,2835,25,2835,2860,2775,1162047
370,2019-11-05,2860,25,2935,2940,2850,2408779
369,2019-11-06,2955,95,2920,2990,2880,3143699
365,2019-11-07,2875,80,2925,2925,2855,1501930
364,2019-11-08,2945,70,2905,2950,2885,1555868
363,2019-11-11,2855,90,2900,2900,2810,1604108
362,2019-11-12,2855,0,2875,2875,2830,714142
361,2019-11-13,2840,15,2870,2895,2830,895309
358,2019-11-14,2870,30,2880,2890,2835,1071800
357,2019-11-15,2900,30,2895,2945,2870,1848832
356,2019-11-18,3005,105,3055,3130,2965,4534044
355,2019-11-19,2900,105,2955,2960,2895,1512834
354,2019-11-20,2770,130,2915,2920,2750,2247297
350,2019-11-21,2635,135,2740,2765,2590,2612581
349,2019-11-22,2625,10,2600,2685,2535,1713997
348,2019-11-25,2635,10,2630,2670,2605,859809
347,2019-11-26,2690,55,2620,2705,2620,1012108
346,2019-11-27,2620,70,2670,2695,2620,759595
343,2019-11-28,2525,95,2610,2655,2525,1117164
342,2019-11-29,2540,15,2510,2620,2510,881062
341,2019-12-02,2470,70,2545,2575,2460,879096
340,2019-12-03,2595,125,2435,2655,2405,2572138
339,2019-12-04,2445,150,2495,2530,2425,2112897
335,2019-12-05,2330,115,2450,2465,2320,1864723
334,2019-12-06,2445,115,2335,2470,2335,1296204
333,2019-12-09,2500,55,2405,2525,2385,1098025
332,2019-12-10,2445,55,2505,2510,2415,860043
331,2019-12-11,2510,65,2450,2555,2435,1182334
328,2019-12-12,2620,110,2565,2730,2535,3020537
327,2019-12-13,2590,30,2585,2625,2550,1802296
326,2019-12-16,2565,25,2590,2655,2515,2741649
325,2019-12-17,2415,150,2585,2590,2400,3203556
324,2019-12-18,2485,70,2410,2515,2380,1845868
320,2019-12-19,2425,60,2475,2480,2420,1235989
319,2019-12-20,2460,35,2435,2555,2430,2593166
318,2019-12-23,2360,100,2440,2440,2340,2018853
317,2019-12-24,2335,25,2380,2390,2330,1277426
316,2019-12-26,2385,50,2370,2425,2355,1070536
313,2019-12-27,2400,15,2425,2435,2345,696243
312,2019-12-30,2420,20,2400,2455,2385,946694
311,2020-01-02,2410,10,2420,2425,2385,721640
310,2020-01-03,2420,10,2435,2475,2405,1053030
309,2020-01-06,2290,130,2385,2390,2285,1719980
305,2020-01-07,2315,25,2320,2390,2310,1138566
304,2020-01-08,2150,165,2310,2340,2125,2209315
303,2020-01-09,2530,380,2250,2740,2240,23856737
302,2020-01-10,2555,25,2565,2580,2480,4504049
301,2020-01-13,2560,5,2515,2635,2465,5924962
298,2020-01-14,2665,105,2620,2800,2475,7562919
297,2020-01-15,2700,35,2600,2785,2555,11811196
296,2020-01-16,2625,75,2700,2730,2625,3066473
295,2020-01-17,2610,15,2640,2715,2605,2731882
294,2020-01-20,2520,90,2615,2630,2505,1707419
290,2020-01-21,2550,30,2545,2720,2530,6329689
289,2020-01-22,2560,10,2540,2565,2500,1388773
288,2020-01-23,2525,35,2560,2560,2505,998019
287,2020-01-28,2380,145,2400,2435,2345,2301961
286,2020-01-29,2420,40,2430,2440,2370,1695241
283,2020-01-30,2285,135,2400,2450,2275,1795576
282,2020-01-31,2255,30,2315,2390,2255,1809243
281,2020-02-03,2290,35,2170,2325,2165,1868927
280,2020-02-04,2375,85,2300,2425,2300,1196197
279,2020-02-05,2395,20,2415,2490,2375,1716424
275,2020-02-06,2440,45,2445,2480,2415,916260
274,2020-02-07,2490,50,2480,2520,2435,1421450
273,2020-02-10,2540,50,2515,2575,2475,1923974
272,2020-02-11,2420,120,2455,2480,2405,1658317
271,2020-02-12,2400,20,2410,2425,2355,1073391
268,2020-02-13,2385,15,2400,2450,2375,846605
267,2020-02-14,2450,65,2435,2470,2405,1254155
266,2020-02-17,2400,50,2445,2445,2395,640523
265,2020-02-18,2320,80,2380,2410,2315,1082020
264,2020-02-19,2325,5,2330,2395,2270,1469803
260,2020-02-20,2285,40,2330,2400,2280,1692475
259,2020-02-21,2235,50,2260,2320,2230,1100352
258,2020-02-24,2050,185,2165,2200,2035,2345484
257,2020-02-25,2150,100,2030,2165,2030,1550206
256,2020-02-26,2150,0,2085,2170,2065,760549
253,2020-02-27,2065,85,2150,2205,2065,1023889
252,2020-02-28,2020,45,2010,2060,1945,1424654
251,2020-03-02,2045,25,2020,2085,1955,1296110
250,2020-03-03,2070,25,2075,2160,2065,1069605
249,2020-03-04,2120,50,2050,2135,2050,694218
245,2020-03-05,2165,45,2135,2180,2120,1111152
244,2020-03-06,2205,40,2285,2295,2150,2697169
243,2020-03-09,2040,165,2120,2145,2030,1715712
242,2020-03-10,2045,5,1990,2060,1965,1358543
241,2020-03-11,1995,50,2055,2070,1950,1139601
238,2020-03-12,1795,200,1965,1965,1770,2190390
237,2020-03-13,1575,220,1600,1655,1410,4561239
236,2020-03-16,1440,135,1575,1640,1440,2516612
235,2020-03-17,1440,0,1335,1490,1335,2142002
234,2020-03-18,1355,85,1460,1650,1350,5886248
230,2020-03-19,1120,235,1400,1425,1105,4539321
229,2020-03-20,1240,120,1165,1250,1160,2851190
228,2020-03-23,1295,55,1155,1370,1145,3751161
227,2020-03-24,1370,75,1335,1390,1305,2866742
226,2020-03-25,1465,95,1410,1520,1410,3129891
223,2020-03-26,1480,15,1465,1520,1420,2630380
222,2020-03-27,1485,5,1540,1560,1390,2910553
221,2020-03-30,1500,15,1430,1510,1385,2240768
220,2020-03-31,1720,220,1520,1915,1520,15960718
219,2020-04-01,1670,50,1670,1850,1640,6906181
215,2020-04-02,1710,40,1680,1770,1550,4066091
214,2020-04-03,1720,10,1720,1755,1670,2443046
213,2020-04-06,1775,55,1725,1790,1695,2466188
212,2020-04-07,1845,70,1820,1925,1750,5099209
211,2020-04-08,1815,30,1840,1865,1780,1913884
208,2020-04-09,1875,60,1845,1890,1830,2178319
207,2020-04-10,1845,30,1875,1895,1740,2223746
206,2020-04-13,1785,60,1815,1875,1765,2231586
205,2020-04-14,1965,180,1820,2065,1805,19923864
204,2020-04-16,2510,545,2020,2530,1985,47571786
200,2020-04-17,2390,120,2415,2495,2305,13839160
199,2020-04-20,2650,260,2435,2860,2420,56651309
198,2020-04-21,2440,210,2620,2815,2130,32264738
197,2020-04-22,2525,85,2400,2530,2250,9758285
196,2020-04-23,2430,95,2445,2615,2425,8965983
193,2020-04-24,2385,45,2430,2545,2340,7080684
192,2020-04-27,2400,15,2460,2480,2375,4427999
191,2020-04-28,2470,70,2470,2565,2405,12016644
190,2020-04-29,2485,15,2540,2540,2440,3417181
189,2020-05-04,2515,30,2620,2665,2500,5831835
185,2020-05-06,2615,100,2520,2625,2485,7436418
184,2020-05-07,2670,55,2615,2780,2610,15777902
183,2020-05-08,2745,75,2710,2770,2675,8416423
182,2020-05-11,2560,185,2640,2650,2550,5037800
181,2020-05-12,2520,40,2520,2585,2475,3448991
178,2020-05-13,2495,25,2455,2540,2455,1604036
177,2020-05-14,2445,50,2480,2515,2435,1925431
176,2020-05-15,2390,55,2470,2475,2345,1967985
175,2020-05-18,2390,0,2370,2420,2355,1407265
174,2020-05-19,2430,40,2430,2495,2420,2863655
170,2020-05-20,2450,20,2415,2480,2405,1396263
169,2020-05-21,2475,25,2465,2480,2425,1634059
168,2020-05-22,2435,40,2505,2505,2415,1525002
167,2020-05-25,2430,5,2410,2515,2360,2187745
166,2020-05-26,2525,95,2455,2620,2430,7735537
163,2020-05-27,2550,25,2535,2570,2500,3102185
162,2020-05-28,2465,85,2565,2590,2435,2981698
161,2020-05-29,2460,5,2445,2515,2435,1315426
160,2020-06-01,2485,25,2460,2530,2460,1265446
159,2020-06-02,2560,75,2500,2605,2500,3476540
155,2020-06-03,2525,35,2560,2570,2525,1613760
154,2020-06-04,2530,5,2540,2565,2490,1621507
153,2020-06-05,2610,80,2530,2630,2525,3433768
152,2020-06-08,2490,120,2545,2550,2475,3183513
151,2020-06-09,2390,100,2350,2460,2350,3395780
148,2020-06-10,2310,80,2370,2375,2300,2286472
147,2020-06-11,2280,30,2310,2370,2275,1657486
146,2020-06-12,2330,50,2160,2350,2150,3280126
145,2020-06-15,2005,325,2220,2280,2005,3029061
144,2020-06-16,2250,245,2100,2320,2075,3365010
140,2020-06-17,2070,180,2045,2145,2005,4754975
139,2020-06-18,2080,10,2080,2175,2035,3294583
138,2020-06-19,2200,120,2085,2385,2080,11575126
137,2020-06-22,2135,65,2180,2255,2110,2364588
136,2020-06-23,2065,70,2155,2160,2045,1765921
133,2020-06-24,2365,300,2300,2400,2210,11394796
132,2020-06-25,2300,65,2265,2350,2250,3079181
131,2020-06-26,2270,30,2330,2340,2215,1381596
130,2020-06-29,2220,50,2225,2300,2210,778197
129,2020-06-30,2235,15,2280,2285,2200,1178982
125,2020-07-01,2310,75,2265,2350,2260,2000274
124,2020-07-02,2370,60,2330,2385,2315,2276243
123,2020-07-03,2485,115,2410,2485,2360,3550293
122,2020-07-06,2495,10,2500,2535,2425,3914773
121,2020-07-07,2390,105,2480,2490,2375,2474028
118,2020-07-08,2420,30,2400,2490,2380,3014927
117,2020-07-09,2350,70,2430,2445,2350,1485216
116,2020-07-10,2335,15,2370,2425,2280,1736637
115,2020-07-13,2330,5,2330,2335,2270,949982
114,2020-07-14,2295,35,2330,2330,2285,909420
110,2020-07-15,2345,50,2300,2360,2300,1033693
109,2020-07-16,2325,20,2345,2350,2310,814943
108,2020-07-17,2400,75,2360,2405,2345,1785044
107,2020-07-20,2425,25,2430,2465,2375,2716168
106,2020-07-21,2430,5,2445,2455,2415,1276337
103,2020-07-22,2410,20,2425,2440,2405,754557
102,2020-07-23,2355,55,2405,2420,2335,1243680
101,2020-07-24,2305,50,2335,2360,2290,838523
100,2020-07-27,2350,45,2300,2355,2295,732472
99,2020-07-28,2350,0,2360,2385,2325,940324
95,2020-07-29,2390,40,2365,2600,2320,4259015
94,2020-07-30,2425,35,2410,2470,2380,1749119
93,2020-07-31,2400,25,2440,2450,2400,861774
92,2020-08-03,2370,30,2425,2430,2365,1220526
91,2020-08-04,2375,5,2370,2400,2340,726757
88,2020-08-05,2335,40,2375,2375,2335,1004754
87,2020-08-06,2400,65,2365,2425,2350,2323841
86,2020-08-07,2350,50,2425,2425,2325,1178666
85,2020-08-10,2320,30,2335,2360,2295,1080774
84,2020-08-11,2340,20,2320,2380,2310,1125224
80,2020-08-12,2290,50,2355,2355,2220,1460551
79,2020-08-13,2330,40,2300,2330,2280,986820
78,2020-08-14,2290,40,2340,2340,2255,734893
77,2020-08-18,2105,185,2265,2280,2060,1761991
76,2020-08-19,2125,20,2145,2165,2100,718698
73,2020-08-20,2005,120,2105,2130,1965,1661670
72,2020-08-21,2060,55,2015,2150,2015,2127996
71,2020-08-24,2045,15,2060,2065,2005,705669
70,2020-08-25,2100,55,2055,2115,2040,1010190
69,2020-08-26,2075,25,2105,2110,2060,550866
65,2020-08-27,2025,50,2085,2085,1995,1067875
64,2020-08-28,2035,10,2025,2075,2000,608109
63,2020-08-31,2045,10,2045,2070,2030,573611
62,2020-09-01,2040,5,2050,2075,2035,607852
61,2020-09-02,2090,50,2060,2095,2040,666479
58,2020-09-03,2090,0,2090,2105,2070,588945
57,2020-09-04,2050,40,2015,2050,2015,833938
56,2020-09-07,2095,45,2050,2100,2025,814322
55,2020-09-08,2075,20,2105,2110,2060,618583
54,2020-09-09,2050,25,2040,2060,2035,620049
50,2020-09-10,2055,5,2060,2080,2040,530341
49,2020-09-11,2100,45,2085,2145,2070,1693748
48,2020-09-14,2165,65,2100,2175,2070,1621558
47,2020-09-15,2145,20,2180,2180,2110,958270
46,2020-09-16,2210,65,2165,2355,2160,5262051
43,2020-09-17,2170,40,2210,2220,2145,925427
42,2020-09-18,2140,30,2150,2185,2125,698062
41,2020-09-21,2090,50,2140,2160,2055,834317
40,2020-09-22,2045,45,2065,2090,2025,768102
39,2020-09-23,2040,5,2070,2070,2005,795704
35,2020-09-24,2020,20,2020,2135,2020,2102563
34,2020-09-25,2130,110,2020,2195,1930,5057401
33,2020-09-28,2170,40,2125,2225,2090,2114242
32,2020-09-29,2185,15,2175,2210,2170,1096699
31,2020-10-05,2135,50,2115,2145,2100,1112609
28,2020-10-06,2105,30,2135,2150,2075,856495
27,2020-10-07,2095,10,2085,2115,2075,538878
26,2020-10-08,2120,25,2100,2130,2090,761720
25,2020-10-12,2175,55,2200,2220,2155,1501943
24,2020-10-13,2145,30,2180,2180,2125,492844
20,2020-10-14,2105,40,2145,2155,2105,447798
19,2020-10-15,2115,10,2105,2145,2070,792296
18,2020-10-16,2080,35,2095,2120,2060,588563
17,2020-10-19,2070,10,2070,2095,2045,473904
16,2020-10-20,2040,30,2040,2070,2025,657705
13,2020-10-21,2070,30,2055,2075,2040,417873
12,2020-10-22,2035,35,2070,2075,2030,443234
11,2020-10-23,2030,5,2045,2065,2020,451182
10,2020-10-26,1995,35,2040,2040,1990,619025
9,2020-10-27,1985,10,1975,2005,1955,452113
5,2020-10-28,2030,45,1990,2035,1980,560682
4,2020-10-29,1990,40,1975,2010,1965,502124
3,2020-10-30,1980,10,1995,2005,1975,526461
2,2020-11-02,1980,0,1970,1985,1960,470155
1,2020-11-03,2010,30,1980,2015,1975,579727
