,date,close,diff,open,high,low,volume
444,2019-11-06,6120,530,6650,7280,6100,25527148
369,2019-11-06,6120,530,6650,7280,6100,25527148
384,2019-11-06,6120,530,6650,7280,6100,25527148
429,2019-11-06,6120,530,6650,7280,6100,25527148
399,2019-11-06,6120,530,6650,7280,6100,25527148
414,2019-11-06,6120,530,6650,7280,6100,25527148
365,2019-11-07,5970,150,6220,6340,5680,4337052
380,2019-11-07,5970,150,6220,6340,5680,4337052
395,2019-11-07,5970,150,6220,6340,5680,4337052
410,2019-11-07,5970,150,6220,6340,5680,4337052
440,2019-11-07,5970,150,6220,6340,5680,4337052
425,2019-11-07,5970,150,6220,6340,5680,4337052
439,2019-11-08,5760,210,5970,6100,5730,1875931
364,2019-11-08,5760,210,5970,6100,5730,1875931
409,2019-11-08,5760,210,5970,6100,5730,1875931
379,2019-11-08,5760,210,5970,6100,5730,1875931
424,2019-11-08,5760,210,5970,6100,5730,1875931
394,2019-11-08,5760,210,5970,6100,5730,1875931
378,2019-11-11,5760,0,5750,5900,5560,1207813
363,2019-11-11,5760,0,5750,5900,5560,1207813
393,2019-11-11,5760,0,5750,5900,5560,1207813
408,2019-11-11,5760,0,5750,5900,5560,1207813
423,2019-11-11,5760,0,5750,5900,5560,1207813
438,2019-11-11,5760,0,5750,5900,5560,1207813
392,2019-11-12,5790,30,5950,5980,5730,939170
362,2019-11-12,5790,30,5950,5980,5730,939170
437,2019-11-12,5790,30,5950,5980,5730,939170
407,2019-11-12,5790,30,5950,5980,5730,939170
377,2019-11-12,5790,30,5950,5980,5730,939170
422,2019-11-12,5790,30,5950,5980,5730,939170
361,2019-11-13,5780,10,5740,5820,5660,579564
421,2019-11-13,5780,10,5740,5820,5660,579564
436,2019-11-13,5780,10,5740,5820,5660,579564
391,2019-11-13,5780,10,5740,5820,5660,579564
406,2019-11-13,5780,10,5740,5820,5660,579564
376,2019-11-13,5780,10,5740,5820,5660,579564
358,2019-11-14,5950,170,5780,6280,5720,1403449
357,2019-11-15,6080,130,6000,6150,5860,759620
356,2019-11-18,6020,60,6110,6180,5950,529379
355,2019-11-19,6200,180,5970,6260,5900,911069
354,2019-11-20,6120,80,6200,6470,6050,1323722
350,2019-11-21,5950,170,6130,6130,5850,426129
349,2019-11-22,6030,80,5860,6040,5860,274929
348,2019-11-25,5950,80,6150,6150,5930,239410
347,2019-11-26,6050,100,5960,6160,5870,345756
346,2019-11-27,5960,90,6090,6090,5920,221220
343,2019-11-28,5910,50,5940,5950,5800,274045
342,2019-11-29,5820,90,5890,5970,5820,101297
341,2019-12-02,5820,0,5820,5940,5780,97472
340,2019-12-03,5700,120,5770,5820,5640,220464
339,2019-12-04,5590,110,5700,5700,5580,94653
335,2019-12-05,5600,10,5610,5700,5400,165793
334,2019-12-06,5470,130,5540,5580,5450,338115
333,2019-12-09,5280,190,5470,5510,5240,289761
332,2019-12-10,5390,110,5280,5400,5200,237574
331,2019-12-11,5500,110,5440,5500,5340,111633
328,2019-12-12,5870,370,5480,6350,5480,1138941
327,2019-12-13,5700,170,5800,5870,5650,484299
326,2019-12-16,5900,200,5800,6200,5800,907271
325,2019-12-17,5880,20,5920,6010,5860,276950
324,2019-12-18,5800,80,5930,5930,5750,166302
320,2019-12-19,5970,170,5800,5970,5760,142562
319,2019-12-20,5930,40,5940,6020,5910,152100
318,2019-12-23,5850,80,5960,5960,5810,79121
317,2019-12-24,5820,30,5820,5900,5790,77031
316,2019-12-26,5940,120,5820,5990,5790,112537
313,2019-12-27,5870,70,5860,5980,5840,94633
312,2019-12-30,5710,160,5920,5930,5710,168016
311,2020-01-02,5900,190,5800,5920,5700,204266
310,2020-01-03,5950,50,5910,5970,5900,165870
309,2020-01-06,5990,40,5950,6130,5930,273280
305,2020-01-07,6030,40,6030,6040,5970,183206
304,2020-01-08,5910,120,5980,6030,5750,267008
303,2020-01-09,6000,90,6040,6070,5900,222432
302,2020-01-10,6050,50,6000,6070,5920,129342
301,2020-01-13,6060,10,6040,6130,5980,139911
298,2020-01-14,6090,30,6020,6110,5990,179948
297,2020-01-15,6530,440,6090,6600,6060,1024681
296,2020-01-16,6550,20,6640,6830,6470,749600
295,2020-01-17,6420,130,6550,6620,6330,204630
294,2020-01-20,6310,110,6430,6530,6300,224453
290,2020-01-21,6210,100,6250,6350,6100,173154
289,2020-01-22,6130,80,6120,6280,6110,105769
288,2020-01-23,6120,10,6130,6140,5970,210849
287,2020-01-28,5820,300,5860,5970,5790,275113
286,2020-01-29,5860,40,5850,5950,5790,111821
283,2020-01-30,5710,150,5810,5890,5680,183347
282,2020-01-31,5680,30,5640,5800,5640,96012
281,2020-02-03,5900,220,5600,5900,5550,112105
280,2020-02-04,6020,120,5870,6140,5820,176061
279,2020-02-05,6080,60,6110,6170,5940,160663
275,2020-02-06,6050,30,6050,6080,5960,223594
274,2020-02-07,6000,50,6030,6040,5940,171438
273,2020-02-10,5980,20,5950,5990,5900,77962
272,2020-02-11,5900,80,5980,5990,5860,245498
271,2020-02-12,6160,260,5950,6210,5860,374299
268,2020-02-13,6050,110,6210,6270,5980,120490
267,2020-02-14,5900,150,5990,6040,5890,136172
266,2020-02-17,5840,60,5900,5980,5790,132263
265,2020-02-18,5770,70,5850,5890,5720,100165
264,2020-02-19,5830,60,5840,5870,5680,108211
260,2020-02-20,5830,0,5810,5900,5750,84475
259,2020-02-21,5710,120,5770,5800,5690,124776
258,2020-02-24,5380,330,5500,5600,5370,476229
257,2020-02-25,5400,20,5310,5680,5300,283847
256,2020-02-26,5290,110,5310,5340,5240,229666
253,2020-02-27,5360,70,5320,5460,5290,94784
252,2020-02-28,5450,90,5220,5500,5170,253390
251,2020-03-02,5620,170,5520,5710,5450,164435
250,2020-03-03,5690,70,5660,5700,5550,115175
249,2020-03-04,5620,70,5570,5690,5500,91780
245,2020-03-05,5760,140,5590,5770,5570,125509
244,2020-03-06,5550,210,5700,5740,5530,100886
243,2020-03-09,5230,320,5460,5530,5200,189597
242,2020-03-10,5060,170,5150,5340,5000,327304
241,2020-03-11,4925,135,5040,5170,4865,232083
238,2020-03-12,4525,400,4815,4900,4475,248345
237,2020-03-13,3935,590,4150,4175,3530,561046
236,2020-03-16,3815,120,4000,4090,3710,151684
235,2020-03-17,3635,180,3430,3725,3430,203405
234,2020-03-18,3475,160,3660,3745,3475,116487
230,2020-03-19,2865,610,3500,3510,2800,182962
229,2020-03-20,3050,185,2865,3150,2860,232732
228,2020-03-23,3045,5,2815,3050,2790,131779
227,2020-03-24,3120,75,3095,3190,3060,107794
226,2020-03-25,3350,230,3250,3495,3250,186811
223,2020-03-26,3500,150,3360,3560,3305,257801
222,2020-03-27,3540,40,3740,3740,3450,155918
221,2020-03-30,3550,10,3490,3555,3300,108116
220,2020-03-31,3725,175,3600,3850,3575,135261
219,2020-04-01,3615,110,3730,3855,3600,169816
215,2020-04-02,3635,20,3615,3640,3575,97340
214,2020-04-03,3740,105,3730,3760,3665,110444
213,2020-04-06,3890,150,3740,3940,3740,136682
212,2020-04-07,4075,185,4000,4080,3970,119514
211,2020-04-08,4115,40,4050,4160,3980,71091
208,2020-04-09,4235,120,4150,4250,4125,93831
207,2020-04-10,4175,60,4295,4295,4070,160312
206,2020-04-13,4125,50,4180,4185,4085,89307
205,2020-04-14,4180,55,4125,4200,4125,45016
204,2020-04-16,4220,40,4180,4280,4070,69304
200,2020-04-17,4340,120,4300,4350,4220,155016
199,2020-04-20,4320,20,4350,4390,4320,111394
198,2020-04-21,4180,140,4320,4320,4000,267009
197,2020-04-22,4150,30,4100,4155,4030,79463
196,2020-04-23,4255,105,4175,4260,4175,158476
193,2020-04-24,4460,205,4225,4935,4225,465943
192,2020-04-27,4710,250,4500,4740,4500,243077
191,2020-04-28,4800,90,4790,4925,4635,216912
190,2020-04-29,4700,100,4890,4925,4700,198686
189,2020-05-04,4540,160,4700,4700,4500,202452
185,2020-05-06,4605,65,4625,4625,4570,67887
184,2020-05-07,4785,180,4605,4815,4515,172594
183,2020-05-08,5120,335,4785,5150,4785,251578
182,2020-05-11,5200,80,5100,5550,5090,261059
181,2020-05-12,5130,70,5280,5350,4975,205727
178,2020-05-13,5040,90,5150,5150,4995,129619
177,2020-05-14,4965,75,5040,5040,4935,98320
176,2020-05-15,4990,25,4970,5090,4950,99003
175,2020-05-18,5080,90,5000,5150,4980,110282
174,2020-05-19,5100,20,5200,5200,5030,119039
170,2020-05-20,5400,300,5100,5430,5090,380643
169,2020-05-21,5700,300,5500,5750,5470,394734
168,2020-05-22,5590,110,5900,5900,5460,277693
167,2020-05-25,5680,90,5640,5740,5500,141909
166,2020-05-26,5820,140,5700,5840,5620,199057
163,2020-05-27,5780,40,5880,5880,5730,134980
162,2020-05-28,5800,20,5890,5900,5540,221434
161,2020-05-29,5840,40,5820,5870,5650,131745
160,2020-06-01,5780,60,5850,5870,5700,111081
159,2020-06-02,5670,110,5810,5810,5650,130342
155,2020-06-03,5680,10,5690,5780,5640,159350
154,2020-06-04,5860,180,5710,5910,5680,330677
153,2020-06-05,5840,20,5800,5920,5770,164033
152,2020-06-08,5790,50,5840,5880,5760,107549
151,2020-06-09,5990,200,5880,6260,5880,715417
148,2020-06-10,6140,150,6010,6230,5990,249423
147,2020-06-11,5980,160,6000,6140,5880,319179
146,2020-06-12,6030,50,5650,6070,5620,302726
145,2020-06-15,5890,140,6180,6270,5890,545697
144,2020-06-16,6170,280,6070,6240,6000,285160
140,2020-06-17,6390,220,6170,6390,6100,420979
139,2020-06-18,6830,440,6430,6840,6410,2432365
138,2020-06-19,6620,210,6870,7000,6450,1200437
137,2020-06-22,6540,80,6500,6680,6440,263063
136,2020-06-23,6420,120,6540,6590,6200,403810
133,2020-06-24,6400,20,6460,6650,6320,274405
132,2020-06-25,6110,290,6380,6380,6000,432859
131,2020-06-26,6130,20,6210,6300,6110,191996
130,2020-06-29,5930,200,6030,6170,5840,282875
129,2020-06-30,6060,130,6150,6150,5920,173636
125,2020-07-01,5980,80,6150,6150,5920,165055
124,2020-07-02,6030,50,5980,6070,5920,108130
123,2020-07-03,6100,70,6130,6130,6010,99097
122,2020-07-06,6100,0,6080,6120,6020,154295
121,2020-07-07,6040,60,6140,6150,6040,124676
118,2020-07-08,6050,10,6040,6110,6000,79314
117,2020-07-09,6300,250,6050,6340,5990,241871
116,2020-07-10,6040,260,6240,6290,6040,172947
115,2020-07-13,6050,10,6050,6150,5950,172320
114,2020-07-14,6000,50,6130,6130,5990,122205
110,2020-07-15,6010,10,6030,6060,5980,99860
109,2020-07-16,5990,20,6020,6020,5970,100690
108,2020-07-17,5950,40,5990,6010,5890,130088
107,2020-07-20,5940,10,5990,5990,5840,97648
106,2020-07-21,6050,110,5950,6070,5680,236499
103,2020-07-22,5990,60,6050,6050,5960,73428
102,2020-07-23,5950,40,6010,6010,5900,101611
101,2020-07-24,5880,70,5860,5980,5820,106558
100,2020-07-27,5940,60,5890,6000,5880,142858
99,2020-07-28,6420,480,6000,6500,5950,1031762
95,2020-07-29,6350,70,6380,6440,6220,624154
94,2020-07-30,6460,110,6450,6680,6250,1094580
93,2020-07-31,6830,370,6560,7110,6510,1681247
92,2020-08-03,7070,240,6840,7130,6830,920439
91,2020-08-04,8120,1050,7190,8760,7010,5530851
88,2020-08-05,8120,0,8160,8300,7770,1372039
87,2020-08-06,8080,40,8070,8500,8000,731475
86,2020-08-07,7850,230,8070,8160,7710,485324
85,2020-08-10,7620,230,7860,7880,7440,502031
84,2020-08-11,7730,110,7620,8040,7510,376771
80,2020-08-12,7860,130,7730,7940,7610,221640
79,2020-08-13,7690,170,7860,7990,7670,301708
78,2020-08-14,7420,270,7690,7690,7340,292944
77,2020-08-18,7010,410,7310,7480,6580,404421
76,2020-08-19,7430,420,7070,7460,7000,359605
73,2020-08-20,6890,540,7360,7410,6860,399898
72,2020-08-21,6950,60,7000,7120,6850,198883
71,2020-08-24,7050,100,6950,7120,6670,164973
70,2020-08-25,7410,360,7070,7570,7070,333618
69,2020-08-26,7700,290,7630,7750,7400,408758
65,2020-08-27,7710,10,7740,7840,7500,306194
64,2020-08-28,7770,60,7710,7900,7570,263351
63,2020-08-31,7800,30,7770,7870,7700,177196
62,2020-09-01,7970,170,7800,7980,7620,338656
61,2020-09-02,7970,0,7990,8080,7850,222447
58,2020-09-03,7910,60,7970,8000,7870,167421
57,2020-09-04,7990,80,7500,8000,7310,359077
56,2020-09-07,8260,270,8000,8350,7890,416762
55,2020-09-08,8100,160,8430,8430,8070,297354
54,2020-09-09,7950,150,7900,8180,7900,188207
50,2020-09-10,8300,350,8090,8320,8030,326160
49,2020-09-11,8300,0,8300,8300,8140,135273
48,2020-09-14,8330,30,8290,8380,8190,165587
47,2020-09-15,8840,510,8400,9050,8370,831422
46,2020-09-16,8520,320,8770,8820,8440,354950
43,2020-09-17,8170,350,8500,8510,8010,389865
42,2020-09-18,8200,30,8170,8260,8070,113403
41,2020-09-21,8010,190,8170,8200,7910,160624
40,2020-09-22,7730,280,7990,7990,7690,208689
39,2020-09-23,7970,240,7860,7990,7480,161637
35,2020-09-24,7830,140,7770,7930,7610,190256
34,2020-09-25,7710,120,7930,7950,7650,88554
33,2020-09-28,7980,270,7710,8000,7710,84001
32,2020-09-29,8100,120,8130,8260,7990,142732
31,2020-10-05,8220,120,8110,8220,8050,95195
28,2020-10-06,8120,100,8300,8320,8120,111081
27,2020-10-07,8150,30,8120,8190,8070,42447
26,2020-10-08,8230,80,8150,8270,8100,91191
25,2020-10-12,8250,20,8310,8350,8090,145155
24,2020-10-13,8160,90,8170,8250,8090,86684
20,2020-10-14,8080,80,8160,8190,8080,80233
19,2020-10-15,7840,240,8080,8100,7510,214024
18,2020-10-16,7850,10,8000,8000,7790,131607
17,2020-10-19,7960,110,7900,8080,7830,101410
16,2020-10-20,7990,30,7900,8030,7800,78978
13,2020-10-21,8200,210,8070,8280,8000,172021
12,2020-10-22,8020,180,8400,8400,8020,227051
11,2020-10-23,8180,160,8190,8280,8050,180050
10,2020-10-26,8010,170,8160,8160,7830,231856
9,2020-10-27,8110,100,8010,8190,7910,155280
5,2020-10-28,8190,80,8200,8250,8080,107124
4,2020-10-29,8110,80,8110,8150,8010,127300
3,2020-10-30,8000,110,8150,8150,8000,90429
2,2020-11-02,8310,310,8140,8390,8140,281799
1,2020-11-03,8500,190,8380,8620,8350,318392
