,date,close,diff,open,high,low,volume
448,2019-08-16,2535,300,2235,2890,2230,1808188
447,2019-08-19,2930,395,2610,2975,2585,2717901
446,2019-08-20,2920,10,2950,3080,2895,802019
445,2019-08-21,3120,200,2910,3490,2910,7626731
444,2019-08-22,3190,70,3115,3210,3070,974843
440,2019-08-23,3135,55,3110,3180,3045,581278
439,2019-08-26,3140,5,3020,3275,3010,845812
438,2019-08-27,3315,175,3160,3395,3155,780360
437,2019-08-28,3375,60,3300,3580,3270,921722
436,2019-08-29,3380,5,3395,3440,3330,321857
433,2019-08-30,3400,20,3385,3495,3375,331781
432,2019-09-02,3670,270,3395,3675,3340,820647
431,2019-09-03,3665,5,3635,3830,3615,588494
430,2019-09-04,3880,215,3665,3925,3665,451671
429,2019-09-05,4275,395,3920,4275,3815,981904
425,2019-09-06,4160,115,4275,4315,3865,908026
424,2019-09-09,4240,80,4250,4400,3985,661760
423,2019-09-10,4300,60,4300,4380,4155,428675
422,2019-09-11,4380,80,4310,4400,4250,243363
421,2019-09-16,4520,140,4410,4620,4310,406627
418,2019-09-17,4600,80,4515,4870,4445,601167
417,2019-09-18,4590,10,4645,4670,4490,295937
416,2019-09-19,4700,110,4670,4785,4600,294631
415,2019-09-20,4990,290,4745,5050,4715,624937
414,2019-09-23,5280,290,5000,5280,4920,555509
410,2019-09-24,5310,30,5310,5540,5240,578022
409,2019-09-25,5480,170,5350,5540,5200,597446
408,2019-09-26,4735,745,5450,5510,4550,1777216
407,2019-09-27,5160,425,4745,5210,4740,643626
406,2019-09-30,5210,50,5200,5340,4945,575579
403,2019-10-01,4955,255,5340,5350,4955,430658
402,2019-10-02,4955,0,4840,5080,4765,318559
401,2019-10-04,4835,120,4910,4980,4835,170248
400,2019-10-07,5170,335,4830,5310,4820,504658
399,2019-10-08,5060,110,5200,5310,5020,307168
395,2019-10-10,5090,30,5100,5170,5000,111228
394,2019-10-11,5190,100,5130,5230,4925,270038
393,2019-10-14,5140,50,5260,5280,4960,278823
392,2019-10-15,4905,235,5100,5180,4845,389825
391,2019-10-16,4750,155,4905,4995,4750,218446
388,2019-10-17,4740,10,4795,4845,4695,159740
387,2019-10-18,5060,320,4785,5100,4785,395337
386,2019-10-21,5240,180,5070,5350,5060,394215
385,2019-10-22,5170,70,5170,5280,5020,288532
384,2019-10-23,5100,70,5150,5210,5030,157642
380,2019-10-24,5230,130,5130,5240,5080,161931
379,2019-10-25,4600,630,5230,5230,4505,1990382
378,2019-10-28,4440,160,4605,4660,4335,409662
377,2019-10-29,4695,255,4440,4770,4425,467037
376,2019-10-30,4710,15,4670,4715,4580,145272
373,2019-10-31,4700,10,4770,4770,4640,139021
372,2019-11-01,4680,20,4695,4790,4655,216911
371,2019-11-04,4735,55,4680,4825,4655,420729
370,2019-11-05,4610,125,4735,4740,4435,229401
369,2019-11-06,4610,0,4620,4775,4585,252936
365,2019-11-07,4525,85,4595,4665,4525,130568
364,2019-11-08,4560,35,4485,4570,4425,196406
363,2019-11-11,4665,105,4560,5130,4500,2150219
362,2019-11-12,4820,155,4670,5050,4670,893648
361,2019-11-13,4650,170,4805,4945,4540,888884
358,2019-11-14,4605,45,4700,4715,4465,372337
357,2019-11-15,4290,315,4600,4600,4160,885849
356,2019-11-18,3975,315,4270,4310,3890,958944
355,2019-11-19,3965,10,3960,4145,3885,435628
354,2019-11-20,3760,205,3965,4005,3695,591430
350,2019-11-21,3640,120,3730,3770,3570,592651
349,2019-11-22,3615,25,3700,3700,3535,302611
348,2019-11-25,3835,220,3620,3835,3620,208555
347,2019-11-26,3840,5,3840,3860,3785,143816
346,2019-11-27,3705,135,3840,3880,3660,217012
343,2019-11-28,3700,5,3705,3790,3685,91707
342,2019-11-29,3380,320,3675,3725,3380,233735
341,2019-12-02,3720,340,3390,3840,3380,295361
340,2019-12-03,3770,50,3725,3780,3620,81794
339,2019-12-04,3560,210,3740,3740,3470,121971
335,2019-12-05,3600,40,3560,3660,3400,88145
334,2019-12-06,3790,190,3600,3835,3600,87574
333,2019-12-09,3700,90,3790,3880,3675,92183
332,2019-12-10,3665,35,3700,3735,3505,125767
331,2019-12-11,3710,45,3620,3715,3615,49625
328,2019-12-12,3730,20,3685,3765,3595,69523
327,2019-12-13,3800,70,3730,3820,3695,109048
326,2019-12-16,3770,30,3775,3835,3735,62732
325,2019-12-17,3795,25,3770,3835,3750,56834
324,2019-12-18,3695,100,3795,4170,3685,923386
320,2019-12-19,3825,130,3730,3825,3675,106894
319,2019-12-20,3910,85,3835,3960,3720,397782
318,2019-12-23,3830,80,3910,3925,3810,127859
317,2019-12-24,3710,120,3805,3815,3690,89810
316,2019-12-26,3775,65,3710,3780,3695,61171
313,2019-12-27,3860,85,3775,3880,3735,54789
312,2019-12-30,3830,30,3860,3895,3790,97414
311,2020-01-02,3930,100,3830,3935,3805,123656
310,2020-01-03,3880,50,3950,3985,3840,61867
309,2020-01-06,3680,200,3865,3865,3660,169641
305,2020-01-07,3675,5,3680,3755,3660,57916
304,2020-01-08,3450,225,3645,3645,3390,210017
303,2020-01-09,3795,345,3580,3795,3530,137155
302,2020-01-10,3860,65,3795,3860,3775,71455
301,2020-01-13,3970,110,3870,3970,3800,111941
298,2020-01-14,3790,180,4020,4020,3765,135975
297,2020-01-15,3800,10,3800,3890,3710,80985
296,2020-01-16,3735,65,3770,3865,3670,121303
295,2020-01-17,3805,70,3690,3900,3690,137964
294,2020-01-20,3670,135,3810,3830,3640,72003
290,2020-01-21,3605,65,3670,3745,3585,56881
289,2020-01-22,3610,5,3605,3770,3550,85874
288,2020-01-23,3530,80,3715,3715,3485,144601
287,2020-01-28,3360,170,3450,3455,3270,172766
286,2020-01-29,3340,20,3365,3425,3300,84582
283,2020-01-30,3160,180,3315,3340,3095,227295
282,2020-01-31,3025,135,3195,3200,2990,135957
281,2020-02-03,3160,135,2920,3175,2920,124813
280,2020-02-04,3215,55,3160,3215,3120,53962
279,2020-02-05,3190,25,3215,3265,3135,41402
275,2020-02-06,3280,90,3200,3310,3190,62993
274,2020-02-07,3260,20,3280,3295,3200,125099
273,2020-02-10,3360,100,3250,3550,3220,310461
272,2020-02-11,3380,20,3330,3395,3320,48224
271,2020-02-12,3330,50,3375,3375,3275,58358
268,2020-02-13,3330,0,3300,3400,3285,50563
267,2020-02-14,3360,30,3310,3365,3295,50151
266,2020-02-17,3415,55,3370,3460,3320,116591
265,2020-02-18,3275,140,3380,3440,3175,239344
264,2020-02-19,3425,150,3275,3505,3160,185100
260,2020-02-20,3220,205,3410,3415,3220,134204
259,2020-02-21,3100,120,3190,3290,3095,133941
258,2020-02-24,2975,125,3000,3100,2955,109590
257,2020-02-25,3095,120,2920,3135,2910,87509
256,2020-02-26,3055,40,2925,3060,2920,91632
253,2020-02-27,2910,145,3035,3060,2850,108627
252,2020-02-28,2650,260,2860,2860,2575,339652
251,2020-03-02,2700,50,2620,2785,2575,112878
250,2020-03-03,2655,45,2720,2805,2630,193025
249,2020-03-04,2980,325,2625,3295,2615,1289944
245,2020-03-05,3130,150,2980,3190,2960,341167
244,2020-03-06,3065,65,3110,3115,2950,131281
243,2020-03-09,2940,125,3035,3050,2860,181766
242,2020-03-10,2895,45,2850,2900,2765,162641
241,2020-03-11,2705,190,2920,2955,2650,278875
238,2020-03-12,2390,315,2650,2715,2345,349057
237,2020-03-13,1805,585,2000,2150,1740,634334
236,2020-03-16,1825,20,1900,2260,1820,808098
235,2020-03-17,1870,45,1655,1925,1655,269363
234,2020-03-18,1785,85,1880,1935,1760,266016
230,2020-03-19,1325,460,1790,1880,1270,651014
229,2020-03-20,1460,135,1325,1460,1275,491455
228,2020-03-23,1370,90,1330,1380,1245,302096
227,2020-03-24,1500,130,1395,1515,1360,188228
226,2020-03-25,1790,290,1545,1850,1545,396903
223,2020-03-26,1790,0,1790,1890,1755,282956
222,2020-03-27,1830,40,1815,1965,1690,244384
221,2020-03-30,1960,130,1805,1965,1710,240094
220,2020-03-31,2110,150,1990,2185,1990,141503
219,2020-04-01,2100,10,2075,2400,1990,241833
215,2020-04-02,2120,20,2080,2200,2000,192411
214,2020-04-03,2265,145,2195,2265,2105,222299
213,2020-04-06,2270,5,2460,2460,2235,213246
212,2020-04-07,2275,5,2480,2480,2200,170953
211,2020-04-08,2280,5,2340,2340,2220,132088
208,2020-04-09,2300,20,2290,2360,2270,234742
207,2020-04-10,2255,45,2320,2330,2070,219729
206,2020-04-13,2105,150,2210,2230,1995,329069
205,2020-04-14,2170,65,2115,2190,2115,162415
204,2020-04-16,2215,45,2120,2230,2085,182258
200,2020-04-17,2315,100,2280,2330,2230,278048
199,2020-04-20,2370,55,2310,2440,2285,197593
198,2020-04-21,2295,75,2355,2355,2100,216867
197,2020-04-22,2290,5,2215,2290,2175,127827
196,2020-04-23,2580,290,2340,2685,2290,922606
193,2020-04-24,2735,155,2650,3150,2610,5239639
192,2020-04-27,2765,30,2750,2830,2710,476235
191,2020-04-28,2755,10,2765,2860,2715,304561
190,2020-04-29,2720,35,2770,2795,2660,251440
189,2020-05-04,2655,65,2720,2720,2510,185779
185,2020-05-06,2685,30,2655,2715,2650,101797
184,2020-05-07,2870,185,2670,2905,2650,527518
183,2020-05-08,2880,10,2900,2920,2810,245573
182,2020-05-11,2755,125,2885,2890,2700,297278
181,2020-05-12,2735,20,2770,2770,2665,90670
178,2020-05-13,2755,20,2685,2755,2655,85976
177,2020-05-14,2660,95,2730,2790,2585,306293
176,2020-05-15,2650,10,2675,2700,2575,114920
175,2020-05-18,2900,250,2625,3030,2600,1062571
174,2020-05-19,2840,60,2875,2940,2755,263109
170,2020-05-20,2910,70,2840,2960,2830,241540
169,2020-05-21,2900,10,2920,2945,2850,136447
168,2020-05-22,2985,85,2905,3125,2900,621643
167,2020-05-25,3050,65,2990,3140,2955,237449
166,2020-05-26,3055,5,3085,3130,3010,178599
163,2020-05-27,3125,70,3075,3155,3045,194757
162,2020-05-28,3025,100,3145,3315,2935,619459
161,2020-05-29,3045,20,2955,3130,2935,176188
160,2020-06-01,3065,20,3040,3110,2990,122382
159,2020-06-02,3075,10,3115,3115,3010,100728
155,2020-06-03,3000,75,3040,3110,2985,132356
154,2020-06-04,3030,30,3010,3070,2975,106922
153,2020-06-05,3030,0,3045,3050,2995,94348
152,2020-06-08,2990,40,3010,3025,2950,113543
151,2020-06-09,2845,145,2995,3040,2845,213887
148,2020-06-10,2875,30,2845,2890,2770,161569
147,2020-06-11,2800,75,2870,2870,2765,136353
146,2020-06-12,2705,95,2700,2770,2640,164148
145,2020-06-15,2510,195,2705,2705,2450,281748
144,2020-06-16,2655,145,2530,2665,2520,97551
140,2020-06-17,2540,115,2665,2665,2490,112373
139,2020-06-18,2555,15,2530,2585,2530,73067
138,2020-06-19,2650,95,2570,2650,2540,53587
137,2020-06-22,2635,15,2640,2680,2600,50907
136,2020-06-23,2510,125,2650,2670,2490,124514
133,2020-06-24,2670,160,2515,2670,2505,119862
132,2020-06-25,2590,80,2600,2655,2550,65500
131,2020-06-26,2540,50,2600,2620,2515,94041
130,2020-06-29,2475,65,2540,2545,2470,78378
129,2020-06-30,2480,5,2490,2575,2475,64180
125,2020-07-01,2480,0,2480,2545,2445,43948
124,2020-07-02,2570,90,2480,2590,2450,54003
123,2020-07-03,2540,30,2590,2600,2540,50041
122,2020-07-06,2580,40,2555,2630,2555,64070
121,2020-07-07,2630,50,2600,2665,2595,50144
118,2020-07-08,2640,10,2670,2675,2600,86754
117,2020-07-09,2665,25,2625,2675,2620,66157
116,2020-07-10,2635,30,2675,2690,2615,87903
115,2020-07-13,2720,85,2625,2740,2625,111114
114,2020-07-14,2760,40,2720,2795,2655,124150
110,2020-07-15,2910,150,2760,3320,2725,4397755
109,2020-07-16,2915,5,2875,2915,2775,743687
108,2020-07-17,2930,15,2990,3270,2920,2759487
107,2020-07-20,2875,55,2940,2950,2860,317944
106,2020-07-21,2885,10,2895,2950,2820,301231
103,2020-07-22,2945,60,2880,2985,2830,340889
102,2020-07-23,2825,120,2920,2920,2805,215522
101,2020-07-24,2795,30,2800,2855,2760,130763
100,2020-07-27,2805,10,2775,2840,2750,92482
99,2020-07-28,2810,5,2805,2835,2780,81294
95,2020-07-29,2915,105,2810,2940,2805,257879
94,2020-07-30,3175,260,2955,3320,2950,4721749
93,2020-07-31,3080,95,3130,3240,3035,828672
92,2020-08-03,3125,45,3090,3165,3025,409623
91,2020-08-04,3030,95,3105,3155,3030,275182
88,2020-08-05,3035,5,3030,3100,2990,120397
87,2020-08-06,2975,60,3050,3050,2960,181847
86,2020-08-07,2910,65,2955,3035,2880,175897
85,2020-08-10,2955,45,2905,2955,2850,147120
84,2020-08-11,3040,85,2960,3055,2910,216526
80,2020-08-12,2935,105,3045,3045,2890,200282
79,2020-08-13,2995,60,2945,3050,2925,136831
78,2020-08-14,2860,135,2990,2990,2855,279651
77,2020-08-18,2635,225,2870,2870,2600,280376
76,2020-08-19,2690,55,2605,2690,2605,112519
73,2020-08-20,2465,225,2690,2690,2455,229322
72,2020-08-21,2590,125,2515,2590,2450,96619
71,2020-08-24,2600,10,2540,2630,2515,75639
70,2020-08-25,2680,80,2580,2715,2575,68226
69,2020-08-26,2655,25,2665,2705,2610,60615
65,2020-08-27,2595,60,2660,2660,2555,90931
64,2020-08-28,2655,60,2595,2670,2560,140804
63,2020-08-31,2665,10,2700,2710,2630,90829
62,2020-09-01,2700,35,2680,2770,2625,132795
61,2020-09-02,2760,60,2755,2780,2700,64701
58,2020-09-03,2725,35,2740,2795,2700,102499
57,2020-09-04,2700,25,2645,2740,2605,143411
56,2020-09-07,2725,25,2680,2725,2645,80685
55,2020-09-08,2770,45,2740,2795,2710,127658
54,2020-09-09,2720,50,2755,2780,2675,90264
50,2020-09-10,2800,80,2735,2825,2730,95051
49,2020-09-11,2905,105,2770,2905,2750,470082
48,2020-09-14,2955,50,3140,3495,2950,8616460
47,2020-09-15,2860,95,2955,2960,2840,518127
46,2020-09-16,2830,30,2860,2885,2815,285101
43,2020-09-17,2765,65,2830,2830,2750,196010
42,2020-09-18,2870,105,2765,2925,2705,229060
41,2020-09-21,2815,55,2890,3005,2755,361510
40,2020-09-22,2650,165,2815,2825,2610,332861
39,2020-09-23,2660,10,2670,2720,2600,116374
35,2020-09-24,2560,100,2605,2640,2560,198473
34,2020-09-25,2565,5,2595,2620,2540,104537
33,2020-09-28,2695,130,2580,2700,2575,111473
32,2020-09-29,2795,100,2685,2825,2685,143145
31,2020-10-05,2835,40,2800,2845,2775,88276
28,2020-10-06,2820,15,2850,2875,2755,91512
27,2020-10-07,2820,0,2820,2845,2785,45872
26,2020-10-08,2850,30,2825,2920,2825,116497
25,2020-10-12,2830,20,2890,2890,2775,71659
24,2020-10-13,2860,30,2895,2895,2815,89982
20,2020-10-14,2865,5,2860,2905,2835,79761
19,2020-10-15,2730,135,2865,2875,2655,209088
18,2020-10-16,2625,105,2725,2750,2585,197051
17,2020-10-19,2640,15,2630,2690,2610,72279
16,2020-10-20,2690,50,2620,2720,2560,154271
13,2020-10-21,2700,10,2760,2760,2665,67522
12,2020-10-22,2630,70,2700,2700,2620,71535
11,2020-10-23,2600,30,2630,2650,2585,72693
10,2020-10-26,2500,100,2600,2610,2485,174404
9,2020-10-27,2475,25,2460,2545,2445,95872
5,2020-10-28,2535,60,2475,2540,2470,94327
4,2020-10-29,2520,15,2475,2535,2460,108208
3,2020-10-30,2455,65,2530,2555,2455,73508
2,2020-11-02,2500,45,2455,2525,2425,66090
1,2020-11-03,2600,100,2515,2610,2515,95034
