,date,close,diff,open,high,low,volume
448,2019-08-16,4630,145,4570,4690,4460,1212397
447,2019-08-19,4705,75,4630,4825,4590,2091866
446,2019-08-20,4635,70,4765,4765,4565,456452
445,2019-08-21,4650,15,4635,4710,4575,449455
444,2019-08-22,4520,130,4665,4675,4520,306719
440,2019-08-23,4510,10,4560,4660,4390,453132
439,2019-08-26,4300,210,4350,4455,4285,204511
438,2019-08-27,4320,20,4385,4445,4300,153672
437,2019-08-28,4460,140,4300,4490,4300,176961
436,2019-08-29,4325,135,4480,4485,4325,129930
433,2019-08-30,4435,110,4390,4500,4390,126727
432,2019-09-02,4505,70,4450,4575,4420,157377
431,2019-09-03,4490,15,4510,4730,4480,700260
430,2019-09-04,4610,120,4530,4665,4490,483861
429,2019-09-05,4600,10,4625,4660,4565,202091
425,2019-09-06,4595,5,4575,4680,4570,160722
424,2019-09-09,4480,115,4625,4625,4475,145191
423,2019-09-10,4430,50,4470,4500,4410,83775
422,2019-09-11,4530,100,4480,4560,4430,77924
421,2019-09-16,4630,100,4645,4670,4550,183186
418,2019-09-17,4715,85,4630,4715,4570,288604
417,2019-09-18,5050,335,4725,5050,4645,1658729
416,2019-09-19,4960,90,5540,5880,4960,7150800
415,2019-09-20,4760,200,4880,4930,4710,945062
414,2019-09-23,5060,300,4730,5130,4720,1777574
410,2019-09-24,4955,105,4985,5040,4925,380126
409,2019-09-25,4690,265,4915,4925,4680,397692
408,2019-09-26,4605,85,4700,4775,4565,179753
407,2019-09-27,4585,20,4565,4640,4545,153139
406,2019-09-30,4455,130,4585,4610,4425,204904
403,2019-10-01,4470,15,4460,4535,4445,121366
402,2019-10-02,4390,80,4470,4470,4370,135941
401,2019-10-04,4425,35,4350,4425,4350,144834
400,2019-10-07,4350,75,4605,4780,4350,942290
399,2019-10-08,4230,120,4310,4360,4220,215051
395,2019-10-10,4275,45,4235,4365,4235,93843
394,2019-10-11,4260,15,4270,4320,4220,74883
393,2019-10-14,4380,120,4260,4395,4260,100264
392,2019-10-15,4575,195,4350,4575,4350,191671
391,2019-10-16,4585,10,4700,4820,4580,551558
388,2019-10-17,4640,55,4605,4760,4580,467809
387,2019-10-18,4930,290,4780,5800,4780,13550679
386,2019-10-21,4930,0,4940,4985,4790,1093697
385,2019-10-22,4780,150,4930,5010,4780,776452
384,2019-10-23,4685,95,4720,4850,4620,609787
380,2019-10-24,4715,30,4660,4755,4615,261743
379,2019-10-25,4650,65,4685,4755,4650,265999
378,2019-10-28,4725,75,4820,4885,4705,790699
377,2019-10-29,4780,55,4710,4810,4650,258085
376,2019-10-30,4675,105,4760,4835,4675,346061
373,2019-10-31,4745,70,4675,4760,4645,146907
372,2019-11-01,4820,75,4745,4885,4720,472074
371,2019-11-04,4890,70,4860,4955,4850,280097
370,2019-11-05,4870,20,4895,4910,4795,224386
369,2019-11-06,4900,30,4890,4905,4830,149865
365,2019-11-07,4845,55,4910,4920,4810,158920
364,2019-11-08,4825,20,4905,5410,4825,3236822
363,2019-11-11,4970,145,4835,4980,4810,462848
362,2019-11-12,4885,85,4930,5030,4885,416078
361,2019-11-13,5020,135,4870,5080,4860,351273
358,2019-11-14,5000,20,5060,5090,4955,420370
357,2019-11-15,5040,40,5010,5060,4980,223461
356,2019-11-18,4965,75,5070,5070,4940,232515
355,2019-11-19,4910,55,4950,4990,4880,166801
354,2019-11-20,4790,120,4905,5160,4775,623785
350,2019-11-21,4695,95,4760,4840,4670,209124
349,2019-11-22,4550,145,4670,4775,4550,250257
348,2019-11-25,4790,240,4550,4835,4550,180558
347,2019-11-26,4860,70,4810,4895,4755,145491
346,2019-11-27,4780,80,4895,4910,4780,77377
343,2019-11-28,4785,5,4820,4970,4770,179658
342,2019-11-29,4655,130,4795,4840,4575,84986
341,2019-12-02,4745,90,4670,4830,4670,92540
340,2019-12-03,4790,45,4685,4850,4660,102747
339,2019-12-04,4630,160,4875,4900,4630,167824
335,2019-12-05,4570,60,4680,4740,4495,111125
334,2019-12-06,4650,80,4630,4700,4590,69986
333,2019-12-09,4655,5,4725,4735,4640,50304
332,2019-12-10,4655,0,4665,4715,4645,46487
331,2019-12-11,4825,170,4710,4895,4675,320513
328,2019-12-12,4915,90,4830,4930,4755,181908
327,2019-12-13,4890,25,4915,4990,4875,257604
326,2019-12-16,4870,20,4950,4950,4865,105611
325,2019-12-17,4805,65,4900,4920,4800,99591
324,2019-12-18,4780,25,4880,5200,4780,675638
320,2019-12-19,4775,5,4780,4830,4760,85676
319,2019-12-20,4800,25,4780,4835,4750,100287
318,2019-12-23,4895,95,4805,4980,4770,212798
317,2019-12-24,4810,85,4845,4890,4810,135528
316,2019-12-26,4875,65,4835,4910,4805,90862
313,2019-12-27,4980,105,4885,4985,4880,188887
312,2019-12-30,4960,20,5000,5020,4935,124590
311,2020-01-02,5080,120,4990,5190,4950,448411
310,2020-01-03,5070,10,5130,5150,5040,240428
309,2020-01-06,4925,145,5190,5380,4885,491604
305,2020-01-07,5350,425,4955,5450,4955,3254513
304,2020-01-08,5890,540,5250,6080,5090,8983893
303,2020-01-09,5410,480,5300,5490,5190,1524627
302,2020-01-10,5170,240,5400,5450,5170,681223
301,2020-01-13,5310,140,5170,5390,5170,993665
298,2020-01-14,5200,110,5360,5370,5120,463901
297,2020-01-15,5150,50,5270,5320,5150,325540
296,2020-01-16,5180,30,5160,5230,5120,212866
295,2020-01-17,5180,0,5230,5230,5120,167411
294,2020-01-20,5040,140,5200,5210,4990,294974
290,2020-01-21,5030,10,5080,5090,4980,204136
289,2020-01-22,5050,20,4990,5080,4990,127672
288,2020-01-23,5050,0,5050,5080,4990,156870
287,2020-01-28,4870,180,4905,4990,4740,221301
286,2020-01-29,4950,80,4900,4970,4850,100636
283,2020-01-30,4750,200,4915,4965,4695,243151
282,2020-01-31,4710,40,4755,4870,4710,236237
281,2020-02-03,4650,60,4590,4695,4495,207941
280,2020-02-04,4840,190,4730,4865,4730,193148
279,2020-02-05,4930,90,4845,5010,4845,291637
275,2020-02-06,5020,90,4985,5030,4935,207820
274,2020-02-07,5030,10,5020,5090,4950,156241
273,2020-02-10,5040,10,5080,5090,4970,125178
272,2020-02-11,5090,50,5030,5180,5030,311673
271,2020-02-12,5140,50,5090,5170,5050,125430
268,2020-02-13,5160,20,5150,5210,5020,228849
267,2020-02-14,5140,20,5190,5190,5090,149016
266,2020-02-17,5260,120,5150,5290,5130,261240
265,2020-02-18,5170,90,5260,5260,5120,190577
264,2020-02-19,5190,20,5190,5210,5050,205790
260,2020-02-20,5160,30,5190,5200,5100,138038
259,2020-02-21,5040,120,5090,5220,5030,155200
258,2020-02-24,4895,145,4850,4940,4800,156228
257,2020-02-25,4920,25,4800,4955,4770,148614
256,2020-02-26,5010,90,4765,5050,4765,212693
253,2020-02-27,4615,395,5000,5000,4585,346666
252,2020-02-28,4125,490,4580,4580,4125,415004
251,2020-03-02,4295,170,4100,4365,4030,220596
250,2020-03-03,4260,35,4350,4450,4240,171203
249,2020-03-04,4405,145,4195,4405,4175,100547
245,2020-03-05,4435,30,4485,4510,4405,97001
244,2020-03-06,4340,95,4335,4420,4280,112250
243,2020-03-09,4045,295,4250,4285,4030,174527
242,2020-03-10,3990,55,3970,4020,3800,136651
241,2020-03-11,3795,195,4035,4085,3785,209518
238,2020-03-12,3450,345,3720,3785,3370,332691
237,2020-03-13,3015,435,3100,3265,2600,705031
236,2020-03-16,2860,155,3020,3175,2835,341510
235,2020-03-17,2850,10,2495,2930,2495,299511
234,2020-03-18,2510,340,2850,2930,2510,226716
230,2020-03-19,2020,490,2570,2655,1930,637841
229,2020-03-20,2155,135,2020,2180,1990,576550
228,2020-03-23,1950,205,1995,2045,1850,273735
227,2020-03-24,2140,190,2100,2140,2015,281967
226,2020-03-25,2320,180,2280,2335,2180,549910
223,2020-03-26,2510,190,2370,2790,2250,723444
222,2020-03-27,2490,20,2625,2650,2280,593377
221,2020-03-30,2615,125,2375,2625,2360,430396
220,2020-03-31,3065,450,2705,3125,2665,1226098
219,2020-04-01,3105,40,3230,3525,3070,1160257
215,2020-04-02,3360,255,3150,3415,2965,647458
214,2020-04-03,3300,60,3445,3695,3245,755572
213,2020-04-06,3400,100,3350,3495,3280,420866
212,2020-04-07,3560,160,3495,3615,3380,639820
211,2020-04-08,3605,45,3600,4040,3415,1749487
208,2020-04-09,3680,75,3700,3765,3650,378540
207,2020-04-10,3540,140,3740,3745,3485,288452
206,2020-04-13,3445,95,3600,3640,3445,222089
205,2020-04-14,3485,40,3485,3575,3475,182909
204,2020-04-16,3530,45,3485,3560,3400,135610
200,2020-04-17,3700,170,3590,3700,3565,294974
199,2020-04-20,3745,45,3740,3855,3710,384926
198,2020-04-21,3765,20,3785,3950,3540,759705
197,2020-04-22,3750,15,3700,3750,3630,178596
196,2020-04-23,4000,250,3800,4000,3765,462558
193,2020-04-24,3870,130,4015,4020,3820,379846
192,2020-04-27,4055,185,3965,4085,3895,441989
191,2020-04-28,4025,30,4100,4150,3960,382870
190,2020-04-29,3980,45,4065,4100,3975,268616
189,2020-05-04,4050,70,4030,4180,3980,362919
185,2020-05-06,4430,380,4090,4780,4050,4047339
184,2020-05-07,4370,60,4430,4460,4340,573432
183,2020-05-08,4375,5,4395,4435,4360,282218
182,2020-05-11,4380,5,4375,4420,4330,241480
181,2020-05-12,4250,130,4400,4425,4190,333433
178,2020-05-13,4180,70,4210,4235,4090,246965
177,2020-05-14,4110,70,4175,4215,4090,133500
176,2020-05-15,4300,190,4180,4460,4020,1352903
175,2020-05-18,4250,50,4360,4395,4050,538897
174,2020-05-19,4245,5,4305,4320,4215,276540
170,2020-05-20,4495,250,4290,4890,4270,3940199
169,2020-05-21,4685,190,4490,4695,4420,946441
168,2020-05-22,4560,125,4680,4705,4480,450723
167,2020-05-25,4605,45,4565,4640,4530,228186
166,2020-05-26,4590,15,4650,4650,4555,207447
163,2020-05-27,4520,70,4615,4615,4500,233083
162,2020-05-28,4450,70,4525,4590,4290,376499
161,2020-05-29,4405,45,4450,4500,4350,162816
160,2020-06-01,4745,340,4500,4745,4425,1485961
159,2020-06-02,4935,190,4700,4950,4655,2283820
155,2020-06-03,4750,185,4960,5280,4740,1938413
154,2020-06-04,6170,1420,5040,6170,4980,24498947
153,2020-06-05,5850,320,6360,6490,5770,9864170
152,2020-06-08,5980,130,5930,6110,5800,6282502
151,2020-06-09,6060,80,6380,7120,5990,27393707
148,2020-06-10,6070,10,6060,6520,5930,4300724
147,2020-06-11,6000,70,6070,6270,5770,1651996
146,2020-06-12,5700,300,5630,5770,5510,1019224
145,2020-06-15,5160,540,5550,5770,5110,1092826
144,2020-06-16,5420,260,5250,5470,5250,727786
140,2020-06-17,5280,140,5370,5520,5180,802857
139,2020-06-18,5710,430,5300,6020,5200,3948825
138,2020-06-19,5820,110,5710,6190,5700,3436721
137,2020-06-22,5800,20,5820,5960,5690,605638
136,2020-06-23,6040,240,5890,6470,5850,3566365
133,2020-06-24,6060,20,6000,6270,5950,1508240
132,2020-06-25,5890,170,5990,6250,5840,1167048
131,2020-06-26,6000,110,6020,6140,5940,1109530
130,2020-06-29,5620,380,5880,5990,5520,695407
129,2020-06-30,6150,530,5710,6150,5620,1903476
125,2020-07-01,5950,200,6150,6150,5870,857600
124,2020-07-02,5940,10,5980,6080,5870,421717
123,2020-07-03,6120,180,5920,6390,5910,3577881
122,2020-07-06,6370,250,6160,6390,6070,1799369
121,2020-07-07,6180,190,6370,6380,6150,1087526
118,2020-07-08,6120,60,6210,6240,6070,480122
117,2020-07-09,6250,130,6180,6310,6110,767891
116,2020-07-10,6180,70,6330,6450,6130,1141262
115,2020-07-13,6600,420,6270,6600,6210,1794250
114,2020-07-14,6320,280,6480,6480,6260,1367139
110,2020-07-15,6200,120,6430,6470,6170,745712
109,2020-07-16,6100,100,6200,6240,6000,550788
108,2020-07-17,6120,20,6150,6190,6080,256291
107,2020-07-20,6150,30,6140,6220,6020,330888
106,2020-07-21,6150,0,6240,6240,6060,314741
103,2020-07-22,6020,130,6140,6140,5990,359157
102,2020-07-23,5800,220,5980,6010,5750,550319
101,2020-07-24,5750,50,5700,5890,5700,239242
100,2020-07-27,5860,110,5770,5920,5750,247307
99,2020-07-28,6050,190,5990,6570,5950,5430463
95,2020-07-29,6070,20,6060,6110,5900,607000
94,2020-07-30,5980,90,6090,6130,5960,348838
93,2020-07-31,5980,0,6030,6140,5980,420677
92,2020-08-03,6100,120,6070,6230,6030,444054
91,2020-08-04,6060,40,6180,6180,6060,439973
88,2020-08-05,6060,0,6080,6180,6000,510595
87,2020-08-06,6000,60,6100,6130,6000,282414
86,2020-08-07,6050,50,6020,6170,6010,380713
85,2020-08-10,6040,10,6100,6170,6000,281568
84,2020-08-11,6060,20,6120,6130,6030,278854
80,2020-08-12,5910,150,6070,6070,5820,376701
79,2020-08-13,6130,220,5980,6220,5950,728240
78,2020-08-14,5920,210,6160,6180,5910,487221
77,2020-08-18,5550,370,5860,6150,5380,705750
76,2020-08-19,5580,30,5520,5700,5520,194754
73,2020-08-20,5250,330,5620,5690,5140,369652
72,2020-08-21,5340,90,5280,5400,5150,169464
71,2020-08-24,5680,340,5450,6070,5450,2069648
70,2020-08-25,5770,90,5680,5820,5680,271628
69,2020-08-26,5780,10,5770,6120,5680,1195478
65,2020-08-27,7300,1520,5770,7510,5770,24733626
64,2020-08-28,6670,630,6870,7140,6430,8710878
63,2020-08-31,6500,170,6710,6920,6480,2507665
62,2020-09-01,7350,850,6500,8070,6500,30544012
61,2020-09-02,7410,60,7520,7940,7310,6310325
58,2020-09-03,7330,80,7490,7640,7130,1999374
57,2020-09-04,7280,50,6970,7280,6930,1119232
56,2020-09-07,7100,180,7220,7260,7010,774484
55,2020-09-08,7050,50,7120,7300,7000,953328
54,2020-09-09,7040,10,6950,7330,6920,1272722
50,2020-09-10,8070,1030,7120,8740,7120,16460035
49,2020-09-11,7400,670,7680,7740,7270,2782804
48,2020-09-14,7230,170,7410,7630,7130,2240132
47,2020-09-15,7190,40,7260,7410,7180,1104815
46,2020-09-16,7130,60,7190,7310,7070,886945
43,2020-09-17,7050,80,7100,7190,7050,440175
42,2020-09-18,7080,30,7060,7150,6910,525942
41,2020-09-21,7200,120,7190,8650,7090,25383092
40,2020-09-22,7100,100,7200,8500,6750,17162613
39,2020-09-23,7500,400,7250,7950,7240,6174713
35,2020-09-24,8030,530,7390,8040,7320,7433238
34,2020-09-25,7370,660,8420,9380,7150,18957561
33,2020-09-28,7860,490,7420,8030,7380,4519516
32,2020-09-29,7800,60,7910,8370,7800,4117331
31,2020-10-05,9810,2010,7700,9810,7700,11804450
28,2020-10-06,8770,1040,10000,10100,8650,6210471
27,2020-10-07,9300,530,8720,9340,8690,6106378
26,2020-10-08,8820,480,9210,9220,8810,1750694
25,2020-10-12,8970,150,8720,8970,8470,1672797
24,2020-10-13,9000,30,8970,10100,8910,13246630
20,2020-10-14,9450,450,9170,9940,9110,9867811
19,2020-10-15,8600,850,9400,9450,8430,2208197
18,2020-10-16,8270,330,8710,9030,8100,1904323
17,2020-10-19,8140,130,8270,8500,8100,694274
16,2020-10-20,7860,280,8080,8290,7580,982858
13,2020-10-21,7810,50,7890,8080,7800,738687
12,2020-10-22,8250,440,7900,8840,7850,5853728
11,2020-10-23,7960,290,8330,8370,7910,1104786
10,2020-10-26,7410,550,8080,8160,7280,915048
9,2020-10-27,7310,100,7280,7780,7180,1482679
5,2020-10-28,7550,240,7390,7660,7360,660435
4,2020-10-29,7480,70,7400,7520,7280,449358
3,2020-10-30,7670,190,7550,7970,7550,1298186
2,2020-11-02,7970,300,7780,8030,7750,752658
1,2020-11-03,7820,150,8100,8100,7770,583936
