,date,close,diff,open,high,low,volume
448,2019-08-16,7000,170,6730,7050,6630,51198
447,2019-08-19,7200,200,7070,7410,7070,88444
446,2019-08-20,7590,390,7320,7600,7220,47426
445,2019-08-21,8150,560,7610,8250,7590,93364
444,2019-08-22,8480,330,8170,8980,8150,148645
440,2019-08-23,8170,310,8310,8600,8120,32214
439,2019-08-26,7800,370,8060,8060,7440,125441
438,2019-08-27,8120,320,7800,8170,7800,29921
437,2019-08-28,8480,360,8120,8480,8000,26519
436,2019-08-29,8120,360,8550,8550,8010,45781
433,2019-08-30,8410,290,8120,8420,8100,29001
432,2019-09-02,8460,50,8450,8550,8250,32762
431,2019-09-03,8550,90,8420,8600,8200,24102
430,2019-09-04,8650,100,8590,8770,8450,26498
429,2019-09-05,8690,40,8530,8820,8530,20752
425,2019-09-06,8740,50,8650,8780,8510,34809
424,2019-09-09,8800,60,8950,9000,8660,18419
423,2019-09-10,8760,40,8590,8980,8590,17296
422,2019-09-11,8830,70,8660,8880,8660,13885
421,2019-09-16,8870,40,8810,8970,8710,48684
418,2019-09-17,8900,30,8750,8920,8750,21527
417,2019-09-18,8710,190,8970,8970,8710,12789
416,2019-09-19,8610,100,8500,8940,8500,15865
415,2019-09-20,8400,210,8600,8670,8400,17624
414,2019-09-23,8250,150,8390,8390,8170,10007
410,2019-09-24,8350,100,8070,8780,8070,6929
409,2019-09-25,8350,0,8350,8430,8200,2020
408,2019-09-26,8150,200,8350,8430,8020,11646
407,2019-09-27,7680,470,8150,8340,7620,27701
406,2019-09-30,7740,60,7840,8000,7600,8287
403,2019-10-01,8380,640,7740,8380,7600,17900
402,2019-10-02,8350,30,8140,8350,8040,9197
401,2019-10-04,8090,260,8340,8340,7900,4851
400,2019-10-07,7870,220,7810,8120,7810,5446
399,2019-10-08,7900,30,7870,8060,7710,13982
395,2019-10-10,8010,110,7890,8010,7800,7494
394,2019-10-11,8010,0,8010,8120,7960,1428
393,2019-10-14,7970,40,7830,7990,7830,2441
392,2019-10-15,7930,40,7900,8030,7900,4042
391,2019-10-16,7970,40,7930,8130,7900,7381
388,2019-10-17,7670,300,8110,8110,7670,4450
387,2019-10-18,7720,50,7670,7830,7550,4535
386,2019-10-21,7500,220,7690,7690,7490,5453
385,2019-10-22,7350,150,7520,7520,7330,7094
384,2019-10-23,7310,40,7350,7600,7300,4599
380,2019-10-24,7140,170,7340,7420,7100,12841
379,2019-10-25,7190,50,7150,7200,7090,4201
378,2019-10-28,7200,10,7190,7400,7000,4647
377,2019-10-29,7240,40,7240,7240,7070,7079
376,2019-10-30,7240,0,7450,7980,7240,33211
373,2019-10-31,7420,180,7100,7550,7050,11484
372,2019-11-01,7350,70,7310,7540,7310,11313
371,2019-11-04,7490,140,7350,7500,7350,8317
370,2019-11-05,7540,50,7460,7610,7420,10442
369,2019-11-06,7460,80,7690,7690,7400,13599
365,2019-11-07,7990,530,7500,8040,7470,13625
364,2019-11-08,8600,610,8100,8700,8100,44206
363,2019-11-11,8330,270,8600,8600,8300,16003
362,2019-11-12,8300,30,8340,8420,8180,5906
361,2019-11-13,8230,70,8390,8390,7900,7406
358,2019-11-14,8580,350,8230,8700,8150,34315
357,2019-11-15,8650,70,8500,8710,8200,40812
356,2019-11-18,8650,0,8740,8740,8500,16580
355,2019-11-19,8540,110,8760,8760,8460,4848
354,2019-11-20,8440,100,8540,8540,8320,4754
350,2019-11-21,8560,120,8310,8750,8310,20727
349,2019-11-22,8110,450,8560,8770,8100,17289
348,2019-11-25,8000,110,8110,8350,8000,5191
347,2019-11-26,8120,120,8040,8170,8000,5882
346,2019-11-27,8150,30,8110,8160,8050,5235
343,2019-11-28,8320,170,8170,8340,8110,4692
342,2019-11-29,8260,60,8470,8470,8100,8355
341,2019-12-02,8190,70,8260,8260,8010,4822
340,2019-12-03,8190,0,7960,8360,7960,5307
339,2019-12-04,8220,30,8190,8220,8070,7661
335,2019-12-05,8250,30,8220,8390,8110,10546
334,2019-12-06,8150,100,8250,8390,7800,7048
333,2019-12-09,8020,130,8150,8150,7890,4363
332,2019-12-10,8210,190,8020,8680,7910,10427
331,2019-12-11,8390,180,8590,8590,8130,5474
328,2019-12-12,8400,10,8540,8540,8290,3667
327,2019-12-13,8380,20,8310,8590,8250,9452
326,2019-12-16,8210,170,8380,8540,8050,12893
325,2019-12-17,8080,130,8220,8220,8060,3697
324,2019-12-18,8040,40,8130,8310,8040,5262
320,2019-12-19,8160,120,8300,8390,8040,12339
319,2019-12-20,8070,90,8160,8170,8000,4808
318,2019-12-23,7860,210,8270,8270,7660,11841
317,2019-12-24,7900,40,7860,7970,7810,11583
316,2019-12-26,8020,120,8070,8340,7960,17062
313,2019-12-27,7980,40,8320,8320,7980,3729
312,2019-12-30,8070,90,7980,8100,7950,2442
311,2020-01-02,8180,110,8280,8280,8080,6013
310,2020-01-03,8430,250,9700,10400,8430,622136
309,2020-01-06,8070,360,8200,8400,7960,75758
305,2020-01-07,8050,20,8070,8160,8010,23690
304,2020-01-08,7920,130,8200,8200,7920,33419
303,2020-01-09,8160,240,7960,8200,7960,28511
302,2020-01-10,8530,370,8180,8540,8090,57501
301,2020-01-13,8900,370,8530,8940,8480,74957
298,2020-01-14,9130,230,9000,9190,8910,52953
297,2020-01-15,9090,40,9130,9220,9020,22304
296,2020-01-16,9250,160,9170,9260,9030,26834
295,2020-01-17,9400,150,9170,9660,9170,49252
294,2020-01-20,9680,280,9400,10050,9400,73180
290,2020-01-21,9300,380,9680,9680,9230,26926
289,2020-01-22,9710,410,9300,9800,9290,28132
288,2020-01-23,9880,170,10000,10000,9600,37410
287,2020-01-28,9730,150,9310,9850,9060,32759
286,2020-01-29,9560,170,9730,9830,9500,16258
283,2020-01-30,9670,110,9600,9670,9200,27592
282,2020-01-31,9300,370,9670,9890,9300,14281
281,2020-02-03,9430,130,9050,9500,8900,25524
280,2020-02-04,9910,480,9190,10200,9190,95989
279,2020-02-05,9960,50,10050,10050,9830,14185
275,2020-02-06,10800,840,9960,10850,9960,113266
274,2020-02-07,11450,650,10800,11500,10800,153450
273,2020-02-10,11700,250,11400,11750,11250,52231
272,2020-02-11,11850,150,11700,11900,11350,60323
271,2020-02-12,11850,0,11850,11950,11400,71295
268,2020-02-13,11850,0,12050,12050,11500,25662
267,2020-02-14,11750,100,11800,11850,11500,29408
266,2020-02-17,11800,50,11750,11850,11500,13713
265,2020-02-18,11650,150,11600,11950,11300,31048
264,2020-02-19,11650,0,11550,11700,11350,439019
260,2020-02-20,11450,200,11700,11700,10600,139124
259,2020-02-21,11000,450,11250,11350,10900,175395
258,2020-02-24,10950,50,10450,11450,10450,139928
257,2020-02-25,11550,600,10650,12300,10650,123740
256,2020-02-26,12050,500,11300,12450,11250,185624
253,2020-02-27,11200,850,12150,12350,11000,118052
252,2020-02-28,11150,50,11000,12500,10700,339517
251,2020-03-02,12000,850,11600,12150,10850,248260
250,2020-03-03,12900,900,12100,13250,12000,395919
249,2020-03-04,13000,100,12900,13400,12650,189108
245,2020-03-05,12800,200,13200,13250,12450,74281
244,2020-03-06,12500,300,12700,12800,12200,94482
243,2020-03-09,12000,500,12450,13000,11800,143528
242,2020-03-10,11300,700,11650,12200,10900,168582
241,2020-03-11,11300,0,11500,12500,10800,200386
238,2020-03-12,9910,1390,10900,11150,9560,160005
237,2020-03-13,9570,340,9170,10050,8190,127141
236,2020-03-16,9050,520,10000,10400,9050,86449
235,2020-03-17,8950,100,8700,9250,8470,96944
234,2020-03-18,8520,430,8960,9290,8490,81355
230,2020-03-19,8050,470,8890,9580,7350,459848
229,2020-03-20,8250,200,8070,8600,7610,141932
228,2020-03-23,6780,1470,7350,7660,6780,245437
227,2020-03-24,8160,1380,6970,8280,6700,200245
226,2020-03-25,9050,890,8650,9070,8350,176692
223,2020-03-26,10250,1200,10650,11600,9950,1431999
222,2020-03-27,10500,250,9850,10650,9630,879142
221,2020-03-30,11000,500,10700,11400,10400,413313
220,2020-03-31,10500,500,11500,12150,9870,852849
219,2020-04-01,9550,950,9960,9960,9200,554281
215,2020-04-02,10200,650,10200,10200,9410,326416
214,2020-04-03,9700,500,10250,10450,9550,256659
213,2020-04-06,9620,80,9800,9840,9370,245442
212,2020-04-07,10100,480,9690,10250,9500,417890
211,2020-04-08,11000,900,10250,11150,9990,622601
208,2020-04-09,11350,350,11500,11650,10650,344433
207,2020-04-10,10800,550,11300,11300,10450,199476
206,2020-04-13,10800,0,11300,11500,10200,365752
205,2020-04-14,10750,50,10650,11550,10400,542066
204,2020-04-16,10450,300,10450,10600,10150,181251
200,2020-04-17,10500,50,10450,10650,10150,93395
199,2020-04-20,10800,300,10450,11100,10100,518246
198,2020-04-21,10550,250,10800,10850,10050,261484
197,2020-04-22,11200,650,10350,11250,10300,288243
196,2020-04-23,12050,850,11150,12400,11000,359589
193,2020-04-24,12450,400,11950,12950,11850,327360
192,2020-04-27,13700,1250,12450,14050,12450,645466
191,2020-04-28,12200,1500,13500,13600,11950,697807
190,2020-04-29,11400,800,12150,12150,11100,387037
189,2020-05-04,11450,50,11200,11550,11050,175756
185,2020-05-06,11600,150,11550,11800,11350,236953
184,2020-05-07,11850,250,11600,12200,11250,660510
183,2020-05-08,12200,350,11900,12350,11900,286778
182,2020-05-11,11950,250,12350,12350,11700,211227
181,2020-05-12,12400,450,11950,12750,11700,270860
178,2020-05-13,12650,250,12300,13000,12150,151242
177,2020-05-14,13600,950,12500,14000,12400,661153
176,2020-05-15,14700,1100,13950,14800,13550,643018
175,2020-05-18,14050,650,14550,14550,13550,329055
174,2020-05-19,13600,450,13800,13800,12950,288921
170,2020-05-20,13150,450,13500,13700,13050,163196
169,2020-05-21,13350,200,13300,13700,13100,104444
168,2020-05-22,13400,50,13750,13800,13050,120016
167,2020-05-25,13300,100,13400,13450,12800,146161
166,2020-05-26,13400,100,13500,13900,13100,185224
163,2020-05-27,13100,300,13550,13600,12800,138160
162,2020-05-28,12450,650,13000,13000,12200,130777
161,2020-05-29,12300,150,12300,12550,12000,91322
160,2020-06-01,13150,850,12400,13150,12150,137818
159,2020-06-02,13150,0,13150,13400,12850,74211
155,2020-06-03,13250,100,13250,13900,12800,345918
154,2020-06-04,13200,50,13350,13700,12750,131985
153,2020-06-05,13050,150,13150,13150,12500,98883
152,2020-06-08,12800,250,12900,12950,12400,104385
151,2020-06-09,12450,350,12800,12950,12300,92608
148,2020-06-10,12150,300,12450,12650,11900,150658
147,2020-06-11,13250,1100,13000,13600,12700,462349
146,2020-06-12,14350,1100,12550,14450,12550,535190
145,2020-06-15,13050,1300,14450,14750,13050,459707
144,2020-06-16,15050,2000,13650,15150,13300,451351
140,2020-06-17,15700,650,14850,16200,14600,532466
139,2020-06-18,15700,0,15500,15850,15200,158889
138,2020-06-19,15950,250,15850,16650,15150,380167
137,2020-06-22,15900,50,15950,16000,15400,101856
136,2020-06-23,16300,400,16150,16700,15700,244692
133,2020-06-24,16500,200,16600,16850,16300,166196
132,2020-06-25,16500,0,16100,16850,15900,133067
131,2020-06-26,16450,50,17000,17500,16100,212700
130,2020-06-29,16700,250,16350,16800,15950,91728
129,2020-06-30,17800,1100,17000,18150,16500,251596
125,2020-07-01,17150,650,17900,18000,16800,152110
124,2020-07-02,17250,100,17350,17550,16350,121533
123,2020-07-03,18150,900,17300,18300,16700,221740
122,2020-07-06,18700,550,18200,18900,17950,178830
121,2020-07-07,18400,300,18850,18850,17650,121309
118,2020-07-08,18400,0,18150,18700,17850,94945
117,2020-07-09,18100,300,18500,18500,17800,86709
116,2020-07-10,17950,150,18100,18300,17700,72577
115,2020-07-13,18200,250,17950,18200,17450,87376
114,2020-07-14,18800,600,18150,19050,17750,124257
110,2020-07-15,19600,800,18850,19700,18500,189740
109,2020-07-16,18950,650,19700,19700,18750,113335
108,2020-07-17,19000,50,18750,19200,18350,48209
107,2020-07-20,17800,1200,19000,19000,17600,148454
106,2020-07-21,17900,100,18000,19450,16500,396834
103,2020-07-22,18550,650,19050,19200,17400,297948
102,2020-07-23,19100,550,18550,19500,17800,182529
101,2020-07-24,19550,450,18800,19850,18650,106268
100,2020-07-27,20400,850,19550,21650,19550,391596
99,2020-07-28,20400,0,20450,20750,20000,90982
95,2020-07-29,20300,100,20400,20400,19700,63318
94,2020-07-30,19950,350,20000,20200,18850,195864
93,2020-07-31,20550,600,20150,21400,20100,151661
92,2020-08-03,20750,200,20850,21200,20250,69382
91,2020-08-04,20100,650,20850,21200,19700,135150
88,2020-08-05,19650,450,19950,20750,19600,138317
87,2020-08-06,19500,150,19800,19800,19100,96370
86,2020-08-07,19400,100,19550,20200,19000,106094
85,2020-08-10,20150,750,19750,20150,19500,145035
84,2020-08-11,18800,1350,20300,20400,18800,187247
80,2020-08-12,17600,1200,19000,19000,17450,243156
79,2020-08-13,18200,600,17950,18750,17800,101893
78,2020-08-14,17700,500,18300,18400,17500,76781
77,2020-08-18,16950,750,17750,18150,16700,57915
76,2020-08-19,16800,150,16950,17500,16400,151539
73,2020-08-20,15650,1150,16800,17200,15200,174452
72,2020-08-21,16000,350,16100,16100,15200,109390
71,2020-08-24,16750,750,16150,16750,15450,95547
70,2020-08-25,17050,300,16800,17050,16500,60615
69,2020-08-26,17700,650,17050,17900,16600,105182
65,2020-08-27,18450,750,17750,19150,17450,209160
64,2020-08-28,18550,100,18800,19300,18100,162829
63,2020-08-31,19000,450,18550,19200,18400,109038
62,2020-09-01,19250,250,19200,19950,18950,166317
61,2020-09-02,19850,600,19250,19950,19050,145850
58,2020-09-03,19250,600,19950,20000,19000,141084
57,2020-09-04,20450,1200,18300,20850,18200,274101
56,2020-09-07,21850,1400,21100,21900,20250,301139
55,2020-09-08,21600,250,21950,22050,20650,180511
54,2020-09-09,22250,650,21100,22600,21100,164747
50,2020-09-10,21800,450,22400,23300,21600,157571
49,2020-09-11,21050,750,21500,21600,20650,116255
48,2020-09-14,22050,1000,21250,22300,21250,128911
47,2020-09-15,21950,100,22050,22350,21200,120186
46,2020-09-16,21500,450,21950,22300,21350,88750
43,2020-09-17,21400,100,21900,21900,21100,71687
42,2020-09-18,22500,1100,21200,22500,21200,140251
41,2020-09-21,21600,900,23000,23200,21600,139573
40,2020-09-22,22200,600,21600,22350,20850,134250
39,2020-09-23,22500,300,22200,23100,21800,98770
35,2020-09-24,21200,1300,22500,22500,21150,90554
34,2020-09-25,22000,800,21750,22200,20150,80703
33,2020-09-28,23700,1700,23000,24600,22300,451490
32,2020-09-29,23850,150,23750,24100,23300,117098
31,2020-10-05,25150,1300,24150,25500,23650,211364
28,2020-10-06,24350,800,25000,25050,24100,116692
27,2020-10-07,24250,100,24100,24650,23400,111020
26,2020-10-08,23700,550,24250,24300,23400,64378
25,2020-10-12,23750,50,23950,24000,22900,86327
24,2020-10-13,23100,650,23900,24250,23050,51544
20,2020-10-14,22700,400,23300,23300,22550,59544
19,2020-10-15,21400,1300,22500,22600,21300,94346
18,2020-10-16,21550,150,21500,21850,20550,41778
17,2020-10-19,22050,500,21550,22700,20550,94857
16,2020-10-20,21350,700,22050,22050,20800,67735
13,2020-10-21,21250,100,21950,21950,21050,31995
12,2020-10-22,20850,400,21300,21550,20800,34545
11,2020-10-23,20200,650,20800,21100,20100,51221
10,2020-10-26,19000,1200,20200,20200,18300,69885
9,2020-10-27,20250,1250,19050,20300,18750,69676
5,2020-10-28,22400,2150,20400,22800,20100,95195
4,2020-10-29,22450,50,21900,23150,21250,86544
3,2020-10-30,21950,500,22050,22550,21600,37427
2,2020-11-02,22700,750,21950,22900,21350,43707
1,2020-11-03,22350,350,22700,23000,22300,40714
