,date,close,diff,open,high,low,volume
448,2019-08-16,81800,0,81800,82300,80700,1150
447,2019-08-19,83500,1700,81800,84000,81800,1148
446,2019-08-20,83700,200,83500,84100,82000,946
445,2019-08-21,84000,300,83700,84000,83000,1478
444,2019-08-22,83800,200,83900,84100,83200,1026
440,2019-08-23,83200,600,83800,83900,82800,872
439,2019-08-26,81400,1800,83200,83200,81400,1820
438,2019-08-27,81700,300,81400,82200,81400,923
437,2019-08-28,82700,1000,81700,82700,81700,629
436,2019-08-29,84000,1300,82700,84500,82300,680
433,2019-08-30,84200,200,84000,84600,83300,1447
432,2019-09-02,83900,300,84200,84700,83200,1936
431,2019-09-03,83900,0,83900,83900,83000,1033
430,2019-09-04,83400,500,83900,83900,83000,653
429,2019-09-05,83200,200,83700,83700,82200,990
425,2019-09-06,83300,100,83200,83600,83200,811
424,2019-09-09,83200,100,83300,83500,81000,2401
423,2019-09-10,87200,4000,82500,87200,82500,3345
422,2019-09-11,88600,1400,87200,89200,85900,2720
421,2019-09-16,90500,1900,88500,91000,87000,1695
418,2019-09-17,90500,0,89800,90800,88500,2444
417,2019-09-18,90600,100,90400,92000,89900,1219
416,2019-09-19,90000,600,90500,91400,89200,1424
415,2019-09-20,89900,100,89100,89900,89000,995
414,2019-09-23,89900,0,89800,90800,89400,276
410,2019-09-24,89000,900,89800,90600,87900,455
409,2019-09-25,86900,2100,88800,88800,86100,878
408,2019-09-26,85500,1400,86900,86900,85500,359
407,2019-09-27,84200,1300,85500,86800,84100,417
406,2019-09-30,83900,300,83100,84200,83100,652
403,2019-10-01,83200,700,83900,83900,83200,1495
402,2019-10-02,83100,100,84400,84400,82400,1126
401,2019-10-04,83200,100,83100,85800,82500,822
400,2019-10-07,82900,300,83100,83100,82200,786
399,2019-10-08,81900,1000,82900,82900,81800,1146
395,2019-10-10,81900,0,81100,82400,81100,1084
394,2019-10-11,82200,300,82000,82300,81400,1369
393,2019-10-14,83500,1300,82200,83500,81700,1288
392,2019-10-15,82900,600,83600,83600,82600,238
391,2019-10-16,82900,0,82900,82900,82200,805
388,2019-10-17,81800,1100,82900,82900,81600,374
387,2019-10-18,82100,300,82000,82300,81900,220
386,2019-10-21,80600,1500,82100,82200,80400,2380
385,2019-10-22,81500,900,80700,81500,79900,950
384,2019-10-23,81700,200,81900,81900,81500,2944
380,2019-10-24,81500,200,81700,81700,81200,326
379,2019-10-25,81300,200,81100,81700,80800,341
378,2019-10-28,81500,200,81300,81700,80800,591
377,2019-10-29,82000,500,81500,82100,81500,1531
376,2019-10-30,83000,1000,82600,83100,82000,1014
373,2019-10-31,82900,100,83000,83000,82200,1021
372,2019-11-01,82300,600,82900,82900,81900,1714
371,2019-11-04,81900,400,81800,82400,81800,283
370,2019-11-05,81900,0,82200,82600,81800,373
369,2019-11-06,82300,400,82200,82700,81600,369
365,2019-11-07,82900,600,81900,83100,81600,760
364,2019-11-08,82900,0,82900,83400,82400,269
363,2019-11-11,82700,200,82900,83000,82300,590
362,2019-11-12,82900,200,82200,83200,82200,632
361,2019-11-13,82700,200,82900,82900,81900,449
358,2019-11-14,83200,500,82700,83200,82300,575
357,2019-11-15,82300,900,82400,82900,82100,950
356,2019-11-18,82300,0,82600,82900,82000,1373
355,2019-11-19,82000,300,82200,82200,81500,549
354,2019-11-20,81600,400,82000,82200,81100,713
350,2019-11-21,81000,600,80900,81500,80600,824
349,2019-11-22,80500,500,81000,81000,79600,1084
348,2019-11-25,80300,200,79700,81400,79700,540
347,2019-11-26,80400,100,80700,80700,80100,408
346,2019-11-27,80500,100,81000,81000,80200,137
343,2019-11-28,80300,200,80900,80900,80000,646
342,2019-11-29,80800,500,80000,80800,79900,579
341,2019-12-02,80400,400,80800,80800,80100,244
340,2019-12-03,80500,100,79900,80600,79900,318
339,2019-12-04,81400,900,80500,81800,80000,812
335,2019-12-05,81200,200,81400,81500,80500,641
334,2019-12-06,81000,200,81200,81900,80800,1344
333,2019-12-09,82200,1200,82000,82700,81000,1151
332,2019-12-10,82900,700,82200,82900,81500,1569
331,2019-12-11,82800,100,82900,83500,82000,1439
328,2019-12-12,82800,0,82800,83100,82000,1265
327,2019-12-13,82900,100,82800,83400,81800,1131
326,2019-12-16,83000,100,82900,83100,82200,1766
325,2019-12-17,84000,1000,83000,84000,82700,1240
324,2019-12-18,84700,700,84000,85300,84000,1402
320,2019-12-19,85200,500,84100,85600,84000,2310
319,2019-12-20,86000,800,84300,86800,84300,2798
318,2019-12-23,86100,100,86100,86300,85700,1418
317,2019-12-24,88000,1900,86100,88500,85300,4357
316,2019-12-26,87400,600,87200,87800,86400,1062
313,2019-12-27,85000,2400,87900,87900,84600,1259
312,2019-12-30,82600,2400,85000,85100,82600,1470
311,2020-01-02,83300,700,82600,83600,82500,1266
310,2020-01-03,83100,200,83300,83700,82000,877
309,2020-01-06,81500,1600,82800,82800,81400,938
305,2020-01-07,82900,1400,81500,82900,81500,1011
304,2020-01-08,80800,2100,82800,82800,79900,1398
303,2020-01-09,81000,200,81200,82600,80900,1144
302,2020-01-10,81200,200,81200,81200,79900,2530
301,2020-01-13,80800,400,81000,81000,80400,640
298,2020-01-14,80800,0,81000,81300,80400,829
297,2020-01-15,80800,0,80800,81000,80200,1043
296,2020-01-16,80800,0,80900,80900,80500,776
295,2020-01-17,81200,400,80300,81600,80300,375
294,2020-01-20,81400,200,81200,81400,80600,1420
290,2020-01-21,81100,300,81400,81700,81000,822
289,2020-01-22,81200,100,81500,81600,80900,1067
288,2020-01-23,81200,0,81200,81200,80600,1038
287,2020-01-28,79800,1400,80700,81200,79500,2880
286,2020-01-29,80500,700,79800,80600,79800,1074
283,2020-01-30,79800,700,80500,80700,78800,713
282,2020-01-31,78200,1600,80100,80300,78200,897
281,2020-02-03,79800,1600,78200,79800,78200,748
280,2020-02-04,80300,500,80200,80300,79700,359
279,2020-02-05,79900,400,80400,80400,78000,763
275,2020-02-06,79900,0,79600,80200,79000,1409
274,2020-02-07,79700,200,79900,79900,79100,261
273,2020-02-10,79800,100,79700,79800,78600,218
272,2020-02-11,79700,100,78800,79700,78800,1050
271,2020-02-12,80700,1000,79700,80800,79700,1476
268,2020-02-13,80300,400,81000,81100,80300,1211
267,2020-02-14,80500,200,80000,80900,79600,1271
266,2020-02-17,80700,200,80500,80700,80100,843
265,2020-02-18,80500,200,80700,80700,80000,1046
264,2020-02-19,79900,600,80600,80600,79900,751
260,2020-02-20,80700,800,79900,80900,79200,1662
259,2020-02-21,80900,200,80700,81100,80000,2814
258,2020-02-24,79000,1900,80900,80900,78400,1808
257,2020-02-25,79700,700,79000,79900,78500,1204
256,2020-02-26,80300,600,79700,80300,79600,1836
253,2020-02-27,80000,300,80300,80300,79200,753
252,2020-02-28,78100,1900,79800,79800,76800,2429
251,2020-03-02,78100,0,78000,78400,77300,1155
250,2020-03-03,79100,1000,78500,79700,78000,1169
249,2020-03-04,79800,700,79100,80300,79100,647
245,2020-03-05,80000,200,79800,80300,79600,1211
244,2020-03-06,79100,900,80000,80000,79000,726
243,2020-03-09,77400,1700,78500,78500,77000,3016
242,2020-03-10,77400,0,77200,78300,76800,2654
241,2020-03-11,78000,600,78000,78000,77000,1166
238,2020-03-12,74800,3200,78000,78000,72600,2100
237,2020-03-13,72500,2300,68100,73900,68100,2910
236,2020-03-16,74300,1800,72500,74400,72300,873
235,2020-03-17,70000,4300,70100,73200,70000,1394
234,2020-03-18,72000,2000,70100,72500,70100,1301
230,2020-03-19,69000,3000,71900,72700,67500,5897
229,2020-03-20,70700,1700,70300,71200,66300,3131
228,2020-03-23,68700,2000,65000,68700,65000,1966
227,2020-03-24,70600,1900,69000,70600,68500,2892
226,2020-03-25,72400,1800,70400,74000,70400,1652
223,2020-03-26,73100,700,73000,75000,70200,789
222,2020-03-27,72200,900,72200,76000,72000,1957
221,2020-03-30,73300,1100,74900,74900,70300,666
220,2020-03-31,77300,4000,77000,77700,74300,1631
219,2020-04-01,80800,3500,77500,83000,75500,4194
215,2020-04-02,80300,500,80800,80900,77600,1628
214,2020-04-03,80000,300,82800,82800,79000,1299
213,2020-04-06,79800,200,80000,80100,79400,1741
212,2020-04-07,79500,300,80000,80400,78600,816
211,2020-04-08,79400,100,78800,79800,77100,479
208,2020-04-09,80000,600,82000,82000,78900,3422
207,2020-04-10,79500,500,80000,80000,78800,526
206,2020-04-13,78600,900,80000,80000,77900,559
205,2020-04-14,79100,500,78600,80000,78200,464
204,2020-04-16,79300,200,76200,79300,76000,449
200,2020-04-17,79100,200,78200,79800,78200,711
199,2020-04-20,79100,0,79300,79400,78600,2450
198,2020-04-21,79000,100,79100,79900,78000,1639
197,2020-04-22,79000,0,79100,79100,78700,762
196,2020-04-23,79000,0,79000,79000,78200,1036
193,2020-04-24,78800,200,79900,79900,78400,1116
192,2020-04-27,79400,600,78800,79900,78700,609
191,2020-04-28,78300,1100,78300,79500,76000,1226
190,2020-04-29,78900,600,78700,78900,78000,853
189,2020-05-04,80400,1500,78800,80600,78800,3451
185,2020-05-06,80200,200,82000,82000,79600,1072
184,2020-05-07,79600,600,79300,80000,78500,607
183,2020-05-08,79200,400,79400,79900,79200,277
182,2020-05-11,77600,1600,79200,79200,77300,1854
181,2020-05-12,77000,600,77600,77600,76300,1119
178,2020-05-13,76600,400,77000,77200,75300,698
177,2020-05-14,75300,1300,76600,76600,75100,543
176,2020-05-15,75300,0,75300,76000,73900,1566
175,2020-05-18,74400,900,75400,75400,73300,1406
174,2020-05-19,75900,1500,75000,76000,74800,450
170,2020-05-20,76500,600,75900,76500,75600,431
169,2020-05-21,76500,0,76500,76900,76200,756
168,2020-05-22,75800,700,76900,76900,75500,709
167,2020-05-25,75800,0,75800,76200,75600,466
166,2020-05-26,76500,700,75800,76500,75600,537
163,2020-05-27,77800,1300,76800,77900,76500,3163
162,2020-05-28,77600,200,78200,79800,77200,1579
161,2020-05-29,77900,300,77400,78300,77400,344
160,2020-06-01,77700,200,77900,78900,77400,300
159,2020-06-02,101000,23300,83100,101000,83100,130874
155,2020-06-03,131000,30000,116500,131000,114000,271049
154,2020-06-04,121500,9500,143500,151500,116500,284558
153,2020-06-05,123500,2000,123000,125000,113500,159157
152,2020-06-08,119000,4500,121000,126000,116000,115483
151,2020-06-09,115500,3500,119000,121000,111000,69546
148,2020-06-10,114500,1000,114500,118500,111000,54299
147,2020-06-11,107500,7000,119000,122000,107500,98973
146,2020-06-12,105000,2500,102000,105000,100500,34566
145,2020-06-15,99900,5100,102000,105500,99900,29611
144,2020-06-16,103500,3600,101500,106500,100500,26634
140,2020-06-17,105000,1500,102000,109000,100500,35923
139,2020-06-18,114500,9500,107000,121000,105000,113979
138,2020-06-19,148500,34000,141000,148500,140500,40123
137,2020-06-22,121000,27500,193000,193000,119500,360641
136,2020-06-23,117000,4000,127000,129500,114500,95722
133,2020-06-24,112500,4500,117000,118500,111500,57651
132,2020-06-25,130000,17500,114500,134500,112000,108597
131,2020-06-26,117500,12500,125000,126000,115500,49379
130,2020-06-29,107500,10000,114000,114500,106000,41925
129,2020-06-30,106500,1000,109000,114500,104500,42106
125,2020-07-01,104000,2500,107500,108000,102500,27476
124,2020-07-02,105000,1000,103500,107000,103000,15587
123,2020-07-03,104500,500,105000,106000,103000,15577
122,2020-07-06,111500,7000,106000,116000,104000,55776
121,2020-07-07,108000,3500,111000,113000,106500,25668
118,2020-07-08,117500,9500,107000,117500,106500,41927
117,2020-07-09,115000,2500,127000,129000,115000,76308
116,2020-07-10,115000,0,114000,119500,110000,32568
115,2020-07-13,115000,0,115000,116000,111500,17117
114,2020-07-14,111000,4000,114000,114500,109000,21038
110,2020-07-15,111500,500,111000,115000,110500,14070
109,2020-07-16,107500,4000,110500,111500,107000,15807
108,2020-07-17,107500,0,109000,109500,107000,9688
107,2020-07-20,106000,1500,107500,109500,105000,10117
106,2020-07-21,114000,8000,107000,123000,104500,68068
103,2020-07-22,112000,2000,110500,115000,110000,22195
102,2020-07-23,111000,1000,113000,114000,109500,25251
101,2020-07-24,110000,1000,114500,116500,110000,27503
100,2020-07-27,111000,1000,108500,112000,108000,11299
99,2020-07-28,109000,2000,111000,111500,108000,12208
95,2020-07-29,112500,3500,110000,112500,108000,14549
94,2020-07-30,109000,3500,112500,113500,109000,9140
93,2020-07-31,109500,500,108500,110500,108000,8653
92,2020-08-03,108000,1500,109500,109500,108000,8577
91,2020-08-04,109000,1000,108500,113000,107500,20116
88,2020-08-05,108500,500,109000,110000,107500,10136
87,2020-08-06,107500,1000,108500,109000,106500,12874
86,2020-08-07,107500,0,108500,109500,107000,8746
85,2020-08-10,108000,500,107000,108500,106500,6277
84,2020-08-11,111000,3000,107500,111000,107000,16105
80,2020-08-12,108000,3000,110000,111000,107500,13613
79,2020-08-13,109500,1500,109000,116000,108500,33156
78,2020-08-14,111500,2000,109500,114000,108500,17324
77,2020-08-18,103500,8000,113000,113500,103000,26322
76,2020-08-19,101500,2000,104000,104500,100000,15481
73,2020-08-20,97400,4100,100500,101500,96100,12838
72,2020-08-21,99100,1700,99200,99700,97400,5479
71,2020-08-24,97600,1500,99100,99100,96900,4288
70,2020-08-25,102000,4400,97600,102500,97600,9568
69,2020-08-26,100500,1500,101000,102500,99500,5915
65,2020-08-27,97500,3000,99900,99900,96500,9793
64,2020-08-28,98300,800,97600,99700,97200,5135
63,2020-08-31,97600,700,98300,99500,97600,3644
62,2020-09-01,97600,0,97700,98900,97100,3927
61,2020-09-02,97500,100,97600,98700,96700,2724
58,2020-09-03,98400,900,97600,98800,97400,3099
57,2020-09-04,97700,700,95000,98200,94600,5359
56,2020-09-07,106000,8300,97800,116500,96600,35637
55,2020-09-08,99800,6200,106500,106500,99800,12300
54,2020-09-09,97800,2000,96000,99300,96000,8246
50,2020-09-10,98500,700,99300,99900,98000,2572
49,2020-09-11,97800,700,97300,99500,97000,5026
48,2020-09-14,97700,100,97600,98600,97300,9909
47,2020-09-15,101500,3800,97700,102500,97500,10586
46,2020-09-16,101500,0,101500,108000,100500,15667
43,2020-09-17,99900,1600,101500,101500,99200,3237
42,2020-09-18,99900,0,101000,101000,98900,4401
41,2020-09-21,98500,1400,99900,102000,98500,3155
40,2020-09-22,95700,2800,99900,99900,94300,3837
39,2020-09-23,94900,800,96000,98500,94500,2576
35,2020-09-24,95100,200,94700,96000,93800,5546
34,2020-09-25,96000,900,95900,96800,95300,2345
33,2020-09-28,97000,1000,96000,97000,95700,1023
32,2020-09-29,97900,900,97500,98400,96800,1974
31,2020-10-05,98500,600,97800,99100,97400,1893
28,2020-10-06,99600,1100,98600,102000,98500,6199
27,2020-10-07,99900,300,98800,100000,98500,1408
26,2020-10-08,99600,300,100000,101500,98500,3472
25,2020-10-12,99600,0,99600,100500,98000,3044
24,2020-10-13,99200,400,100000,100000,98500,1281
20,2020-10-14,95900,3300,99200,99800,95600,9143
19,2020-10-15,96000,100,96000,96900,93100,4132
18,2020-10-16,101000,5000,95400,114500,94200,139529
17,2020-10-19,101000,0,102500,103000,97600,21346
16,2020-10-20,100500,500,100000,103500,99500,16675
13,2020-10-21,100500,0,100000,103000,99700,10120
12,2020-10-22,103500,3000,102000,109000,100500,34740
11,2020-10-23,103000,500,104000,106000,101500,8094
10,2020-10-26,100000,3000,103000,104000,100000,10285
9,2020-10-27,102000,2000,99800,105500,99700,6677
5,2020-10-28,103000,1000,100500,103000,100500,4872
4,2020-10-29,100000,3000,101500,102500,100000,6257
3,2020-10-30,96600,3400,101000,102000,96500,7429
2,2020-11-02,96800,200,96900,98600,95000,4782
1,2020-11-03,98400,1600,96700,99700,96600,2789
