,date,close,diff,open,high,low,volume
448,2019-08-16,6880,40,6690,7180,6600,3120442
447,2019-08-19,7000,120,7040,7120,6870,1707777
446,2019-08-20,7000,0,7000,7150,6950,1383554
445,2019-08-21,6660,340,7120,7270,6650,2288618
444,2019-08-22,6570,90,6760,6770,6490,987993
440,2019-08-23,6450,120,6520,6630,6420,725839
439,2019-08-26,6040,410,6230,6350,6010,807131
438,2019-08-27,6090,50,6130,6600,6050,1275261
437,2019-08-28,6250,160,6100,6330,6100,816389
436,2019-08-29,6080,170,6300,6320,6040,636668
433,2019-08-30,6320,240,6180,6470,6110,1086066
432,2019-09-02,6290,30,6450,6460,6230,758604
431,2019-09-03,6540,250,6300,6880,6270,3946663
430,2019-09-04,6690,150,6500,6860,6490,2651827
429,2019-09-05,6660,30,6750,6930,6650,1822527
425,2019-09-06,6750,90,6740,6850,6640,939135
424,2019-09-09,6530,220,6850,6870,6450,952366
423,2019-09-10,6250,280,6570,6590,6230,703566
422,2019-09-11,6270,20,6250,6360,6230,320288
421,2019-09-16,6270,0,6300,6420,6240,496932
418,2019-09-17,6200,70,6270,6290,6110,435449
417,2019-09-18,6060,140,6200,6240,6060,461691
416,2019-09-19,6150,90,6020,6230,6020,605754
415,2019-09-20,6120,30,6200,6230,6080,334376
414,2019-09-23,6080,40,6100,6180,6070,275802
410,2019-09-24,5940,140,6080,6120,5890,467497
409,2019-09-25,5610,330,5980,5980,5550,515283
408,2019-09-26,5440,170,5650,5840,5350,441138
407,2019-09-27,5400,40,5480,5580,5330,323519
406,2019-09-30,5280,120,5400,5500,5100,303272
403,2019-10-01,5510,230,5280,5740,5250,1098628
402,2019-10-02,5360,150,5390,5480,5260,334346
401,2019-10-04,5200,160,5310,5410,5200,266877
400,2019-10-07,5230,30,5240,5390,5220,329867
399,2019-10-08,5430,200,5160,5470,5160,396089
395,2019-10-10,5790,360,5430,6300,5380,5207984
394,2019-10-11,5820,30,5820,5880,5670,816431
393,2019-10-14,5690,130,5930,5940,5690,528452
392,2019-10-15,5550,140,5640,5770,5500,470442
391,2019-10-16,5680,130,5620,6220,5580,3084164
388,2019-10-17,5920,240,5650,6030,5600,1689390
387,2019-10-18,5940,20,5930,6240,5880,1791343
386,2019-10-21,5850,90,5930,6070,5800,642555
385,2019-10-22,6290,440,5880,6430,5880,3462183
384,2019-10-23,6090,200,6250,6340,6060,1235870
380,2019-10-24,5970,120,6080,6120,5860,825156
379,2019-10-25,6330,360,5970,6450,5970,2627845
378,2019-10-28,6090,240,6300,6680,6060,2234729
377,2019-10-29,6360,270,6160,6610,6150,2920876
376,2019-10-30,6330,30,6360,6480,6300,1037281
373,2019-10-31,6350,20,6400,6470,6320,769725
372,2019-11-01,6390,40,6350,6400,6260,600330
371,2019-11-04,6380,10,6460,6460,6270,715138
370,2019-11-05,6200,180,6450,6500,6170,1013729
369,2019-11-06,6200,0,6260,6360,6140,764255
365,2019-11-07,5950,250,6180,6330,5880,696303
364,2019-11-08,5850,100,5980,6020,5730,687895
363,2019-11-11,5730,120,5940,5940,5640,380782
362,2019-11-12,5770,40,5700,5890,5660,361934
361,2019-11-13,5610,160,5800,5810,5610,296545
358,2019-11-14,5550,60,5630,5790,5480,298678
357,2019-11-15,5570,20,5550,5680,5450,342821
356,2019-11-18,5600,30,5570,5670,5480,244736
355,2019-11-19,5370,230,5540,5640,5370,427544
354,2019-11-20,5160,210,5380,5380,5110,409656
350,2019-11-21,5040,120,5160,5340,4980,455989
349,2019-11-22,4860,180,4970,5130,4800,417432
348,2019-11-25,5080,220,4860,5090,4860,275059
347,2019-11-26,5140,60,5030,5230,5030,187797
346,2019-11-27,4990,150,5140,5170,4990,203715
343,2019-11-28,4925,65,4990,5070,4925,126386
342,2019-11-29,4735,190,5020,5020,4700,231006
341,2019-12-02,4750,15,4720,4800,4655,120638
340,2019-12-03,4745,5,4675,4780,4635,142142
339,2019-12-04,4655,90,4710,4835,4655,124301
335,2019-12-05,4530,125,4755,4755,4485,160923
334,2019-12-06,4610,80,4510,4665,4510,93453
333,2019-12-09,4615,5,4570,4725,4560,121781
332,2019-12-10,4530,85,4555,5010,4500,986335
331,2019-12-11,4430,100,4530,4600,4430,627241
328,2019-12-12,4415,15,4430,4465,4390,224838
327,2019-12-13,4765,350,4430,4795,4430,593981
326,2019-12-16,4800,35,4805,4805,4650,423057
325,2019-12-17,4800,0,5060,5440,4790,4838831
324,2019-12-18,4780,20,4820,4955,4750,626930
320,2019-12-19,4550,230,4785,4820,4530,444141
319,2019-12-20,4570,20,4550,4745,4500,376001
318,2019-12-23,4510,60,4535,4660,4510,203160
317,2019-12-24,4295,215,4490,4520,4295,242323
316,2019-12-26,4320,25,4295,4405,4245,321460
313,2019-12-27,4470,150,4320,4585,4305,755481
312,2019-12-30,4585,115,4450,4595,4445,157014
311,2020-01-02,4625,40,4700,4700,4570,172979
310,2020-01-03,4615,10,4625,4725,4540,137486
309,2020-01-06,4675,60,4615,4825,4605,466464
305,2020-01-07,4610,65,4680,4770,4605,482019
304,2020-01-08,4220,390,4610,4610,4200,420038
303,2020-01-09,4830,610,4330,5180,4295,8054639
302,2020-01-10,4665,165,4950,4975,4635,1996705
301,2020-01-13,4750,85,4710,4910,4635,1518645
298,2020-01-14,4725,25,4715,4835,4690,775013
297,2020-01-15,4810,85,4800,4945,4790,1002252
296,2020-01-16,4770,40,4860,4885,4685,396372
295,2020-01-17,4880,110,4815,5020,4735,1780813
294,2020-01-20,4820,60,4880,4975,4795,628129
290,2020-01-21,4840,20,4880,4950,4820,609887
289,2020-01-22,4865,25,4850,4935,4830,422651
288,2020-01-23,4575,290,4810,4825,4520,794657
287,2020-01-28,4285,290,4320,4450,4165,445585
286,2020-01-29,4405,120,4400,4695,4325,419287
283,2020-01-30,4205,200,4405,4440,4195,254601
282,2020-01-31,3985,220,4215,4360,3950,421475
281,2020-02-03,4070,85,3925,4095,3855,265981
280,2020-02-04,4280,210,4040,4485,4030,1009552
279,2020-02-05,4370,90,4370,4490,4300,601413
275,2020-02-06,4380,10,4375,4445,4365,168391
274,2020-02-07,4520,140,4400,4535,4380,343964
273,2020-02-10,4515,5,4480,4625,4440,244803
272,2020-02-11,4420,95,4495,4575,4420,200252
271,2020-02-12,4585,165,4460,4615,4365,326159
268,2020-02-13,4605,20,4625,4660,4515,349934
267,2020-02-14,4650,45,4645,4680,4535,283932
266,2020-02-17,4590,60,4640,4650,4555,136498
265,2020-02-18,4490,100,4560,4635,4470,192777
264,2020-02-19,4500,10,4470,4645,4325,401404
260,2020-02-20,4425,75,4500,4540,4300,203903
259,2020-02-21,4265,160,4335,4655,4265,489068
258,2020-02-24,4155,110,4075,4430,4060,455180
257,2020-02-25,4330,175,4160,4430,4160,344962
256,2020-02-26,4430,100,4215,4430,4215,168010
253,2020-02-27,4280,150,4430,4490,4190,250403
252,2020-02-28,4020,260,4200,4245,3960,302421
251,2020-03-02,4110,90,3980,4120,3970,190566
250,2020-03-03,4070,40,4220,4220,4070,151445
249,2020-03-04,4185,115,4050,4255,4050,217753
245,2020-03-05,4235,50,4260,4275,4200,77751
244,2020-03-06,4140,95,4225,4225,4000,109171
243,2020-03-09,3875,265,4110,4140,3800,241741
242,2020-03-10,3880,5,3800,3925,3640,155638
241,2020-03-11,3615,265,3840,3980,3510,215353
238,2020-03-12,3200,415,3530,3790,3200,345007
237,2020-03-13,2860,340,2975,3185,2520,647214
236,2020-03-16,2940,80,2850,3170,2800,529787
235,2020-03-17,3025,85,2625,3030,2620,393102
234,2020-03-18,2900,125,3030,3275,2900,384678
230,2020-03-19,2385,515,2920,3090,2270,407499
229,2020-03-20,2600,215,2500,2745,2465,370684
228,2020-03-23,2620,20,2500,2620,2455,148320
227,2020-03-24,2785,165,2795,2825,2660,194020
226,2020-03-25,2880,95,2960,2960,2750,234416
223,2020-03-26,2985,105,2955,3115,2810,324029
222,2020-03-27,2960,25,3085,3280,2800,302375
221,2020-03-30,3215,255,2900,3325,2900,667649
220,2020-03-31,3400,185,3445,3630,3250,618968
219,2020-04-01,3485,85,3500,3745,3295,430528
215,2020-04-02,3620,135,3500,3650,3465,277213
214,2020-04-03,3650,30,3660,3770,3535,229334
213,2020-04-06,3745,95,3715,3800,3665,160857
212,2020-04-07,3735,10,3950,3950,3680,212581
211,2020-04-08,3670,65,3740,3790,3640,209108
208,2020-04-09,4300,630,3705,4690,3705,7265746
207,2020-04-10,4085,215,4380,4400,3960,1750560
206,2020-04-13,3760,325,4085,4085,3755,675564
205,2020-04-14,3875,115,3760,3930,3760,357078
204,2020-04-16,3915,40,3885,4070,3860,451158
200,2020-04-17,4125,210,4060,4460,4015,3031821
199,2020-04-20,4140,15,4125,4170,3995,567198
198,2020-04-21,4010,130,4160,4185,3745,609835
197,2020-04-22,4000,10,3830,4040,3830,364261
196,2020-04-23,4270,270,4335,4945,4200,12577042
193,2020-04-24,4200,70,4170,4575,4115,3603925
192,2020-04-27,4450,250,4215,4460,4165,1547280
191,2020-04-28,4465,15,4480,4490,4245,1114912
190,2020-04-29,4355,110,4465,4480,4295,655605
189,2020-05-04,4320,35,4325,4445,4250,518711
185,2020-05-06,4415,95,4340,4430,4310,373280
184,2020-05-07,4440,25,4490,4540,4405,857444
183,2020-05-08,4445,5,4525,4535,4425,467521
182,2020-05-11,4920,475,4575,5170,4500,12492904
181,2020-05-12,4750,170,5030,5030,4640,2698061
178,2020-05-13,4790,40,4670,4820,4540,2197854
177,2020-05-14,4550,240,4705,4765,4540,1223710
176,2020-05-15,4425,125,4505,4600,4405,1023488
175,2020-05-18,4645,220,4515,4740,4490,2397376
174,2020-05-19,4515,130,4665,4665,4480,757891
170,2020-05-20,4560,45,4510,4630,4460,972995
169,2020-05-21,4750,190,4610,4890,4565,3401719
168,2020-05-22,4610,140,4775,4865,4590,1367750
167,2020-05-25,4750,140,4660,4900,4640,1591943
166,2020-05-26,4715,35,4775,4820,4700,795114
163,2020-05-27,4605,110,4725,4770,4600,578522
162,2020-05-28,4605,0,4610,4760,4250,1120865
161,2020-05-29,4530,75,4545,4660,4455,360455
160,2020-06-01,4550,20,4530,4635,4500,431892
159,2020-06-02,4755,205,4600,4780,4570,1520162
155,2020-06-03,4660,95,4760,4765,4635,617971
154,2020-06-04,4655,5,4645,4780,4640,567146
153,2020-06-05,4655,0,4675,4760,4615,391279
152,2020-06-08,4610,45,4695,4695,4575,322596
151,2020-06-09,4555,55,4605,4700,4520,574873
148,2020-06-10,4450,105,4600,4600,4450,327499
147,2020-06-11,4530,80,4460,4630,4410,447615
146,2020-06-12,4385,145,4110,4390,4000,471667
145,2020-06-15,4110,275,4355,4480,4020,633964
144,2020-06-16,4215,105,4270,4270,3990,371285
140,2020-06-17,4095,120,4170,4255,4080,260289
139,2020-06-18,4070,25,4095,4135,4035,152974
138,2020-06-19,4070,0,4080,4160,4050,114571
137,2020-06-22,4050,20,4020,4140,4015,117858
136,2020-06-23,4050,0,4050,4190,3990,269020
133,2020-06-24,4130,80,4060,4150,4055,229767
132,2020-06-25,4230,100,4240,4720,4070,4644569
131,2020-06-26,4330,100,4230,4380,4120,802991
130,2020-06-29,4130,200,4230,4280,4090,312768
129,2020-06-30,4150,20,4160,4290,4090,367487
125,2020-07-01,4080,70,4150,4200,4080,180512
124,2020-07-02,4135,55,4145,4200,4060,135663
123,2020-07-03,4285,150,4140,4285,4095,214278
122,2020-07-06,4270,15,4285,4325,4225,184630
121,2020-07-07,4300,30,4270,4365,4210,283004
118,2020-07-08,4300,0,4320,4330,4250,133374
117,2020-07-09,4460,160,4305,4485,4250,886453
116,2020-07-10,4360,100,4670,4670,4335,1130068
115,2020-07-13,4460,100,4375,4480,4305,377764
114,2020-07-14,4380,80,4430,4445,4335,270202
110,2020-07-15,4330,50,4405,4440,4325,254962
109,2020-07-16,4260,70,4310,4365,4260,162810
108,2020-07-17,4270,10,4280,4370,4250,213745
107,2020-07-20,4245,25,4235,4305,4180,175137
106,2020-07-21,4215,30,4300,4330,4205,150132
103,2020-07-22,4190,25,4180,4230,4160,133367
102,2020-07-23,4170,20,4190,4265,4160,195754
101,2020-07-24,4070,100,4170,4170,4050,273340
100,2020-07-27,4090,20,4050,4150,4005,143862
99,2020-07-28,4110,20,4135,4255,4065,338617
95,2020-07-29,4100,10,4140,4205,4070,191848
94,2020-07-30,4055,45,4060,4155,4030,169384
93,2020-07-31,4025,30,4055,4120,4015,128694
92,2020-08-03,4020,5,4020,4095,3995,140313
91,2020-08-04,4030,10,4010,4100,4010,166789
88,2020-08-05,4035,5,4030,4070,4010,83060
87,2020-08-06,3990,45,4035,4070,3985,283897
86,2020-08-07,3890,100,3985,4005,3870,314328
85,2020-08-10,3740,150,3855,3855,3700,410663
84,2020-08-11,3705,35,3670,3800,3655,255020
80,2020-08-12,3710,5,3700,3900,3685,392677
79,2020-08-13,3710,0,3725,3750,3640,123291
78,2020-08-14,3630,80,3720,3745,3625,183115
77,2020-08-18,3410,220,3680,3680,3410,228196
76,2020-08-19,3555,145,3350,3640,3350,160934
73,2020-08-20,3275,280,3555,3555,3200,340877
72,2020-08-21,3430,155,3350,3445,3215,215446
71,2020-08-24,3565,135,3435,3565,3360,187028
70,2020-08-25,3585,20,3530,3630,3510,112074
69,2020-08-26,3620,35,3600,3620,3500,248034
65,2020-08-27,3765,145,3620,3840,3565,490282
64,2020-08-28,3665,100,3765,3900,3575,351605
63,2020-08-31,3700,35,3730,3795,3685,205121
62,2020-09-01,3785,85,3715,3865,3715,338486
61,2020-09-02,3815,30,3995,4000,3770,472089
58,2020-09-03,3820,5,3820,3850,3775,158716
57,2020-09-04,3730,90,3610,3780,3605,208079
56,2020-09-07,3720,10,3745,3795,3675,155139
55,2020-09-08,3810,90,3695,3940,3680,642708
54,2020-09-09,3720,90,3730,3830,3685,220086
50,2020-09-10,3770,50,3790,3845,3710,149407
49,2020-09-11,3750,20,3775,3855,3700,245954
48,2020-09-14,3820,70,3790,3865,3725,292168
47,2020-09-15,3795,25,3825,3855,3790,132244
46,2020-09-16,3840,45,3815,3860,3790,169400
43,2020-09-17,3760,80,3865,3870,3760,163462
42,2020-09-18,3700,60,3735,3775,3660,222625
41,2020-09-21,3580,120,3660,3690,3560,238921
40,2020-09-22,4650,1070,4650,4650,4050,22840635
39,2020-09-23,6040,1390,4855,6040,4845,40852518
35,2020-09-24,5250,790,6270,7040,5100,29011159
34,2020-09-25,5840,590,5250,6770,4930,47832391
33,2020-09-28,5880,40,6190,6960,5700,20235586
32,2020-09-29,6400,520,5970,6870,5790,30333219
31,2020-10-05,7450,1050,6280,8110,6010,41347194
28,2020-10-06,7190,260,7230,7300,7110,2362781
27,2020-10-07,7420,230,7270,7470,7230,1753482
26,2020-10-08,7000,420,7320,7640,7000,2296773
25,2020-10-12,6910,90,7220,7710,6660,11200401
24,2020-10-13,6750,160,6890,7300,6640,6009063
20,2020-10-14,6770,20,6850,7300,6720,7411485
19,2020-10-15,6860,90,6850,7230,6740,4934912
18,2020-10-16,6510,350,6770,6920,6200,2777354
17,2020-10-19,6560,50,6400,6840,6390,2035132
16,2020-10-20,6320,240,6500,6630,6200,1030030
13,2020-10-21,6100,220,6320,6630,6100,1547069
12,2020-10-22,5940,160,6080,6210,5850,1252763
11,2020-10-23,5750,190,5970,6030,5680,812747
10,2020-10-26,5540,210,5830,5890,5540,1078378
9,2020-10-27,5630,90,5540,5750,5440,789285
5,2020-10-28,5540,90,5630,5800,5510,1082044
4,2020-10-29,5510,30,5390,5540,5370,659162
3,2020-10-30,5280,230,5530,5800,5280,1806014
2,2020-11-02,5430,150,5380,5520,5300,913984
1,2020-11-03,5640,210,5500,5710,5470,1027132
