,date,close,diff,open,high,low,volume
448,2019-08-16,13950,600,14400,14450,13850,115923
447,2019-08-19,14150,200,13900,14750,13900,91458
446,2019-08-20,14400,250,14250,14750,14250,92703
445,2019-08-21,14900,500,14350,15200,14100,143151
444,2019-08-22,14850,50,14850,15200,14800,89871
440,2019-08-23,14500,350,14500,14950,14450,138007
439,2019-08-26,13700,800,14200,14400,13650,154389
438,2019-08-27,13800,100,13800,14000,13750,49224
437,2019-08-28,14050,250,13800,14050,13700,123899
436,2019-08-29,13950,100,14050,14200,13800,35890
433,2019-08-30,14150,200,14150,14300,14050,88749
432,2019-09-02,14150,0,14250,14250,14050,33549
431,2019-09-03,14150,0,14200,14350,14100,90586
430,2019-09-04,14250,100,14250,14400,14100,67133
429,2019-09-05,14250,0,14300,14800,14150,170464
425,2019-09-06,14000,250,14250,14300,14000,80593
424,2019-09-09,14050,50,14000,14400,14000,139336
423,2019-09-10,14200,150,14100,14350,14050,136727
422,2019-09-11,15000,800,14350,15700,14300,500986
421,2019-09-16,15000,0,14650,15200,14600,207296
418,2019-09-17,15050,50,14800,15100,14650,142460
417,2019-09-18,15800,750,15100,16100,14950,295184
416,2019-09-19,15700,100,16050,16300,15700,170656
415,2019-09-20,15650,50,15550,15900,15350,106472
414,2019-09-23,15650,0,15650,15750,15450,88643
410,2019-09-24,15900,250,15500,15950,15500,101674
409,2019-09-25,15350,550,15900,15900,15300,86375
408,2019-09-26,15050,300,15450,15550,14950,68721
407,2019-09-27,15200,150,14900,15200,14750,70712
406,2019-09-30,15100,100,15150,15250,14800,45873
403,2019-10-01,15450,350,15100,15550,15000,51701
402,2019-10-02,15000,450,15400,15400,14950,60990
401,2019-10-04,14650,350,14800,14950,14450,55060
400,2019-10-07,14700,50,14500,14800,14450,40696
399,2019-10-08,14600,100,14500,14750,14300,98169
395,2019-10-10,14600,0,14500,14800,14500,37990
394,2019-10-11,14600,0,14500,14700,14450,68006
393,2019-10-14,15550,950,14650,15600,14600,260325
392,2019-10-15,15500,50,15600,15600,15300,53750
391,2019-10-16,15700,200,15600,15800,15450,127572
388,2019-10-17,16000,300,15700,16100,15500,98296
387,2019-10-18,15600,400,16000,16400,15500,168981
386,2019-10-21,15700,100,15800,15900,15500,47787
385,2019-10-22,15250,450,15700,15850,15150,74403
384,2019-10-23,15050,200,15400,15400,14950,89165
380,2019-10-24,15200,150,15300,15300,14650,72618
379,2019-10-25,14700,500,15050,15200,14650,96762
378,2019-10-28,14750,50,14800,14900,14550,15969
377,2019-10-29,14800,50,14900,15000,14750,46861
376,2019-10-30,14950,150,14800,15000,14700,31229
373,2019-10-31,15200,250,15000,15300,14800,67591
372,2019-11-01,15100,100,15250,15300,14950,27212
371,2019-11-04,15500,400,15150,15600,15000,81969
370,2019-11-05,15950,450,15400,16250,15400,300670
369,2019-11-06,15850,100,15950,16150,15700,75101
365,2019-11-07,15750,100,15850,15900,15550,86252
364,2019-11-08,15800,50,15650,16000,15500,89639
363,2019-11-11,15650,150,15800,15800,15250,40009
362,2019-11-12,15650,0,15800,15800,15250,63053
361,2019-11-13,15250,400,15700,15900,15200,89486
358,2019-11-14,15200,50,15350,15750,15100,67467
357,2019-11-15,15450,250,15200,15500,15200,78956
356,2019-11-18,15300,150,15450,15500,14900,135383
355,2019-11-19,15000,300,15300,15350,14950,64671
354,2019-11-20,14800,200,15000,15100,14700,76046
350,2019-11-21,14300,500,14700,14850,14300,131604
349,2019-11-22,14250,50,14300,14650,13950,133037
348,2019-11-25,14550,300,14750,14850,14300,138855
347,2019-11-26,14750,200,14600,14850,14500,81108
346,2019-11-27,14600,150,14800,14850,14450,75974
343,2019-11-28,14500,100,14450,14600,14300,102824
342,2019-11-29,14400,100,14600,14600,14250,100119
341,2019-12-02,14300,100,14450,14550,14150,93007
340,2019-12-03,14150,150,14200,14350,13950,130772
339,2019-12-04,14350,200,14000,14500,13950,79722
335,2019-12-05,14200,150,14200,14500,14150,62634
334,2019-12-06,14350,150,14350,14500,14200,94567
333,2019-12-09,14700,350,14300,14700,14300,86669
332,2019-12-10,14500,200,14800,14850,14350,107861
331,2019-12-11,14600,100,14550,14600,14350,63604
328,2019-12-12,14750,150,14800,14800,14600,83175
327,2019-12-13,14800,50,14800,15050,14650,112795
326,2019-12-16,14950,150,14800,15250,14800,106531
325,2019-12-17,15050,100,14950,15200,14850,64220
324,2019-12-18,15400,350,15050,15850,14950,227994
320,2019-12-19,15450,50,15550,15700,15350,115012
319,2019-12-20,15800,350,15500,15800,15450,124370
318,2019-12-23,16450,650,15850,19150,15600,1705828
317,2019-12-24,15600,850,16700,17300,15600,743956
316,2019-12-26,15300,300,15400,15700,15150,179369
313,2019-12-27,15250,50,15150,16350,15000,290185
312,2019-12-30,15300,50,15800,15850,15200,197080
311,2020-01-02,15300,0,15300,15450,15250,87503
310,2020-01-03,15250,50,15300,15600,15150,115490
309,2020-01-06,14800,450,15000,16450,14350,502051
305,2020-01-07,14950,150,15100,15200,14850,110839
304,2020-01-08,15200,250,14900,15700,14800,307166
303,2020-01-09,15850,650,15500,16100,15350,271117
302,2020-01-10,16200,350,15850,16300,15750,146927
301,2020-01-13,15950,250,16500,16950,15850,252101
298,2020-01-14,15700,250,15900,16050,15450,172454
297,2020-01-15,15700,0,15850,15950,15600,96367
296,2020-01-16,16000,300,15850,16150,15650,97936
295,2020-01-17,15950,50,16050,16100,15800,93371
294,2020-01-20,15800,150,16000,16150,15700,103942
290,2020-01-21,15450,350,15850,15850,15250,148911
289,2020-01-22,15400,50,15200,15600,15200,79358
288,2020-01-23,15200,200,15250,15400,15000,84050
287,2020-01-28,13800,1400,14300,14450,13800,488156
286,2020-01-29,14350,550,13850,14600,13850,184193
283,2020-01-30,14200,150,14350,14400,14050,89457
282,2020-01-31,14350,150,14150,14550,14100,105093
281,2020-02-03,14900,550,13900,14900,13850,173626
280,2020-02-04,15000,100,14600,15250,14600,108719
279,2020-02-05,14950,50,15350,15350,14650,75889
275,2020-02-06,15100,150,14950,15250,14800,79802
274,2020-02-07,15100,0,14950,15100,14850,64692
273,2020-02-10,14950,150,15050,15050,14500,118454
272,2020-02-11,14700,250,14900,14900,14550,91325
271,2020-02-12,14750,50,14600,14900,14550,102989
268,2020-02-13,14800,50,14850,14900,14600,73844
267,2020-02-14,14700,100,14650,14850,14550,59711
266,2020-02-17,14650,50,14550,14700,14500,65697
265,2020-02-18,14650,0,14600,14800,14450,79468
264,2020-02-19,14350,300,14550,14650,14250,100665
260,2020-02-20,14100,250,14150,14400,13950,125559
259,2020-02-21,13800,300,13900,13950,13750,147296
258,2020-02-24,12650,1150,13350,13450,12550,241599
257,2020-02-25,12800,150,12250,13000,12250,211532
256,2020-02-26,12800,0,12550,13550,12400,337248
253,2020-02-27,12750,50,12800,13250,12600,136337
252,2020-02-28,12150,600,12400,12450,12000,141991
251,2020-03-02,12200,50,12000,12900,11600,226652
250,2020-03-03,12250,50,12400,13350,12250,429817
249,2020-03-04,12850,600,12250,13050,12150,352246
245,2020-03-05,13500,650,13100,13750,13100,516878
244,2020-03-06,13000,500,13100,13200,12800,172312
243,2020-03-09,12550,450,12650,12850,12400,146929
242,2020-03-10,12300,250,12150,12750,12150,281820
241,2020-03-11,12100,200,12450,12500,12000,120206
238,2020-03-12,11000,1100,12000,12000,10950,217599
237,2020-03-13,10000,1000,9250,10400,9250,469178
236,2020-03-16,9730,270,10000,10600,9710,314786
235,2020-03-17,9160,570,9200,9650,9010,237172
234,2020-03-18,7690,1470,9230,9500,7690,471652
230,2020-03-19,5420,2270,7690,7890,5390,1489409
229,2020-03-20,5780,360,5390,6160,5010,1268460
228,2020-03-23,5550,230,5300,5820,5150,412890
227,2020-03-24,5820,270,5620,5850,5620,411650
226,2020-03-25,7560,1740,6400,7560,6280,874484
223,2020-03-26,9090,1530,8310,9790,8150,1893134
222,2020-03-27,9770,680,9610,10750,8910,1330742
221,2020-03-30,9670,100,9490,9740,8790,488208
220,2020-03-31,11100,1430,11750,12200,10800,1780038
219,2020-04-01,11000,100,11150,12400,10300,1425911
215,2020-04-02,10450,550,10000,10950,10000,439991
214,2020-04-03,10150,300,10300,10500,10000,328321
213,2020-04-06,10000,150,10000,10150,9620,515567
212,2020-04-07,10450,450,10500,11250,10150,735220
211,2020-04-08,10400,50,10450,10600,10000,354327
208,2020-04-09,10800,400,10700,11050,10450,500756
207,2020-04-10,10950,150,10950,11100,10650,418067
206,2020-04-13,10250,700,10800,10850,10250,283591
205,2020-04-14,10400,150,10250,10500,10200,139140
204,2020-04-16,10600,200,10600,10650,10150,173112
200,2020-04-17,11000,400,10700,11750,10550,1373455
199,2020-04-20,11100,100,11300,11650,11000,649731
198,2020-04-21,10700,400,10750,11000,10200,465453
197,2020-04-22,10650,50,10900,11300,10550,463764
196,2020-04-23,10750,100,10900,11000,10650,139273
193,2020-04-24,10450,300,10750,10800,10400,195646
192,2020-04-27,10450,0,10550,10650,10300,213412
191,2020-04-28,10650,200,10650,10750,10300,318006
190,2020-04-29,10850,200,10800,10850,10550,265308
189,2020-05-04,10450,400,10550,10600,10400,188411
185,2020-05-06,10200,250,10500,10600,10000,240633
184,2020-05-07,10350,150,10200,11050,10050,331958
183,2020-05-08,10400,50,10450,10500,10300,123865
182,2020-05-11,10100,300,10300,10400,10050,177428
181,2020-05-12,9980,120,10100,10150,9900,128559
178,2020-05-13,9800,180,9950,9980,9760,201531
177,2020-05-14,9210,590,9620,9720,9180,287915
176,2020-05-15,9270,60,9280,9400,9180,96061
175,2020-05-18,9660,390,9300,10100,9240,176409
174,2020-05-19,10600,940,11600,11600,10300,812475
170,2020-05-20,10500,100,10350,10600,10150,253396
169,2020-05-21,10500,0,10650,10700,10450,159514
168,2020-05-22,10250,250,10500,10550,10200,94555
167,2020-05-25,10200,50,10250,10250,10000,79504
166,2020-05-26,10750,550,10250,11050,10150,374521
163,2020-05-27,10850,100,11450,11500,10750,522290
162,2020-05-28,10600,250,11050,11050,10500,323516
161,2020-05-29,10700,100,10450,10700,10450,95564
160,2020-06-01,10750,50,10550,10750,10550,114575
159,2020-06-02,10700,50,10800,10800,10650,102507
155,2020-06-03,11900,1200,10800,13200,10700,4243210
154,2020-06-04,12200,300,12250,12900,12050,1206290
153,2020-06-05,12600,400,12800,13550,12550,1482488
152,2020-06-08,12600,0,13100,13100,12450,372632
151,2020-06-09,12350,250,12700,12900,12350,316786
148,2020-06-10,12000,350,12350,12350,11850,250089
147,2020-06-11,11750,250,11700,12100,11600,311011
146,2020-06-12,11300,450,10950,11350,10850,333991
145,2020-06-15,10450,850,11250,11250,10450,292757
144,2020-06-16,11000,550,10450,11200,10450,190024
140,2020-06-17,10800,200,10850,11050,10650,134385
139,2020-06-18,10650,150,10800,10850,10450,132151
138,2020-06-19,10650,0,10750,10900,10600,91536
137,2020-06-22,10500,150,10600,10700,10300,155218
136,2020-06-23,10300,200,10550,10700,10250,107735
133,2020-06-24,10300,0,10550,10550,10100,109153
132,2020-06-25,10100,200,10150,10150,10000,105616
131,2020-06-26,10400,300,10250,10450,10100,92220
130,2020-06-29,10100,300,10050,10250,10000,61368
129,2020-06-30,10300,200,10400,10500,10150,111188
125,2020-07-01,10250,50,10350,10550,10150,60489
124,2020-07-02,10300,50,10350,10450,10250,94063
123,2020-07-03,10350,50,10250,10400,10250,44433
122,2020-07-06,10150,200,10250,10350,10050,127346
121,2020-07-07,10100,50,10250,10250,10000,76338
118,2020-07-08,10050,50,10100,10150,10000,86942
117,2020-07-09,10000,50,10050,10100,10000,75033
116,2020-07-10,9850,150,9950,10000,9710,170951
115,2020-07-13,9970,120,9930,10050,9820,81274
114,2020-07-14,9940,30,9910,10000,9850,70753
110,2020-07-15,10150,210,10150,10150,10000,117591
109,2020-07-16,10500,350,10400,10850,10250,229147
108,2020-07-17,10350,150,10500,10500,10250,71323
107,2020-07-20,10150,200,10200,10300,9980,90432
106,2020-07-21,10500,350,10150,10850,10100,223962
103,2020-07-22,10350,150,10550,10550,10250,108941
102,2020-07-23,10150,200,10400,10550,10150,97474
101,2020-07-24,10100,50,10050,10150,10000,87666
100,2020-07-27,10050,50,10000,10150,10000,62232
99,2020-07-28,10150,100,10050,11750,9980,818526
95,2020-07-29,10150,0,10300,10300,10000,120399
94,2020-07-30,10050,100,10200,10200,10000,102553
93,2020-07-31,10000,50,10000,10150,10000,113933
92,2020-08-03,9990,10,10000,10050,9970,69430
91,2020-08-04,10000,10,10000,10100,9990,63970
88,2020-08-05,9980,20,10000,10100,9970,126239
87,2020-08-06,9660,320,9670,9790,9420,425369
86,2020-08-07,9720,60,9810,10000,9660,443387
85,2020-08-10,9650,70,9880,9990,9610,151588
84,2020-08-11,9690,40,9790,9790,9640,142050
80,2020-08-12,10050,360,9700,10100,9700,462368
79,2020-08-13,9950,100,10050,10150,9800,252414
78,2020-08-14,10050,100,10000,10050,9840,145757
77,2020-08-18,9420,630,9710,9900,9400,246633
76,2020-08-19,9470,50,9410,9550,9380,76199
73,2020-08-20,9020,450,9440,9450,8990,180392
72,2020-08-21,8990,30,9000,9180,8950,130593
71,2020-08-24,8860,130,8900,8900,8500,92905
70,2020-08-25,9080,220,8960,9120,8960,59672
69,2020-08-26,9110,30,9100,9120,8970,57695
65,2020-08-27,8910,200,9110,9120,8860,70372
64,2020-08-28,8880,30,8940,9090,8850,50716
63,2020-08-31,8930,50,8880,8960,8650,68285
62,2020-09-01,8870,60,8910,8910,8810,48700
61,2020-09-02,9020,150,8850,9100,8850,57413
58,2020-09-03,9120,100,9050,9120,8980,78281
57,2020-09-04,9070,50,9120,9180,9000,76732
56,2020-09-07,9100,30,9060,9140,8980,70662
55,2020-09-08,9390,290,9100,9500,9100,208570
54,2020-09-09,9370,20,9320,9540,9250,87442
50,2020-09-10,9860,490,9440,10000,9380,231025
49,2020-09-11,9860,0,9870,9980,9700,106617
48,2020-09-14,10050,190,9810,10150,9810,244828
47,2020-09-15,9730,690,9300,9950,9250,299068
46,2020-09-16,9570,160,9760,10050,9510,168566
43,2020-09-17,9530,40,9720,9730,9450,72201
42,2020-09-18,9500,30,9450,9600,9400,87614
41,2020-09-21,9350,150,9550,9600,9350,56938
40,2020-09-22,9210,140,9300,9300,9000,72064
39,2020-09-23,9100,110,9300,9300,9030,29894
35,2020-09-24,8900,200,9040,9040,8860,95165
34,2020-09-25,9180,280,8840,9210,8840,86422
33,2020-09-28,9240,60,9180,9340,9150,56716
32,2020-09-29,9300,60,9320,9420,9220,37558
31,2020-10-05,9360,60,9300,9400,9210,68081
28,2020-10-06,9310,50,9360,9430,9220,84042
27,2020-10-07,9210,100,9310,9310,9150,60934
26,2020-10-08,9020,190,9210,9230,8960,220293
25,2020-10-12,9190,170,9040,9250,8920,222735
24,2020-10-13,9060,130,9200,9200,8970,123353
20,2020-10-14,9000,60,9060,9100,8950,60295
19,2020-10-15,8940,60,9000,9020,8930,73723
18,2020-10-16,8940,0,8940,9000,8890,65012
17,2020-10-19,9100,160,9000,9100,8940,117680
16,2020-10-20,8910,190,9050,9130,8860,95534
13,2020-10-21,8990,80,9020,9140,8920,99796
12,2020-10-22,8890,100,9020,9070,8860,89388
11,2020-10-23,8880,10,8970,9040,8860,58643
10,2020-10-26,8740,140,8850,8850,8680,59448
9,2020-10-27,8590,150,8630,8660,8540,68772
5,2020-10-28,8650,60,8590,8650,8500,67693
4,2020-10-29,8510,140,8400,8560,8400,35893
3,2020-10-30,8380,130,8430,8520,8380,57836
2,2020-11-02,8580,200,8370,8680,8350,40428
1,2020-11-03,8790,210,8610,8820,8610,44860
