,date,close,diff,open,high,low,volume
448,2019-08-16,1160,30,1130,1190,1060,254909
447,2019-08-19,1245,85,1175,1250,1150,314412
446,2019-08-20,1325,80,1245,1330,1210,355145
445,2019-08-21,1315,10,1290,1345,1285,219911
444,2019-08-22,1255,60,1310,1310,1250,110746
440,2019-08-23,1180,75,1260,1260,1180,252135
439,2019-08-26,1110,70,1130,1175,1095,147811
438,2019-08-27,1090,20,1110,1140,1080,160260
437,2019-08-28,1090,0,1090,1115,1070,94686
436,2019-08-29,1070,20,1090,1105,1070,52791
433,2019-08-30,1090,20,1075,1115,1075,45002
432,2019-09-02,1110,20,1080,1120,1080,53661
431,2019-09-03,1145,35,1130,1165,1105,79762
430,2019-09-04,1175,30,1145,1195,1140,96813
429,2019-09-05,1185,10,1180,1195,1160,73471
425,2019-09-06,1210,25,1185,1210,1170,99069
424,2019-09-09,1200,10,1205,1230,1185,137901
423,2019-09-10,1180,20,1195,1210,1160,152684
422,2019-09-11,1175,5,1190,1190,1160,81374
421,2019-09-16,1185,10,1170,1185,1170,49047
418,2019-09-17,1205,20,1185,1205,1175,57061
417,2019-09-18,1230,25,1210,1330,1205,1021573
416,2019-09-19,1220,10,1250,1250,1205,231086
415,2019-09-20,1210,10,1215,1235,1205,123757
414,2019-09-23,1200,10,1210,1225,1190,68010
410,2019-09-24,1185,15,1200,1205,1145,206830
409,2019-09-25,1130,55,1180,1185,1130,247191
408,2019-09-26,1140,10,1145,1145,1105,103870
407,2019-09-27,1125,15,1125,1135,1120,26430
406,2019-09-30,1110,15,1115,1135,1105,22656
403,2019-10-01,1100,10,1110,1125,1080,153389
402,2019-10-02,1070,30,1090,1095,1050,171946
401,2019-10-04,1055,15,1065,1075,1035,69182
400,2019-10-07,1025,30,1060,1060,1025,45273
399,2019-10-08,1020,5,1020,1030,1000,131928
395,2019-10-10,1015,5,1015,1015,1005,23717
394,2019-10-11,1020,5,1010,1050,1010,66392
393,2019-10-14,1040,20,1035,1045,1020,22994
392,2019-10-15,1040,0,1030,1045,1015,102352
391,2019-10-16,1060,20,1050,1105,1040,213403
388,2019-10-17,1040,20,1055,1060,1025,96038
387,2019-10-18,1025,15,1040,1040,1015,163536
386,2019-10-21,998,27,1025,1030,995,292115
385,2019-10-22,1010,12,999,1015,999,80954
384,2019-10-23,1000,10,1010,1015,990,159147
380,2019-10-24,984,16,1000,1010,974,207514
379,2019-10-25,976,8,984,996,963,114121
378,2019-10-28,975,1,976,1070,964,507801
377,2019-10-29,970,5,975,984,967,119331
376,2019-10-30,971,1,970,975,963,65099
373,2019-10-31,966,5,966,980,962,84194
372,2019-11-01,962,4,962,971,952,85360
371,2019-11-04,963,1,965,978,959,102995
370,2019-11-05,1005,42,970,1010,963,254247
369,2019-11-06,988,17,1005,1010,986,118291
365,2019-11-07,1005,17,988,1035,984,171997
364,2019-11-08,1000,5,1010,1015,995,80092
363,2019-11-11,1010,10,996,1015,988,148884
362,2019-11-12,998,12,1010,1015,995,82612
361,2019-11-13,1025,27,999,1030,998,218304
358,2019-11-14,1055,30,1025,1090,1020,774892
357,2019-11-15,1290,235,1055,1365,1050,16557433
356,2019-11-18,1260,30,1265,1305,1250,2200201
355,2019-11-19,1290,30,1280,1400,1225,6225370
354,2019-11-20,1225,65,1340,1345,1225,1787063
350,2019-11-21,1210,15,1215,1240,1165,607760
349,2019-11-22,1195,15,1220,1245,1175,531523
348,2019-11-25,1225,30,1175,1230,1175,236899
347,2019-11-26,1275,50,1225,1285,1200,463528
346,2019-11-27,1275,0,1275,1285,1260,214185
343,2019-11-28,1265,10,1280,1280,1250,264958
342,2019-11-29,1220,45,1260,1265,1180,247555
341,2019-12-02,1280,60,1205,1280,1205,322125
340,2019-12-03,1270,10,1275,1285,1245,122876
339,2019-12-04,1220,50,1270,1270,1215,204290
335,2019-12-05,1315,95,1240,1340,1235,511955
334,2019-12-06,1290,25,1290,1360,1280,629175
333,2019-12-09,1245,45,1285,1320,1245,301569
332,2019-12-10,1310,65,1250,1310,1230,332858
331,2019-12-11,1270,40,1315,1335,1250,552447
328,2019-12-12,1280,10,1270,1305,1270,270319
327,2019-12-13,1300,20,1275,1300,1275,219696
326,2019-12-16,1305,5,1295,1335,1290,226045
325,2019-12-17,1300,5,1320,1335,1295,319336
324,2019-12-18,1280,20,1300,1310,1240,310013
320,2019-12-19,1280,0,1290,1305,1280,131145
319,2019-12-20,1295,15,1275,1310,1265,175003
318,2019-12-23,1300,5,1295,1310,1285,86382
317,2019-12-24,1275,25,1300,1305,1270,242521
316,2019-12-26,1275,0,1265,1310,1265,171169
313,2019-12-27,1370,95,1295,1445,1275,1841008
312,2019-12-30,1405,35,1360,1425,1355,641496
311,2020-01-02,1400,5,1410,1415,1395,300011
310,2020-01-03,1430,30,1400,1470,1390,444954
309,2020-01-06,1455,25,1430,1455,1390,379544
305,2020-01-07,1635,180,1455,1750,1430,6645238
304,2020-01-08,1550,85,1620,1645,1540,1189848
303,2020-01-09,1585,35,1600,1650,1585,754479
302,2020-01-10,1580,5,1635,1645,1560,297634
301,2020-01-13,1645,65,1565,1655,1560,343209
298,2020-01-14,1595,50,1630,1665,1560,449693
297,2020-01-15,1600,5,1595,1635,1560,177260
296,2020-01-16,1595,5,1605,1630,1505,324455
295,2020-01-17,1660,65,1600,1705,1595,1076427
294,2020-01-20,1585,75,1690,1705,1560,467467
290,2020-01-21,1595,10,1585,1630,1565,157355
289,2020-01-22,1575,20,1595,1610,1570,59222
288,2020-01-23,1530,45,1560,1595,1530,146439
287,2020-01-28,1480,50,1510,1510,1445,177469
286,2020-01-29,1500,20,1480,1500,1460,93230
283,2020-01-30,1450,50,1480,1505,1430,125856
282,2020-01-31,1455,5,1435,1550,1435,126621
281,2020-02-03,1480,25,1455,1500,1430,73272
280,2020-02-04,1470,10,1480,1500,1460,47094
279,2020-02-05,1470,0,1470,1510,1470,141360
275,2020-02-06,1505,35,1500,1530,1450,301576
274,2020-02-07,1520,15,1515,1530,1485,183406
273,2020-02-10,1530,10,1540,1550,1480,69202
272,2020-02-11,1525,5,1530,1530,1495,157158
271,2020-02-12,1525,0,1525,1525,1490,165676
268,2020-02-13,1535,10,1525,1575,1520,286459
267,2020-02-14,1585,50,1560,1590,1525,210727
266,2020-02-17,1630,45,1585,1635,1570,264713
265,2020-02-18,1625,5,1645,1650,1590,83069
264,2020-02-19,1620,5,1600,1645,1575,272349
260,2020-02-20,1620,0,1590,1625,1575,81713
259,2020-02-21,1615,5,1620,1645,1575,162555
258,2020-02-24,1560,55,1585,1595,1540,212970
257,2020-02-25,1560,0,1545,1575,1510,98488
256,2020-02-26,1510,50,1560,1560,1500,146099
253,2020-02-27,1405,105,1500,1550,1370,289375
252,2020-02-28,1290,115,1360,1380,1240,291535
251,2020-03-02,1360,70,1255,1395,1240,279265
250,2020-03-03,1300,60,1360,1385,1275,409283
249,2020-03-04,1335,35,1305,1345,1290,248236
245,2020-03-05,1355,20,1380,1380,1325,127360
244,2020-03-06,1320,35,1335,1340,1285,269196
243,2020-03-09,1255,65,1280,1305,1230,127255
242,2020-03-10,1280,25,1270,1285,1190,351992
241,2020-03-11,1185,95,1295,1295,1165,183026
238,2020-03-12,1100,85,1190,1190,1050,362496
237,2020-03-13,1105,5,1055,1115,973,394345
236,2020-03-16,1100,5,1130,1155,1010,255074
235,2020-03-17,1055,45,1045,1095,998,368806
234,2020-03-18,1035,20,1070,1120,1025,247541
230,2020-03-19,984,51,1040,1050,938,477802
229,2020-03-20,1005,21,980,1065,980,371843
228,2020-03-23,982,23,980,1010,955,321326
227,2020-03-24,1020,38,984,1030,968,308549
226,2020-03-25,1050,30,1030,1090,1005,510155
223,2020-03-26,1080,30,1065,1105,1040,336713
222,2020-03-27,1050,30,1095,1120,1035,252325
221,2020-03-30,1040,10,1025,1055,995,327012
220,2020-03-31,1090,50,1045,1090,1045,240849
219,2020-04-01,1130,40,1095,1175,1080,500515
215,2020-04-02,1120,10,1135,1135,1085,89525
214,2020-04-03,1105,15,1120,1130,1085,119877
213,2020-04-06,1130,25,1095,1130,1095,124160
212,2020-04-07,1175,45,1130,1180,1125,321602
211,2020-04-08,1220,45,1185,1225,1155,322257
208,2020-04-09,1250,30,1245,1265,1205,159399
207,2020-04-10,1245,5,1240,1260,1175,163795
206,2020-04-13,1215,30,1250,1250,1200,88988
205,2020-04-14,1220,5,1215,1265,1205,129720
204,2020-04-16,1255,35,1265,1265,1200,83035
200,2020-04-17,1280,25,1290,1310,1260,266124
199,2020-04-20,1315,35,1325,1325,1265,268334
198,2020-04-21,1285,30,1315,1315,1225,112896
197,2020-04-22,1280,5,1285,1285,1225,115535
196,2020-04-23,1240,40,1255,1295,1220,379163
193,2020-04-24,1240,0,1230,1245,1200,137226
192,2020-04-27,1255,15,1240,1260,1225,97806
191,2020-04-28,1270,15,1285,1285,1230,71072
190,2020-04-29,1305,35,1270,1340,1250,425527
189,2020-05-04,1295,10,1305,1305,1220,172551
185,2020-05-06,1295,0,1280,1315,1280,86273
184,2020-05-07,1320,25,1290,1335,1275,226771
183,2020-05-08,1330,10,1340,1350,1310,136483
182,2020-05-11,1350,20,1330,1350,1285,111155
181,2020-05-12,1350,0,1350,1370,1305,85286
178,2020-05-13,1340,10,1345,1345,1305,61185
177,2020-05-14,1345,5,1335,1360,1320,34571
176,2020-05-15,1350,5,1340,1370,1320,66374
175,2020-05-18,1315,35,1355,1355,1275,197760
174,2020-05-19,1280,35,1315,1315,1245,434438
170,2020-05-20,1285,5,1275,1295,1250,199433
169,2020-05-21,1290,5,1290,1325,1255,128581
168,2020-05-22,1295,5,1290,1305,1270,77534
167,2020-05-25,1335,40,1270,1335,1270,142618
166,2020-05-26,1335,0,1335,1360,1285,229251
163,2020-05-27,1315,20,1335,1340,1290,197166
162,2020-05-28,1280,35,1305,1315,1245,278718
161,2020-05-29,1290,10,1280,1290,1245,269684
160,2020-06-01,1300,10,1290,1310,1250,227565
159,2020-06-02,1295,5,1310,1310,1265,188365
155,2020-06-03,1275,20,1295,1300,1260,608713
154,2020-06-04,1440,165,1275,1495,1270,1910123
153,2020-06-05,1485,45,1425,1485,1390,435656
152,2020-06-08,1450,35,1485,1500,1420,468773
151,2020-06-09,1460,10,1450,1480,1435,284130
148,2020-06-10,1405,55,1435,1455,1380,472579
147,2020-06-11,1415,10,1385,1415,1380,434823
146,2020-06-12,1430,15,1340,1480,1335,583005
145,2020-06-15,1395,35,1475,1475,1360,344762
144,2020-06-16,1470,75,1400,1475,1400,216978
140,2020-06-17,1485,15,1475,1490,1450,230948
139,2020-06-18,1480,5,1485,1500,1440,97044
138,2020-06-19,1470,10,1480,1485,1420,147310
137,2020-06-22,1420,50,1470,1470,1390,429442
136,2020-06-23,1400,20,1405,1435,1375,303799
133,2020-06-24,1360,40,1400,1410,1360,284657
132,2020-06-25,1365,5,1350,1370,1345,65459
131,2020-06-26,1335,30,1370,1395,1300,314378
130,2020-06-29,1305,30,1310,1315,1240,259994
129,2020-06-30,1280,25,1315,1340,1255,336069
125,2020-07-01,1295,15,1285,1300,1265,66797
124,2020-07-02,1315,20,1290,1315,1280,34556
123,2020-07-03,1330,15,1325,1335,1310,50991
122,2020-07-06,1350,20,1370,1370,1330,75713
121,2020-07-07,1320,30,1355,1355,1295,113042
118,2020-07-08,1325,5,1315,1335,1285,41226
117,2020-07-09,1380,55,1320,1385,1315,175660
116,2020-07-10,1380,0,1390,1395,1330,55448
115,2020-07-13,1370,10,1400,1400,1350,21982
114,2020-07-14,1325,45,1370,1375,1325,41845
110,2020-07-15,1355,30,1325,1390,1325,47041
109,2020-07-16,1325,30,1355,1365,1320,95108
108,2020-07-17,1330,5,1325,1335,1310,30153
107,2020-07-20,1315,15,1315,1330,1315,28860
106,2020-07-21,1370,55,1325,1370,1305,111198
103,2020-07-22,1370,0,1370,1405,1350,161712
102,2020-07-23,1365,5,1370,1370,1330,59296
101,2020-07-24,1360,5,1365,1375,1300,172602
100,2020-07-27,1345,15,1355,1355,1325,39562
99,2020-07-28,1325,20,1345,1355,1310,105924
95,2020-07-29,1330,5,1320,1335,1305,49355
94,2020-07-30,1385,55,1330,1425,1315,321779
93,2020-07-31,1380,5,1380,1385,1335,131380
92,2020-08-03,1375,5,1360,1380,1345,98128
91,2020-08-04,1355,20,1375,1390,1350,156803
88,2020-08-05,1360,5,1365,1365,1320,349624
87,2020-08-06,1370,10,1350,1380,1335,127379
86,2020-08-07,1350,20,1365,1365,1320,331417
85,2020-08-10,1350,0,1350,1355,1330,182229
84,2020-08-11,1350,0,1335,1355,1335,147225
80,2020-08-12,1355,5,1350,1355,1340,116012
79,2020-08-13,1405,50,1355,1410,1355,275386
78,2020-08-14,1385,20,1405,1410,1370,182717
77,2020-08-18,1415,30,1385,1415,1375,347648
76,2020-08-19,1425,10,1405,1435,1385,647404
73,2020-08-20,1300,125,1410,1500,1285,1281469
72,2020-08-21,1315,15,1315,1330,1295,229360
71,2020-08-24,1275,40,1320,1330,1260,372348
70,2020-08-25,1285,10,1280,1290,1270,231667
69,2020-08-26,1295,10,1290,1295,1270,149986
65,2020-08-27,1285,10,1295,1295,1270,182137
64,2020-08-28,1285,0,1290,1290,1260,129344
63,2020-08-31,1280,5,1280,1290,1265,142690
62,2020-09-01,1280,0,1280,1285,1255,141228
61,2020-09-02,1270,10,1275,1280,1250,109655
58,2020-09-03,1275,5,1270,1280,1260,114914
57,2020-09-04,1275,0,1255,1285,1205,628593
56,2020-09-07,1260,15,1275,1280,1220,186781
55,2020-09-08,1275,15,1250,1285,1250,296112
54,2020-09-09,1250,25,1255,1265,1235,211808
50,2020-09-10,1250,0,1255,1260,1235,153673
49,2020-09-11,1235,15,1235,1245,1225,119271
48,2020-09-14,1240,5,1235,1250,1235,239722
47,2020-09-15,1250,10,1245,1255,1235,158460
46,2020-09-16,1260,10,1250,1265,1235,151688
43,2020-09-17,1245,15,1255,1280,1235,172209
42,2020-09-18,1215,30,1245,1245,1205,253446
41,2020-09-21,1210,5,1215,1220,1195,124838
40,2020-09-22,1200,10,1210,1215,1180,141342
39,2020-09-23,1195,5,1205,1205,1170,104675
35,2020-09-24,1185,10,1175,1190,1135,157289
34,2020-09-25,1220,35,1195,1245,1170,153254
33,2020-09-28,1225,5,1230,1235,1210,115258
32,2020-09-29,1260,35,1230,1260,1205,141810
31,2020-10-05,1245,15,1250,1265,1230,163555
28,2020-10-06,1250,5,1240,1255,1240,45634
27,2020-10-07,1265,15,1250,1265,1230,136443
26,2020-10-08,1255,10,1265,1265,1240,104489
25,2020-10-12,1255,0,1260,1270,1245,130739
24,2020-10-13,1370,115,1260,1480,1240,1955691
20,2020-10-14,1415,45,1380,1445,1350,710951
19,2020-10-15,1430,15,1400,1430,1375,675941
18,2020-10-16,1400,30,1420,1435,1385,378874
17,2020-10-19,1370,30,1395,1425,1355,324000
16,2020-10-20,1370,0,1365,1385,1335,211746
13,2020-10-21,1390,20,1370,1395,1335,297709
12,2020-10-22,1370,20,1390,1390,1350,154409
11,2020-10-23,1370,0,1370,1380,1335,112104
10,2020-10-26,1340,30,1370,1375,1325,79177
9,2020-10-27,1300,40,1340,1340,1270,154323
5,2020-10-28,1280,20,1260,1295,1250,422022
4,2020-10-29,1280,0,1265,1280,1255,295330
3,2020-10-30,1300,20,1280,1345,1280,396515
2,2020-11-02,1305,5,1300,1305,1280,96207
1,2020-11-03,1305,0,1300,1355,1280,789637
