,date,close,diff,open,high,low,volume
448,2019-08-16,5710,200,5910,5910,5700,42367
447,2019-08-19,5770,60,5880,5880,5720,32554
446,2019-08-20,5740,30,5830,5850,5730,35632
445,2019-08-21,5990,250,5840,6040,5710,67041
444,2019-08-22,5990,0,6070,6070,5920,41770
440,2019-08-23,5920,70,5910,5920,5820,54824
439,2019-08-26,5700,220,5920,5920,5680,47352
438,2019-08-27,5730,30,5800,5810,5710,25579
437,2019-08-28,5780,50,5770,5790,5700,312259
436,2019-08-29,5780,0,5800,5840,5750,24206
433,2019-08-30,5840,60,5830,5950,5800,68497
432,2019-09-02,5840,0,5940,5940,5830,37298
431,2019-09-03,5870,30,5850,5990,5820,149818
430,2019-09-04,5940,70,5870,5940,5830,21637
429,2019-09-05,6020,80,6010,6040,5940,34403
425,2019-09-06,6250,230,6050,6260,6030,93219
424,2019-09-09,6120,130,6160,6290,6090,47499
423,2019-09-10,6250,130,6050,6280,6050,29202
422,2019-09-11,6320,70,6270,6360,6160,34631
421,2019-09-16,6390,70,6300,6440,6260,75509
418,2019-09-17,6310,80,6370,6370,6050,31605
417,2019-09-18,6300,10,6340,6370,6300,18568
416,2019-09-19,6280,20,6410,6410,6280,18200
415,2019-09-20,6210,70,6390,6390,6200,27697
414,2019-09-23,6230,20,6210,6310,6140,28506
410,2019-09-24,6240,10,6290,6300,6230,21387
409,2019-09-25,6180,60,6240,6290,6170,26747
408,2019-09-26,6140,40,6250,6300,6110,26440
407,2019-09-27,6140,0,6220,6220,5950,24499
406,2019-09-30,6120,20,6140,6140,6040,20266
403,2019-10-01,6100,20,6140,6190,6000,36775
402,2019-10-02,5940,160,6050,6090,5900,45187
401,2019-10-04,5900,40,5940,6000,5880,22880
400,2019-10-07,5850,50,5900,5980,5800,41424
399,2019-10-08,5850,0,5850,5920,5780,37206
395,2019-10-10,5810,40,5850,5870,5790,23937
394,2019-10-11,5820,10,5820,5890,5770,37435
393,2019-10-14,6080,260,5880,6100,5850,95164
392,2019-10-15,6010,70,6120,6120,5960,58685
391,2019-10-16,5990,20,6010,6060,5940,37330
388,2019-10-17,6000,10,6040,6050,5970,18408
387,2019-10-18,6030,30,6060,6060,5990,17565
386,2019-10-21,6150,120,6030,6150,5980,38303
385,2019-10-22,6140,10,6150,6180,6070,37437
384,2019-10-23,6110,30,6160,6160,6070,30727
380,2019-10-24,6050,60,6110,6110,5980,33829
379,2019-10-25,5970,80,6050,6120,5950,32407
378,2019-10-28,5980,10,6010,6110,5960,70110
377,2019-10-29,6190,210,7000,7340,6100,1386589
376,2019-10-30,6120,70,6190,6230,6050,186177
373,2019-10-31,6110,10,6160,6160,6050,116231
372,2019-11-01,6150,40,6070,6150,6050,83659
371,2019-11-04,6400,250,6350,6450,6210,304882
370,2019-11-05,6340,60,6420,6430,6270,117252
369,2019-11-06,6340,0,6350,6430,6300,57374
365,2019-11-07,6330,10,6370,6390,6310,63269
364,2019-11-08,6350,20,6380,6390,6300,50566
363,2019-11-11,6300,50,6330,6370,6230,26705
362,2019-11-12,6280,20,6310,6310,6150,42877
361,2019-11-13,6260,20,6300,6320,6200,33470
358,2019-11-14,6290,30,6270,6310,6190,45619
357,2019-11-15,6300,10,6300,6350,6270,54759
356,2019-11-18,6490,190,6320,6490,6320,91073
355,2019-11-19,6590,100,6400,6610,6350,94233
354,2019-11-20,6470,120,6600,6600,6200,135696
350,2019-11-21,6280,190,6500,6500,6240,74187
349,2019-11-22,6310,30,6280,6390,6250,45841
348,2019-11-25,6390,80,6450,6480,6310,55434
347,2019-11-26,6460,70,6390,6460,6350,41851
346,2019-11-27,6400,60,6470,6950,6370,319413
343,2019-11-28,6440,40,6380,6530,6300,60883
342,2019-11-29,6600,160,6450,6670,6440,155623
341,2019-12-02,6590,10,6570,6670,6520,64212
340,2019-12-03,6630,40,6590,6630,6440,43948
339,2019-12-04,6480,150,6630,6670,6430,41635
335,2019-12-05,6580,100,6490,6590,6460,63528
334,2019-12-06,6560,20,6580,6820,6560,116311
333,2019-12-09,6450,110,6550,6600,6450,47611
332,2019-12-10,6370,80,6440,6470,6320,37117
331,2019-12-11,6380,10,6380,6400,6310,26663
328,2019-12-12,6390,10,6380,6450,6370,15100
327,2019-12-13,6450,60,6390,6520,6390,49261
326,2019-12-16,6510,60,6510,6570,6500,30184
325,2019-12-17,6560,50,6520,6630,6520,41438
324,2019-12-18,6560,0,6560,6630,6530,29068
320,2019-12-19,6590,30,6570,6620,6550,23156
319,2019-12-20,6660,70,6590,6680,6560,42258
318,2019-12-23,6690,30,6680,6760,6620,68485
317,2019-12-24,6610,80,6690,6720,6610,38649
316,2019-12-26,6780,170,6620,6780,6620,62191
313,2019-12-27,6730,50,6700,6780,6660,42366
312,2019-12-30,6700,30,6750,6790,6660,21492
311,2020-01-02,6650,50,6720,6770,6600,74826
310,2020-01-03,6660,10,6650,6730,6600,38856
309,2020-01-06,6390,270,6620,6630,6390,86215
305,2020-01-07,6400,10,6330,6490,6320,64395
304,2020-01-08,6170,230,6320,6400,6120,94607
303,2020-01-09,6340,170,6350,6460,6230,70672
302,2020-01-10,6400,60,6470,6470,6350,41820
301,2020-01-13,6710,310,6480,6770,6410,167193
298,2020-01-14,6700,10,6780,6880,6700,137067
297,2020-01-15,6760,60,6780,6800,6640,40935
296,2020-01-16,6760,0,6760,6830,6680,45934
295,2020-01-17,6700,60,6830,6840,6680,58049
294,2020-01-20,6490,210,6690,6740,6490,51443
290,2020-01-21,6350,140,6490,6490,6310,50573
289,2020-01-22,6340,10,6350,6350,6230,63274
288,2020-01-23,6210,130,6270,6280,6190,58519
287,2020-01-28,5770,440,5640,5890,5640,343168
286,2020-01-29,6000,230,5780,6010,5760,146772
283,2020-01-30,5830,170,5980,5980,5780,88749
282,2020-01-31,5700,130,5830,5960,5700,80750
281,2020-02-03,5730,30,5610,5850,5400,114080
280,2020-02-04,5940,210,5710,5960,5710,80873
279,2020-02-05,5890,50,5950,6040,5810,41703
275,2020-02-06,6020,130,5890,6020,5870,48451
274,2020-02-07,5930,90,6000,6000,5860,56463
273,2020-02-10,5910,20,5890,5920,5830,25814
272,2020-02-11,5950,40,5880,5970,5880,52479
271,2020-02-12,5990,40,5950,6010,5900,75882
268,2020-02-13,6250,260,6030,6250,6000,159171
267,2020-02-14,6260,10,6250,6280,6180,62815
266,2020-02-17,6260,0,6260,6350,6170,68008
265,2020-02-18,6080,180,6260,6280,6070,38130
264,2020-02-19,6030,50,6080,6230,6000,38831
260,2020-02-20,5870,160,5980,6040,5790,104933
259,2020-02-21,5770,100,5840,5850,5730,52477
258,2020-02-24,5500,270,5500,5670,5490,81274
257,2020-02-25,5640,140,5500,5740,5490,53724
256,2020-02-26,5630,10,5640,5720,5520,36938
253,2020-02-27,5460,170,5620,5630,5430,71717
252,2020-02-28,5210,250,5300,5330,5200,151921
251,2020-03-02,5190,20,5400,5400,5140,55328
250,2020-03-03,5210,20,5370,5370,5200,36343
249,2020-03-04,5350,140,5210,5350,5110,57684
245,2020-03-05,5530,180,5360,5570,5360,72985
244,2020-03-06,5350,180,5520,5520,5310,45899
243,2020-03-09,5060,290,5310,5310,4990,137188
242,2020-03-10,5130,70,4875,5200,4850,57108
241,2020-03-11,4935,195,5130,5190,4905,49598
238,2020-03-12,4675,260,4740,4845,4600,81735
237,2020-03-13,4300,375,4150,4390,3950,132012
236,2020-03-16,4300,0,4250,4435,4050,96968
235,2020-03-17,4300,0,3810,4300,3810,32612
234,2020-03-18,4100,200,4300,4410,4100,41456
230,2020-03-19,3600,500,4100,4290,3065,190219
229,2020-03-20,3700,100,3575,3755,3300,608333
228,2020-03-23,3140,560,3560,3565,3105,269404
227,2020-03-24,3300,160,3250,3345,3110,91182
226,2020-03-25,3510,210,3475,3550,3345,228207
223,2020-03-26,3860,350,3510,4190,3475,266157
222,2020-03-27,3900,40,3950,4140,3775,103647
221,2020-03-30,3860,40,3815,3900,3700,51950
220,2020-03-31,3875,15,3950,3980,3865,66637
219,2020-04-01,4050,175,3875,4165,3850,144353
215,2020-04-02,3945,105,4050,4050,3790,105807
214,2020-04-03,4040,95,3935,4065,3905,61883
213,2020-04-06,4130,90,3945,4170,3945,96455
212,2020-04-07,4465,335,4340,4555,4250,143701
211,2020-04-08,4665,200,4615,4745,4375,110475
208,2020-04-09,4820,155,4795,4860,4695,150251
207,2020-04-10,4790,30,4825,4875,4655,143740
206,2020-04-13,4600,190,4790,4850,4470,108573
205,2020-04-14,4800,200,4600,4875,4600,169845
204,2020-04-16,4710,90,4870,4880,4640,57444
200,2020-04-17,4935,225,4820,4980,4800,128659
199,2020-04-20,5130,195,5100,5430,5000,199557
198,2020-04-21,5280,150,5200,5360,4905,243461
197,2020-04-22,5320,40,5240,5330,5110,132198
196,2020-04-23,5560,240,5370,5700,5200,562404
193,2020-04-24,5440,120,5560,5560,5400,111223
192,2020-04-27,5450,10,5520,5550,5390,145711
191,2020-04-28,5870,420,5450,6480,5300,3871832
190,2020-04-29,5720,150,5870,5920,5600,549435
189,2020-05-04,5720,0,5630,5780,5570,296530
185,2020-05-06,5660,60,5790,5790,5610,167757
184,2020-05-07,5590,70,5650,5650,5530,135249
183,2020-05-08,5640,50,5620,5760,5570,125219
182,2020-05-11,5300,340,5640,5640,5140,359494
181,2020-05-12,5160,140,5260,5290,5010,294302
178,2020-05-13,5130,30,5150,5150,4965,134034
177,2020-05-14,4960,170,5160,5160,4910,135835
176,2020-05-15,5050,90,4970,5100,4945,77979
175,2020-05-18,5310,260,5050,5540,5050,509131
174,2020-05-19,5500,190,5910,5920,5440,561561
170,2020-05-20,5450,50,5510,5510,5320,130946
169,2020-05-21,5590,140,5500,5860,5410,380497
168,2020-05-22,5480,110,5590,5780,5440,244753
167,2020-05-25,5590,110,5410,5640,5410,146656
166,2020-05-26,5590,0,5590,5700,5520,134862
163,2020-05-27,5610,20,5780,5780,5590,218111
162,2020-05-28,5420,190,5640,5690,5360,194885
161,2020-05-29,5550,130,5410,5550,5320,81231
160,2020-06-01,5750,200,5550,6300,5520,1055797
159,2020-06-02,5700,50,5720,5750,5660,178502
155,2020-06-03,5700,0,5710,5760,5650,189106
154,2020-06-04,5720,20,5800,5840,5670,167891
153,2020-06-05,5840,120,5720,6290,5720,1112205
152,2020-06-08,5760,80,5890,5930,5740,226763
151,2020-06-09,5730,30,5870,5870,5660,154036
148,2020-06-10,5690,40,5730,5730,5630,96560
147,2020-06-11,5570,120,5700,5700,5540,107506
146,2020-06-12,5380,190,5150,5420,5150,118019
145,2020-06-15,4980,400,5380,5430,4845,161295
144,2020-06-16,5200,220,5070,5230,5030,86605
140,2020-06-17,5100,100,5200,5280,5030,71727
139,2020-06-18,5100,0,5200,5220,5040,46095
138,2020-06-19,5150,50,5140,5190,5110,45662
137,2020-06-22,5010,140,5110,5140,5000,75514
136,2020-06-23,4955,55,5010,5050,4915,71555
133,2020-06-24,4980,25,5050,5070,4950,38253
132,2020-06-25,4865,115,4950,4950,4800,82317
131,2020-06-26,4870,5,4995,4995,4800,34360
130,2020-06-29,4745,125,4810,4870,4720,42309
129,2020-06-30,5000,255,4780,5250,4770,162317
125,2020-07-01,4900,100,5090,5090,4890,41548
124,2020-07-02,4900,0,4985,4985,4890,34076
123,2020-07-03,4940,40,4975,5000,4900,38594
122,2020-07-06,4965,25,4890,4990,4890,34773
121,2020-07-07,4930,35,4985,5020,4900,50667
118,2020-07-08,4910,20,4930,4965,4895,26934
117,2020-07-09,4875,35,4910,4950,4850,40076
116,2020-07-10,4775,100,4875,4880,4770,53287
115,2020-07-13,4780,5,4755,4820,4755,45761
114,2020-07-14,4700,80,4800,4800,4660,72669
110,2020-07-15,4985,285,4820,5100,4810,180011
109,2020-07-16,4985,0,5090,5090,4945,84075
108,2020-07-17,4970,15,4985,4985,4885,46080
107,2020-07-20,4930,40,4970,5000,4890,36155
106,2020-07-21,5020,90,5020,5100,4950,78523
103,2020-07-22,5000,20,5030,5050,4980,58111
102,2020-07-23,4970,30,5010,5010,4905,23845
101,2020-07-24,4885,85,4880,4970,4880,45483
100,2020-07-27,4910,25,4880,4960,4725,46571
99,2020-07-28,4990,80,4910,5020,4880,61947
95,2020-07-29,5020,30,4990,5020,4925,31517
94,2020-07-30,5030,10,5060,5070,4990,67023
93,2020-07-31,4970,60,5090,5090,4940,40123
92,2020-08-03,4920,50,4915,4970,4910,36038
91,2020-08-04,4955,35,4875,4970,4875,30690
88,2020-08-05,4975,20,4970,5020,4955,48682
87,2020-08-06,5080,105,5000,5120,4980,82897
86,2020-08-07,5340,260,5150,5400,5120,291170
85,2020-08-10,5200,140,5340,5340,5150,131337
84,2020-08-11,5280,80,5230,5310,5210,62409
80,2020-08-12,5970,690,5320,6660,5320,8648865
79,2020-08-13,5810,160,6030,6040,5660,1262826
78,2020-08-14,5700,110,5810,5940,5620,697566
77,2020-08-18,5090,610,5160,5420,4965,753868
76,2020-08-19,5090,0,5030,5160,4975,180461
73,2020-08-20,4900,190,5000,5070,4850,191661
72,2020-08-21,5110,210,4900,5130,4865,109787
71,2020-08-24,5100,10,5060,5210,4980,127800
70,2020-08-25,5150,50,5370,5410,5130,164097
69,2020-08-26,5070,80,5150,5180,5050,78130
65,2020-08-27,5040,30,5080,5180,5000,112131
64,2020-08-28,5060,20,5080,5130,5030,67877
63,2020-08-31,5120,60,5150,5190,5080,115057
62,2020-09-01,5300,180,5100,5320,5100,115502
61,2020-09-02,5360,60,5350,5400,5300,84346
58,2020-09-03,5360,0,5410,5480,5350,166325
57,2020-09-04,5470,110,5360,5550,5250,239323
56,2020-09-07,5740,270,5470,6010,5470,1064320
55,2020-09-08,5550,190,5780,6000,5470,377906
54,2020-09-09,5450,100,5470,5550,5350,122451
50,2020-09-10,5520,70,5450,5600,5430,113147
49,2020-09-11,5510,10,5450,5540,5430,83221
48,2020-09-14,5600,90,5570,5710,5550,143801
47,2020-09-15,5640,40,5600,5650,5520,110403
46,2020-09-16,5550,90,5660,5720,5500,116336
43,2020-09-17,5440,110,5560,5620,5340,87973
42,2020-09-18,5480,40,5490,5540,5350,48921
41,2020-09-21,5450,30,5480,5550,5340,69426
40,2020-09-22,5260,190,5450,5450,5190,109232
39,2020-09-23,5250,10,5240,5330,5050,82989
35,2020-09-24,5190,60,5120,5190,5060,97864
34,2020-09-25,5220,30,5130,5300,5100,73820
33,2020-09-28,5420,200,5230,5450,5230,69798
32,2020-09-29,5480,60,5450,5510,5400,76068
31,2020-10-05,5520,40,5430,5560,5390,58920
28,2020-10-06,5500,20,5520,5540,5460,49001
27,2020-10-07,5540,40,5490,5560,5450,62479
26,2020-10-08,5550,10,5590,5700,5490,140579
25,2020-10-12,5830,280,5690,6140,5600,2226266
24,2020-10-13,5650,180,5810,5810,5580,276802
20,2020-10-14,5510,140,5600,5740,5490,218890
19,2020-10-15,5500,10,5510,5610,5420,117107
18,2020-10-16,5460,40,5550,5670,5400,138846
17,2020-10-19,5840,380,5530,5980,5470,556407
16,2020-10-20,5740,100,5840,5840,5550,265407
13,2020-10-21,6130,390,5690,6170,5690,1302155
12,2020-10-22,5950,180,6100,6110,5950,432961
11,2020-10-23,5970,20,6150,6350,5960,469476
10,2020-10-26,5850,120,6000,6040,5800,306863
9,2020-10-27,5800,50,5750,5860,5640,155383
5,2020-10-28,5940,140,5750,5980,5620,247181
4,2020-10-29,5830,110,5800,5880,5670,166908
3,2020-10-30,5790,40,5960,6200,5700,296909
2,2020-11-02,5820,30,5710,5860,5710,77845
1,2020-11-03,5880,60,5830,5950,5800,146359
