,date,close,diff,open,high,low,volume
445,2016-12-23,3450,450,3000,3450,3000,1301
340,2016-12-23,3450,450,3000,3450,3000,1301
355,2016-12-23,3450,450,3000,3450,3000,1301
430,2016-12-23,3450,450,3000,3450,3000,1301
370,2016-12-23,3450,450,3000,3450,3000,1301
385,2016-12-23,3450,450,3000,3450,3000,1301
400,2016-12-23,3450,450,3000,3450,3000,1301
415,2016-12-23,3450,450,3000,3450,3000,1301
339,2016-12-26,3965,515,3965,3965,3965,2200
354,2016-12-26,3965,515,3965,3965,3965,2200
369,2016-12-26,3965,515,3965,3965,3965,2200
384,2016-12-26,3965,515,3965,3965,3965,2200
399,2016-12-26,3965,515,3965,3965,3965,2200
414,2016-12-26,3965,515,3965,3965,3965,2200
444,2016-12-26,3965,515,3965,3965,3965,2200
429,2016-12-26,3965,515,3965,3965,3965,2200
410,2016-12-27,4555,590,4555,4555,4555,99
365,2016-12-27,4555,590,4555,4555,4555,99
380,2016-12-27,4555,590,4555,4555,4555,99
350,2016-12-27,4555,590,4555,4555,4555,99
440,2016-12-27,4555,590,4555,4555,4555,99
335,2016-12-27,4555,590,4555,4555,4555,99
425,2016-12-27,4555,590,4555,4555,4555,99
395,2016-12-27,4555,590,4555,4555,4555,99
394,2016-12-28,5000,445,5000,5000,5000,0
349,2016-12-28,5000,445,5000,5000,5000,0
364,2016-12-28,5000,445,5000,5000,5000,0
409,2016-12-28,5000,445,5000,5000,5000,0
379,2016-12-28,5000,445,5000,5000,5000,0
439,2016-12-28,5000,445,5000,5000,5000,0
424,2016-12-28,5000,445,5000,5000,5000,0
334,2016-12-28,5000,445,5000,5000,5000,0
333,2016-12-29,5750,750,5750,5750,5750,100
378,2016-12-29,5750,750,5750,5750,5750,100
408,2016-12-29,5750,750,5750,5750,5750,100
348,2016-12-29,5750,750,5750,5750,5750,100
423,2016-12-29,5750,750,5750,5750,5750,100
363,2016-12-29,5750,750,5750,5750,5750,100
393,2016-12-29,5750,750,5750,5750,5750,100
438,2016-12-29,5750,750,5750,5750,5750,100
347,2017-01-02,5750,0,5750,5750,5750,0
332,2017-01-02,5750,0,5750,5750,5750,0
437,2017-01-02,5750,0,5750,5750,5750,0
362,2017-01-02,5750,0,5750,5750,5750,0
407,2017-01-02,5750,0,5750,5750,5750,0
377,2017-01-02,5750,0,5750,5750,5750,0
422,2017-01-02,5750,0,5750,5750,5750,0
392,2017-01-02,5750,0,5750,5750,5750,0
361,2017-01-03,6610,860,6610,6610,6610,1
331,2017-01-03,6610,860,6610,6610,6610,1
406,2017-01-03,6610,860,6610,6610,6610,1
421,2017-01-03,6610,860,6610,6610,6610,1
346,2017-01-03,6610,860,6610,6610,6610,1
376,2017-01-03,6610,860,6610,6610,6610,1
436,2017-01-03,6610,860,6610,6610,6610,1
391,2017-01-03,6610,860,6610,6610,6610,1
328,2017-01-04,5620,990,5620,5620,5620,5
327,2017-01-05,4780,840,4780,4780,4780,210
326,2017-01-06,4065,715,4065,4065,4065,3
325,2017-01-09,3460,605,3460,3460,3460,63
324,2017-01-10,2945,515,2945,2945,2945,10
320,2017-01-11,2505,440,2650,2650,2505,331
319,2017-01-12,2250,255,2500,2500,2250,51
318,2017-01-13,2585,335,2500,2585,2500,143
317,2017-01-16,2200,385,2330,2330,2200,676
316,2017-01-17,2530,330,2530,2530,2530,199
313,2017-01-18,2280,250,2280,2280,2280,0
312,2017-01-19,2620,340,2580,2620,2580,110
311,2017-01-20,3000,380,3000,3000,3000,10
310,2017-01-23,3360,360,3360,3360,3360,30
309,2017-01-24,2860,500,2860,2860,2860,100
305,2017-01-25,2440,420,3000,3000,2440,12
304,2017-01-26,2805,365,2805,2805,2805,130
303,2017-01-31,2995,190,2995,2995,2995,11
302,2017-02-01,2550,445,3370,3370,2550,11
301,2017-02-02,2550,0,2900,2930,2550,363
298,2017-02-03,2170,380,2175,2435,2170,621
297,2017-02-06,1940,230,1940,1940,1940,0
296,2017-02-07,2200,260,2200,2200,2200,5
295,2017-02-08,2490,290,2490,2490,2490,5
294,2017-02-09,2120,370,2120,2120,2120,15
290,2017-02-10,2400,280,2395,2400,2395,10
289,2017-02-13,2685,285,2040,2685,2040,494
288,2017-02-14,2285,400,2285,2285,2285,438
287,2017-02-15,2280,5,2500,2500,1945,438
286,2017-02-16,2595,315,2595,2595,2595,2
283,2017-02-17,2875,280,2210,2875,2210,6
282,2017-02-20,2445,430,2445,2445,2445,410
281,2017-02-21,2080,365,2080,2485,2080,7
280,2017-02-22,2225,145,2300,2300,1775,1003
279,2017-02-23,1895,330,1895,2495,1895,12
275,2017-02-24,1980,85,2050,2050,1615,86
274,2017-02-27,1685,295,2275,2275,1685,8
273,2017-02-28,1935,250,1935,1935,1935,2
272,2017-03-02,1995,60,1995,2000,1645,136
271,2017-03-03,1700,295,1700,1995,1700,25
268,2017-03-06,1900,200,1895,1900,1895,7
267,2017-03-07,1785,115,1615,1785,1615,161
266,2017-03-08,1900,115,1890,1900,1890,15
265,2017-03-09,1880,20,1615,1880,1615,366
264,2017-03-10,1600,280,1600,1600,1600,201
260,2017-03-13,1360,240,1360,1360,1360,1
259,2017-03-14,1560,200,1560,1560,1560,15
258,2017-03-15,1790,230,1785,1790,1785,11
257,2017-03-16,1900,110,1900,1900,1900,5
256,2017-03-17,2150,250,2150,2150,2150,5
253,2017-03-20,1995,155,1830,1995,1830,3
252,2017-03-21,1700,295,1700,1700,1700,588
251,2017-03-22,1745,45,1450,1745,1450,1002
250,2017-03-23,1995,250,1995,1995,1995,1
249,2017-03-24,1700,295,1700,1700,1700,100
245,2017-03-27,1495,205,1495,1495,1495,1
244,2017-03-28,1500,5,1500,1500,1500,1
243,2017-03-29,1275,225,1275,1275,1275,785
242,2017-03-30,1085,190,1465,1465,1085,20
241,2017-03-31,1200,115,1005,1245,931,517
238,2017-04-03,1305,105,1370,1370,1020,7
237,2017-04-04,1380,75,1380,1380,1380,1
236,2017-04-05,1175,205,1175,1175,1175,800
235,2017-04-06,1060,115,1240,1240,1060,9
234,2017-04-07,910,150,1180,1180,910,173
230,2017-04-10,1045,135,1045,1045,1045,110
229,2017-04-11,1200,155,1195,1200,1190,6
228,2017-04-12,1330,130,1320,1330,1300,6
227,2017-04-13,1480,150,1475,1480,1475,4
226,2017-04-14,1375,105,1260,1390,1260,14
223,2017-04-17,1480,105,1480,1480,1480,1
222,2017-04-18,1675,195,1480,1675,1480,2
221,2017-04-19,1495,180,1425,1495,1425,702
220,2017-04-20,1675,180,1275,1675,1275,2
219,2017-04-21,1500,175,1425,1500,1425,402
215,2017-04-24,1500,0,1720,1720,1275,302
214,2017-04-25,1275,225,1275,1275,1275,785
213,2017-04-26,1150,125,1150,1150,1150,0
212,2017-04-27,1035,115,1035,1035,1035,4954
211,2017-04-28,1190,155,1190,1190,1190,10
208,2017-05-02,1365,175,1365,1365,1365,10
207,2017-05-04,1500,135,1500,1500,1500,10
206,2017-05-08,1695,195,1275,1695,1275,12
205,2017-05-10,1445,250,1445,1445,1445,692
204,2017-05-11,1585,140,1230,1585,1230,11
200,2017-05-12,1350,235,1585,1795,1350,14
199,2017-05-15,1550,200,1550,1550,1550,1
198,2017-05-16,1320,230,1320,1675,1320,16
197,2017-05-17,1125,195,1125,1125,1125,896
196,2017-05-18,1290,165,1015,1290,1015,1582
193,2017-05-19,1450,160,1100,1480,1100,889
192,2017-05-22,1665,215,1235,1665,1235,6
191,2017-05-23,1600,65,1420,1600,1420,6
190,2017-05-24,1740,140,1740,1740,1740,2
189,2017-05-25,1480,260,1480,1480,1480,31
185,2017-05-26,1700,220,1260,1700,1260,88
184,2017-05-29,1480,220,1850,1940,1445,29
183,2017-05-30,1260,220,1680,1680,1260,902
182,2017-05-31,1260,0,1260,1260,1260,0
181,2017-06-01,1260,0,1260,1260,1260,0
178,2017-06-02,1260,0,1260,1260,1260,0
177,2017-06-05,1425,165,1135,1425,1135,804
176,2017-06-07,1285,140,1285,1285,1285,779
175,2017-06-08,1440,155,1160,1440,1160,799
174,2017-06-09,1225,215,1225,1225,1225,822
170,2017-06-12,1405,180,1105,1405,1105,822
169,2017-06-13,1570,165,1195,1570,1195,473
168,2017-06-14,1775,205,1335,1775,1335,6
167,2017-06-15,1510,265,1510,1510,1510,5
166,2017-06-16,1720,210,1285,1720,1285,8
163,2017-06-19,1465,255,1465,1465,1465,683
162,2017-06-20,1680,215,1250,1680,1250,1373
161,2017-06-21,1430,250,1430,1430,1430,700
160,2017-06-22,1500,70,1225,1590,1225,1486
159,2017-06-23,1275,225,1275,1275,1275,790
155,2017-06-26,1450,175,1450,1450,1450,1
154,2017-06-27,1235,215,1235,1235,1235,815
153,2017-06-28,1420,185,1110,1420,1110,911
152,2017-06-29,1630,210,1210,1630,1210,1001
151,2017-06-30,1700,70,1700,1700,1700,1
148,2017-07-03,1445,255,1445,1445,1445,5
147,2017-07-04,1230,215,1230,1230,1230,815
146,2017-07-05,1410,180,1110,1410,1110,902
145,2017-07-06,1600,190,1600,1600,1600,10
144,2017-07-07,1795,195,1795,1795,1795,1
140,2017-07-10,1530,265,1530,1530,1530,654
139,2017-07-11,1305,225,1305,1305,1305,766
138,2017-07-12,1490,185,1175,1490,1175,862
137,2017-07-13,1270,220,1270,1270,1270,2
136,2017-07-14,1440,170,1440,1440,1440,0
133,2017-07-17,1635,195,1225,1635,1225,2
132,2017-07-18,1390,245,1390,1390,1390,719
131,2017-07-19,1500,110,1190,1500,1190,159
130,2017-07-20,1275,225,1275,1275,1275,5
129,2017-07-21,1150,125,1150,1150,1150,12
125,2017-07-24,1030,120,1030,1030,1030,970
124,2017-07-25,1180,150,1180,1180,1180,1
123,2017-07-26,1355,175,1355,1355,1355,1
122,2017-07-27,1555,200,1555,1555,1555,1
121,2017-07-28,1690,135,1555,1690,1555,2
118,2017-07-31,1440,250,1440,1440,1440,694
117,2017-08-01,1545,105,1225,1545,1225,6
116,2017-08-02,1315,230,1315,1315,1315,5
115,2017-08-03,1120,195,1120,1120,1120,897
114,2017-08-04,1010,110,1010,1010,1010,0
110,2017-08-07,1150,140,1150,1150,1150,1
109,2017-08-08,1315,165,1315,1315,1315,1
108,2017-08-09,1185,130,1185,1185,1185,240
107,2017-08-10,1350,165,1350,1350,1350,2
106,2017-08-11,1210,140,1210,1210,1210,0
103,2017-08-14,1380,170,1090,1380,1030,2945
102,2017-08-16,1175,205,1175,1175,1175,856
101,2017-08-17,1000,175,1000,1000,1000,5
100,2017-08-18,1140,140,1140,1140,1140,10
99,2017-08-21,1300,160,1300,1300,1300,3
95,2017-08-22,1350,50,1350,1350,1350,2
94,2017-08-23,1540,190,1540,1540,1540,3
93,2017-08-24,1310,230,1310,1310,1310,763
92,2017-08-25,1310,0,1310,1310,1310,1
91,2017-08-28,1115,195,1115,1115,1115,560
88,2017-08-29,1270,155,1270,1270,1270,2
87,2017-08-30,1140,130,1140,1140,1140,300
86,2017-08-31,1300,160,1300,1300,1300,1
85,2017-09-01,1490,190,1490,1490,1490,2
84,2017-09-04,1270,220,1270,1270,1270,787
80,2017-09-05,1300,30,1300,1300,1300,1
79,2017-09-06,1480,180,1480,1480,1480,2
78,2017-09-07,1260,220,1260,1260,1260,100
77,2017-09-08,1430,170,1430,1430,1430,2
76,2017-09-11,1220,210,1220,1220,1220,824
73,2017-09-12,1400,180,1400,1400,1400,1
72,2017-09-13,1400,0,1400,1400,1400,0
71,2017-09-14,1610,210,1610,1610,1610,2
70,2017-09-15,1595,15,1370,1595,1370,7
69,2017-09-18,1360,235,1360,1360,1360,735
65,2017-09-19,1400,40,1400,1400,1400,2
64,2017-09-20,1450,50,1450,1450,1450,1
63,2017-09-21,1400,50,1235,1400,1235,7
62,2017-09-22,1500,100,1500,1500,1500,1
61,2017-09-25,1275,225,1275,1275,1275,5
58,2017-09-26,1275,0,0,0,0,0
57,2017-09-27,1275,0,0,0,0,0
56,2017-09-28,1275,0,0,0,0,0
55,2017-09-29,1275,0,0,0,0,0
54,2017-10-10,1275,0,0,0,0,0
50,2017-10-11,1275,0,0,0,0,0
49,2017-10-12,1275,0,0,0,0,0
48,2017-10-13,1275,0,0,0,0,0
47,2017-10-16,1275,0,0,0,0,0
46,2017-10-17,1275,0,0,0,0,0
43,2017-10-18,1275,0,0,0,0,0
42,2017-10-19,1275,0,0,0,0,0
41,2017-10-20,1275,0,0,0,0,0
40,2017-10-23,1275,0,0,0,0,0
39,2017-10-24,1275,0,0,0,0,0
35,2017-10-25,1275,0,0,0,0,0
34,2017-10-26,1275,0,0,0,0,0
33,2017-10-27,1275,0,0,0,0,0
32,2017-10-30,1275,0,0,0,0,0
31,2017-10-31,1275,0,0,0,0,0
28,2017-11-01,1275,0,0,0,0,0
27,2017-11-02,1275,0,0,0,0,0
26,2017-11-03,1275,0,0,0,0,0
25,2017-11-06,1275,0,0,0,0,0
24,2017-11-07,1275,0,0,0,0,0
20,2017-11-08,1275,0,0,0,0,0
19,2017-11-09,1275,0,0,0,0,0
18,2017-11-10,1275,0,0,0,0,0
17,2017-11-13,1275,0,0,0,0,0
16,2017-11-14,1275,0,0,0,0,0
13,2017-11-15,1275,0,0,0,0,0
12,2017-11-16,1275,0,0,0,0,0
11,2017-11-17,1275,0,0,0,0,0
10,2017-11-20,20,1255,1995,1995,20,2
9,2017-11-21,20,0,20,20,20,0
5,2017-11-22,20,0,20,20,20,0
4,2017-11-23,1,19,1,1,1,76
3,2017-11-24,1,0,1,1,1,0
2,2017-11-27,1,0,1,1,1,0
