,date,close,diff,open,high,low,volume
448,2019-08-16,2870,30,2900,2905,2845,9345
447,2019-08-19,2795,75,2880,2935,2795,23444
446,2019-08-20,2830,35,2750,2835,2750,36196
445,2019-08-21,2820,10,2835,2895,2820,20479
444,2019-08-22,2830,10,2830,2865,2760,22629
440,2019-08-23,2825,5,2800,2835,2710,19933
439,2019-08-26,2730,95,2760,2810,2720,12745
438,2019-08-27,2765,35,2730,2800,2730,4239
437,2019-08-28,2865,100,2765,2950,2650,40974
436,2019-08-29,2950,85,2890,2950,2865,51500
433,2019-08-30,2955,5,2965,2970,2910,25825
432,2019-09-02,3075,120,2995,3100,2965,15288
431,2019-09-03,2950,125,3075,3090,2940,36156
430,2019-09-04,3040,90,2965,3040,2965,15739
429,2019-09-05,3050,10,3050,3090,3035,2894
425,2019-09-06,3065,15,3065,3095,3040,6005
424,2019-09-09,3050,15,3085,3085,2945,29797
423,2019-09-10,3095,45,3060,3115,3050,6086
422,2019-09-11,3140,45,3115,3160,3090,20883
421,2019-09-16,3160,20,3125,3170,3125,4079
418,2019-09-17,3165,5,3180,3190,3145,17135
417,2019-09-18,3130,35,3185,3185,3090,34711
416,2019-09-19,3125,5,3135,3160,3120,5215
415,2019-09-20,3160,35,3125,3170,3120,13426
414,2019-09-23,3160,0,3180,3180,3125,10158
410,2019-09-24,3160,0,3180,3180,3125,6600
409,2019-09-25,3120,40,3160,3160,3090,21584
408,2019-09-26,3105,15,3135,3155,3060,13450
407,2019-09-27,3105,0,3120,3120,3065,5796
406,2019-09-30,3065,40,3105,3120,3040,9729
403,2019-10-01,3060,5,3080,3080,3050,3066
402,2019-10-02,3055,5,3055,3080,3025,2527
401,2019-10-04,3045,10,3075,3075,3005,6399
400,2019-10-07,2895,150,3065,3065,2870,16938
399,2019-10-08,2890,5,2875,2940,2805,14257
395,2019-10-10,2880,10,2860,2895,2815,6821
394,2019-10-11,2885,5,2880,2895,2845,4185
393,2019-10-14,2890,5,2895,2910,2855,6968
392,2019-10-15,2910,20,2895,2920,2865,33241
391,2019-10-16,2935,25,2915,2940,2885,8601
388,2019-10-17,2935,0,2950,2990,2935,10850
387,2019-10-18,2935,0,2945,2985,2910,11464
386,2019-10-21,2895,40,2935,2950,2895,16781
385,2019-10-22,2795,100,2885,2910,2780,44837
384,2019-10-23,2740,55,2780,2810,2685,83600
380,2019-10-24,2655,85,2650,2690,2545,206253
379,2019-10-25,2770,115,2655,2845,2655,60315
378,2019-10-28,2755,15,2790,2815,2700,15574
377,2019-10-29,2735,20,2770,2825,2700,41603
376,2019-10-30,2775,40,2735,2775,2655,55111
373,2019-10-31,2760,15,2770,2805,2740,44899
372,2019-11-01,2755,5,2760,2775,2750,10548
371,2019-11-04,2815,60,2775,2820,2770,56179
370,2019-11-05,2785,30,2815,2820,2770,32665
369,2019-11-06,2795,10,2800,2835,2770,29282
365,2019-11-07,2860,65,2810,2875,2785,31688
364,2019-11-08,2850,10,2870,2885,2830,38827
363,2019-11-11,2840,10,2850,2855,2820,18983
362,2019-11-12,2825,15,2840,2855,2805,12801
361,2019-11-13,2820,5,2825,2845,2805,15658
358,2019-11-14,2775,45,2820,2820,2735,447058
357,2019-11-15,2875,100,2780,2880,2755,75141
356,2019-11-18,2805,70,2870,2870,2770,25816
355,2019-11-19,2740,65,2800,2805,2720,15399
354,2019-11-20,2665,75,2740,2770,2640,25583
350,2019-11-21,2700,35,2665,2740,2635,25553
349,2019-11-22,2665,35,2710,2710,2650,26252
348,2019-11-25,2660,5,2680,2685,2645,26975
347,2019-11-26,2705,45,2665,2760,2660,35730
346,2019-11-27,2700,5,2735,2750,2670,12560
343,2019-11-28,2700,0,2705,2710,2675,21055
342,2019-11-29,2695,5,2700,2705,2660,26618
341,2019-12-02,2740,45,2695,2740,2665,88108
340,2019-12-03,2640,100,2960,3230,2615,943183
339,2019-12-04,2530,110,2630,2630,2525,128561
335,2019-12-05,2510,20,2580,2595,2460,40996
334,2019-12-06,2595,85,2515,2595,2475,27461
333,2019-12-09,2650,55,2570,2650,2555,69102
332,2019-12-10,2620,30,2605,2640,2590,20510
331,2019-12-11,2620,0,2620,2655,2565,57520
328,2019-12-12,2650,30,2620,2670,2620,16521
327,2019-12-13,2670,20,2665,2690,2645,27527
326,2019-12-16,2655,15,2710,2710,2610,58635
325,2019-12-17,2605,50,2625,2700,2605,43615
324,2019-12-18,2600,5,2605,2630,2560,29974
320,2019-12-19,2640,40,2590,2710,2590,83932
319,2019-12-20,2650,10,2655,2695,2630,20187
318,2019-12-23,2585,65,2650,2680,2565,26939
317,2019-12-24,2565,20,2575,2620,2565,16524
316,2019-12-26,2610,45,2530,2630,2530,12474
313,2019-12-27,2600,10,2620,2620,2580,5900
312,2019-12-30,2645,45,2600,2650,2590,57965
311,2020-01-02,2630,15,2635,2690,2630,52160
310,2020-01-03,2600,30,2645,2650,2600,40590
309,2020-01-06,2605,5,2600,2635,2590,35046
305,2020-01-07,2625,20,2620,2650,2595,13825
304,2020-01-08,2580,45,2635,2635,2530,39319
303,2020-01-09,2615,35,2580,2640,2570,16700
302,2020-01-10,2625,10,2615,2645,2595,20732
301,2020-01-13,2660,35,2640,2700,2625,38638
298,2020-01-14,2675,15,2640,2695,2640,15098
297,2020-01-15,2710,35,2705,2740,2660,44070
296,2020-01-16,2775,65,2720,2775,2720,51351
295,2020-01-17,2830,55,2775,2890,2775,56091
294,2020-01-20,2760,70,2820,2870,2745,75227
290,2020-01-21,2800,40,2750,2825,2745,27878
289,2020-01-22,2825,25,2770,2830,2770,20029
288,2020-01-23,2795,30,2840,2840,2765,40044
287,2020-01-28,2725,70,2695,2790,2690,23827
286,2020-01-29,2710,15,2715,2750,2695,28971
283,2020-01-30,2740,30,2740,2755,2680,25115
282,2020-01-31,2675,65,2760,2760,2650,33647
281,2020-02-03,2660,15,2740,2740,2620,19537
280,2020-02-04,2660,0,2670,2690,2660,44826
279,2020-02-05,2660,0,2665,2705,2640,30895
275,2020-02-06,2660,0,2665,2705,2645,31811
274,2020-02-07,2660,0,2685,2700,2640,35996
273,2020-02-10,2650,10,2660,2675,2640,23296
272,2020-02-11,2675,25,2705,2725,2640,71754
271,2020-02-12,2845,170,2680,2945,2680,145056
268,2020-02-13,2825,20,2840,2845,2780,63711
267,2020-02-14,2905,80,2820,2905,2770,173484
266,2020-02-17,2790,115,2820,2830,2770,71929
265,2020-02-18,2800,10,2820,2820,2750,37448
264,2020-02-19,2785,15,2790,2825,2770,35839
260,2020-02-20,2880,95,2785,2880,2760,76893
259,2020-02-21,2735,145,2795,2820,2730,61423
258,2020-02-24,2670,65,2715,2780,2655,30075
257,2020-02-25,2665,5,2690,2690,2635,30912
256,2020-02-26,2595,70,2625,2685,2560,27492
253,2020-02-27,2590,5,2620,2620,2540,50327
252,2020-02-28,2475,115,2560,2575,2400,49577
251,2020-03-02,2575,100,2475,2720,2475,43126
250,2020-03-03,2600,25,2580,2640,2580,11629
249,2020-03-04,2640,40,2600,2670,2600,38560
245,2020-03-05,2670,30,2685,2685,2575,40044
244,2020-03-06,2615,55,2600,2635,2570,14635
243,2020-03-09,2555,60,2610,2610,2520,15816
242,2020-03-10,2490,65,2545,2570,2490,35082
241,2020-03-11,2490,0,2520,2540,2465,9484
238,2020-03-12,2170,320,2470,2535,2100,131205
237,2020-03-13,1630,540,1850,1920,1605,1100630
236,2020-03-16,1355,275,1720,1730,1355,878647
235,2020-03-17,1470,115,1230,1475,1230,271103
234,2020-03-18,1475,5,1480,1525,1430,102718
230,2020-03-19,1320,155,1475,1500,1240,160610
229,2020-03-20,1490,170,1255,1490,1255,103860
228,2020-03-23,1490,0,1470,1490,1395,41141
227,2020-03-24,1580,90,1490,1620,1490,44549
226,2020-03-25,1590,10,1600,1635,1555,49716
223,2020-03-26,1640,50,1595,1700,1590,64350
222,2020-03-27,1660,20,1645,1735,1630,44564
221,2020-03-30,1765,105,1640,1765,1600,58630
220,2020-03-31,1785,20,1750,1805,1680,45320
219,2020-04-01,1775,10,1770,1865,1755,58989
215,2020-04-02,1775,0,1795,1810,1730,28633
214,2020-04-03,1800,25,1825,1835,1775,46810
213,2020-04-06,1880,80,1800,1890,1800,61033
212,2020-04-07,1920,40,1900,1925,1860,89094
211,2020-04-08,2030,110,1900,2285,1875,281628
208,2020-04-09,2060,30,2045,2185,2045,157688
207,2020-04-10,2125,65,2140,2140,2000,66362
206,2020-04-13,2115,10,2125,2130,2080,32529
205,2020-04-14,2170,55,2120,2180,2045,75022
204,2020-04-16,2140,30,2170,2180,2120,9665
200,2020-04-17,2170,30,2105,2170,2090,44326
199,2020-04-20,2165,5,2195,2200,2115,12009
198,2020-04-21,2015,150,2140,2165,1980,71959
197,2020-04-22,1980,35,2015,2020,1910,19585
196,2020-04-23,2110,130,1970,2110,1970,48171
193,2020-04-24,2080,30,2100,2100,2025,9425
192,2020-04-27,2080,0,2050,2100,2050,12938
191,2020-04-28,2080,0,2080,2100,2040,20612
190,2020-04-29,2150,70,2095,2500,2080,313315
189,2020-05-04,2230,80,2150,2690,2105,724020
185,2020-05-06,2280,50,2295,2300,2235,123912
184,2020-05-07,2340,60,2280,2355,2260,60679
183,2020-05-08,2505,165,2345,2890,2345,3151004
182,2020-05-11,2575,70,2485,2650,2470,275455
181,2020-05-12,2490,85,2575,2590,2490,93381
178,2020-05-13,2620,130,2490,2660,2420,108406
177,2020-05-14,2645,25,2650,2755,2620,202717
176,2020-05-15,2570,75,2655,2675,2515,74085
175,2020-05-18,2610,40,2575,2625,2520,49983
174,2020-05-19,2625,15,2615,2655,2585,38418
170,2020-05-20,2670,45,2595,2700,2595,63087
169,2020-05-21,2620,50,2675,2750,2620,44406
168,2020-05-22,2575,45,2700,2700,2535,31622
167,2020-05-25,2540,35,2550,2640,2525,34165
166,2020-05-26,2565,25,2545,2610,2525,29206
163,2020-05-27,2565,0,2565,2610,2535,36122
162,2020-05-28,2560,5,2560,2615,2475,26282
161,2020-05-29,2580,20,2610,2610,2515,11260
160,2020-06-01,2540,40,2580,2635,2520,38986
159,2020-06-02,2555,15,2540,2565,2500,60334
155,2020-06-03,2545,10,2540,2625,2540,64393
154,2020-06-04,2585,40,2545,2605,2545,16720
153,2020-06-05,2575,10,2600,2630,2570,24410
152,2020-06-08,2620,45,2580,2635,2575,56288
151,2020-06-09,2580,40,2600,2635,2575,35473
148,2020-06-10,2630,50,2580,2630,2565,60875
147,2020-06-11,2895,265,2640,3060,2580,1841656
146,2020-06-12,2860,35,2715,2890,2710,253330
145,2020-06-15,2900,40,2860,2980,2760,255575
144,2020-06-16,3415,515,2920,3650,2920,6914726
140,2020-06-17,3485,70,3525,3525,3330,744938
139,2020-06-18,3500,15,3440,3595,3295,499040
138,2020-06-19,3695,195,3500,3730,3435,700992
137,2020-06-22,3750,55,3745,3860,3565,361490
136,2020-06-23,3545,205,3735,3735,3420,340771
133,2020-06-24,3215,330,3570,3570,3165,312866
132,2020-06-25,3270,55,3215,3295,3100,234167
131,2020-06-26,3275,5,3260,3345,3245,105649
130,2020-06-29,3335,60,3200,3355,3200,89446
129,2020-06-30,3350,15,3320,3350,3105,104111
125,2020-07-01,3465,115,3310,3480,3310,103481
124,2020-07-02,3530,65,3550,3800,3465,167821
123,2020-07-03,3615,85,3530,3625,3490,95358
122,2020-07-06,3610,5,3575,3670,3420,48951
121,2020-07-07,3540,70,3625,3725,3460,100704
118,2020-07-08,3515,25,3540,3595,3490,39334
117,2020-07-09,3440,75,3510,3635,3390,76760
116,2020-07-10,3535,95,3470,3570,3400,92279
115,2020-07-13,3590,55,3545,3600,3480,67453
114,2020-07-14,3470,120,3580,3580,3410,55105
110,2020-07-15,3465,5,3510,3550,3350,68605
109,2020-07-16,3460,5,3500,3530,3380,41023
108,2020-07-17,3400,60,3420,3450,3330,51097
107,2020-07-20,3250,150,3490,3490,3155,112482
106,2020-07-21,3300,50,3270,3335,3175,88811
103,2020-07-22,3160,140,3255,3330,3150,49957
102,2020-07-23,3210,50,3160,3260,3070,67253
101,2020-07-24,3190,20,3190,3230,3050,83737
100,2020-07-27,3260,70,3160,3470,3155,143621
99,2020-07-28,3275,15,3290,3400,3265,39507
95,2020-07-29,3255,20,3275,3360,3175,60488
94,2020-07-30,3320,65,3205,3430,3205,46379
93,2020-07-31,3320,0,3320,3390,3260,28617
92,2020-08-03,3200,120,3290,3450,3135,74180
91,2020-08-04,3060,140,3175,3200,3050,54286
88,2020-08-05,3060,0,3020,3060,2955,58360
87,2020-08-06,3060,0,3060,3075,3000,22394
86,2020-08-07,2970,90,3055,3055,2945,40901
85,2020-08-10,3150,180,2980,3275,2980,238408
84,2020-08-11,3115,35,3155,3190,3085,38523
80,2020-08-12,3225,110,3130,3670,3050,716227
79,2020-08-13,3195,30,3300,3300,3165,90917
78,2020-08-14,3255,60,3200,3300,3190,86046
77,2020-08-18,3260,5,3295,3295,3050,123428
76,2020-08-19,3260,0,3230,3275,3150,77866
73,2020-08-20,3235,25,3255,3255,3055,108805
72,2020-08-21,3255,20,3235,3400,3220,308084
71,2020-08-24,3255,0,3305,3360,3205,102742
70,2020-08-25,3130,125,3240,3240,3085,188613
69,2020-08-26,3070,60,3130,3130,3020,62260
65,2020-08-27,3035,35,3070,3085,2990,65932
64,2020-08-28,3080,45,3035,3110,3020,37040
63,2020-08-31,3200,120,3120,3240,3050,153124
62,2020-09-01,3085,115,3200,3220,3075,72294
61,2020-09-02,2900,185,3090,3110,2885,242260
58,2020-09-03,2930,30,2925,2980,2880,74164
57,2020-09-04,2830,100,2780,2915,2745,110447
56,2020-09-07,2795,35,2830,2830,2740,129352
55,2020-09-08,2735,60,2795,2795,2695,105577
54,2020-09-09,2685,50,2695,2730,2655,70289
50,2020-09-10,2730,45,2685,2775,2675,63925
49,2020-09-11,2700,30,2765,2800,2700,88929
48,2020-09-14,2730,30,2655,2800,2635,105391
47,2020-09-15,2820,90,2750,2825,2680,143176
46,2020-09-16,2800,20,2855,2910,2780,154160
43,2020-09-17,2740,60,2800,2820,2700,64340
42,2020-09-18,2735,5,2765,2805,2665,59489
41,2020-09-21,2685,50,2735,2850,2575,75552
40,2020-09-22,2675,10,2635,2675,2510,109311
39,2020-09-23,2600,75,2650,2690,2540,46841
35,2020-09-24,2400,200,2585,2585,2380,90876
34,2020-09-25,2390,10,2400,2465,2380,47224
33,2020-09-28,2525,135,2390,2650,2390,77753
32,2020-09-29,2675,150,2595,2715,2550,63629
31,2020-10-05,2695,20,2675,2700,2645,42418
28,2020-10-06,2720,25,2695,2740,2615,45707
27,2020-10-07,2735,15,2720,2745,2650,92561
26,2020-10-08,2720,15,2740,2745,2670,73990
25,2020-10-12,2690,30,2720,2730,2655,39742
24,2020-10-13,2685,5,2695,2740,2660,67440
20,2020-10-14,2625,60,2685,2735,2600,113523
19,2020-10-15,2635,10,2645,2800,2580,66223
18,2020-10-16,2635,0,2615,2655,2535,84656
17,2020-10-19,2690,55,2635,2730,2630,62214
16,2020-10-20,2790,100,2645,2790,2575,92361
13,2020-10-21,2815,25,2765,2830,2720,83463
12,2020-10-22,2920,105,2820,2975,2785,211595
11,2020-10-23,3135,215,2925,3400,2900,832236
10,2020-10-26,3010,125,3140,3200,3005,179866
9,2020-10-27,3165,155,2970,3275,2970,321118
5,2020-10-28,3290,125,3115,3300,3115,231122
4,2020-10-29,3320,30,3200,3330,3200,179679
3,2020-10-30,3245,75,3300,3395,3125,154181
2,2020-11-02,3140,105,3210,3245,3030,123765
1,2020-11-03,3055,85,3140,3140,3000,129483
