,date,close,diff,open,high,low,volume
448,2019-08-16,58000,100,57300,59800,57200,875171
447,2019-08-19,55600,2400,58600,58800,54100,1198856
446,2019-08-20,56400,800,55000,56400,53200,1258812
445,2019-08-21,56500,100,55500,57900,54800,665806
444,2019-08-22,58300,1800,57600,59500,56700,1102378
440,2019-08-23,61600,3300,57600,62800,57200,1619066
439,2019-08-26,61600,0,60800,62900,60700,855364
438,2019-08-27,61900,300,62700,62800,61300,550464
437,2019-08-28,61600,300,61800,62200,60500,639682
436,2019-08-29,63500,1900,62300,63700,62000,719112
433,2019-08-30,66500,3000,64500,67900,63900,1183572
432,2019-09-02,72300,5800,66400,72600,66200,1342659
431,2019-09-03,73300,1000,73100,75500,71700,1075071
430,2019-09-04,76200,2900,72600,78300,72100,1502101
429,2019-09-05,71700,4500,77100,77800,69200,3961164
425,2019-09-06,76000,4300,72500,76500,70300,1723787
424,2019-09-09,69800,6200,76200,76400,69800,1947166
423,2019-09-10,68400,1400,68800,71600,68100,1286970
422,2019-09-11,71100,2700,68600,71300,67200,1128106
421,2019-09-16,72400,1300,71600,72800,69600,647543
418,2019-09-17,72000,400,71900,73300,71500,459460
417,2019-09-18,72700,700,72400,73300,71300,456527
416,2019-09-19,72000,700,71300,72900,71300,744183
415,2019-09-20,75800,3800,73200,76800,73100,2234215
414,2019-09-23,77300,1500,75500,77400,74000,685604
410,2019-09-24,77700,400,76900,80100,76800,778182
409,2019-09-25,76500,1200,77000,78800,76400,607990
408,2019-09-26,76600,100,77300,78900,76300,520430
407,2019-09-27,75500,1100,76500,77100,74500,566795
406,2019-09-30,72900,2600,74800,75100,68300,1483578
403,2019-10-01,73700,800,73900,74200,69700,682871
402,2019-10-02,72100,1600,72800,74100,71800,467862
401,2019-10-04,71800,300,71100,73300,70500,409657
400,2019-10-07,69300,2500,71900,73500,68600,869170
399,2019-10-08,71100,1800,69000,72200,68300,890128
395,2019-10-10,74000,2900,70600,74600,70600,830928
394,2019-10-11,72900,1100,74800,75300,72900,434040
393,2019-10-14,69700,3200,73200,73400,69100,999836
392,2019-10-15,69000,700,70000,70100,65500,1354130
391,2019-10-16,69300,300,69500,70500,68300,544937
388,2019-10-17,70500,1200,69900,71800,69400,640150
387,2019-10-18,69000,1500,71400,71600,68700,521773
386,2019-10-21,67500,1500,68400,69000,66200,712231
385,2019-10-22,68000,500,67000,69500,66500,553602
384,2019-10-23,65800,2200,67600,68500,65800,638679
380,2019-10-24,67100,1300,65600,68000,64300,762605
379,2019-10-25,56700,10400,65700,65700,55000,4632722
378,2019-10-28,56800,100,56100,59300,55000,1860020
377,2019-10-29,53900,2900,57500,57600,53200,2281324
376,2019-10-30,52900,1000,54000,55000,52700,1380739
373,2019-10-31,53600,700,53800,54800,52900,1409300
372,2019-11-01,57200,3600,53600,58800,53000,2467621
371,2019-11-04,49350,7850,57700,57800,48700,5024956
370,2019-11-05,49450,100,49500,50700,48500,1624493
369,2019-11-06,49900,450,49450,51100,49200,1252953
365,2019-11-07,49000,900,49850,50300,47400,1349934
364,2019-11-08,49750,750,50800,51800,49400,1619761
363,2019-11-11,49750,0,50400,51400,49650,832514
362,2019-11-12,50500,750,49500,50600,48050,833412
361,2019-11-13,51300,800,51100,52700,50700,1333510
358,2019-11-14,49100,2200,50000,50000,48500,1558552
357,2019-11-15,49850,750,48600,49950,48150,883175
356,2019-11-18,49450,400,50000,50400,49300,622308
355,2019-11-19,47950,1500,49550,49650,47850,755884
354,2019-11-20,47550,400,47950,49200,47400,671224
350,2019-11-21,47400,150,47550,48700,46800,644286
349,2019-11-22,45300,2100,47150,47650,44350,1559275
348,2019-11-25,46250,950,45600,46250,44400,1002010
347,2019-11-26,47700,1450,47150,49150,46750,3868830
346,2019-11-27,46750,950,47650,47750,46700,439305
343,2019-11-28,46000,750,46600,47050,45300,520642
342,2019-11-29,46400,400,46100,46700,45500,389851
341,2019-12-02,46850,450,46600,48200,46600,640409
340,2019-12-03,48900,2050,46400,48900,45950,779702
339,2019-12-04,48450,450,49300,49650,48100,677099
335,2019-12-05,50800,2350,48800,52000,48800,2411319
334,2019-12-06,52100,1300,51700,52900,50100,1624120
333,2019-12-09,51200,900,52700,52900,50700,807883
332,2019-12-10,49000,2200,50700,51200,48800,1111445
331,2019-12-11,49700,700,49050,49700,47700,756981
328,2019-12-12,50100,400,50000,50400,49200,608313
327,2019-12-13,50700,600,51200,51200,50100,585621
326,2019-12-16,50700,0,51100,51900,50600,501091
325,2019-12-17,49650,1050,51000,51000,49000,918006
324,2019-12-18,49450,200,49850,50500,49150,525248
320,2019-12-19,48400,1050,49350,49700,48250,707698
319,2019-12-20,50100,1700,48900,50300,48700,893204
318,2019-12-23,49400,700,50400,50500,49150,416019
317,2019-12-24,48350,1050,49400,49650,48250,565264
316,2019-12-26,50300,1950,48200,50300,48200,1225070
313,2019-12-27,51600,1300,50800,51900,49950,1191045
312,2019-12-30,51100,500,51700,51700,50200,614575
311,2020-01-02,57300,6200,52000,57300,51900,3017489
310,2020-01-03,56400,900,57700,58600,55600,1842163
309,2020-01-06,55200,1200,55000,55700,53700,1138559
305,2020-01-07,55200,0,55900,56400,54700,786389
304,2020-01-08,52800,2400,54000,55100,52100,1223780
303,2020-01-09,55600,2800,54700,55700,54300,720710
302,2020-01-10,56400,800,55700,56700,55000,658506
301,2020-01-13,56900,500,56300,56900,55200,650036
298,2020-01-14,56600,300,57400,59300,56500,1201960
297,2020-01-15,57200,600,57100,58300,56400,626663
296,2020-01-16,56300,900,57700,57700,55800,696730
295,2020-01-17,55400,900,56400,56800,55000,716524
294,2020-01-20,56900,1500,55500,57600,55400,892799
290,2020-01-21,60200,3300,59000,61300,58700,2668828
289,2020-01-22,60500,300,60900,61000,59300,1140987
288,2020-01-23,60100,400,60200,61000,59600,621080
287,2020-01-28,55600,4500,57000,58000,54800,1847234
286,2020-01-29,55600,0,56600,57100,55200,730906
283,2020-01-30,52500,3100,55600,56400,51900,1598351
282,2020-01-31,49550,2950,52500,53100,49550,1259104
281,2020-02-03,51700,2150,47500,51800,46350,1658807
280,2020-02-04,53300,1600,51900,53400,50800,761712
279,2020-02-05,53100,200,54400,54400,52500,611650
275,2020-02-06,53900,800,53600,53900,52600,444236
274,2020-02-07,52300,1600,54000,54000,51600,948524
273,2020-02-10,51800,500,51500,52700,51100,519923
272,2020-02-11,54100,2300,52400,54100,51800,1011152
271,2020-02-12,56200,2100,55900,57900,54400,3221993
268,2020-02-13,56200,0,57400,57600,55600,1225475
267,2020-02-14,59200,3000,54800,59300,54500,2868638
266,2020-02-17,58700,500,59100,60000,57800,1348663
265,2020-02-18,56200,2500,58700,58800,55700,1266395
264,2020-02-19,55800,400,56700,57500,54900,817105
260,2020-02-20,55000,800,55600,56800,54500,832205
259,2020-02-21,54800,200,54000,56000,53600,812978
258,2020-02-24,51100,3700,53500,54100,51000,1299774
257,2020-02-25,54200,3100,51000,54200,50200,999889
256,2020-02-26,54400,200,52600,54700,52000,883123
253,2020-02-27,51200,3200,54400,54600,50200,1498664
252,2020-02-28,48650,2550,50000,50500,46800,1476050
251,2020-03-02,49350,700,48850,49950,47300,1032135
250,2020-03-03,48850,500,51400,51500,48650,857996
249,2020-03-04,50600,1750,47950,50700,47900,653307
245,2020-03-05,51300,700,51500,51600,50100,587061
244,2020-03-06,51500,200,50200,53600,50100,1148553
243,2020-03-09,48900,2600,50100,51100,48850,721577
242,2020-03-10,50500,1600,48500,50600,47300,1192845
241,2020-03-11,49500,1000,50200,52000,49000,987685
238,2020-03-12,46150,3350,49500,49850,45800,1242735
237,2020-03-13,43300,2850,42900,45200,38350,1949110
236,2020-03-16,41550,1750,45000,46000,41500,1225839
235,2020-03-17,43450,1900,39850,43900,39750,1356928
234,2020-03-18,42400,1050,44350,46700,42400,1700111
230,2020-03-19,44000,1600,46000,46600,42850,2722205
229,2020-03-20,49300,5300,46550,49300,45200,2157084
228,2020-03-23,49250,50,47400,50400,46050,1933954
227,2020-03-24,50500,1250,50700,51500,49600,1589142
226,2020-03-25,51400,900,51300,52400,49800,1721030
223,2020-03-26,49800,1600,51500,51600,49700,1118249
222,2020-03-27,49750,50,51000,53100,48350,2531485
221,2020-03-30,50200,450,48600,50600,48200,804319
220,2020-03-31,50200,0,51100,51400,49550,1001096
219,2020-04-01,54800,4600,51400,60400,50900,9745603
215,2020-04-02,57200,2400,57700,59300,55800,4425324
214,2020-04-03,56800,400,57500,58800,55500,1826144
213,2020-04-06,58400,1600,57500,58800,56500,1786609
212,2020-04-07,58400,0,59500,60000,56500,1985649
211,2020-04-08,60300,1900,58400,62400,57500,4561933
208,2020-04-09,61500,1200,62100,62700,60100,2117210
207,2020-04-10,61100,400,61000,62300,59500,1608653
206,2020-04-13,58500,2600,61200,61200,58500,1298831
205,2020-04-14,61100,2600,59300,62000,59000,1924635
204,2020-04-16,64300,3200,60600,64900,60300,3088596
200,2020-04-17,64800,500,65100,66000,63700,1806767
199,2020-04-20,63900,900,64800,65400,63500,1048986
198,2020-04-21,63600,300,62900,65500,59400,2182241
197,2020-04-22,64000,400,63200,64200,62400,922795
196,2020-04-23,64100,100,65100,65300,63800,901040
193,2020-04-24,61700,2400,63000,64100,61200,1094364
192,2020-04-27,61900,200,62300,62900,61300,650236
191,2020-04-28,61300,600,62000,62700,60700,717846
190,2020-04-29,61000,300,61700,61800,60600,601429
189,2020-05-04,59500,1500,59700,60600,59100,670992
185,2020-05-06,60700,1200,60300,61900,60200,698081
184,2020-05-07,61700,1000,60700,61700,59800,575454
183,2020-05-08,62700,1000,63000,64500,62500,1417314
182,2020-05-11,61000,1700,63600,63700,60900,1147993
181,2020-05-12,60500,500,61200,61700,59900,698551
178,2020-05-13,59200,1300,58800,59300,58200,1647242
177,2020-05-14,57100,2100,58200,58700,56700,1259977
176,2020-05-15,57600,500,57900,58800,57200,915579
175,2020-05-18,57700,100,57800,58500,56200,904481
174,2020-05-19,58100,400,58600,58900,57600,808636
170,2020-05-20,58800,700,57900,59200,57700,718558
169,2020-05-21,61600,2800,59800,62700,58900,2817732
168,2020-05-22,59300,2300,61100,61200,58800,1347154
167,2020-05-25,59000,300,59500,59600,58100,710538
166,2020-05-26,59300,300,59000,60300,58100,860326
163,2020-05-27,59100,200,59500,61400,59100,1272943
162,2020-05-28,57700,1400,60100,60500,57300,1042133
161,2020-05-29,58300,600,57800,58600,57200,691128
160,2020-06-01,59800,1500,58800,60300,58600,706028
159,2020-06-02,59900,100,60400,60600,59200,649995
155,2020-06-03,60100,200,60600,60700,59500,768575
154,2020-06-04,60800,700,60600,61800,60000,1278207
153,2020-06-05,61400,600,61400,62200,60900,1060286
152,2020-06-08,60200,1200,61900,61900,60000,779279
151,2020-06-09,60300,100,60600,61400,59700,669900
148,2020-06-10,63000,2700,61100,63000,60700,2456479
147,2020-06-11,61500,1500,63100,63200,61400,1246964
146,2020-06-12,60200,1300,58900,60500,58400,1130778
145,2020-06-15,56200,4000,59800,59800,56200,1057464
144,2020-06-16,58500,2300,57800,58800,57300,633159
140,2020-06-17,60400,1900,59000,62100,59000,1566551
139,2020-06-18,60600,200,61000,61500,60000,629198
138,2020-06-19,60000,600,61100,61300,59200,449578
137,2020-06-22,60400,400,60200,61300,59900,608682
136,2020-06-23,60300,100,61000,61800,59700,659088
133,2020-06-24,62900,2600,60400,63000,60300,1845689
132,2020-06-25,60800,2100,61800,62300,60200,1175978
131,2020-06-26,64400,3600,62100,66700,61800,5619736
130,2020-06-29,64500,100,63900,66200,63100,2038009
129,2020-06-30,64000,500,65800,65800,62200,1703403
125,2020-07-01,61800,2200,64400,64800,61500,1037560
124,2020-07-02,62800,1000,62400,63300,61600,638481
123,2020-07-03,63000,200,63100,63300,62300,474136
122,2020-07-06,62700,300,63300,63400,62200,532269
121,2020-07-07,63800,1100,63500,65200,63200,1325478
118,2020-07-08,64100,300,63500,64500,63000,804493
117,2020-07-09,63000,1100,64500,64500,62700,1071785
116,2020-07-10,62200,800,63000,63900,62000,778459
115,2020-07-13,64100,1900,63600,64600,63000,1036245
114,2020-07-14,64400,300,63600,65000,63000,954820
110,2020-07-15,70500,6100,65600,71000,64800,5800001
109,2020-07-16,67900,2600,70600,71500,67100,2549545
108,2020-07-17,68800,900,67600,69900,67100,1010241
107,2020-07-20,71400,2600,70000,71900,69500,1638215
106,2020-07-21,71300,100,72300,72400,70500,910278
103,2020-07-22,73000,1700,72900,75000,72400,1844266
102,2020-07-23,74200,1200,73700,76100,72900,1520566
101,2020-07-24,71900,2300,73000,73600,70400,1407894
100,2020-07-27,71900,0,71100,72600,71100,550065
99,2020-07-28,72900,1000,72200,73000,70800,778247
95,2020-07-29,72300,600,73300,74600,72200,753852
94,2020-07-30,71400,900,73100,73400,71200,626082
93,2020-07-31,71000,400,71300,72300,70100,725422
92,2020-08-03,71400,400,71200,71700,69300,708466
91,2020-08-04,70900,500,72200,72400,70700,564566
88,2020-08-05,72800,1900,71000,73200,70000,1383836
87,2020-08-06,72200,600,73900,74500,72100,903365
86,2020-08-07,75700,3500,72800,77200,71100,2709709
85,2020-08-10,76400,700,78500,79400,76000,2099738
84,2020-08-11,79300,2900,77100,82100,75200,3725655
80,2020-08-12,76700,2600,79400,80700,76300,1708820
79,2020-08-13,75500,1200,77400,78200,75100,1054456
78,2020-08-14,74200,1300,75200,76500,74100,964492
77,2020-08-18,70800,3400,73700,74700,69300,1410387
76,2020-08-19,71300,500,70800,72600,70600,862579
73,2020-08-20,67300,4000,70600,70900,66600,1630336
72,2020-08-21,67800,500,68500,69300,66500,874493
71,2020-08-24,70700,2900,68000,71400,66700,999828
70,2020-08-25,71200,500,71400,72000,69800,735244
69,2020-08-26,74300,3100,72100,75500,72100,1950932
65,2020-08-27,74800,500,74700,76400,73300,1624841
64,2020-08-28,76700,1900,77900,80300,76100,2734454
63,2020-08-31,76400,300,78000,78600,76300,994160
62,2020-09-01,78600,2200,76700,79300,74500,1161893
61,2020-09-02,83600,5000,80000,84000,79300,3187085
58,2020-09-03,82700,900,83900,83900,81500,1286630
57,2020-09-04,85800,3100,78500,86500,78200,3022391
56,2020-09-07,86600,800,88000,89200,84000,2430204
55,2020-09-08,82100,4500,88500,89500,81000,2342034
54,2020-09-09,83900,1800,81000,86400,81000,1992552
50,2020-09-10,84500,600,85000,85400,83200,866945
49,2020-09-11,85500,1000,84500,86000,83100,871850
48,2020-09-14,85800,300,85800,87100,84600,679730
47,2020-09-15,86100,300,86700,87600,85500,702423
46,2020-09-16,83800,2300,86100,86100,82500,1008866
43,2020-09-17,82200,1600,83900,84000,82000,657986
42,2020-09-18,82300,100,82200,83300,82000,403942
41,2020-09-21,77800,4500,82000,82100,76700,1398299
40,2020-09-22,76900,900,78000,79200,75900,934877
39,2020-09-23,76200,700,78600,79000,74000,821032
35,2020-09-24,72700,3500,74100,75800,72500,875155
34,2020-09-25,73200,500,74000,74800,72400,560864
33,2020-09-28,77500,4300,74700,77500,73700,635245
32,2020-09-29,78600,1100,79000,79100,76800,596392
31,2020-10-05,79800,1200,78600,80300,77200,469225
28,2020-10-06,78000,1800,80500,80500,77800,524826
27,2020-10-07,78400,400,76800,78900,76700,364469
26,2020-10-08,77700,700,78900,79000,76800,562706
25,2020-10-12,77000,700,77400,78400,76600,499015
24,2020-10-13,76500,500,77600,77700,75500,398185
20,2020-10-14,77000,500,76500,79400,76100,803960
19,2020-10-15,73900,3100,77000,77100,73700,659597
18,2020-10-16,71900,2000,73900,74600,70800,739033
17,2020-10-19,71200,700,72000,72600,69900,610261
16,2020-10-20,72300,1100,70300,72300,69500,598916
13,2020-10-21,72600,300,72800,72900,71200,355657
12,2020-10-22,67000,5600,70800,71000,66800,1649682
11,2020-10-23,64600,2400,66400,66900,63300,1246248
10,2020-10-26,62300,2300,63800,64500,62100,824656
9,2020-10-27,63900,1600,62000,64800,61500,673465
5,2020-10-28,64300,400,63900,64400,62600,435606
4,2020-10-29,64300,0,62900,64300,62500,407367
3,2020-10-30,62300,2000,64400,64400,62300,348455
2,2020-11-02,63500,1200,62500,63700,61400,269602
1,2020-11-03,66500,3000,64000,66800,63900,703998
