,date,close,diff,open,high,low,volume
448,2019-08-16,2365,15,2335,2400,2320,131931
447,2019-08-19,2365,0,2375,2410,2335,63308
446,2019-08-20,2390,25,2360,2405,2360,59274
445,2019-08-21,2450,60,2415,2465,2385,84441
444,2019-08-22,2415,35,2455,2475,2390,76339
440,2019-08-23,2410,5,2410,2420,2370,54705
439,2019-08-26,2340,70,2345,2370,2300,100162
438,2019-08-27,2375,35,2340,2395,2340,46112
437,2019-08-28,2390,15,2390,2400,2360,55136
436,2019-08-29,2370,20,2395,2405,2335,44832
433,2019-08-30,2385,15,2360,2440,2360,63854
432,2019-09-02,2420,35,2350,2420,2350,39129
431,2019-09-03,2415,5,2420,2425,2390,43193
430,2019-09-04,2485,70,2385,2515,2385,215891
429,2019-09-05,2530,45,2595,2595,2490,283256
425,2019-09-06,2495,35,2530,2535,2480,85172
424,2019-09-09,2460,35,2525,2525,2455,79078
423,2019-09-10,2475,15,2450,2475,2440,41178
422,2019-09-11,2530,55,2470,2540,2470,114985
421,2019-09-16,2580,50,2535,2580,2500,99664
418,2019-09-17,2550,30,2575,2575,2470,62762
417,2019-09-18,2560,10,2545,2585,2525,67227
416,2019-09-19,2560,0,2540,2570,2535,70908
415,2019-09-20,2555,5,2555,2570,2540,65157
414,2019-09-23,2590,35,2585,2590,2530,85679
410,2019-09-24,2570,20,2590,2590,2545,64769
409,2019-09-25,2485,85,2550,2570,2485,87570
408,2019-09-26,2475,10,2485,2520,2470,41221
407,2019-09-27,2445,30,2450,2475,2440,40330
406,2019-09-30,2405,40,2425,2440,2360,106799
403,2019-10-01,2450,45,2410,2450,2385,36559
402,2019-10-02,2390,60,2405,2420,2370,35808
401,2019-10-04,2375,15,2380,2400,2355,51820
400,2019-10-07,2320,55,2365,2375,2310,55096
399,2019-10-08,2330,10,2335,2355,2305,43717
395,2019-10-10,2425,95,2310,2425,2270,144417
394,2019-10-11,2355,70,2410,2425,2340,77734
393,2019-10-14,2360,5,2355,2385,2345,55474
392,2019-10-15,2370,10,2360,2380,2350,1375324
391,2019-10-16,2410,40,2375,2435,2375,102006
388,2019-10-17,2385,25,2425,2430,2380,60452
387,2019-10-18,2415,30,2385,2420,2385,34109
386,2019-10-21,2355,60,2415,2420,2350,62042
385,2019-10-22,2350,5,2345,2390,2320,56548
384,2019-10-23,2315,35,2350,2370,2315,74619
380,2019-10-24,2310,5,2315,2330,2295,59993
379,2019-10-25,2320,10,2325,2345,2280,99929
378,2019-10-28,2325,5,2360,2365,2315,37287
377,2019-10-29,2300,25,2340,2340,2290,96321
376,2019-10-30,2300,0,2300,2325,2295,66884
373,2019-10-31,2345,45,2300,2365,2295,88598
372,2019-11-01,2375,30,2345,2400,2330,84334
371,2019-11-04,2385,10,2355,2410,2355,77327
370,2019-11-05,2465,80,2375,2475,2375,90151
369,2019-11-06,2450,15,2480,2480,2415,62728
365,2019-11-07,2455,5,2450,2460,2400,51936
364,2019-11-08,2460,5,2425,2495,2425,50042
363,2019-11-11,2470,10,2455,2480,2450,81887
362,2019-11-12,2460,10,2450,2480,2440,26379
361,2019-11-13,2410,50,2440,2470,2410,74719
358,2019-11-14,2410,0,2410,2425,2390,45092
357,2019-11-15,2405,5,2420,2425,2375,62335
356,2019-11-18,2405,0,2415,2415,2385,42957
355,2019-11-19,2390,15,2405,2420,2355,47089
354,2019-11-20,2330,60,2390,2395,2330,71433
350,2019-11-21,2270,60,2330,2350,2200,145002
349,2019-11-22,2270,0,2270,2310,2260,38923
348,2019-11-25,2295,25,2300,2315,2280,18412
347,2019-11-26,2335,40,2310,2350,2275,43866
346,2019-11-27,2290,45,2335,2355,2270,50300
343,2019-11-28,2295,5,2290,2315,2285,29373
342,2019-11-29,2310,15,2300,2315,2280,53296
341,2019-12-02,2310,0,2310,2315,2285,17693
340,2019-12-03,2300,10,2310,2310,2270,30367
339,2019-12-04,2280,20,2295,2295,2260,33741
335,2019-12-05,2280,0,2240,2300,2240,81096
334,2019-12-06,2265,15,2300,2310,2250,30645
333,2019-12-09,2270,5,2265,2280,2250,48156
332,2019-12-10,2245,25,2280,2280,2240,32379
331,2019-12-11,2250,5,2270,2275,2230,25201
328,2019-12-12,2260,10,2240,2280,2235,43733
327,2019-12-13,2275,15,2260,2275,2250,40571
326,2019-12-16,2290,15,2275,2290,2265,32674
325,2019-12-17,2295,5,2270,2310,2270,26914
324,2019-12-18,2310,15,2295,2330,2285,62611
320,2019-12-19,2295,15,2295,2325,2295,36863
319,2019-12-20,2315,20,2310,2320,2290,42759
318,2019-12-23,2300,15,2325,2325,2290,17622
317,2019-12-24,2285,15,2285,2300,2275,37937
316,2019-12-26,2325,40,2285,2325,2285,32768
313,2019-12-27,2300,25,2300,2325,2285,20495
312,2019-12-30,2305,5,2280,2310,2275,51547
311,2020-01-02,2325,20,2325,2340,2305,54410
310,2020-01-03,2330,5,2345,2345,2320,38206
309,2020-01-06,2285,45,2320,2325,2275,64171
305,2020-01-07,2315,30,2275,2330,2275,60162
304,2020-01-08,2220,95,2285,2285,2210,131514
303,2020-01-09,2290,70,2275,2295,2250,64258
302,2020-01-10,2310,20,2295,2315,2290,37254
301,2020-01-13,2385,75,2310,2400,2300,166053
298,2020-01-14,2385,0,2385,2440,2375,125277
297,2020-01-15,2420,35,2410,2435,2380,70158
296,2020-01-16,2415,5,2420,2450,2400,64097
295,2020-01-17,2435,20,2415,2445,2410,39846
294,2020-01-20,2410,25,2435,2440,2385,44515
290,2020-01-21,2400,10,2390,2440,2360,76563
289,2020-01-22,2395,5,2395,2395,2365,45540
288,2020-01-23,2410,15,2380,2410,2365,47968
287,2020-01-28,2300,110,2400,2400,2290,117952
286,2020-01-29,2325,25,2305,2330,2295,43918
283,2020-01-30,2295,30,2325,2325,2255,64757
282,2020-01-31,2200,95,2295,2295,2185,111413
281,2020-02-03,2185,15,2155,2205,2155,36115
280,2020-02-04,2270,85,2165,2270,2165,33685
279,2020-02-05,2255,15,2275,2290,2235,27065
275,2020-02-06,2290,35,2255,2305,2250,42948
274,2020-02-07,2335,45,2280,2395,2275,105338
273,2020-02-10,2335,0,2335,2350,2310,53692
272,2020-02-11,2340,5,2320,2390,2320,42382
271,2020-02-12,2485,145,2340,2740,2285,5079953
268,2020-02-13,2520,35,2465,2535,2445,610782
267,2020-02-14,2500,20,2520,2540,2450,501040
266,2020-02-17,2435,65,2465,2500,2405,321666
265,2020-02-18,2460,25,2435,2490,2410,234442
264,2020-02-19,2430,30,2450,2510,2410,266920
260,2020-02-20,2390,40,2480,2480,2390,223101
259,2020-02-21,2320,70,2385,2385,2315,150530
258,2020-02-24,2215,105,2235,2300,2205,203737
257,2020-02-25,2250,35,2215,2265,2210,145681
256,2020-02-26,2230,20,2195,2270,2195,125082
253,2020-02-27,2175,55,2270,2270,2175,133655
252,2020-02-28,2100,75,2120,2160,2070,254709
251,2020-03-02,2130,30,2060,2155,2055,117799
250,2020-03-03,2140,10,2155,2195,2140,133731
249,2020-03-04,2190,50,2120,2210,2120,154577
245,2020-03-05,2235,45,2190,2245,2190,182728
244,2020-03-06,2200,35,2195,2280,2140,115520
243,2020-03-09,2085,115,2170,2170,2075,128785
242,2020-03-10,2065,20,2055,2100,2020,113238
241,2020-03-11,1995,70,2080,2090,1985,175411
238,2020-03-12,1840,155,1960,1995,1820,249782
237,2020-03-13,1630,210,1705,1745,1570,419227
236,2020-03-16,1590,40,1625,1710,1590,358113
235,2020-03-17,1520,70,1405,1585,1405,238428
234,2020-03-18,1450,70,1515,1575,1450,186183
230,2020-03-19,1250,200,1450,1475,1250,442730
229,2020-03-20,1345,95,1235,1360,1235,214624
228,2020-03-23,1265,80,1230,1330,1225,75778
227,2020-03-24,1350,85,1360,1380,1290,76879
226,2020-03-25,1430,80,1450,1500,1400,864619
223,2020-03-26,1530,100,1430,1540,1410,171252
222,2020-03-27,1580,50,1555,1625,1485,193082
221,2020-03-30,1625,45,1580,1640,1550,151863
220,2020-03-31,1710,85,1650,1740,1650,101814
219,2020-04-01,1675,35,1705,1740,1650,104467
215,2020-04-02,1700,25,1695,1700,1620,47518
214,2020-04-03,1720,20,1730,1750,1695,24621
213,2020-04-06,1775,55,1710,1855,1710,284281
212,2020-04-07,1820,45,1800,1865,1780,98908
211,2020-04-08,1845,25,1825,1865,1770,113751
208,2020-04-09,1880,35,1870,1935,1860,89075
207,2020-04-10,1870,10,1880,1905,1810,84787
206,2020-04-13,1815,55,1870,1890,1815,68519
205,2020-04-14,1845,30,1815,1860,1815,64352
204,2020-04-16,1880,35,1885,1885,1845,112075
200,2020-04-17,1945,65,1885,1985,1875,491993
199,2020-04-20,1960,15,2020,2020,1945,179016
198,2020-04-21,1900,60,1975,2050,1800,174241
197,2020-04-22,1915,15,1900,1915,1850,73649
196,2020-04-23,2130,215,1930,2235,1930,2298023
193,2020-04-24,2220,90,2515,2590,2220,5819511
192,2020-04-27,2325,105,2235,2325,2150,1217086
191,2020-04-28,2255,70,2330,2335,2240,600771
190,2020-04-29,2175,80,2210,2260,2175,429137
189,2020-05-04,2145,30,2145,2190,2095,192724
185,2020-05-06,2185,40,2160,2185,2140,213967
184,2020-05-07,2425,240,2190,2650,2190,10881707
183,2020-05-08,2340,85,2385,2440,2315,1246893
182,2020-05-11,2380,40,2380,2390,2300,758586
181,2020-05-12,2500,120,2385,2510,2350,2387464
178,2020-05-13,2430,70,2410,2445,2380,678839
177,2020-05-14,2325,105,2405,2415,2315,559816
176,2020-05-15,2265,60,2355,2365,2200,582524
175,2020-05-18,2360,95,2260,2390,2225,440551
174,2020-05-19,2360,0,2380,2400,2310,341133
170,2020-05-20,2505,145,2390,2550,2360,1465466
169,2020-05-21,2510,5,2500,2535,2435,961933
168,2020-05-22,2400,110,2510,2550,2375,705572
167,2020-05-25,2495,95,2420,2505,2395,551675
166,2020-05-26,2480,15,2535,2535,2470,329850
163,2020-05-27,2480,0,2500,2500,2420,275283
162,2020-05-28,2440,40,2490,2565,2380,637333
161,2020-05-29,2420,20,2435,2455,2370,144927
160,2020-06-01,2560,140,2430,2575,2430,721435
159,2020-06-02,2460,100,2520,2850,2450,5579317
155,2020-06-03,2440,20,2485,2515,2380,1183701
154,2020-06-04,2430,10,2435,2465,2380,378189
153,2020-06-05,2410,20,2455,2485,2400,368231
152,2020-06-08,2410,0,2420,2445,2380,234864
151,2020-06-09,2450,40,2430,2455,2380,346108
148,2020-06-10,2400,50,2460,2465,2395,205102
147,2020-06-11,2330,70,2400,2420,2280,547966
146,2020-06-12,2220,110,2200,2265,2150,395139
145,2020-06-15,2055,165,2205,2260,2055,473566
144,2020-06-16,2190,135,2090,2190,2090,268530
140,2020-06-17,2150,40,2160,2200,2100,257986
139,2020-06-18,2130,20,2180,2180,2110,90785
138,2020-06-19,2155,25,2170,2175,2130,117540
137,2020-06-22,2145,10,2165,2190,2140,125619
136,2020-06-23,2175,30,2190,2225,2150,187104
133,2020-06-24,2200,25,2175,2230,2165,119711
132,2020-06-25,2175,25,2175,2200,2140,178053
131,2020-06-26,2230,55,2200,2230,2165,216119
130,2020-06-29,2140,90,2230,2230,2105,280112
129,2020-06-30,2130,10,2150,2180,2130,113577
125,2020-07-01,2115,15,2170,2170,2110,101111
124,2020-07-02,2135,20,2130,2145,2095,128452
123,2020-07-03,2150,15,2140,2175,2105,110102
122,2020-07-06,2230,80,2150,2270,2150,336619
121,2020-07-07,2190,40,2240,2240,2175,94683
118,2020-07-08,2220,30,2185,2230,2140,138963
117,2020-07-09,2220,0,2230,2235,2205,128947
116,2020-07-10,2180,40,2230,2230,2150,124362
115,2020-07-13,2235,55,2195,2255,2185,178025
114,2020-07-14,2310,75,2240,2430,2235,1221059
110,2020-07-15,2340,30,2355,2405,2310,579438
109,2020-07-16,2310,30,2340,2365,2295,202739
108,2020-07-17,2300,10,2315,2355,2240,232543
107,2020-07-20,2280,20,2305,2345,2255,82373
106,2020-07-21,2400,120,2290,2430,2265,870343
103,2020-07-22,2345,55,2365,2400,2315,361743
102,2020-07-23,2325,20,2350,2350,2270,211106
101,2020-07-24,2305,20,2275,2385,2260,218697
100,2020-07-27,2320,15,2305,2335,2290,111860
99,2020-07-28,2340,20,2320,2370,2305,308807
95,2020-07-29,2350,10,2360,2385,2330,231949
94,2020-07-30,2395,45,2355,2400,2335,267517
93,2020-07-31,2350,45,2395,2405,2345,216170
92,2020-08-03,2350,0,2360,2430,2315,388823
91,2020-08-04,2350,0,2335,2375,2335,136083
88,2020-08-05,2355,5,2350,2375,2315,94274
87,2020-08-06,2370,15,2365,2490,2340,1015667
86,2020-08-07,2340,30,2375,2390,2325,203642
85,2020-08-10,2360,20,2380,2380,2310,136644
84,2020-08-11,2315,45,2360,2360,2310,204907
80,2020-08-12,2260,55,2315,2340,2235,168439
79,2020-08-13,2255,5,2290,2320,2255,116204
78,2020-08-14,2235,20,2255,2290,2210,218288
77,2020-08-18,2115,120,2240,2260,2100,209532
76,2020-08-19,2145,30,2130,2185,2130,63681
73,2020-08-20,2030,115,2130,2155,2005,245756
72,2020-08-21,2095,65,2030,2125,1990,248832
71,2020-08-24,2100,5,2055,2140,2050,70015
70,2020-08-25,2190,90,2130,2195,2115,106294
69,2020-08-26,2215,25,2190,2220,2135,104258
65,2020-08-27,2220,5,2215,2265,2180,223222
64,2020-08-28,2235,15,2215,2240,2200,178597
63,2020-08-31,2290,55,2245,2300,2235,249001
62,2020-09-01,2280,10,2300,2325,2270,111245
61,2020-09-02,2320,40,2315,2335,2300,160205
58,2020-09-03,2300,20,2320,2335,2290,83367
57,2020-09-04,2275,25,2195,2280,2195,128630
56,2020-09-07,2340,65,2295,2350,2235,342924
55,2020-09-08,2300,40,2390,2390,2300,266778
54,2020-09-09,2300,0,2265,2315,2265,76202
50,2020-09-10,2320,20,2305,2350,2290,146791
49,2020-09-11,2355,35,2325,2355,2295,206905
48,2020-09-14,2360,5,2380,2420,2320,394644
47,2020-09-15,2360,0,2360,2370,2335,148819
46,2020-09-16,2490,130,2395,2515,2360,2289991
43,2020-09-17,2480,10,2470,2505,2385,1700147
42,2020-09-18,2595,115,2460,2615,2430,2823283
41,2020-09-21,2430,165,2575,2575,2380,1090647
40,2020-09-22,2305,125,2400,2420,2290,498723
39,2020-09-23,2290,15,2320,2370,2210,217935
35,2020-09-24,2155,135,2230,2250,2155,331456
34,2020-09-25,2170,15,2185,2200,2115,164214
33,2020-09-28,2235,65,2200,2245,2180,86987
32,2020-09-29,2255,20,2255,2280,2240,106925
31,2020-10-05,2300,45,2255,2325,2255,113523
28,2020-10-06,2370,70,2330,2370,2295,207205
27,2020-10-07,2375,5,2355,2395,2335,160857
26,2020-10-08,2420,45,2390,2440,2360,280437
25,2020-10-12,2400,20,2440,2440,2370,135688
24,2020-10-13,2500,100,2400,2560,2365,1428278
20,2020-10-14,2440,60,2490,2505,2390,441212
19,2020-10-15,2370,70,2420,2420,2325,310992
18,2020-10-16,2360,10,2350,2380,2310,139631
17,2020-10-19,2345,15,2350,2435,2340,200319
16,2020-10-20,2370,25,2325,2375,2255,153835
13,2020-10-21,2445,75,2350,2445,2345,273370
12,2020-10-22,2400,45,2440,2455,2400,215275
11,2020-10-23,2450,50,2410,2545,2410,1215086
10,2020-10-26,2355,95,2450,2485,2330,457213
9,2020-10-27,2760,405,2350,3050,2310,35307874
5,2020-10-28,2830,70,2830,2975,2695,16421601
4,2020-10-29,2830,0,2730,2830,2660,4060347
3,2020-10-30,2615,215,2905,3100,2580,17489158
2,2020-11-02,2685,70,2645,2735,2585,1686221
1,2020-11-03,2620,65,2670,2715,2600,1396314
