,date,close,diff,open,high,low,volume
448,2015-12-15,2955,325,2800,3340,2715,81533817
447,2015-12-16,3840,885,3670,3840,3400,57372886
446,2015-12-17,4465,625,4000,4465,3725,53021516
445,2015-12-18,4465,0,0,0,0,0
444,2015-12-21,4600,135,4140,5140,4020,40193717
440,2015-12-22,3225,1375,4465,4550,3220,56106496
439,2015-12-23,3270,45,3175,3500,2910,68461774
438,2015-12-24,2915,355,3175,3235,2790,31128324
437,2015-12-28,2695,220,2890,3015,2635,21042168
436,2015-12-29,2700,5,2780,3080,2580,28313633
433,2015-12-30,2765,65,2750,2885,2670,13455332
432,2016-01-04,2940,175,2885,3015,2800,14348616
431,2016-01-05,2815,125,2820,2890,2740,7774539
430,2016-01-06,2980,165,2850,3005,2670,20597113
429,2016-01-07,2820,160,3100,3150,2810,11459248
425,2016-01-08,2870,50,2675,2935,2615,10755761
424,2016-01-11,2715,155,2875,2880,2690,5983830
423,2016-01-12,2990,275,2720,3005,2710,17217504
422,2016-01-13,3145,155,3030,3330,2980,24507670
421,2016-01-14,3535,390,3070,3535,2990,15704341
418,2016-01-15,3700,165,3650,4275,3560,36966985
417,2016-01-18,3510,190,3600,3840,3415,14031276
416,2016-01-19,3100,410,3150,3235,2860,21293590
415,2016-01-20,3115,15,3100,3230,2955,7781698
414,2016-01-21,2950,165,3045,3160,2950,4383863
410,2016-01-22,3040,90,2955,3050,2715,5702191
409,2016-01-25,3440,400,3120,3490,3070,13577764
408,2016-01-26,3230,210,3300,3400,3210,7952307
407,2016-01-27,3115,115,3180,3260,3025,5528605
406,2016-01-28,3090,25,3040,3160,3025,3627604
403,2016-01-29,2905,185,2920,3050,2750,14208558
402,2016-02-01,2680,225,2770,2900,2610,8444765
401,2016-02-02,2730,50,2680,2855,2655,8713382
400,2016-02-03,2740,10,2855,2880,2715,4311894
399,2016-02-04,2570,170,2710,2750,2525,4879684
395,2016-02-05,2735,165,2420,2855,2420,8411895
394,2016-02-11,2650,85,2735,2880,2615,4707588
393,2016-02-12,2390,260,2630,2690,2130,3991968
392,2016-02-15,2670,280,2475,2730,2465,3783999
391,2016-02-16,2650,20,2745,2745,2600,2082552
388,2016-02-17,2425,225,2555,2630,2310,8479708
387,2016-02-18,2590,165,2520,2810,2460,16013958
386,2016-02-19,2590,0,2650,2700,2440,6084989
385,2016-02-22,2440,150,2570,2570,2390,4894985
384,2016-02-23,2400,40,2475,2485,2330,4371428
380,2016-02-24,2435,35,2730,2790,2385,13075726
379,2016-02-25,2215,220,2435,2435,2170,6224722
378,2016-02-26,2280,65,2220,2365,2060,12015331
377,2016-02-29,2290,10,2370,2435,2270,5893984
376,2016-03-02,2330,40,2310,2435,2180,6836587
373,2016-03-03,2260,70,2345,2345,2260,2780859
372,2016-03-04,2230,30,2250,2280,2190,3149963
371,2016-03-07,2075,155,2220,2245,2060,6030722
370,2016-03-08,2090,15,2050,2105,1995,4863880
369,2016-03-09,2160,70,2120,2175,2090,3893671
365,2016-03-10,2265,105,2630,2665,2245,23404385
364,2016-03-11,2200,65,2180,2220,2130,6717049
363,2016-03-14,2100,100,2180,2215,2095,4136456
362,2016-03-15,1950,150,2060,2075,1950,7599646
361,2016-03-16,1895,55,1970,1985,1850,6374626
358,2016-03-17,1965,70,1900,1965,1880,4356724
357,2016-03-18,2050,85,1965,2050,1930,4830480
356,2016-03-21,2120,70,2075,2160,2060,4932072
355,2016-03-22,2010,110,2120,2120,1940,4951253
354,2016-03-23,2035,25,2060,2090,2000,3467479
350,2016-03-24,1940,95,2010,2015,1940,2741876
349,2016-03-25,1915,25,1925,1960,1845,3701784
348,2016-03-28,1910,5,1930,2045,1875,4891668
347,2016-03-29,1975,65,1915,1990,1905,4323472
346,2016-03-30,1915,60,1930,1950,1905,2881464
343,2016-03-31,1875,40,1895,1930,1875,1766411
342,2016-04-01,1880,5,1880,1915,1850,2276505
341,2016-04-04,1650,230,1875,1875,1595,8860307
340,2016-04-05,1650,0,0,0,0,0
339,2016-04-06,1650,0,0,0,0,0
335,2016-04-07,1650,0,0,0,0,0
334,2016-04-08,1650,0,0,0,0,0
333,2016-04-11,1650,0,0,0,0,0
332,2016-04-12,1650,0,0,0,0,0
331,2016-04-14,1650,0,0,0,0,0
328,2016-04-15,1650,0,0,0,0,0
327,2016-04-18,1650,0,0,0,0,0
326,2016-04-19,1650,0,0,0,0,0
325,2016-04-20,1650,0,0,0,0,0
324,2016-04-21,1650,0,0,0,0,0
320,2016-04-22,1650,0,0,0,0,0
319,2016-04-25,1650,0,0,0,0,0
318,2016-04-26,1650,0,0,0,0,0
317,2016-04-27,1650,0,0,0,0,0
316,2016-04-28,1650,0,0,0,0,0
313,2016-04-29,1650,0,0,0,0,0
312,2016-05-02,1650,0,0,0,0,0
311,2016-05-03,1650,0,0,0,0,0
310,2016-05-04,1650,0,0,0,0,0
309,2016-05-09,1650,0,0,0,0,0
305,2016-05-10,1650,0,0,0,0,0
304,2016-05-11,1650,0,0,0,0,0
303,2016-05-12,1650,0,0,0,0,0
302,2016-05-13,1650,0,0,0,0,0
301,2016-05-16,1650,0,0,0,0,0
298,2016-05-17,1650,0,0,0,0,0
297,2016-05-18,1650,0,0,0,0,0
296,2016-05-19,1650,0,0,0,0,0
295,2016-05-20,1650,0,0,0,0,0
294,2016-05-23,1650,0,0,0,0,0
290,2016-05-24,1650,0,0,0,0,0
289,2016-05-25,1650,0,0,0,0,0
288,2016-05-26,1650,0,0,0,0,0
287,2016-05-27,1400,50,1350,1630,1350,12163762
286,2016-05-30,1250,150,1380,1385,1160,9294113
283,2016-05-31,1185,65,1280,1285,1150,4371204
282,2016-06-01,1175,10,1170,1235,1145,2411795
281,2016-06-02,998,177,1250,1395,946,22396798
280,2016-06-03,920,78,1020,1035,912,8958288
279,2016-06-07,1100,180,930,1195,927,18205121
275,2016-06-08,1280,180,1090,1370,1075,29338491
274,2016-06-09,1110,170,1245,1295,1030,18739106
273,2016-06-10,1025,85,1095,1150,998,12745750
272,2016-06-13,1020,5,1025,1125,980,7220399
271,2016-06-14,1095,75,1035,1190,999,19587117
268,2016-06-15,1145,50,1130,1240,1115,10980159
267,2016-06-16,1055,90,1200,1205,1045,4922416
266,2016-06-17,1040,15,1065,1105,1030,2992603
265,2016-06-20,1035,5,1055,1085,1010,2471837
264,2016-06-21,1060,25,1040,1125,1030,6488872
260,2016-06-22,1025,35,1065,1070,1015,2576677
259,2016-06-23,1170,145,1035,1330,999,33160826
258,2016-06-24,1170,0,0,0,0,0
257,2016-06-27,1170,0,0,0,0,0
256,2016-06-28,1170,0,0,0,0,0
253,2016-06-29,1170,0,0,0,0,0
252,2016-06-30,1170,0,0,0,0,0
251,2016-07-01,1170,0,0,0,0,0
250,2016-07-04,1170,0,0,0,0,0
249,2016-07-05,1170,0,0,0,0,0
245,2016-07-06,1170,0,0,0,0,0
244,2016-07-07,1170,0,0,0,0,0
243,2016-07-08,1170,0,0,0,0,0
242,2016-07-11,1170,0,0,0,0,0
241,2016-07-12,1170,0,0,0,0,0
238,2016-07-13,1170,0,0,0,0,0
237,2016-07-14,1170,0,0,0,0,0
236,2016-07-15,1170,0,0,0,0,0
235,2016-07-18,1170,0,0,0,0,0
234,2016-07-19,1170,0,0,0,0,0
230,2016-07-20,1170,0,0,0,0,0
229,2016-07-21,1170,0,0,0,0,0
228,2016-07-22,1170,0,0,0,0,0
227,2016-07-25,1170,0,0,0,0,0
226,2016-07-26,1170,0,0,0,0,0
223,2016-07-27,1170,0,0,0,0,0
222,2016-07-28,1170,0,0,0,0,0
221,2016-07-29,1170,0,0,0,0,0
220,2016-08-01,1170,0,0,0,0,0
219,2016-08-02,1170,0,0,0,0,0
215,2016-08-03,1170,0,0,0,0,0
214,2016-08-04,1170,0,0,0,0,0
213,2016-08-05,1170,0,0,0,0,0
212,2016-08-08,1170,0,0,0,0,0
211,2016-08-09,1170,0,0,0,0,0
208,2016-08-10,1170,0,0,0,0,0
207,2016-08-11,1170,0,0,0,0,0
206,2016-08-12,1170,0,0,0,0,0
205,2016-08-16,1170,0,0,0,0,0
204,2016-08-17,1170,0,0,0,0,0
200,2016-08-18,1170,0,0,0,0,0
199,2016-08-19,1170,0,0,0,0,0
198,2016-08-22,1170,0,0,0,0,0
197,2016-08-23,1170,0,0,0,0,0
196,2016-08-24,1170,0,0,0,0,0
193,2016-08-25,1170,0,0,0,0,0
192,2016-08-26,1170,0,0,0,0,0
191,2016-08-29,1170,0,0,0,0,0
190,2016-08-30,1170,0,0,0,0,0
189,2016-08-31,1170,0,0,0,0,0
185,2016-09-01,1170,0,0,0,0,0
184,2016-09-02,1170,0,0,0,0,0
183,2016-09-05,1170,0,0,0,0,0
182,2016-09-06,1170,0,0,0,0,0
181,2016-09-07,1170,0,0,0,0,0
178,2016-09-08,1170,0,0,0,0,0
177,2016-09-09,1170,0,0,0,0,0
176,2016-09-12,1170,0,0,0,0,0
175,2016-09-13,1170,0,0,0,0,0
174,2016-09-19,1170,0,0,0,0,0
170,2016-09-20,1170,0,0,0,0,0
169,2016-09-21,1170,0,0,0,0,0
168,2016-09-22,1170,0,0,0,0,0
167,2016-09-23,1170,0,0,0,0,0
166,2016-09-26,1170,0,0,0,0,0
163,2016-09-27,1170,0,0,0,0,0
162,2016-09-28,1170,0,0,0,0,0
161,2016-09-29,1170,0,0,0,0,0
160,2016-09-30,1170,0,0,0,0,0
159,2016-10-04,1170,0,0,0,0,0
155,2016-10-05,1170,0,0,0,0,0
154,2016-10-06,1170,0,0,0,0,0
153,2016-10-07,1170,0,0,0,0,0
152,2016-10-10,1170,0,0,0,0,0
151,2016-10-11,1170,0,0,0,0,0
148,2016-10-12,1170,0,0,0,0,0
147,2016-10-13,1170,0,0,0,0,0
146,2016-10-14,1170,0,0,0,0,0
145,2016-10-17,1170,0,0,0,0,0
144,2016-10-18,1170,0,0,0,0,0
140,2016-10-19,1170,0,0,0,0,0
139,2016-10-20,1170,0,0,0,0,0
138,2016-10-21,1170,0,0,0,0,0
137,2016-10-24,1170,0,0,0,0,0
136,2016-10-25,1170,0,0,0,0,0
133,2016-10-26,1170,0,0,0,0,0
132,2016-10-27,1170,0,0,0,0,0
131,2016-10-28,1170,0,0,0,0,0
130,2016-10-31,1170,0,0,0,0,0
129,2016-11-01,1170,0,0,0,0,0
125,2016-11-02,1170,0,0,0,0,0
124,2016-11-03,1170,0,0,0,0,0
123,2016-11-04,1170,0,0,0,0,0
122,2016-11-07,1170,0,0,0,0,0
121,2016-11-08,1170,0,0,0,0,0
118,2016-11-09,1170,0,0,0,0,0
117,2016-11-10,1170,0,0,0,0,0
116,2016-11-11,1170,0,0,0,0,0
115,2016-11-14,1170,0,0,0,0,0
114,2016-11-15,1170,0,0,0,0,0
110,2016-11-16,1170,0,0,0,0,0
109,2016-11-17,1170,0,0,0,0,0
108,2016-11-18,1170,0,0,0,0,0
107,2016-11-21,1170,0,0,0,0,0
106,2016-11-22,1170,0,0,0,0,0
103,2016-11-23,1170,0,0,0,0,0
102,2016-11-24,1170,0,0,0,0,0
101,2016-11-25,1170,0,0,0,0,0
100,2016-11-28,1170,0,0,0,0,0
99,2016-11-29,1170,0,0,0,0,0
95,2016-11-30,1170,0,0,0,0,0
94,2016-12-01,1170,0,0,0,0,0
93,2016-12-02,1170,0,0,0,0,0
92,2016-12-05,1170,0,0,0,0,0
91,2016-12-06,1170,0,0,0,0,0
88,2016-12-07,1170,0,0,0,0,0
87,2016-12-08,1170,0,0,0,0,0
86,2016-12-09,1170,0,0,0,0,0
85,2016-12-12,1170,0,0,0,0,0
84,2016-12-13,1170,0,0,0,0,0
80,2016-12-14,1170,0,0,0,0,0
79,2016-12-15,1170,0,0,0,0,0
78,2016-12-16,1170,0,0,0,0,0
77,2016-12-19,1170,0,0,0,0,0
76,2016-12-20,1170,0,0,0,0,0
73,2016-12-21,1170,0,0,0,0,0
72,2016-12-22,1170,0,0,0,0,0
71,2016-12-23,1170,0,0,0,0,0
70,2016-12-26,1170,0,0,0,0,0
69,2016-12-27,1170,0,0,0,0,0
65,2016-12-28,1170,0,0,0,0,0
64,2016-12-29,1170,0,0,0,0,0
63,2017-01-02,1170,0,0,0,0,0
62,2017-01-03,1170,0,0,0,0,0
61,2017-01-04,1170,0,0,0,0,0
58,2017-01-05,1170,0,0,0,0,0
57,2017-01-06,1170,0,0,0,0,0
56,2017-01-09,1170,0,0,0,0,0
55,2017-01-10,1170,0,0,0,0,0
54,2017-01-11,1170,0,0,0,0,0
50,2017-01-12,1170,0,0,0,0,0
49,2017-01-13,1170,0,0,0,0,0
48,2017-01-16,1170,0,0,0,0,0
47,2017-01-17,1170,0,0,0,0,0
46,2017-01-18,1170,0,0,0,0,0
43,2017-01-19,1170,0,0,0,0,0
42,2017-01-20,1170,0,0,0,0,0
41,2017-01-23,1170,0,0,0,0,0
40,2017-01-24,1170,0,0,0,0,0
39,2017-01-25,1170,0,0,0,0,0
35,2017-01-26,1170,0,0,0,0,0
34,2017-01-31,1170,0,0,0,0,0
33,2017-02-01,1170,0,0,0,0,0
32,2017-02-02,1170,0,0,0,0,0
31,2017-02-03,1170,0,0,0,0,0
28,2017-02-06,1170,0,0,0,0,0
27,2017-02-07,1170,0,0,0,0,0
26,2017-02-08,1170,0,0,0,0,0
25,2017-02-09,1170,0,0,0,0,0
24,2017-02-10,1170,0,0,0,0,0
20,2017-02-13,1170,0,0,0,0,0
19,2017-02-14,1170,0,0,0,0,0
18,2017-02-15,1170,0,0,0,0,0
17,2017-02-16,1170,0,0,0,0,0
16,2017-02-17,1170,0,0,0,0,0
13,2017-02-20,1170,0,0,0,0,0
12,2017-02-21,1170,0,0,0,0,0
11,2017-02-22,1170,0,0,0,0,0
10,2017-02-23,480,690,320,580,320,58548917
9,2017-02-24,267,213,548,548,260,45510579
5,2017-02-27,200,67,222,253,188,40587211
4,2017-02-28,116,84,185,185,115,47849433
3,2017-03-02,50,66,110,110,50,68398457
2,2017-03-03,51,1,47,85,33,84814247
