,date,close,diff,open,high,low,volume
448,2019-08-16,3975,155,4090,4430,3950,9147091
447,2019-08-19,3880,95,4010,4080,3845,2339232
446,2019-08-20,3820,60,3845,3910,3725,1830834
445,2019-08-21,3965,145,3865,4235,3855,7228081
444,2019-08-22,3780,185,3975,3985,3780,1729275
440,2019-08-23,3835,55,3980,4200,3805,4746263
439,2019-08-26,3880,45,3740,3960,3740,2495433
438,2019-08-27,4080,200,3930,4190,3915,4235857
437,2019-08-28,3975,105,4320,4380,3970,6269498
436,2019-08-29,3910,65,4015,4130,3900,2446968
433,2019-08-30,3875,35,3900,3995,3850,1391396
432,2019-09-02,3870,5,3875,3935,3870,901594
431,2019-09-03,3900,30,3870,3980,3815,1541173
430,2019-09-04,4025,125,3930,4125,3930,3444976
429,2019-09-05,4025,0,4070,4070,3950,1239505
425,2019-09-06,3850,175,4055,4060,3850,1241735
424,2019-09-09,3810,40,3850,3930,3805,684752
423,2019-09-10,3675,135,3895,3895,3575,1298659
422,2019-09-11,3680,5,3675,3720,3645,580384
421,2019-09-16,3665,15,3720,3725,3625,540514
418,2019-09-17,3600,65,3665,3665,3580,755514
417,2019-09-18,3550,50,3600,3600,3510,646577
416,2019-09-19,3665,115,3565,3760,3565,1465631
415,2019-09-20,3595,70,3640,3665,3575,683994
414,2019-09-23,3500,95,3590,3595,3500,553624
410,2019-09-24,3565,65,3520,3565,3495,445633
409,2019-09-25,3405,160,3560,3560,3380,639792
408,2019-09-26,3300,105,3400,3440,3220,829541
407,2019-09-27,3320,20,3270,3410,3270,643840
406,2019-09-30,3205,115,3320,3350,3200,406669
403,2019-10-01,3380,175,3455,3780,3355,7397854
402,2019-10-02,3305,75,3340,3365,3210,787727
401,2019-10-04,3545,240,3325,3885,3320,12173398
400,2019-10-07,3635,90,3635,3740,3555,3207931
399,2019-10-08,3700,65,3615,3740,3515,2330471
395,2019-10-10,3605,95,3690,3765,3605,1328686
394,2019-10-11,3635,30,3615,3765,3590,1689035
393,2019-10-14,3605,30,3670,3720,3585,1071917
392,2019-10-15,3550,55,3590,3655,3550,971298
391,2019-10-16,3630,80,3860,4060,3620,8804170
388,2019-10-17,3650,20,3630,3655,3560,1035776
387,2019-10-18,3590,60,3635,3725,3590,1249062
386,2019-10-21,3545,45,3620,3665,3545,918785
385,2019-10-22,3490,55,3560,3605,3440,718022
384,2019-10-23,3360,130,3450,3480,3360,619925
380,2019-10-24,3350,10,3350,3425,3335,351668
379,2019-10-25,3415,65,3335,3415,3320,512053
378,2019-10-28,3495,80,3420,3540,3390,698566
377,2019-10-29,3510,15,3520,3540,3460,379102
376,2019-10-30,3415,95,3485,3545,3415,342344
373,2019-10-31,3430,15,3405,3515,3405,371940
372,2019-11-01,3340,90,3415,3430,3310,494740
371,2019-11-04,3320,20,3365,3375,3300,392994
370,2019-11-05,3310,10,3305,3355,3305,273142
369,2019-11-06,3320,10,3315,3365,3295,320461
365,2019-11-07,3280,40,3335,3335,3280,224498
364,2019-11-08,3275,5,3280,3295,3245,229830
363,2019-11-11,3270,5,3280,3295,3200,448036
362,2019-11-12,3320,50,3350,3525,3310,2427604
361,2019-11-13,3295,25,3305,3315,3245,311525
358,2019-11-14,3240,55,3275,3340,3235,385119
357,2019-11-15,3245,5,3220,3260,3210,243634
356,2019-11-18,3160,85,3225,3260,3155,390674
355,2019-11-19,3000,160,3125,3145,2985,642717
354,2019-11-20,2975,25,2985,3035,2950,329836
350,2019-11-21,2945,30,2960,3015,2925,300506
349,2019-11-22,2990,45,2920,3035,2910,379884
348,2019-11-25,3020,30,2990,3020,2935,267517
347,2019-11-26,3090,70,3020,3165,3005,457683
346,2019-11-27,3060,30,3090,3120,3045,289782
343,2019-11-28,3010,50,3050,3090,3010,141983
342,2019-11-29,2965,45,3010,3045,2940,179922
341,2019-12-02,3005,40,2930,3035,2930,206650
340,2019-12-03,2970,35,2985,3010,2950,156038
339,2019-12-04,2915,55,2945,2990,2900,162299
335,2019-12-05,2790,125,2910,2930,2725,435027
334,2019-12-06,2930,140,2795,2940,2790,281898
333,2019-12-09,2995,65,2930,3035,2920,216969
332,2019-12-10,3055,60,2990,3080,2970,278318
331,2019-12-11,3085,30,3055,3100,3030,165973
328,2019-12-12,3080,5,3075,3130,3070,215139
327,2019-12-13,3125,45,3095,3145,3080,275723
326,2019-12-16,3130,5,3125,3175,3110,172465
325,2019-12-17,3190,60,3140,3200,3115,330790
324,2019-12-18,3190,0,3205,3215,3160,176396
320,2019-12-19,3140,50,3190,3280,3140,318142
319,2019-12-20,3205,65,3145,3225,3120,236165
318,2019-12-23,3060,145,3200,3225,3050,269977
317,2019-12-24,3070,10,3045,3100,3010,152868
316,2019-12-26,3045,25,3050,3100,3045,140870
313,2019-12-27,3140,95,3055,3140,3040,151948
312,2019-12-30,3165,25,3135,3165,3125,112040
311,2020-01-02,3180,15,3155,3200,3110,189785
310,2020-01-03,3280,100,3175,3335,3175,1136880
309,2020-01-06,3015,265,3240,3250,2985,799923
305,2020-01-07,3030,15,3020,3065,3015,277367
304,2020-01-08,2775,255,3005,3015,2750,955117
303,2020-01-09,2860,85,2855,2900,2850,263378
302,2020-01-10,2940,80,2850,2975,2850,258077
301,2020-01-13,3090,150,2950,3090,2950,466936
298,2020-01-14,3070,20,3065,3145,3040,376375
297,2020-01-15,3075,5,3060,3130,3045,231802
296,2020-01-16,3140,65,3095,3200,3075,495969
295,2020-01-17,3115,25,3155,3155,3095,246016
294,2020-01-20,3105,10,3115,3170,3085,286507
290,2020-01-21,3045,60,3135,3145,3020,239270
289,2020-01-22,3090,45,3050,3110,3005,252071
288,2020-01-23,3070,20,3075,3120,3060,174715
287,2020-01-28,2890,180,2940,2965,2830,454642
286,2020-01-29,3015,125,2920,3020,2910,381139
283,2020-01-30,2925,90,3020,3080,2870,415938
282,2020-01-31,2860,65,2930,2955,2830,260681
281,2020-02-03,2870,10,2775,2905,2700,306277
280,2020-02-04,3105,235,2860,3120,2860,804744
279,2020-02-05,3080,25,3125,3150,3040,302868
275,2020-02-06,3110,30,3080,3110,3050,248002
274,2020-02-07,3110,0,3130,3155,3080,322688
273,2020-02-10,3205,95,3135,3205,3070,659966
272,2020-02-11,3155,50,3225,3225,3120,582056
271,2020-02-12,3440,285,3155,3470,3150,5181168
268,2020-02-13,3305,135,3390,3390,3240,1458451
267,2020-02-14,3475,170,3295,3530,3290,2746077
266,2020-02-17,3450,25,3475,3490,3365,1031583
265,2020-02-18,3330,120,3445,3500,3270,949690
264,2020-02-19,3260,70,3330,3375,3175,595331
260,2020-02-20,3280,20,3295,3385,3200,642085
259,2020-02-21,3180,100,3210,3280,3160,366758
258,2020-02-24,3040,140,3100,3125,3000,583762
257,2020-02-25,3205,165,3035,3220,3020,351726
256,2020-02-26,3125,80,3145,3150,3055,391294
253,2020-02-27,2935,190,3100,3125,2915,465977
252,2020-02-28,2700,235,2870,2935,2660,852219
251,2020-03-02,2735,35,2650,2750,2580,637645
250,2020-03-03,2715,20,2810,2830,2700,366993
249,2020-03-04,2850,135,2700,2855,2685,326011
245,2020-03-05,2845,5,2875,2950,2830,368931
244,2020-03-06,2760,85,2830,2845,2715,416280
243,2020-03-09,2565,195,2725,2725,2540,609391
242,2020-03-10,2610,45,2545,2615,2505,396171
241,2020-03-11,2455,155,2625,2630,2430,495909
238,2020-03-12,2245,210,2400,2455,2195,934799
237,2020-03-13,2040,205,2025,2095,1850,1226512
236,2020-03-16,1930,110,2040,2130,1910,725918
235,2020-03-17,1870,60,1690,1960,1690,738557
234,2020-03-18,1680,190,1860,1935,1675,764644
230,2020-03-19,1320,360,1685,1750,1220,1328185
229,2020-03-20,1475,155,1320,1475,1320,670595
228,2020-03-23,1330,145,1375,1390,1260,493036
227,2020-03-24,1445,115,1380,1485,1335,660331
226,2020-03-25,1600,155,1500,1635,1490,744796
223,2020-03-26,1660,60,1635,1750,1585,1151925
222,2020-03-27,1680,20,1740,1755,1585,688396
221,2020-03-30,1745,65,1615,1775,1580,592662
220,2020-03-31,1895,150,1785,1945,1785,883918
219,2020-04-01,1835,60,1900,1965,1810,687534
215,2020-04-02,1820,15,1845,1865,1730,511702
214,2020-04-03,1880,60,1860,1935,1820,585123
213,2020-04-06,1965,85,1900,1980,1865,565971
212,2020-04-07,2170,205,2030,2200,1980,2092666
211,2020-04-08,2125,45,2170,2190,2040,852542
208,2020-04-09,2135,10,2150,2165,2100,522055
207,2020-04-10,2160,25,2140,2170,2010,692473
206,2020-04-13,2110,50,2160,2175,2070,513293
205,2020-04-14,2230,120,2115,2290,2105,1231641
204,2020-04-16,2275,45,2160,2285,2135,794717
200,2020-04-17,2380,105,2325,2500,2285,1630992
199,2020-04-20,2340,40,2390,2415,2310,448025
198,2020-04-21,2235,105,2290,2325,2085,951080
197,2020-04-22,2235,0,2165,2235,2115,294179
196,2020-04-23,2215,20,2245,2340,2210,361495
193,2020-04-24,2180,35,2220,2220,2130,347213
192,2020-04-27,2285,105,2190,2310,2190,444092
191,2020-04-28,2315,30,2295,2390,2265,532372
190,2020-04-29,2310,5,2315,2365,2290,441113
189,2020-05-04,2350,40,2295,2405,2270,605920
185,2020-05-06,2430,80,2380,2450,2360,487198
184,2020-05-07,2500,70,2470,2535,2435,563356
183,2020-05-08,2580,80,2525,2655,2525,612432
182,2020-05-11,2535,45,2620,2625,2505,534128
181,2020-05-12,2455,80,2520,2530,2395,531625
178,2020-05-13,2550,95,2420,2595,2390,503778
177,2020-05-14,2530,20,2500,2690,2455,964231
176,2020-05-15,2555,25,2610,2610,2490,637693
175,2020-05-18,2620,65,2570,2640,2560,521912
174,2020-05-19,2670,50,2660,2670,2595,597378
170,2020-05-20,2850,180,2655,2890,2655,2286987
169,2020-05-21,2830,20,2840,2880,2800,585148
168,2020-05-22,2885,55,2840,3030,2805,2423835
167,2020-05-25,2935,50,2960,2980,2865,757368
166,2020-05-26,3110,175,2975,3150,2945,1796507
163,2020-05-27,3170,60,3110,3295,3075,1520986
162,2020-05-28,2995,175,3170,3275,2870,1587889
161,2020-05-29,2970,25,3005,3005,2875,686162
160,2020-06-01,3040,70,2985,3150,2985,492103
159,2020-06-02,3030,10,3080,3095,3010,424296
155,2020-06-03,3055,25,3065,3095,3015,548637
154,2020-06-04,3195,140,3095,3235,3050,2083459
153,2020-06-05,3265,70,3225,3545,3205,7036912
152,2020-06-08,3325,60,3370,3370,3260,957905
151,2020-06-09,3205,120,3335,3345,3190,791465
148,2020-06-10,3070,135,3195,3195,2965,923403
147,2020-06-11,3035,35,3090,3150,3000,799721
146,2020-06-12,2960,75,2810,2960,2745,868799
145,2020-06-15,2640,320,2960,2965,2640,980910
144,2020-06-16,2815,175,2730,2870,2695,484560
140,2020-06-17,2780,35,2770,2870,2700,425555
139,2020-06-18,2810,30,2755,2880,2755,321271
138,2020-06-19,2980,170,2835,3060,2755,1611174
137,2020-06-22,2960,20,3035,3195,2930,1206982
136,2020-06-23,2980,20,3030,3035,2910,408477
133,2020-06-24,3125,145,3025,3290,2965,4713844
132,2020-06-25,3375,250,3080,3680,3030,11447365
131,2020-06-26,3350,25,3435,3525,3250,2430092
130,2020-06-29,3160,190,3280,3300,3145,1649759
129,2020-06-30,3125,35,3200,3265,3090,763751
125,2020-07-01,3180,55,3190,3350,3130,2703694
124,2020-07-02,3140,40,3190,3255,3085,952295
123,2020-07-03,3145,5,3135,3170,3085,590130
122,2020-07-06,3130,15,3145,3180,3095,672670
121,2020-07-07,3040,90,3150,3160,3035,735288
118,2020-07-08,3275,235,3035,3315,3025,2639578
117,2020-07-09,3210,65,3300,3340,3205,800310
116,2020-07-10,3235,25,3485,3485,3200,2237960
115,2020-07-13,3245,10,3260,3260,3160,608652
114,2020-07-14,3270,25,3155,3310,3155,859249
110,2020-07-15,3385,115,3355,3470,3330,2634914
109,2020-07-16,4095,710,3395,4290,3390,33952747
108,2020-07-17,4795,700,4300,5100,4180,35702465
107,2020-07-20,4765,30,4920,4925,4545,7332487
106,2020-07-21,4805,40,4720,4870,4630,5968961
103,2020-07-22,4625,180,4720,4745,4585,3182291
102,2020-07-23,4450,175,4615,4620,4450,2338888
101,2020-07-24,4460,10,4410,4580,4360,2494166
100,2020-07-27,4495,35,4525,4725,4475,3748619
99,2020-07-28,4450,45,4520,4665,4440,1843643
95,2020-07-29,4370,80,4500,4540,4300,1186010
94,2020-07-30,4400,30,4370,4455,4330,784388
93,2020-07-31,4620,220,4440,4650,4370,2497051
92,2020-08-03,5870,1250,4700,6000,4580,40552372
91,2020-08-04,6450,580,6210,7450,6190,30790507
88,2020-08-05,6530,80,6490,6830,6320,10366879
87,2020-08-06,7850,1320,6550,8230,6410,51605567
86,2020-08-07,7210,640,7600,7600,7150,7263076
85,2020-08-10,7300,90,7290,7540,7060,5001409
84,2020-08-11,7010,290,7290,7380,6830,4268409
80,2020-08-12,7400,390,6950,8600,6750,33320215
79,2020-08-13,7340,60,7500,8090,7270,10840050
78,2020-08-14,7000,340,7390,7450,6950,3046155
77,2020-08-18,6600,400,6920,7450,6520,5617792
76,2020-08-19,6890,290,6660,7090,6660,2836278
73,2020-08-20,6600,290,6890,7060,6500,2272515
72,2020-08-21,6600,0,6710,6920,6360,2333666
71,2020-08-24,6790,190,6730,7080,6360,3267865
70,2020-08-25,7070,280,6790,7300,6790,4569779
69,2020-08-26,6950,120,7080,7200,6910,1936345
65,2020-08-27,6750,200,7000,7040,6670,1850525
64,2020-08-28,6870,120,6800,7150,6720,3162160
63,2020-08-31,7620,750,7160,7900,7040,21541396
62,2020-09-01,7410,210,7750,7760,7270,2986823
61,2020-09-02,8070,660,7450,8180,7320,12601395
58,2020-09-03,7900,170,7910,8060,7750,4229561
57,2020-09-04,7590,310,7330,7800,7260,3504736
56,2020-09-07,7710,120,7510,7960,7350,4615493
55,2020-09-08,7580,130,7810,8250,7500,7823121
54,2020-09-09,7390,190,7400,7660,7340,1587884
50,2020-09-10,7420,30,7570,7630,7400,994710
49,2020-09-11,7470,50,7420,7560,7360,1236910
48,2020-09-14,7800,330,7650,7920,7550,3197974
47,2020-09-15,7770,30,7810,7940,7700,1546009
46,2020-09-16,7600,170,7850,7850,7500,1050427
43,2020-09-17,7410,190,7570,7710,7410,948449
42,2020-09-18,7540,130,7600,7600,7360,666992
41,2020-09-21,7060,480,7340,7610,6860,1350411
40,2020-09-22,6580,480,6960,7050,6450,1500386
39,2020-09-23,6440,140,6790,6800,6150,945245
35,2020-09-24,5970,470,6260,6400,5910,1356114
34,2020-09-25,5900,70,6030,6140,5800,852233
33,2020-09-28,6390,490,5940,6390,5940,937580
32,2020-09-29,6290,100,6410,6600,6200,750171
31,2020-10-05,6310,20,6300,6340,6100,394341
28,2020-10-06,6180,130,6390,6420,6150,531511
27,2020-10-07,7190,1010,7040,7990,7030,17892818
26,2020-10-08,6980,210,7270,7360,6970,2515085
25,2020-10-12,6820,160,6970,7050,6700,1265848
24,2020-10-13,6700,120,6790,6870,6600,784188
20,2020-10-14,6550,150,6670,6700,6530,643906
19,2020-10-15,6320,230,6490,6500,6180,896419
18,2020-10-16,6170,150,6300,6400,5960,581573
17,2020-10-19,6020,150,6100,6240,5930,679937
16,2020-10-20,6090,70,5910,6110,5850,493721
13,2020-10-21,6050,40,6010,6080,5910,373175
12,2020-10-22,5870,180,5970,6050,5850,334638
11,2020-10-23,5880,10,5910,5950,5820,266102
10,2020-10-26,5260,620,5880,5900,5000,1129879
9,2020-10-27,5210,50,5120,5370,5040,570915
5,2020-10-28,5500,290,5170,5760,5170,924316
4,2020-10-29,5590,90,5380,5600,5340,369981
3,2020-10-30,5360,230,5610,5650,5340,358285
2,2020-11-02,5530,170,5330,5560,5320,236062
1,2020-11-03,5740,210,5570,5760,5560,373293
