,date,close,diff,open,high,low,volume
448,2012-01-26,650,13,662,662,638,5525
447,2012-01-27,745,95,647,747,640,114540
446,2012-01-30,694,51,737,788,680,66244
445,2012-01-31,660,34,655,695,655,24840
444,2012-02-01,680,20,678,688,664,8942
440,2012-02-02,670,10,708,708,669,9130
439,2012-02-03,740,70,747,766,668,130057
438,2012-02-06,688,52,750,773,688,25610
437,2012-02-07,693,5,702,761,693,16184
436,2012-02-08,689,4,686,728,680,13109
433,2012-02-09,710,21,713,713,676,18762
432,2012-02-10,708,2,720,741,691,6890
431,2012-02-13,716,8,683,720,683,30170
430,2012-02-14,715,1,730,730,708,8991
429,2012-02-15,714,1,694,718,694,3330
425,2012-02-16,721,7,663,753,663,8420
424,2012-02-17,688,33,695,729,673,11909
423,2012-02-20,700,12,735,735,670,8550
422,2012-02-21,699,1,689,737,689,6910
421,2012-02-22,691,8,735,735,685,5820
418,2012-02-23,714,23,718,718,683,3580
417,2012-02-24,719,5,714,729,688,6700
416,2012-02-27,701,18,719,719,696,3990
415,2012-02-28,721,20,715,743,708,1511
414,2012-02-29,718,3,728,728,701,1450
410,2012-03-02,693,25,681,723,675,12520
409,2012-03-05,690,3,735,735,685,8210
408,2012-03-06,693,3,710,710,670,9560
407,2012-03-07,692,1,692,692,692,10
406,2012-03-08,702,10,692,714,680,4960
403,2012-03-09,707,5,714,714,690,3420
402,2012-03-12,680,27,675,711,675,8360
401,2012-03-13,679,1,685,685,660,3530
400,2012-03-14,675,4,678,678,675,570
399,2012-03-15,670,5,666,673,656,1990
395,2012-03-16,649,21,650,668,641,4420
394,2012-03-19,666,17,678,678,557,100
393,2012-03-20,632,34,650,654,622,1490
392,2012-03-21,581,51,642,644,538,21800
391,2012-03-22,583,2,596,638,580,18371
388,2012-03-23,584,1,584,670,584,120830
387,2012-03-26,600,16,584,671,569,88120
386,2012-03-27,591,9,600,606,591,7190
385,2012-03-28,614,23,641,641,591,3260
384,2012-03-29,628,14,608,706,590,15230
380,2012-03-30,592,36,714,714,592,11482
379,2012-04-02,606,14,636,636,592,8730
378,2012-04-03,576,30,566,690,540,11110
377,2012-04-04,570,6,600,600,565,6530
376,2012-04-05,561,9,560,620,560,1500
373,2012-04-06,586,25,586,599,549,2340
372,2012-04-09,585,1,573,585,570,1140
371,2012-04-10,551,34,596,672,499,110190
370,2012-04-12,565,14,560,568,524,3180
369,2012-04-13,543,22,531,559,520,3930
365,2012-04-16,503,40,529,549,462,18090
364,2012-04-17,517,14,503,549,503,2080
363,2012-04-18,520,3,539,539,510,230
362,2012-04-19,507,13,536,536,490,1360
361,2012-04-20,517,10,502,518,498,350
358,2012-04-23,497,20,515,525,462,9090
357,2012-04-24,524,27,560,560,486,4100
356,2012-04-25,523,1,559,559,502,240
355,2012-04-26,532,9,586,586,516,990
354,2012-04-27,523,9,478,525,478,260
350,2012-04-30,523,0,523,523,480,120
349,2012-05-02,521,2,500,526,485,110
348,2012-05-03,521,0,528,528,500,370
347,2012-05-04,519,2,530,530,510,50
346,2012-05-07,526,7,587,587,489,800
343,2012-05-08,499,27,513,513,473,440
342,2012-05-09,521,22,542,542,521,350
341,2012-05-10,512,9,521,521,468,710
340,2012-05-11,520,8,523,523,520,210
339,2012-05-14,515,5,520,520,515,140
335,2012-05-15,516,1,500,516,500,710
334,2012-05-16,517,1,516,522,510,1040
333,2012-05-17,515,2,516,516,510,510
332,2012-05-18,456,59,548,548,438,5550
331,2012-05-21,500,44,515,515,430,4300
328,2012-05-22,521,21,500,540,476,2060
327,2012-05-23,460,61,452,531,452,1750
326,2012-05-24,465,5,499,499,421,3830
325,2012-05-25,461,4,510,510,461,3840
324,2012-05-29,487,26,413,518,413,830
320,2012-05-30,480,7,480,480,480,10
319,2012-05-31,480,0,440,480,440,30
318,2012-06-01,476,4,477,477,449,70
317,2012-06-04,458,18,456,476,451,1160
316,2012-06-05,465,7,495,495,425,460
313,2012-06-07,441,24,459,460,426,20200
312,2012-06-08,437,4,430,490,388,4560
311,2012-06-11,424,13,437,477,410,5360
310,2012-06-12,397,27,474,474,369,8180
309,2012-06-13,418,21,376,418,349,13630
305,2012-06-14,418,0,457,457,386,770
304,2012-06-15,415,3,370,415,370,780
303,2012-06-18,412,3,382,414,382,160
302,2012-06-19,399,13,400,411,380,2650
301,2012-06-20,413,14,399,420,362,3750
298,2012-06-21,409,4,380,410,380,520
297,2012-06-22,425,16,390,448,378,12590
296,2012-06-25,386,39,471,471,362,12161
295,2012-06-26,380,6,370,392,370,4754
294,2012-06-27,393,13,400,409,360,2145
290,2012-06-28,404,11,430,430,360,1910
289,2012-06-29,372,32,391,408,357,19900
288,2012-07-02,382,10,386,386,370,2135
287,2012-07-03,393,11,390,393,382,2270
286,2012-07-04,395,2,400,400,394,1320
283,2012-07-05,393,2,398,452,369,23670
282,2012-07-06,388,5,393,399,361,8285
281,2012-07-09,375,13,388,392,356,430
280,2012-07-10,401,26,365,408,351,11520
279,2012-07-11,419,18,436,444,350,30340
275,2012-07-12,374,45,426,426,366,18085
274,2012-07-13,409,35,384,428,351,26185
273,2012-07-16,420,11,436,436,375,5980
272,2012-07-17,401,19,434,434,383,6550
271,2012-07-18,401,0,420,443,387,3070
268,2012-07-19,401,0,415,415,401,3860
267,2012-07-20,396,5,370,400,360,9190
266,2012-07-23,454,58,396,455,367,133605
265,2012-07-24,522,68,455,522,455,155030
264,2012-07-25,600,78,600,600,600,16046
260,2012-07-26,690,90,690,690,690,4136
259,2012-07-27,793,103,793,793,793,29946
258,2012-07-30,911,118,793,911,793,279570
257,2012-07-31,1045,134,1045,1045,1045,83164
256,2012-08-01,1045,0,0,0,0,0
253,2012-08-02,1200,155,1200,1200,1200,13230
252,2012-08-03,1380,180,1380,1380,1140,861981
251,2012-08-06,1585,205,1380,1585,1380,393910
250,2012-08-07,1820,235,1820,1820,1820,59267
249,2012-08-08,1820,0,0,0,0,0
245,2012-08-09,1550,270,1860,1900,1550,174551
244,2012-08-10,1320,230,1320,1320,1320,6491
243,2012-08-13,1515,195,1270,1515,1215,2158799
242,2012-08-14,1740,225,1665,1740,1515,1522026
241,2012-08-16,1480,260,1740,1910,1480,1324679
238,2012-08-17,1330,150,1450,1565,1260,2187756
237,2012-08-20,1205,125,1315,1420,1185,643128
236,2012-08-21,1025,180,1220,1235,1025,1453299
235,2012-08-22,1010,15,1015,1090,945,769939
234,2012-08-23,879,131,1035,1035,864,417456
230,2012-08-24,1010,131,870,1010,819,612289
229,2012-08-27,870,140,1000,1050,870,406920
228,2012-08-28,760,110,842,857,757,371151
227,2012-08-29,818,58,770,870,770,304771
226,2012-08-30,764,54,820,820,704,169887
223,2012-08-31,783,19,770,800,744,76178
222,2012-09-03,804,21,839,894,800,250899
221,2012-09-04,808,4,820,900,807,147425
220,2012-09-05,805,3,812,813,751,107841
219,2012-09-06,925,120,825,925,798,446510
215,2012-09-07,1060,135,1060,1060,933,223975
214,2012-09-10,1215,155,1215,1215,1065,784674
213,2012-09-11,1230,15,1300,1330,1095,690028
212,2012-09-12,1130,100,1200,1240,1130,362546
211,2012-09-13,965,165,1135,1135,965,575182
208,2012-09-14,877,88,902,978,822,699724
207,2012-09-17,885,8,879,936,840,246430
206,2012-09-18,875,10,885,909,855,137854
205,2012-09-19,860,15,860,909,850,90735
204,2012-09-20,989,129,885,989,840,480907
200,2012-09-21,855,134,916,977,841,377277
199,2012-09-24,905,50,855,968,836,245741
198,2012-09-25,884,21,888,918,852,81980
197,2012-09-26,864,20,885,892,846,77080
196,2012-09-27,838,26,886,895,815,61347
193,2012-09-28,817,21,798,849,798,49766
192,2012-10-02,805,12,825,830,775,95565
191,2012-10-04,850,45,805,925,805,191457
190,2012-10-05,853,3,850,860,832,63080
189,2012-10-08,860,7,856,880,835,62519
185,2012-10-09,859,1,860,876,835,9800
184,2012-10-10,811,48,861,861,790,63095
183,2012-10-11,801,10,834,834,790,44557
182,2012-10-12,772,29,778,791,760,48611
181,2012-10-15,736,36,775,836,705,65316
178,2012-10-16,846,110,736,846,662,331314
177,2012-10-17,791,55,905,972,766,755714
176,2012-10-18,736,55,768,810,736,131111
175,2012-10-19,712,24,741,778,696,81136
174,2012-10-22,818,106,736,818,698,386940
170,2012-10-23,750,68,811,936,750,473731
169,2012-10-24,750,0,760,769,720,46693
168,2012-10-25,721,29,733,769,713,69221
167,2012-10-26,693,28,737,737,685,55941
166,2012-10-29,681,12,703,712,650,52811
163,2012-10-30,675,6,682,689,665,21640
162,2012-10-31,700,25,675,740,648,93506
161,2012-11-01,669,31,700,720,668,12422
160,2012-11-02,652,17,669,677,647,68361
159,2012-11-05,628,24,656,656,596,58563
155,2012-11-06,642,14,624,719,618,377350
154,2012-11-07,643,1,665,670,629,57837
153,2012-11-08,645,2,678,678,637,43569
152,2012-11-09,654,9,644,668,644,37400
151,2012-11-12,752,98,651,752,651,578746
148,2012-11-13,640,112,761,798,640,594534
147,2012-11-14,552,88,657,657,544,436807
146,2012-11-15,522,30,519,573,519,171987
145,2012-11-16,505,17,519,551,505,101186
144,2012-11-19,501,4,505,528,493,46720
140,2012-11-20,512,11,506,557,506,82000
139,2012-11-21,513,1,549,549,500,55550
138,2012-11-22,521,8,501,558,501,84657
137,2012-11-23,515,6,530,599,449,594030
136,2012-11-26,592,77,525,592,510,430424
133,2012-11-27,562,30,602,677,540,956269
132,2012-11-28,528,34,562,574,515,126090
131,2012-11-29,510,18,530,531,508,131111
130,2012-11-30,511,1,512,525,505,49910
129,2012-12-03,506,5,511,522,506,20426
125,2012-12-04,578,72,507,581,503,331081
124,2012-12-05,511,67,575,575,511,187541
123,2012-12-06,503,8,464,522,464,40389
122,2012-12-07,505,2,542,542,497,24370
121,2012-12-10,506,1,505,550,504,33280
118,2012-12-11,506,0,507,513,499,23140
117,2012-12-12,504,2,501,513,496,31044
116,2012-12-13,498,6,509,516,452,38360
115,2012-12-14,498,0,485,505,485,52960
114,2012-12-17,488,10,488,507,488,15890
110,2012-12-18,487,1,472,492,461,143430
109,2012-12-20,560,73,495,560,438,642449
108,2012-12-21,476,84,565,629,476,1475893
107,2012-12-24,450,26,472,472,447,109271
106,2012-12-26,453,3,460,465,449,69320
103,2012-12-27,481,28,459,500,452,68090
102,2012-12-28,474,7,473,494,468,38130
101,2013-01-02,477,3,459,485,459,26171
100,2013-01-03,480,3,499,503,475,22283
99,2013-01-04,552,72,507,552,487,420418
95,2013-01-07,634,82,560,634,541,276961
94,2013-01-08,729,95,729,729,729,34010
93,2013-01-09,838,109,838,838,780,329609
92,2013-01-10,713,125,731,873,713,1661380
91,2013-01-11,685,28,690,819,651,650347
88,2013-01-14,601,84,584,657,584,427417
87,2013-01-15,656,55,604,685,568,481773
86,2013-01-16,669,13,723,723,634,223031
85,2013-01-17,640,29,669,769,610,460146
84,2013-01-18,644,4,635,700,625,302677
80,2013-01-21,637,7,634,685,634,136581
79,2013-01-22,638,1,637,678,608,83844
78,2013-01-23,641,3,629,720,623,189341
77,2013-01-24,653,12,737,737,643,506089
76,2013-01-25,644,9,654,684,635,119419
73,2013-01-28,656,12,670,740,635,572791
72,2013-01-29,647,9,684,684,637,157880
71,2013-01-30,620,27,653,659,617,139630
70,2013-01-31,713,93,620,713,613,663400
69,2013-02-01,680,33,700,809,614,1289100
65,2013-02-04,640,40,680,721,625,368184
64,2013-02-05,633,7,631,664,626,121224
63,2013-02-06,610,23,640,645,610,96538
62,2013-02-07,601,9,590,640,589,92402
61,2013-02-08,593,8,601,639,585,102110
58,2013-02-12,600,7,616,616,580,44784
57,2013-02-13,575,25,587,590,574,194967
56,2013-02-14,531,44,560,561,506,185618
55,2013-02-15,504,27,531,531,490,203620
54,2013-02-18,500,4,515,518,478,103900
50,2013-02-19,497,3,487,510,487,104630
49,2013-02-20,519,22,495,519,488,86986
48,2013-02-21,501,18,519,529,499,68636
47,2013-02-22,496,5,486,508,486,45018
46,2013-02-25,480,16,496,496,480,55371
43,2013-02-26,432,48,471,472,432,156723
42,2013-02-27,414,18,435,495,408,276250
41,2013-02-28,357,57,414,414,355,1032824
40,2013-03-04,375,18,364,397,350,487437
39,2013-03-05,392,17,370,413,365,250805
35,2013-03-06,394,2,392,424,392,255568
34,2013-03-07,369,25,390,399,364,209489
33,2013-03-08,351,18,370,370,347,106993
32,2013-03-11,364,13,370,370,348,98790
31,2013-03-12,336,28,360,360,330,94427
28,2013-03-13,336,0,332,358,331,42452
27,2013-03-14,334,2,343,343,330,35760
26,2013-03-15,333,1,340,350,332,11351
25,2013-03-18,333,0,0,0,0,0
24,2013-03-19,333,0,0,0,0,0
20,2013-03-20,333,0,0,0,0,0
19,2013-03-21,333,0,0,0,0,0
18,2013-03-22,333,0,0,0,0,0
17,2013-03-25,333,0,0,0,0,0
16,2013-03-26,333,0,0,0,0,0
13,2013-03-27,333,0,0,0,0,0
12,2013-03-28,333,0,0,0,0,0
11,2013-03-29,333,0,0,0,0,0
10,2013-04-01,60,273,100,100,58,1724472
9,2013-04-02,65,5,60,70,51,1635942
5,2013-04-03,31,34,60,60,31,982308
4,2013-04-04,33,2,31,40,28,697451
3,2013-04-05,25,8,37,37,25,984761
2,2013-04-08,16,9,26,29,16,820556
