,date,close,diff,open,high,low,volume
448,2019-08-16,5630,0,0,0,0,0
447,2019-08-19,5630,0,0,0,0,0
446,2019-08-20,5630,0,0,0,0,0
445,2019-08-21,5630,0,0,0,0,0
444,2019-08-22,5630,0,0,0,0,0
440,2019-08-23,5630,0,0,0,0,0
439,2019-08-26,5630,0,0,0,0,0
438,2019-08-27,5630,0,0,0,0,0
437,2019-08-28,5630,0,0,0,0,0
436,2019-08-29,5630,0,0,0,0,0
433,2019-08-30,5630,0,0,0,0,0
432,2019-09-02,5630,0,0,0,0,0
431,2019-09-03,5630,0,0,0,0,0
430,2019-09-04,5630,0,0,0,0,0
429,2019-09-05,5630,0,0,0,0,0
425,2019-09-06,5630,0,0,0,0,0
424,2019-09-09,5630,0,0,0,0,0
423,2019-09-10,5630,0,0,0,0,0
422,2019-09-11,5630,0,0,0,0,0
421,2019-09-16,5630,0,0,0,0,0
418,2019-09-17,5630,0,0,0,0,0
417,2019-09-18,5630,0,0,0,0,0
416,2019-09-19,5630,0,0,0,0,0
415,2019-09-20,5630,0,0,0,0,0
414,2019-09-23,5630,0,0,0,0,0
410,2019-09-24,5630,0,0,0,0,0
409,2019-09-25,5630,0,0,0,0,0
408,2019-09-26,5630,0,0,0,0,0
407,2019-09-27,5630,0,0,0,0,0
406,2019-09-30,5630,0,0,0,0,0
403,2019-10-01,5630,0,0,0,0,0
402,2019-10-02,5630,0,0,0,0,0
401,2019-10-04,5630,0,0,0,0,0
400,2019-10-07,5630,0,0,0,0,0
399,2019-10-08,5630,0,0,0,0,0
395,2019-10-10,5630,0,0,0,0,0
394,2019-10-11,5630,0,0,0,0,0
393,2019-10-14,5630,0,0,0,0,0
392,2019-10-15,5630,0,0,0,0,0
391,2019-10-16,5630,0,0,0,0,0
388,2019-10-17,5630,0,0,0,0,0
387,2019-10-18,5630,0,0,0,0,0
386,2019-10-21,5630,0,0,0,0,0
385,2019-10-22,5630,0,0,0,0,0
384,2019-10-23,5630,0,0,0,0,0
380,2019-10-24,5630,0,0,0,0,0
379,2019-10-25,5630,0,0,0,0,0
378,2019-10-28,5630,0,0,0,0,0
377,2019-10-29,5630,0,0,0,0,0
376,2019-10-30,5630,0,0,0,0,0
373,2019-10-31,5630,0,0,0,0,0
372,2019-11-01,5630,0,0,0,0,0
371,2019-11-04,5630,0,0,0,0,0
370,2019-11-05,5630,0,0,0,0,0
369,2019-11-06,5630,0,0,0,0,0
365,2019-11-07,5630,0,0,0,0,0
364,2019-11-08,5630,0,0,0,0,0
363,2019-11-11,5630,0,0,0,0,0
362,2019-11-12,5630,0,0,0,0,0
361,2019-11-13,5630,0,0,0,0,0
358,2019-11-14,5630,0,0,0,0,0
357,2019-11-15,5630,0,0,0,0,0
356,2019-11-18,5630,0,0,0,0,0
355,2019-11-19,5630,0,0,0,0,0
354,2019-11-20,5630,0,0,0,0,0
350,2019-11-21,5630,0,0,0,0,0
349,2019-11-22,5630,0,0,0,0,0
348,2019-11-25,5630,0,0,0,0,0
347,2019-11-26,5630,0,0,0,0,0
346,2019-11-27,5630,0,0,0,0,0
343,2019-11-28,5630,0,0,0,0,0
342,2019-11-29,5630,0,0,0,0,0
341,2019-12-02,5630,0,0,0,0,0
340,2019-12-03,5630,0,0,0,0,0
339,2019-12-04,5630,0,0,0,0,0
335,2019-12-05,5630,0,0,0,0,0
334,2019-12-06,5630,0,0,0,0,0
333,2019-12-09,5630,0,0,0,0,0
332,2019-12-10,5630,0,0,0,0,0
331,2019-12-11,5630,0,0,0,0,0
328,2019-12-12,5630,0,0,0,0,0
327,2019-12-13,5630,0,0,0,0,0
326,2019-12-16,5630,0,0,0,0,0
325,2019-12-17,5630,0,0,0,0,0
324,2019-12-18,5630,0,0,0,0,0
320,2019-12-19,5630,0,0,0,0,0
319,2019-12-20,5630,0,0,0,0,0
318,2019-12-23,5630,0,0,0,0,0
317,2019-12-24,5630,0,0,0,0,0
316,2019-12-26,5630,0,0,0,0,0
313,2019-12-27,5630,0,0,0,0,0
312,2019-12-30,5630,0,0,0,0,0
311,2020-01-02,5630,0,0,0,0,0
310,2020-01-03,5630,0,0,0,0,0
309,2020-01-06,5630,0,0,0,0,0
305,2020-01-07,5630,0,0,0,0,0
304,2020-01-08,5630,0,0,0,0,0
303,2020-01-09,5630,0,0,0,0,0
302,2020-01-10,5630,0,0,0,0,0
301,2020-01-13,5630,0,0,0,0,0
298,2020-01-14,5630,0,0,0,0,0
297,2020-01-15,5630,0,0,0,0,0
296,2020-01-16,5630,0,0,0,0,0
295,2020-01-17,5630,0,0,0,0,0
294,2020-01-20,5630,0,0,0,0,0
290,2020-01-21,5630,0,0,0,0,0
289,2020-01-22,5630,0,0,0,0,0
288,2020-01-23,5630,0,0,0,0,0
287,2020-01-28,5630,0,0,0,0,0
286,2020-01-29,5630,0,0,0,0,0
283,2020-01-30,5630,0,0,0,0,0
282,2020-01-31,5630,0,0,0,0,0
281,2020-02-03,5630,0,0,0,0,0
280,2020-02-04,5630,0,0,0,0,0
279,2020-02-05,5630,0,0,0,0,0
275,2020-02-06,5630,0,0,0,0,0
274,2020-02-07,5630,0,0,0,0,0
273,2020-02-10,5630,0,0,0,0,0
272,2020-02-11,5630,0,0,0,0,0
271,2020-02-12,5630,0,0,0,0,0
268,2020-02-13,5630,0,0,0,0,0
267,2020-02-14,5630,0,0,0,0,0
266,2020-02-17,5630,0,0,0,0,0
265,2020-02-18,5630,0,0,0,0,0
264,2020-02-19,5630,0,0,0,0,0
260,2020-02-20,5630,0,0,0,0,0
259,2020-02-21,5630,0,0,0,0,0
258,2020-02-24,5630,0,0,0,0,0
257,2020-02-25,5630,0,0,0,0,0
256,2020-02-26,5630,0,0,0,0,0
253,2020-02-27,5630,0,0,0,0,0
252,2020-02-28,5630,0,0,0,0,0
251,2020-03-02,5630,0,0,0,0,0
250,2020-03-03,5630,0,0,0,0,0
249,2020-03-04,5630,0,0,0,0,0
245,2020-03-05,5630,0,0,0,0,0
244,2020-03-06,5630,0,0,0,0,0
243,2020-03-09,5630,0,0,0,0,0
242,2020-03-10,5630,0,0,0,0,0
241,2020-03-11,5630,0,0,0,0,0
238,2020-03-12,5630,0,0,0,0,0
237,2020-03-13,5630,0,0,0,0,0
236,2020-03-16,5630,0,0,0,0,0
235,2020-03-17,5630,0,0,0,0,0
234,2020-03-18,5630,0,0,0,0,0
230,2020-03-19,5630,0,0,0,0,0
229,2020-03-20,5630,0,0,0,0,0
228,2020-03-23,5630,0,0,0,0,0
227,2020-03-24,5630,0,0,0,0,0
226,2020-03-25,5630,0,0,0,0,0
223,2020-03-26,5630,0,0,0,0,0
222,2020-03-27,5630,0,0,0,0,0
221,2020-03-30,5630,0,0,0,0,0
220,2020-03-31,5630,0,0,0,0,0
219,2020-04-01,5630,0,0,0,0,0
215,2020-04-02,5630,0,0,0,0,0
214,2020-04-03,5630,0,0,0,0,0
213,2020-04-06,6320,380,6700,7540,6230,442258
212,2020-04-07,6110,210,6320,6450,5970,235146
211,2020-04-08,6350,240,6080,6360,5960,206212
208,2020-04-09,6500,150,6350,6650,6260,198525
207,2020-04-10,6390,110,6540,6600,6300,80466
206,2020-04-13,6150,240,6400,6440,6120,67650
205,2020-04-14,6110,40,6150,6220,6100,48026
204,2020-04-16,5930,180,6100,6100,5820,77394
200,2020-04-17,6430,500,6010,6430,5980,94776
199,2020-04-20,6300,130,6400,6440,6220,73387
198,2020-04-21,6480,180,6300,6480,6190,108735
197,2020-04-22,6640,160,6480,6670,6400,101144
196,2020-04-23,6820,180,6640,6820,6600,87123
193,2020-04-24,6520,300,6810,6810,6520,90576
192,2020-04-27,6780,260,6530,6800,6460,57904
191,2020-04-28,7220,440,6830,7330,6780,162493
190,2020-04-29,7900,680,7500,7980,7340,297578
189,2020-05-04,8340,440,7820,8480,7650,184269
185,2020-05-06,9100,760,8350,9140,8340,194930
184,2020-05-07,9240,140,9040,9590,8720,218808
183,2020-05-08,9240,0,9200,9400,9010,65295
182,2020-05-11,9000,240,9230,9230,8900,81403
181,2020-05-12,8800,200,9000,9000,8430,103681
178,2020-05-13,8750,50,8510,8780,8470,49731
177,2020-05-14,8670,80,8670,8730,8410,55804
176,2020-05-15,8470,200,8710,8730,8430,62664
175,2020-05-18,8520,50,8460,8650,8130,65572
174,2020-05-19,8670,150,8520,8770,8230,70266
170,2020-05-20,8590,80,8750,8750,8490,33560
169,2020-05-21,8540,50,8700,8700,8480,32746
168,2020-05-22,8350,190,8600,8600,8290,32830
167,2020-05-25,8350,0,8470,8470,8200,32852
166,2020-05-26,8240,110,8410,8430,8190,102829
163,2020-05-27,8050,190,8300,8300,7990,90355
162,2020-05-28,8030,20,8000,8090,7840,44634
161,2020-05-29,7940,90,8080,8130,7890,42693
160,2020-06-01,7990,50,7870,8060,7870,60403
159,2020-06-02,7850,140,7990,8040,7790,93104
155,2020-06-03,7780,70,7850,7980,7690,65260
154,2020-06-04,7700,80,7750,7750,7570,49193
153,2020-06-05,7510,190,7700,7750,7500,79940
152,2020-06-08,7960,450,7650,7960,7540,75732
151,2020-06-09,7900,60,8000,8050,7800,56335
148,2020-06-10,7900,0,7940,7940,7800,27219
147,2020-06-11,7730,170,7880,8060,7710,57849
146,2020-06-12,7550,180,7310,7650,7310,42947
145,2020-06-15,7220,330,7400,7700,7220,46586
144,2020-06-16,7400,180,7240,7460,7240,51070
140,2020-06-17,7470,70,7330,7550,7250,15859
139,2020-06-18,7470,0,7470,7650,7430,35885
138,2020-06-19,7500,30,7470,7560,7380,24394
137,2020-06-22,7380,120,7500,7500,7320,28703
136,2020-06-23,7570,190,7420,7670,7390,56156
133,2020-06-24,7550,20,7640,7650,7470,30345
132,2020-06-25,7460,90,7550,7550,7390,27010
131,2020-06-26,7410,50,7460,7560,7400,13134
130,2020-06-29,7300,110,7400,7400,7180,19728
129,2020-06-30,7330,30,7300,7430,7180,33522
125,2020-07-01,7250,80,7490,7490,7140,25939
124,2020-07-02,7190,60,7250,7260,7100,24568
123,2020-07-03,7270,80,7160,7350,7150,18555
122,2020-07-06,7330,60,7320,7370,7250,18897
121,2020-07-07,7220,110,7270,7350,7180,24052
118,2020-07-08,7190,30,7250,7300,7080,19610
117,2020-07-09,7180,10,7190,7240,7090,17736
116,2020-07-10,7040,140,7230,7230,6950,41600
115,2020-07-13,7080,40,7060,7210,6960,36820
114,2020-07-14,7020,60,7080,7120,6950,17968
110,2020-07-15,7050,30,7030,7190,6990,21425
109,2020-07-16,7100,50,7030,7130,7030,25110
108,2020-07-17,7100,0,7190,7190,7030,22421
107,2020-07-20,7120,20,7120,7130,7070,13340
106,2020-07-21,7460,340,7130,7500,7090,58319
103,2020-07-22,7380,80,7520,7520,7280,27454
102,2020-07-23,7450,70,7380,7460,7190,36012
101,2020-07-24,7850,400,7440,7950,7440,128513
100,2020-07-27,8500,650,7850,8530,7850,194857
99,2020-07-28,8400,100,8570,8680,8360,92557
95,2020-07-29,8370,30,8410,8500,8270,57267
94,2020-07-30,8630,260,8370,8680,8330,95737
93,2020-07-31,8550,80,8630,8700,8540,46306
92,2020-08-03,8480,70,8750,8750,8450,69450
91,2020-08-04,8550,70,8530,8630,8310,54237
88,2020-08-05,8500,50,8550,8690,8420,44554
87,2020-08-06,8430,70,8500,8600,8360,62902
86,2020-08-07,8030,400,8450,8470,8030,55989
85,2020-08-10,8190,160,8230,8230,7970,42123
84,2020-08-11,8130,60,8230,8230,8000,50603
80,2020-08-12,8400,270,8150,8410,8000,64828
79,2020-08-13,8380,20,8530,8680,8180,68460
78,2020-08-14,8360,20,8570,8570,8150,40092
77,2020-08-18,7510,850,7990,8000,7080,232175
76,2020-08-19,7550,40,7420,7740,7400,44939
73,2020-08-20,7170,380,7550,7670,7060,67814
72,2020-08-21,7270,100,7170,7330,7080,47318
71,2020-08-24,7270,0,7390,7390,7100,24230
70,2020-08-25,7460,190,7210,7560,7210,41341
69,2020-08-26,7350,110,7720,7720,7260,34798
65,2020-08-27,7320,30,7580,7580,7160,35373
64,2020-08-28,7200,120,7390,7390,7030,55366
63,2020-08-31,7370,170,7330,7510,7290,43961
62,2020-09-01,7350,20,7390,7400,7200,33987
61,2020-09-02,7490,140,7450,7570,7150,54783
58,2020-09-03,7510,20,7500,7590,7420,38978
57,2020-09-04,7360,150,7220,7490,7220,48798
56,2020-09-07,7400,40,7350,7400,7220,73195
55,2020-09-08,7850,450,7470,7850,7410,116321
54,2020-09-09,8270,420,7850,8330,7700,241304
50,2020-09-10,8940,670,8420,9010,8320,275648
49,2020-09-11,8790,150,8870,9050,8400,177365
48,2020-09-14,9000,210,8800,9100,8800,108559
47,2020-09-15,9030,30,8970,9130,8770,94612
46,2020-09-16,9330,300,9080,9360,8960,144582
43,2020-09-17,9000,330,9330,9500,8830,103231
42,2020-09-18,9210,210,8910,9350,8800,87968
41,2020-09-21,9110,100,9300,9920,8770,384391
40,2020-09-22,9120,10,9220,9220,8820,72604
39,2020-09-23,9140,20,9110,9220,8810,63672
35,2020-09-24,8850,290,8990,9040,8820,70051
34,2020-09-25,8990,140,8820,9040,8820,27335
33,2020-09-28,9320,330,8960,9400,8960,90131
32,2020-09-29,9330,10,9440,9450,9230,42141
31,2020-10-05,9200,130,9340,9590,9190,36696
28,2020-10-06,9240,40,9210,9340,9200,37099
27,2020-10-07,9220,20,9110,9260,9060,32914
26,2020-10-08,9240,20,9220,9320,9170,45250
25,2020-10-12,9240,0,9260,9340,9210,32880
24,2020-10-13,9250,10,9230,9350,9040,58053
20,2020-10-14,9070,180,9220,9290,8860,35168
19,2020-10-15,8860,210,9190,9190,8820,66948
18,2020-10-16,8700,160,9000,9010,8570,61117
17,2020-10-19,8760,60,8790,8820,8600,17192
16,2020-10-20,8750,10,8860,8860,8560,27056
13,2020-10-21,8680,70,8810,8810,8620,18147
12,2020-10-22,8680,0,8600,8780,8580,35706
11,2020-10-23,8700,20,8650,8750,8520,44459
10,2020-10-26,8260,440,8790,8790,8240,44216
9,2020-10-27,8250,10,8030,8300,8020,31174
5,2020-10-28,8350,100,8390,8400,8160,24592
4,2020-10-29,8650,300,8260,8670,8120,100131
3,2020-10-30,8620,30,8900,8900,8570,77735
2,2020-11-02,8970,350,8530,8980,8520,69046
1,2020-11-03,8980,10,9000,9000,8790,23169
