,date,close,diff,open,high,low,volume
438,2020-08-31,4735,65,4800,4800,4640,2881153
258,2020-08-31,4735,65,4800,4800,4640,2881153
63,2020-08-31,4735,65,4800,4800,4640,2881153
183,2020-08-31,4735,65,4800,4800,4640,2881153
273,2020-08-31,4735,65,4800,4800,4640,2881153
228,2020-08-31,4735,65,4800,4800,4640,2881153
288,2020-08-31,4735,65,4800,4800,4640,2881153
78,2020-08-31,4735,65,4800,4800,4640,2881153
303,2020-08-31,4735,65,4800,4800,4640,2881153
93,2020-08-31,4735,65,4800,4800,4640,2881153
318,2020-08-31,4735,65,4800,4800,4640,2881153
108,2020-08-31,4735,65,4800,4800,4640,2881153
333,2020-08-31,4735,65,4800,4800,4640,2881153
348,2020-08-31,4735,65,4800,4800,4640,2881153
123,2020-08-31,4735,65,4800,4800,4640,2881153
213,2020-08-31,4735,65,4800,4800,4640,2881153
363,2020-08-31,4735,65,4800,4800,4640,2881153
423,2020-08-31,4735,65,4800,4800,4640,2881153
198,2020-08-31,4735,65,4800,4800,4640,2881153
168,2020-08-31,4735,65,4800,4800,4640,2881153
408,2020-08-31,4735,65,4800,4800,4640,2881153
153,2020-08-31,4735,65,4800,4800,4640,2881153
393,2020-08-31,4735,65,4800,4800,4640,2881153
243,2020-08-31,4735,65,4800,4800,4640,2881153
378,2020-08-31,4735,65,4800,4800,4640,2881153
138,2020-08-31,4735,65,4800,4800,4640,2881153
152,2020-09-01,4780,45,4740,4840,4735,526689
92,2020-09-01,4780,45,4740,4840,4735,526689
107,2020-09-01,4780,45,4740,4840,4735,526689
212,2020-09-01,4780,45,4740,4840,4735,526689
167,2020-09-01,4780,45,4740,4840,4735,526689
77,2020-09-01,4780,45,4740,4840,4735,526689
242,2020-09-01,4780,45,4740,4840,4735,526689
122,2020-09-01,4780,45,4740,4840,4735,526689
137,2020-09-01,4780,45,4740,4840,4735,526689
182,2020-09-01,4780,45,4740,4840,4735,526689
62,2020-09-01,4780,45,4740,4840,4735,526689
437,2020-09-01,4780,45,4740,4840,4735,526689
227,2020-09-01,4780,45,4740,4840,4735,526689
272,2020-09-01,4780,45,4740,4840,4735,526689
347,2020-09-01,4780,45,4740,4840,4735,526689
422,2020-09-01,4780,45,4740,4840,4735,526689
407,2020-09-01,4780,45,4740,4840,4735,526689
392,2020-09-01,4780,45,4740,4840,4735,526689
377,2020-09-01,4780,45,4740,4840,4735,526689
362,2020-09-01,4780,45,4740,4840,4735,526689
332,2020-09-01,4780,45,4740,4840,4735,526689
317,2020-09-01,4780,45,4740,4840,4735,526689
197,2020-09-01,4780,45,4740,4840,4735,526689
302,2020-09-01,4780,45,4740,4840,4735,526689
257,2020-09-01,4780,45,4740,4840,4735,526689
287,2020-09-01,4780,45,4740,4840,4735,526689
226,2020-09-02,4780,0,4800,4820,4770,281988
436,2020-09-02,4780,0,4800,4820,4770,281988
421,2020-09-02,4780,0,4800,4820,4770,281988
271,2020-09-02,4780,0,4800,4820,4770,281988
211,2020-09-02,4780,0,4800,4820,4770,281988
406,2020-09-02,4780,0,4800,4820,4770,281988
286,2020-09-02,4780,0,4800,4820,4770,281988
391,2020-09-02,4780,0,4800,4820,4770,281988
376,2020-09-02,4780,0,4800,4820,4770,281988
301,2020-09-02,4780,0,4800,4820,4770,281988
361,2020-09-02,4780,0,4800,4820,4770,281988
256,2020-09-02,4780,0,4800,4820,4770,281988
346,2020-09-02,4780,0,4800,4820,4770,281988
331,2020-09-02,4780,0,4800,4820,4770,281988
316,2020-09-02,4780,0,4800,4820,4770,281988
241,2020-09-02,4780,0,4800,4820,4770,281988
151,2020-09-02,4780,0,4800,4820,4770,281988
181,2020-09-02,4780,0,4800,4820,4770,281988
61,2020-09-02,4780,0,4800,4820,4770,281988
76,2020-09-02,4780,0,4800,4820,4770,281988
91,2020-09-02,4780,0,4800,4820,4770,281988
196,2020-09-02,4780,0,4800,4820,4770,281988
121,2020-09-02,4780,0,4800,4820,4770,281988
136,2020-09-02,4780,0,4800,4820,4770,281988
166,2020-09-02,4780,0,4800,4820,4770,281988
106,2020-09-02,4780,0,4800,4820,4770,281988
58,2020-09-03,4710,70,4780,4790,4705,430289
57,2020-09-04,4725,15,4675,4730,4650,303860
56,2020-09-07,4690,35,4720,4720,4680,302528
55,2020-09-08,4695,5,4690,4710,4680,162889
54,2020-09-09,4695,0,4705,4705,4680,131533
50,2020-09-10,4700,5,4705,4705,4680,125254
49,2020-09-11,4700,0,4700,4705,4690,203424
48,2020-09-14,4705,5,4700,4710,4690,126059
47,2020-09-15,4705,0,4710,4710,4695,124607
46,2020-09-16,4710,5,4705,4710,4700,165725
43,2020-09-17,4705,5,4710,4725,4700,185346
42,2020-09-18,4720,15,4710,4725,4700,144638
41,2020-09-21,4710,10,4705,4720,4705,212739
40,2020-09-22,4705,5,4705,4710,4700,99795
39,2020-09-23,4710,5,4710,4720,4695,73163
35,2020-09-24,4710,0,4710,4715,4690,135615
34,2020-09-25,4720,10,4710,4720,4700,126271
33,2020-09-28,4715,5,4720,4730,4715,131907
32,2020-09-29,4735,20,4725,4740,4715,68078
31,2020-10-05,4765,30,4740,4775,4735,183850
28,2020-10-06,4785,20,4765,4785,4745,102085
27,2020-10-07,4785,0,4790,4790,4760,81563
26,2020-10-08,4830,45,4785,4830,4780,186285
25,2020-10-12,4835,5,4830,4845,4800,120341
24,2020-10-13,4845,10,4830,4845,4810,82717
20,2020-10-14,4840,5,4845,4855,4830,173102
19,2020-10-15,4855,15,4850,4860,4830,60807
18,2020-10-16,4860,5,4860,4870,4850,91433
17,2020-10-19,4910,50,4870,4930,4855,209711
16,2020-10-20,4925,15,4930,4930,4880,121980
13,2020-10-21,4920,5,4930,4935,4910,228990
12,2020-10-22,4935,15,4920,4935,4910,296060
11,2020-10-23,4940,5,4940,4950,4920,317295
10,2020-10-26,4935,5,4965,4965,4920,240107
9,2020-10-27,4945,10,4940,4955,4930,156469
5,2020-10-28,4950,5,4950,4950,4925,113143
4,2020-10-29,4940,10,4940,4950,4930,107974
3,2020-10-30,4950,10,4950,4955,4925,90397
2,2020-11-02,4945,5,4945,4960,4935,157788
1,2020-11-03,4940,5,4950,4955,4935,118005
