,date,close,diff,open,high,low,volume
448,2011-01-31,328,10,340,365,325,1417935
447,2011-02-01,339,11,333,354,325,1027297
446,2011-02-07,339,0,343,359,339,498538
445,2011-02-08,353,14,339,354,324,1130361
444,2011-02-09,329,24,353,360,302,1590258
440,2011-02-10,340,11,333,349,317,854037
439,2011-02-11,348,8,344,350,331,675046
438,2011-02-14,350,2,343,351,326,691838
437,2011-02-15,347,3,350,350,333,643986
436,2011-02-16,338,9,347,351,336,481638
433,2011-02-17,329,9,338,338,313,365256
432,2011-02-18,328,1,333,334,320,458280
431,2011-02-21,320,8,330,330,317,300190
430,2011-02-22,309,11,320,320,298,408419
429,2011-02-23,305,4,310,315,296,626722
425,2011-02-24,287,18,310,310,268,1095799
424,2011-02-25,284,3,304,304,276,237867
423,2011-02-28,282,2,299,302,277,231826
422,2011-03-02,270,12,284,284,270,343017
421,2011-03-03,270,0,277,277,264,618864
418,2011-03-04,310,40,273,310,273,1834987
417,2011-03-07,346,36,313,356,300,6263761
416,2011-03-08,300,46,356,360,295,4962902
415,2011-03-09,271,29,286,297,269,1733558
414,2011-03-10,263,8,255,290,255,1655216
410,2011-03-11,286,23,262,302,256,2699079
409,2011-03-14,287,1,286,296,265,517386
408,2011-03-15,278,9,289,292,270,650942
407,2011-03-16,281,3,288,288,270,152713
406,2011-03-17,271,10,280,281,265,344319
403,2011-03-18,276,5,271,286,265,658157
402,2011-03-21,277,1,275,285,270,252191
401,2011-03-22,278,1,276,285,267,578347
400,2011-03-23,270,8,281,282,266,1058393
399,2011-03-24,273,3,274,278,263,577261
395,2011-03-25,271,2,275,275,267,300035
394,2011-03-28,264,7,269,275,262,241414
393,2011-03-29,249,15,257,260,242,1319071
392,2011-03-30,251,2,259,259,245,494369
391,2011-03-31,252,1,248,268,242,1490528
388,2011-04-01,246,6,257,257,246,344305
387,2011-04-04,256,10,250,264,248,360492
386,2011-04-05,254,2,255,261,250,185003
385,2011-04-06,238,16,249,256,233,863167
384,2011-04-07,247,9,273,273,246,7360519
380,2011-04-08,241,6,247,254,232,1522432
379,2011-04-11,227,14,241,241,220,2018283
378,2011-04-12,228,1,222,232,221,894112
377,2011-04-13,223,5,232,232,221,774458
376,2011-04-14,230,7,225,234,215,964450
373,2011-04-15,231,1,227,243,227,884540
372,2011-04-18,215,16,231,234,211,1529699
371,2011-04-19,215,0,207,223,207,1089844
370,2011-04-20,224,9,215,225,211,1327455
369,2011-04-21,257,33,257,257,257,608313
365,2011-04-22,295,38,295,295,295,710353
364,2011-04-25,339,44,339,339,310,14843935
363,2011-04-26,389,50,346,389,327,7739824
362,2011-04-27,392,3,415,432,369,12106366
361,2011-04-28,441,49,416,450,390,12103898
358,2011-04-29,507,66,446,507,445,9854968
357,2011-05-02,431,76,431,431,431,795891
356,2011-05-03,367,64,420,490,367,16384438
355,2011-05-04,322,45,354,365,312,13454794
354,2011-05-06,301,21,324,366,289,12750809
350,2011-05-09,301,0,0,0,0,0
349,2011-05-11,301,0,0,0,0,0
348,2011-05-12,301,0,0,0,0,0
347,2011-05-13,256,45,262,298,256,6421765
346,2011-05-16,269,13,260,287,230,5364735
343,2011-05-17,263,6,269,279,257,2000696
342,2011-05-18,227,36,263,266,225,5811808
341,2011-05-19,261,34,238,261,230,3846584
340,2011-05-20,300,39,279,300,272,6262929
339,2011-05-23,335,35,306,345,301,7869600
335,2011-05-24,333,2,339,374,304,8324157
334,2011-05-25,318,15,345,357,314,2860963
333,2011-05-26,276,42,318,330,276,2123966
332,2011-05-27,290,14,299,312,281,2148574
331,2011-05-30,320,30,290,323,276,1485343
328,2011-05-31,320,0,0,0,0,0
327,2011-06-01,309,11,311,345,308,1988521
326,2011-06-02,355,46,303,355,303,2535887
325,2011-06-03,309,46,370,374,307,4025663
324,2011-06-07,269,40,300,304,263,2885219
320,2011-06-08,258,11,265,292,258,1865779
319,2011-06-09,264,6,256,275,247,1738991
318,2011-06-10,240,24,269,269,240,1579974
317,2011-06-13,216,24,230,242,214,1734264
316,2011-06-14,230,14,213,246,189,3958655
313,2011-06-15,219,11,232,239,215,1076161
312,2011-06-16,211,8,218,223,204,1232112
311,2011-06-17,180,31,218,219,180,2173794
310,2011-06-20,165,15,174,195,165,4145032
309,2011-06-21,167,2,168,178,163,2883710
305,2011-06-22,142,25,172,173,142,12660177
304,2011-06-23,121,21,139,142,121,22563250
303,2011-06-24,121,0,109,130,109,17174753
302,2011-06-27,121,0,124,127,119,4411298
301,2011-06-28,119,2,121,122,115,2688198
298,2011-06-29,136,17,119,136,119,9349285
297,2011-06-30,127,9,142,143,126,7062765
296,2011-07-01,135,8,131,143,127,8141850
295,2011-07-04,135,0,136,140,131,3895446
294,2011-07-05,150,15,137,155,136,8658783
290,2011-07-06,150,0,146,156,140,8288249
289,2011-07-07,147,3,151,156,143,3226245
288,2011-07-08,137,10,147,149,137,2515416
287,2011-07-11,134,3,137,138,127,4437271
286,2011-07-12,140,6,134,145,130,2332074
283,2011-07-13,133,7,140,146,133,3249530
282,2011-07-14,140,7,130,141,130,2509144
281,2011-07-15,141,1,140,151,139,5053068
280,2011-07-18,140,1,140,144,135,2330083
279,2011-07-19,145,5,142,148,139,1506736
275,2011-07-20,166,21,145,166,145,5191022
274,2011-07-21,168,2,170,189,160,7318715
273,2011-07-22,143,25,168,169,143,5758186
272,2011-07-25,142,1,141,156,138,6834418
271,2011-07-26,143,1,144,147,137,2249408
268,2011-07-27,144,1,144,153,143,3259990
267,2011-07-28,137,7,145,146,137,1850662
266,2011-07-29,137,0,137,144,136,1497323
265,2011-08-01,157,20,157,157,150,5221330
264,2011-08-02,149,8,162,165,144,6452288
260,2011-08-03,146,3,148,152,139,2100047
259,2011-08-04,139,7,148,148,137,1118653
258,2011-08-05,131,8,135,139,127,1635976
257,2011-08-08,126,5,135,142,112,2138430
256,2011-08-09,110,16,114,124,108,1123067
253,2011-08-10,126,16,116,126,115,1264521
252,2011-08-11,135,9,116,139,116,2209584
251,2011-08-12,133,2,139,148,133,3800305
250,2011-08-16,146,13,138,150,138,2710943
249,2011-08-17,167,21,147,167,142,4169606
245,2011-08-18,176,9,170,184,164,5813804
244,2011-08-19,150,26,165,185,150,5807537
243,2011-08-22,131,19,130,143,130,7899679
242,2011-08-23,128,3,134,140,117,4120977
241,2011-08-24,126,2,131,135,123,3065961
238,2011-08-25,130,4,130,131,122,1872594
237,2011-08-26,122,8,128,130,122,977056
236,2011-08-29,129,7,123,131,121,2889266
235,2011-08-30,127,2,129,132,124,1072202
234,2011-08-31,125,2,127,127,119,1473164
230,2011-09-01,124,1,124,129,123,1049547
229,2011-09-02,120,4,125,125,117,1574254
228,2011-09-05,114,6,120,122,110,1807316
227,2011-09-06,112,2,109,117,106,1419232
226,2011-09-07,109,3,113,119,109,2074063
223,2011-09-08,105,4,111,114,104,2032946
222,2011-09-09,99,6,105,105,98,2029671
221,2011-09-14,99,0,101,107,98,1977170
220,2011-09-15,100,1,103,103,98,974704
219,2011-09-16,100,0,100,106,99,2963737
215,2011-09-19,110,10,101,114,99,5072815
214,2011-09-20,107,3,110,114,104,2875319
213,2011-09-21,98,9,105,110,95,4704687
212,2011-09-22,98,0,0,0,0,0
211,2011-09-23,98,0,0,0,0,0
208,2011-09-26,98,0,0,0,0,0
207,2011-09-27,98,0,0,0,0,0
206,2011-09-28,98,0,0,0,0,0
205,2011-09-29,98,0,0,0,0,0
204,2011-09-30,98,0,0,0,0,0
200,2011-10-04,98,0,0,0,0,0
199,2011-10-05,98,0,0,0,0,0
198,2011-10-06,98,0,0,0,0,0
197,2011-10-07,98,0,0,0,0,0
196,2011-10-10,98,0,0,0,0,0
193,2011-10-11,98,0,0,0,0,0
192,2011-10-12,98,0,0,0,0,0
191,2011-10-13,98,0,0,0,0,0
190,2011-10-14,98,0,0,0,0,0
189,2011-10-17,1565,115,1450,1665,1340,1945446
185,2011-10-18,1570,5,1500,1650,1465,661301
184,2011-10-19,1400,170,1585,1635,1375,274246
183,2011-10-20,1220,180,1365,1385,1210,469287
182,2011-10-21,1215,5,1185,1270,1165,183516
181,2011-10-24,1085,130,1130,1185,1085,317558
178,2011-10-25,1245,160,1055,1245,1015,439147
177,2011-10-26,1060,185,1060,1060,1060,228897
176,2011-10-27,1055,5,990,1060,990,1133240
175,2011-10-28,1140,85,1080,1200,1055,905948
174,2011-10-31,1100,40,1140,1220,1090,344283
170,2011-11-01,1145,45,1115,1170,1060,247774
169,2011-11-02,1125,20,1130,1190,1075,176922
168,2011-11-03,1080,45,1135,1135,1065,172289
167,2011-11-04,1085,5,1100,1130,1070,154383
166,2011-11-07,1180,95,1075,1245,1075,514652
163,2011-11-08,1185,5,1205,1205,1125,155656
162,2011-11-09,1325,140,1180,1340,1155,340717
161,2011-11-10,1405,80,1280,1490,1260,520057
160,2011-11-11,1410,5,1450,1485,1360,372783
159,2011-11-14,1620,210,1500,1620,1500,852788
155,2011-11-15,1520,100,1620,1730,1410,534646
154,2011-11-16,1445,75,1515,1520,1365,381055
153,2011-11-17,1400,45,1415,1440,1370,100570
152,2011-11-18,1295,105,1390,1400,1240,319546
151,2011-11-21,1240,55,1310,1340,1240,134517
148,2011-11-22,1210,30,1230,1360,1210,118518
147,2011-11-23,1235,25,1215,1265,1190,80031
146,2011-11-24,1380,145,1280,1415,1265,375639
145,2011-11-25,1285,95,1380,1380,1250,160857
144,2011-11-28,1320,35,1270,1320,1255,67203
140,2011-11-29,1285,35,1305,1340,1265,95416
139,2011-11-30,1330,45,1265,1330,1260,91621
138,2011-12-01,1370,40,1380,1420,1345,120046
137,2011-12-02,1290,80,1285,1375,1280,151357
136,2011-12-05,1310,20,1330,1345,1150,519352
133,2011-12-06,1305,5,1285,1350,1250,429243
132,2011-12-07,1440,135,1330,1495,1295,437716
131,2011-12-08,1340,100,1470,1550,1320,331626
130,2011-12-09,1365,25,1325,1410,1285,245757
129,2011-12-12,1360,5,1400,1430,1310,369514
125,2011-12-13,1450,90,1335,1450,1335,400926
124,2011-12-14,1455,5,1480,1540,1425,376124
123,2011-12-15,1455,0,0,0,0,17441
122,2011-12-16,1455,0,0,0,0,0
121,2011-12-19,1455,0,0,0,0,0
118,2011-12-20,1455,0,0,0,0,0
117,2011-12-21,1455,0,0,0,0,0
116,2011-12-22,1455,0,0,0,0,0
115,2011-12-23,1455,0,0,0,0,0
114,2011-12-26,1455,0,0,0,0,0
110,2011-12-27,1455,0,0,0,0,0
109,2011-12-28,1455,0,0,0,0,0
108,2011-12-29,1455,0,0,0,0,0
107,2012-01-02,1455,0,0,0,0,0
106,2012-01-03,1455,0,0,0,0,0
103,2012-01-04,1455,0,0,0,0,0
102,2012-01-05,1455,0,0,0,0,0
101,2012-01-06,1455,0,0,0,0,0
100,2012-01-09,1455,0,0,0,0,0
99,2012-01-10,1455,0,0,0,0,0
95,2012-01-11,1455,0,0,0,0,0
94,2012-01-12,1455,0,0,0,0,0
93,2012-01-13,1455,0,0,0,0,0
92,2012-01-16,1455,0,0,0,0,0
91,2012-01-17,1455,0,0,0,0,0
88,2012-01-18,1455,0,0,0,0,0
87,2012-01-19,1455,0,0,0,0,0
86,2012-01-20,1455,0,0,0,0,0
85,2012-01-25,1455,0,0,0,0,0
84,2012-01-26,1455,0,0,0,0,0
80,2012-01-27,1455,0,0,0,0,0
79,2012-01-30,1455,0,0,0,0,0
78,2012-01-31,1455,0,0,0,0,0
77,2012-02-01,1455,0,0,0,0,0
76,2012-02-02,1455,0,0,0,0,0
73,2012-02-03,1455,0,0,0,0,0
72,2012-02-06,1455,0,0,0,0,0
71,2012-02-07,1455,0,0,0,0,0
70,2012-02-08,1455,0,0,0,0,0
69,2012-02-09,1455,0,0,0,0,0
65,2012-02-10,1455,0,0,0,0,0
64,2012-02-13,1455,0,0,0,0,0
63,2012-02-14,1455,0,0,0,0,0
62,2012-02-15,1455,0,0,0,0,0
61,2012-02-16,1455,0,0,0,0,0
58,2012-02-17,1455,0,0,0,0,0
57,2012-02-20,1455,0,0,0,0,0
56,2012-02-21,1455,0,0,0,0,0
55,2012-02-22,1455,0,0,0,0,0
54,2012-02-23,1455,0,0,0,0,0
50,2012-02-24,1455,0,0,0,0,0
49,2012-02-27,1455,0,0,0,0,0
48,2012-02-28,1455,0,0,0,0,0
47,2012-02-29,1455,0,0,0,0,0
46,2012-03-02,1455,0,0,0,0,0
43,2012-03-05,1455,0,0,0,0,0
42,2012-03-06,1455,0,0,0,0,0
41,2012-03-07,1455,0,0,0,0,0
40,2012-03-08,1455,0,0,0,0,0
39,2012-03-09,1455,0,0,0,0,0
35,2012-03-12,1455,0,0,0,0,0
34,2012-03-13,1455,0,0,0,0,0
33,2012-03-14,1455,0,0,0,0,0
32,2012-03-15,1455,0,0,0,0,0
31,2012-03-16,1455,0,0,0,0,0
28,2012-03-19,1455,0,0,0,0,0
27,2012-03-20,1455,0,0,0,0,0
26,2012-03-21,1455,0,0,0,0,0
25,2012-03-22,1455,0,0,0,0,0
24,2012-03-23,1455,0,0,0,0,0
20,2012-03-26,1455,0,0,0,0,0
19,2012-03-27,1455,0,0,0,0,0
18,2012-03-28,1455,0,0,0,0,0
17,2012-03-29,1455,0,0,0,0,0
16,2012-03-30,1455,0,0,0,0,0
13,2012-04-02,1455,0,0,0,0,0
12,2012-04-03,1455,0,0,0,0,0
11,2012-04-04,1455,0,0,0,0,0
10,2012-04-05,130,1325,150,200,117,2614415
9,2012-04-06,86,44,120,125,80,1854068
5,2012-04-09,56,30,87,87,51,1292111
4,2012-04-10,46,10,56,65,46,1076952
3,2012-04-12,64,18,46,64,46,1048837
2,2012-04-13,61,3,78,78,61,1172552
