,date,close,diff,open,high,low,volume
448,2019-08-16,14500,300,14100,14850,13500,130372
447,2019-08-19,14000,500,14450,14800,13850,52613
446,2019-08-20,14000,0,14000,14100,13650,52752
445,2019-08-21,14200,200,13900,14450,13750,66730
444,2019-08-22,14250,50,14300,14600,14200,28085
440,2019-08-23,13800,450,14250,14300,13700,48077
439,2019-08-26,12750,1050,13450,13450,12700,96100
438,2019-08-27,13250,500,12950,13350,12950,31689
437,2019-08-28,13800,550,13300,13800,13200,40965
436,2019-08-29,13600,200,13650,13850,13250,29115
433,2019-08-30,13800,200,13800,14050,13650,47667
432,2019-09-02,13800,0,13700,14350,13600,24229
431,2019-09-03,13900,100,13700,14600,13700,119021
430,2019-09-04,14100,200,13900,14250,13750,33233
429,2019-09-05,14450,350,14250,14450,14200,24405
425,2019-09-06,14250,200,14450,14500,14150,18835
424,2019-09-09,14000,250,14250,14400,14000,15236
423,2019-09-10,13900,100,14050,14250,13700,31088
422,2019-09-11,15150,1250,13950,15150,13950,96082
421,2019-09-16,16250,1100,15200,16250,14950,99157
418,2019-09-17,15600,650,16250,16300,15450,63608
417,2019-09-18,14950,650,15550,15600,14900,48059
416,2019-09-19,15200,250,14850,15300,14850,17117
415,2019-09-20,15050,150,15300,15350,15000,23304
414,2019-09-23,14850,200,15050,15150,14750,16018
410,2019-09-24,15400,550,15100,15550,15050,24315
409,2019-09-25,14800,600,15400,15400,14750,25147
408,2019-09-26,14850,50,15300,15350,14500,21188
407,2019-09-27,15150,300,15100,15250,14850,25420
406,2019-09-30,14550,600,15150,15250,14550,23983
403,2019-10-01,15150,600,14650,15200,14400,19258
402,2019-10-02,14600,550,15150,15150,14600,16616
401,2019-10-04,14000,600,14600,14600,14000,24735
400,2019-10-07,14000,0,14000,14050,13750,15431
399,2019-10-08,14050,50,13700,14400,13650,34898
395,2019-10-10,14000,50,13900,14200,13800,18259
394,2019-10-11,13700,300,13950,14200,13650,30546
393,2019-10-14,13850,150,13850,14000,13750,26141
392,2019-10-15,13800,50,13850,14050,13600,41289
391,2019-10-16,13700,100,13650,14000,13600,31833
388,2019-10-17,13650,50,13800,13950,13550,20181
387,2019-10-18,13350,300,13700,13800,13300,39132
386,2019-10-21,13050,300,13300,13350,12800,38546
385,2019-10-22,13200,150,13050,13300,12850,46136
384,2019-10-23,12950,250,13050,13300,12700,57798
380,2019-10-24,12700,250,12950,12950,12500,36602
379,2019-10-25,12450,250,12650,12800,12450,42076
378,2019-10-28,12900,450,12450,13050,12450,55653
377,2019-10-29,12750,150,13000,13000,12600,23135
376,2019-10-30,12700,50,12750,12800,12450,56171
373,2019-10-31,13000,300,12750,13700,12750,168302
372,2019-11-01,13000,0,12950,13200,12900,38472
371,2019-11-04,13250,250,13050,13350,13000,53653
370,2019-11-05,13400,150,13150,13700,13100,79888
369,2019-11-06,13500,100,13400,14150,13400,105041
365,2019-11-07,13200,300,13400,13650,13150,48408
364,2019-11-08,13500,300,13600,13800,13400,79121
363,2019-11-11,13000,500,13500,13550,12900,63223
362,2019-11-12,12950,50,13100,13100,12850,35008
361,2019-11-13,12850,100,12850,13050,12650,36778
358,2019-11-14,12250,600,12800,12850,12150,89593
357,2019-11-15,11850,400,12250,12350,11800,97243
356,2019-11-18,12050,200,11950,12150,11750,33282
355,2019-11-19,12050,0,12000,12150,11800,40290
354,2019-11-20,11550,500,12000,12000,11550,64734
350,2019-11-21,11000,550,11700,11700,10800,95287
349,2019-11-22,11100,100,11000,11200,10800,30035
348,2019-11-25,11600,500,11300,11600,11100,70645
347,2019-11-26,11700,100,11550,11700,11450,27239
346,2019-11-27,11250,450,11600,11750,11250,48147
343,2019-11-28,10900,350,11250,11450,10900,69884
342,2019-11-29,11300,400,11250,12100,11200,189919
341,2019-12-02,11600,300,11350,11650,11100,52006
340,2019-12-03,11650,50,11400,11750,11250,49755
339,2019-12-04,11450,200,11450,11700,11300,27997
335,2019-12-05,11550,100,11450,12000,11450,61606
334,2019-12-06,11650,100,11650,11900,11450,29879
333,2019-12-09,11450,200,11550,11700,11250,37820
332,2019-12-10,11300,150,11350,11450,11100,37122
331,2019-12-11,11750,450,11300,12300,11200,104419
328,2019-12-12,11700,50,11800,12100,11550,315917
327,2019-12-13,12300,600,11950,12450,11850,197285
326,2019-12-16,12150,150,12300,12300,11950,94300
325,2019-12-17,12000,150,12200,12200,11950,63195
324,2019-12-18,11800,200,12000,12150,11650,53432
320,2019-12-19,12000,200,11800,12100,11700,80283
319,2019-12-20,11950,50,12000,12250,11850,42766
318,2019-12-23,11850,100,12000,12050,11700,44739
317,2019-12-24,11200,650,11750,11900,11200,87952
316,2019-12-26,11200,0,11450,11450,11100,46946
313,2019-12-27,11350,150,11100,11450,11100,35027
312,2019-12-30,11350,0,11350,11450,11250,29850
311,2020-01-02,11850,500,11400,11900,11300,77988
310,2020-01-03,11800,50,11900,12000,11700,54385
309,2020-01-06,11250,550,11600,11700,11200,83998
305,2020-01-07,11550,300,11300,11650,11300,67329
304,2020-01-08,11100,450,11450,11550,10850,91413
303,2020-01-09,11400,300,11300,11600,11250,50173
302,2020-01-10,11700,300,11550,11850,11500,134559
301,2020-01-13,12700,1000,11800,13000,11750,622530
298,2020-01-14,12600,100,12900,12950,12450,191887
297,2020-01-15,13350,750,12950,13750,12850,514887
296,2020-01-16,13750,400,13450,13800,12950,209519
295,2020-01-17,13650,100,13800,13800,13400,112151
294,2020-01-20,13550,100,13850,14450,13350,300568
290,2020-01-21,13100,450,13450,13650,13000,151930
289,2020-01-22,13250,150,12900,13450,12700,107040
288,2020-01-23,12950,300,13400,13500,12800,92596
287,2020-01-28,11250,1700,12000,12150,11100,389184
286,2020-01-29,11500,250,11450,11800,11150,150576
283,2020-01-30,11200,300,11450,11550,11000,99811
282,2020-01-31,10950,250,11200,11400,10900,83285
281,2020-02-03,11100,150,10750,11150,10400,82758
280,2020-02-04,11850,750,11050,11850,11050,95746
279,2020-02-05,11600,250,11850,12000,11550,97437
275,2020-02-06,11900,300,11900,12200,11600,65531
274,2020-02-07,12050,150,11950,12250,11800,46975
273,2020-02-10,12050,0,11950,12200,11800,25780
272,2020-02-11,12250,200,12000,12450,12000,42502
271,2020-02-12,12550,300,12250,12550,12050,35777
268,2020-02-13,12250,300,12550,12700,12100,75808
267,2020-02-14,12050,200,12250,12450,11750,53159
266,2020-02-17,12300,250,12150,12300,11850,38184
265,2020-02-18,11800,500,12100,12350,11800,64571
264,2020-02-19,11450,350,11900,11950,11400,53863
260,2020-02-20,11250,200,11450,11600,11200,54728
259,2020-02-21,11100,150,11100,11500,10900,82782
258,2020-02-24,10600,500,10700,11100,10550,75106
257,2020-02-25,11100,500,10400,11100,10400,47963
256,2020-02-26,11100,0,10750,11300,10650,47931
253,2020-02-27,10700,400,11100,11250,10600,43026
252,2020-02-28,10300,400,10500,10750,10050,91954
251,2020-03-02,9990,310,10050,10250,9840,101833
250,2020-03-03,9960,30,10150,10400,9960,92924
249,2020-03-04,10250,290,9880,10350,9880,43913
245,2020-03-05,10450,200,10400,10500,10200,43306
244,2020-03-06,10250,200,10250,10350,10100,31552
243,2020-03-09,9760,490,10050,10050,9710,44629
242,2020-03-10,9810,50,9520,9850,9420,38686
241,2020-03-11,9290,520,9750,9800,9100,66200
238,2020-03-12,8350,940,9040,9200,8140,117553
237,2020-03-13,7440,910,7900,7900,6650,230793
236,2020-03-16,7750,310,7510,7880,7400,111134
235,2020-03-17,7620,130,6900,7820,6900,90107
234,2020-03-18,7560,60,7800,7890,7430,60948
230,2020-03-19,6010,1550,7560,7830,5800,159055
229,2020-03-20,6440,430,5970,6500,5910,79335
228,2020-03-23,5990,450,6080,6090,5650,115923
227,2020-03-24,6250,260,6070,6330,6070,80897
226,2020-03-25,6720,470,6450,6800,6440,110086
223,2020-03-26,7220,500,6900,7280,6750,94314
222,2020-03-27,7120,100,7430,7680,6840,90986
221,2020-03-30,7230,110,6900,7420,6630,54574
220,2020-03-31,7540,310,7530,7670,7320,70430
219,2020-04-01,7500,40,7550,8000,7500,70782
215,2020-04-02,7790,290,7580,7850,7160,44524
214,2020-04-03,8020,230,7790,8150,7700,58065
213,2020-04-06,8500,480,8040,8520,7940,64489
212,2020-04-07,9150,650,8930,9170,8460,127021
211,2020-04-08,9160,10,9150,9670,9020,114734
208,2020-04-09,9250,90,9350,9490,9210,62294
207,2020-04-10,9290,40,9270,9330,8800,71371
206,2020-04-13,9350,60,9310,9900,9110,148335
205,2020-04-14,9600,250,9450,9650,9360,56752
204,2020-04-16,9800,200,9710,9840,9530,48743
200,2020-04-17,10250,450,9950,10400,9870,119596
199,2020-04-20,10350,100,10350,10500,10200,48061
198,2020-04-21,10050,300,10250,10600,9450,138963
197,2020-04-22,9890,160,9800,9940,9640,77075
196,2020-04-23,9920,30,9950,10100,9870,41095
193,2020-04-24,9500,420,9920,9920,9370,54404
192,2020-04-27,9640,140,9560,9740,9360,46569
191,2020-04-28,10350,710,9710,11950,9640,494940
190,2020-04-29,11300,950,10350,12050,10150,641301
189,2020-05-04,10900,400,11100,11500,10650,148380
185,2020-05-06,11400,500,11100,11750,10950,286663
184,2020-05-07,11500,100,11400,11650,11200,104513
183,2020-05-08,11350,150,11550,11700,11250,69318
182,2020-05-11,10750,600,11350,11400,10750,100588
181,2020-05-12,10750,0,10650,11250,10500,76573
178,2020-05-13,11050,300,10450,11100,10450,76564
177,2020-05-14,10950,100,11100,11700,10950,189758
176,2020-05-15,10950,0,11000,11200,10700,117528
175,2020-05-18,11450,500,10950,11450,10700,142667
174,2020-05-19,11900,450,11550,11950,11300,240726
170,2020-05-20,12400,500,11850,12400,11650,250316
169,2020-05-21,12250,150,12500,12550,11850,132739
168,2020-05-22,11550,700,12250,12250,11200,142090
167,2020-05-25,11200,350,11550,11550,11150,90218
166,2020-05-26,11650,450,11300,11700,11100,97053
163,2020-05-27,11350,300,11600,11700,11350,55504
162,2020-05-28,10700,650,11400,11550,10450,111723
161,2020-05-29,10450,250,10650,10750,10350,88177
160,2020-06-01,10850,400,10500,10850,10500,35637
159,2020-06-02,11050,200,10850,11200,10800,56754
155,2020-06-03,11600,550,11350,12150,11200,270157
154,2020-06-04,11650,50,11750,12250,11000,155417
153,2020-06-05,11950,300,11650,12100,11450,115450
152,2020-06-08,11800,150,12100,12150,11750,51201
151,2020-06-09,11800,0,11950,12100,11650,63752
148,2020-06-10,11800,0,11900,12000,11550,81620
147,2020-06-11,11250,550,11800,11800,11150,92527
146,2020-06-12,10750,500,10550,11200,10400,93975
145,2020-06-15,10100,650,10750,10950,10100,142671
144,2020-06-16,10800,700,10400,10950,10400,40213
140,2020-06-17,10550,250,10750,10850,10250,40342
139,2020-06-18,10800,250,10500,11150,10350,60978
138,2020-06-19,10800,0,10850,10950,10650,19750
137,2020-06-22,10850,50,10900,11000,10500,49938
136,2020-06-23,10800,50,10850,11150,10600,63805
133,2020-06-24,10600,200,11000,11000,10600,97738
132,2020-06-25,10350,250,10500,10650,10250,48725
131,2020-06-26,10400,50,10450,10700,10400,41193
130,2020-06-29,10250,150,10350,10500,10150,63579
129,2020-06-30,11950,1700,10300,13100,10250,1643893
125,2020-07-01,11050,900,11500,11600,10800,345204
124,2020-07-02,11950,900,11050,12400,10950,686319
123,2020-07-03,12300,350,11950,12950,11650,613891
122,2020-07-06,13000,700,12450,13300,12200,994745
121,2020-07-07,12550,450,13100,13100,12450,188540
118,2020-07-08,12550,0,12400,13100,12350,205277
117,2020-07-09,12350,200,12500,12850,12350,93290
116,2020-07-10,11900,450,12150,12300,11850,134208
115,2020-07-13,12550,650,11950,12550,11800,127338
114,2020-07-14,12600,50,12500,12700,12350,75376
110,2020-07-15,12600,0,12800,12800,12450,71429
109,2020-07-16,13750,1150,12750,13750,12550,767877
108,2020-07-17,14050,300,13800,14500,13550,544375
107,2020-07-20,14500,450,14100,14700,13500,308574
106,2020-07-21,14150,350,14550,14750,14100,185143
103,2020-07-22,13750,400,14150,14150,13600,140752
102,2020-07-23,13300,450,13750,13800,13000,176962
101,2020-07-24,13000,300,13300,13650,13000,88176
100,2020-07-27,13250,250,13000,13350,12950,56500
99,2020-07-28,13900,650,13250,14000,13250,162609
95,2020-07-29,13850,50,13950,14200,13600,121541
94,2020-07-30,14000,150,13900,14300,13600,113135
93,2020-07-31,13950,50,13900,14400,13800,122028
92,2020-08-03,13800,150,14000,14000,13350,88762
91,2020-08-04,13750,50,13600,13900,13550,74717
88,2020-08-05,13800,50,13750,14100,13750,91886
87,2020-08-06,13950,150,14200,14300,13850,116975
86,2020-08-07,14550,600,13950,14550,13850,280536
85,2020-08-10,14700,150,14600,14850,14200,162328
84,2020-08-11,14650,50,14700,14900,14350,159038
80,2020-08-12,14850,200,14650,14900,14100,154947
79,2020-08-13,14550,300,15450,15500,14500,208568
78,2020-08-14,14350,200,15000,15300,13900,314129
77,2020-08-18,12700,1650,14450,14450,12350,234599
76,2020-08-19,13300,600,12700,13850,12700,231278
73,2020-08-20,12300,1000,13300,13300,12150,197585
72,2020-08-21,12350,50,12450,12800,12200,88420
71,2020-08-24,12100,250,12000,12250,11600,116489
70,2020-08-25,12150,50,12300,12450,12000,116821
69,2020-08-26,12050,100,12150,12200,11750,72638
65,2020-08-27,11700,350,12050,12250,11600,73966
64,2020-08-28,11750,50,11700,12050,11650,64702
63,2020-08-31,11850,100,11750,11900,11700,41270
62,2020-09-01,12200,350,11850,12200,11600,66241
61,2020-09-02,12300,100,12200,12350,12100,55416
58,2020-09-03,12800,500,12500,12800,12200,102635
57,2020-09-04,12400,400,12250,12500,12150,80146
56,2020-09-07,12450,50,12450,12500,12150,54913
55,2020-09-08,12250,200,12500,12600,12250,64437
54,2020-09-09,12100,150,11950,12250,11900,59854
50,2020-09-10,12150,50,12150,12300,12050,30764
49,2020-09-11,11900,250,12050,12150,11850,66561
48,2020-09-14,12450,550,12100,12550,11950,124777
47,2020-09-15,12500,50,12500,12650,12250,74090
46,2020-09-16,12700,200,12700,13100,12500,127781
43,2020-09-17,12300,400,12900,12900,12300,75125
42,2020-09-18,12350,50,12300,12650,12000,52646
41,2020-09-21,12000,350,12650,12650,11900,81128
40,2020-09-22,11750,250,11950,12150,11650,54731
39,2020-09-23,11500,250,11950,11950,11250,45663
35,2020-09-24,10900,600,11450,11450,10750,68363
34,2020-09-25,10750,150,11050,11100,10700,40021
33,2020-09-28,11400,650,11000,11700,11000,52985
32,2020-09-29,11900,500,11650,11900,11450,39460
31,2020-10-05,12300,400,11700,12550,11700,77315
28,2020-10-06,12350,50,12300,12500,12150,59667
27,2020-10-07,12300,50,12300,12450,12150,30151
26,2020-10-08,12600,300,12300,12700,12100,98274
25,2020-10-12,13000,400,12700,13050,12600,120922
24,2020-10-13,12850,150,13300,13300,12700,155710
20,2020-10-14,12600,250,12950,13050,12600,43523
19,2020-10-15,12450,150,12700,12700,12200,61946
18,2020-10-16,12150,300,12550,12750,12000,51104
17,2020-10-19,12050,100,12150,12300,11850,29934
16,2020-10-20,11950,100,11850,12000,11500,55194
13,2020-10-21,12050,100,12100,12200,11650,26821
12,2020-10-22,11850,200,11850,12050,11700,27137
11,2020-10-23,12750,900,12200,13100,11850,356429
10,2020-10-26,12900,150,12700,12900,12250,180041
9,2020-10-27,12100,800,12600,12900,12100,117545
5,2020-10-28,12200,100,12100,12500,11900,116934
4,2020-10-29,12100,100,11900,12200,11850,38421
3,2020-10-30,11900,200,12150,12250,11700,46396
2,2020-11-02,12000,100,12100,12100,11750,30152
1,2020-11-03,12250,250,12100,12400,12000,40651
