,date,close,diff,open,high,low,volume
448,2019-08-16,10800,1050,11450,11450,10250,1945722
447,2019-08-19,10800,0,10800,10900,10350,662244
446,2019-08-20,10700,100,10800,10850,10600,294756
445,2019-08-21,11000,300,10700,11100,10700,326458
444,2019-08-22,10450,550,11000,11000,10450,494520
440,2019-08-23,10200,250,10400,10600,10100,443576
439,2019-08-26,9670,530,9960,10100,9600,767466
438,2019-08-27,9770,100,9750,9960,9740,363908
437,2019-08-28,9800,30,9780,9910,9700,186567
436,2019-08-29,9630,170,9850,9850,9470,319312
433,2019-08-30,9730,100,9780,9840,9670,330035
432,2019-09-02,10350,620,9790,10350,9760,473787
431,2019-09-03,10300,50,10400,10500,10200,191952
430,2019-09-04,10450,150,10600,10600,10300,176192
429,2019-09-05,10500,50,10600,10600,10350,195725
425,2019-09-06,10900,400,10700,10950,10650,590282
424,2019-09-09,10150,750,10700,10750,10150,548370
423,2019-09-10,10200,50,10150,10350,10050,199102
422,2019-09-11,10300,100,10200,10450,10200,163573
421,2019-09-16,10400,100,10450,10500,10300,206130
418,2019-09-17,10500,100,10400,10600,10350,174764
417,2019-09-18,10450,50,10550,10800,10450,223338
416,2019-09-19,10750,300,10500,10850,10500,223762
415,2019-09-20,10800,50,10850,10850,10650,157038
414,2019-09-23,10600,200,10850,10850,10550,211176
410,2019-09-24,10600,0,10500,10800,10500,136099
409,2019-09-25,10500,100,10600,10750,10500,143619
408,2019-09-26,10850,350,10550,10850,10550,252982
407,2019-09-27,10900,50,10900,11300,10850,417041
406,2019-09-30,10650,250,10900,11000,10200,189236
403,2019-10-01,10800,150,10600,10900,10600,143181
402,2019-10-02,10550,250,10650,10850,10550,115459
401,2019-10-04,10300,250,10700,10700,10300,151817
400,2019-10-07,10100,200,10300,10450,10000,261840
399,2019-10-08,10300,200,10100,10300,9870,249315
395,2019-10-10,9990,310,10150,10200,9970,261757
394,2019-10-11,10050,60,10050,10150,9980,188857
393,2019-10-14,10250,200,10150,10250,10050,195261
392,2019-10-15,10350,100,10250,10450,10200,146329
391,2019-10-16,10300,50,10350,10500,10200,147287
388,2019-10-17,10250,50,10250,10350,10200,136064
387,2019-10-18,10500,250,10300,10500,10200,198982
386,2019-10-21,10350,150,10500,10650,10350,139458
385,2019-10-22,10400,50,10350,10450,10150,186187
384,2019-10-23,10150,250,10400,10400,10100,129083
380,2019-10-24,10250,100,10100,10250,10050,118040
379,2019-10-25,10050,200,10250,10250,10050,141792
378,2019-10-28,10000,50,10100,10150,9980,184672
377,2019-10-29,10000,0,10050,10150,9990,103987
376,2019-10-30,9930,70,9970,10050,9860,208536
373,2019-10-31,9950,20,9940,10050,9920,130683
372,2019-11-01,9830,120,9980,9980,9720,212797
371,2019-11-04,9950,120,9980,9980,9840,179796
370,2019-11-05,9920,30,9950,10000,9860,153412
369,2019-11-06,10050,130,9890,10100,9890,258120
365,2019-11-07,10050,0,10050,10100,9920,141565
364,2019-11-08,9980,70,10050,10100,9980,112954
363,2019-11-11,10100,120,9980,10150,9980,93483
362,2019-11-12,10350,250,10200,10350,10050,255749
361,2019-11-13,10400,50,10300,10450,10200,158591
358,2019-11-14,10250,150,10300,10750,9660,726676
357,2019-11-15,10150,100,10300,10300,10000,258440
356,2019-11-18,10400,250,10250,10400,10150,192955
355,2019-11-19,10450,50,10450,10500,10250,183574
354,2019-11-20,10150,300,10500,10500,10100,157528
350,2019-11-21,10000,150,10150,10200,9960,186397
349,2019-11-22,9990,10,10150,10150,9990,83230
348,2019-11-25,10150,160,10000,10150,10000,94540
347,2019-11-26,10200,50,10150,10300,10000,117332
346,2019-11-27,10050,150,10200,10250,10050,85705
343,2019-11-28,9980,70,10100,10150,9980,139845
342,2019-11-29,9980,0,10000,10100,9980,104527
341,2019-12-02,9880,100,10050,10050,9810,246477
340,2019-12-03,9780,100,9870,9870,9770,131688
339,2019-12-04,9550,230,9740,9760,9550,251939
335,2019-12-05,9500,50,9570,9710,9480,161662
334,2019-12-06,9760,260,9510,9860,9510,153982
333,2019-12-09,9710,50,9840,9840,9640,76322
332,2019-12-10,9510,200,9670,9700,9510,190328
331,2019-12-11,9630,120,9510,9650,9510,114266
328,2019-12-12,9810,180,9650,9870,9570,282242
327,2019-12-13,9940,130,9850,9980,9830,151135
326,2019-12-16,9830,110,9880,9950,9810,103490
325,2019-12-17,9840,10,9820,9880,9770,122659
324,2019-12-18,9760,80,9850,9880,9740,104392
320,2019-12-19,9800,40,9710,9920,9680,158024
319,2019-12-20,9770,30,9800,9840,9750,114250
318,2019-12-23,9980,210,9800,10250,9800,377758
317,2019-12-24,9880,100,10000,10100,9870,226234
316,2019-12-26,10200,320,9980,10200,9900,416066
313,2019-12-27,9920,280,9950,9950,9650,314431
312,2019-12-30,9930,10,9920,9950,9820,145316
311,2020-01-02,9810,120,9890,9900,9780,182617
310,2020-01-03,9780,30,9810,9880,9770,153905
309,2020-01-06,9590,190,9760,9780,9590,209142
305,2020-01-07,9650,60,9600,9750,9550,136610
304,2020-01-08,9260,390,9650,9650,9210,333995
303,2020-01-09,9350,90,9430,9460,9260,181925
302,2020-01-10,9200,150,9360,9360,9130,260207
301,2020-01-13,9230,30,9200,9290,9130,152378
298,2020-01-14,9460,230,9300,9480,9250,311697
297,2020-01-15,9320,140,9480,9480,9310,124069
296,2020-01-16,9270,50,9400,9400,9210,117704
295,2020-01-17,9380,110,9260,9410,9250,149871
294,2020-01-20,9380,0,9400,9450,9280,183961
290,2020-01-21,9250,130,9390,9430,9220,182989
289,2020-01-22,9280,30,9250,9300,9210,116389
288,2020-01-23,9090,190,9240,9290,8990,235804
287,2020-01-28,8760,330,8670,8940,8650,250127
286,2020-01-29,8800,40,8820,8940,8750,91077
283,2020-01-30,8600,200,8800,8860,8600,153728
282,2020-01-31,8570,30,8600,8770,8510,177414
281,2020-02-03,9090,520,8400,9090,8400,316723
280,2020-02-04,9060,30,9080,9190,8910,179193
279,2020-02-05,9080,20,9180,9220,9000,119852
275,2020-02-06,9180,100,9100,9250,9060,116408
274,2020-02-07,9280,100,9180,9300,9160,146490
273,2020-02-10,9440,160,9280,9450,9170,199045
272,2020-02-11,9360,80,9450,9500,9280,155614
271,2020-02-12,9360,0,10150,10400,9240,1375031
268,2020-02-13,9230,130,9340,9370,9190,251236
267,2020-02-14,9460,230,9230,9650,9160,481774
266,2020-02-17,9720,260,9320,9750,9320,311060
265,2020-02-18,9490,230,9680,9740,9460,187466
264,2020-02-19,9530,40,9530,9790,9300,304672
260,2020-02-20,9350,180,9520,9570,9350,151516
259,2020-02-21,9210,140,9250,9430,9180,165588
258,2020-02-24,9200,10,9050,9530,9040,340194
257,2020-02-25,9410,210,9200,9420,9130,235296
256,2020-02-26,9150,260,9240,9380,9100,261697
253,2020-02-27,8750,400,9130,9200,8710,294611
252,2020-02-28,8420,330,8700,8820,8360,339653
251,2020-03-02,8910,490,8450,8950,8450,302645
250,2020-03-03,8700,210,9040,9050,8690,202048
249,2020-03-04,8720,20,8700,8790,8650,107196
245,2020-03-05,8740,20,8760,8800,8680,151068
244,2020-03-06,8700,40,8730,8730,8510,163405
243,2020-03-09,8330,370,8600,8680,8330,270415
242,2020-03-10,8370,40,8000,8440,7830,373279
241,2020-03-11,8100,270,8400,8420,8070,187338
238,2020-03-12,7640,460,7950,8120,7590,396038
237,2020-03-13,7130,510,6920,7600,6680,680782
236,2020-03-16,6850,280,7150,7490,6850,345670
235,2020-03-17,7200,350,6500,7330,6340,345853
234,2020-03-18,6840,360,7200,7270,6840,323424
230,2020-03-19,6500,340,7000,7100,6430,515639
229,2020-03-20,7330,830,6550,7500,6550,387049
228,2020-03-23,6840,490,7010,7200,6820,416309
227,2020-03-24,7490,650,7000,7500,6970,333143
226,2020-03-25,7720,230,7580,7800,7490,367930
223,2020-03-26,7650,70,7560,7760,7400,331082
222,2020-03-27,7620,30,7770,7900,7490,304503
221,2020-03-30,7760,140,7560,7850,7480,215307
220,2020-03-31,8110,350,7920,8170,7770,405677
219,2020-04-01,7780,330,8150,8260,7770,322940
215,2020-04-02,8140,360,7750,8450,7710,676293
214,2020-04-03,7990,150,8140,8170,7860,216732
213,2020-04-06,8170,180,7990,8300,7920,504900
212,2020-04-07,8180,10,8170,8290,8040,279804
211,2020-04-08,8200,20,8200,8310,8100,245682
208,2020-04-09,8220,20,8290,8300,8170,192125
207,2020-04-10,9480,1260,8500,10500,8390,9863721
206,2020-04-13,9850,370,9500,10400,9440,4234681
205,2020-04-14,9830,20,9980,10100,9620,1349629
204,2020-04-16,9990,160,9850,10200,9670,1098801
200,2020-04-17,10100,110,10050,10350,10000,1075345
199,2020-04-20,10150,50,10100,10450,9990,950942
198,2020-04-21,9820,330,10050,10150,9350,943034
197,2020-04-22,9880,60,9700,9960,9660,397128
196,2020-04-23,9920,40,10000,10000,9840,450107
193,2020-04-24,9800,120,9910,10200,9800,644439
192,2020-04-27,9790,10,9890,9950,9750,432556
191,2020-04-28,9920,130,9800,10050,9610,764884
190,2020-04-29,9710,210,9920,9930,9690,396430
189,2020-05-04,9780,70,9800,9980,9750,544624
185,2020-05-06,9940,160,9910,9980,9750,561291
184,2020-05-07,10050,110,10050,10150,9940,551476
183,2020-05-08,10050,0,10050,10100,9970,405523
182,2020-05-11,10500,450,10100,10800,10050,1775745
181,2020-05-12,10200,300,10450,10450,10000,684381
178,2020-05-13,10300,100,10050,10600,9960,1026123
177,2020-05-14,10100,200,10100,10250,10050,311228
176,2020-05-15,9970,130,10100,10150,9880,381301
175,2020-05-18,10100,130,10050,10400,10000,666583
174,2020-05-19,9920,180,10150,10200,9780,677785
170,2020-05-20,9850,70,9800,10000,9740,534163
169,2020-05-21,9870,20,10000,10000,9850,251310
168,2020-05-22,10300,430,9870,10500,9870,2621374
167,2020-05-25,9960,340,10600,10750,9850,2707841
166,2020-05-26,9940,20,10200,10200,9890,1120738
163,2020-05-27,9820,120,9920,10000,9800,649039
162,2020-05-28,9520,300,9830,9990,9400,645215
161,2020-05-29,10000,480,9580,10000,9580,648140
160,2020-06-01,10050,50,10000,10050,9810,556246
159,2020-06-02,9960,90,10000,10050,9900,360358
155,2020-06-03,9850,110,10000,10150,9840,668330
154,2020-06-04,9740,110,9890,10400,9600,2538945
153,2020-06-05,10350,610,10500,12100,10250,23704657
152,2020-06-08,9840,510,10250,10300,9800,2771096
151,2020-06-09,9680,160,9900,10100,9640,1749524
148,2020-06-10,9540,140,9660,9780,9520,915849
147,2020-06-11,9270,270,9500,9530,9260,1113250
146,2020-06-12,8880,390,8750,9070,8610,933372
145,2020-06-15,8200,680,8910,9060,8200,961082
144,2020-06-16,8690,490,8360,8690,8360,624608
140,2020-06-17,8560,130,8600,8730,8380,481024
139,2020-06-18,8590,30,8560,8610,8460,301521
138,2020-06-19,8500,90,8630,8680,8440,295788
137,2020-06-22,8690,190,8510,8740,8500,393331
136,2020-06-23,8680,10,8630,8790,8520,295431
133,2020-06-24,8940,260,8780,9100,8680,884318
132,2020-06-25,8840,100,8930,8930,8680,368893
131,2020-06-26,8690,150,8920,8920,8640,289228
130,2020-06-29,8470,220,8530,8650,8450,337438
129,2020-06-30,8640,170,8710,8930,8600,609611
125,2020-07-01,8630,10,8750,8920,8630,320234
124,2020-07-02,8650,20,8740,8760,8620,177319
123,2020-07-03,8770,120,8690,8840,8650,256200
122,2020-07-06,9040,270,8810,9300,8760,1104796
121,2020-07-07,8830,210,9040,9040,8770,400185
118,2020-07-08,8850,20,8830,8900,8780,197866
117,2020-07-09,8760,90,8870,8880,8730,233854
116,2020-07-10,8690,70,8720,8860,8650,256460
115,2020-07-13,9040,350,8790,9050,8750,688643
114,2020-07-14,8940,100,9100,9100,8890,355806
110,2020-07-15,8950,10,8950,9020,8800,296035
109,2020-07-16,8930,20,8950,8980,8870,252610
108,2020-07-17,8900,30,8950,8990,8820,225929
107,2020-07-20,8900,0,8960,8970,8790,289008
106,2020-07-21,8850,50,8890,8890,8810,242949
103,2020-07-22,8850,0,8840,8960,8820,302965
102,2020-07-23,8780,70,8870,8880,8770,274949
101,2020-07-24,8920,140,9280,9500,8810,2941890
100,2020-07-27,9040,120,8980,9130,8950,758771
99,2020-07-28,8910,130,9110,9110,8910,490714
95,2020-07-29,9030,120,9010,9030,8910,364074
94,2020-07-30,9110,80,9160,9160,9000,528688
93,2020-07-31,8990,120,9140,9140,8970,366401
92,2020-08-03,9480,490,9580,9720,9310,3051124
91,2020-08-04,9500,20,9480,9550,9230,1357659
88,2020-08-05,9380,120,9600,9630,9380,762643
87,2020-08-06,9700,320,9560,10050,9540,3847825
86,2020-08-07,9610,90,9820,9840,9410,1005242
85,2020-08-10,9830,220,10300,10600,9820,4321399
84,2020-08-11,9810,20,9930,10100,9670,1201054
80,2020-08-12,9460,350,9820,9820,9390,860876
79,2020-08-13,9450,10,9550,9570,9390,523178
78,2020-08-14,9350,100,9460,9680,9350,618756
77,2020-08-18,8740,610,9270,9320,8710,759393
76,2020-08-19,8810,70,8720,8970,8680,374836
73,2020-08-20,8450,360,8780,8800,8420,594964
72,2020-08-21,8540,90,8420,8690,8420,299597
71,2020-08-24,9170,630,8610,9250,8600,929307
70,2020-08-25,9530,360,9430,9590,9160,1501946
69,2020-08-26,9780,250,9770,9940,9520,2964987
65,2020-08-27,9130,650,9380,9430,9050,1401861
64,2020-08-28,9220,90,9130,9260,9100,581579
63,2020-08-31,9760,540,9500,9760,9390,1302436
62,2020-09-01,9700,60,9890,9900,9510,1094139
61,2020-09-02,9700,0,9810,9830,9570,1618102
58,2020-09-03,9430,270,9570,9570,9420,959293
57,2020-09-04,9600,170,9180,9610,9100,983219
56,2020-09-07,9400,200,9530,9570,9360,748201
55,2020-09-08,9270,130,9340,9390,9270,505176
54,2020-09-09,9180,90,9160,9250,9090,383283
50,2020-09-10,9270,90,9250,9320,9180,354862
49,2020-09-11,9140,130,9270,9270,9060,452049
48,2020-09-14,9280,140,9220,9290,9140,347497
47,2020-09-15,9340,60,9410,9540,9300,590717
46,2020-09-16,9320,20,9360,9430,9260,364053
43,2020-09-17,9110,210,9310,9330,9090,371044
42,2020-09-18,9200,90,9180,9270,9140,230673
41,2020-09-21,9010,190,9220,9300,8990,324889
40,2020-09-22,8780,230,9080,9090,8760,418188
39,2020-09-23,8830,50,8810,8930,8660,316321
35,2020-09-24,8480,350,8730,8770,8450,379923
34,2020-09-25,8450,30,8510,8560,8380,275376
33,2020-09-28,8600,150,8460,8660,8450,185215
32,2020-09-29,8620,20,8740,8740,8620,162254
31,2020-10-05,8770,150,8620,8880,8600,259363
28,2020-10-06,8710,60,8820,8830,8700,211299
27,2020-10-07,8750,40,8660,8760,8630,128754
26,2020-10-08,8700,50,8770,8790,8690,179615
25,2020-10-12,8750,50,8780,8780,8680,218327
24,2020-10-13,8720,30,8780,8790,8670,222171
20,2020-10-14,8620,100,8710,8740,8610,206619
19,2020-10-15,8550,70,8680,8690,8480,253228
18,2020-10-16,8440,110,8510,8570,8400,244447
17,2020-10-19,8500,60,8490,8600,8460,182589
16,2020-10-20,8630,130,8440,8630,8440,166871
13,2020-10-21,8680,50,8630,8700,8570,183276
12,2020-10-22,8820,140,8740,8820,8640,304619
11,2020-10-23,8720,100,8800,8820,8680,160446
10,2020-10-26,8470,250,8720,8730,8470,203739
9,2020-10-27,8500,30,8420,8570,8410,181997
5,2020-10-28,8630,130,8500,8650,8480,112817
4,2020-10-29,8590,40,8490,8590,8460,166759
3,2020-10-30,8400,190,8600,8600,8400,150795
2,2020-11-02,8430,30,8400,8490,8330,129738
1,2020-11-03,8500,70,8450,8540,8410,108295
