,date,close,diff,open,high,low,volume
448,2019-08-16,24350,1650,22500,24400,22500,194647
447,2019-08-19,24000,350,24050,24500,23550,104240
446,2019-08-20,25450,1450,24050,25850,23950,162591
445,2019-08-21,25900,450,25300,25950,25150,71714
444,2019-08-22,25650,250,25900,26200,25400,64593
440,2019-08-23,25050,600,25600,25600,24800,80243
439,2019-08-26,24000,1050,24050,25000,24000,64829
438,2019-08-27,24350,350,24250,25350,24150,129789
437,2019-08-28,25550,1200,24550,25550,24350,68208
436,2019-08-29,25650,100,25550,25900,25150,64006
433,2019-08-30,25850,200,26000,26150,25750,66396
432,2019-09-02,26500,650,25450,26550,25000,90945
431,2019-09-03,26150,350,26500,26650,26050,84137
430,2019-09-04,27050,900,26150,27150,26100,93318
429,2019-09-05,26850,200,26950,27300,26700,61459
425,2019-09-06,26950,100,26750,27350,26750,32513
424,2019-09-09,27000,50,26950,27650,26650,60304
423,2019-09-10,27100,100,27250,27500,26850,47554
422,2019-09-11,27000,100,27100,27800,26950,82261
421,2019-09-16,25950,1050,27000,27200,25950,88906
418,2019-09-17,26200,250,26300,26350,25650,70908
417,2019-09-18,26200,0,26300,26400,26000,24555
416,2019-09-19,26700,500,26200,26700,26100,49695
415,2019-09-20,26600,100,26500,26700,26100,21368
414,2019-09-23,26600,0,26600,26800,26250,24028
410,2019-09-24,26450,150,26600,27300,26300,45186
409,2019-09-25,25700,750,26350,26600,25700,42195
408,2019-09-26,26150,450,25800,26200,25700,34069
407,2019-09-27,26000,150,26150,26200,25600,40041
406,2019-09-30,26150,150,26050,26150,25350,37006
403,2019-10-01,26850,700,26100,26850,25850,55438
402,2019-10-02,26100,750,26500,26600,26100,28292
401,2019-10-04,25200,900,26100,26100,25000,58626
400,2019-10-07,25350,150,25400,25850,24850,48225
399,2019-10-08,26350,1000,25300,26850,25200,87449
395,2019-10-10,26350,0,26300,27000,26150,66099
394,2019-10-11,26100,250,26400,26550,26000,29796
393,2019-10-14,26300,200,26350,26500,26100,31336
392,2019-10-15,26750,450,26350,26800,26100,51237
391,2019-10-16,26200,550,26750,26750,25900,58029
388,2019-10-17,26300,100,26300,26600,26000,70526
387,2019-10-18,26400,100,26350,26650,26100,37676
386,2019-10-21,26000,400,26600,26650,26000,35184
385,2019-10-22,27300,1300,26500,27450,26300,143096
384,2019-10-23,26900,400,27300,27300,26800,52740
380,2019-10-24,26700,200,27000,27150,26100,92607
379,2019-10-25,27050,350,26850,27400,26550,47630
378,2019-10-28,27250,200,27000,27900,27000,61352
377,2019-10-29,26900,350,27500,27550,26850,31981
376,2019-10-30,27000,100,26700,27000,26300,46640
373,2019-10-31,26950,50,27000,27300,26650,62424
372,2019-11-01,26800,150,26900,27150,26650,36208
371,2019-11-04,27550,750,26900,27700,26700,71034
370,2019-11-05,27650,100,27550,27950,27300,93123
369,2019-11-06,27750,100,27900,28750,27500,117914
365,2019-11-07,27050,700,27600,27850,26950,80100
364,2019-11-08,27150,100,27400,27500,26950,29528
363,2019-11-11,27400,250,27000,27700,26650,61075
362,2019-11-12,27750,350,27650,27750,27150,40544
361,2019-11-13,27050,700,27400,27400,26850,43228
358,2019-11-14,27200,150,26900,27400,26800,45461
357,2019-11-15,27250,50,26900,27250,26800,34866
356,2019-11-18,26750,500,27100,27400,26700,29138
355,2019-11-19,26400,350,26650,26850,26100,54839
354,2019-11-20,25800,600,26350,26650,25350,47606
350,2019-11-21,25300,500,25500,25850,25150,44004
349,2019-11-22,25300,0,25300,25850,25150,29722
348,2019-11-25,26200,900,25800,26200,25600,23743
347,2019-11-26,26400,200,26050,26400,25800,26812
346,2019-11-27,25900,500,26350,26350,25800,26920
343,2019-11-28,26050,150,25900,26200,25800,18127
342,2019-11-29,26250,200,26000,26900,26000,49212
341,2019-12-02,26400,150,26350,26750,26100,33683
340,2019-12-03,26200,200,26200,26500,25700,29793
339,2019-12-04,26200,0,26000,26400,25950,14543
335,2019-12-05,26050,150,26100,26600,26050,24654
334,2019-12-06,26300,250,26300,26400,25900,20750
333,2019-12-09,25500,800,26200,26250,25450,30881
332,2019-12-10,25500,0,26000,26000,25500,17720
331,2019-12-11,25750,250,25500,25900,25500,20300
328,2019-12-12,25700,50,25750,26200,25450,93134
327,2019-12-13,26600,900,25750,26650,25750,66018
326,2019-12-16,26700,100,26500,26700,26200,26026
325,2019-12-17,27050,350,26750,27200,26550,84561
324,2019-12-18,26900,150,27000,27000,26750,15905
320,2019-12-19,26950,50,26650,27250,26600,26735
319,2019-12-20,26850,100,26950,27100,26700,26393
318,2019-12-23,27000,150,26850,27100,26700,31015
317,2019-12-24,27050,50,26850,27200,26700,22252
316,2019-12-26,27150,100,27000,27150,26650,60044
313,2019-12-27,27250,100,27100,27400,26850,40607
312,2019-12-30,27750,500,27000,27850,27000,53490
311,2020-01-02,27050,700,27700,27700,26950,50380
310,2020-01-03,26600,450,27300,27500,26500,57502
309,2020-01-06,25500,1100,26550,26550,25500,66115
305,2020-01-07,26300,800,25950,26850,25800,58477
304,2020-01-08,25700,600,26250,26300,25500,44821
303,2020-01-09,26450,750,26150,26450,25900,36893
302,2020-01-10,26450,0,26600,26600,26050,28716
301,2020-01-13,27100,650,26450,27800,26350,109527
298,2020-01-14,26600,500,27350,27450,26550,50227
297,2020-01-15,27100,500,26200,27400,26100,69708
296,2020-01-16,29500,2400,27700,29500,27500,260147
295,2020-01-17,29000,500,29900,29950,29000,126776
294,2020-01-20,28200,800,29050,29450,27700,104828
290,2020-01-21,27700,500,27950,28200,27500,68647
289,2020-01-22,29950,2250,28000,30000,27800,149304
288,2020-01-23,29400,550,30050,30100,29000,79779
287,2020-01-28,27700,1700,27600,28700,27500,107123
286,2020-01-29,27300,400,27950,28250,27150,87963
283,2020-01-30,26300,1000,27300,27400,26200,110882
282,2020-01-31,26550,250,26500,27100,26200,64129
281,2020-02-03,26600,50,26100,27200,26100,83152
280,2020-02-04,27350,750,26650,27650,26550,98741
279,2020-02-05,27900,550,27650,28550,27450,124314
275,2020-02-06,27850,50,28350,28350,27400,68155
274,2020-02-07,28150,300,27550,28250,27300,79485
273,2020-02-10,27850,300,28100,28100,27400,48264
272,2020-02-11,28450,600,28100,28750,28050,90598
271,2020-02-12,28450,0,28100,28700,28000,70242
268,2020-02-13,27950,500,28300,28600,27500,113452
267,2020-02-14,27800,150,27650,28100,27500,50183
266,2020-02-17,27500,300,27900,28050,27400,50355
265,2020-02-18,27200,300,27500,27550,27100,38303
264,2020-02-19,27350,150,27200,27650,27000,41082
260,2020-02-20,27350,0,27500,27550,26700,73566
259,2020-02-21,26950,400,27300,27300,26750,38640
258,2020-02-24,27300,350,26900,28100,26400,194116
257,2020-02-25,27100,200,27300,27750,26800,89117
256,2020-02-26,26600,500,26950,27150,25950,128587
253,2020-02-27,26850,250,27000,27300,26250,96055
252,2020-02-28,26750,100,26950,27050,26200,134713
251,2020-03-02,28550,1800,27300,28600,26450,195003
250,2020-03-03,27250,1300,28800,28800,27050,132544
249,2020-03-04,27600,350,27150,27900,26900,76278
245,2020-03-05,27850,250,27650,28050,27350,77314
244,2020-03-06,27650,200,27850,27900,27150,56149
243,2020-03-09,26150,1500,27200,27550,25850,118343
242,2020-03-10,25750,400,26100,26650,25200,135415
241,2020-03-11,25050,700,26050,26150,25000,95152
238,2020-03-12,23300,1750,25050,25300,23100,125119
237,2020-03-13,21600,1700,22300,23200,20200,236945
236,2020-03-16,21200,400,22500,22600,21200,99405
235,2020-03-17,22750,1550,20400,22950,20200,119341
234,2020-03-18,22000,750,22800,24450,22000,128754
230,2020-03-19,19650,2350,23200,23400,18950,231863
229,2020-03-20,23000,3350,20950,23350,20300,104217
228,2020-03-23,20550,2450,22150,22150,20500,117473
227,2020-03-24,22800,2250,21100,22900,20850,106396
226,2020-03-25,23750,950,23750,23750,22500,134168
223,2020-03-26,23250,500,23750,24250,23100,169552
222,2020-03-27,22800,450,24100,24100,22000,173972
221,2020-03-30,22800,0,22300,23300,21900,79316
220,2020-03-31,23150,350,23000,23700,22550,137732
219,2020-04-01,22050,1100,23150,23350,22050,115561
215,2020-04-02,23600,1550,22450,23700,22150,220349
214,2020-04-03,24400,800,23650,24750,23100,195256
213,2020-04-06,26850,2450,24950,27000,24350,287147
212,2020-04-07,26800,50,27050,27550,25900,146118
211,2020-04-08,26800,0,26450,27350,26350,157847
208,2020-04-09,26750,50,27200,27300,26450,135120
207,2020-04-10,26800,50,26700,26900,26200,113912
206,2020-04-13,27450,650,27050,28800,26700,381222
205,2020-04-14,27850,400,28300,28650,27650,177258
204,2020-04-16,28000,150,27850,28550,27250,135812
200,2020-04-17,28200,200,28200,28800,27800,159019
199,2020-04-20,28000,200,27900,28350,27700,107753
198,2020-04-21,27500,500,27900,28000,26950,182596
197,2020-04-22,28450,950,27200,28450,26900,113403
196,2020-04-23,28350,100,28200,28600,27800,110969
193,2020-04-24,27700,650,28350,28350,27650,72121
192,2020-04-27,28150,450,28250,28300,27800,67526
191,2020-04-28,28400,250,28200,28600,27900,108901
190,2020-04-29,28800,400,28400,29350,28200,145765
189,2020-05-04,28800,0,28000,29850,27900,145525
185,2020-05-06,31100,2300,29350,31100,29250,279230
184,2020-05-07,31200,100,32150,32850,31000,354879
183,2020-05-08,34450,3250,31500,34600,31300,586847
182,2020-05-11,33500,950,34400,34400,32450,322456
181,2020-05-12,33000,500,33500,34300,32450,210785
178,2020-05-13,31850,1150,32600,33150,31650,702832
177,2020-05-14,32600,750,32350,32750,32100,226588
176,2020-05-15,32550,50,32700,32750,31850,169581
175,2020-05-18,31850,700,32550,32950,31500,189647
174,2020-05-19,31100,750,32400,32400,30650,201468
170,2020-05-20,31150,50,31300,31650,30950,123470
169,2020-05-21,31350,200,31300,32250,31000,213613
168,2020-05-22,31000,350,32300,32300,30600,207420
167,2020-05-25,33450,2450,31000,33450,30050,481314
166,2020-05-26,39200,5750,38150,39500,36150,2171069
163,2020-05-27,41900,2700,42000,44150,40700,1633072
162,2020-05-28,40550,1350,42350,43150,40500,727399
161,2020-05-29,40400,150,39950,41950,39700,471536
160,2020-06-01,44450,4050,41200,44700,41000,957890
159,2020-06-02,43300,1150,44450,45250,43000,436014
155,2020-06-03,43350,50,43300,44250,41500,529425
154,2020-06-04,46000,2650,42900,47000,42050,827765
153,2020-06-05,46100,100,46000,47600,45450,379692
152,2020-06-08,45650,450,45750,47350,44850,346945
151,2020-06-09,44000,1650,45400,45400,43100,487579
148,2020-06-10,43300,700,43150,44650,42600,355951
147,2020-06-11,43900,600,42700,45000,41450,671673
146,2020-06-12,43300,600,41000,44350,40950,436411
145,2020-06-15,42150,1150,43000,45950,42150,626691
144,2020-06-16,42650,500,43750,44450,42250,361219
140,2020-06-17,42100,550,42800,43500,41800,258194
139,2020-06-18,40750,1350,42000,42750,40750,324850
138,2020-06-19,42100,1350,41450,42450,39550,388741
137,2020-06-22,41550,550,42000,44050,41300,466635
136,2020-06-23,42200,650,42250,42350,41050,217770
133,2020-06-24,41600,600,42800,43400,41150,299753
132,2020-06-25,41050,550,40500,42150,40500,165299
131,2020-06-26,40150,900,41050,41500,39100,328472
130,2020-06-29,39050,1100,39750,40450,39050,169580
129,2020-06-30,40350,1300,39600,42700,39150,640947
125,2020-07-01,41400,1050,40900,42050,40300,265285
124,2020-07-02,43850,2450,42050,44300,41900,542009
123,2020-07-03,49600,5750,44550,49750,43050,1521538
122,2020-07-06,50600,1000,50600,51600,49150,783651
121,2020-07-07,52900,2300,51200,54000,50100,970486
118,2020-07-08,52500,400,52000,53500,51200,304439
117,2020-07-09,52000,500,53400,55400,51800,644241
116,2020-07-10,54600,2600,52800,55500,52000,530157
115,2020-07-13,58600,4000,56000,60300,55800,1134873
114,2020-07-14,56900,1700,55800,57100,55500,2915551
110,2020-07-15,61200,4300,57200,61200,54900,1050904
109,2020-07-16,62400,1200,62500,65000,58000,781792
108,2020-07-17,62000,400,62000,63500,60500,368634
107,2020-07-20,63000,1000,62500,64200,61400,528767
106,2020-07-21,63200,200,63700,65900,62600,397735
103,2020-07-22,60500,2700,64200,64500,59900,744746
102,2020-07-23,60100,400,60600,61700,59300,499450
101,2020-07-24,61700,1600,60100,63400,60100,552470
100,2020-07-27,60200,1500,62100,62900,59900,302194
99,2020-07-28,63500,3300,61000,64600,59600,589733
95,2020-07-29,62200,1300,62900,63500,61400,318740
94,2020-07-30,60800,1400,63300,63400,60100,424876
93,2020-07-31,59600,1200,61100,61300,59000,430936
92,2020-08-03,60300,700,59200,60900,57800,273456
91,2020-08-04,58000,2300,60200,60300,57700,473825
88,2020-08-05,58000,0,57600,59800,57600,364408
87,2020-08-06,63500,5500,58200,64000,56200,2164615
86,2020-08-07,65900,2400,68500,69700,64300,1221729
85,2020-08-10,69500,3600,65500,71000,65100,1105206
84,2020-08-11,66900,2600,69200,69300,66000,546471
80,2020-08-12,64200,2700,66100,68100,64000,494079
79,2020-08-13,64500,300,64900,67400,63200,450919
78,2020-08-14,65700,1200,64500,66000,63500,404184
77,2020-08-18,66600,900,65700,69900,64000,947615
76,2020-08-19,71300,4700,67900,71900,65900,1164471
73,2020-08-20,67700,3600,70800,70900,66100,721577
72,2020-08-21,67300,400,67700,69300,65600,402941
71,2020-08-24,68300,1000,66700,68300,65800,249442
70,2020-08-25,71900,3600,68400,72900,68300,757039
69,2020-08-26,71600,300,71900,71900,69100,465436
65,2020-08-27,70100,1500,70600,71900,69200,353288
64,2020-08-28,68500,1600,70100,70800,67500,415596
63,2020-08-31,66500,2000,68500,68700,66500,412430
62,2020-09-01,67400,900,67900,68900,66800,287137
61,2020-09-02,69300,1900,68400,69500,67500,327231
58,2020-09-03,67700,1600,69400,69600,67000,429686
57,2020-09-04,64800,2900,65000,65800,63700,671989
56,2020-09-07,63000,1800,64500,64500,62200,545811
55,2020-09-08,63300,300,63300,65100,62600,381869
54,2020-09-09,61600,1700,61900,63100,61200,306904
50,2020-09-10,62400,800,62200,62800,61600,217158
49,2020-09-11,63000,600,61500,63700,60600,338467
48,2020-09-14,62800,200,63700,64000,62000,168720
47,2020-09-15,67400,4600,63200,67600,63100,811267
46,2020-09-16,64700,2700,67400,67500,64300,398755
43,2020-09-17,63700,1000,65000,65200,63200,200022
42,2020-09-18,65000,1300,64000,65600,63900,190026
41,2020-09-21,62700,2300,64600,65200,62000,268113
40,2020-09-22,60300,2400,62600,63400,59900,289511
39,2020-09-23,60400,100,60800,61800,58200,201184
35,2020-09-24,57700,2700,58900,60300,57500,279864
34,2020-09-25,57300,400,58600,59200,56600,237103
33,2020-09-28,60600,3300,57700,61200,57500,198436
32,2020-09-29,61000,400,60900,62000,59000,198560
31,2020-10-05,62100,1100,63000,64700,62100,292320
28,2020-10-06,62400,300,62600,63600,62200,131051
27,2020-10-07,65400,3000,63000,66000,62400,532678
26,2020-10-08,65600,200,65700,66300,64600,275499
25,2020-10-12,66800,1200,66000,67800,65500,381526
24,2020-10-13,67200,400,67500,68200,66300,242975
20,2020-10-14,64400,2800,67400,67500,64400,249880
19,2020-10-15,61400,3000,63900,64100,60500,417646
18,2020-10-16,60900,500,61900,62200,59500,192820
17,2020-10-19,60100,800,61000,61800,60100,136332
16,2020-10-20,61300,1200,59300,61300,58800,143635
13,2020-10-21,60900,400,61100,61300,59900,116217
12,2020-10-22,59100,1800,60900,60900,58700,154051
11,2020-10-23,58500,600,59700,59800,58500,124684
10,2020-10-26,55500,3000,57800,58500,54300,332347
9,2020-10-27,56700,1200,54700,57500,54300,198871
5,2020-10-28,58900,2200,56800,58900,56000,173666
4,2020-10-29,57900,1000,57400,58000,56400,195349
3,2020-10-30,51900,6000,58200,58400,51100,937813
2,2020-11-02,51900,0,51900,53500,50600,207163
1,2020-11-03,54400,2500,52000,55300,52000,393123
