,date,close,diff,open,high,low,volume
448,2019-08-16,1080,10,1060,1080,1010,253433
447,2019-08-19,1050,30,1070,1100,1040,262408
446,2019-08-20,1070,20,1055,1075,1045,117403
445,2019-08-21,1105,35,1065,1115,1055,260977
444,2019-08-22,1185,80,1120,1290,1090,4559581
440,2019-08-23,1110,75,1165,1200,1110,695725
439,2019-08-26,1020,90,1095,1095,1020,733305
438,2019-08-27,1035,15,1020,1045,995,512703
437,2019-08-28,1040,5,1030,1045,1010,141467
436,2019-08-29,1020,20,1035,1045,1000,206306
433,2019-08-30,1030,10,1030,1040,1010,268974
432,2019-09-02,1040,10,1030,1060,1025,273748
431,2019-09-03,1055,15,1045,1065,1030,249946
430,2019-09-04,1055,0,1055,1070,1035,274194
429,2019-09-05,1120,65,1060,1155,1040,993828
425,2019-09-06,1120,0,1115,1130,1100,367253
424,2019-09-09,1150,30,1135,1170,1100,649503
423,2019-09-10,1120,30,1210,1220,1115,866381
422,2019-09-11,1115,5,1120,1125,1105,266211
421,2019-09-16,1135,20,1120,1135,1100,230578
418,2019-09-17,1150,15,1130,1160,1120,237255
417,2019-09-18,1130,20,1150,1155,1130,311242
416,2019-09-19,1145,15,1130,1155,1125,212735
415,2019-09-20,1120,25,1140,1155,1095,461860
414,2019-09-23,1105,15,1140,1140,1105,261093
410,2019-09-24,1110,5,1095,1120,1095,220422
409,2019-09-25,1085,25,1100,1130,1085,219680
408,2019-09-26,1075,10,1090,1100,1050,262990
407,2019-09-27,1070,5,1075,1140,1070,438574
406,2019-09-30,1020,50,1080,1080,1005,499246
403,2019-10-01,1035,15,1015,1045,1005,342768
402,2019-10-02,1025,10,1015,1035,1000,362791
401,2019-10-04,1015,10,1020,1030,1005,221614
400,2019-10-07,1005,10,1025,1030,1000,245806
399,2019-10-08,1025,20,1000,1025,990,337627
395,2019-10-10,1025,0,1030,1030,1010,156548
394,2019-10-11,1055,30,1030,1070,1020,290735
393,2019-10-14,1075,20,1065,1085,1065,203603
392,2019-10-15,1070,5,1075,1085,1050,160242
391,2019-10-16,1150,80,1080,1150,1080,645667
388,2019-10-17,1145,5,1160,1160,1115,281741
387,2019-10-18,1140,5,1140,1150,1115,292711
386,2019-10-21,1160,20,1170,1200,1135,884435
385,2019-10-22,1185,25,1180,1200,1165,686610
384,2019-10-23,1145,40,1200,1200,1130,502030
380,2019-10-24,1140,5,1140,1170,1115,209002
379,2019-10-25,1125,15,1135,1140,1105,210307
378,2019-10-28,1225,100,1125,1225,1120,1012108
377,2019-10-29,1195,30,1215,1250,1170,905258
376,2019-10-30,1155,40,1185,1195,1145,344829
373,2019-10-31,1165,10,1155,1175,1145,142823
372,2019-11-01,1160,5,1160,1170,1140,183023
371,2019-11-04,1175,15,1160,1190,1155,398105
370,2019-11-05,1180,5,1175,1195,1155,276209
369,2019-11-06,1175,5,1180,1215,1175,471001
365,2019-11-07,1175,0,1175,1195,1165,237318
364,2019-11-08,1165,10,1165,1180,1155,266426
363,2019-11-11,1155,10,1165,1180,1140,187392
362,2019-11-12,1155,0,1155,1170,1140,215662
361,2019-11-13,1145,10,1155,1160,1130,403049
358,2019-11-14,1160,15,1200,1200,1145,423165
357,2019-11-15,1195,35,1165,1200,1160,439300
356,2019-11-18,1550,355,1205,1550,1200,10162120
355,2019-11-19,1685,135,1685,1915,1580,32256168
354,2019-11-20,1510,175,1670,1810,1480,19245547
350,2019-11-21,1570,60,1520,1665,1450,8977788
349,2019-11-22,1395,175,1535,1545,1380,3805156
348,2019-11-25,1430,35,1415,1455,1395,1804213
347,2019-11-26,1495,65,1445,1575,1400,5858597
346,2019-11-27,1600,105,1490,1605,1475,3706018
343,2019-11-28,1540,60,1580,1715,1530,5199065
342,2019-11-29,1755,215,1570,1795,1550,14689478
341,2019-12-02,1845,90,1740,1845,1635,5080044
340,2019-12-03,1855,10,1830,1935,1760,4195169
339,2019-12-04,1830,25,1820,1890,1805,1435425
335,2019-12-05,1705,125,1825,1845,1610,2616655
334,2019-12-06,1755,50,1700,1790,1685,892697
333,2019-12-09,1715,40,1790,1805,1715,632701
332,2019-12-10,1680,35,1735,1735,1635,961357
331,2019-12-11,1765,85,1700,1765,1655,691927
328,2019-12-12,1825,60,1785,1885,1755,1399733
327,2019-12-13,1825,0,1825,1875,1795,873641
326,2019-12-16,1795,30,1830,1860,1785,586764
325,2019-12-17,1935,140,1820,2030,1715,15055880
324,2019-12-18,1750,185,1925,1960,1750,4721079
320,2019-12-19,1720,30,1755,1820,1710,1435609
319,2019-12-20,1695,25,1720,1745,1650,1300375
318,2019-12-23,1660,35,1680,1710,1655,841683
317,2019-12-24,1590,70,1660,1675,1575,1002937
316,2019-12-26,1620,30,1575,1655,1570,694639
313,2019-12-27,1775,155,1610,1825,1610,2041702
312,2019-12-30,1830,55,1785,1850,1755,892345
311,2020-01-02,1835,5,1860,1900,1795,779246
310,2020-01-03,1840,5,1825,1895,1820,607861
309,2020-01-06,1780,60,1825,1840,1750,702033
305,2020-01-07,1840,60,1780,1855,1780,601396
304,2020-01-08,1720,120,1830,1835,1720,1003066
303,2020-01-09,1950,230,1800,2050,1770,4878848
302,2020-01-10,1980,30,1970,2000,1915,1079026
301,2020-01-13,2105,125,1980,2145,1935,2735722
298,2020-01-14,2120,15,2090,2165,2055,1206042
297,2020-01-15,2450,330,2095,2600,2095,12803548
296,2020-01-16,2310,140,2410,2420,2285,2809021
295,2020-01-17,2430,120,2285,2475,2265,2254537
294,2020-01-20,2425,5,2390,2715,2370,4457166
290,2020-01-21,2570,145,2430,2670,2420,4105317
289,2020-01-22,2600,30,2560,2645,2530,1533340
288,2020-01-23,2630,30,2600,2670,2560,834386
287,2020-01-28,2860,230,2970,3065,2675,7253596
286,2020-01-29,2870,10,2940,2940,2755,1710506
283,2020-01-30,2855,15,2900,3000,2830,2095271
282,2020-01-31,2780,75,2810,2910,2730,1291007
281,2020-02-03,2710,70,2905,2990,2600,2980458
280,2020-02-04,2750,40,2870,2870,2680,1657104
279,2020-02-05,2980,230,2830,2980,2770,5364681
275,2020-02-06,2775,205,3130,3180,2755,5374529
274,2020-02-07,2730,45,2800,2805,2665,1281001
273,2020-02-10,2740,10,2740,2760,2630,933461
272,2020-02-11,2715,25,2735,2740,2665,652682
271,2020-02-12,2675,40,2715,2725,2665,572630
268,2020-02-13,2855,180,2735,2935,2735,4315310
267,2020-02-14,2780,75,2980,2985,2745,2489638
266,2020-02-17,2815,35,2740,2885,2740,831155
265,2020-02-18,2750,65,2805,2835,2730,599065
264,2020-02-19,2780,30,2755,2830,2685,514530
260,2020-02-20,2600,180,2790,2790,2515,950032
259,2020-02-21,2545,55,2635,2765,2510,1111668
258,2020-02-24,2520,25,2540,2720,2385,2230279
257,2020-02-25,2785,265,2530,2805,2530,2162613
256,2020-02-26,2635,150,2740,2775,2580,1268386
253,2020-02-27,2540,95,2635,2660,2490,865807
252,2020-02-28,2385,155,2450,2500,2310,1173059
251,2020-03-02,2700,315,2440,2770,2440,2268823
250,2020-03-03,2580,120,2745,2835,2550,1601324
249,2020-03-04,2680,100,2550,2705,2525,893269
245,2020-03-05,2630,50,2690,2740,2605,624009
244,2020-03-06,2680,50,2980,3000,2650,3714921
243,2020-03-09,2730,50,2635,2730,2585,1223293
242,2020-03-10,2610,120,2665,2685,2580,998991
241,2020-03-11,2580,30,2610,2690,2430,856955
238,2020-03-12,2370,210,2515,2560,2335,1164285
237,2020-03-13,2080,290,2150,2190,1815,2840864
236,2020-03-16,2085,5,2200,2310,2050,1929678
235,2020-03-17,2115,30,1900,2240,1900,1403807
234,2020-03-18,2070,45,2195,2410,2070,2903501
230,2020-03-19,1570,500,2140,2160,1460,3009478
229,2020-03-20,1980,410,1700,1980,1690,2339128
228,2020-03-23,1905,75,1900,2085,1720,2700660
227,2020-03-24,1710,195,1950,1995,1560,11564320
226,2020-03-25,1765,55,1745,1840,1710,5008671
223,2020-03-26,1880,115,1785,2050,1705,9183876
222,2020-03-27,1900,20,1990,2040,1770,5126715
221,2020-03-30,2030,130,1865,2030,1810,2323651
220,2020-03-31,2490,460,2090,2495,2080,7197750
219,2020-04-01,2595,105,2555,3095,2500,10309050
215,2020-04-02,2615,20,2555,2670,2325,3409731
214,2020-04-03,2600,15,2615,2695,2555,1567458
213,2020-04-06,2630,30,2655,2665,2585,1248810
212,2020-04-07,2720,90,2690,2740,2565,2047285
211,2020-04-08,2420,300,2700,2720,2420,2956870
208,2020-04-09,2435,15,2415,2525,2415,1609165
207,2020-04-10,2380,55,2485,2510,2220,2119369
206,2020-04-13,2500,120,2455,2630,2320,4685063
205,2020-04-14,2495,5,2520,2570,2435,1263833
204,2020-04-16,2505,10,2460,2630,2430,2132410
200,2020-04-17,2470,35,2530,2550,2460,1253722
199,2020-04-20,2400,70,2490,2490,2390,1067144
198,2020-04-21,2330,70,2380,2435,2190,1524338
197,2020-04-22,2315,15,2300,2345,2260,637672
196,2020-04-23,2305,10,2340,2365,2295,444195
193,2020-04-24,2330,25,2350,2530,2235,4291003
192,2020-04-27,2365,35,2305,2400,2305,793314
191,2020-04-28,2330,35,2395,2405,2300,533844
190,2020-04-29,2315,15,2355,2360,2285,417493
189,2020-05-04,2300,15,2305,2335,2270,443513
185,2020-05-06,2365,65,2315,2405,2305,809851
184,2020-05-07,2485,120,2410,2515,2370,1660649
183,2020-05-08,2455,30,2495,2500,2440,787731
182,2020-05-11,2470,15,2480,2490,2435,695532
181,2020-05-12,2405,65,2490,2515,2365,909468
178,2020-05-13,2385,20,2400,2440,2365,468198
177,2020-05-14,2385,0,2370,2415,2335,699415
176,2020-05-15,2370,15,2410,2415,2335,874278
175,2020-05-18,2350,20,2375,2385,2300,460182
174,2020-05-19,2340,10,2335,2375,2305,496321
170,2020-05-20,2450,110,2335,2500,2335,1415608
169,2020-05-21,2305,145,2465,2465,2300,1864778
168,2020-05-22,2285,20,2310,2340,2255,751253
167,2020-05-25,2215,70,2280,2315,2210,765129
166,2020-05-26,2210,5,2205,2260,2165,743476
163,2020-05-27,2210,0,2210,2285,2190,748386
162,2020-05-28,2140,70,2245,2245,2140,870856
161,2020-05-29,2080,60,2130,2130,2020,908496
160,2020-06-01,2090,10,2080,2110,2050,510496
159,2020-06-02,2150,60,2095,2190,2095,575245
155,2020-06-03,2220,70,2180,2395,2165,4423605
154,2020-06-04,2205,15,2220,2240,2170,599698
153,2020-06-05,2200,5,2225,2245,2180,328043
152,2020-06-08,2215,15,2205,2275,2200,795837
151,2020-06-09,2195,20,2210,2245,2170,496675
148,2020-06-10,2180,15,2210,2235,2150,485437
147,2020-06-11,2135,45,2200,2200,2110,505507
146,2020-06-12,2075,60,2035,2095,2000,601702
145,2020-06-15,1935,140,2095,2100,1885,1262099
144,2020-06-16,1985,50,1970,2045,1935,577820
140,2020-06-17,1980,5,1975,2020,1910,653880
139,2020-06-18,2120,140,1970,2215,1950,1613590
138,2020-06-19,2090,30,2180,2180,2025,636015
137,2020-06-22,2050,40,2090,2110,2030,366357
136,2020-06-23,2015,35,2050,2080,1970,464924
133,2020-06-24,2050,35,2045,2090,2015,360908
132,2020-06-25,2070,20,2015,2080,2010,274642
131,2020-06-26,2160,90,2060,2175,2035,802639
130,2020-06-29,2090,70,2150,2210,2070,430983
129,2020-06-30,2070,20,2095,2145,2050,302510
125,2020-07-01,2110,40,2100,2130,2045,396993
124,2020-07-02,2150,40,2110,2165,2100,381213
123,2020-07-03,2160,10,2150,2160,2120,261814
122,2020-07-06,2100,60,2130,2165,2100,365267
121,2020-07-07,2060,40,2140,2140,2040,334419
118,2020-07-08,2060,0,2060,2090,2040,256002
117,2020-07-09,2095,35,2060,2125,2045,388844
116,2020-07-10,2240,145,2095,2300,2090,2520918
115,2020-07-13,2305,65,2240,2330,2190,1013110
114,2020-07-14,2230,75,2305,2310,2200,501631
110,2020-07-15,2270,40,2405,2545,2265,4220519
109,2020-07-16,2205,65,2265,2275,2195,643341
108,2020-07-17,2225,20,2205,2225,2180,326627
107,2020-07-20,2210,15,2260,2265,2180,548850
106,2020-07-21,2210,0,2235,2285,2190,636934
103,2020-07-22,2180,30,2190,2210,2160,642241
102,2020-07-23,2260,80,2210,2280,2185,1219293
101,2020-07-24,2240,20,2255,2255,2170,573051
100,2020-07-27,2330,90,2270,2450,2190,2038208
99,2020-07-28,2295,35,2375,2380,2290,736062
95,2020-07-29,2280,15,2300,2315,2255,421759
94,2020-07-30,2345,65,2290,2345,2260,540967
93,2020-07-31,2420,75,2340,2440,2310,1856529
92,2020-08-03,2380,40,2450,2450,2360,724593
91,2020-08-04,2430,50,2380,2470,2370,1026014
88,2020-08-05,2390,40,2445,2475,2390,748522
87,2020-08-06,2400,10,2375,2435,2360,555105
86,2020-08-07,2320,80,2390,2425,2295,768418
85,2020-08-10,2245,75,2350,2350,2210,819991
84,2020-08-11,2280,35,2245,2370,2210,882989
80,2020-08-12,2340,60,2305,2470,2305,1839760
79,2020-08-13,2365,25,2320,2390,2295,679132
78,2020-08-14,2275,90,2380,2380,2255,606273
77,2020-08-18,2205,70,2315,2315,2165,587784
76,2020-08-19,2180,25,2205,2260,2170,465218
73,2020-08-20,2065,115,2165,2175,2010,904728
72,2020-08-21,2085,20,2070,2135,2040,527900
71,2020-08-24,2160,75,2085,2205,2050,798340
70,2020-08-25,2140,20,2180,2195,2130,635594
69,2020-08-26,2170,30,2150,2200,2065,834730
65,2020-08-27,2250,80,2225,2425,2175,3348758
64,2020-08-28,2345,95,2260,2380,2210,1008026
63,2020-08-31,2315,30,2350,2360,2270,768780
62,2020-09-01,2465,150,2310,2480,2270,3197615
61,2020-09-02,2460,5,2430,2550,2340,4891998
58,2020-09-03,2400,60,2530,2530,2370,2487769
57,2020-09-04,2400,0,2305,2480,2295,1302613
56,2020-09-07,2335,65,2400,2420,2315,1667237
55,2020-09-08,2260,75,2295,2385,2150,7198750
54,2020-09-09,2345,85,2330,2500,2285,3983040
50,2020-09-10,2390,45,2355,2400,2320,807595
49,2020-09-11,2445,55,2385,2480,2325,2010161
48,2020-09-14,2385,60,2465,2470,2375,745657
47,2020-09-15,2420,35,2400,2425,2340,743306
46,2020-09-16,2360,60,2445,2445,2340,707882
43,2020-09-17,2585,225,2365,2695,2365,13861452
42,2020-09-18,2500,85,2625,2655,2465,3628892
41,2020-09-21,2380,120,2510,2510,2355,2067255
40,2020-09-22,2320,60,2380,2405,2225,1395246
39,2020-09-23,2285,35,2315,2350,2250,621180
35,2020-09-24,2200,85,2250,2285,2200,951743
34,2020-09-25,2265,65,2205,2315,2205,788421
33,2020-09-28,2365,100,2265,2420,2230,1056343
32,2020-09-29,2350,15,2365,2415,2335,660121
31,2020-10-05,2665,315,2840,2975,2500,8565688
28,2020-10-06,2720,55,2655,2750,2565,2431913
27,2020-10-07,2600,120,2645,2715,2570,1453746
26,2020-10-08,2590,10,2605,2640,2545,1003849
25,2020-10-12,2460,130,2565,2600,2435,1504018
24,2020-10-13,2385,75,2450,2480,2370,1274030
20,2020-10-14,2415,30,2475,2475,2345,1098969
19,2020-10-15,2325,90,2415,2415,2265,1476643
18,2020-10-16,2345,20,2300,2355,2260,760617
17,2020-10-19,2310,35,2385,2385,2300,593031
16,2020-10-20,2365,55,2305,2365,2260,723070
13,2020-10-21,2325,40,2375,2375,2315,384753
12,2020-10-22,2275,50,2330,2345,2265,390061
11,2020-10-23,2250,25,2265,2315,2225,422407
10,2020-10-26,2210,40,2285,2285,2195,567982
9,2020-10-27,2220,10,2155,2280,2155,395989
5,2020-10-28,2215,5,2240,2260,2205,276350
4,2020-10-29,2175,40,2190,2200,2130,694499
3,2020-10-30,2145,30,2175,2200,2125,408852
2,2020-11-02,2325,180,2200,2365,2190,1969875
1,2020-11-03,2325,0,2315,2365,2290,337308
