,date,close,diff,open,high,low,volume
448,2019-08-16,2145,50,2165,2200,2135,123956
447,2019-08-19,2150,5,2145,2195,2145,104076
446,2019-08-20,2185,35,2150,2205,2145,174439
445,2019-08-21,2255,70,2190,2295,2185,370565
444,2019-08-22,2235,20,2270,2270,2220,151098
440,2019-08-23,2190,45,2220,2250,2155,179806
439,2019-08-26,2065,125,2140,2195,2060,275404
438,2019-08-27,2075,10,2100,2130,2065,133849
437,2019-08-28,2160,85,2090,2180,2080,189936
436,2019-08-29,2080,80,2190,2190,2070,224751
433,2019-08-30,2135,55,2100,2165,2100,206374
432,2019-09-02,2135,0,2140,2155,2100,151629
431,2019-09-03,2255,120,2115,2315,2115,832722
430,2019-09-04,2200,55,2245,2260,2160,425668
429,2019-09-05,2250,50,2210,2275,2185,274629
425,2019-09-06,2210,40,2260,2265,2190,200700
424,2019-09-09,2175,35,2210,2225,2165,253465
423,2019-09-10,2245,70,2180,2250,2180,358564
422,2019-09-11,2320,75,2245,2330,2240,493791
421,2019-09-16,2440,120,2320,2470,2310,626073
418,2019-09-17,2425,15,2440,2455,2370,265545
417,2019-09-18,2610,185,2430,2660,2415,1589371
416,2019-09-19,2535,75,2590,2600,2515,654561
415,2019-09-20,2520,15,2525,2560,2500,328647
414,2019-09-23,2530,10,2505,2565,2470,335982
410,2019-09-24,2530,0,2530,2560,2480,240285
409,2019-09-25,2440,90,2530,2535,2400,357492
408,2019-09-26,2460,20,2455,2520,2425,184262
407,2019-09-27,2425,35,2440,2445,2400,148190
406,2019-09-30,2390,35,2395,2460,2365,151743
403,2019-10-01,2480,90,2380,2485,2355,325624
402,2019-10-02,2450,30,2475,2485,2420,219537
401,2019-10-04,2435,15,2445,2445,2405,122745
400,2019-10-07,2400,35,2435,2455,2370,141471
399,2019-10-08,2400,0,2355,2400,2340,126717
395,2019-10-10,2340,60,2400,2400,2335,113433
394,2019-10-11,2415,75,2355,2435,2355,194179
393,2019-10-14,2495,80,2430,2525,2395,286404
392,2019-10-15,2585,90,2485,2610,2480,651892
391,2019-10-16,2570,15,2580,2615,2495,344137
388,2019-10-17,2530,40,2570,2580,2525,115231
387,2019-10-18,2510,20,2540,2545,2475,193619
386,2019-10-21,2655,145,2550,2715,2495,982015
385,2019-10-22,2625,30,2640,2750,2610,507007
384,2019-10-23,2645,20,2625,2675,2580,300135
380,2019-10-24,2595,50,2635,2650,2590,229521
379,2019-10-25,2520,75,2625,2660,2520,279690
378,2019-10-28,2645,125,2530,2735,2530,627731
377,2019-10-29,2695,50,2650,2780,2650,609913
376,2019-10-30,2690,5,2685,2820,2650,474538
373,2019-10-31,2645,45,2685,2755,2610,366210
372,2019-11-01,2600,45,2635,2670,2575,344316
371,2019-11-04,2780,180,2690,2780,2600,636176
370,2019-11-05,2855,75,2785,2870,2710,748073
369,2019-11-06,2840,15,2855,2900,2800,372215
365,2019-11-07,3015,175,2840,3150,2835,1998935
364,2019-11-08,3915,900,3060,3915,3060,14240948
363,2019-11-11,5080,1165,4500,5080,4435,9582679
362,2019-11-12,4820,260,5210,6050,4685,25606913
361,2019-11-13,4730,90,4840,5530,4600,9690674
358,2019-11-14,4450,280,4825,4980,4350,3952445
357,2019-11-15,4400,50,4400,4520,4255,2758442
356,2019-11-18,4450,50,4355,4945,4310,7024740
355,2019-11-19,4490,40,4485,4890,4380,5296709
354,2019-11-20,4740,250,4530,5230,4450,9315941
350,2019-11-21,4990,250,4690,5040,4660,5356707
349,2019-11-22,5420,430,5300,5680,5080,8541918
348,2019-11-25,4905,515,5290,5340,4905,2043016
347,2019-11-26,4620,285,4940,4940,4580,1756591
346,2019-11-27,4805,185,4635,4940,4580,2199684
343,2019-11-28,4530,275,4720,4770,4500,784812
342,2019-11-29,4560,30,4590,4860,4415,1300138
341,2019-12-02,4680,120,4570,4920,4535,1951345
340,2019-12-03,4950,270,4685,4950,4530,1031275
339,2019-12-04,4825,125,4840,4920,4710,753145
335,2019-12-05,5150,325,4760,5150,4720,2449363
334,2019-12-06,5030,120,5030,5190,4915,1521425
333,2019-12-09,4530,500,5220,5220,4530,1832552
332,2019-12-10,4090,440,4530,4580,3995,1752875
331,2019-12-11,4085,5,4110,4305,4035,963728
328,2019-12-12,4120,35,4030,4220,4030,444199
327,2019-12-13,4150,30,4220,4260,4095,490186
326,2019-12-16,4185,35,4160,4185,4050,335577
325,2019-12-17,4155,30,4205,4285,4150,529090
324,2019-12-18,4145,10,4155,4220,4100,309451
320,2019-12-19,3980,165,4155,4155,3980,535496
319,2019-12-20,3970,10,4010,4070,3920,444333
318,2019-12-23,3860,110,3970,4000,3770,646772
317,2019-12-24,3875,15,3805,3980,3710,675139
316,2019-12-26,4020,145,3865,4060,3865,482224
313,2019-12-27,4135,115,4055,4140,3985,321648
312,2019-12-30,4110,25,4135,4170,4085,309295
311,2020-01-02,4180,70,4150,4200,4075,233380
310,2020-01-03,4030,150,4200,4205,3975,445629
309,2020-01-06,4050,20,3930,4085,3885,423981
305,2020-01-07,4025,25,4050,4135,3985,253729
304,2020-01-08,3860,165,3980,3985,3770,661195
303,2020-01-09,4175,315,3950,4230,3900,763457
302,2020-01-10,4230,55,4150,4250,4120,505358
301,2020-01-13,4350,120,4220,4455,4190,1542245
298,2020-01-14,4335,15,4400,4420,4300,339882
297,2020-01-15,4260,75,4350,4400,4205,278302
296,2020-01-16,4290,30,4275,4320,4220,205434
295,2020-01-17,4115,175,4300,4300,3960,578545
294,2020-01-20,4010,105,4100,4170,3950,431641
290,2020-01-21,3970,40,3975,3975,3850,301940
289,2020-01-22,3940,30,3960,3965,3855,185803
288,2020-01-23,3945,5,3940,3945,3845,288424
287,2020-01-28,3530,415,3735,3785,3430,836966
286,2020-01-29,3585,55,3530,3695,3450,380049
283,2020-01-30,3460,125,3565,3640,3390,288756
282,2020-01-31,3435,25,3415,3545,3365,362813
281,2020-02-03,3540,105,3230,3570,3230,263117
280,2020-02-04,3625,85,3530,3640,3525,187467
279,2020-02-05,3570,55,3695,3695,3545,221564
275,2020-02-06,3715,145,3570,3825,3570,550571
274,2020-02-07,3830,115,3740,3990,3655,740782
273,2020-02-10,3875,45,3820,3900,3755,186499
272,2020-02-11,3850,25,3910,3910,3845,140112
271,2020-02-12,3860,10,3850,3880,3600,283724
268,2020-02-13,3880,20,3860,4025,3805,377952
267,2020-02-14,3960,80,3930,3970,3800,238660
266,2020-02-17,3990,30,3955,3990,3905,261343
265,2020-02-18,3950,40,3955,4055,3905,310808
264,2020-02-19,3835,115,3930,4000,3805,287471
260,2020-02-20,4020,185,3840,4190,3815,743740
259,2020-02-21,4470,450,4025,4470,3975,2934739
258,2020-02-24,3200,1270,3605,3675,3130,4904033
257,2020-02-25,2920,280,3100,3170,2795,1887004
256,2020-02-26,2925,5,2840,3120,2785,1983292
253,2020-02-27,2655,270,2850,2920,2620,1192699
252,2020-02-28,2460,195,2590,2630,2425,999402
251,2020-03-02,2515,55,2490,2550,2425,595336
250,2020-03-03,2560,45,2555,2675,2540,619895
249,2020-03-04,2695,135,2550,2730,2510,474740
245,2020-03-05,2820,125,2740,2850,2695,477493
244,2020-03-06,2740,80,2800,2815,2680,353225
243,2020-03-09,2555,185,2650,2670,2490,382174
242,2020-03-10,2610,55,2475,2615,2430,388894
241,2020-03-11,2380,230,2600,2600,2330,761021
238,2020-03-12,2205,175,2290,2380,2150,525540
237,2020-03-13,2040,165,2100,2100,1805,1023236
236,2020-03-16,1960,80,2020,2175,1960,406279
235,2020-03-17,1995,35,1700,2065,1700,415193
234,2020-03-18,1830,165,1985,2065,1825,291087
230,2020-03-19,1450,380,1850,1955,1360,1010239
229,2020-03-20,1630,180,1455,1630,1455,962037
228,2020-03-23,1520,110,1470,1605,1410,284885
227,2020-03-24,1830,310,1545,1845,1545,470531
226,2020-03-25,2135,305,1890,2180,1890,868910
223,2020-03-26,2240,105,2340,2430,2110,1052289
222,2020-03-27,2240,0,2350,2400,2150,763981
221,2020-03-30,2265,25,2150,2335,1990,267651
220,2020-03-31,2440,175,2380,2450,2345,537540
219,2020-04-01,2535,95,2450,2600,2415,873235
215,2020-04-02,2600,65,2510,2660,2480,425686
214,2020-04-03,2800,200,2760,2805,2590,714917
213,2020-04-06,3135,335,2715,3285,2710,1840857
212,2020-04-07,3085,50,3155,3200,2975,948233
211,2020-04-08,3075,10,3095,3210,2955,640304
208,2020-04-09,3015,60,3190,3210,2990,311574
207,2020-04-10,3235,220,3035,3260,2870,911009
206,2020-04-13,3220,15,3360,3445,3195,1776710
205,2020-04-14,3295,75,3250,3330,3225,338115
204,2020-04-16,3340,45,3300,3360,3165,394876
200,2020-04-17,3400,60,3380,3400,3300,553056
199,2020-04-20,3595,195,3560,3690,3480,1377097
198,2020-04-21,3610,15,3545,3680,3200,938520
197,2020-04-22,3615,5,3595,3670,3410,507484
196,2020-04-23,3605,10,3615,3670,3575,380730
193,2020-04-24,3415,190,3575,3575,3390,569549
192,2020-04-27,3430,15,3410,3460,3390,314319
191,2020-04-28,3780,350,3430,3885,3400,2164471
190,2020-04-29,3715,65,3730,3835,3610,1037630
189,2020-05-04,3555,160,3630,3675,3550,495163
185,2020-05-06,3555,0,3585,3630,3440,482590
184,2020-05-07,3610,55,3530,3655,3495,695098
183,2020-05-08,3580,30,3615,3620,3545,633145
182,2020-05-11,3525,55,3595,3595,3495,345532
181,2020-05-12,3350,175,3525,3555,3250,581070
178,2020-05-13,3370,20,3310,3405,3250,303024
177,2020-05-14,3340,30,3360,3480,3270,489154
176,2020-05-15,3500,160,3290,3800,3205,2716994
175,2020-05-18,3500,0,3465,3555,3370,540341
174,2020-05-19,3520,20,3540,3610,3500,765391
170,2020-05-20,3465,55,3520,3535,3450,300319
169,2020-05-21,3420,45,3500,3500,3370,385138
168,2020-05-22,3315,105,3420,3440,3290,359501
167,2020-05-25,3360,45,3315,3410,3270,178932
166,2020-05-26,3440,80,3400,3465,3335,257158
163,2020-05-27,3610,170,3480,4000,3430,6162196
162,2020-05-28,4015,405,3615,4015,3535,3852307
161,2020-05-29,4055,40,3835,4180,3665,3112576
160,2020-06-01,4115,60,4035,4145,3950,1342959
159,2020-06-02,4470,355,4110,5190,4110,45216288
155,2020-06-03,4160,310,4500,4560,4135,4899229
154,2020-06-04,4140,20,4140,4185,4055,1501130
153,2020-06-05,4220,80,4130,4375,4125,2976764
152,2020-06-08,4225,5,4210,4280,4130,635897
151,2020-06-09,4250,25,4250,4330,4165,893656
148,2020-06-10,4275,25,4255,4295,4160,725423
147,2020-06-11,4185,90,4280,4300,4165,609503
146,2020-06-12,4060,125,3885,4090,3800,890946
145,2020-06-15,3680,380,4030,4125,3600,722329
144,2020-06-16,3950,270,3750,3950,3660,685755
140,2020-06-17,4070,120,3825,4095,3795,716020
139,2020-06-18,3865,205,4110,4110,3860,590872
138,2020-06-19,3835,30,3835,3895,3755,388991
137,2020-06-22,3760,75,3835,3840,3700,280377
136,2020-06-23,3800,40,3840,3900,3700,364888
133,2020-06-24,3825,25,3885,3960,3825,429484
132,2020-06-25,3755,70,3810,3845,3730,230866
131,2020-06-26,3760,5,3755,3835,3650,248334
130,2020-06-29,3715,45,3680,3850,3680,226258
129,2020-06-30,3960,245,3735,4300,3715,4431891
125,2020-07-01,3765,195,3990,4005,3730,773395
124,2020-07-02,3950,185,3740,4110,3735,1276981
123,2020-07-03,4065,115,3940,4165,3875,1764752
122,2020-07-06,4080,15,4070,4165,4040,711859
121,2020-07-07,4350,270,4105,4395,3940,2543538
118,2020-07-08,4560,210,4325,4600,4220,4346519
117,2020-07-09,4500,60,4580,4635,4455,1905193
116,2020-07-10,4310,190,4450,4495,4225,1000324
115,2020-07-13,4290,20,4315,4430,4185,971485
114,2020-07-14,4290,0,4290,4340,4220,446712
110,2020-07-15,4135,155,4290,4335,4135,638623
109,2020-07-16,4185,50,4140,4325,4140,461617
108,2020-07-17,4465,280,4220,4470,4195,1554859
107,2020-07-20,4440,25,4520,4560,4420,1621272
106,2020-07-21,4495,55,4450,4550,4340,1064221
103,2020-07-22,4480,15,4455,4505,4360,564301
102,2020-07-23,4460,20,4435,4590,4370,844313
101,2020-07-24,4335,125,4340,4400,4195,570440
100,2020-07-27,4700,365,4400,4715,4370,4014987
99,2020-07-28,4530,170,4695,4750,4480,1994127
95,2020-07-29,4765,235,4530,4765,4385,1607666
94,2020-07-30,4735,30,4765,4980,4635,2270486
93,2020-07-31,4765,30,4745,4970,4705,1370168
92,2020-08-03,4685,80,4810,4825,4585,1167673
91,2020-08-04,4705,20,4680,4745,4455,1470236
88,2020-08-05,4595,110,4700,4735,4590,991826
87,2020-08-06,4795,200,4565,4795,4565,1123144
86,2020-08-07,4675,120,4785,4785,4665,565496
85,2020-08-10,4610,65,4675,4745,4600,412467
84,2020-08-11,4585,25,4615,4645,4530,461624
80,2020-08-12,4465,120,4585,4585,4360,576223
79,2020-08-13,4600,135,4505,4825,4505,2528914
78,2020-08-14,4480,120,4645,4690,4435,664197
77,2020-08-18,4140,340,4480,4800,4100,940270
76,2020-08-19,4230,90,4100,4330,4100,681224
73,2020-08-20,4000,230,4260,4260,3830,958809
72,2020-08-21,4285,285,4000,4285,3900,559068
71,2020-08-24,4635,350,4390,4640,4190,2118952
70,2020-08-25,4670,35,4600,4725,4570,1034281
69,2020-08-26,4910,240,4680,4940,4610,1883468
65,2020-08-27,4900,10,4880,4990,4735,1423095
64,2020-08-28,5150,250,4950,5260,4925,2618446
63,2020-08-31,5210,60,5120,5350,5000,3985153
62,2020-09-01,4625,585,5630,5840,4610,12186724
61,2020-09-02,4575,50,4640,4730,4430,2108831
58,2020-09-03,4445,130,4580,4580,4415,1094862
57,2020-09-04,4475,30,4200,4475,4160,976890
56,2020-09-07,4450,25,4520,4520,4425,576649
55,2020-09-08,4560,110,4450,4675,4445,1605982
54,2020-09-09,4385,175,4445,4495,4375,647970
50,2020-09-10,4425,40,4420,4555,4395,583186
49,2020-09-11,4410,15,4420,4495,4380,382525
48,2020-09-14,4410,0,4470,4470,4395,337990
47,2020-09-15,4400,10,4390,4450,4385,323180
46,2020-09-16,4315,85,4410,4440,4315,375335
43,2020-09-17,4190,125,4340,4350,4190,368598
42,2020-09-18,4200,10,4165,4240,4060,352116
41,2020-09-21,4000,200,4200,4230,4000,411193
40,2020-09-22,3855,145,4000,4050,3850,471579
39,2020-09-23,4065,210,3925,4065,3700,428574
35,2020-09-24,3910,155,3970,4065,3880,317357
34,2020-09-25,3980,70,3970,4150,3910,482344
33,2020-09-28,4305,325,4000,4460,4000,2415570
32,2020-09-29,4300,5,4275,4325,4200,570617
31,2020-10-05,4200,100,4265,4320,4160,363565
28,2020-10-06,4130,70,4175,4245,4000,513206
27,2020-10-07,4270,140,4120,4270,4085,239869
26,2020-10-08,4215,55,4275,4280,4185,253180
25,2020-10-12,4165,50,4260,4260,4135,186022
24,2020-10-13,4295,130,4205,4370,4155,696060
20,2020-10-14,4190,105,4300,4335,4175,343882
19,2020-10-15,4020,170,4225,4225,3980,422016
18,2020-10-16,3945,75,3995,4055,3925,274477
17,2020-10-19,3910,35,3950,4005,3840,219431
16,2020-10-20,3930,20,3880,3990,3775,260018
13,2020-10-21,3930,0,3940,3960,3900,122878
12,2020-10-22,3890,40,3900,3950,3860,130081
11,2020-10-23,3850,40,3895,3925,3825,108446
10,2020-10-26,3745,105,3830,3870,3680,289590
9,2020-10-27,3755,10,3675,3825,3640,142727
5,2020-10-28,3780,25,3705,3820,3700,71249
4,2020-10-29,3945,165,3725,3980,3690,147326
3,2020-10-30,3885,60,3915,3955,3850,194381
2,2020-11-02,3815,70,3885,3910,3800,184586
1,2020-11-03,3775,40,3815,3860,3745,184532
