,date,close,diff,open,high,low,volume
448,2019-08-16,63400,3600,66100,66100,63100,171099
447,2019-08-19,64400,1000,63500,64500,63300,79416
446,2019-08-20,67300,2900,63800,67400,63800,64740
445,2019-08-21,67400,100,66700,67600,66400,30809
444,2019-08-22,66400,1000,67400,67700,66000,59879
440,2019-08-23,65900,500,65400,66100,65400,46620
439,2019-08-26,63200,2700,64500,64600,63100,109180
438,2019-08-27,62900,300,63700,64200,62900,36925
437,2019-08-28,63500,600,62600,63700,62400,48377
436,2019-08-29,63700,200,63500,63900,63000,31067
433,2019-08-30,65800,2100,64400,66300,64300,73989
432,2019-09-02,66000,200,66300,66300,65100,31566
431,2019-09-03,65000,1000,66000,66300,64800,43955
430,2019-09-04,65700,700,64700,66000,64700,23048
429,2019-09-05,67200,1500,66500,68000,66000,75835
425,2019-09-06,67000,200,67900,68300,67000,40967
424,2019-09-09,67700,700,67000,68500,67000,38024
423,2019-09-10,68000,300,67500,68800,67500,58911
422,2019-09-11,68900,900,68200,69100,68000,46156
421,2019-09-16,70100,1200,69400,70400,68900,69854
418,2019-09-17,69800,300,70100,70900,69200,42758
417,2019-09-18,70000,200,70500,71200,69600,20079
416,2019-09-19,68700,1300,70200,70600,68200,55561
415,2019-09-20,69200,500,69000,69300,68500,37149
414,2019-09-23,68700,500,69100,69100,68000,31376
410,2019-09-24,68800,100,68700,69100,67900,36274
409,2019-09-25,67900,900,68100,68800,67400,46426
408,2019-09-26,68300,400,68200,68700,67900,29957
407,2019-09-27,67200,1100,68300,68700,67100,25010
406,2019-09-30,67900,700,67000,68100,66700,23809
403,2019-10-01,68700,800,67900,69200,67600,45936
402,2019-10-02,67000,1700,68100,68100,66500,61736
401,2019-10-04,66000,1000,67000,67000,66000,25291
400,2019-10-07,66400,400,66300,66900,65500,30967
399,2019-10-08,66800,400,65800,67000,65800,27829
395,2019-10-10,65900,900,66100,66500,65200,35873
394,2019-10-11,66100,200,66100,66600,66000,32829
393,2019-10-14,67600,1500,66900,67700,66600,54650
392,2019-10-15,66500,1100,67300,67600,66300,99150
391,2019-10-16,67800,1300,66600,68800,66100,280780
388,2019-10-17,68800,1000,68500,69300,67900,57164
387,2019-10-18,69300,500,68800,69800,68400,53315
386,2019-10-21,68600,700,69600,69700,68300,22616
385,2019-10-22,68600,0,68900,69100,68100,35945
384,2019-10-23,69400,800,68300,69400,67600,43181
380,2019-10-24,69200,200,69400,69500,68500,29098
379,2019-10-25,69600,400,69400,69600,68500,34234
378,2019-10-28,69800,200,69900,69900,69300,39861
377,2019-10-29,69900,100,69900,70600,69900,47548
376,2019-10-30,69500,400,70000,70100,68500,50876
373,2019-10-31,69200,300,69800,69800,69000,42905
372,2019-11-01,69700,500,69200,70100,69200,55528
371,2019-11-04,72300,2600,69900,72400,69500,81195
370,2019-11-05,74200,1900,72800,74700,72500,93093
369,2019-11-06,73700,500,74600,74900,72700,52374
365,2019-11-07,73300,400,74100,74400,72800,31139
364,2019-11-08,73800,500,74700,74700,73400,31657
363,2019-11-11,72600,1200,73800,73900,72000,42630
362,2019-11-12,73000,400,72200,73200,72100,20376
361,2019-11-13,72000,1000,73000,73500,71500,28554
358,2019-11-14,71300,700,71700,72300,70700,37483
357,2019-11-15,72800,1500,71300,73200,71300,45130
356,2019-11-18,74200,1400,73200,74300,72700,53945
355,2019-11-19,73600,600,73900,74000,72800,23309
354,2019-11-20,74700,1100,73600,74800,73000,202122
350,2019-11-21,74200,500,74500,74600,72700,62212
349,2019-11-22,74000,200,74100,74800,73400,22216
348,2019-11-25,75500,1500,73900,75700,73900,33339
347,2019-11-26,74400,1100,75800,76300,74400,50746
346,2019-11-27,76200,1800,75500,76900,74900,55035
343,2019-11-28,75400,800,75500,75900,75200,14847
342,2019-11-29,75300,100,75300,75700,75100,36624
341,2019-12-02,75100,200,75300,76000,74600,14591
340,2019-12-03,74000,1100,74800,74900,73600,54696
339,2019-12-04,74100,100,74200,74200,73400,22110
335,2019-12-05,74100,0,74200,74500,73500,16499
334,2019-12-06,71700,2400,73500,74100,71100,78137
333,2019-12-09,71700,0,71700,72700,71400,48106
332,2019-12-10,71600,100,71700,72600,71500,22734
331,2019-12-11,73100,1500,72000,73300,71700,21185
328,2019-12-12,74500,1400,73100,74500,72900,25603
327,2019-12-13,77800,3300,74800,78000,74800,133048
326,2019-12-16,78400,600,78000,78500,77500,58013
325,2019-12-17,78300,100,78100,78800,77400,38969
324,2019-12-18,77700,600,78300,78300,77500,22004
320,2019-12-19,78700,1000,77700,78800,77700,35867
319,2019-12-20,79400,700,78900,79900,78600,64741
318,2019-12-23,79400,0,79600,80000,79200,28413
317,2019-12-24,79800,400,79200,80000,79200,29328
316,2019-12-26,80100,300,79400,80400,79200,25817
313,2019-12-27,80000,100,79500,80400,79200,29679
312,2019-12-30,79500,500,80000,80100,79400,19019
311,2020-01-02,79000,500,79500,79600,78200,21135
310,2020-01-03,80500,1500,79200,81900,79100,72427
309,2020-01-06,78500,2000,79600,79600,78100,56663
305,2020-01-07,79600,1100,78600,80200,78500,52410
304,2020-01-08,77700,1900,79300,79300,76600,50473
303,2020-01-09,77900,200,79000,79000,77800,46706
302,2020-01-10,78500,600,78300,78800,77400,25440
301,2020-01-13,79400,900,78600,79400,78100,22783
298,2020-01-14,82300,2900,79400,82800,79400,79453
297,2020-01-15,81600,700,82300,82600,81100,26435
296,2020-01-16,80500,1100,81600,81900,79700,40923
295,2020-01-17,80800,300,80600,81500,80600,22378
294,2020-01-20,81200,400,81300,81600,80800,20905
290,2020-01-21,80900,300,81700,82000,80600,30080
289,2020-01-22,81600,700,80900,81900,80600,30607
288,2020-01-23,77600,4000,81300,81600,77000,92898
287,2020-01-28,72100,5500,75000,75500,70800,161129
286,2020-01-29,72700,600,73100,73800,72000,75771
283,2020-01-30,71400,1300,72800,74100,71200,63128
282,2020-01-31,70900,500,71900,72800,70500,41447
281,2020-02-03,71900,1000,69100,72100,68900,58644
280,2020-02-04,74500,2600,71800,74700,71800,70830
279,2020-02-05,75000,500,74900,75500,74100,44086
275,2020-02-06,77300,2300,75100,77900,75100,41459
274,2020-02-07,75600,1700,77700,77700,75300,21892
273,2020-02-10,73900,1700,75600,75600,73600,41607
272,2020-02-11,74800,900,74800,75000,74100,29942
271,2020-02-12,75500,700,76000,76900,74700,65898
268,2020-02-13,75400,100,75900,76600,74600,61467
267,2020-02-14,74900,500,74900,75300,74600,32192
266,2020-02-17,72800,2100,75000,75000,72500,90836
265,2020-02-18,72600,200,73100,73100,72400,38626
264,2020-02-19,73200,600,72600,73500,71600,82583
260,2020-02-20,72200,1000,73600,73600,71500,51918
259,2020-02-21,71400,800,71400,71900,70700,39162
258,2020-02-24,69600,1800,69200,70900,68500,80967
257,2020-02-25,70300,700,69500,70600,68500,43594
256,2020-02-26,69400,900,68600,69800,68300,55289
253,2020-02-27,68300,1100,69000,70500,68000,71145
252,2020-02-28,66100,2200,66900,67800,65200,84362
251,2020-03-02,65200,900,65800,66400,64200,76140
250,2020-03-03,65400,200,66600,67500,65300,49720
249,2020-03-04,67700,2300,65000,68400,64800,86126
245,2020-03-05,67600,100,68800,68800,67200,72860
244,2020-03-06,67400,200,66600,68000,66500,56682
243,2020-03-09,64700,2700,66800,67100,64500,72732
242,2020-03-10,64800,100,63300,64800,63100,58095
241,2020-03-11,62900,1900,65000,65400,62600,108210
238,2020-03-12,58500,4400,62100,62100,57100,121055
237,2020-03-13,55000,3500,54000,55900,51200,231429
236,2020-03-16,56000,1000,55000,57900,53900,130155
235,2020-03-17,57300,1300,53100,59800,53000,108271
234,2020-03-18,55200,2100,58500,60700,54100,152414
230,2020-03-19,54400,800,55300,56400,50000,166587
229,2020-03-20,56600,2200,54400,56900,53400,121777
228,2020-03-23,52600,4000,54900,54900,52300,104078
227,2020-03-24,59200,6600,53200,61000,52800,126698
226,2020-03-25,66300,7100,61900,67000,60100,145727
223,2020-03-26,65800,500,66700,68000,65300,94322
222,2020-03-27,67200,1400,68500,68700,64700,166026
221,2020-03-30,67800,600,65900,68200,65200,80497
220,2020-03-31,70000,2200,68500,70200,68200,142186
219,2020-04-01,67200,2800,70000,70400,66300,130208
215,2020-04-02,67000,200,67000,67500,64900,85834
214,2020-04-03,67100,100,67900,68600,66500,89940
213,2020-04-06,74200,7100,67600,75000,67400,219858
212,2020-04-07,74900,700,76100,77200,73900,114525
211,2020-04-08,72400,2500,74200,74300,72100,102260
208,2020-04-09,72400,0,73700,73700,72000,65892
207,2020-04-10,74800,2400,73000,76300,72100,125520
206,2020-04-13,72500,2300,75100,75200,72500,56951
205,2020-04-14,73700,1200,72800,74300,72400,44116
204,2020-04-16,73200,500,73200,74000,71100,57157
200,2020-04-17,74700,1500,74100,76400,73900,114655
199,2020-04-20,74200,500,74800,75700,74000,46974
198,2020-04-21,71300,2900,72100,73100,69400,277501
197,2020-04-22,71900,600,69100,72000,68500,86872
196,2020-04-23,71400,500,72300,72400,71100,78600
193,2020-04-24,71400,0,70500,71500,70500,27336
192,2020-04-27,72700,1300,71500,73000,71200,64907
191,2020-04-28,72700,0,73900,73900,71800,42412
190,2020-04-29,75000,2300,72600,76700,72400,149296
189,2020-05-04,73000,2000,73900,74600,72600,53013
185,2020-05-06,74300,1300,74000,75100,73600,46873
184,2020-05-07,74700,400,73900,75000,73900,40588
183,2020-05-08,75500,800,75000,76100,75000,51359
182,2020-05-11,75600,100,75900,76500,75300,55256
181,2020-05-12,75300,300,76100,76200,73600,41024
178,2020-05-13,75800,500,74500,75800,74000,24307
177,2020-05-14,74200,1600,75700,76000,73800,50033
176,2020-05-15,75300,1100,74900,75800,74000,42364
175,2020-05-18,79300,4000,74100,79700,74000,115885
174,2020-05-19,83200,3900,80500,85000,79600,191845
170,2020-05-20,85000,1800,83000,85500,82000,59682
169,2020-05-21,84800,200,86300,86300,83300,77468
168,2020-05-22,84300,500,84800,85500,82700,63507
167,2020-05-25,85400,1100,84300,85500,84000,43597
166,2020-05-26,85100,300,85400,85600,84000,40171
163,2020-05-27,84100,1000,84900,85800,84000,49574
162,2020-05-28,81500,2600,84900,85500,81000,84017
161,2020-05-29,78900,2600,81500,81500,78900,87235
160,2020-06-01,82500,3600,80500,83200,80300,78525
159,2020-06-02,89400,6900,82500,89600,82500,188583
155,2020-06-03,93000,3600,91900,95600,90000,216388
154,2020-06-04,90800,2200,95500,95900,88200,196574
153,2020-06-05,91400,600,90800,92300,89500,112057
152,2020-06-08,90600,800,93500,94100,90500,72713
151,2020-06-09,88700,1900,92000,92000,87800,115803
148,2020-06-10,88200,500,89200,89300,87600,66181
147,2020-06-11,89000,800,87900,89100,86800,90585
146,2020-06-12,86900,2100,83100,87200,83000,156462
145,2020-06-15,82700,4200,87000,87700,82700,75860
144,2020-06-16,87000,4300,85700,88500,83700,129806
140,2020-06-17,93000,6000,86500,93500,86400,231189
139,2020-06-18,96600,3600,93000,98200,91300,202430
138,2020-06-19,94700,1900,97900,97900,94600,106045
137,2020-06-22,94400,300,94600,98000,94000,89281
136,2020-06-23,93800,600,95300,95800,91400,65916
133,2020-06-24,96400,2600,94200,96900,94200,81630
132,2020-06-25,90600,5800,93000,94000,89900,170716
131,2020-06-26,89700,900,91700,91700,88500,71900
130,2020-06-29,85600,4100,88000,88000,85500,96348
129,2020-06-30,87200,1600,87000,88900,86600,59688
125,2020-07-01,85200,2000,88700,88700,84200,90674
124,2020-07-02,85200,0,85300,86600,84700,55986
123,2020-07-03,85500,300,85900,86500,85100,44175
122,2020-07-06,88700,3200,85500,88800,85100,92884
121,2020-07-07,88200,500,89700,90600,87300,87354
118,2020-07-08,84200,4000,87600,88000,84100,166962
117,2020-07-09,86000,1800,84600,87300,84400,100508
116,2020-07-10,85200,800,86000,86000,84200,81581
115,2020-07-13,92800,7600,86500,92800,85500,202359
114,2020-07-14,92900,100,90900,93000,90300,91320
110,2020-07-15,94100,1200,95600,97700,93200,151640
109,2020-07-16,94200,100,95500,97000,93900,92926
108,2020-07-17,103000,8800,94800,104500,94500,224420
107,2020-07-20,98700,4300,103000,103500,98000,159468
106,2020-07-21,100500,1800,100500,102500,98500,148634
103,2020-07-22,97800,2700,100500,102500,96900,117106
102,2020-07-23,97000,800,97900,98700,94700,130059
101,2020-07-24,95700,1300,96000,97400,94300,86296
100,2020-07-27,96600,900,95100,100500,95100,112538
99,2020-07-28,97800,1200,97500,98900,97200,97102
95,2020-07-29,96900,900,98400,98800,96800,51993
94,2020-07-30,97200,300,98400,98400,96700,54047
93,2020-07-31,96000,1200,97000,97700,96000,45509
92,2020-08-03,96200,200,97000,97600,95900,63493
91,2020-08-04,100000,3800,96500,101000,96500,166732
88,2020-08-05,105000,5000,110500,113000,102000,513471
87,2020-08-06,105000,0,106000,108000,102500,193700
86,2020-08-07,107000,2000,106000,107500,103000,123958
85,2020-08-10,118000,11000,106000,120000,106000,451774
84,2020-08-11,117000,1000,119500,124500,114500,296476
80,2020-08-12,113000,4000,115000,119000,111000,212072
79,2020-08-13,113000,0,115500,116500,111000,156915
78,2020-08-14,110500,2500,113000,116000,110000,103575
77,2020-08-18,107500,3000,110500,112000,105500,129154
76,2020-08-19,107000,500,107500,109500,105000,127919
73,2020-08-20,103500,3500,107000,109500,102000,135876
72,2020-08-21,105500,2000,105000,107500,102500,94028
71,2020-08-24,105000,500,105000,107500,102000,88634
70,2020-08-25,111500,6500,107500,112000,106500,129447
69,2020-08-26,111500,0,113000,113000,108500,101464
65,2020-08-27,108500,3000,110500,112000,108000,74892
64,2020-08-28,108000,500,112000,112500,107000,99012
63,2020-08-31,109000,1000,110000,111000,106500,83943
62,2020-09-01,112000,3000,110000,113000,108500,127170
61,2020-09-02,117500,5500,114500,118500,113500,179184
58,2020-09-03,116000,1500,119000,119500,115000,92715
57,2020-09-04,114000,2000,111000,115000,110500,114413
56,2020-09-07,114000,0,114000,116500,112000,74329
55,2020-09-08,113000,1000,113500,116500,112000,117682
54,2020-09-09,108000,5000,111000,111500,107500,117050
50,2020-09-10,109000,1000,109500,110000,107000,98234
49,2020-09-11,108500,500,107000,110000,107000,71023
48,2020-09-14,110000,1500,110000,111500,109000,84607
47,2020-09-15,111500,1500,111500,111500,109000,73124
46,2020-09-16,109000,2500,112000,112000,108000,62788
43,2020-09-17,108500,500,110000,110000,107000,50177
42,2020-09-18,108500,0,108500,109500,107500,34562
41,2020-09-21,105500,3000,108000,109000,105000,45291
40,2020-09-22,101500,4000,104500,105500,99900,104376
39,2020-09-23,101000,500,102000,103500,97600,86035
35,2020-09-24,95000,6000,98000,99200,94600,135757
34,2020-09-25,94900,100,95000,96000,92600,102557
33,2020-09-28,96400,1500,95500,97100,95300,48058
32,2020-09-29,99500,3100,97700,100500,97500,107029
31,2020-10-05,99600,100,99900,101500,98300,103906
28,2020-10-06,100000,400,100500,101000,98500,61493
27,2020-10-07,99200,800,99000,99300,98000,61740
26,2020-10-08,100000,800,101000,101500,99400,113670
25,2020-10-12,100000,0,100500,101000,99600,87060
24,2020-10-13,97900,2100,100500,100500,97600,96183
20,2020-10-14,98200,300,98200,98900,97200,60969
19,2020-10-15,96100,2100,98000,98100,95200,92885
18,2020-10-16,96800,700,95900,97400,95700,84750
17,2020-10-19,95500,1300,96000,97000,95100,85384
16,2020-10-20,96300,800,94700,96300,94000,89274
13,2020-10-21,101500,5200,97000,102000,96100,140814
12,2020-10-22,105000,3500,100500,106500,99500,220977
11,2020-10-23,108000,3000,105000,109000,103000,115869
10,2020-10-26,104500,3500,109000,109500,104000,78520
9,2020-10-27,103500,1000,102500,106000,102000,51311
5,2020-10-28,107500,4000,104000,107500,103000,61138
4,2020-10-29,105500,2000,104500,106000,102500,48069
3,2020-10-30,103000,2500,106000,106000,102000,38702
2,2020-11-02,105500,2500,102500,107000,102000,67208
1,2020-11-03,107000,1500,105500,107500,105500,36727
