,date,close,diff,open,high,low,volume
448,2015-05-28,3140,25,3190,3270,3080,270165
447,2015-05-29,3170,30,3100,3250,3100,213637
446,2015-06-01,3170,0,3170,3245,3105,105299
445,2015-06-02,2985,185,3265,3265,2985,167632
444,2015-06-03,3015,30,2990,3165,2910,103259
440,2015-06-04,3170,155,3030,3195,3030,114503
439,2015-06-05,3025,145,3115,3160,3015,166623
438,2015-06-08,3135,110,3060,3245,2940,246827
437,2015-06-09,3220,85,3150,3225,3040,126192
436,2015-06-10,3100,120,3200,3250,3050,100199
433,2015-06-11,3045,55,3120,3150,2990,63962
432,2015-06-12,2955,90,3045,3090,2920,107967
431,2015-06-15,2930,25,2955,2980,2880,68568
430,2015-06-16,2880,50,2915,2985,2855,39587
429,2015-06-17,3045,165,2880,3200,2880,188832
425,2015-06-18,3190,145,3085,3220,3010,92281
424,2015-06-19,3170,20,3200,3220,3125,54618
423,2015-06-22,3230,60,3150,3240,3130,68013
422,2015-06-23,3270,40,3245,3290,3175,110887
421,2015-06-24,3205,65,3295,3295,3075,85429
418,2015-06-25,3170,35,3205,3210,3120,59170
417,2015-06-26,3165,5,3170,3205,3155,51278
416,2015-06-29,3040,125,3070,3160,2990,66351
415,2015-06-30,3170,130,3015,3170,2945,35936
414,2015-07-01,3180,10,3170,3220,3110,32774
410,2015-07-02,3145,35,3180,3230,3115,50182
409,2015-07-03,3140,5,3145,3185,3050,51088
408,2015-07-06,3010,130,3100,3150,3010,50870
407,2015-07-07,2910,100,3010,3030,2890,114156
406,2015-07-08,3010,100,2960,3100,2930,87781
403,2015-07-09,2920,90,3010,3010,2850,77737
402,2015-07-10,2960,40,2930,3180,2915,59711
401,2015-07-13,3080,120,3025,3090,2965,19135
400,2015-07-14,3030,50,3150,3150,3000,55840
399,2015-07-15,3100,70,3155,3155,3040,32449
395,2015-07-16,3300,200,3120,3300,3055,199156
394,2015-07-17,3270,30,3315,3330,3205,82629
393,2015-07-20,3345,75,3270,3420,3250,143670
392,2015-07-21,3350,5,3375,3400,3215,71394
391,2015-07-22,3345,5,3360,3415,3305,58507
388,2015-07-23,3210,135,3395,3395,3180,85405
387,2015-07-24,3170,40,3210,3245,3100,78392
386,2015-07-27,3105,65,3155,3240,3045,56734
385,2015-07-28,3105,0,3105,3105,2980,55973
384,2015-07-29,3055,50,3100,3150,3040,44138
380,2015-07-30,2860,195,3030,3070,2735,300605
379,2015-07-31,2820,40,2800,2860,2680,297210
378,2015-08-03,2825,5,2820,2890,2755,117608
377,2015-08-04,2825,0,2850,2850,2745,50740
376,2015-08-05,2850,25,2810,2865,2800,48946
373,2015-08-06,2820,30,2850,2900,2820,27383
372,2015-08-07,2815,5,2785,2865,2760,20111
371,2015-08-10,2760,55,2810,2870,2715,14062
370,2015-08-11,2670,90,2770,2845,2650,78902
369,2015-08-12,2560,110,2615,2670,2430,112126
365,2015-08-13,2600,40,2470,2645,2470,36446
364,2015-08-17,2580,20,2605,2660,2550,38005
363,2015-08-18,2465,115,2525,2545,2450,63631
362,2015-08-19,2460,5,2415,2495,2375,80011
361,2015-08-20,2515,55,2500,2520,2465,23777
358,2015-08-21,2380,135,2450,2450,2320,72689
357,2015-08-24,2325,55,2400,2445,2250,45707
356,2015-08-25,2350,25,2310,2400,2280,44414
355,2015-08-26,2360,10,2300,2400,2300,49444
354,2015-08-27,2460,100,2385,2500,2375,46670
350,2015-08-28,2530,70,2470,2540,2430,16117
349,2015-08-31,2505,25,2540,2565,2455,15640
348,2015-09-01,2535,30,2500,2625,2435,26125
347,2015-09-02,2440,95,2520,2520,2410,44114
346,2015-09-03,2420,20,2470,2475,2415,30799
343,2015-09-04,2300,120,2410,2475,2275,30749
342,2015-09-07,2305,5,2335,2335,2275,8000
341,2015-09-08,2340,35,2290,2340,2280,17982
340,2015-09-09,2405,65,2385,2450,2340,33609
339,2015-09-10,2545,140,2400,2625,2400,79337
335,2015-09-11,2710,165,2625,2955,2625,312796
334,2015-09-14,3520,810,3520,3520,3515,4467850
333,2015-09-15,3535,15,3530,3540,3525,2447486
332,2015-09-16,3545,10,3540,3550,3540,1850903
331,2015-09-17,3550,5,3550,3555,3550,422820
328,2015-09-18,3540,10,3555,3555,3500,1376933
327,2015-09-21,3535,5,3540,3545,3530,643311
326,2015-09-22,3535,0,3535,3540,3530,192277
325,2015-09-23,3545,10,3535,3545,3535,195927
324,2015-09-24,3525,20,3545,3545,3525,808890
320,2015-09-25,3545,20,3530,3550,3530,76813
319,2015-09-30,3550,5,3550,3555,3535,179929
318,2015-10-01,3555,5,3555,3555,3545,119514
317,2015-10-02,3555,0,3555,3560,3550,100048
316,2015-10-05,3565,10,3555,3570,3555,144198
313,2015-10-06,3555,10,3555,3565,3545,61641
312,2015-10-07,3450,105,3550,3550,3440,178195
311,2015-10-08,3435,15,3400,3500,3390,244130
310,2015-10-12,3450,15,3435,3530,3435,30518
309,2015-10-13,3475,25,3450,3495,3440,83554
305,2015-10-14,3475,0,3440,3480,3425,25986
304,2015-10-15,3485,10,3420,3495,3410,61474
303,2015-10-16,3475,10,3455,3500,3455,60072
302,2015-10-19,3455,20,3480,3500,3455,42644
301,2015-10-20,3480,25,3490,3490,3450,8942
298,2015-10-21,3450,30,3475,3475,3435,34732
297,2015-10-22,3435,15,3490,3490,3425,30577
296,2015-10-23,3445,10,3420,3450,3420,20457
295,2015-10-26,3445,0,3435,3490,3435,626
294,2015-10-27,3460,15,3485,3485,3445,7010
290,2015-10-28,3465,5,3460,3485,3450,5892
289,2015-10-29,3475,10,3485,3485,3440,12815
288,2015-10-30,3450,25,3425,3450,3425,21789
287,2015-11-02,3425,25,3445,3445,3400,17388
286,2015-11-03,3455,30,3420,3455,3420,11694
283,2015-11-04,3440,15,3435,3450,3415,13536
282,2015-11-05,3445,5,3420,3445,3420,17700
281,2015-11-06,3440,5,3450,3500,3435,34272
280,2015-11-09,3440,0,3440,3450,3435,35879
279,2015-11-10,3445,5,3440,3465,3430,52583
275,2015-11-11,3445,0,3445,3460,3440,24376
274,2015-11-12,3475,30,3575,3575,3450,14381
273,2015-11-13,3455,20,3475,3485,3445,21635
272,2015-11-16,3515,60,3440,3555,3440,34122
271,2015-11-17,3470,45,3465,3515,3465,4430
268,2015-11-18,3470,0,3465,3500,3460,2157
267,2015-11-19,3475,5,3485,3520,3460,4009
266,2015-11-20,3520,45,3500,3520,3460,14818
265,2015-11-23,3475,45,3450,3510,3450,263124
264,2015-11-24,3505,30,3580,3580,3480,24012
260,2015-11-25,3485,20,3470,3500,3470,16621
259,2015-11-26,3490,5,3570,3570,3485,5812
258,2015-11-27,3485,5,3490,3495,3475,6645
257,2015-11-30,3505,20,3540,3540,3470,19596
256,2015-12-01,3505,0,3505,3505,3470,11643
253,2015-12-02,3485,20,3470,3510,3470,14050
252,2015-12-03,3490,5,3485,3505,3475,17300
251,2015-12-04,3490,0,3490,3490,3480,13087
250,2015-12-07,3505,15,3495,3505,3480,21044
249,2015-12-08,3495,10,3500,3500,3485,19246
245,2015-12-09,3495,0,3500,3500,3485,24902
244,2015-12-10,3490,5,3495,3500,3485,24076
243,2015-12-11,3495,5,3490,3495,3485,17796
242,2015-12-14,3480,15,3500,3500,3475,40462
241,2015-12-15,3480,0,3490,3490,3480,39895
238,2015-12-16,3490,10,3490,3490,3475,96873
237,2015-12-17,3490,0,3490,3490,3480,29843
236,2015-12-18,3495,5,3490,3505,3480,25714
235,2015-12-21,3480,15,3495,3495,3480,22726
234,2015-12-22,3495,15,3495,3495,3485,24172
230,2015-12-23,3520,25,3495,3580,3490,21984
229,2015-12-24,3520,0,3520,3525,3500,1419
228,2015-12-28,3525,5,3560,3560,3500,13987
227,2015-12-29,3510,15,3505,3515,3475,15729
226,2015-12-30,3530,20,3520,3545,3490,24546
223,2016-01-04,3515,15,3540,3540,3500,4876
222,2016-01-05,3500,15,3510,3510,3495,21218
221,2016-01-06,3500,0,3510,3510,3495,20855
220,2016-01-07,3495,5,3510,3510,3495,22422
219,2016-01-08,3500,5,3495,3505,3495,22999
215,2016-01-11,3500,0,3500,3500,3495,21466
214,2016-01-12,3500,0,3500,3500,3495,20911
213,2016-01-13,3500,0,3500,3500,3495,22534
212,2016-01-14,3495,5,3490,3500,3490,24420
211,2016-01-15,3500,5,3505,3505,3495,22380
208,2016-01-18,3495,5,3500,3500,3495,55346
207,2016-01-19,3495,0,3500,3500,3495,31876
206,2016-01-20,3495,0,3495,3500,3495,30590
205,2016-01-21,3500,5,3495,3500,3495,32124
204,2016-01-22,3500,0,3495,3500,3495,32264
200,2016-01-25,3515,15,3505,3800,3505,285110
199,2016-01-26,3515,0,3555,3555,3510,63399
198,2016-01-27,3525,10,3520,3530,3515,22687
197,2016-01-28,3515,10,3510,3520,3510,19149
196,2016-01-29,3520,5,3510,3535,3510,61047
193,2016-02-01,3520,0,3510,3525,3510,22393
192,2016-02-02,3535,15,3515,3540,3515,7271
191,2016-02-03,3525,10,3520,3550,3520,4694
190,2016-02-04,3535,10,3525,3540,3520,7767
189,2016-02-05,3540,5,3540,3540,3525,4250
185,2016-02-11,3545,5,3520,3545,3520,21572
184,2016-02-12,3545,0,3540,3545,3530,18213
183,2016-02-15,3540,5,3530,3545,3530,15468
182,2016-02-16,3545,5,3525,3545,3525,16421
181,2016-02-17,3540,5,3525,3545,3525,21454
178,2016-02-18,3545,5,3535,3545,3535,12983
177,2016-02-19,3550,5,3545,3585,3540,5733
176,2016-02-22,3550,0,3545,3560,3540,2604
175,2016-02-23,3555,5,3560,3560,3540,6478
174,2016-02-24,3540,15,3525,3550,3525,1997
170,2016-02-25,3550,10,3550,3550,3540,6905
169,2016-02-26,3540,10,3555,3555,3540,1575
168,2016-02-29,3545,5,3585,3585,3540,749
167,2016-03-02,3540,5,3530,3550,3530,3645
166,2016-03-03,3540,0,3540,3555,3540,13602
163,2016-03-04,3540,0,3515,3550,3515,12368
162,2016-03-07,3545,5,3510,3545,3510,30286
161,2016-03-08,3540,5,3545,3545,3515,208247
160,2016-03-09,3555,15,3540,3570,3540,12783
159,2016-03-10,3585,30,3555,3600,3545,29463
155,2016-03-11,3590,5,3585,3590,3555,3272
154,2016-03-14,3565,25,3585,3600,3540,87886
153,2016-03-15,3585,20,3550,3600,3550,52009
152,2016-03-16,3585,0,3565,3585,3565,1281
151,2016-03-17,3585,0,3575,3585,3565,6275
148,2016-03-18,3570,15,3585,3585,3555,14169
147,2016-03-21,3575,5,3560,3580,3550,4795
146,2016-03-22,3550,25,3575,3575,3550,1913
145,2016-03-23,3545,5,3550,3565,3545,4784
144,2016-03-24,3575,30,3545,3580,3545,3968
140,2016-03-25,3570,5,3555,3575,3555,1512
139,2016-03-28,3545,25,3540,3560,3540,15934
138,2016-03-29,3565,20,3570,3570,3540,1749
137,2016-03-30,3535,30,3540,3560,3535,22442
136,2016-03-31,3540,5,3535,3550,3535,6698
133,2016-04-01,3540,0,3570,3570,3535,9053
132,2016-04-04,3540,0,3570,3570,3540,7244
131,2016-04-05,3535,5,3535,3575,3535,17201
130,2016-04-06,3540,5,3540,3565,3540,1970
129,2016-04-07,3540,0,3535,3555,3535,1111
125,2016-04-08,3540,0,3540,3570,3540,2323
124,2016-04-11,3550,10,3540,3555,3535,4129
123,2016-04-12,3540,10,3545,3550,3540,1679
122,2016-04-14,3560,20,3575,3575,3545,1235
121,2016-04-15,3545,15,3585,3585,3540,2618
118,2016-04-18,3540,5,3545,3545,3540,2213
117,2016-04-19,3545,5,3580,3580,3540,2590
116,2016-04-20,3545,0,3540,3550,3540,6212
115,2016-04-21,3545,0,3580,3580,3540,6742
114,2016-04-22,3550,5,3555,3570,3540,1866
110,2016-04-25,3540,10,3550,3550,3540,2200
109,2016-04-26,3545,5,3540,3545,3540,3459
108,2016-04-27,3545,0,3560,3560,3540,2655
107,2016-04-28,3540,5,3545,3545,3540,2399
106,2016-04-29,3540,0,3550,3550,3540,4836
103,2016-05-02,3545,5,3545,3585,3540,13692
102,2016-05-03,3545,0,3540,3550,3540,14252
101,2016-05-04,3540,5,3540,3585,3540,7970
100,2016-05-09,3550,10,3545,3565,3540,1374
99,2016-05-10,3555,5,3540,3560,3540,7112
95,2016-05-11,3585,30,3560,3590,3560,31646
94,2016-05-12,3585,0,3580,3590,3570,22148
93,2016-05-13,3585,0,3580,3590,3575,29284
92,2016-05-16,3570,15,3585,3590,3570,26307
91,2016-05-17,3575,5,3570,3585,3565,11289
88,2016-05-18,3585,10,3575,3590,3570,37677
87,2016-05-19,3590,5,3575,3590,3575,57774
86,2016-05-20,3600,10,3590,3600,3580,24275
85,2016-05-23,3650,50,3685,3685,3595,7361
84,2016-05-24,3710,60,3675,3720,3600,27592
80,2016-05-25,3715,5,3785,3790,3600,10886
79,2016-05-26,3665,50,3700,3735,3615,14387
78,2016-05-27,3710,45,3620,3715,3620,8471
77,2016-05-30,3690,20,3705,3705,3635,11265
76,2016-05-31,3660,30,3695,3770,3650,14024
73,2016-06-01,3700,40,3680,3730,3640,6829
72,2016-06-02,3820,120,3990,3990,3700,542052
71,2016-06-03,4000,180,4440,4965,4000,3667289
70,2016-06-07,5200,1200,4500,5200,4130,2412681
69,2016-06-08,4900,300,4870,5800,4600,3031122
65,2016-06-09,4510,390,4805,4945,4410,687603
64,2016-06-10,4465,45,4570,5200,4315,1584876
63,2016-06-13,5470,1005,4520,5730,4520,3745263
62,2016-06-14,4955,515,5510,5790,4875,1187368
61,2016-06-15,6440,1485,5300,6440,4775,3445573
58,2016-06-16,6600,160,6610,7800,6410,5388656
57,2016-06-17,6590,10,7010,7010,6370,436355
56,2016-06-20,6590,0,6500,6810,6480,342082
55,2016-06-21,6590,0,6690,6800,6470,328319
54,2016-06-22,6030,560,6590,6800,5800,1584704
50,2016-06-23,5500,530,5900,6140,5450,599734
49,2016-06-24,4935,565,5470,5580,4750,763979
48,2016-06-27,4925,10,4720,5130,4720,381031
47,2016-06-28,4915,10,4905,5100,4840,272023
46,2016-06-29,5210,295,4950,5890,4905,1041271
43,2016-06-30,5330,120,5300,5780,5130,920069
42,2016-07-01,5450,120,5270,6180,5210,1187750
41,2016-07-04,5480,30,5580,5850,5420,725277
40,2016-07-05,5360,120,5420,5620,5340,367858
39,2016-07-06,5490,130,5650,6050,5330,1199833
35,2016-07-07,5200,290,5410,5520,5200,533429
34,2016-07-08,5550,350,5450,5550,4995,699918
33,2016-07-11,5620,70,5420,5960,5300,548822
32,2016-07-12,5620,0,0,0,0,0
31,2016-07-13,5620,0,0,0,0,0
28,2016-07-14,5620,0,0,0,0,0
27,2016-07-15,5620,0,0,0,0,0
26,2016-07-18,5620,0,0,0,0,0
25,2016-07-19,5620,0,0,0,0,0
24,2016-07-20,5620,0,0,0,0,0
20,2016-07-21,5620,0,0,0,0,0
19,2016-07-22,5620,0,0,0,0,0
18,2016-07-25,5620,0,0,0,0,0
17,2016-07-26,5620,0,0,0,0,0
16,2016-07-27,5620,0,0,0,0,0
13,2016-07-28,5620,0,0,0,0,0
12,2016-07-29,5620,0,0,0,0,0
11,2016-08-01,5620,0,0,0,0,0
10,2016-08-02,12600,6980,10000,14200,10000,1580035
9,2016-08-03,6900,5700,9000,9000,6360,1535066
5,2016-08-04,4900,2000,5570,5790,4650,1248478
4,2016-08-05,4500,400,4600,4710,4330,894703
3,2016-08-08,3850,650,4250,4250,3770,841146
2,2016-08-09,3605,245,3660,3695,3600,780975
