,date,close,diff,open,high,low,volume
448,2019-08-16,1065,75,972,1065,972,10
447,2019-08-19,1045,20,1045,1045,1045,10
446,2019-08-20,999,46,999,999,999,0
445,2019-08-21,1085,86,1085,1085,1085,10
444,2019-08-22,973,112,1045,1045,925,6382
440,2019-08-23,900,73,900,900,841,12
439,2019-08-26,850,50,771,850,771,12
438,2019-08-27,733,117,800,800,733,101
437,2019-08-28,733,0,700,733,700,1000
436,2019-08-29,733,0,700,733,700,600
433,2019-08-30,700,33,700,700,700,10
432,2019-09-02,601,99,650,700,601,261
431,2019-09-03,690,89,650,691,533,5782
430,2019-09-04,650,40,790,793,596,226
429,2019-09-05,700,50,747,747,562,22
425,2019-09-06,650,50,650,650,650,50
424,2019-09-09,740,90,740,740,700,3020
423,2019-09-10,700,40,700,700,700,4
422,2019-09-11,730,30,790,790,606,3603
421,2019-09-16,729,1,839,839,626,6383
418,2019-09-17,700,29,700,700,700,10
417,2019-09-18,749,49,765,765,749,320
416,2019-09-19,700,49,749,749,700,20
415,2019-09-20,799,99,799,799,799,1
414,2019-09-23,750,49,750,750,750,10
410,2019-09-24,719,31,720,720,719,20
409,2019-09-25,820,101,820,820,820,10
408,2019-09-26,800,20,800,800,800,10
407,2019-09-27,800,0,800,800,800,10
406,2019-09-30,800,0,800,800,800,10
403,2019-10-01,800,0,800,800,800,10
402,2019-10-02,800,0,800,800,800,10
401,2019-10-04,797,3,800,800,680,1310
400,2019-10-07,797,0,797,797,797,10
399,2019-10-08,797,0,797,797,797,10
395,2019-10-10,797,0,797,797,797,10
394,2019-10-11,899,102,797,899,797,648
393,2019-10-14,809,90,896,896,765,753
392,2019-10-15,809,0,809,809,809,10
391,2019-10-16,809,0,809,809,809,10
388,2019-10-17,809,0,809,809,809,10
387,2019-10-18,809,0,809,809,809,10
386,2019-10-21,809,0,809,809,809,10
385,2019-10-22,928,119,809,928,700,489
384,2019-10-23,894,34,928,928,789,307
380,2019-10-24,948,54,948,948,948,10
379,2019-10-25,871,77,806,880,806,1115
378,2019-10-28,864,7,746,982,746,206
377,2019-10-29,975,111,975,975,975,10
376,2019-10-30,897,78,974,975,829,2423
373,2019-10-31,967,70,967,967,967,10
372,2019-11-01,822,145,822,822,822,105
371,2019-11-04,810,12,810,810,810,10
370,2019-11-05,810,0,810,810,810,10
369,2019-11-06,810,0,810,810,810,10
365,2019-11-07,810,0,810,810,810,10
364,2019-11-08,810,0,810,810,810,10
363,2019-11-11,810,0,810,810,810,10
362,2019-11-12,810,0,810,810,700,65
361,2019-11-13,810,0,810,810,810,10
358,2019-11-14,809,1,809,809,690,22
357,2019-11-15,809,0,809,809,809,10
356,2019-11-18,809,0,809,809,809,10
355,2019-11-19,809,0,809,809,809,0
354,2019-11-20,809,0,809,809,809,10
350,2019-11-21,809,0,809,809,809,10
349,2019-11-22,809,0,809,809,809,10
348,2019-11-25,809,0,809,809,809,20
347,2019-11-26,809,0,809,809,809,10
346,2019-11-27,809,0,809,809,809,10
343,2019-11-28,809,0,809,809,809,10
342,2019-11-29,809,0,808,809,808,30
341,2019-12-02,809,0,809,809,809,10
340,2019-12-03,809,0,809,809,809,10
339,2019-12-04,808,1,808,808,808,10
335,2019-12-05,807,1,807,807,687,124
334,2019-12-06,800,7,799,800,799,41
333,2019-12-09,798,2,799,799,680,22
332,2019-12-10,779,19,779,780,679,410
331,2019-12-11,770,9,769,770,769,193013
328,2019-12-12,770,0,769,770,769,12
327,2019-12-13,750,20,749,750,749,15
326,2019-12-16,749,1,638,749,638,21
325,2019-12-17,709,40,709,709,709,0
324,2019-12-18,789,80,799,799,605,1141
320,2019-12-19,795,6,799,799,671,32
319,2019-12-20,720,75,676,720,676,2429
318,2019-12-23,612,108,612,612,612,105
317,2019-12-24,683,71,692,692,521,32
316,2019-12-26,700,17,776,776,585,601
313,2019-12-27,749,49,749,749,749,10
312,2019-12-30,790,41,749,799,637,1135
311,2020-01-02,790,0,790,790,790,0
310,2020-01-03,840,50,674,840,674,11
309,2020-01-06,850,10,714,898,714,496
305,2020-01-07,736,114,845,845,736,11
304,2020-01-08,840,104,840,840,840,10
303,2020-01-09,819,21,839,839,714,111
302,2020-01-10,849,30,850,850,697,37
301,2020-01-13,949,100,949,949,949,10
298,2020-01-14,948,1,807,948,807,36
297,2020-01-15,974,26,974,974,974,10
296,2020-01-16,982,8,982,982,982,10
295,2020-01-17,981,1,835,981,835,11
294,2020-01-20,997,16,997,997,997,10
290,2020-01-21,997,0,997,997,997,10
289,2020-01-22,997,0,997,997,997,10
288,2020-01-23,999,2,999,999,999,10
287,2020-01-28,996,3,996,996,850,61
286,2020-01-29,987,9,987,987,987,0
283,2020-01-30,987,0,987,987,987,0
282,2020-01-31,997,10,997,997,997,10
281,2020-02-03,998,1,998,998,998,5
280,2020-02-04,998,0,998,998,998,10
279,2020-02-05,939,59,849,939,849,110
275,2020-02-06,900,39,899,900,899,10
274,2020-02-07,997,97,1000,1000,765,161
273,2020-02-10,1005,8,848,1005,848,40
272,2020-02-11,997,8,997,997,997,10
271,2020-02-12,997,0,997,997,997,10
268,2020-02-13,949,48,848,949,848,24
267,2020-02-14,999,50,999,999,999,10
266,2020-02-17,999,0,999,999,999,10
265,2020-02-18,1000,1,1000,1000,1000,10
264,2020-02-19,998,2,998,998,998,10
260,2020-02-20,849,149,1095,1095,849,31
259,2020-02-21,940,91,955,955,722,82
258,2020-02-24,948,8,996,996,799,19
257,2020-02-25,999,51,997,999,988,55
256,2020-02-26,1035,36,1040,1050,850,387
253,2020-02-27,1100,65,1100,1100,1100,10
252,2020-02-28,1095,5,1095,1095,1095,10
251,2020-03-02,1050,45,1200,1200,1050,11
250,2020-03-03,895,155,895,895,895,100
249,2020-03-04,849,46,761,849,761,220
245,2020-03-05,850,1,850,850,850,10
244,2020-03-06,890,40,890,890,890,10
243,2020-03-09,898,8,898,898,898,10
242,2020-03-10,899,1,899,899,899,10
241,2020-03-11,890,9,765,890,765,3
238,2020-03-12,890,0,890,890,890,0
237,2020-03-13,888,2,888,888,888,8
236,2020-03-16,888,0,887,888,887,12
235,2020-03-17,1015,127,800,1015,800,109
234,2020-03-18,1015,0,1015,1015,1015,0
230,2020-03-19,1015,0,1015,1015,1015,0
229,2020-03-20,899,116,899,899,899,10
228,2020-03-23,900,1,998,998,900,20
227,2020-03-24,900,0,780,900,780,20
226,2020-03-25,1035,135,1030,1035,1000,8389
223,2020-03-26,1085,50,1185,1185,920,1610
222,2020-03-27,1000,85,925,1000,925,2480
221,2020-03-30,1145,145,1145,1145,1145,10
220,2020-03-31,1095,50,1095,1095,1095,10
219,2020-04-01,1000,95,1000,1000,1000,10
215,2020-04-02,1140,140,1140,1140,1140,10
214,2020-04-03,1095,45,1300,1300,1095,20
213,2020-04-06,1100,5,1210,1210,1100,20
212,2020-04-07,1080,20,1080,1080,1080,0
211,2020-04-08,1000,80,1000,1000,1000,4
208,2020-04-09,1000,0,1000,1000,1000,10
207,2020-04-10,1145,145,1145,1145,1145,10
206,2020-04-13,1095,50,1095,1095,1095,10
205,2020-04-14,1000,95,1000,1000,1000,10
204,2020-04-16,1100,100,1145,1145,1100,20
200,2020-04-17,1095,5,1255,1255,935,22
199,2020-04-20,1000,95,1095,1095,1000,20
198,2020-04-21,1000,0,1000,1000,1000,10
197,2020-04-22,1135,135,1135,1135,1135,10
196,2020-04-23,1100,35,1100,1100,1100,10
193,2020-04-24,1050,50,1195,1195,1050,20
192,2020-04-27,1000,50,1050,1050,1000,1510
191,2020-04-28,999,1,1000,1000,999,49
190,2020-04-29,1135,136,1135,1135,1135,10
189,2020-05-04,1100,35,1100,1100,1100,10
185,2020-05-06,1085,15,1095,1095,935,65
184,2020-05-07,1000,85,1000,1000,1000,240
183,2020-05-08,1000,0,1000,1000,1000,8920
182,2020-05-11,1000,0,1000,1000,1000,10
181,2020-05-12,850,150,850,850,850,100
178,2020-05-13,950,100,950,950,950,410
177,2020-05-14,950,0,950,950,950,10
176,2020-05-15,950,0,950,950,950,10
175,2020-05-18,950,0,950,950,950,2010
174,2020-05-19,950,0,950,950,950,10
170,2020-05-20,949,1,949,949,949,10
169,2020-05-21,1000,51,949,1000,949,1810
168,2020-05-22,950,50,950,950,950,0
167,2020-05-25,1000,50,950,1000,950,390
166,2020-05-26,999,1,999,999,999,0
163,2020-05-27,950,49,950,950,950,0
162,2020-05-28,950,0,950,950,950,0
161,2020-05-29,950,0,950,950,950,0
160,2020-06-01,1000,50,1000,1000,1000,920
159,2020-06-02,1000,0,1000,1000,1000,0
155,2020-06-03,950,50,850,950,850,11
154,2020-06-04,1000,50,1000,1000,1000,10
153,2020-06-05,999,1,999,999,999,0
152,2020-06-08,998,1,998,998,998,0
151,2020-06-09,998,0,998,998,998,0
148,2020-06-10,998,0,998,998,998,0
147,2020-06-11,999,1,849,999,849,411
146,2020-06-12,900,99,900,900,900,11
145,2020-06-15,944,44,944,944,944,95
144,2020-06-16,999,55,999,999,999,5
140,2020-06-17,1000,1,1000,1000,1000,5
139,2020-06-18,1000,0,1000,1000,1000,0
138,2020-06-19,1000,0,1000,1000,1000,0
137,2020-06-22,977,23,850,977,850,15
136,2020-06-23,950,27,950,950,950,2
133,2020-06-24,990,40,990,990,990,5
132,2020-06-25,980,10,980,980,980,10
131,2020-06-26,980,0,980,980,980,10
130,2020-06-29,980,0,980,980,980,46
129,2020-06-30,970,10,970,970,970,10
125,2020-07-01,990,20,990,990,990,2
124,2020-07-02,970,20,970,970,970,0
123,2020-07-03,970,0,970,970,970,0
122,2020-07-06,969,1,969,969,969,0
121,2020-07-07,969,0,969,969,969,0
118,2020-07-08,969,0,969,969,969,0
117,2020-07-09,969,0,969,969,969,0
116,2020-07-10,979,10,825,979,825,1001
115,2020-07-13,978,1,833,978,833,60
114,2020-07-14,978,0,832,978,832,11
110,2020-07-15,975,3,832,975,832,60
109,2020-07-16,900,75,900,900,900,1
108,2020-07-17,979,79,979,979,979,10
107,2020-07-20,949,30,833,969,833,24
106,2020-07-21,890,59,807,890,807,77
103,2020-07-22,949,59,900,949,900,15
102,2020-07-23,980,31,980,980,980,10
101,2020-07-24,970,10,970,970,970,10
100,2020-07-27,969,1,969,969,969,10
99,2020-07-28,958,11,957,958,957,2
95,2020-07-29,815,143,815,815,815,50
94,2020-07-30,815,0,815,815,815,10
93,2020-07-31,815,0,815,815,815,10
92,2020-08-03,899,84,899,899,899,10
91,2020-08-04,900,1,900,900,900,10
88,2020-08-05,900,0,900,900,900,1000
87,2020-08-06,900,0,900,900,900,10
86,2020-08-07,880,20,765,880,765,3830
85,2020-08-10,876,4,748,878,748,366
84,2020-08-11,885,9,885,885,885,5
80,2020-08-12,898,13,898,898,898,10
79,2020-08-13,894,4,898,898,764,66
78,2020-08-14,890,4,890,890,890,10
77,2020-08-18,888,2,888,888,888,10
76,2020-08-19,889,1,889,889,889,10
73,2020-08-20,884,5,884,884,884,10
72,2020-08-21,889,5,889,889,889,10
71,2020-08-24,889,0,889,889,889,10
70,2020-08-25,888,1,850,889,756,977
69,2020-08-26,919,31,760,1000,760,2517
65,2020-08-27,849,70,899,899,782,324
64,2020-08-28,900,51,900,900,900,10
63,2020-08-31,899,1,899,899,899,21
62,2020-09-01,898,1,898,898,898,22
61,2020-09-02,764,134,897,897,764,1520
58,2020-09-03,867,103,877,877,657,18
57,2020-09-04,856,11,737,860,737,128
56,2020-09-07,730,126,947,947,730,16
55,2020-09-08,829,99,829,838,829,7011
54,2020-09-09,807,22,716,820,705,5571
50,2020-09-10,809,2,809,809,809,2
49,2020-09-11,901,92,910,910,900,160
48,2020-09-14,766,135,901,901,766,4620
47,2020-09-15,730,36,800,857,686,13964
46,2020-09-16,735,5,680,760,680,4071
43,2020-09-17,721,14,681,770,636,15016
42,2020-09-18,740,19,672,750,672,1152
41,2020-09-21,720,20,673,720,673,6062
40,2020-09-22,774,54,799,799,653,41
39,2020-09-23,768,6,886,886,670,41
35,2020-09-24,657,111,835,835,654,15
34,2020-09-25,737,80,661,752,658,324
33,2020-09-28,795,58,681,830,681,10
32,2020-09-29,775,20,785,787,710,36
31,2020-10-05,833,58,833,833,833,11
28,2020-10-06,813,20,823,823,813,21
27,2020-10-07,821,8,874,874,710,52
26,2020-10-08,879,58,887,887,730,70
25,2020-10-12,834,45,869,869,748,64
24,2020-10-13,864,30,829,959,709,23206
20,2020-10-14,849,15,989,989,737,127
19,2020-10-15,733,116,727,967,722,22183
18,2020-10-16,771,38,800,800,672,34
17,2020-10-19,730,41,700,849,680,8173
16,2020-10-20,667,63,768,768,630,31388
13,2020-10-21,696,29,660,697,660,311
12,2020-10-22,730,34,730,730,632,11
11,2020-10-23,729,1,729,729,729,10
10,2020-10-26,730,1,680,730,680,11000
9,2020-10-27,730,0,730,730,730,10
5,2020-10-28,730,0,729,730,642,41
4,2020-10-29,729,1,729,758,729,4486
3,2020-10-30,740,11,681,740,674,4708
2,2020-11-02,739,1,739,739,739,10
1,2020-11-03,739,0,728,739,671,7711
