,date,close,diff,open,high,low,volume
448,2009-07-31,645,5,650,690,645,1744209
447,2009-08-03,645,0,650,675,635,1833004
446,2009-08-04,640,5,645,655,630,1157739
445,2009-08-05,625,15,640,645,620,1038703
444,2009-08-06,605,20,630,630,595,1431312
440,2009-08-07,610,5,610,620,590,1561796
439,2009-08-10,615,5,620,620,600,910904
438,2009-08-11,670,55,620,680,610,3306290
437,2009-08-12,665,5,665,670,635,1443162
436,2009-08-13,640,25,665,670,630,1552312
433,2009-08-14,620,20,645,645,615,1326121
432,2009-08-17,625,5,615,635,605,1250465
431,2009-08-18,610,15,615,625,600,1134907
430,2009-08-19,595,15,610,615,595,954875
429,2009-08-20,560,35,600,605,545,1338590
425,2009-08-21,510,50,560,570,500,1942945
424,2009-08-24,515,5,515,535,500,1063294
423,2009-08-25,520,5,505,545,500,973733
422,2009-08-26,510,10,525,530,505,788408
421,2009-08-27,535,25,515,560,510,1741503
418,2009-08-28,540,5,530,555,520,1413850
417,2009-08-31,595,55,540,620,540,5922662
416,2009-09-01,555,40,610,610,525,2616823
415,2009-09-02,560,5,540,580,540,1288895
414,2009-09-03,605,45,570,620,565,3990338
410,2009-09-04,590,15,600,630,585,1536860
409,2009-09-07,585,5,590,600,560,1088759
408,2009-09-08,565,20,585,605,555,1684609
407,2009-09-09,555,10,565,565,540,810665
406,2009-09-10,560,5,545,565,545,683175
403,2009-09-11,545,15,555,565,540,674731
402,2009-09-14,550,5,545,555,520,672379
401,2009-09-15,575,25,550,585,545,1452017
400,2009-09-16,565,10,580,600,560,1703089
399,2009-09-17,575,10,570,620,565,3421640
395,2009-09-18,570,5,585,590,565,857533
394,2009-09-21,580,10,570,580,565,706656
393,2009-09-22,590,10,585,620,575,2235260
392,2009-09-23,610,20,590,610,580,1654871
391,2009-09-24,660,50,625,700,615,13830410
388,2009-09-25,590,70,675,675,575,4849515
387,2009-09-28,505,85,560,565,505,2403878
386,2009-09-29,465,40,470,505,460,2658352
385,2009-09-30,485,20,470,510,465,2098648
384,2009-10-01,480,5,485,500,460,637029
380,2009-10-05,445,35,480,480,440,808903
379,2009-10-06,410,35,455,460,400,1588009
378,2009-10-07,470,60,420,470,410,2962939
377,2009-10-08,440,30,485,540,425,6569941
376,2009-10-09,435,5,445,460,430,1165790
373,2009-10-12,445,10,445,460,440,688341
372,2009-10-13,430,15,455,455,425,785661
371,2009-10-14,430,0,435,445,420,1180193
370,2009-10-15,460,30,430,485,430,2069490
369,2009-10-16,460,0,455,490,450,1402951
365,2009-10-19,480,20,455,485,445,1276031
364,2009-10-20,470,10,480,490,460,809992
363,2009-10-21,470,0,475,500,460,1760902
362,2009-10-22,460,10,475,480,460,639748
361,2009-10-23,445,15,460,465,445,658943
358,2009-10-26,440,5,445,450,435,395229
357,2009-10-27,435,5,435,445,430,437169
356,2009-10-28,425,10,435,440,420,729147
355,2009-10-29,425,0,420,430,410,602355
354,2009-10-30,450,25,430,485,425,3968592
350,2009-11-02,495,45,440,500,435,2578856
349,2009-11-03,510,15,500,545,495,5954008
348,2009-11-04,540,30,515,540,485,1832235
347,2009-11-05,515,25,550,560,505,1497257
346,2009-11-06,590,75,515,590,490,4237103
343,2009-11-09,635,45,640,675,615,12570603
342,2009-11-10,655,20,620,715,600,10194042
341,2009-11-11,690,35,675,735,650,5463826
340,2009-11-12,690,0,690,715,660,2683025
339,2009-11-13,665,25,695,700,595,3282580
335,2009-11-16,650,15,620,710,620,3848319
334,2009-11-17,665,15,675,700,625,4939118
333,2009-11-18,650,15,655,670,635,2540299
332,2009-11-19,590,60,660,660,560,6337650
331,2009-11-20,580,10,605,605,565,2203768
328,2009-11-23,530,50,570,585,530,2928746
327,2009-11-24,495,35,525,535,475,4405796
326,2009-11-25,495,0,510,515,480,2706503
325,2009-11-26,565,70,495,565,480,4864994
324,2009-11-27,490,75,570,625,485,8976333
320,2009-11-30,495,5,480,525,465,2609436
319,2009-12-01,535,40,495,560,485,3583506
318,2009-12-02,535,0,545,575,520,1836270
317,2009-12-03,525,10,560,560,520,1313866
316,2009-12-04,555,30,525,580,520,2295756
313,2009-12-07,560,5,560,585,545,1098446
312,2009-12-08,540,20,570,575,525,1769795
311,2009-12-09,510,30,530,540,505,1631054
310,2009-12-10,500,10,510,510,485,1395618
309,2009-12-11,515,15,510,525,505,1063964
305,2009-12-14,500,15,515,515,495,1213486
304,2009-12-15,505,5,505,515,500,702209
303,2009-12-16,495,10,505,510,495,988832
302,2009-12-17,470,25,495,500,460,2268903
301,2009-12-18,475,5,470,485,450,1075282
298,2009-12-21,445,30,475,480,440,1997894
297,2009-12-22,440,5,440,465,435,1107264
296,2009-12-23,425,15,445,445,420,834169
295,2009-12-24,425,0,435,450,425,956079
294,2009-12-28,400,25,420,425,370,1521516
290,2009-12-29,375,25,385,410,375,1041958
289,2009-12-30,420,45,385,430,365,1435178
288,2010-01-04,425,5,430,440,405,608226
287,2010-01-05,435,10,420,440,410,669130
286,2010-01-06,420,15,435,435,405,1016615
283,2010-01-07,410,10,415,435,405,1129013
282,2010-01-08,470,60,420,470,415,3267590
281,2010-01-11,465,5,480,520,455,4079360
280,2010-01-12,455,10,465,490,450,1681069
279,2010-01-13,425,30,455,465,415,1285888
275,2010-01-14,440,15,425,460,420,1011216
274,2010-01-15,440,0,445,450,425,613267
273,2010-01-18,435,5,435,460,425,952943
272,2010-01-19,430,5,440,455,430,580796
271,2010-01-20,410,20,435,435,400,1490361
268,2010-01-21,410,0,410,420,390,686781
267,2010-01-22,405,5,405,410,390,1001169
266,2010-01-25,390,15,400,415,385,775741
265,2010-01-26,390,0,400,405,375,641564
264,2010-01-27,380,10,390,395,365,615374
260,2010-01-28,380,0,375,385,365,636115
259,2010-01-29,370,10,370,385,365,499583
258,2010-02-01,365,5,380,380,350,604016
257,2010-02-02,375,10,365,395,355,1022502
256,2010-02-03,385,10,380,400,375,677592
253,2010-02-04,440,55,385,440,385,2050640
252,2010-02-05,375,65,440,475,375,8690029
251,2010-02-08,360,15,365,390,360,1503234
250,2010-02-09,360,0,350,365,350,843487
249,2010-02-10,360,0,360,380,350,786619
245,2010-02-11,355,5,360,365,350,662762
244,2010-02-12,340,15,355,360,335,609573
243,2010-02-16,350,10,335,355,330,476543
242,2010-02-17,345,5,345,355,335,674366
241,2010-02-18,360,15,350,370,345,619373
238,2010-02-19,340,20,355,360,340,612716
237,2010-02-22,345,5,350,360,340,412663
236,2010-02-23,350,5,340,375,340,1104743
235,2010-02-24,370,20,345,380,345,979416
234,2010-02-25,350,20,370,375,345,752592
230,2010-02-26,350,0,360,365,345,314212
229,2010-03-02,310,40,350,350,300,2103438
228,2010-03-03,275,35,310,310,265,2901521
227,2010-03-04,265,10,265,280,250,1834407
226,2010-03-05,265,0,270,285,255,1128833
223,2010-03-08,275,10,270,275,260,897344
222,2010-03-09,310,35,275,315,270,3247940
221,2010-03-10,290,20,305,305,280,1373704
220,2010-03-11,290,0,290,295,280,543338
219,2010-03-12,280,10,290,300,280,547009
215,2010-03-15,265,15,280,290,265,1023121
214,2010-03-16,285,20,280,290,265,942054
213,2010-03-17,280,5,280,290,275,518842
212,2010-03-18,300,20,275,320,275,4458159
211,2010-03-19,295,5,290,305,280,1384765
208,2010-03-22,325,30,290,330,290,2176531
207,2010-03-23,310,15,340,340,300,1671342
206,2010-03-24,355,45,305,355,300,5630895
205,2010-03-25,405,50,380,405,375,6565873
204,2010-03-26,350,55,425,425,345,14284779
200,2010-03-29,355,5,355,390,335,3789377
199,2010-03-30,375,20,360,385,355,1858701
198,2010-03-31,355,20,370,370,345,1943715
197,2010-04-01,345,10,350,365,325,1513153
196,2010-04-02,340,5,345,350,330,920139
193,2010-04-05,325,15,345,345,305,912773
192,2010-04-06,305,20,320,325,305,937881
191,2010-04-07,325,20,305,325,305,896562
190,2010-04-08,320,5,325,325,310,1231915
189,2010-04-09,305,15,325,330,295,1494708
185,2010-04-12,300,5,310,310,295,467403
184,2010-04-13,310,10,300,315,300,595764
183,2010-04-14,295,15,310,310,295,960112
182,2010-04-15,310,15,300,315,300,699755
181,2010-04-16,300,10,310,310,300,423341
178,2010-04-19,285,15,300,300,285,919157
177,2010-04-20,300,15,290,310,285,829847
176,2010-04-21,305,5,300,310,290,951663
175,2010-04-22,310,5,305,320,295,1248157
174,2010-04-23,310,0,315,320,295,806155
170,2010-04-26,305,5,310,315,300,780898
169,2010-04-27,310,5,305,320,300,1041686
168,2010-04-28,305,5,305,310,295,648187
167,2010-04-29,310,5,305,320,300,688486
166,2010-04-30,315,5,315,335,310,1030409
163,2010-05-03,335,20,315,360,315,2554410
162,2010-05-04,340,5,345,350,325,981070
161,2010-05-06,320,20,330,335,305,1048557
160,2010-05-07,305,15,305,310,290,1287864
159,2010-05-10,300,5,300,310,295,744461
155,2010-05-11,300,0,310,315,295,956521
154,2010-05-12,290,10,305,305,290,534390
153,2010-05-13,300,10,290,300,290,388128
152,2010-05-14,290,10,300,300,290,394766
151,2010-05-17,290,0,290,305,280,576212
148,2010-05-18,280,10,290,295,265,1032205
147,2010-05-19,275,5,270,285,260,476594
146,2010-05-20,270,5,270,290,260,610414
145,2010-05-24,255,15,270,285,255,881934
144,2010-05-25,225,30,260,260,220,1020355
140,2010-05-26,240,15,235,245,220,499711
139,2010-05-27,235,5,230,250,230,840460
138,2010-05-28,235,0,245,255,235,564329
137,2010-05-31,245,10,240,250,235,261181
136,2010-06-01,260,15,250,270,240,736813
133,2010-06-03,250,10,260,270,245,1467335
132,2010-06-04,240,10,245,250,230,1915715
131,2010-06-07,230,10,230,235,215,1994169
130,2010-06-08,225,5,230,235,225,1357067
129,2010-06-09,225,0,230,235,220,1709789
125,2010-06-10,255,30,230,255,225,3774883
124,2010-06-11,235,20,255,260,230,3980700
123,2010-06-14,235,0,235,240,225,870646
122,2010-06-15,215,20,230,235,210,3373578
121,2010-06-16,215,0,210,225,205,1207286
118,2010-06-17,185,30,185,185,185,84214
117,2010-06-18,160,25,160,165,160,3835861
116,2010-06-21,140,20,150,155,140,11161620
115,2010-06-22,140,0,130,140,125,7153378
114,2010-06-23,160,20,150,160,145,10672163
110,2010-06-24,150,10,180,180,145,11484286
109,2010-06-25,145,5,150,155,140,3723994
108,2010-06-28,140,5,145,145,130,4387183
107,2010-06-29,125,15,140,140,120,6137156
106,2010-06-30,120,5,120,125,115,1600009
103,2010-07-01,130,10,125,135,125,5560643
102,2010-07-02,120,10,130,130,120,2945664
101,2010-07-05,115,5,120,125,115,3090107
100,2010-07-06,125,10,120,130,115,8927656
99,2010-07-07,120,5,125,130,120,2019953
95,2010-07-08,120,0,125,130,120,1281988
94,2010-07-09,120,0,120,125,115,2180456
93,2010-07-12,115,5,120,125,115,1608328
92,2010-07-13,115,0,120,125,115,1515963
91,2010-07-14,115,0,120,125,115,1732215
88,2010-07-15,115,0,0,0,0,0
87,2010-07-16,115,0,0,0,0,0
86,2010-07-19,115,0,0,0,0,0
85,2010-07-20,115,0,0,0,0,0
84,2010-07-21,115,0,0,0,0,0
80,2010-07-22,115,0,0,0,0,0
79,2010-07-23,115,0,0,0,0,0
78,2010-07-26,115,0,0,0,0,0
77,2010-07-27,115,0,0,0,0,0
76,2010-07-28,115,0,0,0,0,0
73,2010-07-29,115,0,0,0,0,0
72,2010-07-30,115,0,0,0,0,0
71,2010-08-02,115,0,0,0,0,0
70,2010-08-03,115,0,0,0,0,0
69,2010-08-04,115,0,0,0,0,0
65,2010-08-05,115,0,0,0,0,0
64,2010-08-06,115,0,0,0,0,0
63,2010-08-09,115,0,0,0,0,0
62,2010-08-10,115,0,0,0,0,0
61,2010-08-11,115,0,0,0,0,0
58,2010-08-12,115,0,0,0,0,0
57,2010-08-13,115,0,0,0,0,0
56,2010-08-16,115,0,0,0,0,0
55,2010-08-17,115,0,0,0,0,0
54,2010-08-18,115,0,0,0,0,0
50,2010-08-19,115,0,0,0,0,0
49,2010-08-20,115,0,0,0,0,0
48,2010-08-23,115,0,0,0,0,0
47,2010-08-24,115,0,0,0,0,0
46,2010-08-25,115,0,0,0,0,0
43,2010-08-26,115,0,0,0,0,0
42,2010-08-27,115,0,0,0,0,0
41,2010-08-30,115,0,0,0,0,0
40,2010-08-31,115,0,0,0,0,0
39,2010-09-01,115,0,0,0,0,0
35,2010-09-02,115,0,0,0,0,0
34,2010-09-03,115,0,0,0,0,0
33,2010-09-06,115,0,0,0,0,0
32,2010-09-07,115,0,0,0,0,0
31,2010-09-08,115,0,0,0,0,0
28,2010-09-09,115,0,0,0,0,0
27,2010-09-10,115,0,0,0,0,0
26,2010-09-13,115,0,0,0,0,0
25,2010-09-14,115,0,0,0,0,0
24,2010-09-15,115,0,0,0,0,0
20,2010-09-16,115,0,0,0,0,0
19,2010-09-17,115,0,0,0,0,0
18,2010-09-20,115,0,0,0,0,0
17,2010-09-24,115,0,0,0,0,0
16,2010-09-27,115,0,0,0,0,0
13,2010-09-28,115,0,0,0,0,0
12,2010-09-29,115,0,0,0,0,0
11,2010-09-30,115,0,0,0,0,0
10,2010-10-01,105,10,115,120,100,2138128
9,2010-10-04,84,21,101,101,76,1773262
5,2010-10-05,71,13,86,86,71,973525
4,2010-10-06,62,9,71,71,61,1109472
3,2010-10-07,53,9,62,62,53,837147
2,2010-10-08,42,11,51,51,41,1269170
