,date,close,diff,open,high,low,volume
448,2019-08-16,49150,1550,47600,49150,46100,1280
447,2019-08-19,53500,4350,49150,54000,49150,2543
446,2019-08-20,50200,3300,50000,52400,48000,22816
445,2019-08-21,48600,1600,50200,50400,47700,6220
444,2019-08-22,47250,1350,47550,49000,45000,6030
440,2019-08-23,45400,1850,47250,47250,44700,4807
439,2019-08-26,43000,2400,45800,45800,41300,9569
438,2019-08-27,43000,0,44500,44500,41500,6865
437,2019-08-28,44800,1800,43900,44800,41300,4105
436,2019-08-29,43850,950,44800,45400,42000,1805
433,2019-08-30,44350,500,44600,44600,42700,1016
432,2019-09-02,44900,550,44000,45050,43900,936
431,2019-09-03,46650,1750,45350,47950,45350,2752
430,2019-09-04,49600,2950,47000,49800,47000,4675
429,2019-09-05,50400,800,51500,51500,48300,1359
425,2019-09-06,49900,500,50400,51300,49050,328
424,2019-09-09,47950,1950,50600,50600,42450,3215
423,2019-09-10,46750,1200,47950,49750,46000,2264
422,2019-09-11,46900,150,47500,47700,45000,3521
421,2019-09-16,45300,1600,47200,47200,44500,7927
418,2019-09-17,45350,50,44700,46600,44000,4119
417,2019-09-18,46100,750,46450,47000,45800,3056
416,2019-09-19,46350,250,47000,47000,45000,4764
415,2019-09-20,46700,350,46650,46950,45700,5467
414,2019-09-23,46000,700,45850,46500,45000,5821
410,2019-09-24,45000,1000,45100,46000,44500,6790
409,2019-09-25,42400,2600,44400,44950,41500,11565
408,2019-09-26,48700,6300,45400,48700,44500,23891
407,2019-09-27,56000,7300,49300,56000,49300,20076
406,2019-09-30,60000,4000,56100,61400,56100,10159
403,2019-10-01,58300,1700,61000,61000,51100,8538
402,2019-10-02,58100,200,59500,59500,57800,817
401,2019-10-04,55200,2900,57300,58900,54900,2494
400,2019-10-07,54300,900,56000,56000,52800,3518
399,2019-10-08,53000,1300,54300,54300,52100,3994
395,2019-10-10,58800,5800,54000,58800,53000,4716
394,2019-10-11,58000,800,60000,60000,57100,3720
393,2019-10-14,58700,700,59800,60700,57200,2249
392,2019-10-15,60200,1500,58900,60700,57400,6720
391,2019-10-16,66700,6500,61900,67200,59600,8053
388,2019-10-17,67400,700,67000,69300,66700,6654
387,2019-10-18,68400,1000,69200,69200,67400,3271
386,2019-10-21,67900,500,68400,70000,67000,3898
385,2019-10-22,67900,0,69000,69000,66000,4412
384,2019-10-23,63800,4100,66800,66800,61200,8659
380,2019-10-24,61700,2100,62500,65700,60600,2893
379,2019-10-25,60000,1700,64700,64700,58500,5431
378,2019-10-28,60600,600,57100,63500,57100,2126
377,2019-10-29,60500,100,61000,61800,59600,2278
376,2019-10-30,59800,700,59400,61400,59100,1301
373,2019-10-31,60000,200,60900,60900,59600,1836
372,2019-11-01,60000,0,59200,60000,59200,1272
371,2019-11-04,63300,3300,60100,64000,60100,5080
370,2019-11-05,62100,1200,63300,63300,61500,2317
369,2019-11-06,61700,400,63900,63900,61500,3288
365,2019-11-07,60900,800,65000,65000,60000,2128
364,2019-11-08,59400,1500,60900,60900,58100,4207
363,2019-11-11,56800,2600,58600,59300,55900,4166
362,2019-11-12,55800,1000,57000,57100,55600,1709
361,2019-11-13,57500,1700,55800,57500,55600,2061
358,2019-11-14,57900,400,60000,60000,57000,2031
357,2019-11-15,58900,1000,60000,62500,57900,1067
356,2019-11-18,57400,1500,59200,59200,57000,2127
355,2019-11-19,54000,3400,57800,57800,48850,2808
354,2019-11-20,52700,1300,56300,57900,52500,3384
350,2019-11-21,50700,2000,51700,52900,50000,5160
349,2019-11-22,50800,100,54900,54900,50000,3112
348,2019-11-25,51400,600,50100,52500,50100,1421
347,2019-11-26,50800,600,50600,51900,50300,2083
346,2019-11-27,51200,400,51600,52800,50800,3076
343,2019-11-28,51200,0,51200,51700,50000,3430
342,2019-11-29,50400,800,52400,52400,50000,1167
341,2019-12-02,50300,100,50800,50800,49900,1815
340,2019-12-03,49700,600,45900,50000,45900,4459
339,2019-12-04,48800,900,50000,50700,48150,1549
335,2019-12-05,49700,900,51800,51800,48000,1663
334,2019-12-06,49100,600,50000,50200,48200,3836
333,2019-12-09,48950,150,48000,49800,47900,4314
332,2019-12-10,49400,450,50000,50000,48050,1231
331,2019-12-11,48150,1250,48000,49000,47400,7057
328,2019-12-12,47150,1000,48000,48000,46600,5651
327,2019-12-13,47450,300,53200,53200,47100,2517
326,2019-12-16,48000,550,48000,49000,47450,3879
325,2019-12-17,48150,150,47550,48150,47350,4405
324,2019-12-18,50000,1850,47500,50900,47500,8731
320,2019-12-19,48100,1900,49200,49850,45500,33421
319,2019-12-20,49150,1050,48750,49150,47200,5177
318,2019-12-23,49500,350,49700,49700,48000,10289
317,2019-12-24,49850,350,49300,49900,48000,8082
316,2019-12-26,51600,1750,49850,54600,49000,10922
313,2019-12-27,51400,200,54000,54000,43900,11925
312,2019-12-30,53600,2200,51400,53700,50000,7649
311,2020-01-02,53300,300,52500,53700,50500,4979
310,2020-01-03,53300,0,54500,54500,52500,5520
309,2020-01-06,51900,1400,53300,53400,50500,1735
305,2020-01-07,51000,900,50600,51500,49850,5431
304,2020-01-08,43400,7600,49800,50600,43400,58595
303,2020-01-09,46050,2650,43400,46600,41000,28236
302,2020-01-10,48900,2850,47000,49550,46800,6305
301,2020-01-13,49250,350,49000,50000,48750,2489
298,2020-01-14,48400,850,46300,49450,46300,3198
297,2020-01-15,48300,100,48400,48900,47950,3751
296,2020-01-16,47600,700,48000,48700,47000,1509
295,2020-01-17,47850,250,48000,48000,47000,1188
294,2020-01-20,47200,650,47900,47950,46500,1494
290,2020-01-21,46700,500,47950,48000,46300,3956
289,2020-01-22,45850,850,47400,47400,45850,1348
288,2020-01-23,45000,850,45850,45850,44900,3368
287,2020-01-28,44000,1000,45000,45000,43000,3515
286,2020-01-29,43900,100,44400,44500,43500,2059
283,2020-01-30,43500,400,44850,44850,43400,1095
282,2020-01-31,42800,700,44150,44150,42450,1879
281,2020-02-03,41700,1100,42000,42000,40000,3207
280,2020-02-04,41950,250,42000,43000,41600,2470
279,2020-02-05,41950,0,42700,43000,41300,2502
275,2020-02-06,42250,300,42900,42900,41200,4073
274,2020-02-07,43950,1700,42950,45050,41700,4444
273,2020-02-10,44750,800,43150,45900,43100,2765
272,2020-02-11,44750,0,45650,45650,44400,1923
271,2020-02-12,44450,300,45800,45800,43050,4133
268,2020-02-13,43700,750,44000,44750,43200,5018
267,2020-02-14,43300,400,43700,44000,42700,7781
266,2020-02-17,42300,1000,43000,43300,41500,4845
265,2020-02-18,42300,0,42000,43750,41500,2900
264,2020-02-19,41800,500,42950,42950,41500,1951
260,2020-02-20,41000,800,42500,42500,40200,13439
259,2020-02-21,40100,900,40150,41700,39900,3771
258,2020-02-24,37900,2200,38200,40000,37800,6196
257,2020-02-25,38000,100,38500,38500,37100,4152
256,2020-02-26,37400,600,38500,38950,37000,9710
253,2020-02-27,35500,1900,37750,37750,35100,6133
252,2020-02-28,33800,1700,34400,35000,32450,28838
251,2020-03-02,32600,1200,33800,34400,32300,13757
250,2020-03-03,32900,300,33000,35000,32000,17814
249,2020-03-04,34100,1200,32400,34700,31750,4510
245,2020-03-05,37000,2900,34750,37000,34100,3603
244,2020-03-06,37200,200,36950,37200,35300,4294
243,2020-03-09,35000,2200,37900,37950,34000,14706
242,2020-03-10,34800,200,34500,35750,30400,13550
241,2020-03-11,34550,250,35800,35800,33200,4277
238,2020-03-12,31550,3000,33900,33900,29900,18101
237,2020-03-13,27500,4050,27500,29000,26850,60232
236,2020-03-16,27900,400,27500,30500,27200,6202
235,2020-03-17,29000,1100,27750,29600,27200,10501
234,2020-03-18,27750,1250,29000,30800,26700,6314
230,2020-03-19,23600,4150,28000,29000,23600,21742
229,2020-03-20,26750,3150,23700,26900,22100,6632
228,2020-03-23,23600,3150,24350,25750,22900,9858
227,2020-03-24,24400,800,24950,24950,22100,5414
226,2020-03-25,25800,1400,25500,26850,24500,5381
223,2020-03-26,27650,1850,26150,27800,26100,7874
222,2020-03-27,30300,2650,29500,31700,28200,12385
221,2020-03-30,28000,2300,30300,30300,27800,9472
220,2020-03-31,29250,1250,28800,29900,28550,5334
219,2020-04-01,30250,1000,30000,31000,29550,8537
215,2020-04-02,30100,150,28500,31000,28300,1381
214,2020-04-03,30200,100,30500,31000,28600,3091
213,2020-04-06,31500,1300,31000,31800,29050,13023
212,2020-04-07,32000,500,31500,32450,30800,5282
211,2020-04-08,33000,1000,32000,33000,31800,4494
208,2020-04-09,34200,1200,33850,35000,33100,6692
207,2020-04-10,34300,100,34500,35000,33000,4830
206,2020-04-13,31500,2800,34900,34900,31500,7138
205,2020-04-14,34700,3200,32000,34700,32000,12090
204,2020-04-16,37400,2700,34700,37600,34700,16036
200,2020-04-17,37900,500,37500,39500,36200,11844
199,2020-04-20,39000,1100,37900,40000,37900,6598
198,2020-04-21,39150,150,40500,40700,37500,12755
197,2020-04-22,39100,50,40400,40400,38500,9169
196,2020-04-23,38800,300,39400,39500,38000,7611
193,2020-04-24,37850,950,39500,39500,37400,2308
192,2020-04-27,37300,550,39000,39000,36650,3304
191,2020-04-28,36050,1250,37000,37500,35800,6668
190,2020-04-29,36300,250,36500,36500,35150,2908
189,2020-05-04,36600,300,37000,37500,35900,2457
185,2020-05-06,36800,200,37450,37450,36100,1777
184,2020-05-07,36800,0,37350,37350,36300,1792
183,2020-05-08,36950,150,37100,37550,36800,3890
182,2020-05-11,42250,5300,38550,42450,36850,30065
181,2020-05-12,41750,500,42900,44000,37000,37647
178,2020-05-13,40650,1100,41750,41900,38100,5733
177,2020-05-14,39500,1150,40750,41500,39400,2989
176,2020-05-15,38200,1300,39300,39500,38150,7945
175,2020-05-18,38500,300,39500,39500,38200,2981
174,2020-05-19,39000,500,39450,39450,38600,2304
170,2020-05-20,39150,150,39350,39850,38800,2670
169,2020-05-21,39400,250,39450,39850,39000,4277
168,2020-05-22,39150,250,41500,41500,39100,2785
167,2020-05-25,39200,50,39200,39850,38500,4074
166,2020-05-26,39500,300,39200,39950,38500,4639
163,2020-05-27,38700,800,39600,39900,38200,9245
162,2020-05-28,37450,1250,39500,39500,36450,3842
161,2020-05-29,36450,1000,38050,38150,36250,5313
160,2020-06-01,37500,1050,37900,38900,36350,1927
159,2020-06-02,38900,1400,38000,39400,37500,6919
155,2020-06-03,38800,100,38250,40000,37900,7645
154,2020-06-04,39550,750,39150,39950,38700,17166
153,2020-06-05,39900,350,39850,39950,39000,4725
152,2020-06-08,40100,200,40300,40300,39100,6952
151,2020-06-09,38600,1500,39300,40800,38350,14808
148,2020-06-10,39050,450,39000,39450,38000,4836
147,2020-06-11,39100,50,39600,39800,37750,14030
146,2020-06-12,38550,550,37150,38700,36900,6578
145,2020-06-15,37000,1550,38550,39000,37000,4946
144,2020-06-16,38650,1650,38400,38750,37700,3262
140,2020-06-17,38600,50,38850,38950,37850,5178
139,2020-06-18,38600,0,38150,39150,38150,2893
138,2020-06-19,38700,100,38300,39500,38250,3843
137,2020-06-22,38900,200,38650,39300,38600,7592
136,2020-06-23,41000,2100,39650,42700,39150,19995
133,2020-06-24,47150,6150,41250,47150,41250,25491
132,2020-06-25,54200,7050,53700,54200,52000,22535
131,2020-06-26,62300,8100,62300,62300,62300,9641
130,2020-06-29,58100,4200,69000,69000,53100,43628
129,2020-06-30,61000,2900,59500,63000,55500,17960
125,2020-07-01,60000,1000,62300,64800,59300,16113
124,2020-07-02,59700,300,58600,60900,58400,5272
123,2020-07-03,56900,2800,60400,60400,50800,26470
122,2020-07-06,55000,1900,56000,56500,52500,10704
121,2020-07-07,55000,0,55500,56900,54300,3162
118,2020-07-08,55300,300,55800,56500,54300,7206
117,2020-07-09,58100,2800,56500,60000,56000,10592
116,2020-07-10,58300,200,59500,60400,57900,9005
115,2020-07-13,58400,100,59000,59100,57800,3820
114,2020-07-14,57800,600,58500,58900,57200,2813
110,2020-07-15,58900,1100,58900,58900,57500,6277
109,2020-07-16,60700,1800,59100,61400,59000,10611
108,2020-07-17,60600,100,61100,61900,60100,3521
107,2020-07-20,60300,300,61500,61900,59800,2669
106,2020-07-21,61000,700,60300,61200,59600,6351
103,2020-07-22,62500,1500,61200,62500,60600,8242
102,2020-07-23,64500,2000,62500,64900,61800,16315
101,2020-07-24,69800,5300,65400,71000,65000,28470
100,2020-07-27,69700,100,70000,71000,68000,11932
99,2020-07-28,68500,1200,70000,70300,67000,9337
95,2020-07-29,67600,900,69000,69000,65500,5429
94,2020-07-30,67800,200,67900,68900,65700,1870
93,2020-07-31,67400,400,67800,69000,66500,2228
92,2020-08-03,66400,1000,68400,68400,65100,6867
91,2020-08-04,65000,1400,66900,66900,62500,11975
88,2020-08-05,64900,100,66000,68000,62000,5466
87,2020-08-06,64500,400,64900,65500,62500,6358
86,2020-08-07,62800,1700,64400,64400,61000,8955
85,2020-08-10,61000,1800,63100,63100,59500,15014
84,2020-08-11,57800,3200,61000,62000,57800,13515
80,2020-08-12,55500,2300,58900,59100,53300,26387
79,2020-08-13,55300,200,55500,57000,54000,3349
78,2020-08-14,57500,2200,55300,57900,55000,6288
77,2020-08-18,57600,100,58400,59400,57500,8242
76,2020-08-19,58800,1200,58000,59000,57600,3881
73,2020-08-20,58600,200,59000,59700,57000,7918
72,2020-08-21,59000,400,59600,59600,58400,6045
71,2020-08-24,59200,200,58200,59700,58200,10425
70,2020-08-25,58500,700,59200,59300,58500,6550
69,2020-08-26,59300,800,58500,59400,58500,4177
65,2020-08-27,59500,200,59400,61800,59400,8578
64,2020-08-28,61400,1900,59900,61900,59600,7396
63,2020-08-31,61700,300,61800,62400,60700,5585
62,2020-09-01,61700,0,61800,62200,60800,5912
61,2020-09-02,68700,7000,61700,70700,61700,19542
58,2020-09-03,69500,800,70900,70900,68000,6397
57,2020-09-04,69700,200,66400,69900,65100,11116
56,2020-09-07,68300,1400,69600,69700,66600,5398
55,2020-09-08,65800,2500,69500,69500,65800,7002
54,2020-09-09,61100,4700,65800,65800,59800,23778
50,2020-09-10,63500,2400,62300,63500,61500,5881
49,2020-09-11,64900,1400,63600,66500,63000,7083
48,2020-09-14,66500,1600,65600,66700,64000,7015
47,2020-09-15,67600,1100,67000,68000,66800,8260
46,2020-09-16,65800,1800,68800,68800,64700,6932
43,2020-09-17,64300,1500,66000,66900,64300,5619
42,2020-09-18,64300,0,65900,65900,63500,8545
41,2020-09-21,62500,1800,65400,65600,62500,5801
40,2020-09-22,61200,1300,64300,64300,60300,8183
39,2020-09-23,61300,100,63800,63800,60700,7274
35,2020-09-24,60100,1200,61300,61900,58000,12170
34,2020-09-25,62200,2100,59300,62800,59300,8137
33,2020-09-28,62500,300,63700,63900,61500,6344
32,2020-09-29,69000,6500,71800,71800,66600,23449
31,2020-10-05,79300,10300,79300,79300,77000,107283
28,2020-10-06,76000,3300,80000,80500,73200,26537
27,2020-10-07,73000,3000,76000,78000,73000,7293
26,2020-10-08,76600,3600,75800,78000,74000,22024
25,2020-10-12,74300,2300,77100,78000,73000,7861
24,2020-10-13,71400,2900,76000,76000,69500,13760
20,2020-10-14,69900,1500,72300,72300,69000,7169
19,2020-10-15,68700,1200,70000,71100,67300,7680
18,2020-10-16,68300,400,67400,68600,66900,6356
17,2020-10-19,68100,200,68500,69900,67200,7589
16,2020-10-20,67800,300,68500,68800,65600,4805
13,2020-10-21,66400,1400,67800,67800,65100,4877
12,2020-10-22,64000,2400,67800,67800,62600,10026
11,2020-10-23,68000,4000,63900,68000,59500,27893
10,2020-10-26,64000,4000,68000,69200,63000,9162
9,2020-10-27,65800,1800,63900,67200,62000,6680
5,2020-10-28,70200,4400,67500,70500,66900,12136
4,2020-10-29,69000,1200,68500,70700,67900,4212
3,2020-10-30,66900,2100,68100,68900,64700,7518
2,2020-11-02,65000,1900,66900,67500,65000,4638
1,2020-11-03,66800,1800,65300,67100,64300,3976
