,date,close,diff,open,high,low,volume
448,2019-08-16,3925,55,3785,3990,3785,21486
447,2019-08-19,3970,45,3920,4000,3900,28530
446,2019-08-20,4040,70,3935,4095,3935,25156
445,2019-08-21,4175,135,4100,4190,4030,35044
444,2019-08-22,4100,75,4205,4215,4060,39342
440,2019-08-23,4085,15,4015,4100,3915,71640
439,2019-08-26,3795,290,3990,4070,3795,49301
438,2019-08-27,3875,80,3815,3940,3815,27359
437,2019-08-28,3940,65,3880,3950,3875,11985
436,2019-08-29,3865,75,3960,3960,3800,42341
433,2019-08-30,3925,60,3900,3935,3830,27729
432,2019-09-02,3910,15,3850,3935,3850,25705
431,2019-09-03,3905,5,3910,3965,3875,12354
430,2019-09-04,3935,30,3940,3950,3880,24272
429,2019-09-05,4055,120,3950,4055,3890,372233
425,2019-09-06,4135,80,4860,4860,4130,1440194
424,2019-09-09,4040,95,4135,4170,3975,114249
423,2019-09-10,4030,10,4050,4215,4030,93133
422,2019-09-11,4100,70,4080,4180,4040,66144
421,2019-09-16,4125,25,4065,4205,4065,61879
418,2019-09-17,4130,5,4130,4180,4090,56433
417,2019-09-18,4180,50,4170,4215,4090,62414
416,2019-09-19,4130,50,4140,4215,4105,69738
415,2019-09-20,4285,155,4150,4335,4150,111708
414,2019-09-23,4285,0,4330,4350,4235,73694
410,2019-09-24,4210,75,4380,4380,4210,58882
409,2019-09-25,4175,35,4125,4365,4120,39017
408,2019-09-26,4065,110,4160,4220,3995,27813
407,2019-09-27,3995,70,4075,4075,3875,64340
406,2019-09-30,3865,130,4000,4040,3835,45002
403,2019-10-01,3870,5,3865,3940,3830,42487
402,2019-10-02,3890,20,3870,3915,3835,24393
401,2019-10-04,3895,5,3845,3905,3845,10267
400,2019-10-07,3825,70,3870,3955,3820,36759
399,2019-10-08,3840,15,3825,3885,3710,44316
395,2019-10-10,3895,55,3905,3950,3750,34874
394,2019-10-11,3940,45,3895,3990,3895,15636
393,2019-10-14,3935,5,3965,4015,3875,36582
392,2019-10-15,3900,35,3935,3985,3825,10342
391,2019-10-16,3910,10,3900,3945,3880,17568
388,2019-10-17,3920,10,3920,4000,3890,27125
387,2019-10-18,3880,40,3970,3970,3870,22089
386,2019-10-21,3850,30,3915,3915,3840,28315
385,2019-10-22,3825,25,3810,3900,3785,38385
384,2019-10-23,3785,40,3740,3835,3715,48263
380,2019-10-24,3810,25,3680,3820,3680,54703
379,2019-10-25,3855,45,3850,3860,3765,27872
378,2019-10-28,3965,110,3940,4470,3850,457928
377,2019-10-29,3945,20,3930,4025,3930,45657
376,2019-10-30,3990,45,3935,4015,3925,34545
373,2019-10-31,3925,65,4055,4055,3925,57937
372,2019-11-01,3925,0,3870,4000,3870,14409
371,2019-11-04,4255,330,3925,4255,3925,194458
370,2019-11-05,4695,440,4265,5090,4265,2827557
369,2019-11-06,4580,115,4585,4760,4480,424600
365,2019-11-07,4365,215,4700,5100,4295,752266
364,2019-11-08,4570,205,4380,4675,4290,300280
363,2019-11-11,4590,20,4560,4925,4430,740797
362,2019-11-12,4540,50,4590,4650,4395,296868
361,2019-11-13,4330,210,4490,4505,4290,322611
358,2019-11-14,4240,90,4320,4330,4180,216219
357,2019-11-15,4570,330,4260,4865,4240,2236496
356,2019-11-18,4385,185,4520,4755,4350,666913
355,2019-11-19,5700,1315,4345,5700,4345,6070717
354,2019-11-20,5750,50,5990,6250,5390,3548194
350,2019-11-21,5600,150,5570,6150,5450,3730725
349,2019-11-22,5650,50,5750,6090,5310,2669379
348,2019-11-25,5670,20,5600,5940,5550,806643
347,2019-11-26,5850,180,5630,5850,5560,714537
346,2019-11-27,5850,0,5790,6040,5760,980001
343,2019-11-28,6120,270,5860,6140,5750,1251157
342,2019-11-29,5310,810,6110,6400,4700,1710619
341,2019-12-02,5480,170,5330,5600,4980,609870
340,2019-12-03,5400,80,5400,5500,5190,379213
339,2019-12-04,5000,400,5290,5380,4990,390185
335,2019-12-05,4670,330,5100,5100,4595,430852
334,2019-12-06,4705,35,4670,4870,4670,172893
333,2019-12-09,5090,385,4715,5150,4715,625893
332,2019-12-10,4935,155,5000,5110,4935,214410
331,2019-12-11,5050,115,4945,5070,4940,136582
328,2019-12-12,5140,90,5140,5240,5080,252753
327,2019-12-13,5250,110,5140,5450,5070,315745
326,2019-12-16,5180,70,5250,5280,5140,134130
325,2019-12-17,5410,230,5220,5460,5050,482325
324,2019-12-18,5400,10,5520,5700,5260,650144
320,2019-12-19,5440,40,5440,5570,5250,582390
319,2019-12-20,5250,190,5400,5510,5150,430437
318,2019-12-23,4970,280,5250,5250,4940,266475
317,2019-12-24,5020,50,5050,5180,4935,197449
316,2019-12-26,5250,230,5020,5270,4990,130860
313,2019-12-27,5420,170,5250,5460,5220,225947
312,2019-12-30,5430,10,5430,5490,5360,160039
311,2020-01-02,5340,90,5430,5530,5250,385376
310,2020-01-03,5220,120,5350,5400,5160,223816
309,2020-01-06,5100,120,5220,5390,5020,297352
305,2020-01-07,5110,10,5200,5520,5090,642007
304,2020-01-08,5020,90,5140,5210,4820,455137
303,2020-01-09,5320,300,5120,5430,5110,385081
302,2020-01-10,5270,50,5330,5380,5180,167196
301,2020-01-13,5530,260,5450,5590,5330,617294
298,2020-01-14,5430,100,5650,5650,5350,576268
297,2020-01-15,5440,10,5440,5530,5380,492714
296,2020-01-16,5330,110,5410,5500,5230,221888
295,2020-01-17,5250,80,5280,5360,5230,144799
294,2020-01-20,5080,170,5250,5250,5020,156552
290,2020-01-21,4985,95,5080,5130,4970,116391
289,2020-01-22,5030,45,4985,5070,4945,93473
288,2020-01-23,4990,40,5030,5090,4980,66331
287,2020-01-28,4705,285,4670,4840,4585,161975
286,2020-01-29,4795,90,4725,4830,4680,68545
283,2020-01-30,4670,125,4900,4900,4585,115559
282,2020-01-31,4405,265,4640,4745,4400,199690
281,2020-02-03,4520,115,4300,4520,4195,154690
280,2020-02-04,4600,80,4550,4720,4545,65368
279,2020-02-05,4650,50,4645,4690,4525,71063
275,2020-02-06,4680,30,4650,4750,4500,43265
274,2020-02-07,4720,40,4650,4725,4585,53298
273,2020-02-10,4845,125,4610,4965,4610,190389
272,2020-02-11,4815,30,4820,4860,4770,72090
271,2020-02-12,4765,50,4795,4885,4745,70381
268,2020-02-13,4755,10,4765,4805,4700,80227
267,2020-02-14,4675,80,4680,4780,4605,87591
266,2020-02-17,4585,90,4555,4680,4555,76367
265,2020-02-18,4460,125,4545,4600,4450,56876
264,2020-02-19,4365,95,4460,4485,4220,114133
260,2020-02-20,4320,45,4320,4410,4280,57042
259,2020-02-21,4155,165,4210,4315,4115,78567
258,2020-02-24,3810,345,3965,4110,3810,181380
257,2020-02-25,4285,475,3810,4285,3800,191611
256,2020-02-26,4160,125,4100,4280,4055,73311
253,2020-02-27,3985,175,4125,4160,3960,110222
252,2020-02-28,3870,115,3945,4025,3810,100360
251,2020-03-02,3965,95,3675,3975,3675,149171
250,2020-03-03,3950,15,3970,4065,3910,123777
249,2020-03-04,4195,245,3870,4320,3870,159853
245,2020-03-05,4210,15,4200,4240,4160,73408
244,2020-03-06,4270,60,4200,4300,4055,69504
243,2020-03-09,3960,310,4270,4270,3870,216187
242,2020-03-10,3950,10,3880,3970,3830,72743
241,2020-03-11,3700,250,3890,4070,3680,110207
238,2020-03-12,3470,230,3630,3755,3425,153910
237,2020-03-13,3370,100,3000,3470,2855,322115
236,2020-03-16,3205,165,3165,3495,3165,163150
235,2020-03-17,3155,50,2905,3225,2905,208650
234,2020-03-18,3000,155,3150,3250,2900,145425
230,2020-03-19,2560,440,3000,3120,2460,265759
229,2020-03-20,2590,30,2395,2625,2290,385368
228,2020-03-23,2320,270,2500,2500,2210,177634
227,2020-03-24,2605,285,2365,2605,2350,96827
226,2020-03-25,2965,360,2635,3100,2635,135420
223,2020-03-26,3045,80,2985,3170,2985,129726
222,2020-03-27,3190,145,3200,3350,2970,130072
221,2020-03-30,3855,665,3050,4140,3040,148964
220,2020-03-31,3685,170,3850,3850,3520,238383
219,2020-04-01,3725,40,3685,3760,3575,102588
215,2020-04-02,3765,40,3685,3840,3675,131803
214,2020-04-03,4230,465,3785,4250,3780,358570
213,2020-04-06,5490,1260,4520,5490,4315,2354772
212,2020-04-07,5720,230,5630,6500,5200,4133448
211,2020-04-08,5470,250,6020,6800,5400,4653485
208,2020-04-09,4980,490,5430,5580,4930,1110580
207,2020-04-10,4845,135,4930,4980,4645,1083245
206,2020-04-13,4700,145,4825,5070,4620,682800
205,2020-04-14,4430,270,4640,4800,4345,534035
204,2020-04-16,4185,245,4500,4545,4080,418035
200,2020-04-17,4235,50,4195,4300,4115,265655
199,2020-04-20,4285,50,4235,4310,4125,265161
198,2020-04-21,4405,120,4325,4665,3935,1489981
197,2020-04-22,4250,155,4315,4345,4125,271542
196,2020-04-23,4220,30,4285,4335,4220,178584
193,2020-04-24,3940,280,4175,4185,3935,379781
192,2020-04-27,4005,65,4030,4095,3950,189364
191,2020-04-28,3975,30,4030,4070,3870,235031
190,2020-04-29,4000,25,4020,4070,3985,103642
189,2020-05-04,4160,160,3975,4160,3880,193089
185,2020-05-06,4225,65,4160,4280,4160,215058
184,2020-05-07,4175,50,4225,4270,4135,226092
183,2020-05-08,4200,25,4250,4270,4155,289180
182,2020-05-11,4380,180,4205,4570,4205,707903
181,2020-05-12,4345,35,4380,4400,4210,154913
178,2020-05-13,4480,135,4345,4630,4300,535738
177,2020-05-14,4415,65,4460,4460,4365,187628
176,2020-05-15,4420,5,4425,4570,4370,227101
175,2020-05-18,4395,25,4480,4500,4300,139600
174,2020-05-19,4310,85,4395,4420,4150,128243
170,2020-05-20,4375,65,4310,4440,4300,90679
169,2020-05-21,4415,40,4380,4460,4330,112090
168,2020-05-22,4355,60,4495,4495,4230,148350
167,2020-05-25,4500,145,4375,4595,4375,341367
166,2020-05-26,4550,50,4520,4550,4440,175820
163,2020-05-27,4580,30,4600,4640,4460,236998
162,2020-05-28,4470,110,4650,4765,4340,370671
161,2020-05-29,4525,55,4470,4570,4390,144074
160,2020-06-01,4640,115,4615,4725,4525,191640
159,2020-06-02,4615,25,4640,4690,4550,100074
155,2020-06-03,4650,35,4620,4675,4555,135646
154,2020-06-04,4695,45,4650,4700,4575,144254
153,2020-06-05,5130,435,4695,5300,4610,1456457
152,2020-06-08,5550,420,5340,5870,5140,3879216
151,2020-06-09,5510,40,5900,5950,5340,1807907
148,2020-06-10,5600,90,5520,5730,5240,1210673
147,2020-06-11,5870,270,5690,6000,5590,1799260
146,2020-06-12,5500,370,5500,5750,5460,755859
145,2020-06-15,4715,785,5400,5440,4375,1035678
144,2020-06-16,5060,345,4865,5130,4810,385456
140,2020-06-17,5290,230,5060,5380,5000,432747
139,2020-06-18,5610,320,5440,6100,5290,2703370
138,2020-06-19,5310,300,5670,5800,5240,806698
137,2020-06-22,5640,330,5300,5980,5160,2039019
136,2020-06-23,5540,100,5630,5860,5410,1249852
133,2020-06-24,5450,90,5590,5710,5440,407585
132,2020-06-25,5550,100,5330,5580,5230,350933
131,2020-06-26,5410,140,5550,5660,5410,386412
130,2020-06-29,5380,30,5360,5600,5310,289468
129,2020-06-30,5690,310,5410,5950,5390,1445187
125,2020-07-01,5360,330,5630,5690,5360,509894
124,2020-07-02,5440,80,5360,5500,5150,290929
123,2020-07-03,5320,120,5410,5500,5290,189825
122,2020-07-06,5090,230,5310,5350,5080,356008
121,2020-07-07,5060,30,5100,5210,5050,199879
118,2020-07-08,5080,20,5050,5180,5010,165325
117,2020-07-09,5080,0,5110,5220,5000,142891
116,2020-07-10,5230,150,5070,5380,5020,646621
115,2020-07-13,5390,160,5290,5410,5200,204560
114,2020-07-14,5170,220,5270,5350,5160,198518
110,2020-07-15,5200,30,5190,5290,5080,161337
109,2020-07-16,4970,230,5160,5200,4900,353382
108,2020-07-17,5000,30,5030,5050,4950,97928
107,2020-07-20,5100,100,5000,5140,4980,130035
106,2020-07-21,5100,0,5170,5170,5000,103610
103,2020-07-22,4970,130,5100,5120,4970,169196
102,2020-07-23,4950,20,4950,5020,4770,259051
101,2020-07-24,4945,5,4850,5040,4850,114826
100,2020-07-27,5020,75,4945,5070,4905,90170
99,2020-07-28,5130,110,5030,5190,5020,253823
95,2020-07-29,5240,110,5130,5290,5090,250042
94,2020-07-30,5230,10,5250,5280,5150,162914
93,2020-07-31,5220,10,5220,5260,5140,126267
92,2020-08-03,5740,520,5220,6050,5220,3582386
91,2020-08-04,5670,70,5860,5870,5620,982099
88,2020-08-05,5630,40,5670,5730,5570,296292
87,2020-08-06,5840,210,5700,5970,5590,1386810
86,2020-08-07,5840,0,5900,6100,5780,1214876
85,2020-08-10,5680,160,5950,5960,5580,404039
84,2020-08-11,5900,220,5700,5930,5610,545450
80,2020-08-12,5650,250,5820,5900,5500,466399
79,2020-08-13,5650,0,5800,5800,5580,322832
78,2020-08-14,5150,500,5200,5380,5070,721900
77,2020-08-18,4915,235,5150,5150,4865,285603
76,2020-08-19,5030,115,4825,5050,4800,315084
73,2020-08-20,4840,190,4940,5080,4730,273792
72,2020-08-21,5200,360,4835,5580,4790,1305525
71,2020-08-24,5710,510,5410,5950,5330,4078801
70,2020-08-25,5600,110,5660,5800,5470,678313
69,2020-08-26,6150,550,5610,6150,5540,2538331
65,2020-08-27,6330,180,6530,7050,6200,6288825
64,2020-08-28,6850,520,6680,7000,6350,3979288
63,2020-08-31,6560,290,7000,7500,6420,2119802
62,2020-09-01,6620,60,6500,6620,6240,675908
61,2020-09-02,6390,230,6560,6620,6160,536755
58,2020-09-03,6560,170,6340,6560,6230,479554
57,2020-09-04,6230,330,6150,6390,5770,464649
56,2020-09-07,6100,130,6230,6300,6060,418788
55,2020-09-08,6090,10,6160,6320,6000,368921
54,2020-09-09,6100,10,5940,6710,5940,1503966
50,2020-09-10,6150,50,6250,6250,6010,355768
49,2020-09-11,6280,130,6150,6760,6040,1440094
48,2020-09-14,6270,10,6360,6400,6130,365972
47,2020-09-15,6210,60,6270,6480,6170,397556
46,2020-09-16,6150,60,6300,6400,6140,197809
43,2020-09-17,6120,30,6110,6310,6110,199529
42,2020-09-18,6080,40,6130,6210,5960,215777
41,2020-09-21,5690,390,6030,6150,5600,424974
40,2020-09-22,5370,320,5650,5700,5300,463505
39,2020-09-23,5390,20,5400,5470,5120,284570
35,2020-09-24,5150,240,5310,5390,5040,221052
34,2020-09-25,5180,30,5160,5300,5020,150739
33,2020-09-28,5430,250,5220,5650,5220,540644
32,2020-09-29,5380,50,5450,5550,5300,147560
31,2020-10-05,5440,60,5430,5480,5300,67928
28,2020-10-06,5690,250,5500,5750,5440,260700
27,2020-10-07,5730,40,5690,5750,5630,126486
26,2020-10-08,5700,30,5730,5790,5630,93133
25,2020-10-12,5900,200,5730,5930,5680,154551
24,2020-10-13,5820,80,5850,5950,5700,185837
20,2020-10-14,5640,180,5870,5900,5610,97154
19,2020-10-15,5480,160,5700,5820,5350,206574
18,2020-10-16,5400,80,5480,5570,5250,117947
17,2020-10-19,5410,10,5420,5510,5330,58214
16,2020-10-20,5510,100,5420,5550,5230,137365
13,2020-10-21,5700,190,5530,5710,5470,107231
12,2020-10-22,5490,210,5750,5750,5450,98979
11,2020-10-23,5490,0,5450,5570,5370,75504
10,2020-10-26,5520,30,5500,5750,5350,182162
9,2020-10-27,5630,110,5450,5650,5450,144974
5,2020-10-28,5880,250,5640,5880,5600,301171
4,2020-10-29,6000,120,6120,6610,5930,2027611
3,2020-10-30,5730,270,6050,6050,5690,292225
2,2020-11-02,5660,70,5660,5800,5660,128845
1,2020-11-03,5700,40,5660,5850,5650,200670
