,date,close,diff,open,high,low,volume
448,2019-08-16,12000,650,11150,12000,11150,1633
447,2019-08-19,11850,150,12100,12100,11300,1525
446,2019-08-20,11200,650,11000,11850,11000,2638
445,2019-08-21,11650,450,11750,11750,11200,1491
444,2019-08-22,11700,50,11300,11700,11300,222
440,2019-08-23,11500,200,11700,11700,11200,1002
439,2019-08-26,11450,50,11000,11450,11000,1099
438,2019-08-27,11450,0,11450,11450,10900,3251
437,2019-08-28,11000,450,11000,11000,10700,2300
436,2019-08-29,10750,250,11000,11000,10750,1063
433,2019-08-30,10450,300,10100,10500,10100,2304
432,2019-09-02,10000,450,10800,10800,10000,3182
431,2019-09-03,9980,20,9990,10000,9980,715
430,2019-09-04,9500,480,9200,9900,9200,3947
429,2019-09-05,9350,150,9350,9350,9200,324
425,2019-09-06,9590,240,10450,10450,9230,3321
424,2019-09-09,9450,140,9150,9790,9000,6765
423,2019-09-10,9600,150,9450,9600,9300,3801
422,2019-09-11,9840,240,9320,9850,9320,180
421,2019-09-16,9900,60,9970,9970,9890,1190
418,2019-09-17,9570,330,9900,9900,9510,754
417,2019-09-18,9890,320,9890,9890,9530,2577
416,2019-09-19,9790,100,9890,9890,9600,3395
415,2019-09-20,9890,100,9890,9890,9800,4400
414,2019-09-23,9870,20,9880,9890,9530,1325
410,2019-09-24,9950,80,9900,9950,9900,12910
409,2019-09-25,10600,650,10350,10600,9950,266
408,2019-09-26,11500,900,12150,12150,9900,447
407,2019-09-27,11800,300,13150,13150,9980,3369
406,2019-09-30,10350,1450,12650,12650,10200,777
403,2019-10-01,10950,600,11650,11650,10500,2570
402,2019-10-02,11000,50,11000,11000,11000,140
401,2019-10-04,11950,950,10000,11950,10000,124
400,2019-10-07,11950,0,12000,12000,11500,5046
399,2019-10-08,11600,350,11450,11900,11400,2358
395,2019-10-10,11550,50,11550,11550,10900,202
394,2019-10-11,11500,50,11000,11500,11000,1088
393,2019-10-14,10700,800,11050,11300,10700,2669
392,2019-10-15,11350,650,10700,11350,10250,1995
391,2019-10-16,11350,0,10500,11350,10500,566
388,2019-10-17,11800,450,12850,12850,11000,15100
387,2019-10-18,11700,100,10800,12000,10800,2309
386,2019-10-21,11700,0,11200,11700,11200,198
385,2019-10-22,11700,0,11700,11700,10300,944
384,2019-10-23,11700,0,11700,11700,11600,50
380,2019-10-24,11750,50,11700,11950,11700,3214
379,2019-10-25,11800,50,11800,11800,11700,212
378,2019-10-28,11950,150,11800,12000,11500,207
377,2019-10-29,11900,50,11950,12000,11350,1710
376,2019-10-30,11900,0,11900,11900,11200,204
373,2019-10-31,11100,800,11900,11900,11100,5
372,2019-11-01,11100,0,12000,12000,10850,11077
371,2019-11-04,10700,400,11550,11550,10700,156
370,2019-11-05,11800,1100,11900,11900,11100,1140
369,2019-11-06,11650,150,11700,11700,11650,42
365,2019-11-07,11650,0,11650,11650,11650,1500
364,2019-11-08,11050,600,11600,11600,11050,187
363,2019-11-11,10650,400,11550,11550,10650,220
362,2019-11-12,10750,100,12200,12200,10750,738
361,2019-11-13,10200,550,11800,11800,10200,298
358,2019-11-14,10250,50,11450,11450,10050,3560
357,2019-11-15,10000,250,10300,10300,9990,720
356,2019-11-18,10000,0,9990,10300,9940,2074
355,2019-11-19,10000,0,10000,10000,10000,104
354,2019-11-20,9700,300,10000,10100,9700,1082
350,2019-11-21,9790,90,9630,9990,9610,651
349,2019-11-22,10000,210,10000,10000,9790,488
348,2019-11-25,10150,150,8700,11500,8700,535
347,2019-11-26,10000,150,10900,10900,10000,501
346,2019-11-27,10000,0,10000,10000,10000,0
343,2019-11-28,10000,0,10000,10000,10000,500
342,2019-11-29,10000,0,9320,10000,8820,2157
341,2019-12-02,10100,100,10000,10100,9620,715
340,2019-12-03,10950,850,11600,11600,9400,15
339,2019-12-04,10000,950,10400,10500,10000,11324
335,2019-12-05,10050,50,10350,10350,8930,983
334,2019-12-06,9270,780,10000,10000,9060,1056
333,2019-12-09,9760,490,10250,10250,9200,1310
332,2019-12-10,9790,30,9890,9890,9200,9060
331,2019-12-11,9150,640,8510,9780,8510,1105
328,2019-12-12,9800,650,9760,9800,9220,1327
327,2019-12-13,9730,70,9350,9750,9250,6029
326,2019-12-16,9890,160,9890,9890,9890,242
325,2019-12-17,9820,70,9990,9990,9330,3330
324,2019-12-18,9820,0,9820,9820,9820,310
320,2019-12-19,9810,10,9810,9810,9780,206
319,2019-12-20,9810,0,9810,9810,9700,97
318,2019-12-23,9970,160,9500,9970,9500,504
317,2019-12-24,10300,330,9960,10300,9510,709
316,2019-12-26,9900,400,9900,9900,9900,101
313,2019-12-27,9730,170,9500,9810,9200,2858
312,2019-12-30,10000,270,9730,10000,9730,10
311,2020-01-02,10000,0,10000,10400,9900,333
310,2020-01-03,9990,10,9990,10000,9700,473
309,2020-01-06,10000,10,11350,11350,10000,32
305,2020-01-07,9900,100,10100,10100,9700,1288
304,2020-01-08,9900,0,9710,9910,9700,2190
303,2020-01-09,9900,0,9700,10000,9510,5803
302,2020-01-10,9950,50,9950,9950,9800,745
301,2020-01-13,10000,50,9960,10000,9700,3128
298,2020-01-14,9500,500,9900,9900,9500,3035
297,2020-01-15,9870,370,9900,9900,9120,48
296,2020-01-16,9910,40,9570,9910,9570,101
295,2020-01-17,9900,10,9700,9900,9700,210
294,2020-01-20,9900,0,9900,9900,9900,100
290,2020-01-21,9900,0,9900,9900,9500,508
289,2020-01-22,9870,30,9430,9870,9400,688
288,2020-01-23,9870,0,9870,9870,9870,20
287,2020-01-28,9600,270,9600,9600,9420,1664
286,2020-01-29,9500,100,9800,9800,9500,3801
283,2020-01-30,9500,0,9410,9500,9410,599
282,2020-01-31,9580,80,9500,9590,9310,376
281,2020-02-03,9600,20,9450,9650,9450,663
280,2020-02-04,9400,200,9600,9980,9400,14316
279,2020-02-05,9900,500,9900,9900,9900,1
275,2020-02-06,9900,0,9600,9900,9600,105
274,2020-02-07,9850,50,9900,9900,9770,147
273,2020-02-10,9850,0,9550,9850,9550,77
272,2020-02-11,9640,210,9120,9950,9100,10402
271,2020-02-12,9780,140,9780,9780,9780,1
268,2020-02-13,9870,90,9850,9870,9850,99
267,2020-02-14,9870,0,9850,9870,9840,3000
266,2020-02-17,9300,570,9700,9860,9000,3686
265,2020-02-18,9890,590,9890,9890,9890,1
264,2020-02-19,9840,50,9590,9860,9590,107
260,2020-02-20,9590,250,9540,9590,9540,539
259,2020-02-21,9930,340,9590,9930,9260,290
258,2020-02-24,9900,30,9630,9900,9630,155
257,2020-02-25,9730,170,9170,9770,9150,1539
256,2020-02-26,9680,50,9500,9720,9150,2176
253,2020-02-27,9670,10,9390,9670,9390,120
252,2020-02-28,9960,290,9660,10000,9000,3133
251,2020-03-02,9880,80,9660,9930,9660,117
250,2020-03-03,9790,90,9880,9880,9500,111
249,2020-03-04,9750,40,9490,9750,9490,216
245,2020-03-05,9940,190,9950,9950,9500,351
244,2020-03-06,9440,500,9210,9820,9100,3113
243,2020-03-09,9890,450,9890,9890,9890,3537
242,2020-03-10,9800,90,9590,9800,9000,122
241,2020-03-11,9780,20,9780,9780,9780,4
238,2020-03-12,9740,40,9480,9740,9480,171
237,2020-03-13,9650,90,9550,9690,8280,84
236,2020-03-16,9500,150,9500,9690,9500,861
235,2020-03-17,9390,110,9390,9390,9390,10
234,2020-03-18,9380,10,9380,9380,8200,70
230,2020-03-19,9330,50,7980,9380,7980,3926
229,2020-03-20,8790,540,7940,9330,7940,13694
228,2020-03-23,8600,190,7510,8760,7480,4057
227,2020-03-24,8470,130,8470,8470,7340,785
226,2020-03-25,8370,100,8390,8390,7650,267
223,2020-03-26,8300,70,8000,8350,7580,95
222,2020-03-27,8280,20,8240,8280,8240,17
221,2020-03-30,8180,100,8180,8180,7100,581
220,2020-03-31,7200,980,9390,9390,7120,3998
219,2020-04-01,8050,850,7200,8250,7200,2743
215,2020-04-02,8050,0,8100,8100,7700,48
214,2020-04-03,8500,450,8750,8750,7520,11
213,2020-04-06,7590,910,7270,8720,7270,2636
212,2020-04-07,8000,410,8600,8600,8000,2571
211,2020-04-08,8440,440,8000,8480,7970,332
208,2020-04-09,9000,560,8500,9000,8490,306
207,2020-04-10,7990,1010,8600,8600,7660,1574
206,2020-04-13,8400,410,8990,8990,7990,23
205,2020-04-14,8440,40,8500,8500,8000,133
204,2020-04-16,8250,190,8250,8250,8250,1
200,2020-04-17,9000,750,8990,9480,8030,1519
199,2020-04-20,8980,20,9000,9000,8500,2003
198,2020-04-21,8810,170,8600,8980,8400,3836
197,2020-04-22,8200,610,8980,8980,8030,7174
196,2020-04-23,8850,650,8400,8850,8400,55
193,2020-04-24,8850,0,8850,9000,8400,4982
192,2020-04-27,9000,150,9200,9200,8800,2752
191,2020-04-28,8800,200,8800,8800,8400,2162
190,2020-04-29,8800,0,9500,9500,8600,1069
189,2020-05-04,8620,180,9000,9000,8400,28
185,2020-05-06,9200,580,9000,9400,8800,2730
184,2020-05-07,9880,680,9200,10000,9100,19822
183,2020-05-08,10500,620,9400,10500,9000,5038
182,2020-05-11,10800,300,10550,11800,10500,750
181,2020-05-12,11100,300,10300,11350,10300,3725
178,2020-05-13,12500,1400,12000,12700,10950,18138
177,2020-05-14,12700,200,12500,13000,12000,5063
176,2020-05-15,14000,1300,12600,14000,12600,13525
175,2020-05-18,14150,150,14900,14900,13800,9440
174,2020-05-19,13800,350,14200,14200,13150,4567
170,2020-05-20,13750,50,13600,13800,13500,2012
169,2020-05-21,14300,550,13250,14500,13250,33
168,2020-05-22,14250,50,15500,15500,13500,2021
167,2020-05-25,14800,550,14500,15000,14250,4540
166,2020-05-26,14650,150,14950,14950,14050,9751
163,2020-05-27,14150,500,14950,14950,14150,431
162,2020-05-28,13900,250,13700,14250,13250,539
161,2020-05-29,12700,1200,14000,14000,12700,8218
160,2020-06-01,13000,300,13450,13500,12800,4759
159,2020-06-02,13000,0,13000,13500,13000,6976
155,2020-06-03,12900,100,13700,13700,12900,6546
154,2020-06-04,13000,100,13000,13400,12800,6419
153,2020-06-05,12600,400,13000,13000,12500,5084
152,2020-06-08,13000,400,13000,13350,12900,6642
151,2020-06-09,13350,350,13000,13350,12950,2673
148,2020-06-10,13400,50,13200,15350,13000,5988
147,2020-06-11,13500,100,13350,14000,13350,11633
146,2020-06-12,13150,350,13500,13500,12950,11241
145,2020-06-15,13100,50,13800,15050,13100,6194
144,2020-06-16,13900,800,13550,15000,13300,17704
140,2020-06-17,14500,600,15000,15050,14500,15188
139,2020-06-18,16650,2150,14950,16650,14950,21225
138,2020-06-19,17600,950,16650,18000,16650,10260
137,2020-06-22,17850,250,18400,18400,17400,8155
136,2020-06-23,17950,100,17850,18400,17500,4860
133,2020-06-24,18000,50,18000,18000,17500,3331
132,2020-06-25,17900,100,18000,18000,17700,2212
131,2020-06-26,17900,0,18500,18750,17000,6214
130,2020-06-29,17800,100,17300,17900,17300,215
129,2020-06-30,17550,250,17900,17950,16900,3242
125,2020-07-01,16350,1200,17650,17700,16000,6873
124,2020-07-02,16450,100,16350,16500,15850,2653
123,2020-07-03,16450,0,16500,16850,16000,4927
122,2020-07-06,17200,750,16950,17400,16150,2484
121,2020-07-07,17550,350,17500,17800,17150,1664
118,2020-07-08,17000,550,17000,17000,16500,3326
117,2020-07-09,17400,400,17000,17700,17000,2397
116,2020-07-10,17400,0,18000,18500,17000,4865
115,2020-07-13,17300,100,17450,17450,16700,2851
114,2020-07-14,17000,300,17400,17400,17000,1626
110,2020-07-15,17500,500,17500,18000,16500,1351
109,2020-07-16,17400,100,18000,18000,17000,1235
108,2020-07-17,17250,150,17000,17350,17000,614
107,2020-07-20,16850,400,17350,17350,16500,1763
106,2020-07-21,17000,150,16800,17000,16800,505
103,2020-07-22,16750,250,17000,17500,16500,3913
102,2020-07-23,16850,100,16000,17500,15500,19904
101,2020-07-24,16850,0,17000,17000,16400,9377
100,2020-07-27,16900,50,16950,17000,16450,2744
99,2020-07-28,16900,0,16950,17450,16000,4197
95,2020-07-29,16500,400,16900,16900,16300,8527
94,2020-07-30,16800,300,16900,16900,16500,2080
93,2020-07-31,16850,50,16900,16900,16700,5451
92,2020-08-03,17300,450,17000,18000,16300,12561
91,2020-08-04,17700,400,17800,17850,16700,7613
88,2020-08-05,17750,50,17750,18450,17700,9811
87,2020-08-06,17950,200,17700,18300,17500,3855
86,2020-08-07,20600,2650,18500,20600,18500,28380
85,2020-08-10,23000,2400,21050,23500,20750,18899
84,2020-08-11,22500,500,23000,23050,22000,4472
80,2020-08-12,22400,100,24000,24000,21550,4422
79,2020-08-13,22500,100,23000,23000,22000,4519
78,2020-08-14,21950,550,23000,23000,21500,4743
77,2020-08-18,19850,2100,23000,23000,18700,4660
76,2020-08-19,19800,50,20800,20800,19500,803
73,2020-08-20,19500,300,19200,20850,18500,5405
72,2020-08-21,19700,200,19500,21900,19000,1916
71,2020-08-24,19700,0,20000,20000,19000,2818
70,2020-08-25,19050,650,20000,20000,18550,7934
69,2020-08-26,19900,850,19300,19900,19050,10000
65,2020-08-27,19800,100,21800,21800,18500,1932
64,2020-08-28,19600,200,21000,21000,19500,6413
63,2020-08-31,19500,100,19600,19600,18550,2192
62,2020-09-01,19900,400,19050,20000,19050,2130
61,2020-09-02,19500,400,20700,20700,19500,3599
58,2020-09-03,19700,200,20000,20000,19000,5727
57,2020-09-04,19350,350,19500,19950,19000,1960
56,2020-09-07,19500,150,19350,19900,19000,2145
55,2020-09-08,19100,400,19100,19300,18650,6060
54,2020-09-09,18600,500,19000,19400,18600,1578
50,2020-09-10,19100,500,19000,19100,18700,2233
49,2020-09-11,19200,100,19700,19700,19000,140
48,2020-09-14,19350,150,19200,19350,19150,1082
47,2020-09-15,20000,650,19000,20850,18600,8691
46,2020-09-16,20000,0,20000,20500,20000,3405
43,2020-09-17,19800,200,19950,20000,19050,4873
42,2020-09-18,19300,500,19500,19500,18500,13096
41,2020-09-21,19350,50,19500,20000,19000,1255
40,2020-09-22,18050,1300,20000,20000,17800,6856
39,2020-09-23,18050,0,18500,19000,17400,6365
35,2020-09-24,18000,50,18050,18050,17500,191
34,2020-09-25,18800,800,19900,19900,17850,63
33,2020-09-28,18850,50,18700,18900,17700,7542
32,2020-09-29,18000,850,18500,18800,17550,2597
31,2020-10-05,18000,0,18450,19500,18000,1021
28,2020-10-06,18700,700,19300,19300,18000,605
27,2020-10-07,18300,400,18500,18600,18100,916
26,2020-10-08,18300,0,18100,18500,18000,1368
25,2020-10-12,17900,400,18000,18250,17900,10450
24,2020-10-13,17500,400,18000,18000,17500,1547
20,2020-10-14,17000,500,17500,17500,17000,1142
19,2020-10-15,17000,0,17000,17200,16950,1438
18,2020-10-16,16450,550,17000,17000,16200,1084
17,2020-10-19,16500,50,16450,16500,15000,6509
16,2020-10-20,16500,0,16000,17000,16000,183
13,2020-10-21,15800,700,16500,17000,15800,575
12,2020-10-22,15900,100,16000,16450,15000,1723
11,2020-10-23,16300,400,15800,16450,14200,12304
10,2020-10-26,15950,350,16500,17000,15950,1362
9,2020-10-27,14950,1000,15600,16300,14550,24927
5,2020-10-28,15850,900,14900,16450,14900,1098
4,2020-10-29,16000,150,16500,16500,15000,1811
3,2020-10-30,14800,1200,14650,15950,13600,20112
2,2020-11-02,14150,650,16000,16000,14000,1597
1,2020-11-03,14600,450,14000,14700,14000,706
