,date,close,diff,open,high,low,volume
448,2010-02-10,8650,180,8900,8900,8600,200619
447,2010-02-11,8660,10,8810,8810,8660,89122
446,2010-02-12,8620,40,8680,8760,8440,163941
445,2010-02-16,8970,350,8650,8980,8610,426078
444,2010-02-17,9030,60,8980,9070,8920,232167
440,2010-02-18,9150,120,9080,9310,9030,401666
439,2010-02-19,9150,0,0,0,0,0
438,2010-02-22,8910,240,9150,9160,8810,318708
437,2010-02-23,8950,40,8840,9060,8790,192053
436,2010-02-24,9490,540,8900,9490,8830,670578
433,2010-02-25,9010,480,9490,9490,9010,403271
432,2010-02-26,9240,230,9060,9270,8930,193354
431,2010-03-02,9310,70,9240,9500,9110,568071
430,2010-03-03,9690,380,9430,9800,9340,1439826
429,2010-03-04,9460,230,9750,9750,9410,474980
425,2010-03-05,10100,640,9540,10100,9510,1334355
424,2010-03-08,10400,300,10200,10400,9980,967688
423,2010-03-09,10250,150,10400,10450,10100,412004
422,2010-03-10,10600,350,10200,10700,9800,2269551
421,2010-03-11,10350,250,11100,11150,10350,2547733
418,2010-03-12,9550,800,9820,9970,9510,1748279
417,2010-03-15,9690,140,9550,9860,9250,978278
416,2010-03-16,9830,140,9720,9910,9560,459396
415,2010-03-17,9620,210,9790,9870,9620,304829
414,2010-03-18,9220,400,9620,9690,9220,654813
410,2010-03-19,9210,10,9300,9480,9210,342486
409,2010-03-22,9210,0,9200,9410,9180,449244
408,2010-03-23,9000,210,9210,9290,9000,444266
407,2010-03-24,8900,100,9080,9080,8810,435016
406,2010-03-25,8910,10,8840,9040,8840,220396
403,2010-03-26,8920,10,8980,9010,8900,131267
402,2010-03-29,8950,30,8900,9190,8870,323255
401,2010-03-30,9200,250,9060,9300,9000,310047
400,2010-03-31,9020,180,9210,9250,9020,181811
399,2010-04-01,8940,80,9020,9100,8920,201358
395,2010-04-02,8920,20,8940,9150,8900,231078
394,2010-04-05,8510,410,8890,8940,8010,441790
393,2010-04-06,8410,100,8550,8620,8350,162759
392,2010-04-07,8370,40,8410,8490,8350,149907
391,2010-04-08,8440,70,8350,8490,8210,217884
388,2010-04-09,8320,120,8380,8450,8270,164159
387,2010-04-12,8380,60,8390,8400,8250,154241
386,2010-04-13,8610,230,8290,8640,8290,247762
385,2010-04-14,8720,110,8700,8820,8620,220835
384,2010-04-15,8530,190,8680,8770,8500,166295
380,2010-04-16,8700,170,8410,8900,8400,210927
379,2010-04-19,8530,170,8510,8630,8510,112304
378,2010-04-20,8550,20,8630,8630,8480,133881
377,2010-04-21,8550,0,8620,8630,8450,238218
376,2010-04-22,8350,200,8550,8550,8350,166483
373,2010-04-23,8200,150,8350,8450,8160,212196
372,2010-04-26,8130,70,8210,8270,8090,213773
371,2010-04-27,8300,170,8110,8430,8110,171873
370,2010-04-28,8480,180,8130,8500,8120,129876
369,2010-04-29,8320,160,8480,8480,8310,63977
365,2010-04-30,8180,140,8360,8400,8170,91360
364,2010-05-03,7590,590,8100,8180,7510,514696
363,2010-05-04,7410,180,7700,7750,7400,274992
362,2010-05-06,7600,190,7110,7630,7100,201839
361,2010-05-07,7480,120,7220,7600,7220,159453
358,2010-05-10,7490,10,7400,7600,7400,133744
357,2010-05-11,7550,60,7540,7740,7510,228868
356,2010-05-12,7550,0,7660,7660,7490,126827
355,2010-05-13,7460,90,7600,7830,7350,385945
354,2010-05-14,7280,180,7400,7450,7280,224178
350,2010-05-17,6730,550,7240,7250,6550,524753
349,2010-05-18,7200,470,6700,7280,6470,662617
348,2010-05-19,6920,280,7050,7090,6780,162735
347,2010-05-20,6390,530,6670,6900,6390,169637
346,2010-05-24,6590,200,6200,6840,6200,179405
343,2010-05-25,6390,200,6410,6700,5820,215370
342,2010-05-26,6570,180,6300,6710,6300,103862
341,2010-05-27,6770,200,6560,6820,6450,133743
340,2010-05-28,6990,220,6900,7030,6810,145650
339,2010-05-31,7000,10,6990,7100,6920,137869
335,2010-06-01,7430,430,7010,7580,7010,413620
334,2010-06-03,7450,20,7400,7600,7260,281532
333,2010-06-04,7300,150,7470,7600,7230,208285
332,2010-06-07,6930,370,6900,7020,6820,137314
331,2010-06-08,6980,50,6800,7050,6800,237131
328,2010-06-09,7200,220,6990,7480,6990,295422
327,2010-06-10,7500,300,7220,7500,7220,234182
326,2010-06-11,7480,20,7600,7650,7300,223634
325,2010-06-14,7360,120,7430,7520,7310,147046
324,2010-06-15,7380,20,7280,7440,7270,86939
320,2010-06-16,7300,80,7390,7430,7280,117327
319,2010-06-17,7430,130,7250,7430,7160,110698
318,2010-06-18,7430,0,7420,7440,7280,89287
317,2010-06-21,7360,70,7380,7550,7350,129729
316,2010-06-22,7240,120,7220,7330,7220,93756
313,2010-06-23,7440,200,7250,7520,7240,165240
312,2010-06-24,7990,550,7500,8140,7500,909428
311,2010-06-25,7990,0,7890,8100,7880,218327
310,2010-06-28,8300,310,8020,8480,7990,505079
309,2010-06-29,8230,70,8350,8480,8100,342448
305,2010-06-30,8020,210,8170,8220,7960,161678
304,2010-07-01,8400,380,7920,8400,7880,683157
303,2010-07-02,8410,10,8350,8650,8260,485678
302,2010-07-05,8180,230,8250,8380,8030,197362
301,2010-07-06,8040,140,7920,8160,7920,139306
298,2010-07-07,8730,690,8100,8730,7920,823377
297,2010-07-08,8770,40,8640,8800,8550,506817
296,2010-07-09,8740,30,8780,8800,8550,263491
295,2010-07-12,8950,210,8750,8980,8610,387426
294,2010-07-13,8840,110,8940,8980,8800,235670
290,2010-07-14,8800,40,8880,8890,8660,240837
289,2010-07-15,8370,430,8800,8810,8360,414418
288,2010-07-16,7840,530,8340,8440,7700,631282
287,2010-07-19,7970,130,7800,8080,7600,171386
286,2010-07-20,7940,30,8070,8070,7900,119531
283,2010-07-21,7420,520,7920,7960,7420,321168
282,2010-07-22,6780,640,7420,7440,6730,773761
281,2010-07-23,7050,270,6990,7140,6840,454903
280,2010-07-26,7220,170,7100,7330,7050,284066
279,2010-07-27,6920,300,7230,7260,6850,313205
275,2010-07-28,6870,50,6930,7030,6870,137060
274,2010-07-29,6780,90,6800,7080,6760,314499
273,2010-07-30,6710,70,6730,6790,6630,188800
272,2010-08-02,6600,110,6710,6810,6540,111659
271,2010-08-03,6600,0,6650,6740,6550,119476
268,2010-08-04,6700,100,6600,6700,6550,101824
267,2010-08-05,6950,250,6760,7120,6710,388867
266,2010-08-06,6940,10,6880,6990,6760,137890
265,2010-08-09,6930,10,6950,7050,6870,142814
264,2010-08-10,6750,180,6880,6950,6750,156332
260,2010-08-11,6570,180,6700,6750,6570,171225
259,2010-08-12,6950,380,6370,7070,6370,449543
258,2010-08-13,7010,60,6920,7090,6800,270454
257,2010-08-16,7210,200,7010,7310,6770,479744
256,2010-08-17,7370,160,7310,7370,7120,262276
253,2010-08-18,7650,280,7500,7920,7460,726535
252,2010-08-19,7710,60,7610,7920,7590,357922
251,2010-08-20,7880,170,7610,7890,7610,353031
250,2010-08-23,7890,10,7980,8010,7790,446898
249,2010-08-24,7620,270,7820,7990,7480,652550
245,2010-08-25,7730,110,7650,7850,7450,289369
244,2010-08-26,7630,100,7850,7850,7610,147720
243,2010-08-27,7350,280,7570,7680,7330,168878
242,2010-08-30,8070,720,7430,8070,7380,617725
241,2010-08-31,8100,30,8020,8190,7920,609538
238,2010-09-01,8180,80,8150,8230,8060,322988
237,2010-09-02,7920,260,8230,8280,7890,464771
236,2010-09-03,8100,180,7930,8220,7930,344864
235,2010-09-06,8130,30,8270,8370,8130,321930
234,2010-09-07,8160,30,8160,8220,8010,250462
230,2010-09-08,8270,110,8230,8620,8200,618881
229,2010-09-09,8360,90,8280,8450,8270,232929
228,2010-09-10,8360,0,8410,8410,8170,205929
227,2010-09-13,8100,260,8360,8560,8100,477259
226,2010-09-14,7850,250,8060,8170,7830,339226
223,2010-09-15,8200,350,7830,8390,7830,262031
222,2010-09-16,8270,70,8070,8340,8070,194332
221,2010-09-17,8150,120,8280,8370,8110,163101
220,2010-09-20,8200,50,8160,8280,8160,127683
219,2010-09-24,8160,40,8230,8310,8070,125071
215,2010-09-27,7890,270,8130,8200,7860,284135
214,2010-09-28,8230,340,7850,8230,7820,345763
213,2010-09-29,8340,110,8300,8400,8150,398919
212,2010-09-30,8870,530,8400,8980,8340,1294402
211,2010-10-01,8930,60,8870,9090,8800,438017
208,2010-10-04,8930,0,9000,9020,8810,389351
207,2010-10-05,9330,400,9040,9430,9030,795486
206,2010-10-06,9420,90,9440,9620,9280,705259
205,2010-10-07,9100,320,9590,9600,8900,897182
204,2010-10-08,9240,140,9050,9250,9050,264446
200,2010-10-11,9150,90,9250,9330,9020,215789
199,2010-10-12,8860,290,9200,9270,8750,329398
198,2010-10-13,9050,190,8860,9230,8760,318288
197,2010-10-14,9480,430,9080,9480,8890,418660
196,2010-10-15,9400,80,9450,9510,9350,316646
193,2010-10-18,9790,390,9400,9800,9360,553744
192,2010-10-19,9800,10,9800,10050,9570,872128
191,2010-10-20,9900,100,9690,9980,9640,372862
190,2010-10-21,9670,230,9990,10000,9620,383761
189,2010-10-22,9340,330,9660,9690,9220,470910
185,2010-10-25,9540,200,9350,9620,9280,269904
184,2010-10-26,9620,80,9620,9760,9450,296429
183,2010-10-27,9670,50,9620,9820,9570,291142
182,2010-10-28,9580,90,9670,9830,9580,194465
181,2010-10-29,9600,20,9680,9740,9390,215477
178,2010-11-01,9740,140,9690,9820,9500,239145
177,2010-11-02,9500,240,9780,9780,9470,236553
176,2010-11-03,9240,260,9500,9590,9060,342555
175,2010-11-04,9420,180,9210,9430,9180,300599
174,2010-11-05,9190,230,9430,9490,9190,206873
170,2010-11-08,9040,150,9120,9140,8760,244880
169,2010-11-09,9040,0,9060,9100,8890,134266
168,2010-11-10,8600,440,9060,9260,8590,674356
167,2010-11-11,8360,240,8430,8610,8350,405731
166,2010-11-12,8350,10,8440,8470,8090,384404
163,2010-11-15,8160,190,8220,8350,7850,346318
162,2010-11-16,8170,10,8100,8260,7720,386758
161,2010-11-17,8110,60,8020,8250,8010,230006
160,2010-11-18,8350,240,8190,8460,8150,254322
159,2010-11-19,8300,50,8450,8460,8300,102702
155,2010-11-22,8180,120,8380,8380,8160,155694
154,2010-11-23,8100,80,8120,8250,8070,129615
153,2010-11-24,7960,140,7700,8030,7690,170672
152,2010-11-25,8020,60,7960,8160,7940,119671
151,2010-11-26,7730,290,8020,8070,7650,211585
148,2010-11-29,7690,40,7610,7770,7500,100850
147,2010-11-30,7760,70,7510,7890,7510,89842
146,2010-12-01,8060,300,7730,8080,7700,148948
145,2010-12-02,7910,150,8190,8200,7900,192537
144,2010-12-03,7770,140,7920,8010,7690,153289
140,2010-12-06,7800,30,7730,7900,7730,204147
139,2010-12-07,7820,20,7760,7890,7760,63717
138,2010-12-08,7590,230,7830,7840,7550,160166
137,2010-12-09,7460,130,7630,7690,7410,200091
136,2010-12-10,7880,420,7450,7880,7380,206784
133,2010-12-13,7890,10,7850,7890,7750,106449
132,2010-12-14,7900,10,7890,7950,7860,80539
131,2010-12-15,7800,100,7870,7950,7650,159756
130,2010-12-16,7550,250,7790,7790,7450,184435
129,2010-12-17,7510,40,7500,7640,7480,130744
125,2010-12-20,7220,290,7340,7450,7130,181253
124,2010-12-21,7320,100,7260,7430,7260,112810
123,2010-12-22,7170,150,7320,7390,7160,133955
122,2010-12-23,7050,120,7100,7170,6910,174482
121,2010-12-24,7420,370,7020,7460,7020,248698
118,2010-12-27,7320,100,7450,7650,7310,266123
117,2010-12-28,7260,60,7320,7420,7220,97363
116,2010-12-29,7430,170,7240,7460,7240,157969
115,2010-12-30,7540,110,7360,7550,7360,251478
114,2011-01-03,7670,130,7670,7760,7610,195817
110,2011-01-04,7760,90,7850,8000,7710,554325
109,2011-01-05,7680,80,7850,7850,7600,204556
108,2011-01-06,7480,200,7680,7710,7410,367640
107,2011-01-07,7510,30,7500,7640,7390,155583
106,2011-01-10,7620,110,7520,7620,7500,158457
103,2011-01-11,7950,330,7620,7980,7480,586124
102,2011-01-12,7950,0,7880,8130,7820,393761
101,2011-01-13,7980,30,8010,8090,7830,228288
100,2011-01-14,8080,100,8050,8100,7930,241327
99,2011-01-17,7800,280,8020,8040,7800,229359
95,2011-01-18,7700,100,7760,7860,7700,157824
94,2011-01-19,7700,0,7700,7800,7640,122964
93,2011-01-20,7530,170,7660,7730,7530,199718
92,2011-01-21,7250,280,7580,7600,7250,322074
91,2011-01-24,7270,20,7280,7360,7260,95878
88,2011-01-25,7250,20,7500,7530,7190,225199
87,2011-01-26,7190,60,7200,7330,7170,235683
86,2011-01-27,7140,50,7290,7400,7130,380180
85,2011-01-28,6870,270,7070,7140,6770,446359
84,2011-01-31,6810,60,6730,7350,6710,467909
80,2011-02-01,6790,20,6770,6900,6600,272220
79,2011-02-07,6650,140,6760,6950,6630,380928
78,2011-02-08,6900,250,6620,6900,6540,575613
77,2011-02-09,6670,230,6940,6940,6650,233350
76,2011-02-10,6670,0,6650,6760,6630,171771
73,2011-02-11,6530,140,6610,6680,6390,299850
72,2011-02-14,6300,230,6570,6570,6280,179822
71,2011-02-15,6230,70,6210,6290,6030,281992
70,2011-02-16,6510,280,6300,6640,6270,222735
69,2011-02-17,6150,360,6440,6580,6120,177328
65,2011-02-18,6270,120,6110,6300,6110,90669
64,2011-02-21,6280,10,6320,6450,6280,112918
63,2011-02-22,6080,200,6250,6280,6050,122857
62,2011-02-23,6040,40,6010,6150,6000,141920
61,2011-02-24,5880,160,6000,6090,5870,146949
58,2011-02-25,5830,50,5720,5900,5700,238799
57,2011-02-28,5900,70,5870,6040,5860,154510
56,2011-03-02,6010,110,5850,6060,5850,117400
55,2011-03-03,6060,50,6050,6180,6030,150159
54,2011-03-04,6060,0,6100,6100,6010,96592
50,2011-03-07,5850,210,6080,6090,5850,184630
49,2011-03-08,5660,190,5910,5960,5630,456687
48,2011-03-09,5480,180,5680,5690,5470,436370
47,2011-03-10,4660,820,5400,5430,4660,1775384
46,2011-03-11,3965,695,3965,3965,3965,192029
43,2011-03-14,3375,590,3375,3375,3375,30100
42,2011-03-15,2870,505,2870,2870,2870,81558
41,2011-03-16,2440,430,2440,2970,2440,26893732
40,2011-03-17,2090,350,2290,2565,2075,10364508
39,2011-03-18,1830,260,2150,2240,1805,13088528
35,2011-03-21,1955,125,1845,2070,1780,10620096
34,2011-03-22,1665,290,1960,2080,1665,6239220
33,2011-03-23,1420,245,1650,1730,1420,8698618
32,2011-03-24,1210,210,1210,1210,1210,144317
31,2011-03-25,1180,30,1030,1375,1030,24047462
28,2011-03-28,1005,175,1180,1265,1005,9454335
27,2011-03-29,1005,0,0,0,0,0
26,2011-03-30,1005,0,0,0,0,0
25,2011-03-31,1005,0,0,0,0,0
24,2011-04-01,1005,0,0,0,0,0
20,2011-04-04,1005,0,0,0,0,0
19,2011-04-05,1005,0,0,0,0,0
18,2011-04-06,1005,0,0,0,0,0
17,2011-04-07,1005,0,0,0,0,0
16,2011-04-08,1005,0,0,0,0,0
13,2011-04-11,1005,0,0,0,0,0
12,2011-04-12,1005,0,0,0,0,0
11,2011-04-13,1005,0,0,0,0,0
10,2011-04-14,48,957,53,55,48,10556358
9,2011-04-15,44,4,48,48,43,3988083
5,2011-04-18,31,13,44,44,30,4059798
4,2011-04-19,23,8,34,34,22,3972400
3,2011-04-20,16,7,21,21,15,3356280
2,2011-04-21,14,2,17,23,14,5629861
