,date,close,diff,open,high,low,volume
448,2019-08-16,2845,55,2895,2895,2805,47016
447,2019-08-19,2995,150,2845,3100,2840,132843
446,2019-08-20,3100,105,2995,3250,2995,191082
445,2019-08-21,3130,30,3060,3185,3060,51825
444,2019-08-22,3100,30,3140,3180,3085,29241
440,2019-08-23,3030,70,3065,3100,3005,125614
439,2019-08-26,2920,110,2925,3025,2900,44322
438,2019-08-27,3190,270,2925,3425,2925,362740
437,2019-08-28,3100,90,3110,3185,3065,88178
436,2019-08-29,3065,35,3105,3220,3060,68886
433,2019-08-30,3095,30,3065,3130,3045,43097
432,2019-09-02,3065,30,3065,3095,3050,47177
431,2019-09-03,3075,10,3065,3115,3065,28938
430,2019-09-04,3100,25,3075,3100,3050,30376
429,2019-09-05,3645,545,3140,3980,3140,9304292
425,2019-09-06,3560,85,3730,3800,3560,1722268
424,2019-09-09,3630,70,3565,3660,3435,981436
423,2019-09-10,3450,180,3610,3950,3445,4895171
422,2019-09-11,3495,45,3425,3760,3410,2283265
421,2019-09-16,3480,15,3465,3510,3370,482524
418,2019-09-17,3500,20,3480,3615,3410,817400
417,2019-09-18,3470,30,3455,3490,3400,382476
416,2019-09-19,3510,40,3685,3725,3510,1267913
415,2019-09-20,3590,80,3490,3640,3480,520355
414,2019-09-23,3915,325,3595,3915,3590,2651440
410,2019-09-24,4010,95,3835,4105,3790,2796968
409,2019-09-25,3840,170,3950,4015,3830,1039391
408,2019-09-26,3730,110,3835,3875,3635,566426
407,2019-09-27,3860,130,3725,3860,3645,638209
406,2019-09-30,3550,310,3910,4270,3550,8387410
403,2019-10-01,3420,130,3595,3620,3385,994865
402,2019-10-02,3395,25,3400,3535,3340,401198
401,2019-10-04,3390,5,3395,3465,3320,348683
400,2019-10-07,3340,50,3365,3490,3280,234304
399,2019-10-08,3345,5,3350,3425,3315,174992
395,2019-10-10,3220,125,3325,3375,3210,269140
394,2019-10-11,3225,5,3255,3455,3225,270174
393,2019-10-14,3595,370,3210,3720,3210,2491667
392,2019-10-15,3465,130,3505,3590,3445,627395
391,2019-10-16,3480,15,3450,3510,3380,282765
388,2019-10-17,3435,45,3440,3545,3395,276661
387,2019-10-18,3450,15,3470,3500,3430,213835
386,2019-10-21,3380,70,3460,3475,3330,237132
385,2019-10-22,3325,55,3350,3380,3300,182603
384,2019-10-23,3355,30,3310,3400,3275,238717
380,2019-10-24,3410,55,3290,3465,3280,196909
379,2019-10-25,3295,115,3410,3445,3250,243412
378,2019-10-28,3290,5,3295,3315,3230,138606
377,2019-10-29,3355,65,3285,3415,3280,303601
376,2019-10-30,3420,65,3360,3515,3360,345042
373,2019-10-31,3475,55,3425,3475,3365,222368
372,2019-11-01,3400,75,3545,3550,3370,600376
371,2019-11-04,3455,55,3410,3505,3390,283133
370,2019-11-05,3470,15,3490,3490,3395,370446
369,2019-11-06,3470,0,3430,3490,3430,240240
365,2019-11-07,3470,0,3440,3535,3440,247738
364,2019-11-08,3520,50,3470,3520,3450,153247
363,2019-11-11,3550,30,3550,3635,3485,885530
362,2019-11-12,3560,10,3550,3660,3535,493762
361,2019-11-13,3600,40,3560,3700,3540,562063
358,2019-11-14,3485,115,3580,3595,3460,268370
357,2019-11-15,3570,85,3485,3625,3475,193896
356,2019-11-18,3425,145,3595,3595,3425,279319
355,2019-11-19,3365,60,3445,3455,3340,198676
354,2019-11-20,3150,215,3350,3385,3125,308741
350,2019-11-21,3185,35,3155,3250,2970,252454
349,2019-11-22,3115,70,3180,3200,3100,160868
348,2019-11-25,3190,75,3120,3210,3120,76802
347,2019-11-26,3240,50,3205,3245,3175,62087
346,2019-11-27,3195,45,3240,3255,3155,66571
343,2019-11-28,3160,35,3160,3210,3135,100297
342,2019-11-29,3140,20,3130,3160,3110,85988
341,2019-12-02,3070,70,3140,3160,3040,154722
340,2019-12-03,3100,30,3060,3135,3040,63274
339,2019-12-04,3070,30,3100,3100,3040,97843
335,2019-12-05,3015,55,3070,3075,2935,108751
334,2019-12-06,3080,65,2970,3090,2970,56969
333,2019-12-09,3125,45,3080,3160,3080,48051
332,2019-12-10,3075,50,3110,3145,3070,43116
331,2019-12-11,3150,75,3075,3155,3060,64613
328,2019-12-12,3125,25,3150,3210,3110,75400
327,2019-12-13,3190,65,3125,3190,3120,50491
326,2019-12-16,3180,10,3190,3225,3165,57554
325,2019-12-17,3120,60,3180,3205,3115,34597
324,2019-12-18,3105,15,3095,3160,3070,48569
320,2019-12-19,3120,15,3135,3145,3090,36416
319,2019-12-20,3135,15,3110,3155,3090,67454
318,2019-12-23,3115,20,3135,3260,3100,173639
317,2019-12-24,3040,75,3060,3075,3010,148510
316,2019-12-26,3110,70,2995,3110,2970,75867
313,2019-12-27,3120,10,3130,3135,3085,28871
312,2019-12-30,3125,5,3090,3135,3090,46357
311,2020-01-02,3185,60,3100,3190,3100,134381
310,2020-01-03,3195,10,3155,3235,3155,58639
309,2020-01-06,3130,65,3195,3195,3080,47829
305,2020-01-07,3150,20,3105,3165,3105,45015
304,2020-01-08,3030,120,3155,3160,2955,127167
303,2020-01-09,3135,105,3040,3150,3040,70633
302,2020-01-10,3130,5,3150,3195,3095,96046
301,2020-01-13,3175,45,3130,3175,3115,87521
298,2020-01-14,3195,20,3180,3215,3170,58069
297,2020-01-15,3280,85,3200,3295,3200,115151
296,2020-01-16,3260,20,3300,3300,3230,76748
295,2020-01-17,3255,5,3250,3300,3235,31702
294,2020-01-20,3205,50,3245,3255,3195,51691
290,2020-01-21,3190,15,3200,3265,3160,53586
289,2020-01-22,3170,20,3190,3265,3165,40158
288,2020-01-23,3170,0,3155,3200,3150,39540
287,2020-01-28,3090,80,3020,3105,3015,130717
286,2020-01-29,3125,35,3090,3140,3080,51915
283,2020-01-30,3050,75,3145,3145,3015,62049
282,2020-01-31,3050,0,3020,3180,3005,65340
281,2020-02-03,2990,60,2950,3020,2875,86869
280,2020-02-04,3100,110,2990,3100,2910,53683
279,2020-02-05,3055,45,3135,3135,3025,54955
275,2020-02-06,3100,45,3070,3135,3065,36465
274,2020-02-07,3080,20,3100,3110,3055,31112
273,2020-02-10,3060,20,3080,3095,3030,32106
272,2020-02-11,3085,25,3050,3120,3000,31293
271,2020-02-12,3065,20,3065,3090,3025,65264
268,2020-02-13,3060,5,3035,3095,3035,39732
267,2020-02-14,3040,20,3040,3060,3015,50473
266,2020-02-17,3680,640,3050,3950,3050,15388923
265,2020-02-18,3520,160,3680,3750,3465,2476839
264,2020-02-19,3470,50,3560,3580,3345,1848093
260,2020-02-20,3345,125,3555,3595,3325,2139349
259,2020-02-21,3280,65,3260,3350,3195,583145
258,2020-02-24,3130,150,3245,3250,3090,580769
257,2020-02-25,3235,105,3095,3235,3065,530087
256,2020-02-26,3320,85,3235,3320,3160,741704
253,2020-02-27,3130,190,3265,3300,3100,501151
252,2020-02-28,2910,220,3030,3095,2910,434731
251,2020-03-02,2900,10,2875,2955,2790,251438
250,2020-03-03,2875,25,2995,3025,2870,265324
249,2020-03-04,3015,140,2860,3035,2855,157505
245,2020-03-05,3050,35,3045,3075,2970,140629
244,2020-03-06,3030,20,3000,3040,2975,136908
243,2020-03-09,2870,160,2965,2975,2855,201616
242,2020-03-10,2840,30,2860,2900,2795,106253
241,2020-03-11,2655,185,2845,2900,2585,280720
238,2020-03-12,2370,285,2600,2670,2310,314394
237,2020-03-13,2090,280,2045,2240,2015,403883
236,2020-03-16,2055,35,2110,2280,2055,196145
235,2020-03-17,2090,35,1935,2165,1860,178132
234,2020-03-18,1985,105,2105,2190,1960,149184
230,2020-03-19,1510,475,1985,2025,1505,320330
229,2020-03-20,1695,185,1510,1725,1510,240877
228,2020-03-23,1550,145,1610,1620,1500,134744
227,2020-03-24,1630,80,1560,1635,1560,136060
226,2020-03-25,1770,140,1655,1795,1655,158901
223,2020-03-26,1850,80,1760,1950,1735,206550
222,2020-03-27,1930,80,1920,2000,1870,221179
221,2020-03-30,2030,100,1850,2065,1850,117893
220,2020-03-31,2130,100,2030,2170,2015,124271
219,2020-04-01,2190,60,2135,2280,2015,145489
215,2020-04-02,2185,5,2120,2205,2065,95269
214,2020-04-03,2290,105,2185,2350,2160,143665
213,2020-04-06,2370,80,2305,2385,2265,147775
212,2020-04-07,2425,55,2450,2465,2315,135320
211,2020-04-08,2460,35,2425,2495,2360,127347
208,2020-04-09,2490,30,2460,2520,2450,66945
207,2020-04-10,2430,60,2540,2540,2340,85810
206,2020-04-13,2430,0,2430,2485,2375,54897
205,2020-04-14,2470,40,2455,2500,2405,49559
204,2020-04-16,2525,55,2480,2530,2420,62103
200,2020-04-17,2625,100,2570,2640,2525,237784
199,2020-04-20,2685,60,2680,2740,2645,194314
198,2020-04-21,2655,30,2775,2775,2300,341329
197,2020-04-22,2645,10,2630,2650,2520,53493
196,2020-04-23,2655,10,2645,2685,2625,82118
193,2020-04-24,2540,115,2660,2660,2530,91890
192,2020-04-27,2610,70,2540,2665,2500,67504
191,2020-04-28,2615,5,2610,2695,2550,119739
190,2020-04-29,2665,50,2615,2690,2615,93954
189,2020-05-04,2615,50,2625,2630,2540,60805
185,2020-05-06,2655,40,2615,2655,2585,73736
184,2020-05-07,2720,65,2640,2760,2640,205592
183,2020-05-08,2720,0,2725,2740,2675,107904
182,2020-05-11,2665,55,2720,2750,2630,57306
181,2020-05-12,2570,95,2665,2680,2550,120789
178,2020-05-13,2635,65,2530,2695,2500,125479
177,2020-05-14,2605,30,2625,2630,2555,55610
176,2020-05-15,2585,20,2605,2605,2470,85104
175,2020-05-18,2595,10,2550,2615,2500,79399
174,2020-05-19,2690,95,2570,2730,2570,161332
170,2020-05-20,2770,80,2665,2780,2655,122274
169,2020-05-21,2770,0,2785,2840,2760,128906
168,2020-05-22,2710,60,2740,2770,2670,96603
167,2020-05-25,2775,65,2705,2795,2700,118421
166,2020-05-26,2860,85,2755,2895,2755,194871
163,2020-05-27,2870,10,2860,2900,2805,129429
162,2020-05-28,2860,10,2870,2885,2745,149476
161,2020-05-29,2915,55,2805,2915,2780,137450
160,2020-06-01,3110,195,2920,3110,2900,344929
159,2020-06-02,3140,30,3100,3155,3045,221765
155,2020-06-03,3105,35,3125,3180,3070,223243
154,2020-06-04,3040,65,3090,3240,3000,193174
153,2020-06-05,3000,40,3040,3065,2975,60043
152,2020-06-08,3000,0,3000,3050,2970,100565
151,2020-06-09,2945,55,2990,3040,2905,93427
148,2020-06-10,2875,70,2900,2945,2850,85899
147,2020-06-11,2775,100,2860,2885,2750,93418
146,2020-06-12,2730,45,2660,2730,2590,94233
145,2020-06-15,2560,170,2675,2755,2555,96999
144,2020-06-16,2680,120,2560,2700,2560,37424
140,2020-06-17,2705,25,2585,2710,2570,55713
139,2020-06-18,2755,50,2705,2760,2660,38969
138,2020-06-19,2720,35,2755,2775,2720,20251
137,2020-06-22,2680,40,2670,2720,2645,27327
136,2020-06-23,2790,110,2660,2790,2640,73362
133,2020-06-24,2720,70,2740,2795,2715,39870
132,2020-06-25,2710,10,2715,2750,2635,50724
131,2020-06-26,2630,80,2700,2705,2630,52584
130,2020-06-29,2520,110,2560,2610,2495,74446
129,2020-06-30,2530,10,2515,2560,2510,23460
125,2020-07-01,2540,10,2505,2565,2505,18296
124,2020-07-02,2640,100,2555,2700,2540,17078
123,2020-07-03,2675,35,2680,2765,2625,50753
122,2020-07-06,2755,80,2705,2765,2625,241040
121,2020-07-07,2800,45,2995,3300,2765,4937222
118,2020-07-08,2800,0,2780,2860,2760,333271
117,2020-07-09,2710,90,2780,2820,2705,443707
116,2020-07-10,2830,120,2725,3110,2680,4251182
115,2020-07-13,2855,25,2830,2890,2785,664103
114,2020-07-14,3140,285,2845,3270,2835,4560476
110,2020-07-15,3005,135,3070,3155,2980,1037489
109,2020-07-16,3045,40,3005,3070,2930,683545
108,2020-07-17,2900,145,3045,3045,2900,333436
107,2020-07-20,2900,0,2905,2940,2835,175729
106,2020-07-21,2865,35,2905,2915,2860,155278
103,2020-07-22,2860,5,2885,2890,2840,120135
102,2020-07-23,2850,10,2860,2880,2795,192191
101,2020-07-24,2850,0,2850,2920,2810,167928
100,2020-07-27,2895,45,2850,2905,2800,165199
99,2020-07-28,2840,55,2920,2970,2800,264836
95,2020-07-29,2890,50,2840,2890,2815,92638
94,2020-07-30,2865,25,2895,2985,2840,175256
93,2020-07-31,2875,10,2845,2900,2845,52325
92,2020-08-03,2895,20,2875,2910,2860,78412
91,2020-08-04,2930,35,2880,2960,2880,97974
88,2020-08-05,2925,5,2930,2930,2890,64294
87,2020-08-06,2920,5,2925,2960,2870,129408
86,2020-08-07,2875,45,2920,2920,2860,104615
85,2020-08-10,2890,15,2875,2915,2855,105543
84,2020-08-11,2905,15,2910,2950,2895,128479
80,2020-08-12,2870,35,2920,2925,2830,119836
79,2020-08-13,2920,50,2870,2950,2865,172063
78,2020-08-14,2965,45,2950,3000,2905,266541
77,2020-08-18,2780,185,2970,2980,2770,245102
76,2020-08-19,2820,40,2740,2835,2735,64548
73,2020-08-20,2650,170,2820,2825,2540,156468
72,2020-08-21,2670,20,2650,2700,2595,74488
71,2020-08-24,2720,50,2670,2725,2595,57160
70,2020-08-25,2820,100,2745,2870,2740,166224
69,2020-08-26,2850,30,2820,2855,2795,101312
65,2020-08-27,2775,75,2850,2850,2755,84300
64,2020-08-28,2800,25,2775,2810,2745,86919
63,2020-08-31,2780,20,2800,2890,2780,67117
62,2020-09-01,2785,5,2780,2810,2765,27744
61,2020-09-02,2845,60,2800,2845,2790,47547
58,2020-09-03,2940,95,2870,2940,2805,242824
57,2020-09-04,2825,115,2800,2870,2780,139199
56,2020-09-07,2870,45,2825,2900,2755,112685
55,2020-09-08,2875,5,2870,2945,2855,124499
54,2020-09-09,2920,45,2875,2945,2845,78813
50,2020-09-10,2930,10,2925,2960,2905,68509
49,2020-09-11,2925,5,2930,2930,2860,65021
48,2020-09-14,3015,90,2930,3055,2925,390458
47,2020-09-15,2985,30,3015,3045,2970,155758
46,2020-09-16,2950,35,2985,3000,2915,106015
43,2020-09-17,3345,395,2950,3345,2910,1746291
42,2020-09-18,3020,325,3135,3150,3015,998006
41,2020-09-21,3190,170,3070,3425,3035,3867589
40,2020-09-22,3120,70,3190,3320,3025,1124863
39,2020-09-23,3080,40,3170,3290,3025,478295
35,2020-09-24,2935,145,3000,3050,2845,396093
34,2020-09-25,2890,45,2935,2975,2830,189404
33,2020-09-28,2940,50,2890,2960,2870,131283
32,2020-09-29,3035,95,2980,3065,2925,176891
31,2020-10-05,3115,80,3035,3120,2990,204679
28,2020-10-06,3600,485,3295,4045,3265,18708412
27,2020-10-07,3645,45,3565,3695,3545,2575532
26,2020-10-08,3535,110,3650,3835,3440,2693022
25,2020-10-12,3500,35,3570,3570,3355,762029
24,2020-10-13,3510,10,3475,3650,3435,628965
20,2020-10-14,3365,145,3455,3485,3335,407397
19,2020-10-15,3300,65,3370,3410,3255,251470
18,2020-10-16,3230,70,3315,3380,3175,293563
17,2020-10-19,3305,75,3220,3370,3215,287534
16,2020-10-20,3200,105,3305,3355,3115,269913
13,2020-10-21,3345,145,3200,3360,3140,280154
12,2020-10-22,3455,110,3345,3470,3245,426229
11,2020-10-23,3305,150,3450,3450,3285,304862
10,2020-10-26,3180,125,3305,3360,3160,224130
9,2020-10-27,3165,15,3105,3250,3095,134944
5,2020-10-28,3225,60,3165,3240,3160,83528
4,2020-10-29,3270,45,3185,3275,3130,115359
3,2020-10-30,3160,110,3270,3270,3155,119786
2,2020-11-02,3250,90,3130,3265,3130,104582
1,2020-11-03,3270,20,3255,3320,3220,106876
