,date,close,diff,open,high,low,volume
448,2019-08-16,5710,160,5870,5870,5650,14017
447,2019-08-19,6010,300,5740,6020,5740,27554
446,2019-08-20,5990,20,5880,6680,5880,121087
445,2019-08-21,6030,40,5990,6140,5940,11385
444,2019-08-22,6030,0,6080,6080,5980,3994
440,2019-08-23,6050,20,6080,6080,5910,14073
439,2019-08-26,6040,10,6050,6080,5820,19218
438,2019-08-27,6100,60,6040,6120,5980,10918
437,2019-08-28,6100,0,6100,6100,5980,10417
436,2019-08-29,6030,70,6090,6100,5950,7431
433,2019-08-30,6090,60,6070,6100,6010,9387
432,2019-09-02,6360,270,6090,6370,6070,44893
431,2019-09-03,6340,20,6340,6570,6210,36384
430,2019-09-04,6560,220,6340,6560,6280,101222
429,2019-09-05,6570,10,6560,6640,6460,47169
425,2019-09-06,5750,820,6650,6670,5570,203793
424,2019-09-09,5910,160,5780,6000,5760,65563
423,2019-09-10,6050,140,5950,6070,5890,23375
422,2019-09-11,6050,0,6050,6060,5950,9716
421,2019-09-16,6020,30,6050,6050,5950,9341
418,2019-09-17,5980,40,6020,6020,5930,12763
417,2019-09-18,5920,60,5980,5980,5900,13142
416,2019-09-19,6010,90,5920,6020,5900,12499
415,2019-09-20,6040,30,6010,6040,5990,6973
414,2019-09-23,6030,10,6040,6060,6010,4795
410,2019-09-24,5990,40,6030,6030,5920,14180
409,2019-09-25,5980,10,6000,6000,5840,17141
408,2019-09-26,5910,70,5970,5970,5880,5431
407,2019-09-27,5920,10,5910,5960,5860,3954
406,2019-09-30,5860,60,5970,5970,5840,12312
403,2019-10-01,5930,70,5790,6000,5790,10174
402,2019-10-02,5900,30,5980,5980,5850,4671
401,2019-10-04,5890,10,5810,5910,5810,13187
400,2019-10-07,5710,180,5890,5910,5710,7856
399,2019-10-08,5880,170,5760,5950,5680,7245
395,2019-10-10,5820,60,5930,5950,5560,9624
394,2019-10-11,5890,70,5820,5900,5820,5112
393,2019-10-14,5930,40,5890,5940,5850,7310
392,2019-10-15,5930,0,5950,5950,5840,4626
391,2019-10-16,5930,0,5930,6000,5870,2969
388,2019-10-17,5920,10,5930,5950,5860,4172
387,2019-10-18,5920,0,5920,5940,5860,2327
386,2019-10-21,5930,10,5920,5980,5860,10015
385,2019-10-22,5900,30,5950,5950,5860,2815
384,2019-10-23,5880,20,5950,5950,5840,6229
380,2019-10-24,5880,0,5970,5970,5790,8404
379,2019-10-25,5850,30,5900,5930,5790,8684
378,2019-10-28,5830,20,5900,5900,5770,7014
377,2019-10-29,5820,10,5870,5870,5740,6716
376,2019-10-30,5850,30,5890,5890,5770,5698
373,2019-10-31,5860,10,5850,5940,5790,4674
372,2019-11-01,5900,40,5890,5900,5700,12449
371,2019-11-04,5830,70,5920,5930,5770,9207
370,2019-11-05,5780,50,5830,5830,5730,12692
369,2019-11-06,5800,20,5780,5800,5710,6477
365,2019-11-07,5770,30,5800,5800,5690,12370
364,2019-11-08,5810,40,5770,5810,5720,1657
363,2019-11-11,5840,30,5930,5930,5770,6097
362,2019-11-12,5840,0,5840,5840,5760,1992
361,2019-11-13,5860,20,5890,5890,5790,5571
358,2019-11-14,5850,10,5860,5880,5770,15292
357,2019-11-15,5820,30,5870,5870,5730,12750
356,2019-11-18,5820,0,5820,5820,5700,9579
355,2019-11-19,5810,10,5870,5870,5790,6395
354,2019-11-20,5810,0,5770,5810,5720,9138
350,2019-11-21,5840,30,5810,5900,5660,23803
349,2019-11-22,5890,50,5880,5920,5830,12209
348,2019-11-25,6070,180,5930,6070,5910,22346
347,2019-11-26,6040,30,6100,6100,5950,15763
346,2019-11-27,5990,50,6040,6090,5960,12591
343,2019-11-28,6000,10,5990,6060,5850,12296
342,2019-11-29,6000,0,6000,6000,5760,22773
341,2019-12-02,5900,100,6000,6000,5860,9886
340,2019-12-03,5870,30,5810,5890,5810,3896
339,2019-12-04,5740,130,5810,5850,5680,22506
335,2019-12-05,5760,20,5740,5800,5600,5816
334,2019-12-06,5770,10,5790,5800,5710,2834
333,2019-12-09,5800,30,5680,5810,5680,5464
332,2019-12-10,5810,10,5800,5900,5700,11526
331,2019-12-11,5810,0,5810,5830,5790,1443
328,2019-12-12,5740,70,5810,5820,5700,9398
327,2019-12-13,5760,20,5740,5790,5680,7760
326,2019-12-16,5720,40,5710,5770,5670,11569
325,2019-12-17,5720,0,5740,5750,5610,18843
324,2019-12-18,5750,30,5720,5750,5680,8843
320,2019-12-19,5840,90,5790,5950,5730,16572
319,2019-12-20,5770,70,5850,5850,5730,8153
318,2019-12-23,5740,30,5770,5770,5700,6427
317,2019-12-24,5700,40,5770,5780,5650,15786
316,2019-12-26,5740,40,5700,5750,5630,10570
313,2019-12-27,5760,20,5770,5790,5710,7944
312,2019-12-30,5760,0,5690,5800,5690,11437
311,2020-01-02,5850,90,6100,6390,5640,299761
310,2020-01-03,6000,150,5870,6060,5860,88492
309,2020-01-06,5910,90,5920,5980,5760,42918
305,2020-01-07,5780,130,5860,5900,5770,66546
304,2020-01-08,5600,180,5890,5890,5580,42741
303,2020-01-09,5800,200,5620,5810,5620,25092
302,2020-01-10,5790,10,5800,5870,5700,21544
301,2020-01-13,5850,60,5790,5900,5790,15380
298,2020-01-14,6010,160,5800,6080,5800,80087
297,2020-01-15,5850,160,6010,6020,5850,43379
296,2020-01-16,5910,60,5920,5950,5820,18457
295,2020-01-17,6140,230,5950,6290,5940,326129
294,2020-01-20,5920,220,6060,6100,5890,85163
290,2020-01-21,5850,70,5940,6040,5770,40408
289,2020-01-22,5880,30,5840,5940,5790,28209
288,2020-01-23,5860,20,5870,5880,5790,15794
287,2020-01-28,5710,150,5680,5800,5600,45573
286,2020-01-29,5780,70,5710,5790,5600,18818
283,2020-01-30,5640,140,5800,5800,5640,27969
282,2020-01-31,5600,40,5650,5790,5600,19944
281,2020-02-03,5620,20,5450,5630,5420,28437
280,2020-02-04,5650,30,5620,5760,5550,8762
279,2020-02-05,5690,40,5740,5740,5650,8640
275,2020-02-06,5670,20,5730,5730,5670,13883
274,2020-02-07,5680,10,5670,5710,5600,8940
273,2020-02-10,5660,20,5640,5680,5560,3114
272,2020-02-11,5690,30,5630,5700,5620,7484
271,2020-02-12,5700,10,5690,5710,5620,10388
268,2020-02-13,5690,10,5700,5720,5620,13059
267,2020-02-14,5700,10,5620,5710,5620,5036
266,2020-02-17,5700,0,5720,5720,5630,6073
265,2020-02-18,5590,110,5640,5720,5550,17710
264,2020-02-19,5650,60,5580,5680,5580,5588
260,2020-02-20,5620,30,5610,5680,5590,7409
259,2020-02-21,5600,20,5560,5620,5520,8396
258,2020-02-24,5430,170,5570,5580,5400,19524
257,2020-02-25,5530,100,5220,5580,5220,35999
256,2020-02-26,5480,50,5640,5840,5420,34351
253,2020-02-27,5370,110,5520,5520,5240,10949
252,2020-02-28,5120,250,5360,5360,5000,25337
251,2020-03-02,5050,70,5120,5150,4950,27598
250,2020-03-03,5200,150,5180,5280,5120,18760
249,2020-03-04,5400,200,5260,5490,5150,29832
245,2020-03-05,5500,100,5490,5540,5440,11780
244,2020-03-06,5410,90,5560,5560,5290,15072
243,2020-03-09,5220,190,5450,5490,5190,36314
242,2020-03-10,5060,160,5220,5220,4985,54177
241,2020-03-11,4855,205,5070,5130,4735,50760
238,2020-03-12,4500,355,4670,4845,4455,67837
237,2020-03-13,3925,575,4340,4340,3540,45370
236,2020-03-16,3575,350,3900,4170,3575,56121
235,2020-03-17,3700,125,3075,3700,3075,98365
234,2020-03-18,3840,140,4000,4000,3775,83639
230,2020-03-19,3725,115,3840,3980,3650,102240
229,2020-03-20,4090,365,3595,4090,3595,37952
228,2020-03-23,4080,10,4085,4090,3705,69973
227,2020-03-24,4145,65,4300,4305,4050,139815
226,2020-03-25,4435,290,4290,4495,4200,38445
223,2020-03-26,4700,265,4600,4790,4430,37105
222,2020-03-27,4785,85,4805,4860,4730,59382
221,2020-03-30,4740,45,4730,4765,4530,88966
220,2020-03-31,4810,70,4840,4840,4750,46197
219,2020-04-01,4825,15,4995,4995,4785,56179
215,2020-04-02,4945,120,4825,5000,4715,27168
214,2020-04-03,5000,55,5080,5080,4905,18368
213,2020-04-06,5410,410,5080,5480,5000,30932
212,2020-04-07,5800,390,5480,6200,5480,291070
211,2020-04-08,5500,300,5750,5800,5500,53266
208,2020-04-09,5390,110,5500,5790,5310,50687
207,2020-04-10,5230,160,5390,5390,5110,19443
206,2020-04-13,5180,50,5270,5270,5000,14024
205,2020-04-14,5190,10,5180,5240,5100,18897
204,2020-04-16,5350,160,5290,5460,5000,22745
200,2020-04-17,5400,50,5490,5520,5300,9733
199,2020-04-20,5550,150,5420,5610,5420,20204
198,2020-04-21,5400,150,5530,5610,4925,22204
197,2020-04-22,5600,200,5400,5650,5220,34062
196,2020-04-23,5680,80,5620,5740,5500,21920
193,2020-04-24,6040,360,5640,6800,5530,298711
192,2020-04-27,5980,60,6130,6180,5870,81000
191,2020-04-28,6010,30,5930,6140,5890,56444
190,2020-04-29,6420,410,6030,6790,6000,343752
189,2020-05-04,6330,90,6330,6410,6160,72733
185,2020-05-06,6490,160,6330,6520,6300,59511
184,2020-05-07,6450,40,6460,6530,6380,24279
183,2020-05-08,6520,70,6420,6590,6340,44964
182,2020-05-11,6820,300,6510,6860,6390,81284
181,2020-05-12,6830,10,6760,6900,6620,67060
178,2020-05-13,6630,200,6730,6820,6580,26814
177,2020-05-14,6500,130,6540,6600,6250,56879
176,2020-05-15,6310,190,6310,6390,6190,40482
175,2020-05-18,6250,60,6310,6310,6130,29460
174,2020-05-19,6530,280,6280,7150,6200,434788
170,2020-05-20,6810,280,6620,6870,6420,135147
169,2020-05-21,6670,140,6850,6900,6630,56510
168,2020-05-22,6750,80,6670,6800,6490,60828
167,2020-05-25,6700,50,6730,6800,6610,25838
166,2020-05-26,6500,200,6780,6780,6230,85491
163,2020-05-27,6110,390,6500,6500,6100,110779
162,2020-05-28,6140,30,6160,6420,6090,63405
161,2020-05-29,6030,110,6140,6170,5880,21550
160,2020-06-01,6200,170,6030,6230,5950,19719
159,2020-06-02,6160,40,6200,6270,6080,19225
155,2020-06-03,6060,100,6160,6180,5920,18798
154,2020-06-04,6220,160,6090,6260,6060,18137
153,2020-06-05,6260,40,6180,6280,6120,36655
152,2020-06-08,6410,150,6260,6480,6240,53418
151,2020-06-09,6400,10,6410,6460,6250,29100
148,2020-06-10,6110,290,6400,6440,6040,46636
147,2020-06-11,6230,120,6050,6400,5960,25677
146,2020-06-12,6040,190,5730,6170,5730,37170
145,2020-06-15,5700,340,6040,6500,5650,144803
144,2020-06-16,5910,210,5770,5960,5770,20855
140,2020-06-17,5750,160,5800,5910,5580,28374
139,2020-06-18,5660,90,5650,5760,5600,17022
138,2020-06-19,5830,170,5600,6000,5590,34530
137,2020-06-22,5750,80,5830,5870,5750,11662
136,2020-06-23,5760,10,5760,5900,5710,7164
133,2020-06-24,5890,130,5810,5940,5730,43327
132,2020-06-25,5830,60,5900,5900,5700,8515
131,2020-06-26,5830,0,5880,5880,5750,6191
130,2020-06-29,5770,60,5680,5870,5680,10363
129,2020-06-30,6120,350,5780,6190,5770,46970
125,2020-07-01,6000,120,6190,6190,5940,25089
124,2020-07-02,6170,170,6010,6280,6000,58001
123,2020-07-03,6150,20,6170,6200,5980,35400
122,2020-07-06,6290,140,6100,6350,6030,23823
121,2020-07-07,5970,320,6290,6290,5940,21806
118,2020-07-08,7450,1480,5970,7760,5910,2870544
117,2020-07-09,7190,260,7250,7390,6940,669645
116,2020-07-10,7050,140,7470,7970,7030,768519
115,2020-07-13,7100,50,7000,7180,6950,185568
114,2020-07-14,7710,610,7650,8610,7350,2309784
110,2020-07-15,7120,590,7680,7700,7050,538332
109,2020-07-16,8170,1050,7240,9150,7060,3560010
108,2020-07-17,8450,280,8940,9100,8240,916285
107,2020-07-20,10400,1950,8460,10900,8400,2229291
106,2020-07-21,10550,150,10250,10750,10100,632658
103,2020-07-22,11050,500,10300,11050,10050,516666
102,2020-07-23,10000,1050,10750,10750,9810,393984
101,2020-07-24,9720,280,9800,10250,9430,230555
100,2020-07-27,9700,20,9720,10450,9550,223323
99,2020-07-28,9600,100,9760,10100,9420,169371
95,2020-07-29,9690,90,9900,9900,9410,122463
94,2020-07-30,9470,220,9850,9850,9400,176792
93,2020-07-31,9690,220,9480,9730,9400,95282
92,2020-08-03,10450,760,9680,10600,9590,345945
91,2020-08-04,9810,640,10450,10450,9810,195724
88,2020-08-05,9730,80,9790,9950,9360,175842
87,2020-08-06,9250,480,9560,9650,9250,124249
86,2020-08-07,10000,750,9340,10200,9300,784644
85,2020-08-10,9950,50,9940,10550,9780,288139
84,2020-08-11,9760,190,10100,10150,9670,108516
80,2020-08-12,9670,90,9830,10050,9520,153948
79,2020-08-13,11800,2130,9800,12550,9540,3340120
78,2020-08-14,12050,250,11400,13450,11050,3031403
77,2020-08-18,11200,850,12050,12550,10450,534101
76,2020-08-19,11450,250,11250,11700,10500,354737
73,2020-08-20,11150,300,11400,11450,10400,260056
72,2020-08-21,10800,350,11050,11450,10700,218915
71,2020-08-24,10500,300,10950,11300,10300,169854
70,2020-08-25,10650,150,10300,11050,10200,119219
69,2020-08-26,10450,200,10600,10900,10250,107223
65,2020-08-27,10500,50,10900,12300,10300,1276068
64,2020-08-28,10600,100,10700,10750,10300,190462
63,2020-08-31,10500,100,10450,10700,10400,104062
62,2020-09-01,10800,300,10450,11050,10450,314092
61,2020-09-02,10750,50,10800,10950,10600,66086
58,2020-09-03,10550,200,10750,10850,10300,93373
57,2020-09-04,10400,150,10050,10500,10050,76181
56,2020-09-07,10000,400,10500,10500,9890,150403
55,2020-09-08,9550,450,10100,10100,9450,173872
54,2020-09-09,9570,20,9460,9710,9300,66476
50,2020-09-10,9850,280,9600,9880,9330,97553
49,2020-09-11,9840,10,9810,10050,9770,50387
48,2020-09-14,9560,280,9860,9980,9490,74096
47,2020-09-15,9480,80,9570,9620,9380,41626
46,2020-09-16,9430,50,9480,9610,9400,34095
43,2020-09-17,9160,270,9430,9520,9130,58583
42,2020-09-18,9800,640,9170,9940,9170,112867
41,2020-09-21,9350,450,9880,9970,9290,149672
40,2020-09-22,8460,890,9250,9260,8340,143201
39,2020-09-23,8490,30,8480,8660,8010,58893
35,2020-09-24,7970,520,8310,8470,7920,54851
34,2020-09-25,8550,580,8040,8930,7970,87719
33,2020-09-28,8940,390,8560,9100,8550,51463
32,2020-09-29,9050,110,9130,9220,8940,31525
31,2020-10-05,8930,120,9020,9110,8870,37261
28,2020-10-06,9080,150,8900,9160,8900,35057
27,2020-10-07,9160,80,9020,9240,9020,28632
26,2020-10-08,9370,210,9170,9640,9090,52732
25,2020-10-12,9570,200,9440,9630,9370,24945
24,2020-10-13,9750,180,9610,10150,9570,153650
20,2020-10-14,9700,50,9710,9820,9500,68118
19,2020-10-15,9540,160,9710,9740,9240,52576
18,2020-10-16,8740,800,9540,10000,8730,240007
17,2020-10-19,8410,330,8740,8950,8400,38602
16,2020-10-20,8450,40,8280,8690,8210,32115
13,2020-10-21,8630,180,8550,8640,8380,26060
12,2020-10-22,8130,500,8630,8630,8100,49211
11,2020-10-23,8050,80,8140,8290,7990,60257
10,2020-10-26,8150,100,7980,8390,7980,30825
9,2020-10-27,7920,230,8070,8340,7910,36336
5,2020-10-28,8290,370,7920,8310,7910,21241
4,2020-10-29,8130,160,8020,8260,7930,19543
3,2020-10-30,7970,160,8020,8320,7850,18170
2,2020-11-02,8520,550,8100,8740,7970,37447
1,2020-11-03,8420,100,8520,8670,8400,22226
