,date,close,diff,open,high,low,volume
448,2019-08-16,3870,0,3755,3900,3720,129659
447,2019-08-19,3860,10,3890,3945,3815,88031
446,2019-08-20,3985,125,3860,4010,3860,120581
445,2019-08-21,4240,255,3960,4660,3955,1994614
444,2019-08-22,4060,180,4210,4320,4050,400152
440,2019-08-23,3975,85,4000,4105,3955,223279
439,2019-08-26,3740,235,3880,3895,3700,206486
438,2019-08-27,3695,45,3810,3870,3680,126290
437,2019-08-28,3960,265,3700,4135,3700,417064
436,2019-08-29,3875,85,3960,4200,3845,1017792
433,2019-08-30,3970,95,3940,4030,3910,198395
432,2019-09-02,4070,100,3910,4150,3910,250905
431,2019-09-03,4075,5,4090,4145,4035,150604
430,2019-09-04,4090,15,4080,4140,4020,151189
429,2019-09-05,4085,5,4120,4165,4065,99717
425,2019-09-06,4080,5,4105,4370,4055,487891
424,2019-09-09,4000,80,4135,4140,3990,145764
423,2019-09-10,3975,25,4000,4070,3890,120147
422,2019-09-11,4040,65,3965,4050,3955,177525
421,2019-09-16,4095,55,4040,4130,3980,138498
418,2019-09-17,4265,170,4110,4330,4100,474366
417,2019-09-18,4200,65,4260,4310,4160,202237
416,2019-09-19,4170,30,4225,4265,4105,119796
415,2019-09-20,4175,5,4200,4240,4150,123701
414,2019-09-23,4160,15,4230,4230,4120,93628
410,2019-09-24,4190,30,4110,4190,4085,117154
409,2019-09-25,4000,190,4160,4190,3970,179352
408,2019-09-26,3880,120,4015,4085,3865,161583
407,2019-09-27,3825,55,3855,3910,3800,114276
406,2019-09-30,3730,95,3840,3840,3725,105594
403,2019-10-01,3950,220,3735,4050,3735,156110
402,2019-10-02,3840,110,3905,3935,3835,77891
401,2019-10-04,3800,40,3875,3895,3770,89932
400,2019-10-07,4050,250,3900,4250,3900,686763
399,2019-10-08,4000,50,3995,4085,3945,223667
395,2019-10-10,3980,20,3970,4050,3870,163595
394,2019-10-11,4005,25,4095,4340,4000,587335
393,2019-10-14,4230,225,4090,4340,4050,1706613
392,2019-10-15,4235,5,4245,4270,4150,351266
391,2019-10-16,4270,35,4250,4350,4225,410892
388,2019-10-17,4190,80,4245,4340,4175,256110
387,2019-10-18,4095,95,4195,4210,4070,145959
386,2019-10-21,4080,15,4095,4155,4070,142370
385,2019-10-22,4080,0,4170,4230,4080,210630
384,2019-10-23,4360,280,4080,4550,4080,1717513
380,2019-10-24,4265,95,4385,4420,4115,487669
379,2019-10-25,4250,15,4225,4275,4165,269489
378,2019-10-28,4265,15,4210,4580,4210,1130625
377,2019-10-29,4210,55,4285,4365,4205,318426
376,2019-10-30,4005,205,4230,4230,3830,493153
373,2019-10-31,4000,5,4085,4085,3965,152470
372,2019-11-01,4025,25,3960,4060,3950,129793
371,2019-11-04,4115,90,4035,4175,4035,183587
370,2019-11-05,4380,265,4115,4390,4080,1028165
369,2019-11-06,4330,50,4390,4425,4265,280372
365,2019-11-07,4635,305,4330,4680,4290,1815275
364,2019-11-08,4415,220,4665,4665,4415,789566
363,2019-11-11,4370,45,4460,4460,4230,359124
362,2019-11-12,4295,75,4420,4560,4290,580928
361,2019-11-13,4140,155,4335,4335,4125,396515
358,2019-11-14,4180,40,4195,4250,4155,182803
357,2019-11-15,4125,55,4145,4240,4110,321041
356,2019-11-18,4230,105,4150,4280,4090,243808
355,2019-11-19,4100,130,4230,4230,4100,197285
354,2019-11-20,3960,140,4100,4135,3885,343320
350,2019-11-21,3780,180,3935,3955,3780,322986
349,2019-11-22,3700,80,3775,3835,3640,230056
348,2019-11-25,3805,105,3710,3830,3710,137235
347,2019-11-26,3770,35,3890,3890,3770,451048
346,2019-11-27,3695,75,3870,3870,3675,242304
343,2019-11-28,3665,30,3655,3725,3650,91171
342,2019-11-29,3525,140,3665,3675,3495,254739
341,2019-12-02,3450,75,3500,3580,3430,213173
340,2019-12-03,3340,110,3400,3400,3320,272252
339,2019-12-04,3320,20,3300,3415,3300,142710
335,2019-12-05,3195,125,3450,3450,3155,353902
334,2019-12-06,3335,140,3185,3340,3185,204034
333,2019-12-09,3330,5,3330,3380,3330,95123
332,2019-12-10,3385,55,3400,3405,3320,102233
331,2019-12-11,3410,25,3385,3435,3350,95492
328,2019-12-12,3510,100,3450,3540,3415,142918
327,2019-12-13,3505,5,3550,3590,3485,119327
326,2019-12-16,3480,25,3535,3555,3415,129519
325,2019-12-17,3480,0,3500,3500,3450,55752
324,2019-12-18,3505,25,3485,3530,3465,90531
320,2019-12-19,3470,35,3510,3540,3440,103951
319,2019-12-20,3405,65,3445,3485,3400,88297
318,2019-12-23,3375,30,3425,3460,3360,78084
317,2019-12-24,3285,90,3375,3400,3285,94275
316,2019-12-26,3270,15,3275,3350,3265,67032
313,2019-12-27,3420,150,3285,3420,3270,115403
312,2019-12-30,3490,70,3420,3500,3420,125576
311,2020-01-02,3485,5,3470,3560,3445,117368
310,2020-01-03,3450,35,3500,3500,3425,85677
309,2020-01-06,3270,180,3420,3420,3265,224731
305,2020-01-07,3340,70,3280,3375,3280,102665
304,2020-01-08,3155,185,3295,3335,3110,279891
303,2020-01-09,3260,105,3220,3300,3220,131386
302,2020-01-10,3280,20,3310,3360,3270,122364
301,2020-01-13,3575,295,3300,3925,3300,6916006
298,2020-01-14,3610,35,3575,3615,3500,461309
297,2020-01-15,3510,100,3600,3645,3510,279616
296,2020-01-16,3655,145,3515,3750,3515,1390072
295,2020-01-17,3600,55,3620,3695,3595,259844
294,2020-01-20,3510,90,3600,3650,3510,212523
290,2020-01-21,3440,70,3515,3570,3440,143668
289,2020-01-22,3535,95,3470,3560,3440,140617
288,2020-01-23,3465,70,3575,3575,3450,147479
287,2020-01-28,3330,135,3290,3380,3275,237720
286,2020-01-29,3340,10,3350,3355,3300,132824
283,2020-01-30,3220,120,3340,3355,3190,216988
282,2020-01-31,3100,120,3220,3300,3100,172731
281,2020-02-03,3085,15,3050,3120,2940,195667
280,2020-02-04,3180,95,3095,3200,3095,87432
279,2020-02-05,3230,50,3180,3295,3175,120386
275,2020-02-06,3350,120,3230,3435,3195,326272
274,2020-02-07,3480,130,3450,3810,3400,2231689
273,2020-02-10,3390,90,3465,3465,3320,203016
272,2020-02-11,3380,10,3400,3455,3365,137410
271,2020-02-12,3355,25,3320,3370,3300,152044
268,2020-02-13,3300,55,3365,3400,3300,134870
267,2020-02-14,3255,45,3280,3325,3200,185418
266,2020-02-17,3220,35,3275,3275,3195,92901
265,2020-02-18,3200,20,3195,3225,3170,130140
264,2020-02-19,3260,60,3210,3285,3205,142610
260,2020-02-20,3200,60,3280,3280,3180,94337
259,2020-02-21,3100,100,3130,3220,3100,107375
258,2020-02-24,2905,195,3060,3060,2900,283562
257,2020-02-25,3000,95,2855,3000,2850,146565
256,2020-02-26,3005,5,3100,3275,2990,605267
253,2020-02-27,3905,900,3025,3905,3000,8552941
252,2020-02-28,3570,335,3950,4230,3415,12978246
251,2020-03-02,3575,5,3630,3785,3475,3610095
250,2020-03-03,3510,65,3700,3750,3510,2820836
249,2020-03-04,3590,80,3400,3680,3380,2205026
245,2020-03-05,4665,1075,3615,4665,3485,25896175
244,2020-03-06,4370,295,4870,5000,4250,14239136
243,2020-03-09,4150,220,4295,4650,4140,14240630
242,2020-03-10,3695,455,3895,4425,3650,7214600
241,2020-03-11,4070,375,3795,4415,3760,23193911
238,2020-03-12,3710,360,3970,4180,3710,4426379
237,2020-03-13,3020,690,3350,3510,2810,3758995
236,2020-03-16,2840,180,3100,3295,2840,2506913
235,2020-03-17,2900,60,2600,3100,2560,2713941
234,2020-03-18,2800,100,2990,3170,2800,1879840
230,2020-03-19,2650,150,3350,3590,2550,15456170
229,2020-03-20,3000,350,2700,3100,2700,7631263
228,2020-03-23,3755,755,3400,3900,3170,29646252
227,2020-03-24,4140,385,3670,4650,3610,42549195
226,2020-03-25,4225,85,4160,4440,4035,13935707
223,2020-03-26,4375,150,4295,4705,4255,17731546
222,2020-03-27,4000,375,4535,4540,3625,9004915
221,2020-03-30,4220,220,4100,4265,3965,5480929
220,2020-03-31,4550,330,4320,4870,4200,17039428
219,2020-04-01,4230,320,4780,4800,4115,6413633
215,2020-04-02,4305,75,4155,4480,3820,3673990
214,2020-04-03,4555,250,4290,4905,4270,18747141
213,2020-04-06,4670,115,4555,4970,4495,15378353
212,2020-04-07,5200,530,4670,5300,4375,15612508
211,2020-04-08,4825,375,5070,5210,4825,7543003
208,2020-04-09,4690,135,4770,5150,4570,6063303
207,2020-04-10,4500,190,4710,4920,4300,4173276
206,2020-04-13,4480,20,4565,4750,4430,2608495
205,2020-04-14,4405,75,4440,4880,4360,4730343
204,2020-04-16,4460,55,4420,4530,4325,1247093
200,2020-04-17,4560,100,4510,4640,4425,2567511
199,2020-04-20,4640,80,4595,4850,4545,4340052
198,2020-04-21,4380,260,4680,4735,4010,3055746
197,2020-04-22,4350,30,4220,4380,4175,1079620
196,2020-04-23,4300,50,4400,4400,4285,874304
193,2020-04-24,4300,0,4320,4530,4225,1541451
192,2020-04-27,4440,140,4345,4440,4310,667339
191,2020-04-28,4320,120,4470,4490,4300,696780
190,2020-04-29,4125,195,4270,4325,4080,979849
189,2020-05-04,4140,15,4040,4225,4000,435496
185,2020-05-06,4195,55,4125,4215,4120,444294
184,2020-05-07,4305,110,4175,4695,4175,4016076
183,2020-05-08,4320,15,4285,4400,4285,600685
182,2020-05-11,4365,45,4340,4390,4250,536817
181,2020-05-12,4520,155,4320,4520,4255,1221934
178,2020-05-13,4190,330,4520,4520,4160,7685536
177,2020-05-14,4395,205,4195,4435,4195,2027382
176,2020-05-15,4335,60,4405,4525,4270,1179447
175,2020-05-18,4365,30,4345,4435,4280,658419
174,2020-05-19,4285,80,4390,4410,4220,667929
170,2020-05-20,4520,235,4335,4585,4315,4632106
169,2020-05-21,4395,125,4535,4545,4350,1636338
168,2020-05-22,4300,95,4410,4410,4215,805049
167,2020-05-25,4250,50,4300,4345,4220,518937
166,2020-05-26,4305,55,4220,4385,4195,908585
163,2020-05-27,4255,50,4325,4505,4230,2526206
162,2020-05-28,4100,155,4255,4290,4010,1018279
161,2020-05-29,4010,90,4100,4210,4000,586220
160,2020-06-01,4135,125,3985,4160,3985,426525
159,2020-06-02,4265,130,4135,4345,4055,1051492
155,2020-06-03,4135,130,4250,4275,4135,581559
154,2020-06-04,4165,30,4160,4235,4105,343284
153,2020-06-05,4090,75,4110,4160,4035,482181
152,2020-06-08,4230,140,4100,4245,4100,569611
151,2020-06-09,4250,20,4230,4250,4090,583573
148,2020-06-10,4300,50,4285,4800,4225,8192951
147,2020-06-11,4160,140,4300,4385,4150,1534436
146,2020-06-12,4085,75,3940,4115,3900,938953
145,2020-06-15,3705,380,4050,4140,3690,995913
144,2020-06-16,3870,165,3810,3935,3795,411084
140,2020-06-17,3830,40,3810,3990,3700,504621
139,2020-06-18,3715,115,3840,3855,3685,616753
138,2020-06-19,3750,35,3750,3765,3640,394447
137,2020-06-22,3705,45,3795,3795,3660,362516
136,2020-06-23,3615,90,3795,3800,3560,532909
133,2020-06-24,3690,75,3650,3765,3605,439823
132,2020-06-25,3560,130,3650,3685,3515,387349
131,2020-06-26,3610,50,3660,3750,3565,423287
130,2020-06-29,3400,210,3475,3560,3400,473269
129,2020-06-30,3460,60,3460,3540,3410,414953
125,2020-07-01,3325,135,3500,3540,3320,382717
124,2020-07-02,3420,95,3330,3480,3300,281816
123,2020-07-03,3425,5,3455,3465,3365,224957
122,2020-07-06,3465,40,3480,3480,3410,197645
121,2020-07-07,3455,10,3445,3560,3390,425356
118,2020-07-08,3405,50,3405,3485,3390,205191
117,2020-07-09,3475,70,3405,3540,3405,481339
116,2020-07-10,3460,15,3450,3535,3450,353626
115,2020-07-13,3560,100,3495,3670,3455,670326
114,2020-07-14,3545,15,3480,3610,3480,344331
110,2020-07-15,3740,195,3565,4285,3505,8823308
109,2020-07-16,3745,5,3700,3745,3630,1015371
108,2020-07-17,3805,60,3790,3815,3680,936892
107,2020-07-20,3740,65,3805,3810,3730,610575
106,2020-07-21,3745,5,3760,3810,3725,593465
103,2020-07-22,3770,25,3720,3930,3670,1631917
102,2020-07-23,3875,105,3765,3900,3730,768115
101,2020-07-24,3955,80,3860,4200,3835,5055020
100,2020-07-27,3955,0,3970,4050,3915,663699
99,2020-07-28,3995,40,4000,4060,3920,645210
95,2020-07-29,3855,140,3975,3995,3850,535641
94,2020-07-30,3925,70,3885,3925,3805,523135
93,2020-07-31,4135,210,3915,4180,3895,2216262
92,2020-08-03,4115,20,4180,4490,3965,4697389
91,2020-08-04,4165,50,4115,4230,4060,1142763
88,2020-08-05,4190,25,4205,4335,4150,2115308
87,2020-08-06,4300,110,4310,4490,4200,3142956
86,2020-08-07,4350,50,4455,4750,4290,6296977
85,2020-08-10,4620,270,4445,4785,4355,5560725
84,2020-08-11,4805,185,4555,5140,4480,13296271
80,2020-08-12,4580,225,4820,4845,4520,2236213
79,2020-08-13,4360,220,4590,4705,4310,1971911
78,2020-08-14,4220,140,4355,4485,4210,1230833
77,2020-08-18,3920,300,4310,4330,3910,1157969
76,2020-08-19,4250,330,3920,4270,3900,1387839
73,2020-08-20,4335,85,4250,4340,4080,1404684
72,2020-08-21,4230,105,4355,4480,4035,2132077
71,2020-08-24,4260,30,4185,4310,4120,719185
70,2020-08-25,4570,310,4315,4600,4290,3486545
69,2020-08-26,4620,50,4640,4650,4435,2255716
65,2020-08-27,4485,135,4620,4620,4350,1861669
64,2020-08-28,4230,255,4500,4505,4230,1169604
63,2020-08-31,4230,0,4230,4350,4155,878540
62,2020-09-01,4260,30,4160,4305,4160,662570
61,2020-09-02,4295,35,4220,4295,4175,537291
58,2020-09-03,4240,55,4275,4290,4235,466532
57,2020-09-04,4170,70,4050,4190,4050,628238
56,2020-09-07,4170,0,4210,4240,4135,659937
55,2020-09-08,4135,35,4185,4185,4110,506723
54,2020-09-09,4085,50,4050,4300,4035,852023
50,2020-09-10,4370,285,4120,4770,4105,9916852
49,2020-09-11,4375,5,4345,4440,4280,1119240
48,2020-09-14,4380,5,4370,4440,4365,853565
47,2020-09-15,4470,90,4385,4625,4320,2817114
46,2020-09-16,4450,20,4495,4535,4400,1266978
43,2020-09-17,4360,90,4445,4485,4320,658005
42,2020-09-18,4270,90,4370,4430,4215,689164
41,2020-09-21,4270,0,4330,4805,4200,13105296
40,2020-09-22,4190,80,4250,4385,4135,1648703
39,2020-09-23,4140,50,4220,4250,4095,913035
35,2020-09-24,3790,350,4070,4070,3765,1129321
34,2020-09-25,3805,15,3830,3920,3725,605078
33,2020-09-28,3890,85,3790,3920,3785,405317
32,2020-09-29,3920,30,3895,3990,3875,311650
31,2020-10-05,3970,50,3900,3975,3900,292987
28,2020-10-06,4040,70,3980,4065,3960,377047
27,2020-10-07,4045,5,3980,4180,3980,403242
26,2020-10-08,4010,35,4070,4085,3980,350309
25,2020-10-12,4010,0,3990,4035,3955,279449
24,2020-10-13,3960,50,4010,4010,3940,251534
20,2020-10-14,3885,75,3950,3975,3880,255013
19,2020-10-15,3780,105,3885,3925,3730,376425
18,2020-10-16,3660,120,3800,3815,3545,372083
17,2020-10-19,3580,80,3665,3720,3565,168472
16,2020-10-20,3530,50,3535,3620,3450,312997
13,2020-10-21,3565,35,3565,3570,3505,174367
12,2020-10-22,3655,90,3540,3960,3470,989414
11,2020-10-23,3665,10,3650,3730,3645,251746
10,2020-10-26,3525,140,3600,3630,3525,228538
9,2020-10-27,3495,30,3460,3555,3440,169123
5,2020-10-28,3535,40,3495,3535,3480,144495
4,2020-10-29,3545,10,3450,3545,3450,153247
3,2020-10-30,3490,55,3520,3580,3460,173739
2,2020-11-02,3485,5,3460,3500,3455,98041
1,2020-11-03,3530,45,3485,3555,3485,127268
