,date,close,diff,open,high,low,volume
448,2019-08-16,4980,365,4710,5350,4705,3466142
447,2019-08-19,5160,180,4980,5220,4950,545340
446,2019-08-20,5170,10,5220,5250,5090,379469
445,2019-08-21,5350,180,5150,5350,5100,378445
444,2019-08-22,5360,10,5350,5410,5270,204751
440,2019-08-23,5470,110,5280,5480,5220,273530
439,2019-08-26,5510,40,5450,5820,5310,1402513
438,2019-08-27,6130,620,5750,6150,5660,2828872
437,2019-08-28,6180,50,6130,6370,6030,1370169
436,2019-08-29,6210,30,6240,6500,6050,1143021
433,2019-08-30,6470,260,6280,6660,6230,1464864
432,2019-09-02,6510,40,6490,6510,6340,546611
431,2019-09-03,6680,170,6500,6720,6410,710368
430,2019-09-04,6690,10,6680,6740,6570,430810
429,2019-09-05,6940,250,6740,7140,6690,985057
425,2019-09-06,6890,50,7000,7000,6810,358658
424,2019-09-09,6740,150,6950,6960,6620,512860
423,2019-09-10,6870,130,6750,6930,6600,377564
422,2019-09-11,6620,250,6800,6870,6550,457460
421,2019-09-16,7010,390,6660,7220,6650,953979
418,2019-09-17,6820,190,7010,7150,6780,558890
417,2019-09-18,6690,130,6780,6780,6570,504640
416,2019-09-19,6690,0,6770,6870,6640,269964
415,2019-09-20,6680,10,6740,6800,6630,215071
414,2019-09-23,6870,190,6670,6880,6530,353224
410,2019-09-24,6680,190,6870,7000,6640,331301
409,2019-09-25,6270,410,6580,6640,6170,609140
408,2019-09-26,6140,130,6330,6400,6020,425946
407,2019-09-27,6220,80,6150,6250,6040,208274
406,2019-09-30,6040,180,6220,6220,5950,186096
403,2019-10-01,6200,160,6080,6240,6040,173313
402,2019-10-02,6040,160,6150,6150,6000,119250
401,2019-10-04,6080,40,6010,6140,5920,190361
400,2019-10-07,5900,180,6070,6140,5880,217148
399,2019-10-08,6220,320,5920,6300,5900,323367
395,2019-10-10,6390,170,6220,6390,6130,228063
394,2019-10-11,6070,320,6370,6390,6040,281259
393,2019-10-14,6280,210,6070,6280,6030,257704
392,2019-10-15,6180,100,6320,6320,6080,292297
391,2019-10-16,6280,100,6180,6290,6140,192123
388,2019-10-17,6090,190,6280,6280,6050,223870
387,2019-10-18,6160,70,6160,6270,6080,248144
386,2019-10-21,6130,30,6120,6380,6120,303028
385,2019-10-22,6070,60,6150,6250,6060,234995
384,2019-10-23,6790,720,6240,7060,6170,2989176
380,2019-10-24,6790,0,6840,6960,6710,784577
379,2019-10-25,6500,290,6840,6880,6460,695669
378,2019-10-28,7000,500,6520,7060,6520,1209508
377,2019-10-29,6910,90,6970,7050,6810,552111
376,2019-10-30,6850,60,6860,6990,6800,326757
373,2019-10-31,7230,380,6920,7320,6780,1716207
372,2019-11-01,7060,170,7200,7270,6920,784512
371,2019-11-04,7300,240,7120,7550,7060,1073495
370,2019-11-05,7360,60,7380,7610,7260,713376
369,2019-11-06,7120,240,7330,7500,7040,639938
365,2019-11-07,6900,220,7150,7150,6800,501736
364,2019-11-08,6930,30,6990,7100,6920,288298
363,2019-11-11,6840,90,6930,6980,6790,219765
362,2019-11-12,7090,250,6820,7130,6760,298174
361,2019-11-13,7070,20,7060,7360,6970,660356
358,2019-11-14,6930,140,7050,7160,6810,332082
357,2019-11-15,6740,190,6850,6880,6640,511955
356,2019-11-18,7140,400,6860,7160,6740,572098
355,2019-11-19,6950,190,7220,7250,6920,381293
354,2019-11-20,6700,250,6980,7050,6690,387757
350,2019-11-21,6660,40,6670,6770,6580,254611
349,2019-11-22,6800,140,6800,6920,6580,410900
348,2019-11-25,6830,30,6880,6930,6700,213630
347,2019-11-26,6800,30,6850,6870,6740,166896
346,2019-11-27,6580,220,6830,6850,6580,249938
343,2019-11-28,6410,170,6610,6680,6410,222224
342,2019-11-29,6520,110,6410,6550,6330,164468
341,2019-12-02,6500,20,6590,6650,6460,164182
340,2019-12-03,6560,60,6420,6600,6350,135799
339,2019-12-04,6380,180,6500,6510,6350,809945
335,2019-12-05,6200,180,6500,6520,6180,267689
334,2019-12-06,6480,280,6280,6660,6280,759791
333,2019-12-09,6530,50,6480,6600,6460,249674
332,2019-12-10,6530,0,6730,6810,6510,538725
331,2019-12-11,7000,470,6580,7170,6530,1751470
328,2019-12-12,7030,30,6950,7130,6940,451209
327,2019-12-13,7080,50,7150,7150,7000,295949
326,2019-12-16,7330,250,7080,7410,7020,735608
325,2019-12-17,7300,30,7330,7440,7200,415921
324,2019-12-18,7080,220,7230,7240,6970,580723
320,2019-12-19,7150,70,7130,7200,7040,203952
319,2019-12-20,7010,140,7120,7180,7000,267422
318,2019-12-23,6850,160,7010,7050,6750,304898
317,2019-12-24,6840,10,6840,6970,6790,299737
316,2019-12-26,6820,20,6850,6930,6750,303297
313,2019-12-27,7180,360,6870,7200,6850,521234
312,2019-12-30,7210,30,7190,7450,7180,656239
311,2020-01-02,7380,170,7280,7480,7250,484532
310,2020-01-03,7540,160,7460,7800,7440,1285101
309,2020-01-06,7560,20,7430,7610,7340,645819
305,2020-01-07,7450,110,7750,7810,7420,687734
304,2020-01-08,7130,320,7350,7450,7080,745488
303,2020-01-09,7700,570,7380,7740,7370,923244
302,2020-01-10,7800,100,7770,8010,7670,916030
301,2020-01-13,7580,220,7770,7900,7420,1079606
298,2020-01-14,7440,140,7660,7750,7370,957212
297,2020-01-15,7450,10,7440,7460,7330,467551
296,2020-01-16,7400,50,7450,7550,7290,793562
295,2020-01-17,7400,0,7420,7470,7290,576792
294,2020-01-20,7600,200,7370,7820,7300,1413521
290,2020-01-21,7430,170,7570,7610,7350,614693
289,2020-01-22,7610,180,7470,7730,7390,739975
288,2020-01-23,7690,80,7680,7820,7560,722272
287,2020-01-28,7370,320,7100,7500,7050,937162
286,2020-01-29,7500,130,7380,7560,7300,562231
283,2020-01-30,7600,100,7570,7810,7440,1324884
282,2020-01-31,7300,300,7580,7700,7150,702706
281,2020-02-03,7300,0,7110,7360,6840,756433
280,2020-02-04,8360,1060,7600,8540,7520,6027206
279,2020-02-05,8620,260,8700,8790,8310,2850975
275,2020-02-06,8690,70,8400,8760,8380,1348855
274,2020-02-07,9180,490,8710,9480,8630,3118184
273,2020-02-10,9190,10,9120,9330,9050,1129032
272,2020-02-11,10200,1010,9270,10300,9190,4189472
271,2020-02-12,11000,800,10150,11400,10000,3122411
268,2020-02-13,11500,500,11150,11650,10700,1964101
267,2020-02-14,11600,100,11400,11750,11200,1189932
266,2020-02-17,11900,300,11300,12250,11100,1629237
265,2020-02-18,11800,100,11800,12200,11600,1013035
264,2020-02-19,11450,350,12250,12500,11050,2130730
260,2020-02-20,12500,1050,11550,12500,11250,2105924
259,2020-02-21,11550,950,12050,12550,11450,1791486
258,2020-02-24,11700,150,10850,11950,10850,2250460
257,2020-02-25,12200,500,11700,12200,11150,1940345
256,2020-02-26,11050,1150,11800,12100,11050,2973536
253,2020-02-27,9720,1330,10100,10850,9500,4679463
252,2020-02-28,9000,720,9500,9630,8670,2672179
251,2020-03-02,9950,950,9250,10150,8970,2684668
250,2020-03-03,9990,40,10550,10650,9960,1946108
249,2020-03-04,10350,360,9780,10400,9780,1087737
245,2020-03-05,10150,200,10550,10600,9940,1418817
244,2020-03-06,10050,100,9920,10200,9880,1022682
243,2020-03-09,9390,660,9700,9840,9200,1261897
242,2020-03-10,9780,390,9220,9820,8900,2029559
241,2020-03-11,9180,600,9840,9860,9050,1548971
238,2020-03-12,8980,200,8980,9340,8680,1703670
237,2020-03-13,8340,640,8190,8820,7130,2438247
236,2020-03-16,7500,840,8400,8690,7500,1431853
235,2020-03-17,7520,20,6810,7840,6800,1926273
234,2020-03-18,6510,1010,7650,7760,6510,1483849
230,2020-03-19,4810,1700,6710,6780,4560,3279697
229,2020-03-20,5680,870,5250,5680,5050,2218676
228,2020-03-23,5160,520,5070,5580,4970,1855251
227,2020-03-24,5890,730,5450,5940,5320,1724119
226,2020-03-25,6440,550,6200,6490,6070,1771816
223,2020-03-26,6580,140,6490,7070,6210,1912082
222,2020-03-27,6700,120,6990,7080,6300,1259078
221,2020-03-30,6860,160,6400,6920,6340,949150
220,2020-03-31,6890,30,6980,7070,6680,1065323
219,2020-04-01,6740,150,6810,7270,6650,1247470
215,2020-04-02,6880,140,6750,6910,6450,1029819
214,2020-04-03,7070,190,7180,7250,6890,1162681
213,2020-04-06,7460,390,7100,7460,7000,1191012
212,2020-04-07,7780,320,7730,7980,7460,1648856
211,2020-04-08,8550,770,7800,9080,7660,3428044
208,2020-04-09,8820,270,8900,9300,8700,1555101
207,2020-04-10,9260,440,9020,9260,8360,2216529
206,2020-04-13,8760,500,9100,9320,8710,1645119
205,2020-04-14,8970,210,9200,9220,8900,1227764
204,2020-04-16,9760,790,8970,9830,8970,2387334
200,2020-04-17,9980,220,9900,10300,9830,1939631
199,2020-04-20,9840,140,10050,10150,9640,1195622
198,2020-04-21,9670,170,9710,10000,9000,1808438
197,2020-04-22,9670,0,9380,9670,9220,880823
196,2020-04-23,9620,50,9900,9930,9600,754330
193,2020-04-24,9300,320,9420,9600,9250,744419
192,2020-04-27,9350,50,9310,9520,9270,603013
191,2020-04-28,9350,0,9540,9630,9210,821408
190,2020-04-29,9620,270,9430,9620,9320,777603
189,2020-05-04,9490,130,9370,9670,9370,555031
185,2020-05-06,9480,10,9610,9620,9340,473599
184,2020-05-07,9840,360,9510,9870,9460,1073185
183,2020-05-08,10100,260,9910,10100,9740,970698
182,2020-05-11,9970,130,10150,10200,9800,895551
181,2020-05-12,9710,260,9980,9990,9530,1055388
178,2020-05-13,10400,690,9670,10750,9630,4248507
177,2020-05-14,10800,400,10400,11000,9960,3094627
176,2020-05-15,10700,100,11200,11200,10450,1361554
175,2020-05-18,11100,400,10850,11400,10550,1653683
174,2020-05-19,11550,450,11400,11600,11100,1798700
170,2020-05-20,12000,450,11650,12050,11550,1461275
169,2020-05-21,11950,50,12250,12350,11900,2644259
168,2020-05-22,11750,200,12000,12100,11450,1535840
167,2020-05-25,12750,1000,12100,12750,11900,3012054
166,2020-05-26,12950,200,13050,13500,12600,2379865
163,2020-05-27,12600,350,12700,13100,12400,1367133
162,2020-05-28,12050,550,12700,12950,11700,2181877
161,2020-05-29,12100,50,11850,12300,11700,1295240
160,2020-06-01,12500,400,12200,12900,12150,1852852
159,2020-06-02,12400,100,12700,12950,12300,928032
155,2020-06-03,11950,450,12500,12600,11800,1042890
154,2020-06-04,12250,300,12100,12450,11950,814103
153,2020-06-05,12300,50,12300,12400,12000,448219
152,2020-06-08,12450,150,12500,12500,12150,573456
151,2020-06-09,12250,200,12650,12850,12100,1084390
148,2020-06-10,12300,50,12300,12350,12100,475803
147,2020-06-11,12600,300,12500,13250,12350,2309940
146,2020-06-12,12350,250,11800,12350,11700,1679424
145,2020-06-15,10700,1650,12050,12150,10550,1687189
144,2020-06-16,11400,700,11250,11800,11050,1073261
140,2020-06-17,11600,200,11250,11900,11100,983431
139,2020-06-18,11600,0,11600,11750,11400,579966
138,2020-06-19,12000,400,11850,12000,11500,928620
137,2020-06-22,12000,0,11950,12250,11800,730055
136,2020-06-23,12250,250,12100,12600,12000,1537411
133,2020-06-24,12150,100,12400,12400,11950,759931
132,2020-06-25,12300,150,11850,12550,11800,886686
131,2020-06-26,12550,250,12800,13200,12450,2016124
130,2020-06-29,12100,450,12200,12400,11900,813294
129,2020-06-30,11950,150,12350,12350,11800,528969
125,2020-07-01,12000,50,12200,12750,11900,1133792
124,2020-07-02,14000,2000,12550,14200,12350,7800521
123,2020-07-03,13900,100,14050,14500,13700,2777101
122,2020-07-06,14400,500,14050,14650,13700,1910684
121,2020-07-07,14500,100,14700,14950,13900,2125481
118,2020-07-08,14400,100,14400,14600,13950,945927
117,2020-07-09,15000,600,14450,15200,14100,1381547
116,2020-07-10,14350,650,14800,15200,14150,1189688
115,2020-07-13,14450,100,14550,14550,14150,553361
114,2020-07-14,14200,250,14150,14400,13850,757233
110,2020-07-15,13950,250,14350,14400,13750,808218
109,2020-07-16,14000,50,14100,14600,13900,1271471
108,2020-07-17,14000,0,14050,14150,13750,417706
107,2020-07-20,14000,0,14000,14050,13600,505058
106,2020-07-21,14100,100,14300,14350,13900,581934
103,2020-07-22,14500,400,14000,14500,13800,667443
102,2020-07-23,14300,200,14500,14600,14150,746289
101,2020-07-24,13900,400,14050,14250,13500,871351
100,2020-07-27,14200,300,13900,14350,13800,750628
99,2020-07-28,15200,1000,14400,15200,14350,2237247
95,2020-07-29,14750,450,15000,15100,14650,779275
94,2020-07-30,14700,50,14800,14900,14300,529859
93,2020-07-31,14550,150,14750,15300,14550,1127974
92,2020-08-03,15850,1300,14800,16200,14750,2622850
91,2020-08-04,15700,150,16000,16150,15450,964986
88,2020-08-05,16250,550,15750,16450,15700,962901
87,2020-08-06,16250,0,16350,16750,15950,918759
86,2020-08-07,16400,150,16400,16850,16200,1225069
85,2020-08-10,17400,1000,16550,17650,16200,1469059
84,2020-08-11,17100,300,17600,17700,16800,886287
80,2020-08-12,17300,200,16900,17350,16550,729564
79,2020-08-13,17050,250,17600,17850,16700,890263
78,2020-08-14,16650,400,17000,17050,16350,926780
77,2020-08-18,17000,350,17300,17850,16350,2335100
76,2020-08-19,18250,1250,17500,18250,17100,1245851
73,2020-08-20,17650,600,18000,18900,17400,1900315
72,2020-08-21,18500,850,18150,18800,17450,1421668
71,2020-08-24,19050,550,18150,19350,18050,1192788
70,2020-08-25,19200,150,19100,19450,18850,726894
69,2020-08-26,20000,800,19250,20300,19100,1273576
65,2020-08-27,21250,1250,20000,22900,19850,2511617
64,2020-08-28,21500,250,21050,22100,21000,1024545
63,2020-08-31,24100,2600,21950,24400,21500,1908213
62,2020-09-01,23100,1000,23850,24150,22400,1681614
61,2020-09-02,23550,450,23150,23550,21800,1263543
58,2020-09-03,24000,450,23700,25100,23600,1081364
57,2020-09-04,24100,100,22400,24500,22400,1111696
56,2020-09-07,23400,700,24350,24400,23200,768842
55,2020-09-08,23400,0,23400,23650,22250,1032197
54,2020-09-09,23100,300,22700,23400,22650,531759
50,2020-09-10,23350,250,23500,23700,22500,832984
49,2020-09-11,23150,200,23050,23250,22700,324334
48,2020-09-14,26100,2950,23950,26300,23450,3001508
47,2020-09-15,26300,200,26200,26750,25500,1060827
46,2020-09-16,25300,1000,26200,26650,25150,781327
43,2020-09-17,25650,350,24950,26450,24750,977613
42,2020-09-18,25950,300,25750,26350,25350,526314
41,2020-09-21,25400,550,26000,26500,24550,667313
40,2020-09-22,25450,50,25100,26050,24600,965452
39,2020-09-23,23700,1750,26200,26550,23400,1585845
35,2020-09-24,21400,2300,22500,22950,20450,2330805
34,2020-09-25,21300,100,21900,22150,20450,1317964
33,2020-09-28,23350,2050,21700,23350,21500,933883
32,2020-09-29,24050,700,24150,24500,23450,689061
31,2020-10-05,23950,100,23750,24300,23400,424951
28,2020-10-06,23650,300,24150,24300,23500,319710
27,2020-10-07,23150,500,23300,23650,22750,474385
26,2020-10-08,22800,350,23350,23500,22300,590796
25,2020-10-12,22100,700,22800,22900,22000,624488
24,2020-10-13,21800,300,22350,22350,21200,857324
20,2020-10-14,21350,450,21850,22200,21100,568042
19,2020-10-15,20800,550,21400,21500,20200,900760
18,2020-10-16,20550,250,20950,21400,19750,1041630
17,2020-10-19,19100,1450,20600,20600,18900,1250591
16,2020-10-20,20150,1050,19050,20200,18950,1228850
13,2020-10-21,19650,500,20000,20050,19450,476869
12,2020-10-22,18700,950,19700,20100,18450,921814
11,2020-10-23,18750,50,19100,19200,18650,543010
10,2020-10-26,18150,600,18750,18800,17850,870928
9,2020-10-27,18450,300,18000,19000,17950,766857
5,2020-10-28,19250,800,18200,19250,18200,579347
4,2020-10-29,19250,0,18850,19250,18450,587033
3,2020-10-30,19350,100,19200,20300,18850,724712
2,2020-11-02,20200,850,19500,20200,19350,464171
1,2020-11-03,21850,1650,20500,21950,20500,1048805
