,date,close,diff,open,high,low,volume
448,2003-01-16,4550,370,4980,5510,4430,4748983
447,2003-01-17,4300,250,4520,4850,4060,2948540
446,2003-01-20,4810,510,4120,4810,4120,3769388
445,2003-01-21,4420,390,4950,5050,4420,3197126
444,2003-01-22,4110,310,4330,4720,4110,5441832
440,2003-01-23,3940,170,4290,4290,3750,2404782
439,2003-01-24,3720,220,4000,4180,3520,2200902
438,2003-01-27,4160,440,3670,4160,3670,4369559
437,2003-01-28,3900,260,4130,4200,3900,2660688
436,2003-01-29,3600,300,3980,4090,3510,2086236
433,2003-01-30,3600,0,3660,3740,3430,1723034
432,2003-02-03,4030,430,3690,4030,3690,2211902
431,2003-02-04,4200,170,4180,4500,4050,4288980
430,2003-02-05,4350,150,4280,4410,4190,3208883
429,2003-02-06,4380,30,4510,4660,4360,3879709
425,2003-02-07,4170,210,4380,4420,4040,2196056
424,2003-02-10,3670,500,3750,4100,3670,1603190
423,2003-02-11,3580,90,3650,3770,3350,2554144
422,2003-02-12,3470,110,3550,3670,3360,1261455
421,2003-02-13,3530,60,3490,3720,3470,2324204
418,2003-02-14,3450,80,3520,3660,3450,1296181
417,2003-02-17,3510,60,3550,3630,3430,1341062
416,2003-02-18,3680,170,3520,3780,3520,2606124
415,2003-02-19,3490,190,3750,3770,3490,1424702
414,2003-02-20,3460,30,3480,3600,3210,4347642
410,2003-02-21,3460,0,3510,3610,3440,2428121
409,2003-02-24,3450,10,3510,3540,3330,1578150
408,2003-02-25,3310,140,3310,3760,3270,4273432
407,2003-02-26,3180,130,3350,3390,3160,1360413
406,2003-02-27,2920,260,3130,3150,2880,985773
403,2003-02-28,2800,120,2900,2980,2760,863512
402,2003-03-03,3130,330,2900,3130,2900,1960114
401,2003-03-04,2800,330,3170,3200,2760,1914651
400,2003-03-05,2740,60,2710,2850,2570,1456469
399,2003-03-06,2780,40,2760,2890,2630,1866982
395,2003-03-07,2450,330,2600,2690,2450,1267380
394,2003-03-10,2160,290,2220,2350,2160,1014841
393,2003-03-11,1910,250,1950,2020,1910,1729858
392,2003-03-12,2110,200,1900,2120,1890,2265306
391,2003-03-13,1910,200,2120,2140,1860,2950382
388,2003-03-14,1980,70,2070,2090,1960,1441327
387,2003-03-17,1750,230,2020,2030,1750,1239749
386,2003-03-18,1800,50,1850,1880,1770,1814727
385,2003-03-19,1730,70,1790,1850,1720,827425
384,2003-03-20,1930,200,1740,1930,1740,2141417
380,2003-03-21,2160,230,1990,2160,1930,1663971
379,2003-03-24,2200,40,2270,2370,2130,2075684
378,2003-03-25,2060,140,2050,2180,2010,1343689
377,2003-03-26,2300,240,2140,2300,2130,2514517
376,2003-03-27,2400,100,2310,2550,2260,3436971
373,2003-03-28,2400,0,2460,2470,2320,1454623
372,2003-03-31,2120,280,2350,2390,2120,1186036
371,2003-04-01,2230,110,2020,2230,2000,1501921
370,2003-04-02,2380,150,2250,2430,2250,1654258
369,2003-04-03,2660,0,2490,2660,2350,2780874
365,2003-04-04,2630,2630,2850,2930,2630,2770980
364,2003-04-07,2850,220,2820,2920,2730,1849425
363,2003-04-08,2850,0,2730,2890,2720,1639213
362,2003-04-09,2840,10,2870,3070,2770,2812029
361,2003-04-10,2770,70,2860,2940,2750,1175873
358,2003-04-11,2630,140,2750,2810,2580,1443934
357,2003-04-14,2580,50,2620,2710,2550,988521
356,2003-04-15,2710,130,2650,2770,2630,1323643
355,2003-04-16,2730,20,2800,2830,2720,871639
354,2003-04-17,2640,90,2730,2750,2610,925235
350,2003-04-18,2680,40,2720,2720,2620,676583
349,2003-04-21,2690,10,2640,2710,2600,702399
348,2003-04-22,2970,280,2680,3010,2630,5648021
347,2003-04-23,2820,150,3060,3060,2780,1932859
346,2003-04-24,3150,330,2900,3150,2880,2913775
343,2003-04-25,3200,50,3200,3300,2980,3481324
342,2003-04-28,3070,130,3200,3580,3070,5209597
341,2003-04-29,3120,50,3120,3210,2920,2342575
340,2003-04-30,2750,370,3120,3360,2750,3613579
339,2003-05-02,2970,220,2950,3080,2850,4128851
335,2003-05-06,3010,40,2990,3070,2930,1346402
334,2003-05-07,2930,80,3020,3080,2930,1334587
333,2003-05-09,2950,20,2860,2990,2860,859602
332,2003-05-12,3130,180,3000,3160,2990,1780155
331,2003-05-13,3120,10,3150,3370,3070,2487989
328,2003-05-14,3010,110,3120,3200,2950,920393
327,2003-05-15,3010,0,3020,3120,2960,1033848
326,2003-05-16,3230,220,3030,3250,3020,2897136
325,2003-05-19,3230,0,3310,3440,3150,2868978
324,2003-05-20,3280,50,3150,3320,3100,1390808
320,2003-05-21,3610,330,3300,3670,3290,3183539
319,2003-05-22,3600,10,3570,3640,3440,2479170
318,2003-05-23,3700,100,3800,3870,3670,3247532
317,2003-05-26,3750,50,3700,3970,3580,3623742
316,2003-05-27,3570,180,3850,3870,3570,2127313
313,2003-05-28,3270,300,3580,3700,3240,2143479
312,2003-05-29,3360,90,3220,3370,3220,1102326
311,2003-05-30,3320,40,3360,3400,3290,981714
310,2003-06-02,3600,280,3330,3600,3270,2592787
309,2003-06-03,3450,150,3570,3660,3420,1856179
305,2003-06-04,3450,0,3480,3550,3420,1030179
304,2003-06-05,3310,140,3500,3610,3310,1610132
303,2003-06-09,3330,20,3200,3330,3200,874312
302,2003-06-10,3250,80,3350,3400,3220,641757
301,2003-06-11,3130,120,3250,3290,3130,903005
298,2003-06-12,3160,30,3140,3220,3100,634731
297,2003-06-13,3260,100,3170,3310,3170,893135
296,2003-06-16,3260,0,3190,3350,3190,683825
295,2003-06-17,3260,0,3330,3350,3240,692077
294,2003-06-18,3380,120,3320,3580,3270,2519296
290,2003-06-19,3280,100,3420,3420,3270,704786
289,2003-06-20,3130,150,3220,3290,3130,726657
288,2003-06-23,3010,120,3060,3160,3010,498906
287,2003-06-24,2830,180,2990,2990,2800,559361
286,2003-06-25,3160,330,2800,3160,2800,1485199
283,2003-06-26,3100,60,3160,3220,3040,666934
282,2003-06-27,3180,80,3160,3290,3130,704307
281,2003-06-30,3100,80,3120,3380,3100,1795179
280,2003-07-01,3030,70,3080,3140,3000,574220
279,2003-07-02,3020,10,3100,3100,3010,492998
275,2003-07-03,3100,80,3180,3240,3080,1110540
274,2003-07-04,3090,10,3050,3160,3010,428344
273,2003-07-07,3160,70,3100,3170,3060,640426
272,2003-07-08,3220,60,3200,3410,3170,1460482
271,2003-07-09,3250,30,3300,3320,3210,645837
268,2003-07-10,3080,170,3300,3380,2970,1580882
267,2003-07-11,3050,30,3070,3160,3050,532964
266,2003-07-14,3000,50,3030,3090,2970,531696
265,2003-07-15,2900,100,2990,3030,2900,406841
264,2003-07-16,2900,0,2910,2960,2880,297737
260,2003-07-18,2840,60,2790,2900,2750,411917
259,2003-07-21,2760,80,2840,2970,2760,296809
258,2003-07-22,2700,60,2700,2800,2630,355341
257,2003-07-23,2750,50,2670,2915,2670,525442
256,2003-07-24,2430,320,2670,2750,2420,963923
253,2003-07-25,2385,45,2405,2460,2300,225828
252,2003-07-28,2535,150,2405,2555,2405,484621
251,2003-07-29,2495,40,2520,2550,2420,199655
250,2003-07-30,2420,75,2510,2520,2370,224237
249,2003-07-31,2130,290,2390,2460,2130,713251
245,2003-08-01,2135,5,2100,2310,1930,1484121
244,2003-08-04,2155,20,2100,2260,2100,660393
243,2003-08-05,2185,30,2160,2220,2160,297443
242,2003-08-06,2050,135,2200,2200,2030,242016
241,2003-08-07,2115,65,2010,2170,2010,310644
238,2003-08-08,2090,25,2090,2145,2075,166713
237,2003-08-11,2340,250,2100,2340,2050,979728
236,2003-08-12,2230,110,2370,2380,2225,604577
235,2003-08-13,2290,60,2270,2370,2170,720539
234,2003-08-14,2150,140,2240,2280,2140,451128
230,2003-08-18,2055,95,2150,2180,2055,393545
229,2003-08-19,2000,55,2055,2075,1990,367947
228,2003-08-20,1990,10,2050,2050,1990,259250
227,2003-08-21,2005,15,1900,2070,1900,459169
226,2003-08-22,2245,240,2180,2245,2055,698084
223,2003-08-25,2360,115,2245,2435,2170,771965
222,2003-08-26,2205,155,2450,2470,2205,795244
221,2003-08-27,2215,10,2160,2260,2160,239182
220,2003-08-28,2030,185,2215,2220,2010,355984
219,2003-08-29,2070,40,2030,2120,2000,203208
215,2003-09-01,2135,65,2070,2210,2070,211769
214,2003-09-02,2075,60,2145,2170,2060,283174
213,2003-09-03,2060,15,2130,2290,1910,1300566
212,2003-09-04,1990,70,2020,2035,1965,266178
211,2003-09-05,1870,120,1930,1970,1855,462756
208,2003-09-08,1760,110,1800,1990,1725,596194
207,2003-09-09,1775,15,1710,1810,1710,269409
206,2003-09-15,1830,55,1815,1900,1800,407476
205,2003-09-16,1800,30,1800,1820,1775,324974
204,2003-09-17,1800,0,1805,1845,1780,237826
200,2003-09-18,1860,60,1815,1875,1800,496796
199,2003-09-19,1800,60,1895,1950,1800,672640
198,2003-09-22,1585,215,1760,1800,1585,614055
197,2003-09-23,1395,190,1410,1585,1395,710002
196,2003-09-24,1430,35,1310,1500,1290,1992826
193,2003-09-25,1300,130,1330,1410,1300,654958
192,2003-09-26,1405,105,1310,1440,1290,1638393
191,2003-09-29,1395,10,1365,1410,1330,598700
190,2003-09-30,1390,5,1435,1480,1385,726619
189,2003-10-01,1430,40,1350,1440,1345,539767
185,2003-10-02,1390,40,1445,1450,1390,516225
184,2003-10-06,1320,70,1390,1400,1315,602384
183,2003-10-07,1475,155,1360,1475,1350,1023696
182,2003-10-08,1410,65,1490,1620,1410,2635468
181,2003-10-09,1405,5,1445,1475,1375,829031
178,2003-10-10,1375,30,1425,1435,1355,843974
177,2003-10-13,1310,65,1350,1370,1305,1294758
176,2003-10-14,1275,35,1315,1335,1265,1065640
175,2003-10-15,1300,25,1275,1325,1275,673334
174,2003-10-16,1270,30,1300,1330,1270,528715
170,2003-10-17,1230,40,1265,1295,1220,672058
169,2003-10-20,1185,45,1190,1220,1170,437023
168,2003-10-21,1130,55,1180,1220,1120,991193
167,2003-10-22,1160,30,1135,1160,1125,550215
166,2003-10-23,1135,25,1160,1235,1125,767928
163,2003-10-24,1120,15,1135,1165,1115,539279
162,2003-10-27,1250,130,1120,1250,1120,1288135
161,2003-10-28,1250,0,1280,1335,1200,2381814
160,2003-10-29,1400,150,1280,1400,1250,3193987
159,2003-10-30,1460,60,1380,1545,1360,3072683
155,2003-10-31,1460,0,1460,1505,1365,1608444
154,2003-11-03,1430,30,1470,1490,1395,1026931
153,2003-11-04,1340,90,1470,1510,1340,1524552
152,2003-11-05,1180,160,1330,1370,1180,1463004
151,2003-11-06,1280,100,1170,1295,1135,1226697
148,2003-11-07,1250,30,1210,1265,1210,552192
147,2003-11-10,1380,130,1220,1395,1220,1156920
146,2003-11-11,1545,165,1390,1545,1320,1988564
145,2003-11-12,1555,10,1570,1615,1485,2073163
144,2003-11-13,1495,60,1600,1665,1445,2528710
140,2003-11-14,1335,160,1450,1485,1335,1249412
139,2003-11-17,1305,30,1330,1490,1290,2631702
138,2003-11-18,1310,5,1340,1355,1300,1044914
137,2003-11-19,1200,110,1315,1375,1165,1740233
136,2003-11-20,1260,60,1200,1285,1200,990743
133,2003-11-21,1250,10,1290,1325,1230,898245
132,2003-11-24,1240,10,1220,1280,1210,653523
131,2003-11-25,1310,70,1275,1340,1250,1063377
130,2003-11-26,1365,55,1330,1415,1330,2020843
129,2003-11-27,1365,0,1390,1400,1210,811778
125,2003-11-28,1350,15,1380,1420,1345,1402995
124,2003-12-01,1340,10,1350,1380,1295,880212
123,2003-12-02,1400,60,1380,1440,1340,1609381
122,2003-12-03,1320,80,1440,1480,1320,2799593
121,2003-12-04,1285,35,1345,1370,1275,1933525
118,2003-12-05,1325,40,1285,1325,1275,2085323
117,2003-12-08,1365,40,1340,1385,1325,1479029
116,2003-12-09,1350,15,1400,1435,1325,1550934
115,2003-12-10,1445,95,1350,1445,1345,1851001
114,2003-12-11,1400,45,1470,1525,1400,2101517
110,2003-12-12,1510,110,1410,1520,1400,2020695
109,2003-12-15,1600,90,1530,1685,1505,4251828
108,2003-12-16,1500,100,1575,1620,1410,2089856
107,2003-12-17,1445,55,1530,1540,1430,2121193
106,2003-12-18,1450,5,1440,1465,1385,1423443
103,2003-12-19,1400,50,1480,1495,1390,2104016
102,2003-12-22,1440,40,1400,1565,1380,5332083
101,2003-12-23,1335,105,1520,1535,1275,3426769
100,2003-12-24,1270,65,1260,1350,1250,1632344
99,2003-12-26,1340,70,1260,1390,1260,1282773
95,2003-12-29,1360,20,1315,1390,1315,806976
94,2003-12-30,1350,10,1370,1400,1350,869685
93,2004-01-02,1450,100,1360,1455,1355,1366579
92,2004-01-05,1485,35,1460,1540,1435,2260938
91,2004-01-06,1400,85,1500,1510,1375,1422238
88,2004-01-07,1450,50,1425,1460,1400,1779351
87,2004-01-08,1380,70,1470,1480,1360,1775482
86,2004-01-09,1370,10,1380,1410,1340,1147357
85,2004-01-12,1390,20,1370,1400,1355,734713
84,2004-01-13,1360,30,1400,1405,1350,998534
80,2004-01-14,1360,0,1340,1420,1340,1175968
79,2004-01-15,1460,100,1380,1520,1365,3052930
78,2004-01-16,1480,20,1455,1500,1420,1995040
77,2004-01-19,1455,25,1515,1550,1410,3519249
76,2004-01-20,1405,50,1460,1470,1380,1296539
73,2004-01-26,1430,25,1400,1430,1395,1586729
72,2004-01-27,1260,170,1435,1450,1260,1338840
71,2004-01-28,1160,100,1140,1260,1110,4211153
70,2004-01-29,1160,0,1155,1215,1150,1489746
69,2004-01-30,1125,35,1160,1170,1125,1260964
65,2004-02-02,1070,55,1105,1150,1025,2823244
64,2004-02-03,1195,125,1075,1195,1075,2853246
63,2004-02-04,1135,60,1225,1240,1135,1882561
62,2004-02-05,1100,35,1120,1155,1080,1673238
61,2004-02-06,1170,70,1105,1180,1075,1553405
58,2004-02-09,1135,35,1155,1185,1090,1702542
57,2004-02-10,1085,50,1120,1140,1055,1203019
56,2004-02-11,1100,15,1080,1125,1080,1130240
55,2004-02-12,1115,15,1100,1215,1095,2471301
54,2004-02-13,1110,5,1140,1155,1110,961171
50,2004-02-16,1115,5,1115,1130,1100,1032535
49,2004-02-17,1100,15,1130,1135,1080,1260149
48,2004-02-18,970,130,1060,1080,970,823600
47,2004-02-19,855,115,855,855,855,163041
46,2004-02-20,955,100,855,955,855,3591327
43,2004-02-23,1065,110,955,1065,955,3849298
42,2004-02-24,1020,45,1070,1180,1000,4069550
41,2004-02-25,900,120,1020,1140,900,12501687
40,2004-02-26,795,105,890,905,795,4159364
39,2004-02-27,735,60,810,835,725,2969491
35,2004-03-02,750,15,740,785,740,2835926
34,2004-03-03,660,90,750,765,660,2975324
33,2004-03-04,640,20,660,675,615,2915568
32,2004-03-05,605,35,640,645,605,1783301
31,2004-03-08,625,20,605,650,600,3156281
28,2004-03-09,625,0,625,640,615,1638104
27,2004-03-10,550,75,605,605,550,1387025
26,2004-03-11,485,65,505,535,485,3964233
25,2004-03-12,470,15,490,520,430,3992238
24,2004-03-15,470,0,470,495,455,3321206
20,2004-03-16,505,35,470,525,470,3952141
19,2004-03-17,505,0,510,540,485,2786171
18,2004-03-18,505,0,510,520,495,2140702
17,2004-03-19,510,5,510,525,505,1946171
16,2004-03-22,495,15,520,525,495,1528150
13,2004-03-23,495,0,495,495,495,0
12,2004-03-24,495,0,495,495,495,0
11,2004-03-25,495,0,495,495,495,0
10,2004-03-26,40,455,40,60,40,4355776
9,2004-03-29,50,10,50,55,45,2052648
5,2004-03-30,50,0,45,50,45,831807
4,2004-03-31,55,5,50,60,50,2418784
3,2004-04-01,70,15,60,70,60,1275935
2,2004-04-02,65,5,75,80,60,1872709
