,date,close,diff,open,high,low,volume
448,2019-08-16,4505,115,4355,4660,4285,2652557
447,2019-08-19,4320,185,4525,4585,4300,1581288
446,2019-08-20,4400,80,4330,4420,4330,1149754
445,2019-08-21,4465,65,4400,4580,4360,2437173
444,2019-08-22,4320,145,4510,4540,4315,2373475
440,2019-08-23,4315,5,4315,4395,4235,1808890
439,2019-08-26,4045,270,4145,4235,4035,1508312
438,2019-08-27,4145,100,4105,4195,4050,1206788
437,2019-08-28,4200,55,4125,4255,4075,1496459
436,2019-08-29,4115,85,4205,4335,4090,1875028
433,2019-08-30,4310,195,4160,4310,4150,1969867
432,2019-09-02,4335,25,4260,4370,4230,1245281
431,2019-09-03,4365,30,4350,4450,4330,1661536
430,2019-09-04,4340,25,4340,4430,4320,1263163
429,2019-09-05,4350,10,4340,4390,4325,1114208
425,2019-09-06,4280,70,4395,4410,4255,1253356
424,2019-09-09,4085,195,4210,4325,4085,1646657
423,2019-09-10,4080,5,4135,4145,4070,914923
422,2019-09-11,4115,35,4090,4245,4055,2160848
421,2019-09-16,4315,200,4120,4320,4105,1703187
418,2019-09-17,4435,120,4300,4535,4225,3454957
417,2019-09-18,4390,45,4435,4440,4345,1108273
416,2019-09-19,4300,90,4400,4515,4300,2600914
415,2019-09-20,4245,55,4290,4335,4230,1074564
414,2019-09-23,4125,120,4250,4265,4090,1482521
410,2019-09-24,4125,0,4095,4185,4095,1209655
409,2019-09-25,3840,285,4115,4145,3825,3562278
408,2019-09-26,3745,95,3885,3950,3690,2046854
407,2019-09-27,3755,10,3725,3805,3720,1210532
406,2019-09-30,3455,300,3755,3795,3430,3120809
403,2019-10-01,3840,385,3475,4035,3460,12422595
402,2019-10-02,3885,45,3750,3965,3720,2914880
401,2019-10-04,4490,605,3875,4550,3845,24115892
400,2019-10-07,4445,45,4405,4700,4340,15707093
399,2019-10-08,4550,105,4560,4970,4400,25469253
395,2019-10-10,4475,75,4455,4545,4330,6619227
394,2019-10-11,4200,275,4430,4465,4165,6040420
393,2019-10-14,5460,1260,4780,5460,4570,49134969
392,2019-10-15,6590,1130,6160,7090,5770,124186202
391,2019-10-16,6590,0,6520,6780,6130,38298855
388,2019-10-17,6170,420,6430,6560,6160,14723340
387,2019-10-18,6590,420,6070,7720,5960,120468477
386,2019-10-21,7050,460,6790,7490,6740,55635392
385,2019-10-22,6850,200,7250,7640,6710,44658603
384,2019-10-23,7260,410,7150,7370,7040,29698550
380,2019-10-24,6770,490,7210,7280,6510,14136796
379,2019-10-25,6840,70,6720,7250,6630,19149001
378,2019-10-28,6200,640,6810,7060,6200,11165426
377,2019-10-29,6270,70,6350,6480,6040,10567765
376,2019-10-30,6020,250,6350,6400,5990,7921411
373,2019-10-31,6990,970,6050,7310,5890,64176728
372,2019-11-01,7010,20,7080,7230,6820,18368452
371,2019-11-04,9110,2100,7240,9110,7190,82940959
370,2019-11-05,8950,160,9740,10100,8950,62400351
369,2019-11-06,9250,300,9110,9560,8700,39550507
365,2019-11-07,9250,0,9330,9500,8910,24835468
364,2019-11-08,9070,180,9350,9790,8960,24184006
363,2019-11-11,8560,510,9190,9340,8500,14160124
362,2019-11-12,8320,240,8530,8710,8160,11209202
361,2019-11-13,8410,90,8370,8740,7970,21110908
358,2019-11-14,10400,1990,8950,10850,8930,69503604
357,2019-11-15,10250,150,10600,10700,9480,45632710
356,2019-11-18,9890,360,10050,10350,9790,14890705
355,2019-11-19,9590,300,9720,10900,9550,28599989
354,2019-11-20,9910,320,10200,10450,9550,15236813
350,2019-11-21,9210,700,9800,9890,9180,9553709
349,2019-11-22,9200,10,9110,9600,8870,11324854
348,2019-11-25,9660,460,9490,10150,9270,24131317
347,2019-11-26,9330,330,9820,9830,9280,9132185
346,2019-11-27,9540,210,9380,10050,9250,20079439
343,2019-11-28,9450,90,9980,10150,9400,12327743
342,2019-11-29,8820,630,9440,9580,8820,8671054
341,2019-12-02,8600,220,8830,9100,8410,12669331
340,2019-12-03,8270,330,8800,9480,8270,20061097
339,2019-12-04,8470,200,8270,8500,8030,10451626
335,2019-12-05,7860,610,8490,8550,7860,9144540
334,2019-12-06,7940,80,7850,8060,7660,8037165
333,2019-12-09,7740,200,7930,8050,7740,6935785
332,2019-12-10,7790,50,7450,7920,7330,8375287
331,2019-12-11,7460,330,7730,7870,7450,5599402
328,2019-12-12,7510,50,7460,7710,7430,5851827
327,2019-12-13,7600,90,7870,7880,7540,4989519
326,2019-12-16,7870,270,7580,8300,7560,13805409
325,2019-12-17,7780,90,7960,8070,7720,5254223
324,2019-12-18,7590,190,7800,7930,7590,4441318
320,2019-12-19,7400,190,7600,7640,7300,4265021
319,2019-12-20,7440,40,7400,7550,7380,4952964
318,2019-12-23,7450,10,7840,7920,7440,8316238
317,2019-12-24,6960,490,7450,7500,6960,5076183
316,2019-12-26,7100,140,6930,7320,6930,4746028
313,2019-12-27,7380,280,7110,7450,7100,4122480
312,2019-12-30,7590,210,7410,7640,7320,3364000
311,2020-01-02,7660,70,7680,7730,7560,2407556
310,2020-01-03,7730,70,7740,7890,7660,3758615
309,2020-01-06,7610,120,8440,8540,7610,10926934
305,2020-01-07,7520,90,7660,7740,7360,4499513
304,2020-01-08,6910,610,7430,7560,6890,6865221
303,2020-01-09,7370,460,7110,7500,7110,5285781
302,2020-01-10,7500,130,7410,7600,7290,4612257
301,2020-01-13,7550,50,7490,7620,7440,2870242
298,2020-01-14,7310,240,7600,7610,7300,3572395
297,2020-01-15,7280,30,7370,7470,7260,3034170
296,2020-01-16,7150,130,7260,7340,7100,2918057
295,2020-01-17,7240,90,7150,7330,7080,3178580
294,2020-01-20,7040,200,7230,7290,7000,2661619
290,2020-01-21,6870,170,7020,7100,6850,2474619
289,2020-01-22,6840,30,6800,6980,6790,1766877
288,2020-01-23,6690,150,6840,6870,6620,2464687
287,2020-01-28,6690,0,6490,6960,6390,4725517
286,2020-01-29,6580,110,6920,6950,6580,3267802
283,2020-01-30,6270,310,6600,6640,6170,3678850
282,2020-01-31,6240,30,6270,6980,6240,9009210
281,2020-02-03,6350,110,6150,6370,6010,3680814
280,2020-02-04,6620,270,6380,6660,6300,3125355
279,2020-02-05,6650,30,6700,6820,6620,2640785
275,2020-02-06,6750,100,6710,6820,6690,1868337
274,2020-02-07,6680,70,6810,6920,6570,2410993
273,2020-02-10,6730,50,6630,6750,6530,1454177
272,2020-02-11,6730,0,6730,6810,6700,1269062
271,2020-02-12,6710,20,6740,6920,6700,2505681
268,2020-02-13,6590,120,6720,6790,6540,1699030
267,2020-02-14,6530,60,6550,6690,6460,1651881
266,2020-02-17,6390,140,6510,6550,6370,1473654
265,2020-02-18,6230,160,6370,6460,6180,1729081
264,2020-02-19,6260,30,6230,6330,6090,1684984
260,2020-02-20,6040,220,6260,6300,6020,2337992
259,2020-02-21,5870,170,5950,6180,5850,2721112
258,2020-02-24,5530,340,5670,5730,5530,3149707
257,2020-02-25,5800,270,5460,6170,5460,6904637
256,2020-02-26,6030,230,5750,6090,5710,4185115
253,2020-02-27,5580,450,6100,6140,5540,3523178
252,2020-02-28,5240,340,5470,5830,5240,4197359
251,2020-03-02,5610,370,5240,5700,5210,3148394
250,2020-03-03,5730,120,5700,5970,5660,2840394
249,2020-03-04,5910,180,5660,5930,5660,2003608
245,2020-03-05,5830,80,6040,6040,5770,1827717
244,2020-03-06,5710,120,5790,5880,5640,1184840
243,2020-03-09,5340,370,5570,5700,5300,1697260
242,2020-03-10,5390,50,5280,5430,5180,2129257
241,2020-03-11,5090,300,5390,5480,5030,1907702
238,2020-03-12,4720,370,5050,5120,4680,3129600
237,2020-03-13,4125,595,4255,4485,3845,6266492
236,2020-03-16,4080,45,4500,4640,4080,5467240
235,2020-03-17,4055,25,3800,4145,3780,4024303
234,2020-03-18,3750,305,4060,4180,3750,3856139
230,2020-03-19,2950,800,3845,3920,2865,5924285
229,2020-03-20,3135,185,3005,3220,2985,5659941
228,2020-03-23,2925,210,2900,3065,2855,3146234
227,2020-03-24,3170,245,3055,3250,2990,5265401
226,2020-03-25,3430,260,3440,3490,3310,5192821
223,2020-03-26,4030,600,3500,4265,3390,11317666
222,2020-03-27,4015,15,4215,4340,3795,8024068
221,2020-03-30,4165,150,3850,4180,3810,3421437
220,2020-03-31,4835,670,4340,5220,4235,15055145
219,2020-04-01,4665,170,4890,5050,4630,5517211
215,2020-04-02,4735,70,4700,4780,4480,2979489
214,2020-04-03,4720,15,4760,4855,4630,2843712
213,2020-04-06,4935,215,4800,5100,4750,5058943
212,2020-04-07,4985,50,5060,5140,4880,3282064
211,2020-04-08,5060,75,4995,5390,4885,5382393
208,2020-04-09,5110,50,5190,5400,5100,4671002
207,2020-04-10,5010,100,5220,5250,4720,3634322
206,2020-04-13,5570,560,5030,6160,4995,34137882
205,2020-04-14,5700,130,5640,6040,5610,10157529
204,2020-04-16,5730,30,5760,5830,5500,3306395
200,2020-04-17,6050,320,5780,6400,5680,19206775
199,2020-04-20,6010,40,6110,6270,5900,4993130
198,2020-04-21,5900,110,5970,6120,5380,5210163
197,2020-04-22,5760,140,5710,5800,5620,2482425
196,2020-04-23,5820,60,5840,5990,5790,2783729
193,2020-04-24,5540,280,5750,5810,5450,3177390
192,2020-04-27,5590,50,5600,5820,5540,3010913
191,2020-04-28,5380,210,5680,5680,5340,4362800
190,2020-04-29,5130,250,5280,5320,5010,6440981
189,2020-05-04,5130,0,5020,5250,5020,2387670
185,2020-05-06,5130,0,5200,5210,5040,1835883
184,2020-05-07,5220,90,5130,5410,5110,4095575
183,2020-05-08,5210,10,5240,5310,5170,1602662
182,2020-05-11,5150,60,5260,5280,5130,1803892
181,2020-05-12,5030,120,5180,5220,4990,2169092
178,2020-05-13,5090,60,4980,5150,4930,1703634
177,2020-05-14,5000,90,5090,5150,4990,1605316
176,2020-05-15,5000,0,5060,5080,4985,1580341
175,2020-05-18,4820,180,4935,4965,4780,2634277
174,2020-05-19,4995,175,4885,5150,4875,4003493
170,2020-05-20,4940,55,4920,4965,4880,2094305
169,2020-05-21,4920,20,4940,5060,4920,1919448
168,2020-05-22,4780,140,4940,5020,4760,2567862
167,2020-05-25,4815,35,4780,4910,4780,1467436
166,2020-05-26,5000,185,4850,5020,4830,2822766
163,2020-05-27,4895,105,5040,5050,4870,2091907
162,2020-05-28,5010,115,4960,5330,4885,8685585
161,2020-05-29,4910,100,4980,5040,4890,1866117
160,2020-06-01,5100,190,4950,5180,4935,3514288
159,2020-06-02,5190,90,5150,5240,5020,3889348
155,2020-06-03,5030,160,5270,5300,5030,3258444
154,2020-06-04,5000,30,5080,5160,4995,1907516
153,2020-06-05,5090,90,4985,5130,4935,2033845
152,2020-06-08,5180,90,5150,5260,5060,3173607
151,2020-06-09,5050,130,5190,5250,5030,2576860
148,2020-06-10,4965,85,5060,5060,4940,1913661
147,2020-06-11,5060,95,4975,5340,4890,8200546
146,2020-06-12,4895,165,4840,4935,4790,2699670
145,2020-06-15,4420,475,4915,4935,4405,3340939
144,2020-06-16,4605,185,4520,4635,4515,1848181
140,2020-06-17,4495,110,4530,4645,4440,1707870
139,2020-06-18,4485,10,4595,4595,4450,1050445
138,2020-06-19,4635,150,4535,4920,4520,5173219
137,2020-06-22,4540,95,4600,4750,4535,1382486
136,2020-06-23,4465,75,4615,4615,4420,1528840
133,2020-06-24,4480,15,4470,4570,4455,1513379
132,2020-06-25,4400,80,4450,4505,4385,1239122
131,2020-06-26,4335,65,4450,4460,4335,1036996
130,2020-06-29,4900,565,4290,5110,4120,18346163
129,2020-06-30,4435,465,4660,4690,4395,6108940
125,2020-07-01,4285,150,4440,4510,4285,2823068
124,2020-07-02,4295,10,4300,4375,4295,1217315
123,2020-07-03,4345,50,4315,4395,4275,1319731
122,2020-07-06,4355,10,4380,4430,4325,1190328
121,2020-07-07,4265,90,4370,4415,4250,1388235
118,2020-07-08,4255,10,4270,4345,4250,1301103
117,2020-07-09,4365,110,4330,4755,4300,8768125
116,2020-07-10,4290,75,4345,4370,4255,1603774
115,2020-07-13,4320,30,4300,4360,4300,1110379
114,2020-07-14,4360,40,4305,4415,4275,1846664
110,2020-07-15,4370,10,4395,4445,4350,1466964
109,2020-07-16,4370,0,4370,4420,4345,1073233
108,2020-07-17,4560,190,4410,4775,4405,10388280
107,2020-07-20,4690,130,4590,4710,4575,2878905
106,2020-07-21,4700,10,4795,4895,4655,4658834
103,2020-07-22,4595,105,4705,4720,4580,1355187
102,2020-07-23,4530,65,4595,4705,4510,1697130
101,2020-07-24,4565,35,4480,4740,4480,1974977
100,2020-07-27,4480,85,4570,4650,4475,1265954
99,2020-07-28,4480,0,4485,4540,4460,1020652
95,2020-07-29,4390,90,4480,4490,4385,1190425
94,2020-07-30,4365,25,4400,4475,4340,1205383
93,2020-07-31,4320,45,4345,4395,4320,1116010
92,2020-08-03,4215,105,4260,4310,4195,1859100
91,2020-08-04,4235,20,4195,4295,4195,1191915
88,2020-08-05,4270,35,4255,4350,4240,1857808
87,2020-08-06,4330,60,4300,4405,4270,1918354
86,2020-08-07,3610,720,3630,3870,3575,11559459
85,2020-08-10,3390,220,3565,3580,3340,4753088
84,2020-08-11,3410,20,3425,3555,3395,3974661
80,2020-08-12,3420,10,3475,3540,3410,2099118
79,2020-08-13,3525,105,3520,3575,3460,2596930
78,2020-08-14,3395,130,3500,3520,3380,1401716
77,2020-08-18,3180,215,3420,3420,3170,1968497
76,2020-08-19,3215,35,3180,3295,3180,981648
73,2020-08-20,3080,135,3175,3235,3045,1751016
72,2020-08-21,3155,75,3090,3245,3090,1432097
71,2020-08-24,3165,10,3160,3205,3045,863390
70,2020-08-25,3355,190,3195,3735,3185,11258668
69,2020-08-26,3320,35,3360,3380,3280,1660599
65,2020-08-27,3420,100,3360,3770,3250,12039371
64,2020-08-28,3450,30,3460,3565,3405,1996076
63,2020-08-31,3570,120,3490,3605,3430,2309649
62,2020-09-01,3565,5,3625,3710,3565,2582774
61,2020-09-02,3575,10,3600,3640,3560,1153832
58,2020-09-03,3745,170,3600,3860,3590,7098488
57,2020-09-04,3640,105,3630,3675,3580,1685579
56,2020-09-07,3790,150,3640,3830,3635,3405654
55,2020-09-08,3670,120,3780,3780,3660,1614568
54,2020-09-09,3645,25,3555,3900,3550,4144429
50,2020-09-10,3710,65,3685,3860,3645,2079431
49,2020-09-11,3725,15,3865,3895,3715,3029527
48,2020-09-14,3765,40,3735,3815,3705,1601130
47,2020-09-15,3760,5,3780,3850,3760,1956887
46,2020-09-16,3755,5,3790,3900,3735,2112989
43,2020-09-17,3670,85,3760,3775,3665,1276123
42,2020-09-18,3710,40,3630,3745,3625,1190910
41,2020-09-21,3590,120,3700,3740,3590,1028953
40,2020-09-22,3460,130,3555,3620,3445,1064209
39,2020-09-23,3430,30,3465,3540,3335,847046
35,2020-09-24,3285,145,3350,3450,3285,1045353
34,2020-09-25,3255,30,3315,3365,3245,905123
33,2020-09-28,3380,125,3220,3650,3220,2452109
32,2020-09-29,3480,100,3445,3545,3370,1392194
31,2020-10-05,3460,20,3480,3560,3460,780051
28,2020-10-06,3515,55,3470,3695,3465,2376783
27,2020-10-07,3545,30,3470,3570,3470,751154
26,2020-10-08,3555,10,3590,3720,3535,4135189
25,2020-10-12,3590,35,3555,3590,3505,795180
24,2020-10-13,3485,105,3595,3620,3485,1030624
20,2020-10-14,3450,35,3460,3510,3445,751325
19,2020-10-15,3340,110,3435,3450,3330,974172
18,2020-10-16,3305,35,3345,3415,3280,707619
17,2020-10-19,3260,45,3335,3345,3250,505767
16,2020-10-20,3290,30,3225,3350,3220,541582
13,2020-10-21,3295,5,3290,3320,3275,434005
12,2020-10-22,3250,45,3255,3305,3250,491058
11,2020-10-23,3255,5,3250,3320,3250,651260
10,2020-10-26,3065,190,3250,3265,3065,1105545
9,2020-10-27,3000,65,3030,3120,2980,806411
5,2020-10-28,3035,35,3000,3060,2975,1092012
4,2020-10-29,3005,30,2975,3055,2965,727316
3,2020-10-30,2975,30,3015,3050,2975,557049
2,2020-11-02,3000,25,2990,3020,2975,446531
1,2020-11-03,3140,140,3010,3145,3010,951701
