,date,close,diff,open,high,low,volume
448,2016-05-16,1995,0,1980,2005,1980,10203
447,2016-05-17,1985,10,1980,1990,1980,1100
446,2016-05-18,1980,5,1985,2010,1960,10580
445,2016-05-19,1990,10,1995,1995,1970,4059
444,2016-05-20,1985,5,1990,1995,1985,8781
440,2016-05-23,1990,5,2005,2005,1980,1171
439,2016-05-24,1990,0,1995,1995,1980,695
438,2016-05-25,1985,5,1995,1995,1980,1687
437,2016-05-26,1985,0,1995,1995,1980,1293
436,2016-05-27,1990,5,1995,1995,1955,9359
433,2016-05-30,2000,10,1990,2000,1960,11080
432,2016-05-31,1995,5,1995,1995,1995,1
431,2016-06-01,1980,15,1950,1980,1950,18906
430,2016-06-02,2035,55,1980,2035,1980,20981
429,2016-06-03,2005,30,2035,2035,1955,35360
425,2016-06-07,2005,0,2025,2025,1995,11726
424,2016-06-08,2000,5,2030,2030,1990,29802
423,2016-06-09,1995,5,2005,2005,1960,20361
422,2016-06-10,1990,5,2000,2000,1990,190
421,2016-06-13,1990,0,1955,1995,1950,11626
418,2016-06-14,1965,25,1990,1995,1960,4239
417,2016-06-15,1980,15,1985,1985,1965,574
416,2016-06-16,1980,0,1960,2150,1960,40477
415,2016-06-17,2000,20,2000,2080,1985,23737
414,2016-06-20,2020,20,2080,2080,2005,9363
410,2016-06-21,1970,50,2030,2030,1970,12582
409,2016-06-22,1970,0,1990,1990,1970,2112
408,2016-06-23,1990,20,1985,1990,1985,3426
407,2016-06-24,1985,5,1975,1990,1975,8324
406,2016-06-27,2025,40,1980,2025,1980,3258
403,2016-06-28,2020,5,2020,2020,2020,0
402,2016-06-29,2015,5,1985,2015,1985,770
401,2016-06-30,2070,55,2015,2095,2010,118776
400,2016-07-01,2500,430,2240,2690,2120,3669289
399,2016-07-04,2125,375,2350,2370,2105,1057497
395,2016-07-05,2120,5,2145,2165,2080,317623
394,2016-07-06,2075,45,2085,2110,2045,165992
393,2016-07-07,2500,425,2095,2645,2070,3090438
392,2016-07-08,2535,35,2340,2925,2300,2169940
391,2016-07-11,3290,755,2580,3295,2500,4299051
388,2016-07-12,3030,260,3330,3750,2850,4919047
387,2016-07-13,2700,330,2940,3115,2700,1294500
386,2016-07-14,2505,195,2700,2720,2505,908492
385,2016-07-15,2400,105,2515,2645,2380,574630
384,2016-07-18,2375,25,2410,2480,2330,289604
380,2016-07-19,2340,35,2380,2465,2335,295251
379,2016-07-20,2295,45,2345,2410,2295,231706
378,2016-07-21,2230,65,2260,2290,2210,171069
377,2016-07-22,2210,20,2200,2245,2160,189211
376,2016-07-25,2215,5,2215,2275,2200,77540
373,2016-07-26,2215,0,2200,2245,2200,74765
372,2016-07-27,2185,30,2215,2245,2175,85184
371,2016-07-28,2200,15,2180,2215,2170,44993
370,2016-07-29,2195,5,2200,2200,2150,67264
369,2016-08-01,2185,10,2175,2220,2150,62751
365,2016-08-02,2140,45,2180,2195,2135,100734
364,2016-08-03,2125,15,2140,2155,2125,62330
363,2016-08-04,2130,5,2130,2155,2100,69349
362,2016-08-05,2130,0,2110,2135,2090,37990
361,2016-08-08,2135,5,2145,2160,2115,18928
358,2016-08-09,2115,20,2130,2130,2090,44129
357,2016-08-10,2185,70,2115,2185,2115,53126
356,2016-08-11,2170,15,2205,2205,2145,24984
355,2016-08-12,2165,5,2185,2185,2145,16083
354,2016-08-16,2130,35,2165,2165,2105,39244
350,2016-08-17,2110,20,2140,2140,2085,43927
349,2016-08-18,2105,5,2110,2110,2080,34092
348,2016-08-19,2090,15,2105,2105,2080,12148
347,2016-08-22,2380,290,2080,2490,2080,1629892
346,2016-08-23,2305,75,2335,2435,2225,364941
343,2016-08-24,2280,25,2390,2470,2275,453004
342,2016-08-25,2445,165,2280,2840,2230,3676337
341,2016-08-26,2160,285,2365,2395,2140,782362
340,2016-08-29,2115,45,2160,2215,2115,260826
339,2016-08-30,2120,5,2100,2150,2100,178454
335,2016-08-31,2115,5,2105,2175,2100,121875
334,2016-09-01,2235,120,2115,2535,2105,2367057
333,2016-09-02,2215,20,2210,2285,2180,213418
332,2016-09-05,2290,75,2240,2465,2170,637773
331,2016-09-06,2210,80,2260,2305,2200,145275
328,2016-09-07,2325,115,2240,2615,2210,2599982
327,2016-09-08,2355,30,2350,2395,2245,551423
326,2016-09-09,2315,40,2395,2410,2300,233353
325,2016-09-12,2215,100,2255,2295,2205,254642
324,2016-09-13,2210,5,2220,2330,2200,170554
320,2016-09-19,2205,5,2210,2245,2175,96041
319,2016-09-20,2165,40,2200,2245,2160,94135
318,2016-09-21,2230,65,2195,2280,2165,142024
317,2016-09-22,2250,20,2210,2270,2205,49740
316,2016-09-23,2225,25,2255,2265,2180,49177
313,2016-09-26,2190,35,2205,2225,2180,29487
312,2016-09-27,2175,15,2195,2205,2160,50953
311,2016-09-28,2190,15,2155,2255,2155,75007
310,2016-09-29,2205,15,2185,2230,2185,8521
309,2016-09-30,2210,5,2230,2230,2190,42654
305,2016-10-04,2210,0,2225,2235,2180,37582
304,2016-10-05,2210,0,2215,2220,2200,7918
303,2016-10-06,2210,0,2190,2215,2180,18845
302,2016-10-07,2190,20,2210,2220,2155,71090
301,2016-10-10,2200,10,2190,2215,2185,25787
298,2016-10-11,2180,20,2210,2210,2155,49305
297,2016-10-12,2220,40,2160,2420,2160,1240684
296,2016-10-13,2240,20,2235,2300,2215,233688
295,2016-10-14,2255,15,2280,2665,2245,2934296
294,2016-10-17,2380,125,2275,2480,2250,610008
290,2016-10-18,2320,60,2375,2410,2310,171962
289,2016-10-19,2375,55,2305,2380,2265,196930
288,2016-10-20,2275,100,2360,2440,2260,188305
287,2016-10-21,2335,60,2275,2335,2240,94468
286,2016-10-24,2425,90,2335,2425,2290,228159
283,2016-10-25,2325,100,2465,2640,2320,1062600
282,2016-10-26,2265,60,2290,2310,2245,153373
281,2016-10-27,2265,0,2265,2300,2260,67016
280,2016-10-28,2235,30,2250,2295,2230,79775
279,2016-10-31,2205,30,2230,2290,2160,90006
275,2016-11-01,2175,30,2230,2230,2170,101755
274,2016-11-02,2155,20,2225,2225,2155,109046
273,2016-11-03,2170,15,2200,2200,2165,32176
272,2016-11-04,2155,15,2180,2215,2145,23138
271,2016-11-07,2185,30,2155,2200,2155,4235
268,2016-11-08,2185,0,2180,2220,2160,30493
267,2016-11-09,2190,5,2225,2225,2075,90607
266,2016-11-10,2190,0,2155,2200,2150,13062
265,2016-11-11,2195,5,2155,2195,2150,8598
264,2016-11-14,2185,10,2180,2235,2170,9317
260,2016-11-15,2175,10,2130,2210,2130,3401
259,2016-11-16,2175,0,2150,2185,2140,3460
258,2016-11-17,2195,20,2150,2195,2150,6860
257,2016-11-18,2200,5,2235,2235,2190,6527
256,2016-11-21,2185,15,2115,2200,2115,5365
253,2016-11-22,2190,5,2185,2210,2155,2425
252,2016-11-23,2150,40,2160,2200,2135,10977
251,2016-11-24,2155,5,2190,2190,2115,4312
250,2016-11-25,2115,40,2180,2180,2105,20378
249,2016-11-28,2090,25,2085,2135,2085,12831
245,2016-11-29,2115,25,2085,2195,2085,15666
244,2016-11-30,2120,5,2145,2145,2085,37416
243,2016-12-01,2125,5,2100,2130,2095,16705
242,2016-12-02,2135,10,2150,2185,2110,11033
241,2016-12-05,2120,15,2100,2150,2090,14404
238,2016-12-06,2085,35,2135,2135,2040,44732
237,2016-12-07,2105,20,2070,2110,2070,14213
236,2016-12-08,2100,5,2105,2130,2090,11297
235,2016-12-09,2125,25,2165,2165,2085,4139
234,2016-12-12,2100,25,2090,2120,2085,13695
230,2016-12-13,2115,15,2100,2120,2090,4997
229,2016-12-14,2130,15,2095,2135,2095,11110
228,2016-12-15,2110,20,2160,2160,2110,3969
227,2016-12-16,2140,30,2090,2160,2090,3719
226,2016-12-19,2125,15,2110,2125,2105,946
223,2016-12-20,2105,20,2100,2140,2095,3930
222,2016-12-21,2115,10,2100,2125,2090,4607
221,2016-12-22,2100,15,2090,2110,2080,10946
220,2016-12-23,2105,5,2085,2125,2085,2117
219,2016-12-26,2095,10,2100,2180,2085,16418
215,2016-12-27,2095,0,2130,2130,2090,15660
214,2016-12-28,2120,25,2150,2150,2085,1497
213,2016-12-29,2120,0,2160,2160,2100,643
212,2017-01-02,2095,25,2075,2110,2070,13670
211,2017-01-03,2085,10,2070,2100,2070,11845
208,2017-01-04,2080,5,2080,2080,2065,27027
207,2017-01-05,2080,0,2095,2095,2070,462
206,2017-01-06,2065,15,2095,2095,2065,5150
205,2017-01-09,2070,5,2065,2070,2055,16568
204,2017-01-10,2070,0,2040,2070,2035,1076
200,2017-01-11,2075,5,2040,2075,2040,6885
199,2017-01-12,2050,25,2195,2195,2045,372
198,2017-01-13,2070,20,2105,2105,2050,5909
197,2017-01-16,2065,5,2070,2070,2035,595
196,2017-01-17,2075,10,2035,2090,2035,1291
193,2017-01-18,2095,20,2075,2095,2040,394
192,2017-01-19,2070,25,2090,2090,2035,304
191,2017-01-20,2060,10,2085,2085,2035,14466
190,2017-01-23,2055,5,2030,2055,2030,1731
189,2017-01-24,2025,30,2025,2035,2025,4644
185,2017-01-25,2045,20,2020,2045,2020,5950
184,2017-01-26,2045,0,2020,2045,2020,3845
183,2017-01-31,2065,20,2115,2115,2030,8330
182,2017-02-01,2050,15,2090,2090,2030,8874
181,2017-02-02,2040,10,2015,2055,2015,7373
178,2017-02-03,2025,15,2035,2035,2005,20924
177,2017-02-06,2045,20,2025,2045,2005,11540
176,2017-02-07,2005,40,2100,2100,2000,48665
175,2017-02-08,2015,10,2020,2020,2005,20188
174,2017-02-09,2025,10,2020,2025,2010,9013
170,2017-02-10,2020,5,2025,2025,2005,30917
169,2017-02-13,2020,0,2020,2020,2020,23172
168,2017-02-14,2065,45,2010,2065,2010,3409
167,2017-02-15,2040,25,2035,2040,2015,2436
166,2017-02-16,2040,0,2015,2040,2015,2302
163,2017-02-17,2040,0,2010,2040,2010,3097
162,2017-02-20,2025,15,2015,2030,2010,2529
161,2017-02-21,2030,5,2025,2035,2025,1347
160,2017-02-22,2030,0,2040,2040,2020,5191
159,2017-02-23,2045,15,2030,2045,2030,4055
155,2017-02-24,2070,25,2040,2070,2040,12685
154,2017-02-27,2055,15,2055,2070,2055,1011
153,2017-02-28,2080,25,2050,2100,2050,10249
152,2017-03-02,2060,20,2055,2140,2040,68229
151,2017-03-03,2125,65,2070,2345,2070,987982
148,2017-03-06,2070,55,2105,2140,2065,110824
147,2017-03-07,2110,40,2070,2170,2055,177173
146,2017-03-08,2080,30,2130,2130,2075,61722
145,2017-03-09,2100,20,2100,2135,2075,82129
144,2017-03-10,2075,25,2100,2120,2075,46873
140,2017-03-13,2065,10,2060,2115,2060,35381
139,2017-03-14,2080,15,2130,2130,2055,41189
138,2017-03-15,2080,0,2080,2110,2060,10057
137,2017-03-16,2500,420,2115,2700,2090,4034280
136,2017-03-17,3250,750,3000,3250,2885,2728922
133,2017-03-20,2735,515,3550,3900,2735,6013645
132,2017-03-21,2135,600,2620,2665,2130,1730724
131,2017-03-22,2775,640,2165,2775,2155,4231454
130,2017-03-23,3260,485,2790,3605,2650,6683491
129,2017-03-24,3930,670,3160,4050,3160,5772320
125,2017-03-27,3605,325,3780,3970,3410,726578
124,2017-03-28,3470,135,3550,3600,3310,515164
123,2017-03-29,4510,1040,3490,4510,3370,769767
122,2017-03-30,5400,890,4750,5860,4515,3854578
121,2017-03-31,5200,200,5600,6180,4900,5492465
118,2017-04-03,5090,110,5400,5490,4930,1981938
117,2017-04-04,4600,490,5450,5720,4325,2703646
116,2017-04-05,4300,300,4790,4845,3850,3465197
115,2017-04-06,4045,255,4155,4440,3960,1154686
114,2017-04-07,3635,410,4080,4085,3605,1038010
110,2017-04-10,3140,495,3635,3635,2950,1368140
109,2017-04-11,3360,220,3020,3570,3010,3088271
108,2017-04-12,3360,0,3290,3450,3105,1125854
107,2017-04-13,3205,155,3350,3425,3140,662475
106,2017-04-14,2760,445,3150,3195,2760,876586
103,2017-04-17,3585,825,2755,3585,2710,2523707
102,2017-04-18,3910,325,3500,4500,3490,5016316
101,2017-04-19,3410,500,3870,3965,3270,1875391
100,2017-04-20,3345,65,3420,3765,3200,2117001
99,2017-04-21,3260,85,3390,3410,3150,728094
95,2017-04-24,3005,255,3110,3300,2970,369563
94,2017-04-25,3520,515,3160,3905,3145,5509012
93,2017-04-26,3385,135,3520,3575,3220,1399055
92,2017-04-27,3335,50,3465,3860,3285,3109009
91,2017-04-28,3415,80,3455,3660,3260,1194870
88,2017-05-02,3250,165,3500,3505,3215,488989
87,2017-05-04,3255,5,3260,3495,3120,1726887
86,2017-05-08,3220,35,3300,3365,3200,492431
85,2017-05-10,3065,155,3245,3250,3010,359773
84,2017-05-11,3025,40,3200,3230,3015,357956
80,2017-05-12,2910,115,3030,3060,2805,347195
79,2017-05-15,2860,50,2860,2990,2800,334026
78,2017-05-16,2695,165,2860,2875,2640,370402
77,2017-05-17,3500,805,2745,3500,2605,5477015
76,2017-05-18,3090,410,3600,3775,3000,3470385
73,2017-05-19,3040,50,3155,3450,2955,3797010
72,2017-05-22,3050,10,3130,3245,2990,907508
71,2017-05-23,3000,50,3110,3110,2980,368996
70,2017-05-24,3155,155,3080,3445,3070,3177076
69,2017-05-25,3065,90,3135,3140,3000,599065
65,2017-05-26,3005,60,3090,3090,3000,296437
64,2017-05-29,3110,105,3085,3250,2915,882563
63,2017-05-30,2975,135,3040,3135,2925,508684
62,2017-05-31,2890,85,2980,3055,2875,300704
61,2017-06-01,2920,30,2905,3100,2900,573131
58,2017-06-02,2910,10,2905,2935,2850,179347
57,2017-06-05,2810,100,2910,2910,2810,167254
56,2017-06-07,2835,25,3020,3065,2800,667726
55,2017-06-08,2800,35,2800,2820,2705,241398
54,2017-06-09,2785,15,2815,2840,2725,191382
50,2017-06-12,2435,350,2685,2725,2430,776630
49,2017-06-13,2420,15,2485,2615,2385,535477
48,2017-06-14,2285,135,2420,2440,2220,576280
47,2017-06-15,2145,140,2250,2270,2125,558037
46,2017-06-16,2235,90,2135,2785,2125,5731400
43,2017-06-19,2240,5,2180,2500,2180,1124374
42,2017-06-20,2175,65,2250,2290,2160,435613
41,2017-06-21,2175,0,2170,2215,2135,277279
40,2017-06-22,2175,0,2175,2300,2150,373494
39,2017-06-23,2220,45,2160,2435,2155,812406
35,2017-06-26,2265,45,2245,2330,2210,299342
34,2017-06-27,2230,35,2300,2300,2205,157515
33,2017-06-28,2280,50,2200,2320,2180,419147
32,2017-06-29,2380,100,2465,2500,2240,1295022
31,2017-06-30,2280,100,2325,2405,2265,464789
28,2017-07-03,2235,45,2300,2350,2230,195056
27,2017-07-04,2230,5,2235,2265,2170,162519
26,2017-07-05,2255,25,2240,2260,2185,127945
25,2017-07-06,2335,80,2220,2335,2215,223554
24,2017-07-07,2275,60,2340,2365,2225,178968
20,2017-07-10,2180,95,2295,2295,2165,197826
19,2017-07-11,2190,10,2175,2225,2165,130783
18,2017-07-12,2150,40,2150,2220,2140,157427
17,2017-07-13,2290,140,2130,2580,2130,1038298
16,2017-07-14,2250,40,2230,2410,2170,513849
13,2017-07-17,2355,105,2310,2445,2270,884699
12,2017-07-18,2260,95,2500,2535,2245,884704
11,2017-07-19,2260,0,0,0,0,0
10,2017-07-20,2080,180,2350,2350,2060,744685
9,2017-07-21,2040,40,2040,2065,2035,655719
5,2017-07-24,2030,10,2035,2035,2025,467649
4,2017-07-25,2025,5,2030,2030,2020,258644
3,2017-07-26,2020,5,2025,2030,2020,200074
2,2017-07-27,2030,10,2020,2030,2020,194016
