,date,close,diff,open,high,low,volume
448,2019-08-16,31550,100,31450,31900,30900,1705885
447,2019-08-19,32400,850,31650,32650,31500,955516
446,2019-08-20,32050,350,32100,32350,31850,1059844
445,2019-08-21,31850,200,31850,32250,31850,781596
444,2019-08-22,31800,50,32000,32100,31800,865107
440,2019-08-23,32100,300,31650,32350,31600,727608
439,2019-08-26,32100,0,31900,32200,31500,1126122
438,2019-08-27,31550,550,32150,32200,31550,1327634
437,2019-08-28,31900,350,31950,32050,31600,716695
436,2019-08-29,32100,200,31900,32200,31650,519908
433,2019-08-30,32500,400,32250,32900,32200,1010649
432,2019-09-02,32550,50,32300,33150,32200,755100
431,2019-09-03,32550,0,32450,32950,32350,667471
430,2019-09-04,33000,450,32650,33100,32550,837159
429,2019-09-05,32950,50,32800,33550,32800,942424
425,2019-09-06,33750,800,32950,34200,32950,1200623
424,2019-09-09,34150,400,33550,34550,33550,948143
423,2019-09-10,35000,850,34350,35250,34350,1404017
422,2019-09-11,35300,300,35350,35950,35250,2577918
421,2019-09-16,35900,600,35300,36200,35300,1693689
418,2019-09-17,35800,100,35750,35900,35500,1470078
417,2019-09-18,35500,300,36100,36150,35400,1605558
416,2019-09-19,35450,50,35450,35750,35400,801169
415,2019-09-20,36900,1450,35500,36900,35400,1769383
414,2019-09-23,36350,550,36200,36500,36100,1133660
410,2019-09-24,35850,500,36350,36500,35600,932887
409,2019-09-25,35400,450,35350,36000,35350,844671
408,2019-09-26,35800,400,35800,36000,35450,753474
407,2019-09-27,35000,800,36000,36000,34600,983518
406,2019-09-30,35250,250,35350,35650,34900,884596
403,2019-10-01,34850,400,35250,35600,34850,820398
402,2019-10-02,34300,550,34650,34700,33900,1111930
401,2019-10-04,34050,250,34050,34550,34050,679701
400,2019-10-07,34050,0,34200,34600,33900,488929
399,2019-10-08,33900,150,34450,34650,33800,1001128
395,2019-10-10,32700,1200,33200,33600,32700,2084945
394,2019-10-11,33650,950,33150,33800,33150,1088820
393,2019-10-14,35000,1350,34100,35150,34050,1461750
392,2019-10-15,35200,200,35000,35400,34850,1063400
391,2019-10-16,35150,50,35700,35900,34800,1296766
388,2019-10-17,35350,200,35400,35700,35000,815656
387,2019-10-18,35150,200,35200,35650,34950,864987
386,2019-10-21,35500,350,35450,35800,35350,727746
385,2019-10-22,35950,450,35900,36100,35500,715385
384,2019-10-23,35600,350,35500,35750,35250,666213
380,2019-10-24,36250,650,36150,36450,35800,1069908
379,2019-10-25,35350,900,36150,36250,34850,1026740
378,2019-10-28,33850,1500,34650,35300,33450,2077624
377,2019-10-29,34450,600,33900,34500,33900,1251604
376,2019-10-30,33800,650,34700,34750,33700,1251938
373,2019-10-31,33700,100,33800,34150,33500,831866
372,2019-11-01,34200,500,33750,34300,33600,605319
371,2019-11-04,34700,500,34400,34800,34250,760722
370,2019-11-05,35550,850,34600,35550,34600,1038570
369,2019-11-06,35250,300,35400,35550,35050,699817
365,2019-11-07,35350,100,35150,35650,35100,889018
364,2019-11-08,36000,650,35500,36000,35450,1641567
363,2019-11-11,35900,100,36000,36050,35800,737489
362,2019-11-12,36050,150,36000,36150,35800,845598
361,2019-11-13,35600,450,35750,36000,35550,838532
358,2019-11-14,35550,50,35250,35850,35250,1141622
357,2019-11-15,35900,350,35800,36200,35450,775058
356,2019-11-18,36050,150,35550,36050,35550,568981
355,2019-11-19,36400,350,35850,36400,35600,663387
354,2019-11-20,36550,150,36050,36950,35950,988988
350,2019-11-21,35800,750,36250,36550,35550,913082
349,2019-11-22,35650,150,35550,36000,35550,814526
348,2019-11-25,36100,450,35900,36450,35800,943884
347,2019-11-26,36300,200,36500,36500,35950,1792506
346,2019-11-27,36350,50,36450,36600,36100,468374
343,2019-11-28,36300,50,35950,36450,35850,336804
342,2019-11-29,35750,550,36350,36400,35600,780728
341,2019-12-02,36000,250,36100,36200,35700,574645
340,2019-12-03,35700,300,35600,35950,35450,671648
339,2019-12-04,35500,200,35200,35500,35050,638730
335,2019-12-05,35750,250,35400,36050,35400,746441
334,2019-12-06,35800,50,35800,36050,35500,560232
333,2019-12-09,36750,950,35750,36750,35650,1039068
332,2019-12-10,36850,100,36450,36900,36450,847770
331,2019-12-11,37000,150,36500,37050,36500,1018505
328,2019-12-12,37600,600,37200,37750,37100,2081426
327,2019-12-13,38600,1000,38450,38850,38250,1230308
326,2019-12-16,37650,950,38350,38800,37300,1748247
325,2019-12-17,37500,150,37450,37550,36800,1048919
324,2019-12-18,38400,900,37550,38400,37550,871348
320,2019-12-19,38600,200,38350,38700,38000,732017
319,2019-12-20,38550,50,38700,38700,38350,850439
318,2019-12-23,38700,150,38350,38800,38250,673924
317,2019-12-24,38250,450,38700,38700,38000,572892
316,2019-12-26,38650,400,38400,38650,38150,722426
313,2019-12-27,37500,1150,37050,37500,37050,1039808
312,2019-12-30,36900,600,37500,37500,36400,995430
311,2020-01-02,35950,950,36450,36650,35900,1028130
310,2020-01-03,36200,250,36200,36550,35950,820710
309,2020-01-06,35450,750,35800,36250,35300,712446
305,2020-01-07,35550,100,35300,35700,35150,857889
304,2020-01-08,34950,600,35000,35050,34450,1250712
303,2020-01-09,35050,100,35000,35700,34800,1219458
302,2020-01-10,34950,100,35200,35400,34650,846935
301,2020-01-13,34750,200,35000,35050,34350,907965
298,2020-01-14,35300,550,34800,35400,34500,1046458
297,2020-01-15,35350,50,35150,35400,34750,603632
296,2020-01-16,35350,0,35200,35350,34750,617259
295,2020-01-17,35150,200,35000,35350,34850,1325575
294,2020-01-20,35100,50,35100,35450,34750,627896
290,2020-01-21,35250,150,35150,35400,34950,632903
289,2020-01-22,35050,200,35400,35400,34950,478666
288,2020-01-23,35100,50,34750,35200,34650,805879
287,2020-01-28,33850,1250,34400,34950,33450,936529
286,2020-01-29,33450,400,33850,33900,33300,886261
283,2020-01-30,33450,0,33500,33800,33100,882566
282,2020-01-31,33200,250,33750,33750,33150,961134
281,2020-02-03,33200,0,33200,33400,32600,897198
280,2020-02-04,33400,200,33250,33600,32900,886767
279,2020-02-05,34300,900,34100,34650,33950,1421072
275,2020-02-06,34900,600,34700,34900,34000,1113193
274,2020-02-07,34500,400,34800,35000,34000,960466
273,2020-02-10,34000,500,34000,34150,33550,803813
272,2020-02-11,34300,300,34050,34600,33700,680713
271,2020-02-12,35500,1200,34300,35600,34050,1671181
268,2020-02-13,34300,1200,35050,35300,34250,877574
267,2020-02-14,33900,400,34050,34600,33900,683324
266,2020-02-17,33350,550,34050,34100,33100,954605
265,2020-02-18,33300,50,33150,33650,32950,682496
264,2020-02-19,33050,250,33550,33550,32850,877994
260,2020-02-20,32900,150,32900,33200,32600,875740
259,2020-02-21,32900,0,32500,32900,32100,1279195
258,2020-02-24,31650,1250,32200,32450,31500,1256739
257,2020-02-25,31600,50,31600,32000,31200,1340521
256,2020-02-26,31400,200,31150,31750,31050,1203535
253,2020-02-27,31800,400,31150,32000,31150,1074674
252,2020-02-28,31400,400,31100,31400,31000,1530184
251,2020-03-02,30750,650,31400,31700,30700,1452864
250,2020-03-03,30100,650,31000,31100,30100,1639851
249,2020-03-04,30650,550,30100,30850,30000,1350588
245,2020-03-05,30200,450,30550,30650,30050,1307321
244,2020-03-06,29850,350,30000,30100,29600,1338163
243,2020-03-09,27900,1950,28800,28900,27600,1581464
242,2020-03-10,27600,300,27800,28050,27450,1367485
241,2020-03-11,27350,250,27600,28250,27000,2114331
238,2020-03-12,24950,2400,26750,26850,24950,3230934
237,2020-03-13,24100,850,22500,24450,22450,2526089
236,2020-03-16,23400,700,23900,24800,23400,2063144
235,2020-03-17,21200,2200,22050,22650,21000,3142301
234,2020-03-18,21200,0,21100,22650,20700,2885812
230,2020-03-19,18550,2650,21000,21550,18550,2790246
229,2020-03-20,20650,2100,19150,20650,18450,3413303
228,2020-03-23,18450,2200,18750,19150,18450,2660270
227,2020-03-24,19200,750,19000,19450,18600,3296990
226,2020-03-25,21200,2000,20500,22150,19900,4994511
223,2020-03-26,21900,700,21850,23350,21000,5086061
222,2020-03-27,23750,1850,23700,24350,22600,3537522
221,2020-03-30,23000,750,22500,23350,21950,3182402
220,2020-03-31,23100,100,23550,24250,22800,3033558
219,2020-04-01,21850,1250,22600,23450,21750,2390120
215,2020-04-02,22550,700,22200,22650,21350,2043544
214,2020-04-03,22400,150,22200,22850,22100,1327828
213,2020-04-06,23800,1400,22650,23800,22450,1971860
212,2020-04-07,24350,550,24550,24800,23750,2318081
211,2020-04-08,23700,650,24250,24350,23650,2073841
208,2020-04-09,23950,250,24250,24300,23650,2001547
207,2020-04-10,25300,1350,24250,25550,24200,2977354
206,2020-04-13,24600,700,25350,25800,24550,2052164
205,2020-04-14,25000,400,24950,25100,24600,1442934
204,2020-04-16,24250,750,24150,24500,23650,2790850
200,2020-04-17,24750,500,24500,25250,24500,2651249
199,2020-04-20,24550,200,25050,25050,24500,1927694
198,2020-04-21,23750,800,24250,24450,23400,2865591
197,2020-04-22,23700,50,23350,23900,23000,1729884
196,2020-04-23,23600,100,23650,23900,23500,1344943
193,2020-04-24,23150,450,23350,23600,23150,1225780
192,2020-04-27,27050,3900,24100,27050,24000,6692821
191,2020-04-28,27350,300,27850,29100,26850,4762094
190,2020-04-29,27600,250,27600,28600,27400,2342476
189,2020-05-04,26350,1250,26650,27150,26350,2747849
185,2020-05-06,26350,0,27000,27100,26250,1762468
184,2020-05-07,26750,400,25950,26950,25850,1691402
183,2020-05-08,26850,100,27200,27400,26550,1560062
182,2020-05-11,26250,600,26850,27100,26200,1299544
181,2020-05-12,25400,850,26050,26250,25200,1887089
178,2020-05-13,25800,400,25150,25800,24700,1549424
177,2020-05-14,24800,1000,25350,25400,24600,1968362
176,2020-05-15,25350,550,25500,25600,24850,1463935
175,2020-05-18,24900,450,25500,25500,24750,1248668
174,2020-05-19,26100,1200,26350,27200,26050,3506962
170,2020-05-20,26050,50,25900,26500,25650,1626263
169,2020-05-21,25900,150,26350,26500,25800,1567601
168,2020-05-22,25250,650,25950,25950,25000,1481775
167,2020-05-25,25600,350,25250,25750,24900,1053276
166,2020-05-26,26750,1150,25600,26900,25500,2522700
163,2020-05-27,27200,450,27500,27800,26850,2357255
162,2020-05-28,28450,1250,28250,29100,27850,5036049
161,2020-05-29,29750,1300,28300,29900,27850,3900266
160,2020-06-01,30100,350,29700,30200,29200,2175290
159,2020-06-02,31600,1500,30050,31700,29850,2627730
155,2020-06-03,32250,650,32000,32550,31600,3563430
154,2020-06-04,31250,1000,32550,33350,30750,3615734
153,2020-06-05,31250,0,30950,31450,30400,1999273
152,2020-06-08,31050,200,31950,32000,30850,1823759
151,2020-06-09,30900,150,30800,31500,30500,1686944
148,2020-06-10,29650,1250,30500,30650,29550,3333691
147,2020-06-11,29000,650,29050,29300,28550,3001698
146,2020-06-12,27800,1200,27150,28200,27150,2502641
145,2020-06-15,26550,1250,27350,28250,26550,2631725
144,2020-06-16,28850,2300,27250,28950,27250,2368001
140,2020-06-17,28250,600,28500,28600,27700,1831602
139,2020-06-18,28050,200,27700,28450,27550,1902267
138,2020-06-19,27850,200,28550,28600,27700,1837207
137,2020-06-22,27450,400,27550,28150,27450,1388639
136,2020-06-23,27150,300,27600,27850,26850,1455314
133,2020-06-24,27650,500,27200,27950,27150,1302508
132,2020-06-25,26850,800,27150,27300,26800,1118524
131,2020-06-26,27550,700,27600,27850,27250,1236957
130,2020-06-29,26800,750,26750,26950,26400,1219700
129,2020-06-30,27000,200,27000,27350,26850,1465986
125,2020-07-01,27300,300,27000,27600,26950,1101229
124,2020-07-02,27250,50,27400,27550,27100,919082
123,2020-07-03,27250,0,27450,27600,27150,793889
122,2020-07-06,27600,350,27300,27600,26700,1453333
121,2020-07-07,27100,500,27750,28100,27050,1868278
118,2020-07-08,26800,300,26900,27200,26800,1070425
117,2020-07-09,26500,300,26800,26950,26500,1438669
116,2020-07-10,25750,750,26500,26500,25650,1574122
115,2020-07-13,27200,1450,26250,27200,25950,1447994
114,2020-07-14,27400,200,27200,27400,26800,1208861
110,2020-07-15,27800,400,27850,28300,27500,1937812
109,2020-07-16,28050,250,28050,28300,27750,1376852
108,2020-07-17,28000,50,27900,28200,27750,795349
107,2020-07-20,29550,1550,28100,29550,27850,2844468
106,2020-07-21,29900,350,29800,30100,29050,2598705
103,2020-07-22,28900,1000,30300,30600,28800,2106286
102,2020-07-23,28650,250,28650,28800,28200,1236184
101,2020-07-24,28850,200,29000,29400,28600,2174768
100,2020-07-27,28750,100,28850,29450,28600,1014520
99,2020-07-28,28700,50,28750,28950,28250,1765082
95,2020-07-29,29700,1000,28450,29700,28350,1880761
94,2020-07-30,30100,400,30050,30450,29800,1990458
93,2020-07-31,29500,600,30050,30300,29500,1194365
92,2020-08-03,29550,50,29500,29700,29050,1282160
91,2020-08-04,29200,350,29450,29900,29100,1125598
88,2020-08-05,28800,400,29100,29300,28700,1472458
87,2020-08-06,29350,550,28900,30400,28850,2849679
86,2020-08-07,29300,50,29550,29550,28900,1505492
85,2020-08-10,30250,950,29400,30400,29350,2067079
84,2020-08-11,31250,1000,30750,31350,30300,3158361
80,2020-08-12,31900,650,31700,32100,31100,2713547
79,2020-08-13,31950,50,31800,31950,31200,2544845
78,2020-08-14,30800,1150,31600,31650,30800,1662551
77,2020-08-18,29050,1750,30500,30550,29050,2370890
76,2020-08-19,29050,0,29200,29700,29050,1318610
73,2020-08-20,27800,1250,28800,28900,27650,2282005
72,2020-08-21,28350,550,27850,28850,27850,1282208
71,2020-08-24,28450,100,28150,28800,28000,915900
70,2020-08-25,29350,900,28900,29450,28700,1188982
69,2020-08-26,29150,200,29300,29500,28600,948210
65,2020-08-27,28700,450,28950,28950,28450,1167842
64,2020-08-28,28950,250,29100,29700,28900,1455320
63,2020-08-31,28200,750,29250,29400,28200,1820975
62,2020-09-01,28500,300,28200,28750,28200,1247607
61,2020-09-02,28500,0,28750,28800,28200,1030671
58,2020-09-03,28050,450,28650,28750,28000,1854711
57,2020-09-04,27950,100,27500,27950,27500,1207726
56,2020-09-07,28050,100,28000,28250,27650,1525584
55,2020-09-08,28050,0,28200,28600,28000,1292266
54,2020-09-09,27700,350,27700,27850,27400,1407002
50,2020-09-10,27850,150,28000,28150,27850,1395051
49,2020-09-11,28200,350,27650,28250,27600,890728
48,2020-09-14,28700,500,28450,28800,28250,1171860
47,2020-09-15,28600,100,28650,28700,28350,889883
46,2020-09-16,28450,150,28350,28600,28250,796563
43,2020-09-17,28450,0,28700,28750,28350,1054473
42,2020-09-18,28150,300,28500,28550,28150,1080781
41,2020-09-21,28150,0,28000,28400,28000,708954
40,2020-09-22,27750,400,28050,28250,27650,1311417
39,2020-09-23,27700,50,27650,28000,27600,1298744
35,2020-09-24,27550,150,27600,27700,27350,1094078
34,2020-09-25,27550,0,27650,28250,27450,1078057
33,2020-09-28,27750,200,27800,27900,27550,593893
32,2020-09-29,28100,350,28200,28450,28000,1299172
31,2020-10-05,29300,1200,27950,29600,27750,2961211
28,2020-10-06,29300,0,29500,30050,29100,1687551
27,2020-10-07,29650,350,28900,29800,28650,1567864
26,2020-10-08,29950,300,29950,30100,29550,1559667
25,2020-10-12,30550,600,29800,30600,29700,1507349
24,2020-10-13,30000,550,30400,30600,29900,1068667
20,2020-10-14,29100,900,29850,30000,29100,1464666
19,2020-10-15,29300,200,29000,29550,29000,1035606
18,2020-10-16,29100,200,29500,29500,29000,1665052
17,2020-10-19,29950,850,29250,30450,29100,2223495
16,2020-10-20,30400,450,29700,30450,29700,1495545
13,2020-10-21,31400,1000,30450,31400,30250,2101444
12,2020-10-22,32150,750,31200,32250,30900,2758287
11,2020-10-23,32950,800,32350,33000,32100,2500540
10,2020-10-26,32650,300,33050,33450,32400,2719319
9,2020-10-27,31100,1550,32150,32150,31000,3144245
5,2020-10-28,31400,300,30700,31800,30650,1728032
4,2020-10-29,30800,600,30950,31000,30200,1957198
3,2020-10-30,30400,400,30650,31450,30400,1822797
2,2020-11-02,32250,1850,30500,32400,30450,2057204
1,2020-11-03,32850,600,32750,33050,32300,1781269
