,date,close,diff,open,high,low,volume
448,2019-08-16,10100,450,10450,10850,10000,479539
447,2019-08-19,10150,50,10250,10250,10000,182287
446,2019-08-20,10100,50,10100,10250,10000,155769
445,2019-08-21,10300,200,10100,10400,10000,286731
444,2019-08-22,10300,0,10400,10500,10150,156236
440,2019-08-23,10600,300,10900,11850,10600,3286611
439,2019-08-26,10300,300,10600,10900,10200,513641
438,2019-08-27,10500,200,10350,10550,10250,267858
437,2019-08-28,10250,250,10550,10550,10200,261394
436,2019-08-29,10200,50,10250,10400,9920,348947
433,2019-08-30,10350,150,10200,10350,10150,150116
432,2019-09-02,10800,450,10450,10800,10300,287185
431,2019-09-03,11100,300,10850,11100,10700,273276
430,2019-09-04,11200,100,11100,11450,11050,310404
429,2019-09-05,11150,50,11350,11350,10950,203419
425,2019-09-06,11050,100,11050,11200,10950,96613
424,2019-09-09,11150,100,11000,11500,11000,230172
423,2019-09-10,11100,50,11100,11200,11000,88792
422,2019-09-11,11200,100,11150,11500,11100,114662
421,2019-09-16,11400,200,11350,11500,11300,110341
418,2019-09-17,11200,200,11500,11500,11100,100200
417,2019-09-18,11450,250,11100,11500,11100,146785
416,2019-09-19,11550,100,11350,11550,11350,73806
415,2019-09-20,11450,100,11700,11700,11250,80021
414,2019-09-23,11250,200,11350,11400,11200,51308
410,2019-09-24,11250,0,11100,11300,11100,50653
409,2019-09-25,11050,200,11300,11450,11050,67281
408,2019-09-26,11150,100,11150,11450,11100,75520
407,2019-09-27,11100,50,11100,11300,10950,59167
406,2019-09-30,11200,100,11100,11250,10800,84337
403,2019-10-01,11150,50,11300,11350,11000,60217
402,2019-10-02,11250,100,11050,11500,11050,96797
401,2019-10-04,11050,200,11100,11350,11050,64869
400,2019-10-07,10550,500,11050,11150,10000,113261
399,2019-10-08,10800,250,10550,10850,10350,71174
395,2019-10-10,10900,100,10800,10900,10700,34278
394,2019-10-11,10900,0,10950,11150,10700,63358
393,2019-10-14,10800,100,10900,11200,10800,59370
392,2019-10-15,10850,50,10850,10950,10350,75353
391,2019-10-16,11000,150,10700,11050,10700,32403
388,2019-10-17,10950,50,10950,11200,10850,57234
387,2019-10-18,11350,400,10900,11700,10900,237390
386,2019-10-21,11650,300,11350,11800,11250,135718
385,2019-10-22,11900,250,11850,12050,11450,199829
384,2019-10-23,12550,650,12000,12600,11750,224845
380,2019-10-24,12800,250,12500,13100,12350,200098
379,2019-10-25,13050,250,12750,13200,12650,89680
378,2019-10-28,13250,200,13050,13400,12950,99298
377,2019-10-29,13100,150,13400,13450,12900,50347
376,2019-10-30,13550,450,13100,13600,12950,111865
373,2019-10-31,13450,100,13550,13600,13000,66366
372,2019-11-01,13850,400,13700,13900,13450,62650
371,2019-11-04,14100,250,13900,14100,13800,52136
370,2019-11-05,13900,200,14100,14150,13800,32533
369,2019-11-06,14150,250,13800,14300,13800,48806
365,2019-11-07,14250,100,13950,14300,13950,31216
364,2019-11-08,14350,100,14150,14750,14150,59100
363,2019-11-11,14400,50,14300,14650,14200,46265
362,2019-11-12,14500,100,14500,14600,14250,48762
361,2019-11-13,14300,200,14450,14500,14050,43728
358,2019-11-14,14100,200,14150,14350,13900,42527
357,2019-11-15,14450,350,14100,14600,13350,107225
356,2019-11-18,14000,450,14450,14500,13850,44682
355,2019-11-19,14400,400,14450,14500,13950,71140
354,2019-11-20,14550,150,14450,14700,14300,74569
350,2019-11-21,14200,350,14350,14550,14050,57690
349,2019-11-22,14000,200,14050,14200,13750,45363
348,2019-11-25,13850,150,14000,14000,13400,62163
347,2019-11-26,13600,250,13850,14000,13400,77347
346,2019-11-27,13350,250,13700,13750,13100,37078
343,2019-11-28,13350,0,13300,13450,12850,73549
342,2019-11-29,13050,300,13400,13600,12900,33469
341,2019-12-02,12850,200,12900,13150,12650,78667
340,2019-12-03,12950,100,12750,13200,12750,45799
339,2019-12-04,13000,50,12950,13000,12650,51771
335,2019-12-05,12700,300,13050,13150,12700,42005
334,2019-12-06,12600,100,12600,12750,12450,44202
333,2019-12-09,12500,100,12600,12700,12300,105551
332,2019-12-10,12300,200,12450,12500,12200,68311
331,2019-12-11,12250,50,12200,12350,12100,63852
328,2019-12-12,12250,0,12150,12350,12150,32938
327,2019-12-13,12350,100,12250,12400,11900,118781
326,2019-12-16,12400,50,12200,12900,12200,33822
325,2019-12-17,12550,150,12600,12750,12250,58941
324,2019-12-18,12900,350,12500,12950,12500,25614
320,2019-12-19,12600,300,12900,13000,12450,43340
319,2019-12-20,12950,350,12900,13000,12600,127051
318,2019-12-23,12850,100,12800,13200,12700,35419
317,2019-12-24,12750,100,12850,13000,12700,21763
316,2019-12-26,12650,100,12800,12950,12600,44220
313,2019-12-27,13100,450,12650,13200,12550,26574
312,2019-12-30,13200,100,13050,13500,13050,29342
311,2020-01-02,13200,0,13250,13350,13100,28026
310,2020-01-03,13300,100,13100,13400,13050,23144
309,2020-01-06,13500,200,13300,13750,13300,57972
305,2020-01-07,13500,0,13850,13850,13300,28540
304,2020-01-08,13450,50,13500,13600,12850,129855
303,2020-01-09,13500,50,13700,13800,13300,17538
302,2020-01-10,13200,300,13700,13700,13100,27193
301,2020-01-13,13150,50,13250,13400,13050,33656
298,2020-01-14,13750,600,13400,13800,13300,50615
297,2020-01-15,14450,700,13700,14650,13600,111545
296,2020-01-16,14400,50,14500,14750,14150,35862
295,2020-01-17,14600,200,14400,14950,14250,78684
294,2020-01-20,15000,400,14650,15250,14450,96540
290,2020-01-21,15300,300,14750,15400,14750,31051
289,2020-01-22,15450,150,15200,15500,15050,24686
288,2020-01-23,15200,250,15500,15550,15000,31453
287,2020-01-28,14500,700,15000,15000,14150,90585
286,2020-01-29,14700,200,15000,15000,14550,23430
283,2020-01-30,14500,200,14600,14950,14350,26538
282,2020-01-31,14150,350,14450,14650,13900,61848
281,2020-02-03,14200,50,13950,14300,13400,87678
280,2020-02-04,14400,200,14000,14450,14000,20595
279,2020-02-05,14350,50,14550,14600,14200,21359
275,2020-02-06,14100,250,14350,14650,13900,29196
274,2020-02-07,14200,100,14000,14500,13900,30203
273,2020-02-10,14250,50,14200,14300,14050,13720
272,2020-02-11,14000,250,14150,14300,13800,38376
271,2020-02-12,14250,250,14000,14700,13700,96009
268,2020-02-13,13950,300,14000,14200,13850,29465
267,2020-02-14,13950,0,13800,14100,13750,18695
266,2020-02-17,13950,0,14000,14200,13700,22236
265,2020-02-18,13900,50,13800,14100,13700,31257
264,2020-02-19,14300,400,13900,14350,13750,32726
260,2020-02-20,14000,300,14400,14700,13950,50068
259,2020-02-21,13550,450,13950,14150,13400,69368
258,2020-02-24,12750,800,13250,13700,12450,77119
257,2020-02-25,12850,100,12450,13050,12450,27256
256,2020-02-26,12600,250,12750,12800,12250,44419
253,2020-02-27,12000,600,12500,12750,12000,77523
252,2020-02-28,11600,400,11700,12000,11100,77477
251,2020-03-02,11400,200,11400,11700,11150,40267
250,2020-03-03,11750,350,11600,12200,11450,31688
249,2020-03-04,12050,300,11500,12100,11350,40939
245,2020-03-05,12250,200,12050,12300,11950,37327
244,2020-03-06,12100,150,12900,13950,11950,149009
243,2020-03-09,11700,400,11900,11950,11400,56003
242,2020-03-10,11900,200,11600,11900,11100,34413
241,2020-03-11,11450,450,11900,12150,11300,48775
238,2020-03-12,10850,600,11700,11700,10500,99935
237,2020-03-13,9780,1070,10000,10650,9410,145278
236,2020-03-16,9890,110,9880,10200,9510,50322
235,2020-03-17,9790,100,9680,9980,9210,37072
234,2020-03-18,9310,480,9620,10350,9310,40184
230,2020-03-19,8730,580,9210,9310,8290,86856
229,2020-03-20,9210,480,8560,9210,8440,52415
228,2020-03-23,8100,1110,8460,8580,8100,27049
227,2020-03-24,8300,200,8200,8560,8200,34899
226,2020-03-25,9020,720,8680,9100,8400,108481
223,2020-03-26,9200,180,9020,9680,8790,48749
222,2020-03-27,9450,250,9360,9690,9280,69933
221,2020-03-30,9700,250,9400,9700,9200,27112
220,2020-03-31,10050,350,9790,10200,9790,48490
219,2020-04-01,10200,150,10050,10700,10050,29296
215,2020-04-02,10300,100,10200,10300,9800,14213
214,2020-04-03,10950,650,10500,10950,10400,28501
213,2020-04-06,11750,800,11000,12300,11000,64875
212,2020-04-07,12050,300,12050,12500,11650,45732
211,2020-04-08,12200,150,12300,12550,11800,35578
208,2020-04-09,12250,50,12700,12700,11900,22423
207,2020-04-10,12300,50,12300,12400,11850,19535
206,2020-04-13,12200,100,12450,12450,11800,23936
205,2020-04-14,12200,0,12150,12400,12100,49997
204,2020-04-16,12050,150,12000,12200,11750,22496
200,2020-04-17,12050,0,12100,12350,12050,36087
199,2020-04-20,11950,100,12150,12300,11850,15077
198,2020-04-21,11750,200,11950,12100,11450,24427
197,2020-04-22,11750,0,11750,12050,11250,15146
196,2020-04-23,12300,550,11750,12350,11600,41400
193,2020-04-24,12500,200,12300,12650,12100,39186
192,2020-04-27,12800,300,12500,13000,12450,117992
191,2020-04-28,13300,500,12700,13450,12500,51152
190,2020-04-29,13550,250,13450,13700,13250,24302
189,2020-05-04,13950,400,13550,14700,13450,77911
185,2020-05-06,14550,600,14050,14650,14050,49973
184,2020-05-07,14600,50,14600,14850,14400,56032
183,2020-05-08,14250,350,14700,14750,14000,76110
182,2020-05-11,14650,400,14550,14800,13700,64315
181,2020-05-12,14950,300,14800,15200,14600,98749
178,2020-05-13,14850,100,14900,14950,14550,51682
177,2020-05-14,15200,350,14850,15300,14500,90463
176,2020-05-15,15350,150,15350,15650,15150,106467
175,2020-05-18,16250,900,15600,17700,15600,200828
174,2020-05-19,16250,0,16500,16800,16150,53123
170,2020-05-20,16500,250,16950,17450,16400,75512
169,2020-05-21,16350,150,16900,16900,16200,37411
168,2020-05-22,16250,100,16400,16550,16050,55328
167,2020-05-25,16500,250,16250,16500,16150,33163
166,2020-05-26,16350,150,16600,16600,16250,28420
163,2020-05-27,16350,0,16350,16500,16100,30225
162,2020-05-28,16000,350,16350,16350,15850,49750
161,2020-05-29,16300,300,15950,16450,15950,48488
160,2020-06-01,17100,800,16250,17800,16250,266441
159,2020-06-02,17300,200,17100,17600,16900,60311
155,2020-06-03,16850,450,17300,17350,16750,52467
154,2020-06-04,17300,450,17200,19200,16900,478758
153,2020-06-05,17150,150,17300,17500,17000,60743
152,2020-06-08,16850,300,17250,17300,16800,36209
151,2020-06-09,17900,1050,17100,18000,16950,134752
148,2020-06-10,18200,300,17850,18900,17500,107497
147,2020-06-11,18600,400,18200,19050,18100,106960
146,2020-06-12,19350,750,17900,19600,17500,141325
145,2020-06-15,20250,900,19950,21400,19200,400468
144,2020-06-16,21700,1450,21200,21800,21100,193490
140,2020-06-17,23150,1450,21700,23450,21700,207854
139,2020-06-18,23350,200,24000,24500,23000,138452
138,2020-06-19,23400,50,23350,23850,23050,75107
137,2020-06-22,23500,100,24200,24200,22950,103740
136,2020-06-23,24250,750,23800,24250,23200,113870
133,2020-06-24,23450,800,24400,24800,23100,88914
132,2020-06-25,22800,650,22750,23450,22500,73765
131,2020-06-26,22700,100,22850,23050,22200,48453
130,2020-06-29,22000,700,22200,22700,22000,60096
129,2020-06-30,21700,300,22200,22650,21700,66196
125,2020-07-01,21350,350,22150,22150,21150,59197
124,2020-07-02,21750,400,21350,22150,21350,41711
123,2020-07-03,21850,100,21900,22350,21500,36407
122,2020-07-06,21850,0,21900,22150,21600,36406
121,2020-07-07,22350,500,21850,22350,21450,47077
118,2020-07-08,22300,50,22350,22500,22050,25021
117,2020-07-09,21900,400,22500,22500,21700,30849
116,2020-07-10,23100,1200,22300,23350,21800,64795
115,2020-07-13,22700,400,23100,23450,22250,45802
114,2020-07-14,21850,850,22500,22700,21700,40460
110,2020-07-15,21600,250,22250,22400,21450,32057
109,2020-07-16,21100,500,21800,21800,21000,36394
108,2020-07-17,21350,250,21200,21500,20950,17406
107,2020-07-20,20450,900,21000,21000,19600,80202
106,2020-07-21,20850,400,20500,21400,20500,36881
103,2020-07-22,20750,100,20850,21050,20450,16771
102,2020-07-23,20500,250,20750,21000,20400,38976
101,2020-07-24,20150,350,20400,20850,20050,20209
100,2020-07-27,20850,700,20100,21300,20100,47299
99,2020-07-28,20800,50,21400,21400,20550,19410
95,2020-07-29,21650,850,20600,21700,20550,26511
94,2020-07-30,21450,200,21700,22000,20950,41124
93,2020-07-31,21350,100,21450,21500,21000,22794
92,2020-08-03,22300,950,21350,22450,21350,55220
91,2020-08-04,22200,100,22850,22850,21950,19970
88,2020-08-05,22650,450,22200,22900,22100,57490
87,2020-08-06,22050,600,22900,22900,21950,30199
86,2020-08-07,21700,350,22300,22300,21600,24011
85,2020-08-10,21500,200,21700,22050,21450,21076
84,2020-08-11,21800,300,21600,21900,21350,30208
80,2020-08-12,21800,0,22000,22250,21500,20301
79,2020-08-13,21500,300,22150,22200,21400,37338
78,2020-08-14,20800,700,21850,21900,20050,71332
77,2020-08-18,19550,1250,21000,21000,19000,94334
76,2020-08-19,19900,350,19500,20250,19500,24300
73,2020-08-20,19250,650,19950,20500,19000,39891
72,2020-08-21,19100,150,19150,19450,18450,36917
71,2020-08-24,19200,100,19100,19350,18450,17952
70,2020-08-25,19000,200,19300,19350,18650,33435
69,2020-08-26,18500,500,19200,19200,18000,73533
65,2020-08-27,17800,700,18700,18700,17750,66256
64,2020-08-28,17850,50,17950,18150,17700,41084
63,2020-08-31,17900,50,17700,18150,17600,36642
62,2020-09-01,17700,200,17950,17950,17300,64604
61,2020-09-02,17800,100,17750,18000,17500,38433
58,2020-09-03,17650,150,17900,17950,17500,28253
57,2020-09-04,17100,550,17000,17450,17000,41091
56,2020-09-07,17150,50,17050,17350,17000,24962
55,2020-09-08,17600,450,17400,17950,17100,56360
54,2020-09-09,17200,400,17550,17550,17100,43925
50,2020-09-10,17300,100,17300,17500,17000,25896
49,2020-09-11,17150,150,17400,17550,16950,22949
48,2020-09-14,17000,150,17050,17150,16850,30219
47,2020-09-15,17250,250,17150,17350,17000,44019
46,2020-09-16,17200,50,17350,17400,17000,38788
43,2020-09-17,17200,0,17200,17600,17100,45515
42,2020-09-18,16700,500,17200,17300,16600,39248
41,2020-09-21,16550,150,16750,16950,15950,38800
40,2020-09-22,16100,450,16550,16800,15750,33221
39,2020-09-23,16250,150,16150,16350,15400,30743
35,2020-09-24,16000,250,15950,16200,15450,21922
34,2020-09-25,15700,300,15900,15950,15500,24904
33,2020-09-28,16900,1200,16200,17000,15800,36464
32,2020-09-29,16950,50,16950,17050,16250,20818
31,2020-10-05,16950,0,17050,17050,16750,10657
28,2020-10-06,17300,350,17000,17600,16750,48202
27,2020-10-07,17150,150,17200,17450,17000,19361
26,2020-10-08,17250,100,17300,17450,17000,20921
25,2020-10-12,17300,50,17250,17750,17200,21667
24,2020-10-13,17300,0,17350,17550,17150,13232
20,2020-10-14,17250,50,17500,17500,16850,20191
19,2020-10-15,17300,50,17350,17350,16750,15121
18,2020-10-16,16800,500,17400,17400,16500,36173
17,2020-10-19,16800,0,16650,16950,16450,14240
16,2020-10-20,16350,450,17200,17200,16150,18822
13,2020-10-21,16450,100,16500,16650,16150,14458
12,2020-10-22,16300,150,16350,16600,15800,46675
11,2020-10-23,15700,600,16300,16350,15650,27908
10,2020-10-26,15400,300,15550,15900,15000,38397
9,2020-10-27,15150,250,15400,15500,14900,27423
5,2020-10-28,15100,50,15200,15300,14850,35021
4,2020-10-29,14750,350,14850,15100,14450,37517
3,2020-10-30,14600,150,14900,14900,14400,19132
2,2020-11-02,14800,200,14550,15500,14450,14393
1,2020-11-03,15200,400,14850,15200,14850,7586
