,date,close,diff,open,high,low,volume
448,2019-08-16,24700,400,24900,25000,24600,1297416
447,2019-08-19,25700,1000,25050,25750,24900,1043295
446,2019-08-20,25700,0,25600,25950,25550,762298
445,2019-08-21,25750,50,25650,25850,25500,607948
444,2019-08-22,25950,200,25750,26150,25700,1399162
440,2019-08-23,25600,350,25900,25950,25550,575476
439,2019-08-26,25200,400,25250,25400,25100,547325
438,2019-08-27,25150,50,25250,25350,25100,914873
437,2019-08-28,25350,200,25200,25450,24900,881467
436,2019-08-29,25400,50,25250,25450,25100,815063
433,2019-08-30,25550,150,25500,25700,25350,823933
432,2019-09-02,25450,100,26750,26750,25400,1217395
431,2019-09-03,25200,250,25400,25450,25150,874623
430,2019-09-04,25250,50,25050,25250,24800,1591418
429,2019-09-05,24950,300,25150,25250,24900,1381310
425,2019-09-06,24950,0,25000,25150,24850,802157
424,2019-09-09,24950,0,24950,25150,24900,804814
423,2019-09-10,25250,300,25000,25250,25000,817405
422,2019-09-11,25550,300,25250,25550,25250,1923839
421,2019-09-16,25450,100,25450,25700,25300,1239781
418,2019-09-17,25600,150,25650,26100,25500,1759006
417,2019-09-18,25300,300,25500,25600,25300,954434
416,2019-09-19,25400,100,25300,25450,25200,1000818
415,2019-09-20,25550,150,25350,25550,25250,1081558
414,2019-09-23,26350,800,25550,26450,25450,2441969
410,2019-09-24,26750,400,26450,26800,26350,1529855
409,2019-09-25,26600,150,26750,27200,26300,1945767
408,2019-09-26,26200,400,26700,26800,26050,1094722
407,2019-09-27,25750,450,26450,26450,25650,955626
406,2019-09-30,25900,150,25750,26100,25650,814978
403,2019-10-01,26050,150,26100,26250,25850,687015
402,2019-10-02,25350,700,26050,26050,25350,1492271
401,2019-10-04,25150,200,25350,25500,25100,981000
400,2019-10-07,25200,50,25250,25300,25100,779485
399,2019-10-08,25450,250,25200,25550,25100,824025
395,2019-10-10,25600,150,25500,26000,25450,1891177
394,2019-10-11,25300,300,25800,25950,25250,1029615
393,2019-10-14,25550,250,25450,25650,25300,735037
392,2019-10-15,25800,250,25600,26050,25500,828473
391,2019-10-16,26050,250,26050,26100,25800,964088
388,2019-10-17,26300,250,26100,26500,26050,1153108
387,2019-10-18,25900,400,26350,26500,25800,728196
386,2019-10-21,25700,200,25900,25950,25600,708161
385,2019-10-22,25750,50,25750,26000,25600,924930
384,2019-10-23,25500,250,25650,25750,25450,1087848
380,2019-10-24,25400,100,25450,25500,25250,1302236
379,2019-10-25,25550,150,25400,25550,25250,632269
378,2019-10-28,25250,300,25600,25650,25150,1232661
377,2019-10-29,25100,150,25300,25400,25050,1154375
376,2019-10-30,25850,750,25350,25950,25200,1997442
373,2019-10-31,25450,400,25900,25950,25400,1476697
372,2019-11-01,25350,100,25450,25600,25300,673226
371,2019-11-04,25300,50,25400,25450,25250,1439718
370,2019-11-05,25250,50,25400,25450,25200,1513299
369,2019-11-06,26800,1550,25350,26850,25300,7144202
365,2019-11-07,26950,150,26850,27250,26400,3014943
364,2019-11-08,27000,50,26950,27200,26600,2051657
363,2019-11-11,27300,300,27000,27600,26800,1966746
362,2019-11-12,27400,100,27450,27500,27050,1063225
361,2019-11-13,27250,150,27350,27450,26900,1279663
358,2019-11-14,28150,900,27400,28250,26950,3338145
357,2019-11-15,28050,100,28000,28450,27850,1432549
356,2019-11-18,27850,200,28050,28250,27650,1282357
355,2019-11-19,28100,250,27800,28200,27300,1503442
354,2019-11-20,28150,50,28000,28700,27800,1696107
350,2019-11-21,27900,250,27900,28500,27750,1428451
349,2019-11-22,28000,100,27800,28250,27700,811273
348,2019-11-25,27850,150,28000,28300,27750,945977
347,2019-11-26,27800,50,27750,28200,27300,2156678
346,2019-11-27,27400,400,27950,27950,27400,971455
343,2019-11-28,27500,100,27200,27600,27200,826030
342,2019-11-29,27900,400,27700,28600,27650,2575813
341,2019-12-02,28250,350,27800,28300,27600,1430039
340,2019-12-03,28500,250,28100,28650,27850,1239524
339,2019-12-04,29250,750,28300,29500,28250,3344669
335,2019-12-05,28700,550,29150,29450,28600,2141043
334,2019-12-06,28850,150,28700,28950,28450,1064550
333,2019-12-09,28600,250,29000,29300,28550,1301963
332,2019-12-10,28150,450,28500,28750,28050,1437124
331,2019-12-11,28500,350,28150,28850,28100,1476080
328,2019-12-12,27650,850,28550,28600,27500,3668109
327,2019-12-13,27650,0,27800,27950,27150,2488827
326,2019-12-16,27450,200,27700,27800,27250,1356473
325,2019-12-17,27550,100,27350,27750,27250,1303415
324,2019-12-18,28100,550,27600,28450,27500,2036395
320,2019-12-19,28400,300,28250,28700,28150,1758669
319,2019-12-20,28000,400,28500,28550,28000,1459271
318,2019-12-23,27900,100,28050,28150,27700,716040
317,2019-12-24,27900,0,27850,28000,27650,774460
316,2019-12-26,27650,250,27850,27850,27450,1262290
313,2019-12-27,27750,100,27550,28000,27400,1164446
312,2019-12-30,27800,50,27850,28000,27600,1188611
311,2020-01-02,28500,700,28100,28700,28100,2132432
310,2020-01-03,28250,250,28550,28650,28050,1314136
309,2020-01-06,27600,650,27850,27950,27550,1255971
305,2020-01-07,27400,200,27650,27700,27300,1164133
304,2020-01-08,26450,950,27250,27350,26350,2311195
303,2020-01-09,26900,450,26900,27100,26650,1786518
302,2020-01-10,26700,200,26800,27000,26550,1069347
301,2020-01-13,26800,100,26750,26900,26550,696936
298,2020-01-14,27050,250,26800,27200,26650,1112531
297,2020-01-15,27100,50,27000,27200,26800,670667
296,2020-01-16,26900,200,27100,27100,26650,805715
295,2020-01-17,26850,50,26900,27150,26750,624662
294,2020-01-20,26900,50,26900,27350,26800,1053603
290,2020-01-21,26700,200,26950,27000,26550,895973
289,2020-01-22,26800,100,26700,26850,26600,673856
288,2020-01-23,26400,400,26650,26700,26350,1222970
287,2020-01-28,25950,450,26100,26200,25750,1409341
286,2020-01-29,25950,0,26050,26100,25750,1005772
283,2020-01-30,25550,400,25900,26050,25550,1342841
282,2020-01-31,25350,200,25700,25850,25300,1349670
281,2020-02-03,25050,300,25100,25350,25050,1660834
280,2020-02-04,25250,200,25150,25650,25150,1510968
279,2020-02-05,25450,200,25400,25700,25250,1595617
275,2020-02-06,25550,100,25650,25800,25450,1870925
274,2020-02-07,25600,50,25550,25700,25350,1050585
273,2020-02-10,25450,150,25600,25650,25350,987865
272,2020-02-11,25850,400,25500,25900,25450,1313848
271,2020-02-12,25850,0,25700,26100,25550,1533678
268,2020-02-13,25700,150,25750,25850,25450,2320239
267,2020-02-14,25600,100,25550,25700,25450,960357
266,2020-02-17,26050,450,25550,26100,25550,1460224
265,2020-02-18,25950,100,26050,26100,25750,1348715
264,2020-02-19,25900,50,26100,26150,25750,1163403
260,2020-02-20,26000,100,25850,26700,25800,2064722
259,2020-02-21,26100,100,25900,26400,25800,1247082
258,2020-02-24,25500,600,25750,25950,25400,1982262
257,2020-02-25,24650,850,25250,25400,24500,4088725
256,2020-02-26,24050,600,24400,24450,23600,3407074
253,2020-02-27,23100,950,23900,24100,22950,3734473
252,2020-02-28,21300,1800,22450,22600,21150,7589705
251,2020-03-02,20950,350,21200,21950,20600,6326734
250,2020-03-03,21200,250,21500,21700,21000,3809518
249,2020-03-04,21650,450,21100,21750,21050,3023214
245,2020-03-05,21600,50,21900,21950,21400,2662219
244,2020-03-06,21100,500,21300,21350,20900,2735034
243,2020-03-09,22800,1700,22000,23150,21450,10031547
242,2020-03-10,22000,800,22950,23700,21900,6405589
241,2020-03-11,20800,1200,22000,22050,20600,5941894
238,2020-03-12,20550,250,20300,21200,20000,5138836
237,2020-03-13,19550,1000,19200,20000,18800,5709867
236,2020-03-16,19000,550,19800,20000,19000,3399226
235,2020-03-17,18050,950,18100,19000,17800,5782189
234,2020-03-18,17100,950,18350,18450,17100,3598889
230,2020-03-19,16250,850,17350,17700,15550,4836755
229,2020-03-20,17300,1050,16550,17550,16250,3694677
228,2020-03-23,17300,0,16400,18100,16100,3685846
227,2020-03-24,18650,1350,17700,18650,17500,3570950
226,2020-03-25,18800,150,19400,19650,18500,4949884
223,2020-03-26,18400,400,18850,18950,18250,3513741
222,2020-03-27,18550,150,19000,19000,18150,3197397
221,2020-03-30,18950,400,18100,19500,18000,3946830
220,2020-03-31,19250,300,19400,19400,18850,2800952
219,2020-04-01,19000,250,19000,19950,18950,3787981
215,2020-04-02,19100,100,19050,19350,18500,2065012
214,2020-04-03,19000,100,18950,19150,18750,1916754
213,2020-04-06,19150,150,18900,19200,18850,2826357
212,2020-04-07,19250,100,19500,19500,19000,2921878
211,2020-04-08,19050,200,19250,19350,19050,2010283
208,2020-04-09,19150,100,19200,19350,19000,2397609
207,2020-04-10,20050,900,19150,20300,19150,5388823
206,2020-04-13,20450,400,20300,21200,20200,5633244
205,2020-04-14,21200,750,20900,21200,20750,3816326
204,2020-04-16,20250,950,20700,20850,20150,4168986
200,2020-04-17,20600,350,20500,21100,20400,3039728
199,2020-04-20,21350,750,20700,21400,20650,3553852
198,2020-04-21,21500,150,21850,22250,20500,6495995
197,2020-04-22,22400,900,21750,22450,21600,5593049
196,2020-04-23,23200,800,22700,23200,22500,4414562
193,2020-04-24,22550,650,23200,23550,22500,4076170
192,2020-04-27,23850,1300,23050,24000,22900,4919955
191,2020-04-28,23800,50,24300,24800,23650,4555244
190,2020-04-29,23850,50,24050,24200,23500,3157780
189,2020-05-04,22800,1050,23100,23450,22800,3220563
185,2020-05-06,22400,400,23100,23200,22200,3687419
184,2020-05-07,22450,50,22400,22700,22000,2384717
183,2020-05-08,22350,100,22500,22750,22300,2381663
182,2020-05-11,21900,450,22400,22450,21800,2946526
181,2020-05-12,21450,450,21850,21900,21200,2925295
178,2020-05-13,22000,550,21150,22000,21050,2516459
177,2020-05-14,23150,1150,21950,23200,21750,6104579
176,2020-05-15,22000,1150,23400,23500,22000,6091140
175,2020-05-18,21550,450,22050,22300,21500,3111760
174,2020-05-19,21800,250,21850,22000,21700,2578677
170,2020-05-20,21550,250,21750,22000,21500,2443659
169,2020-05-21,21600,50,21650,21650,21350,2357817
168,2020-05-22,21250,350,21600,21650,21200,1949383
167,2020-05-25,21500,250,21400,21800,21350,2018026
166,2020-05-26,21600,100,21550,21650,21250,1874501
163,2020-05-27,21600,0,21550,21800,21450,1785468
162,2020-05-28,21400,200,21700,21800,21300,2470304
161,2020-05-29,21600,200,21450,21750,21350,2169999
160,2020-06-01,21750,150,21650,21900,21600,1817048
159,2020-06-02,21850,100,21700,21850,21500,2337340
155,2020-06-03,22400,550,21950,22450,21850,4406053
154,2020-06-04,22000,400,22700,22900,21900,5420843
153,2020-06-05,22300,300,22150,22300,21900,2259637
152,2020-06-08,22200,100,22550,22650,22050,2621552
151,2020-06-09,22550,350,22350,22800,22200,3601449
148,2020-06-10,21950,600,22500,22550,21900,3635584
147,2020-06-11,21800,150,21850,22250,21500,3110305
146,2020-06-12,21150,650,21000,21350,20650,3051542
145,2020-06-15,19900,1250,20900,21050,19900,3684568
144,2020-06-16,20850,950,20150,20850,20150,2156035
140,2020-06-17,20350,500,20650,20850,20050,2575418
139,2020-06-18,20250,100,20250,20500,20100,1733289
138,2020-06-19,20300,50,20450,20500,20200,1787615
137,2020-06-22,20050,250,20150,20250,20050,1658714
136,2020-06-23,19850,200,20150,20150,19700,2346569
133,2020-06-24,19850,0,19850,20050,19800,2456663
132,2020-06-25,19300,550,19600,19800,19300,2506112
131,2020-06-26,19450,150,19450,19950,19300,2454982
130,2020-06-29,19050,400,19300,19400,18950,2216568
129,2020-06-30,19500,450,19200,19700,19100,2388444
125,2020-07-01,19250,250,19600,19650,19250,1773820
124,2020-07-02,19350,100,19450,19750,19300,2238513
123,2020-07-03,19400,50,19400,19800,19250,2959162
122,2020-07-06,19350,50,19400,19550,19200,2797245
121,2020-07-07,19000,350,19400,19650,19000,4834191
118,2020-07-08,19050,50,19100,19300,18900,2710958
117,2020-07-09,19000,50,19150,19200,19000,2293341
116,2020-07-10,18700,300,19000,19050,18700,2841607
115,2020-07-13,20000,1300,18850,20150,18750,7671410
114,2020-07-14,19850,150,20050,20250,19700,2932456
110,2020-07-15,19600,250,20100,20200,19550,3146491
109,2020-07-16,19600,0,19650,19900,19450,2625872
108,2020-07-17,19750,150,19650,19850,19600,1742293
107,2020-07-20,19950,200,19750,20250,19700,3233048
106,2020-07-21,19800,150,20000,20000,19750,3015321
103,2020-07-22,19800,0,19800,20150,19750,2520901
102,2020-07-23,19400,400,19800,19850,19350,3099301
101,2020-07-24,19500,100,19200,19700,19100,2124153
100,2020-07-27,19300,200,19400,19650,19300,2013195
99,2020-07-28,19150,150,19300,19400,19100,3267280
95,2020-07-29,19350,200,19100,19450,19050,1992469
94,2020-07-30,19200,150,19400,19550,19200,1857004
93,2020-07-31,19100,100,19250,19500,19100,2277692
92,2020-08-03,19050,50,19200,19250,18950,1850645
91,2020-08-04,19200,150,19050,19350,19000,1967909
88,2020-08-05,19200,0,19200,19400,19200,1768901
87,2020-08-06,19350,150,19200,19450,19200,2268909
86,2020-08-07,19600,250,19600,19950,19400,3593904
85,2020-08-10,19450,150,19600,19600,19200,2450862
84,2020-08-11,21000,1550,19500,21250,19500,18946719
80,2020-08-12,20700,300,21150,21150,20250,6946476
79,2020-08-13,21550,850,20850,21850,20400,12573404
78,2020-08-14,21950,400,22100,22700,21650,14743652
77,2020-08-18,20550,1400,22050,22100,20500,7925993
76,2020-08-19,20800,250,20800,21200,20600,3456167
73,2020-08-20,19950,850,20650,20700,19850,5547124
72,2020-08-21,20000,50,20150,20350,19900,3599892
71,2020-08-24,19950,50,19900,20100,19600,2409724
70,2020-08-25,21000,1050,20200,21200,20150,6875039
69,2020-08-26,20450,550,20850,21000,20250,3812835
65,2020-08-27,20400,50,20450,20950,20300,3303982
64,2020-08-28,20700,300,20450,20950,20400,3369350
63,2020-08-31,20500,200,20850,21400,20500,4911995
62,2020-09-01,21300,800,20650,21400,20550,6019062
61,2020-09-02,21150,150,21500,21600,20850,4036495
58,2020-09-03,21050,100,21350,21500,20900,3537985
57,2020-09-04,20700,350,20500,20900,20400,4124411
56,2020-09-07,20650,50,20650,20800,20500,2347343
55,2020-09-08,20500,150,20700,20750,20450,2490059
54,2020-09-09,20300,200,20300,20450,20150,2368901
50,2020-09-10,20350,50,20450,20500,20300,2637688
49,2020-09-11,20300,50,20300,20400,20100,1846961
48,2020-09-14,20600,300,20400,20750,20300,1923325
47,2020-09-15,20400,200,20600,20650,20250,2490530
46,2020-09-16,20500,100,20300,20500,20250,1963002
43,2020-09-17,20450,50,20450,20800,20350,2704100
42,2020-09-18,20500,50,20450,20600,20300,1794727
41,2020-09-21,20700,200,20500,20950,20400,3441714
40,2020-09-22,20250,450,20700,20850,20200,2584359
39,2020-09-23,20100,150,20300,20400,19900,2498398
35,2020-09-24,19750,350,19900,20000,19700,2743996
34,2020-09-25,19700,50,19800,19950,19700,1807699
33,2020-09-28,20200,500,19800,20250,19750,1524731
32,2020-09-29,20400,200,20350,20450,20200,1687668
31,2020-10-05,20600,200,20550,20750,20400,2109730
28,2020-10-06,20300,300,20700,20800,20200,2267788
27,2020-10-07,20750,450,20250,20800,20150,2634881
26,2020-10-08,21100,350,20850,21400,20800,5265125
25,2020-10-12,21100,0,21400,21500,21000,2604239
24,2020-10-13,21000,100,21200,21200,20800,1964700
20,2020-10-14,21150,150,21050,21400,20950,3174292
19,2020-10-15,21300,150,21150,21350,21000,2696518
18,2020-10-16,21750,450,21300,21900,21300,6329622
17,2020-10-19,21400,350,22000,22250,21400,4621162
16,2020-10-20,21000,400,21400,21500,20850,3335030
13,2020-10-21,21750,750,21050,21800,21000,3994188
12,2020-10-22,21500,250,21600,21650,21400,1942187
11,2020-10-23,21300,200,21600,21600,21150,2343245
10,2020-10-26,20850,450,21300,21350,20800,2348406
9,2020-10-27,20600,250,20650,20800,20500,2415550
5,2020-10-28,20550,50,20600,20850,20550,1629880
4,2020-10-29,20300,250,20300,20450,20100,2626259
3,2020-10-30,19950,350,20350,20400,19900,3104874
2,2020-11-02,20350,400,20100,20400,20050,1598969
1,2020-11-03,20450,100,20450,20700,20350,1852162
