,date,close,diff,open,high,low,volume
448,2003-07-11,1575,25,1630,1630,1570,667470
447,2003-07-14,1595,20,1600,1600,1580,52540
446,2003-07-15,1590,5,1600,1600,1585,284770
445,2003-07-16,1600,10,1600,1600,1595,46210
444,2003-07-18,1595,5,1595,1600,1590,282591
440,2003-07-21,1595,0,1600,1605,1595,63950
439,2003-07-22,1600,5,1595,1600,1595,109881
438,2003-07-23,1600,0,1600,1605,1595,64810
437,2003-07-24,1600,0,1600,1600,1595,66700
436,2003-07-25,1600,0,1600,1610,1595,21490
433,2003-07-28,1610,10,1595,1610,1595,125200
432,2003-07-29,1610,0,1610,1615,1605,26700
431,2003-07-30,1620,10,1610,1620,1610,67830
430,2003-07-31,1610,10,1610,1620,1610,51840
429,2003-08-01,1610,0,1610,1620,1610,71280
425,2003-08-04,1610,0,1610,1615,1610,88980
424,2003-08-05,1625,15,1615,1630,1615,104140
423,2003-08-06,1620,5,1620,1630,1620,73890
422,2003-08-07,1625,5,1615,1625,1615,16360
421,2003-08-08,1640,15,1630,1640,1630,44210
418,2003-08-11,1650,10,1640,1650,1635,107840
417,2003-08-12,1675,25,1650,1675,1650,79870
416,2003-08-13,1675,0,1685,1685,1675,42590
415,2003-08-14,1685,10,1675,1685,1670,122240
414,2003-08-18,1695,10,1675,1700,1675,85280
410,2003-08-19,1730,35,1700,1730,1700,191465
409,2003-08-20,1730,0,1750,1755,1730,119390
408,2003-08-21,1730,0,1760,1760,1730,93460
407,2003-08-22,1730,0,1730,1740,1725,34940
406,2003-08-25,1720,10,1715,1740,1715,93760
403,2003-08-26,1715,5,1715,1730,1690,166540
402,2003-08-27,1700,15,1730,1730,1695,77980
401,2003-08-28,1685,15,1695,1695,1685,97170
400,2003-08-29,1690,5,1675,1690,1675,70190
399,2003-09-01,1675,15,1700,1710,1670,380834
395,2003-09-02,1660,15,1680,1680,1655,143560
394,2003-09-03,1640,20,1660,1670,1640,169670
393,2003-09-04,1645,5,1650,1655,1630,219390
392,2003-09-05,1630,15,1635,1650,1630,121940
391,2003-09-08,1640,10,1630,1640,1630,61970
388,2003-09-09,1635,5,1640,1650,1615,603520
387,2003-09-15,1615,20,1640,1640,1615,169040
386,2003-09-16,1635,20,1635,1635,1620,252230
385,2003-09-17,1640,5,1630,1640,1630,68770
384,2003-09-18,1630,10,1635,1635,1625,88630
380,2003-09-19,1630,0,1650,1650,1625,264180
379,2003-09-22,1620,10,1630,1630,1615,209400
378,2003-09-23,1615,5,1620,1630,1600,308120
377,2003-09-24,1615,0,1610,1630,1605,308650
376,2003-09-25,1605,10,1615,1615,1600,142980
373,2003-09-26,1600,5,1605,1610,1595,145720
372,2003-09-29,1600,0,1600,1600,1590,72620
371,2003-09-30,1600,0,1595,1600,1595,23670
370,2003-10-01,1585,15,1595,1595,1570,140085
369,2003-10-02,1600,15,1600,1600,1580,150810
365,2003-10-06,1610,10,1610,1610,1600,107950
364,2003-10-07,1610,0,1610,1610,1600,94060
363,2003-10-08,1610,0,1610,1610,1605,56910
362,2003-10-09,1605,5,1610,1615,1605,70940
361,2003-10-10,1610,5,1605,1610,1605,102220
358,2003-10-13,1620,10,1600,1625,1600,159010
357,2003-10-14,1630,10,1640,1640,1620,85310
356,2003-10-15,1640,10,1630,1640,1625,310790
355,2003-10-16,1640,0,1640,1640,1630,118340
354,2003-10-17,1630,10,1635,1635,1625,20930
350,2003-10-20,1630,0,1625,1630,1620,68800
349,2003-10-21,1635,5,1630,1640,1630,31730
348,2003-10-22,1630,5,1630,1635,1630,129770
347,2003-10-23,1620,10,1630,1630,1620,107930
346,2003-10-24,1620,0,1620,1625,1610,124391
343,2003-10-27,1620,0,1620,1625,1615,146930
342,2003-10-28,1625,5,1620,1625,1615,93120
341,2003-10-29,1630,5,1625,1635,1620,95610
340,2003-10-30,1635,5,1630,1635,1620,41130
339,2003-10-31,1635,0,1630,1635,1625,28850
335,2003-11-03,1635,0,1625,1640,1625,56560
334,2003-11-04,1645,10,1635,1645,1635,559290
333,2003-11-05,1630,15,1650,1650,1630,128570
332,2003-11-06,1630,0,1630,1640,1625,139230
331,2003-11-07,1640,10,1630,1640,1630,23730
328,2003-11-10,1645,5,1640,1645,1630,70950
327,2003-11-11,1650,5,1640,1650,1640,44200
326,2003-11-12,1670,20,1655,1670,1650,88970
325,2003-11-13,1700,30,1670,1710,1665,298690
324,2003-11-14,1690,10,1690,1700,1685,98750
320,2003-11-17,1690,0,1695,1700,1680,23523
319,2003-11-18,1695,5,1695,1695,1675,61403
318,2003-11-19,1685,10,1685,1695,1680,114910
317,2003-11-20,1680,5,1680,1685,1680,33638
316,2003-11-21,1685,5,1675,1685,1670,117079
313,2003-11-24,1675,10,1675,1680,1670,28381
312,2003-11-25,1680,5,1670,1680,1670,22012
311,2003-11-26,1680,0,1670,1680,1670,52042
310,2003-11-27,1695,15,1680,1700,1680,35530
309,2003-11-28,1705,10,1695,1705,1690,40090
305,2003-12-01,1705,0,1725,1725,1700,335636
304,2003-12-02,1700,5,1730,1730,1700,282060
303,2003-12-03,1735,35,1715,1735,1705,115700
302,2003-12-04,1735,0,1720,1740,1720,63330
301,2003-12-05,1745,10,1730,1750,1730,36843
298,2003-12-08,1740,5,1745,1745,1730,22000
297,2003-12-09,1750,10,1740,1750,1740,18230
296,2003-12-10,1770,20,1745,1770,1745,100740
295,2003-12-11,1760,10,1785,1785,1760,39326
294,2003-12-12,1775,15,1755,1785,1755,13220
290,2003-12-15,1795,20,1790,1795,1780,142970
289,2003-12-16,1815,20,1780,1815,1780,84854
288,2003-12-17,1835,20,1840,1840,1830,110835
287,2003-12-18,1870,35,1840,1870,1840,100120
286,2003-12-19,1820,50,1860,1880,1815,261730
283,2003-12-22,1795,25,1805,1810,1795,266960
282,2003-12-23,1790,5,1800,1800,1790,130010
281,2003-12-24,1785,5,1765,1790,1765,58990
280,2003-12-26,1785,0,1800,1800,1775,40503
279,2003-12-29,1810,25,1775,1815,1775,17220
275,2003-12-30,1820,10,1810,1830,1810,45320
274,2004-01-02,1840,20,1830,1840,1825,40970
273,2004-01-05,1860,20,1860,1900,1850,174210
272,2004-01-06,1865,5,1890,1890,1855,104890
271,2004-01-07,1855,10,1880,1880,1830,130960
268,2004-01-08,1860,5,1850,1865,1845,54820
267,2004-01-09,1855,5,1870,1880,1850,189900
266,2004-01-12,1830,25,1860,1865,1830,85770
265,2004-01-13,1845,15,1850,1850,1835,45910
264,2004-01-14,1845,0,1845,1880,1840,21570
260,2004-01-15,1845,0,1870,1870,1840,53640
259,2004-01-16,1840,5,1840,1845,1830,158360
258,2004-01-19,1850,10,1830,1860,1830,14760
257,2004-01-20,1860,10,1830,1875,1830,105730
256,2004-01-26,1870,10,1870,1870,1850,21580
253,2004-01-27,1865,5,1860,1870,1850,135450
252,2004-01-28,1840,25,1850,1860,1835,278910
251,2004-01-29,1820,20,1860,1860,1820,67820
250,2004-01-30,1835,15,1830,1840,1820,22700
249,2004-02-02,1840,5,1830,1850,1825,31350
245,2004-02-03,1820,20,1825,1840,1810,76550
244,2004-02-04,1825,5,1840,1840,1820,22050
243,2004-02-05,1830,5,1820,1840,1810,36700
242,2004-02-06,1835,5,1820,1840,1820,72370
241,2004-02-09,1830,5,1835,1840,1820,153770
238,2004-02-10,1825,5,1830,1835,1820,144930
237,2004-02-11,1840,15,1835,1840,1825,25300
236,2004-02-12,1835,5,1840,1845,1830,78600
235,2004-02-13,1835,0,1835,1840,1830,18196
234,2004-02-16,1840,5,1880,1880,1835,24070
230,2004-02-17,1850,10,1860,1860,1830,124520
229,2004-02-18,1845,5,1850,1850,1840,53870
228,2004-02-19,1845,0,1860,1860,1840,84600
227,2004-02-20,1870,25,1845,1870,1845,165880
226,2004-02-23,1890,20,1870,1890,1865,189980
223,2004-02-24,1895,5,1875,1895,1875,67490
222,2004-02-25,1895,0,1895,1895,1885,12500
221,2004-02-26,1895,0,1900,1900,1890,121060
220,2004-02-27,1890,5,1890,1895,1885,113300
219,2004-03-02,1890,0,1890,1900,1880,110400
215,2004-03-03,1910,20,1890,1915,1890,45480
214,2004-03-04,1920,10,1905,1920,1905,93250
213,2004-03-05,1920,0,1910,1925,1910,122480
212,2004-03-08,1920,0,1920,1920,1915,152770
211,2004-03-09,1920,0,1910,1920,1910,41551
208,2004-03-10,1910,10,1915,1915,1905,74270
207,2004-03-11,1910,0,1950,1985,1900,526070
206,2004-03-12,1900,10,1945,1945,1870,281540
205,2004-03-15,1910,10,1930,1930,1905,179505
204,2004-03-16,1910,0,1910,1915,1905,137130
200,2004-03-17,1940,30,1920,1950,1915,620080
199,2004-03-18,2030,90,1940,2080,1940,1179279
198,2004-03-19,2060,30,2040,2075,2005,3557182
197,2004-03-22,2015,45,2085,2085,2015,425351
196,2004-03-23,2000,15,1985,2010,1985,184931
193,2004-03-24,2005,5,2015,2030,2000,170368
192,2004-03-25,2000,5,2010,2035,2000,822450
191,2004-03-26,2020,20,2020,2030,2010,342271
190,2004-03-29,2015,5,2020,2050,2005,520790
189,2004-03-30,1085,100,1070,1105,1030,1063610
185,2004-03-31,1095,10,1085,1110,1085,1094149
184,2004-04-01,1085,10,1095,1100,1065,725098
183,2004-04-02,1075,10,1085,1090,1070,327390
182,2004-04-06,1075,0,1085,1090,1070,287830
181,2004-04-07,1055,20,1080,1080,1045,374050
178,2004-04-08,1055,0,1055,1065,1045,337190
177,2004-04-09,1045,10,1055,1060,1035,295622
176,2004-04-12,1025,20,1045,1050,1015,405430
175,2004-04-13,1015,10,1020,1025,1010,490110
174,2004-04-14,1035,20,1010,1035,1010,72130
170,2004-04-16,1035,0,1035,1040,1030,113780
169,2004-04-19,1035,0,1040,1040,1030,733371
168,2004-04-20,1040,5,1035,1045,1035,236750
167,2004-04-21,1040,0,1045,1045,1035,173100
166,2004-04-22,1060,20,1040,1060,1040,209720
163,2004-04-23,1070,10,1050,1070,1050,150137
162,2004-04-26,1095,25,1070,1105,1070,392304
161,2004-04-27,1110,15,1100,1115,1090,289060
160,2004-04-28,1105,5,1120,1120,1085,214950
159,2004-04-29,1080,25,1110,1110,1065,269260
155,2004-04-30,1065,15,1065,1070,1045,458020
154,2004-05-03,1060,5,1050,1065,1050,64560
153,2004-05-04,1070,10,1070,1075,1065,124800
152,2004-05-06,1050,20,1070,1075,1050,6989150
151,2004-05-07,1060,10,1055,1060,1040,76720
148,2004-05-10,995,65,1060,1060,985,351070
147,2004-05-11,995,0,990,1010,990,409310
146,2004-05-12,1015,20,1030,1030,1000,85350
145,2004-05-13,1015,0,1020,1020,1005,179480
144,2004-05-14,1010,5,1020,1020,1005,102120
140,2004-05-17,980,30,1015,1015,950,107870
139,2004-05-18,1000,20,980,1015,975,91330
138,2004-05-19,1025,25,1020,1030,1010,41900
137,2004-05-20,1015,10,1025,1025,1005,44110
136,2004-05-21,1035,20,1020,1050,1010,75200
133,2004-05-24,1040,5,1025,1040,1025,71120
132,2004-05-25,1030,10,1040,1040,1025,44780
131,2004-05-27,1045,15,1040,1045,1040,85310
130,2004-05-28,1045,0,1050,1055,1040,42640
129,2004-05-31,1040,5,1040,1040,1020,69250
125,2004-06-01,1005,35,1015,1015,1000,178580
124,2004-06-02,1000,5,995,1005,995,45940
123,2004-06-03,970,30,995,995,970,359670
122,2004-06-04,965,5,965,980,965,216170
121,2004-06-07,995,30,1000,1000,975,46850
118,2004-06-08,970,25,990,995,965,56880
117,2004-06-09,970,0,975,980,970,106560
116,2004-06-10,985,15,960,985,950,44950
115,2004-06-11,975,10,970,985,965,117130
114,2004-06-14,975,0,980,980,970,39060
110,2004-06-15,975,0,965,975,955,43530
109,2004-06-16,970,5,965,980,965,52630
108,2004-06-17,970,0,975,975,970,37110
107,2004-06-18,970,0,965,975,960,21800
106,2004-06-21,970,0,970,970,965,15550
103,2004-06-22,965,5,970,970,960,42680
102,2004-06-23,960,5,965,965,955,64230
101,2004-06-24,965,5,955,965,955,47045
100,2004-06-25,985,20,965,990,960,76320
99,2004-06-28,1000,15,985,1005,985,177310
95,2004-06-29,1005,5,1000,1010,995,114740
94,2004-06-30,1015,10,1005,1015,1005,67310
93,2004-07-01,1020,5,1020,1020,1010,42110
92,2004-07-02,1010,10,1015,1015,1000,94420
91,2004-07-05,1010,0,1005,1010,1005,10340
88,2004-07-06,1015,5,1010,1015,1010,72060
87,2004-07-07,1020,5,1000,1020,1000,8560
86,2004-07-08,1010,10,1015,1015,1010,187730
85,2004-07-09,995,15,1000,1000,995,164950
84,2004-07-12,995,0,1000,1000,990,61170
80,2004-07-13,1005,10,1000,1005,1000,6060
79,2004-07-14,1010,5,1005,1010,1000,9630
78,2004-07-15,1005,5,1005,1005,995,68380
77,2004-07-16,1005,0,1005,1005,1000,16730
76,2004-07-19,1005,0,1005,1010,1000,20610
73,2004-07-20,1010,5,1005,1010,1000,26240
72,2004-07-21,1010,0,1005,1010,1005,31750
71,2004-07-22,1010,0,1010,1010,1000,37170
70,2004-07-23,1010,0,1000,1010,1000,5110
69,2004-07-26,1010,0,1010,1010,1005,6790
65,2004-07-27,1005,5,1005,1005,1000,9460
64,2004-07-28,1010,5,1005,1010,1005,28860
63,2004-07-29,995,15,1005,1005,995,27270
62,2004-07-30,990,5,995,1000,990,24440
61,2004-08-02,995,5,995,995,995,3730
58,2004-08-03,995,0,995,995,990,19910
57,2004-08-04,995,0,995,1000,990,14500
56,2004-08-05,1000,5,995,1000,995,6840
55,2004-08-06,990,10,995,995,990,19206
54,2004-08-09,995,5,990,995,990,12300
50,2004-08-10,1000,5,995,1000,995,26480
49,2004-08-11,1000,0,1000,1005,990,27290
48,2004-08-12,995,5,995,1000,990,81520
47,2004-08-13,1000,5,1000,1000,995,51400
46,2004-08-16,995,5,995,1000,995,21070
43,2004-08-17,995,0,1000,1005,995,46030
42,2004-08-18,1000,5,995,1000,990,87970
41,2004-08-19,1045,45,1000,1050,1000,393240
40,2004-08-20,1010,35,1035,1035,1010,127060
39,2004-08-23,950,60,995,1030,950,594710
35,2004-08-24,850,100,930,935,810,1489610
34,2004-08-25,890,40,850,900,850,426370
33,2004-08-26,900,10,890,905,890,650450
32,2004-08-27,910,10,905,920,905,101360
31,2004-08-30,905,5,905,910,900,60420
28,2004-08-31,910,5,905,915,905,113380
27,2004-09-01,895,15,900,910,890,764850
26,2004-09-02,885,10,890,900,885,373990
25,2004-09-03,870,15,880,885,860,410821
24,2004-09-06,850,20,865,865,850,361700
20,2004-09-07,850,0,865,865,850,356190
19,2004-09-08,865,15,870,875,860,617600
18,2004-09-09,860,5,860,860,855,76030
17,2004-09-10,860,0,855,860,855,187520
16,2004-09-13,865,5,855,865,855,117120
13,2004-09-14,885,20,875,895,875,241440
12,2004-09-15,880,5,880,895,875,144420
11,2004-09-16,890,10,880,895,880,57030
10,2004-09-17,890,0,890,900,890,199630
9,2004-09-20,940,50,895,940,895,554873
5,2004-09-21,930,10,935,940,915,240990
4,2004-09-22,915,15,930,930,915,416117
3,2004-09-23,895,20,910,910,885,902040
2,2004-09-24,895,0,895,895,895,0
