,date,close,diff,open,high,low,volume
448,2019-08-16,37300,250,37000,37950,36950,361475
447,2019-08-19,38400,1100,37550,38500,37500,517293
446,2019-08-20,38400,0,38350,39050,38250,489821
445,2019-08-21,39050,650,38500,39350,38400,610085
444,2019-08-22,38950,100,39000,39200,38600,432557
440,2019-08-23,38900,50,39200,39250,38700,365817
439,2019-08-26,38900,0,38250,39100,38250,415464
438,2019-08-27,38900,0,39200,39500,38650,547024
437,2019-08-28,39200,300,39050,39350,38800,352102
436,2019-08-29,39200,0,39300,39450,39000,295146
433,2019-08-30,39300,100,39450,39450,39100,313050
432,2019-09-02,39400,100,39200,39450,38800,196906
431,2019-09-03,39900,500,39450,40200,39400,434982
430,2019-09-04,41750,1850,40000,41750,39950,994768
429,2019-09-05,41050,700,42000,42100,40850,752769
425,2019-09-06,41600,550,41050,41800,41050,358456
424,2019-09-09,41700,100,41800,41950,41200,298825
423,2019-09-10,41650,50,41700,41900,41450,332747
422,2019-09-11,41200,450,41500,41800,40500,681005
421,2019-09-16,40950,250,40850,41350,40450,448016
418,2019-09-17,40550,400,40750,40800,40000,555273
417,2019-09-18,41250,700,40400,41400,40250,400503
416,2019-09-19,41150,100,41300,41450,40750,276721
415,2019-09-20,41150,0,41050,41250,40700,329761
414,2019-09-23,41000,150,41150,41500,41000,181952
410,2019-09-24,39000,2000,40850,40900,38850,1143727
409,2019-09-25,38700,300,38950,39350,38100,706599
408,2019-09-26,38850,150,38800,39500,38600,349532
407,2019-09-27,38400,450,39150,39450,38300,351249
406,2019-09-30,39100,700,38450,39200,38200,291287
403,2019-10-01,38850,250,39100,39400,38600,248689
402,2019-10-02,38550,300,38550,39150,38550,272412
401,2019-10-04,38050,500,38200,38650,37900,291889
400,2019-10-07,38650,600,38150,38750,38000,248168
399,2019-10-08,38800,150,38700,39000,38400,252597
395,2019-10-10,38000,800,38350,39500,38000,413391
394,2019-10-11,38150,150,38350,38500,38050,179965
393,2019-10-14,38400,250,38300,38500,38050,181518
392,2019-10-15,39100,700,38700,39150,38600,333694
391,2019-10-16,38850,250,39200,39500,38700,275720
388,2019-10-17,38800,50,38700,38950,38400,209853
387,2019-10-18,37850,950,38950,39100,37800,251466
386,2019-10-21,37550,300,37900,38250,37400,293320
385,2019-10-22,38350,800,37550,38350,37450,255293
384,2019-10-23,37250,1100,38150,38150,37200,294642
380,2019-10-24,36900,350,37150,37200,36550,248713
379,2019-10-25,37300,400,36600,37300,36600,256825
378,2019-10-28,37600,300,37700,37850,37450,185793
377,2019-10-29,37000,600,37500,38200,36800,512040
376,2019-10-30,36950,50,37100,37500,36750,337874
373,2019-10-31,38000,1050,37150,38050,37000,397736
372,2019-11-01,38450,450,37950,38500,37700,296268
371,2019-11-04,38650,200,38250,38750,38250,323007
370,2019-11-05,38500,150,38600,38800,38250,224932
369,2019-11-06,38350,150,38700,38800,38150,178921
365,2019-11-07,38950,600,38400,39100,38150,374958
364,2019-11-08,38700,250,39050,39100,38450,224427
363,2019-11-11,38100,600,38700,38750,37750,193979
362,2019-11-12,38100,0,38050,38350,37650,175168
361,2019-11-13,37750,350,37850,38400,37600,185107
358,2019-11-14,37900,150,37550,37900,37500,211984
357,2019-11-15,38200,300,37700,38400,37400,220234
356,2019-11-18,38250,50,38300,38500,37800,150300
355,2019-11-19,37600,650,38000,38200,37550,244891
354,2019-11-20,37900,300,37400,37950,37400,216936
350,2019-11-21,37600,300,38000,38150,37300,216750
349,2019-11-22,37200,400,37350,37700,37050,191315
348,2019-11-25,38200,1000,37400,38300,37400,231117
347,2019-11-26,38550,350,38300,38600,38000,360086
346,2019-11-27,37950,600,38700,38800,37900,130648
343,2019-11-28,37650,300,37800,37950,37500,113787
342,2019-11-29,37300,350,37900,37900,37050,186191
341,2019-12-02,36700,600,37100,37250,36600,226701
340,2019-12-03,35800,900,36550,36700,35800,284347
339,2019-12-04,35900,100,35650,36600,35500,355561
335,2019-12-05,35800,100,35800,36300,35600,275984
334,2019-12-06,35800,0,35500,36300,35500,206958
333,2019-12-09,35050,750,36000,36000,34950,372590
332,2019-12-10,35050,0,34900,35200,34650,330201
331,2019-12-11,34700,350,35050,35100,34700,244368
328,2019-12-12,34750,50,34800,34900,34500,443533
327,2019-12-13,34950,200,35000,35350,34850,327979
326,2019-12-16,34750,200,35100,35350,34550,315254
325,2019-12-17,34350,400,34700,34700,33800,417920
324,2019-12-18,34050,300,34250,34650,34050,317987
320,2019-12-19,34100,50,33900,34150,33900,203509
319,2019-12-20,34350,250,34200,34550,33950,370922
318,2019-12-23,33950,400,34400,34400,33950,288434
317,2019-12-24,33850,100,34000,34100,33750,234253
316,2019-12-26,33700,150,33650,34000,33650,222058
313,2019-12-27,33950,250,33700,34100,33550,234060
312,2019-12-30,34050,100,34150,34250,33900,158818
311,2020-01-02,33800,250,34100,34150,33800,228661
310,2020-01-03,33950,150,33850,34100,33750,294440
309,2020-01-06,33900,50,33850,34700,33800,502565
305,2020-01-07,33700,200,34100,34100,33450,312663
304,2020-01-08,32450,1250,33600,33650,32450,686442
303,2020-01-09,33100,650,32550,33250,32550,363502
302,2020-01-10,32750,350,33000,33000,32600,343840
301,2020-01-13,33400,650,32850,33650,32850,331639
298,2020-01-14,33200,200,33400,33450,32950,363929
297,2020-01-15,33300,100,33200,33400,33000,208581
296,2020-01-16,33000,300,33150,33250,32850,229119
295,2020-01-17,32950,50,33000,33200,32900,209783
294,2020-01-20,32800,150,33100,33150,32800,258408
290,2020-01-21,32650,150,32800,33000,32650,199879
289,2020-01-22,32550,100,32600,32800,32450,288760
288,2020-01-23,32300,250,32500,32600,32250,249368
287,2020-01-28,31050,1250,31700,31700,30700,590462
286,2020-01-29,31350,300,31100,31600,30850,304306
283,2020-01-30,30800,550,31350,31550,30800,313347
282,2020-01-31,30100,700,30950,31000,30000,486162
281,2020-02-03,30100,0,29300,30300,29150,477315
280,2020-02-04,30500,400,29900,30650,29900,318751
279,2020-02-05,30350,150,30600,30650,30300,267316
275,2020-02-06,31400,1050,30450,31500,30400,319798
274,2020-02-07,30950,450,31450,31450,30800,250100
273,2020-02-10,31300,350,30650,31400,30650,200272
272,2020-02-11,31400,100,31500,31750,31350,203954
271,2020-02-12,31250,150,31200,31700,30600,361467
268,2020-02-13,30800,450,31200,31350,30800,383566
267,2020-02-14,30550,250,31200,31250,30550,313029
266,2020-02-17,30550,0,30600,30700,30250,216502
265,2020-02-18,30350,200,30450,30550,30250,234864
264,2020-02-19,29900,450,30400,30900,29700,386839
260,2020-02-20,29600,300,30000,30100,29600,310713
259,2020-02-21,28750,850,29350,29550,28750,462508
258,2020-02-24,27150,1600,27850,28300,27100,689537
257,2020-02-25,27950,800,26850,28100,26850,486297
256,2020-02-26,27300,650,27200,27700,27150,436008
253,2020-02-27,27050,250,27350,27600,27050,343820
252,2020-02-28,25650,1400,25600,25850,24950,1135203
251,2020-03-02,25000,650,25650,25950,24700,660040
250,2020-03-03,25550,550,25550,26300,25450,441582
249,2020-03-04,25750,200,25050,26200,25050,355935
245,2020-03-05,26650,900,25900,26700,25750,403012
244,2020-03-06,25950,700,26300,26300,25750,317879
243,2020-03-09,24700,1250,25450,25500,24650,475175
242,2020-03-10,24650,50,24200,25000,24200,516032
241,2020-03-11,23900,750,24700,25150,23700,436473
238,2020-03-12,22500,1400,23600,24100,22200,854536
237,2020-03-13,21050,1450,20250,21550,20050,1151590
236,2020-03-16,20400,650,21300,22050,20350,570800
235,2020-03-17,19700,700,19100,20400,19100,677517
234,2020-03-18,18600,1100,20000,20200,18550,645476
230,2020-03-19,16400,2200,18550,19000,16300,1294787
229,2020-03-20,18000,1600,16450,18000,16350,872172
228,2020-03-23,16350,1650,16300,17100,16150,984506
227,2020-03-24,17800,1450,16850,17800,16400,573719
226,2020-03-25,20850,3050,18800,20850,18650,1551938
223,2020-03-26,20550,300,21350,21900,20550,967744
222,2020-03-27,20900,350,21350,21800,20100,729919
221,2020-03-30,20900,0,20250,21150,19900,557595
220,2020-03-31,20950,50,21700,21700,20750,747780
219,2020-04-01,20250,700,20800,21850,20250,722604
215,2020-04-02,20500,250,20100,20550,19700,514916
214,2020-04-03,20300,200,20550,20700,19900,568670
213,2020-04-06,20850,550,20450,21050,20300,471693
212,2020-04-07,22100,1250,21600,22200,21100,1094423
211,2020-04-08,22500,400,21850,23250,21500,1076683
208,2020-04-09,22650,150,23000,23200,22550,628180
207,2020-04-10,23000,350,22650,23150,22400,532020
206,2020-04-13,22000,1000,23000,23000,22000,548489
205,2020-04-14,22550,550,22200,22750,22000,406823
204,2020-04-16,22100,450,22100,22350,21400,728349
200,2020-04-17,22600,500,22400,22950,22400,574064
199,2020-04-20,23600,1000,22700,24400,22600,1117443
198,2020-04-21,24900,1300,23600,28800,23050,7928199
197,2020-04-22,24000,900,24500,25150,23800,1388639
196,2020-04-23,24100,100,24100,24500,24000,803616
193,2020-04-24,25450,1350,24650,26500,24500,3553804
192,2020-04-27,25600,150,25250,25800,25000,1189479
191,2020-04-28,25500,100,25700,26750,25050,2170777
190,2020-04-29,25650,150,25550,26100,25300,1134153
189,2020-05-04,23850,1800,24300,24850,23850,1373770
185,2020-05-06,24050,200,24250,24400,23850,606838
184,2020-05-07,24100,50,24050,24300,23950,453635
183,2020-05-08,24050,50,24200,24450,24050,536712
182,2020-05-11,23900,150,24300,24300,23700,453300
181,2020-05-12,23300,600,23850,23950,23050,632801
178,2020-05-13,23900,600,22900,23900,22800,561222
177,2020-05-14,23400,500,23650,23800,23150,497724
176,2020-05-15,23350,50,23450,23600,23050,362692
175,2020-05-18,23300,50,23500,23550,22850,447628
174,2020-05-19,23850,550,23800,24200,23400,670592
170,2020-05-20,23800,50,23800,24050,23550,343833
169,2020-05-21,24150,350,24050,24650,23750,675007
168,2020-05-22,23750,400,24450,24450,23400,492228
167,2020-05-25,23850,100,23900,23950,23600,298244
166,2020-05-26,24250,400,23850,24400,23800,464268
163,2020-05-27,25700,1450,24400,25900,24350,1928534
162,2020-05-28,24950,750,26000,26000,24700,1222460
161,2020-05-29,25350,400,25350,25600,24700,980796
160,2020-06-01,25400,50,26100,26200,25350,949147
159,2020-06-02,25750,350,25300,25850,25050,746644
155,2020-06-03,26550,800,26000,26750,25950,1472650
154,2020-06-04,26800,250,27250,27500,26200,1466919
153,2020-06-05,26850,50,26900,26950,26350,557885
152,2020-06-08,26600,250,27200,27300,26550,650241
151,2020-06-09,27000,400,26950,27500,26750,965866
148,2020-06-10,26750,250,27150,27300,26650,536749
147,2020-06-11,26000,750,26550,26700,25550,1133608
146,2020-06-12,24900,1100,24800,25100,24600,850731
145,2020-06-15,24400,500,25500,26100,24400,1575502
144,2020-06-16,25100,700,24500,25200,24450,1080104
140,2020-06-17,26350,1250,26400,27350,25600,3434205
139,2020-06-18,26400,50,26450,26850,26100,1462482
138,2020-06-19,25500,900,26750,26750,25350,1256614
137,2020-06-22,25000,500,25550,25650,24800,609993
136,2020-06-23,24600,400,25000,25200,24600,558026
133,2020-06-24,24800,200,24350,24800,24100,691729
132,2020-06-25,23900,900,24200,24400,23900,656023
131,2020-06-26,24000,100,24000,24100,23800,304047
130,2020-06-29,23500,500,23700,23700,23150,513866
129,2020-06-30,23750,250,23900,24150,23700,423907
125,2020-07-01,23550,200,23950,23950,23500,252855
124,2020-07-02,23900,350,23650,24000,23650,188712
123,2020-07-03,24100,200,23900,24100,23750,173368
122,2020-07-06,24800,700,24800,25000,24550,568913
121,2020-07-07,24450,350,24800,24800,24300,328433
118,2020-07-08,24200,250,24450,24450,24200,306300
117,2020-07-09,24300,100,24350,24450,23950,374035
116,2020-07-10,23800,500,24150,24300,23800,293956
115,2020-07-13,24000,200,23700,24150,23600,238410
114,2020-07-14,24100,100,24000,24100,23700,187588
110,2020-07-15,24350,250,24200,24650,24150,367312
109,2020-07-16,24700,350,24500,24950,24450,365502
108,2020-07-17,24450,250,24650,24900,24350,220518
107,2020-07-20,24400,50,24300,24700,24200,253245
106,2020-07-21,24700,300,24700,25400,24300,519998
103,2020-07-22,25050,350,24800,25650,24750,758203
102,2020-07-23,25050,0,24900,25050,24450,402420
101,2020-07-24,24550,500,24800,25000,24450,324292
100,2020-07-27,24600,50,24500,24900,24500,251932
99,2020-07-28,25450,850,24650,26250,24400,1069644
95,2020-07-29,24900,550,25850,26200,24800,1644830
94,2020-07-30,24350,550,24950,24950,24300,745200
93,2020-07-31,23950,400,24350,24450,23950,486915
92,2020-08-03,23500,450,23850,24000,23450,546710
91,2020-08-04,23650,150,23400,23850,23400,358299
88,2020-08-05,23450,200,23650,23800,23400,475843
87,2020-08-06,24000,550,23500,24200,23450,559702
86,2020-08-07,23650,350,24050,24300,23500,589220
85,2020-08-10,24150,500,23700,24250,23650,552596
84,2020-08-11,25100,950,24300,25250,24050,1120282
80,2020-08-12,25050,50,25100,25100,24500,658625
79,2020-08-13,24950,100,25300,25400,24650,614546
78,2020-08-14,24900,50,25000,25050,24500,409587
77,2020-08-18,23750,1150,24700,24800,23550,779871
76,2020-08-19,23950,200,23750,24050,23650,303421
73,2020-08-20,22900,1050,23650,23850,22850,773324
72,2020-08-21,22900,0,23250,23450,22700,395109
71,2020-08-24,22750,150,22850,22950,22300,327587
70,2020-08-25,23100,350,22950,23200,22800,303141
69,2020-08-26,22750,350,23150,23150,22650,404078
65,2020-08-27,22300,450,22700,22750,22200,439497
64,2020-08-28,22450,150,22300,22700,22250,320065
63,2020-08-31,22450,0,22700,22950,22350,402678
62,2020-09-01,22700,250,22300,22800,22250,340804
61,2020-09-02,23400,700,22950,23400,22600,468808
58,2020-09-03,23200,200,23450,23550,23000,462658
57,2020-09-04,23400,200,22700,23600,22700,622591
56,2020-09-07,23250,150,23300,23550,23100,360481
55,2020-09-08,23700,450,23250,24250,23250,655574
54,2020-09-09,23250,450,23500,23650,23250,378896
50,2020-09-10,23050,200,23350,23450,23000,443378
49,2020-09-11,23300,250,23000,23300,22900,274858
48,2020-09-14,23400,100,23500,23550,23150,315437
47,2020-09-15,23500,100,23400,23600,23350,262067
46,2020-09-16,23450,50,23500,23650,23350,322284
43,2020-09-17,23300,150,23500,23600,23100,353118
42,2020-09-18,23950,650,23350,23950,23250,488447
41,2020-09-21,23700,250,23900,24050,23600,416522
40,2020-09-22,22950,750,23650,23650,22900,466489
39,2020-09-23,22700,250,23000,23150,22600,339544
35,2020-09-24,22550,150,22500,22600,22150,393227
34,2020-09-25,22550,0,22700,22800,22550,191100
33,2020-09-28,22700,150,22700,22850,22550,152384
32,2020-09-29,22800,100,23050,23050,22750,227462
31,2020-10-05,23050,250,23100,23150,22750,197519
28,2020-10-06,22900,150,23000,23150,22800,294305
27,2020-10-07,23000,100,22850,23100,22650,207644
26,2020-10-08,23000,0,23050,23200,22900,270274
25,2020-10-12,22900,100,23100,23100,22850,237271
24,2020-10-13,22800,100,23000,23000,22750,206282
20,2020-10-14,22700,100,22800,22850,22700,224816
19,2020-10-15,22400,300,22700,22800,22300,339960
18,2020-10-16,22350,50,22450,22600,22250,249912
17,2020-10-19,22600,250,22300,22850,22300,275718
16,2020-10-20,22600,0,22750,22850,22450,209510
13,2020-10-21,22800,200,22650,22800,22500,176633
12,2020-10-22,23050,250,22850,23150,22600,442874
11,2020-10-23,22900,150,23150,23150,22800,189816
10,2020-10-26,22700,200,22900,22950,22700,199241
9,2020-10-27,22400,300,22600,22700,22400,277656
5,2020-10-28,22450,50,22450,22500,22350,152909
4,2020-10-29,22150,300,22200,22250,22000,276877
3,2020-10-30,21800,350,22200,22250,21800,315549
2,2020-11-02,21850,50,22000,22100,21800,145949
1,2020-11-03,22150,300,21900,22250,21900,191813
