,date,close,diff,open,high,low,volume
448,2019-08-16,5900,160,6040,6040,5690,92872
447,2019-08-19,5880,20,5920,6000,5830,54973
446,2019-08-20,5930,50,5850,6010,5850,82405
445,2019-08-21,5940,10,6130,6180,5910,167780
444,2019-08-22,5840,100,5970,6010,5820,86310
440,2019-08-23,5670,170,5820,5840,5640,186910
439,2019-08-26,5350,320,5520,5600,5260,186272
438,2019-08-27,5290,60,5430,5560,5290,221561
437,2019-08-28,5470,180,5290,5470,5290,92784
436,2019-08-29,5460,10,5500,5540,5320,49854
433,2019-08-30,5740,280,5510,5780,5510,136942
432,2019-09-02,5740,0,5690,5780,5660,55322
431,2019-09-03,5890,150,5740,5990,5740,127371
430,2019-09-04,6150,260,5850,6150,5840,232799
429,2019-09-05,6530,380,6180,6600,6140,444476
425,2019-09-06,6500,30,6520,6630,6380,204791
424,2019-09-09,6180,320,6500,6570,6130,241636
423,2019-09-10,6200,20,6180,6310,6100,117484
422,2019-09-11,6340,140,6260,6350,6180,124508
421,2019-09-16,6310,30,6360,6370,6200,57008
418,2019-09-17,6270,40,6510,6510,6260,95120
417,2019-09-18,6260,10,6340,6340,6190,89090
416,2019-09-19,6280,20,6320,6500,6270,99010
415,2019-09-20,6520,240,6410,6720,6300,245880
414,2019-09-23,6500,20,6520,6600,6440,91931
410,2019-09-24,6630,130,6510,6730,6430,173460
409,2019-09-25,6770,140,6590,6790,6520,164410
408,2019-09-26,6900,130,6800,7000,6800,313993
407,2019-09-27,6710,190,6850,6930,6670,104942
406,2019-09-30,6610,100,6700,6710,6560,75868
403,2019-10-01,6830,220,6610,6930,6610,145393
402,2019-10-02,6680,150,6830,6830,6670,85043
401,2019-10-04,6680,0,6680,6720,6610,34922
400,2019-10-07,6600,80,6680,6750,6530,44871
399,2019-10-08,6590,10,6550,6680,6460,99385
395,2019-10-10,6540,50,6580,6640,6420,38240
394,2019-10-11,6480,60,6570,6620,6480,70895
393,2019-10-14,6800,320,6570,6800,6560,158318
392,2019-10-15,6860,60,6800,6900,6600,188602
391,2019-10-16,6830,30,6940,6990,6800,97579
388,2019-10-17,6910,80,6810,6930,6810,75195
387,2019-10-18,6990,80,6980,6990,6900,81920
386,2019-10-21,6910,80,6950,7200,6900,124579
385,2019-10-22,6980,70,6910,7060,6910,61649
384,2019-10-23,6820,160,7000,7010,6790,53258
380,2019-10-24,6820,0,6810,6920,6800,32969
379,2019-10-25,6890,70,6900,7020,6800,109258
378,2019-10-28,6980,90,6870,7050,6870,97031
377,2019-10-29,6980,0,7070,7100,6950,78328
376,2019-10-30,6780,200,7040,7040,6780,102984
373,2019-10-31,6810,30,6900,6930,6790,76615
372,2019-11-01,6750,60,6890,6890,6740,62594
371,2019-11-04,6800,50,6810,6860,6650,156876
370,2019-11-05,6790,10,6740,6850,6740,85717
369,2019-11-06,6750,40,6750,6860,6740,69630
365,2019-11-07,6650,100,6720,6810,6610,84205
364,2019-11-08,6440,210,6670,6740,6420,173611
363,2019-11-11,6450,10,6530,6590,6360,126544
362,2019-11-12,6330,120,6420,6520,6240,174570
361,2019-11-13,6350,20,6400,6450,6330,66377
358,2019-11-14,6380,30,6350,6460,6330,72735
357,2019-11-15,6380,0,6340,6450,6340,77215
356,2019-11-18,6430,50,6470,6470,6400,51900
355,2019-11-19,6680,250,6470,6680,6350,194367
354,2019-11-20,6340,340,6630,6650,6300,283813
350,2019-11-21,6090,250,6390,6390,6080,169646
349,2019-11-22,6100,10,6050,6270,6050,57419
348,2019-11-25,6360,260,6220,6370,6160,79334
347,2019-11-26,6400,40,6350,6480,6350,92847
346,2019-11-27,6440,40,6480,6480,6320,42549
343,2019-11-28,6300,140,6450,6460,6300,25926
342,2019-11-29,6240,60,6330,6460,6220,88850
341,2019-12-02,6130,110,6210,6350,6130,69451
340,2019-12-03,6060,70,6130,6150,5980,182682
339,2019-12-04,5910,150,6030,6040,5850,127073
335,2019-12-05,6000,90,5950,6090,5920,114775
334,2019-12-06,6050,50,6070,6110,6010,71431
333,2019-12-09,6160,110,6120,6270,6100,111942
332,2019-12-10,6160,0,6200,6270,5990,175719
331,2019-12-11,6170,10,6160,6230,6090,48098
328,2019-12-12,6300,130,6450,6450,6290,134109
327,2019-12-13,6930,630,6440,7430,6440,3514800
326,2019-12-16,7370,440,6920,7460,6880,1326390
325,2019-12-17,7850,480,7400,7930,7270,1289746
324,2019-12-18,7910,60,7780,8150,7690,927087
320,2019-12-19,7940,30,7910,8160,7850,536641
319,2019-12-20,8030,90,7970,8070,7770,364485
318,2019-12-23,7960,70,8060,8070,7620,313015
317,2019-12-24,7770,190,8000,8000,7700,222766
316,2019-12-26,8060,290,7730,8080,7670,333617
313,2019-12-27,8180,120,8030,8230,7900,376252
312,2019-12-30,8100,80,8170,8200,8070,107995
311,2020-01-02,7960,140,8110,8250,7940,183281
310,2020-01-03,7970,10,8080,8310,7950,357929
309,2020-01-06,7840,130,7790,7940,7730,198014
305,2020-01-07,7850,10,7910,7950,7770,133496
304,2020-01-08,7850,0,7890,8030,7500,445474
303,2020-01-09,8350,500,8170,8410,8050,616267
302,2020-01-10,8640,290,8350,8640,8340,436703
301,2020-01-13,8560,80,8680,8700,8370,277197
298,2020-01-14,8680,120,8680,9180,8540,1114975
297,2020-01-15,8440,240,8800,8800,8400,309004
296,2020-01-16,8960,520,8500,9070,8440,669926
295,2020-01-17,9130,170,9140,9230,8860,539200
294,2020-01-20,9040,90,9220,9230,9030,286010
290,2020-01-21,9020,20,9100,9300,8920,317265
289,2020-01-22,9510,490,8990,10850,8990,3979330
288,2020-01-23,9920,410,9670,10150,9360,1394861
287,2020-01-28,9510,410,9600,9880,9410,822448
286,2020-01-29,9430,80,9750,9770,9390,572140
283,2020-01-30,9120,310,9450,9460,9080,566125
282,2020-01-31,8700,420,9150,9230,8660,817061
281,2020-02-03,8750,50,8490,8830,8180,517202
280,2020-02-04,9000,250,8710,9000,8710,401196
279,2020-02-05,9040,40,9260,9490,9040,706952
275,2020-02-06,9270,230,9220,9350,9140,196113
274,2020-02-07,9380,110,9360,9400,9090,271362
273,2020-02-10,9430,50,9270,9620,9170,408389
272,2020-02-11,9400,30,9570,9650,9400,174509
271,2020-02-12,9330,70,9450,9490,9250,239834
268,2020-02-13,9890,560,9400,10250,9340,1396365
267,2020-02-14,9860,30,9830,9880,9630,520448
266,2020-02-17,9940,80,9860,10100,9680,443487
265,2020-02-18,9690,250,9990,9990,9680,367997
264,2020-02-19,9800,110,9790,10000,9580,377793
260,2020-02-20,9770,30,9880,9960,9710,730673
259,2020-02-21,9560,210,9690,9820,9490,284754
258,2020-02-24,9190,370,9170,9370,9090,301761
257,2020-02-25,9670,480,9180,9680,9120,311201
256,2020-02-26,9680,10,9400,9710,9360,285504
253,2020-02-27,9110,570,9680,9770,8950,351920
252,2020-02-28,8660,450,8800,8990,8440,431721
251,2020-03-02,9120,460,8730,9190,8570,303635
250,2020-03-03,9070,50,9430,9460,9030,237787
249,2020-03-04,9250,180,8990,9400,8970,249133
245,2020-03-05,9560,310,9300,9570,9220,330884
244,2020-03-06,9220,340,9330,9470,9170,215069
243,2020-03-09,8810,410,9100,9100,8800,238220
242,2020-03-10,8990,180,8690,9010,8620,275760
241,2020-03-11,8550,440,9080,9080,8460,230337
238,2020-03-12,7920,630,8300,8580,7700,436659
237,2020-03-13,7550,370,7410,7780,6590,617541
236,2020-03-16,7170,380,7660,7990,7170,264906
235,2020-03-17,6960,210,6900,7230,6730,432760
234,2020-03-18,6510,450,7050,7150,6510,238027
230,2020-03-19,5270,1240,6660,6820,5200,446896
229,2020-03-20,6070,800,5290,6090,5290,638207
228,2020-03-23,5610,460,5770,5870,5500,319987
227,2020-03-24,6090,480,5960,6170,5760,414274
226,2020-03-25,6830,740,6400,6850,6390,465857
223,2020-03-26,6900,70,6860,7080,6630,280037
222,2020-03-27,6780,120,7260,7280,6560,338162
221,2020-03-30,7000,220,6570,7000,6420,200093
220,2020-03-31,6870,130,7120,7140,6750,308493
219,2020-04-01,6680,190,6770,7000,6670,153262
215,2020-04-02,6740,60,6680,6760,6490,210582
214,2020-04-03,6770,30,6800,6900,6630,125691
213,2020-04-06,7030,260,6790,7050,6750,271196
212,2020-04-07,7490,460,7240,7540,7160,506536
211,2020-04-08,7400,90,7590,7600,7300,324621
208,2020-04-09,7350,50,7560,7630,7300,247499
207,2020-04-10,7160,190,7350,7410,7030,285074
206,2020-04-13,7050,110,7270,7270,6960,204958
205,2020-04-14,7250,200,7080,7320,7080,256405
204,2020-04-16,7340,90,7250,7350,7100,223293
200,2020-04-17,7800,460,7530,7910,7450,512513
199,2020-04-20,7890,90,7800,7950,7650,210115
198,2020-04-21,7800,90,7770,7900,7530,256595
197,2020-04-22,7900,100,7710,7900,7590,169663
196,2020-04-23,7930,30,8000,8030,7840,156080
193,2020-04-24,7700,230,7900,7930,7670,149777
192,2020-04-27,7850,150,7800,7920,7770,102599
191,2020-04-28,7810,40,7930,7980,7770,138232
190,2020-04-29,7830,20,7810,8090,7710,310411
189,2020-05-04,7670,160,7740,7830,7560,125502
185,2020-05-06,7970,300,7830,7990,7680,178173
184,2020-05-07,8380,410,8010,8430,7940,325237
183,2020-05-08,8750,370,8480,8970,8440,499565
182,2020-05-11,8970,220,8750,8980,8550,264450
181,2020-05-12,8800,170,8910,8960,8560,221990
178,2020-05-13,8490,310,8620,8700,8430,246764
177,2020-05-14,8240,250,8350,8450,8150,204435
176,2020-05-15,8490,250,8270,8610,8270,267732
175,2020-05-18,8660,170,8510,8740,8320,259334
174,2020-05-19,8580,80,8800,8880,8560,266163
170,2020-05-20,9600,1020,8680,10250,8630,4665545
169,2020-05-21,9500,100,9670,9740,9400,794624
168,2020-05-22,9270,230,9600,9720,9150,647925
167,2020-05-25,9990,720,9360,10000,9270,1324121
166,2020-05-26,9800,190,10150,10200,9680,797434
163,2020-05-27,9400,400,9780,9810,9310,577332
162,2020-05-28,9000,400,9460,9510,8810,563211
161,2020-05-29,9230,230,8960,9230,8750,300004
160,2020-06-01,9200,30,9210,9350,9040,503273
159,2020-06-02,9160,40,9250,9260,9070,286572
155,2020-06-03,8920,240,9280,9280,8880,508088
154,2020-06-04,8840,80,9040,9090,8690,464714
153,2020-06-05,8780,60,8830,8910,8730,278282
152,2020-06-08,8660,120,8830,8890,8580,523433
151,2020-06-09,8450,210,8710,8800,8380,747668
148,2020-06-10,8620,170,8500,8640,8360,385864
147,2020-06-11,8450,170,8640,8670,8400,351503
146,2020-06-12,8120,330,7990,8200,7970,454141
145,2020-06-15,7600,520,8120,8230,7510,602759
144,2020-06-16,7770,170,7810,7890,7700,358665
140,2020-06-17,7780,10,7710,7880,7620,271176
139,2020-06-18,7860,80,7720,8030,7650,231904
138,2020-06-19,8080,220,7910,8170,7820,254373
137,2020-06-22,8010,70,8150,8200,8000,180245
136,2020-06-23,7870,140,8100,8160,7810,257869
133,2020-06-24,7920,50,7910,8020,7830,270966
132,2020-06-25,7720,200,7800,7830,7650,320059
131,2020-06-26,7690,30,7840,7850,7650,205956
130,2020-06-29,7420,270,7600,7600,7350,301688
129,2020-06-30,7470,50,7530,7560,7320,374884
125,2020-07-01,7430,40,7500,7560,7350,373621
124,2020-07-02,7360,70,7410,7540,7320,361325
123,2020-07-03,7880,520,7440,7910,7390,675714
122,2020-07-06,8090,210,7830,8190,7790,716782
121,2020-07-07,7920,170,8210,8210,7840,434073
118,2020-07-08,8370,450,7920,8590,7890,1203748
117,2020-07-09,8520,150,8500,8680,8330,783811
116,2020-07-10,8680,160,8500,8740,8360,636847
115,2020-07-13,8930,250,8780,9020,8630,801937
114,2020-07-14,9240,310,8870,9250,8850,941914
110,2020-07-15,9140,100,9300,9320,8990,705166
109,2020-07-16,8910,230,9260,9260,8840,512678
108,2020-07-17,9810,900,8770,10100,8750,4747288
107,2020-07-20,9610,200,9850,9910,9440,1140392
106,2020-07-21,11150,1540,9670,11700,9620,9822948
103,2020-07-22,11450,300,11050,12300,10950,7231307
102,2020-07-23,11800,350,12100,12700,11500,4067812
101,2020-07-24,11900,100,11500,12350,11300,2534534
100,2020-07-27,12200,300,12000,12350,11600,1920561
99,2020-07-28,12250,50,12200,12600,11950,1560660
95,2020-07-29,12350,100,12350,12450,12000,1083054
94,2020-07-30,12300,50,12500,12550,12150,828663
93,2020-07-31,11850,450,12300,12300,11100,1744861
92,2020-08-03,12200,350,12000,12350,11750,1122622
91,2020-08-04,12150,50,12350,12700,12100,823386
88,2020-08-05,11900,250,12200,12250,11650,867879
87,2020-08-06,11700,200,12000,12050,11450,774463
86,2020-08-07,11750,50,11900,12100,11600,566630
85,2020-08-10,11800,50,11700,11950,11500,514018
84,2020-08-11,12200,400,11750,12200,11450,1216843
80,2020-08-12,11700,500,12450,13650,11550,5498280
79,2020-08-13,11400,300,11800,12050,11400,892239
78,2020-08-14,11000,400,11350,11350,10600,1133638
77,2020-08-18,10450,550,10850,11100,10050,780412
76,2020-08-19,10800,350,10550,10850,10400,437523
73,2020-08-20,9910,890,10800,10800,9840,1165998
72,2020-08-21,9980,70,10000,10150,9720,619320
71,2020-08-24,10000,20,9980,10150,9720,479439
70,2020-08-25,10300,300,10050,10400,9950,435813
69,2020-08-26,10100,200,10400,10400,9970,392112
65,2020-08-27,9800,300,10100,10150,9800,461136
64,2020-08-28,9970,170,9800,10250,9740,590992
63,2020-08-31,10100,130,10200,10200,9950,359645
62,2020-09-01,10250,150,10000,10450,9960,558964
61,2020-09-02,10300,50,10350,10500,10000,561923
58,2020-09-03,10700,400,10550,10900,10400,971547
57,2020-09-04,10500,200,10150,10500,10050,567524
56,2020-09-07,10500,0,10550,10600,10200,539691
55,2020-09-08,11300,800,10500,11600,10400,2386744
54,2020-09-09,11500,200,11000,11750,10950,1485682
50,2020-09-10,11500,0,11800,11850,11200,958317
49,2020-09-11,11150,350,11500,11500,11100,678795
48,2020-09-14,11300,150,11250,11350,11000,344188
47,2020-09-15,11050,250,11550,11550,11000,562809
46,2020-09-16,10800,250,11050,11050,10650,579235
43,2020-09-17,10500,300,10700,10800,10250,700505
42,2020-09-18,10500,0,10400,10550,10250,217342
41,2020-09-21,10250,250,10500,10600,10200,291545
40,2020-09-22,10100,150,10200,10300,9860,338945
39,2020-09-23,10300,200,10200,10450,9860,318017
35,2020-09-24,10000,300,10000,10150,9870,378002
34,2020-09-25,9900,100,10000,10100,9840,243500
33,2020-09-28,10350,450,10000,10350,9960,253746
32,2020-09-29,10450,100,10450,10500,10150,360422
31,2020-10-05,10550,100,10450,10550,10200,211474
28,2020-10-06,10500,50,10600,10650,10400,248510
27,2020-10-07,10550,50,10300,10550,10250,135633
26,2020-10-08,10500,50,10650,10650,10350,265463
25,2020-10-12,11100,600,10500,11200,10450,843797
24,2020-10-13,11400,300,11250,11450,11000,998267
20,2020-10-14,11200,200,11250,11450,11050,432918
19,2020-10-15,11000,200,11250,11250,10750,465073
18,2020-10-16,11300,300,11000,11550,10900,1155304
17,2020-10-19,11400,100,11800,11850,11150,1723734
16,2020-10-20,11050,350,11250,11300,10800,858056
13,2020-10-21,11050,0,11150,11200,10900,405022
12,2020-10-22,10800,250,10850,11100,10800,414849
11,2020-10-23,10250,550,10850,10850,10200,669169
10,2020-10-26,10050,200,10200,10250,9960,424715
9,2020-10-27,10100,50,9930,10350,9850,273173
5,2020-10-28,10350,250,10150,10350,10100,217459
4,2020-10-29,10850,500,10000,10900,9990,599232
3,2020-10-30,10850,0,10850,11350,10650,1153937
2,2020-11-02,10950,100,10900,11050,10750,230894
1,2020-11-03,11050,100,11050,11300,10850,443443
