,date,close,diff,open,high,low,volume
448,2019-08-16,1425,20,1395,1440,1390,709501
447,2019-08-19,1490,65,1520,1670,1465,4451067
446,2019-08-20,1520,30,1510,1520,1450,649179
445,2019-08-21,1500,20,1510,1525,1490,463660
444,2019-08-22,1500,0,1520,1595,1475,1753324
440,2019-08-23,1470,30,1480,1520,1470,554742
439,2019-08-26,1370,100,1430,1450,1300,614963
438,2019-08-27,1385,15,1420,1425,1375,294257
437,2019-08-28,1425,40,1400,1460,1380,461129
436,2019-08-29,1375,50,1440,1440,1365,511193
433,2019-08-30,1415,40,1390,1435,1385,446076
432,2019-09-02,1455,40,1420,1475,1395,473649
431,2019-09-03,1460,5,1475,1475,1445,254853
430,2019-09-04,1520,60,1450,1540,1445,950931
429,2019-09-05,1535,15,1530,1550,1515,497955
425,2019-09-06,1545,10,1540,1575,1525,648258
424,2019-09-09,1610,65,1560,1695,1545,3280396
423,2019-09-10,1600,10,1585,1625,1575,488913
422,2019-09-11,1495,105,1600,1630,1485,1722320
421,2019-09-16,1540,45,1505,1540,1495,551702
418,2019-09-17,1540,0,1530,1550,1500,471910
417,2019-09-18,1600,60,1545,1645,1540,2610183
416,2019-09-19,1605,5,1590,1630,1585,694069
415,2019-09-20,1600,5,1600,1650,1590,736411
414,2019-09-23,1620,20,1595,1635,1575,523687
410,2019-09-24,1645,25,1610,1650,1610,613841
409,2019-09-25,1600,45,1645,1675,1585,921860
408,2019-09-26,1540,60,1610,1635,1540,787173
407,2019-09-27,1475,65,1540,1540,1445,970017
406,2019-09-30,1450,25,1455,1515,1445,460432
403,2019-10-01,1495,45,1465,1515,1450,495434
402,2019-10-02,1480,15,1465,1490,1455,242931
401,2019-10-04,1375,105,1480,1485,1375,723409
400,2019-10-07,1405,30,1420,1440,1380,456854
399,2019-10-08,1410,5,1430,1430,1385,275862
395,2019-10-10,1380,30,1415,1415,1350,383630
394,2019-10-11,1360,20,1380,1395,1355,447432
393,2019-10-14,1385,25,1375,1390,1345,442286
392,2019-10-15,1390,5,1390,1405,1380,224142
391,2019-10-16,1390,0,1400,1410,1380,241759
388,2019-10-17,1370,20,1390,1415,1355,286857
387,2019-10-18,1370,0,1380,1380,1350,326047
386,2019-10-21,1335,35,1370,1375,1335,285027
385,2019-10-22,1330,5,1340,1360,1320,271158
384,2019-10-23,1300,30,1330,1330,1290,370394
380,2019-10-24,1335,35,1300,1345,1290,289854
379,2019-10-25,1310,25,1345,1345,1300,344490
378,2019-10-28,1365,55,1315,1370,1300,409467
377,2019-10-29,1400,35,1360,1405,1345,501541
376,2019-10-30,1370,30,1395,1395,1360,327644
373,2019-10-31,1370,0,1375,1385,1355,242159
372,2019-11-01,1380,10,1375,1380,1330,344854
371,2019-11-04,1370,10,1380,1395,1355,335300
370,2019-11-05,1415,45,1380,1505,1365,2332422
369,2019-11-06,1425,10,1410,1440,1400,537969
365,2019-11-07,1400,25,1425,1430,1385,374310
364,2019-11-08,1435,35,1400,1460,1400,513152
363,2019-11-11,1435,0,1440,1445,1400,353447
362,2019-11-12,1415,20,1435,1445,1395,259764
361,2019-11-13,1390,25,1420,1430,1385,325993
358,2019-11-14,1390,0,1385,1400,1380,214338
357,2019-11-15,1410,20,1395,1410,1345,399757
356,2019-11-18,1395,15,1390,1400,1365,365749
355,2019-11-19,1370,25,1385,1415,1350,316804
354,2019-11-20,1320,50,1360,1375,1300,563259
350,2019-11-21,1245,75,1315,1320,1245,606182
349,2019-11-22,1250,5,1245,1285,1230,311818
348,2019-11-25,1290,40,1255,1295,1250,205643
347,2019-11-26,1315,25,1290,1320,1290,291348
346,2019-11-27,1305,10,1305,1320,1290,188462
343,2019-11-28,1290,15,1310,1310,1280,145866
342,2019-11-29,1270,20,1285,1285,1245,208668
341,2019-12-02,1270,0,1300,1300,1245,160610
340,2019-12-03,1260,10,1255,1270,1240,88765
339,2019-12-04,1215,45,1250,1265,1215,230420
335,2019-12-05,1195,20,1215,1235,1165,290378
334,2019-12-06,1225,30,1185,1225,1185,120263
333,2019-12-09,1230,5,1230,1240,1210,134510
332,2019-12-10,1220,10,1230,1235,1200,143568
331,2019-12-11,1215,5,1220,1230,1205,95706
328,2019-12-12,1255,40,1215,1270,1215,228711
327,2019-12-13,1290,35,1265,1290,1260,154421
326,2019-12-16,1290,0,1290,1305,1270,122445
325,2019-12-17,1255,35,1285,1300,1250,216473
324,2019-12-18,1285,30,1265,1285,1245,173701
320,2019-12-19,1295,10,1285,1300,1265,177389
319,2019-12-20,1280,15,1295,1300,1265,177685
318,2019-12-23,1290,10,1280,1300,1265,225756
317,2019-12-24,1255,35,1275,1300,1255,137531
316,2019-12-26,1285,30,1260,1290,1260,110238
313,2019-12-27,1310,25,1285,1325,1285,260416
312,2019-12-30,1330,20,1305,1330,1295,280079
311,2020-01-02,1350,20,1330,1360,1310,294107
310,2020-01-03,1350,0,1370,1370,1330,183284
309,2020-01-06,1305,45,1350,1350,1290,260055
305,2020-01-07,1305,0,1315,1330,1295,162179
304,2020-01-08,1220,85,1300,1300,1220,603126
303,2020-01-09,1275,55,1260,1285,1255,214488
302,2020-01-10,1280,5,1285,1295,1240,159556
301,2020-01-13,1305,25,1280,1310,1280,293856
298,2020-01-14,1310,5,1315,1320,1290,253134
297,2020-01-15,1320,10,1315,1320,1305,211561
296,2020-01-16,1335,15,1320,1360,1310,342248
295,2020-01-17,1325,10,1335,1355,1315,153605
294,2020-01-20,1295,30,1320,1335,1290,258792
290,2020-01-21,1280,15,1295,1305,1265,156695
289,2020-01-22,1280,0,1285,1315,1270,345010
288,2020-01-23,1300,20,1290,1300,1265,270296
287,2020-01-28,1405,105,1355,1460,1285,10286926
286,2020-01-29,1660,255,1375,1825,1305,33805406
283,2020-01-30,2155,495,1925,2155,1665,93068552
282,2020-01-31,2210,55,2135,2570,2055,87554210
281,2020-02-03,1550,660,2255,2360,1550,25304321
280,2020-02-04,1485,65,1550,1570,1365,14509813
279,2020-02-05,1500,15,1435,1590,1430,11427490
275,2020-02-06,1445,55,1525,1530,1410,4738124
274,2020-02-07,1470,25,1440,1475,1410,3899702
273,2020-02-10,1400,70,1465,1465,1385,3059851
272,2020-02-11,1365,35,1380,1400,1335,2350985
271,2020-02-12,1310,55,1355,1355,1300,2174054
268,2020-02-13,1350,40,1330,1365,1305,2894750
267,2020-02-14,1320,30,1335,1365,1300,1326300
266,2020-02-17,1310,10,1335,1335,1295,1266223
265,2020-02-18,1345,35,1315,1385,1295,4861372
264,2020-02-19,1585,240,1315,1630,1315,41856184
260,2020-02-20,1450,135,1630,1760,1420,30846178
259,2020-02-21,1425,25,1530,1575,1380,7961131
258,2020-02-24,1290,135,1475,1480,1290,5880715
257,2020-02-25,1295,5,1275,1340,1250,3063829
256,2020-02-26,1315,20,1295,1350,1270,2771360
253,2020-02-27,1240,75,1300,1320,1210,1833755
252,2020-02-28,1175,65,1265,1280,1155,2969893
251,2020-03-02,1175,0,1195,1220,1155,1843672
250,2020-03-03,1180,5,1200,1230,1175,1467481
249,2020-03-04,1245,65,1185,1335,1185,8737558
245,2020-03-05,1250,5,1250,1280,1230,1715975
244,2020-03-06,1270,20,1255,1355,1235,7515745
243,2020-03-09,1245,25,1305,1360,1240,6500586
242,2020-03-10,1210,35,1190,1235,1165,2197447
241,2020-03-11,1160,50,1235,1245,1135,1865981
238,2020-03-12,1065,95,1165,1195,1050,2251227
237,2020-03-13,948,117,991,991,855,2231275
236,2020-03-16,964,16,970,1020,924,1412188
235,2020-03-17,916,48,871,967,861,1068975
234,2020-03-18,852,64,917,945,842,1645312
230,2020-03-19,704,148,850,874,672,2406395
229,2020-03-20,734,30,676,746,676,1639548
228,2020-03-23,687,47,698,737,657,608483
227,2020-03-24,720,33,691,760,690,838893
226,2020-03-25,780,60,742,787,742,1104530
223,2020-03-26,830,50,787,857,775,1224036
222,2020-03-27,860,30,869,931,798,3092393
221,2020-03-30,910,50,850,913,832,1536535
220,2020-03-31,910,0,933,943,880,1651763
219,2020-04-01,908,2,924,992,900,4968857
215,2020-04-02,945,37,911,954,890,2390469
214,2020-04-03,947,2,948,964,926,1118011
213,2020-04-06,1120,173,960,1120,954,3133799
212,2020-04-07,1135,15,1260,1270,1090,5802509
211,2020-04-08,1125,10,1120,1160,1075,1961569
208,2020-04-09,1140,15,1140,1190,1110,1288218
207,2020-04-10,1100,40,1140,1140,1050,1171322
206,2020-04-13,1050,50,1080,1090,1030,1089582
205,2020-04-14,1075,25,1050,1115,1045,838249
204,2020-04-16,1095,20,1075,1095,1035,639849
200,2020-04-17,1125,30,1115,1135,1100,941633
199,2020-04-20,1125,0,1125,1155,1110,626070
198,2020-04-21,1090,35,1110,1125,1035,1039914
197,2020-04-22,1080,10,1060,1085,1040,496194
196,2020-04-23,1125,45,1095,1125,1085,551392
193,2020-04-24,1055,70,1125,1145,1050,680822
192,2020-04-27,1090,35,1070,1110,1070,448171
191,2020-04-28,1080,10,1110,1110,1055,578807
190,2020-04-29,1080,0,1075,1100,1065,410162
189,2020-05-04,1080,0,1080,1105,1060,450050
185,2020-05-06,1115,35,1100,1125,1090,793534
184,2020-05-07,1140,25,1115,1140,1105,629123
183,2020-05-08,1150,10,1150,1160,1135,608801
182,2020-05-11,1140,10,1175,1175,1120,536453
181,2020-05-12,1130,10,1140,1185,1095,838662
178,2020-05-13,1135,5,1140,1145,1100,521747
177,2020-05-14,1140,5,1120,1145,1105,559123
176,2020-05-15,1125,15,1140,1150,1105,488868
175,2020-05-18,1110,15,1135,1145,1100,451679
174,2020-05-19,1130,20,1115,1135,1100,628928
170,2020-05-20,1185,55,1140,1210,1140,2007810
169,2020-05-21,1190,5,1185,1205,1170,831099
168,2020-05-22,1155,35,1190,1210,1145,696755
167,2020-05-25,1170,15,1175,1175,1145,566606
166,2020-05-26,1190,20,1175,1205,1165,957253
163,2020-05-27,1210,20,1190,1210,1165,685188
162,2020-05-28,1260,50,1205,1455,1180,16367348
161,2020-05-29,1235,25,1230,1280,1210,2108626
160,2020-06-01,1265,30,1240,1275,1225,1290495
159,2020-06-02,1280,15,1270,1290,1260,1291643
155,2020-06-03,1255,25,1290,1300,1240,1203327
154,2020-06-04,1230,25,1245,1255,1215,1147989
153,2020-06-05,1255,25,1215,1255,1215,600741
152,2020-06-08,1240,15,1260,1265,1225,474981
151,2020-06-09,1250,10,1240,1265,1220,915846
148,2020-06-10,1235,15,1255,1255,1220,506097
147,2020-06-11,1225,10,1235,1245,1200,776356
146,2020-06-12,1185,40,1170,1200,1150,1050453
145,2020-06-15,1070,115,1185,1195,1070,1160570
144,2020-06-16,1110,40,1090,1130,1085,610259
140,2020-06-17,1155,45,1095,1185,1085,705216
139,2020-06-18,1215,60,1165,1240,1145,975942
138,2020-06-19,1225,10,1240,1240,1175,589870
137,2020-06-22,1260,35,1265,1270,1215,1028937
136,2020-06-23,1275,15,1260,1275,1225,1085372
133,2020-06-24,1290,15,1250,1375,1250,2977366
132,2020-06-25,1300,10,1275,1320,1270,1204802
131,2020-06-26,1280,20,1295,1315,1255,857818
130,2020-06-29,1280,0,1295,1305,1250,670852
129,2020-06-30,1260,20,1280,1280,1240,374025
125,2020-07-01,1265,5,1260,1385,1230,2557463
124,2020-07-02,1285,20,1280,1290,1255,771948
123,2020-07-03,1350,65,1280,1350,1275,1577901
122,2020-07-06,1415,65,1335,1415,1300,2061587
121,2020-07-07,1405,10,1415,1420,1390,903558
118,2020-07-08,1510,105,1405,1545,1385,3910539
117,2020-07-09,1350,160,1500,1515,1315,4475402
116,2020-07-10,1270,80,1315,1360,1225,2916212
115,2020-07-13,1335,65,1285,1375,1270,1647572
114,2020-07-14,1390,55,1335,1450,1315,3488377
110,2020-07-15,1350,40,1390,1400,1315,1513587
109,2020-07-16,1355,5,1350,1365,1315,901093
108,2020-07-17,1350,5,1330,1365,1305,741966
107,2020-07-20,1345,5,1350,1405,1335,1015858
106,2020-07-21,1305,40,1345,1350,1290,991235
103,2020-07-22,1280,25,1305,1310,1270,724047
102,2020-07-23,1250,30,1290,1290,1210,1069568
101,2020-07-24,1225,25,1245,1255,1210,550203
100,2020-07-27,1325,100,1225,1350,1220,1213034
99,2020-07-28,1285,40,1320,1330,1280,1042058
95,2020-07-29,1270,15,1295,1305,1250,704887
94,2020-07-30,1235,35,1275,1310,1235,622606
93,2020-07-31,1270,35,1235,1280,1225,574430
92,2020-08-03,1315,45,1295,1325,1275,1025164
91,2020-08-04,1305,10,1300,1310,1280,556210
88,2020-08-05,1265,40,1310,1315,1235,815236
87,2020-08-06,1190,75,1270,1270,1185,2091986
86,2020-08-07,1205,15,1190,1245,1180,1140778
85,2020-08-10,1205,0,1205,1235,1195,736628
84,2020-08-11,1190,15,1215,1215,1190,272105
80,2020-08-12,1195,5,1195,1200,1150,585391
79,2020-08-13,1340,145,1205,1365,1200,3215956
78,2020-08-14,1335,5,1365,1460,1285,4168683
77,2020-08-18,1240,95,1345,1380,1215,1776181
76,2020-08-19,1380,140,1255,1570,1250,17460228
73,2020-08-20,1250,130,1345,1375,1205,6099750
72,2020-08-21,1215,35,1265,1285,1200,2209969
71,2020-08-24,1255,40,1225,1310,1215,1927929
70,2020-08-25,1310,55,1250,1310,1250,1660541
69,2020-08-26,1340,30,1385,1385,1305,2675572
65,2020-08-27,1340,0,1350,1365,1305,1615140
64,2020-08-28,1480,140,1350,1570,1315,12161067
63,2020-08-31,1545,65,1455,1620,1410,8517157
62,2020-09-01,1660,115,1540,1670,1490,5381944
61,2020-09-02,1580,80,1635,1670,1560,3748546
58,2020-09-03,1615,35,1590,1635,1570,2095214
57,2020-09-04,1640,25,1540,1675,1505,2642889
56,2020-09-07,1600,40,1620,1655,1580,1372530
55,2020-09-08,1565,35,1600,1625,1520,2151272
54,2020-09-09,1440,125,1515,1525,1435,3225973
50,2020-09-10,1490,50,1455,1520,1440,1855268
49,2020-09-11,1480,10,1470,1490,1440,1090096
48,2020-09-14,1545,65,1480,1600,1420,2464640
47,2020-09-15,1530,15,1525,1565,1470,1313584
46,2020-09-16,1540,10,1530,1570,1515,1049892
43,2020-09-17,1480,60,1550,1560,1470,1292277
42,2020-09-18,1460,20,1480,1495,1445,892222
41,2020-09-21,1385,75,1460,1460,1385,1300070
40,2020-09-22,1370,15,1385,1405,1325,975446
39,2020-09-23,1395,25,1370,1420,1315,515394
35,2020-09-24,1300,95,1335,1380,1300,858154
34,2020-09-25,1320,20,1305,1345,1290,450652
33,2020-09-28,1430,110,1330,1445,1330,1099815
32,2020-09-29,1570,140,1460,1605,1430,4554769
31,2020-10-05,1690,120,1560,1695,1535,3912767
28,2020-10-06,1750,60,1670,2010,1660,8540483
27,2020-10-07,1895,145,1750,1990,1720,6013591
26,2020-10-08,2040,145,1865,2180,1865,8944135
25,2020-10-12,2150,110,2040,2190,1900,5904113
24,2020-10-13,2020,130,2110,2220,1880,3867899
20,2020-10-14,2235,215,2070,2375,2000,14050066
19,2020-10-15,2390,155,2300,2525,2245,14988488
18,2020-10-16,1995,395,2190,2235,1915,11200531
17,2020-10-19,1775,220,1960,1985,1765,4905658
16,2020-10-20,1640,135,1720,1825,1640,5445713
13,2020-10-21,2100,460,1660,2120,1630,13075408
12,2020-10-22,2100,0,2045,2230,1955,8850491
11,2020-10-23,2095,5,2060,2250,1970,5256683
10,2020-10-26,2180,85,2070,2200,2050,3150280
9,2020-10-27,2025,155,2140,2230,1980,3407902
5,2020-10-28,2025,0,1960,2165,1945,2858033
4,2020-10-29,2020,5,2000,2040,1890,1677311
3,2020-10-30,2050,30,2020,2135,2005,2041578
2,2020-11-02,2100,50,2055,2115,2045,2008607
1,2020-11-03,2055,45,2110,2130,1990,1473300
