,date,close,diff,open,high,low,volume
448,2012-02-01,2125,55,2180,2180,2080,21990
447,2012-02-02,2075,50,2100,2105,2060,42071
446,2012-02-03,2125,50,2050,2130,2050,14411
445,2012-02-06,2170,45,2240,2240,2120,20040
444,2012-02-07,2105,65,2170,2215,2090,29071
440,2012-02-08,2110,5,2130,2150,2045,9828
439,2012-02-09,2165,55,2110,2170,2090,27096
438,2012-02-10,2100,65,2165,2165,2040,29842
437,2012-02-13,2140,40,2110,2150,2070,9960
436,2012-02-14,2125,15,2195,2195,2125,14960
433,2012-02-15,2115,10,2110,2155,2105,16077
432,2012-02-16,2155,40,2115,2240,2095,30321
431,2012-02-17,2135,20,2160,2205,2100,25288
430,2012-02-20,2155,20,2130,2180,2100,31411
429,2012-02-21,2160,5,2180,2250,2130,36020
425,2012-02-22,2205,45,2160,2205,2130,11730
424,2012-02-23,2140,65,2190,2220,2140,14355
423,2012-02-24,2110,30,2150,2150,2100,17235
422,2012-02-27,2130,20,2110,2145,2095,6407
421,2012-02-28,2100,30,2100,2145,2085,12143
418,2012-02-29,2135,35,2100,2135,2080,29364
417,2012-03-02,2140,5,2140,2160,2110,3560
416,2012-03-05,2170,30,2120,2200,2120,11230
415,2012-03-06,2190,20,2190,2190,2100,10133
414,2012-03-07,2145,45,2190,2190,2140,9280
410,2012-03-08,2105,40,2105,2150,2090,16770
409,2012-03-09,2110,5,2115,2165,2100,5660
408,2012-03-12,2050,60,2005,2140,2005,15242
407,2012-03-13,2175,125,2050,2190,2050,20859
406,2012-03-14,2125,50,2200,2200,2110,6935
403,2012-03-15,2130,5,2115,2150,2100,13000
402,2012-03-16,2145,15,2105,2150,2105,2451
401,2012-03-19,2175,30,2130,2180,2130,6610
400,2012-03-20,2175,0,2160,2445,2160,41744
399,2012-03-21,2150,25,2180,2205,2150,12438
395,2012-03-22,2105,45,2110,2150,2100,33330
394,2012-03-23,2110,5,2150,2150,2070,7820
393,2012-03-26,2065,45,2075,2145,2045,6000
392,2012-03-27,2080,15,2130,2130,2070,13650
391,2012-03-28,2080,0,2070,2195,2065,3629
388,2012-03-29,2090,10,2060,2100,2050,8190
387,2012-03-30,2060,30,2060,2130,2020,7662
386,2012-04-02,2080,20,2060,2080,2040,10730
385,2012-04-03,2055,25,2050,2085,2040,6874
384,2012-04-04,2010,45,2055,2080,2000,16853
380,2012-04-05,1975,35,2005,2020,1935,13991
379,2012-04-06,1910,65,1960,1980,1880,18709
378,2012-04-09,2015,105,1910,2015,1850,6011
377,2012-04-10,1975,40,1875,1975,1875,3430
376,2012-04-12,1990,15,1975,1995,1930,150
373,2012-04-13,1935,55,1930,2000,1925,2900
372,2012-04-16,1910,25,1945,1950,1900,12010
371,2012-04-17,1925,15,1920,1935,1890,5660
370,2012-04-18,1925,0,1905,1925,1880,5560
369,2012-04-19,1885,40,1880,1920,1880,6021
365,2012-04-20,1885,0,1890,1900,1840,4514
364,2012-04-23,1820,65,1900,1900,1605,5020
363,2012-04-24,1825,5,1800,1895,1705,12030
362,2012-04-25,1875,50,1845,1900,1780,2610
361,2012-04-26,1765,110,1840,1855,1760,7060
358,2012-04-27,1815,50,1830,1830,1775,340
357,2012-04-30,1820,5,1820,1830,1815,1090
356,2012-05-02,1840,20,1805,1840,1770,980
355,2012-05-03,1840,0,1800,1840,1775,8460
354,2012-05-04,1770,70,1825,1825,1715,3068
350,2012-05-07,1720,50,1825,1825,1700,5379
349,2012-05-08,1700,20,1750,1750,1670,2564
348,2012-05-09,1585,115,1700,1780,1580,6090
347,2012-05-10,1640,55,1585,1660,1585,5490
346,2012-05-11,1600,40,1570,1640,1550,8730
343,2012-05-14,1510,90,1595,1595,1455,9021
342,2012-05-15,1510,0,1455,1585,1450,4020
341,2012-05-16,1540,30,1510,1580,1460,3460
340,2012-05-17,1500,40,1490,1500,1485,410
339,2012-05-18,1580,80,1595,1670,1460,15180
335,2012-05-21,1585,5,1550,1585,1445,10414
334,2012-05-22,1510,75,1585,1585,1430,5994
333,2012-05-23,1500,10,1535,1535,1450,5420
332,2012-05-24,1505,5,1560,1560,1440,2130
331,2012-05-25,1540,35,1560,1565,1490,7480
328,2012-05-29,1535,5,1570,1580,1495,6880
327,2012-05-30,1530,5,1510,1540,1425,8430
326,2012-05-31,1550,20,1530,1570,1525,4100
325,2012-06-01,1580,30,1500,1580,1500,5090
324,2012-06-04,1465,115,1505,1585,1405,25781
320,2012-06-05,1500,35,1465,1500,1465,2250
319,2012-06-07,1510,10,1400,1550,1400,1920
318,2012-06-08,1490,20,1465,1525,1465,1650
317,2012-06-11,1525,35,1510,1525,1490,4140
316,2012-06-12,1550,25,1525,1550,1500,4030
313,2012-06-13,1525,25,1555,1665,1500,5720
312,2012-06-14,1540,15,1525,1540,1500,1620
311,2012-06-15,1475,65,1505,1510,1470,6661
310,2012-06-18,1480,5,1475,1520,1410,9740
309,2012-06-19,1505,25,1515,1550,1495,13330
305,2012-06-20,1440,65,1280,1515,1280,24366
304,2012-06-21,1460,20,1440,1480,1440,9900
303,2012-06-22,1440,20,1450,1495,1400,14452
302,2012-06-25,1420,20,1415,1460,1415,2130
301,2012-06-26,1435,15,1480,1560,1425,7196
298,2012-06-27,1435,0,1450,1500,1405,2630
297,2012-06-28,1525,90,1440,1525,1440,1820
296,2012-06-29,1495,30,1455,1535,1455,5640
295,2012-07-02,1500,5,1495,1550,1490,5550
294,2012-07-03,1450,50,1500,1510,1360,5660
290,2012-07-04,1495,45,1490,1495,1440,1460
289,2012-07-05,1475,20,1500,1515,1475,1730
288,2012-07-06,1430,45,1400,1490,1400,6330
287,2012-07-09,1370,60,1475,1475,1355,14931
286,2012-07-10,1575,205,1370,1575,1350,40670
283,2012-07-11,1810,235,1650,1810,1610,52049
282,2012-07-12,1770,40,2070,2080,1750,270902
281,2012-07-13,1505,265,1730,1730,1505,130905
280,2012-07-16,1540,35,1485,1560,1415,41760
279,2012-07-17,1440,100,1505,1560,1430,33820
275,2012-07-18,1430,10,1440,1455,1385,21691
274,2012-07-19,1410,20,1445,1485,1400,9562
273,2012-07-20,1400,10,1390,1435,1350,39800
272,2012-07-23,1495,95,1390,1590,1390,23571
271,2012-07-24,1500,5,1435,1500,1385,7768
268,2012-07-25,1470,30,1460,1500,1420,4414
267,2012-07-26,1485,15,1450,1485,1450,4090
266,2012-07-27,1440,45,1570,1570,1395,5271
265,2012-07-30,1445,5,1430,1475,1430,2660
264,2012-07-31,1455,10,1445,1465,1420,1370
260,2012-08-01,1455,0,1445,1460,1420,3380
259,2012-08-02,1470,15,1425,1470,1425,2073
258,2012-08-03,1410,60,1470,1470,1395,13090
257,2012-08-06,1385,25,1465,1465,1380,3447
256,2012-08-07,1425,40,1385,1425,1380,9165
253,2012-08-08,1465,40,1450,1475,1415,8360
252,2012-08-09,1680,215,1470,1680,1470,34150
251,2012-08-10,1525,155,1775,1930,1525,146373
250,2012-08-13,1480,45,1525,1565,1440,30161
249,2012-08-14,1505,25,1520,1540,1455,17852
245,2012-08-16,1505,0,1500,1640,1450,13741
244,2012-08-17,1495,10,1470,1540,1460,12942
243,2012-08-20,1505,10,1520,1520,1420,10310
242,2012-08-21,1455,50,1465,1510,1440,4090
241,2012-08-22,1490,35,1450,1490,1440,4210
238,2012-08-23,1460,30,1485,1490,1435,6065
237,2012-08-24,1480,20,1445,1490,1425,7644
236,2012-08-27,1420,60,1440,1480,1415,5955
235,2012-08-28,1450,30,1465,1470,1410,1850
234,2012-08-29,1465,15,1435,1465,1420,5091
230,2012-08-30,1455,10,1465,1485,1425,2060
229,2012-08-31,1460,5,1385,1460,1385,4370
228,2012-09-03,1450,10,1445,1465,1415,5244
227,2012-09-04,1440,10,1425,1445,1425,1580
226,2012-09-05,1430,10,1440,1445,1420,3362
223,2012-09-06,1445,15,1420,1445,1365,9130
222,2012-09-07,1455,10,1430,1460,1415,1160
221,2012-09-10,1450,5,1435,1460,1435,2630
220,2012-09-11,1500,50,1450,1550,1450,18001
219,2012-09-12,1440,60,1480,1490,1420,12870
215,2012-09-13,1430,10,1440,1450,1400,7850
214,2012-09-14,1505,75,1450,1520,1440,18411
213,2012-09-17,1505,0,1505,1520,1475,13157
212,2012-09-18,1500,5,1495,1510,1430,6250
211,2012-09-19,1495,5,1490,1500,1450,7732
208,2012-09-20,1475,20,1495,1495,1450,5970
207,2012-09-21,1445,30,1470,1485,1440,8062
206,2012-09-24,1440,5,1440,1485,1435,8010
205,2012-09-25,1400,40,1450,1455,1390,18842
204,2012-09-26,1360,40,1420,1430,1345,36190
200,2012-09-27,1360,0,1360,1390,1330,11648
199,2012-09-28,1370,10,1380,1380,1340,3000
198,2012-10-02,1370,0,1370,1375,1350,1520
197,2012-10-04,1340,30,1375,1380,1320,5460
196,2012-10-05,1320,20,1320,1335,1300,20130
193,2012-10-08,1295,25,1315,1315,1275,17530
192,2012-10-09,1295,0,1270,1300,1230,12311
191,2012-10-10,1295,0,1325,1325,1270,1811
190,2012-10-11,1285,10,1270,1330,1260,4860
189,2012-10-12,1300,15,1295,1300,1260,10910
185,2012-10-15,1255,45,1300,1385,1250,12280
184,2012-10-16,1245,10,1235,1260,1225,2850
183,2012-10-17,1230,15,1275,1275,1200,4051
182,2012-10-18,1230,0,1230,1285,1230,1052
181,2012-10-19,1250,20,1265,1270,1240,1100
178,2012-10-22,1225,25,1225,1250,1225,220
177,2012-10-23,1240,15,1220,1275,1220,2490
176,2012-10-24,1235,5,1240,1295,1230,6471
175,2012-10-25,1240,5,1250,1250,1175,4740
174,2012-10-26,1240,0,1260,1260,1205,7500
170,2012-10-29,1240,0,1155,1280,1155,3602
169,2012-10-30,1230,10,1150,1250,1150,3081
168,2012-10-31,1240,10,1205,1240,1170,2810
167,2012-11-01,1200,40,1250,1250,1160,9410
166,2012-11-02,1195,5,1210,1215,1170,5532
163,2012-11-05,1210,15,1210,1210,1180,2820
162,2012-11-06,1215,5,1210,1220,1160,6892
161,2012-11-07,1175,40,1210,1210,1170,13628
160,2012-11-08,1185,10,1140,1185,1140,10990
159,2012-11-09,1175,10,1155,1185,1130,31191
155,2012-11-12,1180,5,1180,1180,1140,4450
154,2012-11-13,1150,30,1140,1170,1130,6851
153,2012-11-14,1125,25,1130,1150,1125,3990
152,2012-11-15,1100,25,1100,1150,1065,8905
151,2012-11-16,1100,0,1050,1100,1040,17070
148,2012-11-19,1105,5,1130,1130,1105,340
147,2012-11-20,1115,10,1080,1260,1080,41600
146,2012-11-21,1105,10,1115,1130,1100,5220
145,2012-11-22,1120,15,1100,1175,1100,2110
144,2012-11-23,1100,20,1170,1230,1100,16091
140,2012-11-26,1125,25,1180,1180,1085,3091
139,2012-11-27,1125,0,1125,1140,1080,2811
138,2012-11-28,1100,25,1125,1125,1100,330
137,2012-11-29,1145,45,1100,1170,1100,21093
136,2012-11-30,1155,10,1145,1235,1145,26770
133,2012-12-03,1170,15,1190,1190,1160,2812
132,2012-12-04,1140,30,1180,1180,1125,6101
131,2012-12-05,1180,40,1140,1200,1140,23850
130,2012-12-06,1135,45,1190,1190,1135,15000
129,2012-12-07,1070,65,1140,1175,1070,31090
125,2012-12-10,1090,20,1060,1150,1055,11944
124,2012-12-11,1070,20,1070,1175,1070,23782
123,2012-12-12,1060,10,1110,1110,1055,9610
122,2012-12-13,1050,10,1060,1085,1015,30530
121,2012-12-14,895,155,895,895,895,12461
118,2012-12-17,761,134,761,799,761,225349
117,2012-12-18,712,49,761,761,706,76786
116,2012-12-20,712,0,724,726,712,36523
115,2012-12-21,709,3,712,729,688,26032
114,2012-12-24,705,4,703,726,703,5710
110,2012-12-26,708,3,710,710,701,8196
109,2012-12-27,709,1,706,709,701,11332
108,2012-12-28,715,6,705,715,705,7470
107,2013-01-02,727,12,710,729,710,5361
106,2013-01-03,761,34,727,830,727,13111
103,2013-01-04,770,9,748,788,730,56971
102,2013-01-07,772,2,770,788,746,25310
101,2013-01-08,810,38,850,850,775,49670
100,2013-01-09,830,20,910,920,813,50890
99,2013-01-10,853,23,832,887,816,67420
95,2013-01-11,980,127,980,980,980,23092
94,2013-01-14,1125,145,1125,1125,1125,23910
93,2013-01-15,1290,165,1290,1290,1290,54090
92,2013-01-16,1480,190,1480,1480,1435,671678
91,2013-01-17,1370,110,1480,1575,1370,1265664
88,2013-01-18,1400,30,1400,1425,1300,647298
87,2013-01-21,1390,10,1360,1500,1280,1003103
86,2013-01-22,1185,205,1330,1335,1185,618108
85,2013-01-23,1150,35,1170,1240,1145,523087
84,2013-01-24,1145,5,1145,1190,1110,359595
80,2013-01-25,1060,85,1185,1185,1045,691072
79,2013-01-28,905,155,1035,1060,905,606973
78,2013-01-29,911,6,899,938,870,311507
77,2013-01-30,916,5,903,929,881,210260
76,2013-01-31,902,14,915,915,884,128908
73,2013-02-01,841,61,903,903,812,249146
72,2013-02-04,807,34,839,839,801,117915
71,2013-02-05,769,38,803,806,751,177421
70,2013-02-06,769,0,0,0,0,0
69,2013-02-07,769,0,0,0,0,0
65,2013-02-08,769,0,0,0,0,0
64,2013-02-12,769,0,0,0,0,0
63,2013-02-13,769,0,0,0,0,0
62,2013-02-14,769,0,0,0,0,0
61,2013-02-15,769,0,0,0,0,0
58,2013-02-18,769,0,0,0,0,0
57,2013-02-19,769,0,0,0,0,0
56,2013-02-20,769,0,0,0,0,0
55,2013-02-21,769,0,0,0,0,0
54,2013-02-22,769,0,0,0,0,0
50,2013-02-25,769,0,0,0,0,0
49,2013-02-26,769,0,0,0,0,0
48,2013-02-27,769,0,0,0,0,0
47,2013-02-28,769,0,0,0,0,0
46,2013-03-04,769,0,0,0,0,0
43,2013-03-05,769,0,0,0,0,0
42,2013-03-06,769,0,0,0,0,0
41,2013-03-07,769,0,0,0,0,0
40,2013-03-08,769,0,0,0,0,0
39,2013-03-11,769,0,0,0,0,0
35,2013-03-12,769,0,0,0,0,0
34,2013-03-13,769,0,0,0,0,0
33,2013-03-14,769,0,0,0,0,0
32,2013-03-15,769,0,0,0,0,0
31,2013-03-18,769,0,0,0,0,0
28,2013-03-19,769,0,0,0,0,0
27,2013-03-20,769,0,0,0,0,0
26,2013-03-21,769,0,0,0,0,0
25,2013-03-22,769,0,0,0,0,0
24,2013-03-25,769,0,0,0,0,0
20,2013-03-26,769,0,0,0,0,0
19,2013-03-27,769,0,0,0,0,0
18,2013-03-28,769,0,0,0,0,0
17,2013-03-29,769,0,0,0,0,0
16,2013-04-01,769,0,0,0,0,0
13,2013-04-02,769,0,0,0,0,0
12,2013-04-03,769,0,0,0,0,0
11,2013-04-04,769,0,0,0,0,0
10,2013-04-05,166,603,170,195,149,4369794
9,2013-04-08,127,39,155,166,127,2644953
5,2013-04-09,88,39,114,114,84,3863483
4,2013-04-10,94,6,86,110,86,2188165
3,2013-04-11,94,0,105,105,84,2690598
2,2013-04-12,73,21,101,101,73,2269557
