,date,close,diff,open,high,low,volume
448,2019-08-16,2700,0,2700,2700,2700,0
447,2019-08-19,2700,0,2700,2700,2700,0
446,2019-08-20,2700,0,2700,2700,2700,0
445,2019-08-21,3000,300,2800,3000,2800,30
444,2019-08-22,3000,0,3000,3000,3000,0
440,2019-08-23,3000,0,3000,3000,3000,0
439,2019-08-26,3000,0,3000,3000,3000,0
438,2019-08-27,3000,0,3000,3000,3000,0
437,2019-08-28,3000,0,3000,3000,3000,0
436,2019-08-29,3000,0,3000,3000,3000,0
433,2019-08-30,3000,0,3000,3000,3000,0
432,2019-09-02,3000,0,3000,3000,3000,0
431,2019-09-03,3200,200,3100,3200,3100,20
430,2019-09-04,3200,0,3200,3200,3200,0
429,2019-09-05,3200,0,3200,3200,3200,0
425,2019-09-06,3200,0,3200,3200,3200,0
424,2019-09-09,3300,100,3295,3300,3295,11
423,2019-09-10,3600,300,3400,3600,3400,30
422,2019-09-11,3900,300,3700,3900,3700,30
421,2019-09-16,4000,100,4000,4000,4000,2
418,2019-09-17,4000,0,4000,4000,4000,1
417,2019-09-18,4200,200,4000,4200,4000,30
416,2019-09-19,4200,0,4200,4200,4200,0
415,2019-09-20,4200,0,4200,4200,4200,0
414,2019-09-23,4300,100,4300,4300,4300,2
410,2019-09-24,4300,0,4300,4300,4300,0
409,2019-09-25,4500,200,4300,4500,4300,30
408,2019-09-26,4600,100,4600,4600,4600,1
407,2019-09-27,4600,0,4600,4600,4600,0
406,2019-09-30,4600,0,4600,4600,4600,0
403,2019-10-01,4595,5,4595,4595,4595,0
402,2019-10-02,4595,0,4595,4595,4595,0
401,2019-10-04,4595,0,4595,4595,4595,0
400,2019-10-07,4595,0,4595,4595,4595,0
399,2019-10-08,4595,0,4595,4595,4595,0
395,2019-10-10,4595,0,4595,4595,4595,0
394,2019-10-11,4595,0,4595,4595,4595,0
393,2019-10-14,4700,105,4600,4700,4600,20
392,2019-10-15,4700,0,4700,4700,4700,0
391,2019-10-16,4700,0,4700,4700,4700,0
388,2019-10-17,4700,0,4700,4700,4700,0
387,2019-10-18,4700,0,4700,4700,4700,0
386,2019-10-21,4700,0,4700,4700,4700,0
385,2019-10-22,4700,0,4700,4700,4700,0
384,2019-10-23,4700,0,4700,4700,4700,0
380,2019-10-24,4900,200,4900,4900,4900,100
379,2019-10-25,4900,0,4800,4900,4800,20
378,2019-10-28,4900,0,4900,4900,4900,0
377,2019-10-29,4900,0,4900,4900,4900,0
376,2019-10-30,4900,0,4900,4900,4900,0
373,2019-10-31,4900,0,4900,4900,4900,0
372,2019-11-01,4900,0,4900,4900,4900,0
371,2019-11-04,5000,100,5000,5000,5000,1
370,2019-11-05,5000,0,5000,5000,5000,0
369,2019-11-06,4600,400,4700,4700,4600,20
365,2019-11-07,4900,300,4800,4900,4600,60
364,2019-11-08,4900,0,4900,4900,4900,0
363,2019-11-11,4900,0,4700,4900,4600,21
362,2019-11-12,4700,200,4700,4700,4700,10
361,2019-11-13,4700,0,4700,4700,4700,60
358,2019-11-14,4700,0,4700,4700,4700,20
357,2019-11-15,4700,0,4700,4700,4700,0
356,2019-11-18,4700,0,4700,4700,4700,30
355,2019-11-19,4700,0,4700,4700,4700,0
354,2019-11-20,4700,0,4700,4700,4700,20
350,2019-11-21,4700,0,4700,4700,4700,0
349,2019-11-22,4700,0,4700,4700,4700,0
348,2019-11-25,4700,0,4700,4700,4700,0
347,2019-11-26,4700,0,4700,4700,4700,0
346,2019-11-27,4700,0,4700,4700,4700,0
343,2019-11-28,4600,100,4600,4600,4600,30
342,2019-11-29,4600,0,4600,4600,4600,0
341,2019-12-02,4600,0,4600,4600,4600,0
340,2019-12-03,4700,100,4700,4700,4700,3
339,2019-12-04,4700,0,4700,4700,4700,0
335,2019-12-05,4700,0,4700,4700,4700,0
334,2019-12-06,4700,0,4700,4700,4700,0
333,2019-12-09,4700,0,4700,4700,4700,0
332,2019-12-10,4800,100,4800,4800,4800,10
331,2019-12-11,4895,95,4895,4895,4895,5
328,2019-12-12,4895,0,4895,4895,4895,0
327,2019-12-13,4600,295,4600,4600,4600,10
326,2019-12-16,4595,5,4595,4595,4595,0
325,2019-12-17,4500,95,4500,4500,4500,4
324,2019-12-18,4500,0,4500,4500,4500,0
320,2019-12-19,4500,0,4500,4500,4500,0
319,2019-12-20,4500,0,4500,4500,4500,0
318,2019-12-23,4500,0,4500,4500,4500,0
317,2019-12-24,4500,0,4500,4500,4500,0
316,2019-12-26,4700,200,4700,4700,4700,10
313,2019-12-27,4700,0,4700,4700,4700,0
312,2019-12-30,4700,0,4700,4700,4700,0
311,2020-01-02,4700,0,4700,4700,4700,0
310,2020-01-03,4700,0,4700,4700,4700,0
309,2020-01-06,4700,0,4700,4700,4700,0
305,2020-01-07,4700,0,4700,4700,4700,0
304,2020-01-08,4700,0,4700,4700,4700,0
303,2020-01-09,4700,0,4700,4700,4700,0
302,2020-01-10,4700,0,4700,4700,4700,0
301,2020-01-13,4700,0,4700,4700,4700,60
298,2020-01-14,4700,0,4500,4700,4500,49
297,2020-01-15,4700,0,4700,4700,4700,0
296,2020-01-16,4700,0,4700,4700,4700,0
295,2020-01-17,4700,0,4700,4700,4700,0
294,2020-01-20,4700,0,4700,4700,4700,0
290,2020-01-21,4600,100,4500,4600,4500,170
289,2020-01-22,4600,0,4500,4600,4500,60
288,2020-01-23,4500,100,4500,4500,4500,70
287,2020-01-28,4500,0,4500,4500,4500,70
286,2020-01-29,4500,0,4500,4500,4500,0
283,2020-01-30,4700,200,4500,4700,4500,207
282,2020-01-31,4500,200,4500,4500,4500,10
281,2020-02-03,4500,0,4500,4500,4500,80
280,2020-02-04,4500,0,4500,4500,4500,100
279,2020-02-05,4500,0,4500,4500,4500,100
275,2020-02-06,4500,0,4500,4500,4500,0
274,2020-02-07,4400,100,4400,4400,4400,100
273,2020-02-10,4400,0,4400,4400,4400,0
272,2020-02-11,4400,0,4400,4400,4400,0
271,2020-02-12,4600,200,4600,4600,4600,10
268,2020-02-13,4500,100,5200,5290,4500,1137
267,2020-02-14,4500,0,4500,4500,4500,0
266,2020-02-17,4500,0,4500,4500,4500,100
265,2020-02-18,4500,0,4500,4500,4500,0
264,2020-02-19,4500,0,4500,4500,4500,0
260,2020-02-20,4500,0,4500,4500,4500,0
259,2020-02-21,4400,100,4400,4400,4400,10
258,2020-02-24,4100,300,4200,4200,4100,26
257,2020-02-25,4100,0,4100,4100,4100,0
256,2020-02-26,4000,100,4000,4000,4000,10
253,2020-02-27,4000,0,4000,4000,4000,0
252,2020-02-28,4000,0,4000,4000,4000,0
251,2020-03-02,3900,100,3900,3900,3900,10
250,2020-03-03,3800,100,3800,3800,3800,10
249,2020-03-04,3700,100,3700,3700,3700,10
245,2020-03-05,3605,95,3605,3605,3605,10
244,2020-03-06,3605,0,3605,3605,3605,0
243,2020-03-09,3900,295,3895,3900,3895,20
242,2020-03-10,4000,100,4000,4000,4000,10
241,2020-03-11,4000,0,4000,4000,4000,0
238,2020-03-12,4000,0,4000,4000,4000,0
237,2020-03-13,4000,0,4000,4000,4000,2600
236,2020-03-16,4000,0,4000,4000,4000,0
235,2020-03-17,4000,0,4000,4000,4000,0
234,2020-03-18,4000,0,4000,4000,4000,0
230,2020-03-19,4000,0,4000,4000,4000,0
229,2020-03-20,4000,0,4000,4000,4000,0
228,2020-03-23,4000,0,4000,4000,4000,0
227,2020-03-24,4000,0,4000,4000,4000,0
226,2020-03-25,4000,0,4000,4000,4000,0
223,2020-03-26,4000,0,4000,4000,4000,0
222,2020-03-27,4000,0,4000,4000,4000,0
221,2020-03-30,4000,0,4000,4000,4000,0
220,2020-03-31,4000,0,4000,4000,4000,0
219,2020-04-01,4000,0,4000,4000,4000,0
215,2020-04-02,4000,0,4000,4000,4000,0
214,2020-04-03,4000,0,4000,4000,4000,0
213,2020-04-06,4000,0,4000,4000,4000,0
212,2020-04-07,4000,0,4000,4000,4000,0
211,2020-04-08,4000,0,4000,4000,4000,0
208,2020-04-09,4000,0,4000,4000,4000,0
207,2020-04-10,4000,0,4000,4000,4000,0
206,2020-04-13,4000,0,4000,4000,4000,0
205,2020-04-14,4000,0,4000,4000,4000,0
204,2020-04-16,4000,0,4000,4000,4000,0
200,2020-04-17,4000,0,4000,4000,4000,0
199,2020-04-20,4000,0,4000,4000,4000,0
198,2020-04-21,4000,0,4000,4000,4000,0
197,2020-04-22,4000,0,4000,4000,4000,0
196,2020-04-23,4000,0,4000,4000,4000,0
193,2020-04-24,3700,300,3700,3700,3700,20
192,2020-04-27,3700,0,3700,3700,3700,0
191,2020-04-28,3700,0,3700,3700,3700,0
190,2020-04-29,3700,0,3700,3700,3700,0
189,2020-05-04,3700,0,3700,3700,3700,0
185,2020-05-06,3700,0,3700,3700,3700,0
184,2020-05-07,3700,0,3700,3700,3700,0
183,2020-05-08,3700,0,3700,3700,3700,0
182,2020-05-11,3700,0,3700,3700,3700,0
181,2020-05-12,3700,0,3700,3700,3700,0
178,2020-05-13,3700,0,3700,3700,3700,0
177,2020-05-14,3690,10,3600,3690,3600,30
176,2020-05-15,3690,0,3690,3690,3690,0
175,2020-05-18,3685,5,3685,3685,3685,0
174,2020-05-19,3685,0,3685,3685,3685,0
170,2020-05-20,3680,5,3680,3680,3680,0
169,2020-05-21,3680,0,3680,3680,3680,0
168,2020-05-22,3680,0,3680,3680,3680,0
167,2020-05-25,3680,0,3680,3680,3680,0
166,2020-05-26,3680,0,3680,3680,3680,0
163,2020-05-27,3680,0,3680,3680,3680,0
162,2020-05-28,3680,0,3680,3680,3680,0
161,2020-05-29,3680,0,3680,3680,3680,0
160,2020-06-01,3900,220,3680,3900,3680,31
159,2020-06-02,3900,0,3900,3900,3900,50
155,2020-06-03,3900,0,3900,3900,3900,0
154,2020-06-04,3900,0,3900,3900,3900,0
153,2020-06-05,3900,0,3900,3900,3900,0
152,2020-06-08,3900,0,3900,3900,3900,0
151,2020-06-09,3900,0,3900,3900,3900,0
148,2020-06-10,3900,0,3900,3900,3900,0
147,2020-06-11,3900,0,3900,3900,3900,0
146,2020-06-12,3900,0,3900,3900,3900,0
145,2020-06-15,3900,0,3900,3900,3900,0
144,2020-06-16,3900,0,3900,3900,3900,0
140,2020-06-17,3900,0,3900,3900,3900,0
139,2020-06-18,3900,0,3900,3900,3900,0
138,2020-06-19,3900,0,3900,3900,3900,0
137,2020-06-22,3900,0,3900,3900,3900,0
136,2020-06-23,3900,0,3900,3900,3900,0
133,2020-06-24,4000,100,4000,4000,4000,10
132,2020-06-25,4000,0,4000,4000,4000,0
131,2020-06-26,4000,0,4000,4000,4000,0
130,2020-06-29,4000,0,4000,4000,4000,0
129,2020-06-30,4100,100,4100,4100,4100,10
125,2020-07-01,4100,0,4100,4100,4100,0
124,2020-07-02,4100,0,4100,4100,4100,0
123,2020-07-03,4100,0,4100,4100,4100,0
122,2020-07-06,4100,0,4100,4100,4100,0
121,2020-07-07,4200,100,4200,4200,4200,10
118,2020-07-08,4200,0,4200,4200,4200,0
117,2020-07-09,4400,200,4300,4400,4300,20
116,2020-07-10,4500,100,4500,4500,4500,10
115,2020-07-13,4600,100,4600,4600,4600,10
114,2020-07-14,4800,200,4700,4800,4700,20
110,2020-07-15,4800,0,4800,4800,4800,0
109,2020-07-16,4900,100,4900,4900,4900,5
108,2020-07-17,4900,0,4900,4900,4900,5
107,2020-07-20,5000,100,5000,5000,5000,5
106,2020-07-21,5100,100,5000,5100,5000,15
103,2020-07-22,5100,0,5100,5100,5100,0
102,2020-07-23,5100,0,5100,5100,5100,0
101,2020-07-24,4900,200,4900,4900,4900,10
100,2020-07-27,4900,0,4900,4900,4900,0
99,2020-07-28,4900,0,4900,4900,4900,0
95,2020-07-29,4900,0,4900,4900,4900,0
94,2020-07-30,5100,200,5100,5100,5100,10
93,2020-07-31,5100,0,5100,5100,5100,0
92,2020-08-03,4900,200,4900,4900,4900,10
91,2020-08-04,4900,0,4900,4900,4900,0
88,2020-08-05,4900,0,4900,4900,4900,0
87,2020-08-06,4900,0,4900,4900,4900,0
86,2020-08-07,4900,0,4900,4900,4900,0
85,2020-08-10,4900,0,4900,4900,4900,0
84,2020-08-11,4900,0,4900,4900,4900,0
80,2020-08-12,5100,200,5100,5100,5100,10
79,2020-08-13,5200,100,5100,5200,5100,20
78,2020-08-14,5200,0,5200,5200,5200,0
77,2020-08-18,5200,0,5200,5200,5200,0
76,2020-08-19,5200,0,5200,5200,5200,0
73,2020-08-20,5400,200,5400,5400,5400,10
72,2020-08-21,5400,0,5400,5400,5400,0
71,2020-08-24,5400,0,5400,5400,5400,10
70,2020-08-25,5600,200,5600,5600,5600,90
69,2020-08-26,5600,0,5600,5600,5600,0
65,2020-08-27,5600,0,5600,5600,5600,0
64,2020-08-28,5400,200,5500,5500,5400,160
63,2020-08-31,5400,0,5400,5400,5400,0
62,2020-09-01,5400,0,5400,5400,5400,0
61,2020-09-02,5400,0,5400,5400,5400,0
58,2020-09-03,5600,200,5600,5600,5600,110
57,2020-09-04,5600,0,5600,5600,5600,0
56,2020-09-07,5600,0,5450,5600,5400,110
55,2020-09-08,5600,0,5600,5600,5600,10
54,2020-09-09,5600,0,5600,5600,5600,0
50,2020-09-10,5800,200,6000,6000,5800,40
49,2020-09-11,5800,0,5800,5800,5800,10
48,2020-09-14,6200,400,6200,6200,6000,34
47,2020-09-15,5800,400,6200,6600,5800,391
46,2020-09-16,5800,0,5800,5800,5800,0
43,2020-09-17,5800,0,5800,5800,5800,0
42,2020-09-18,6000,200,6000,6000,6000,10
41,2020-09-21,5600,400,5600,5600,5600,40
40,2020-09-22,5100,500,5800,5800,4800,93
39,2020-09-23,5400,300,5100,5400,5100,25
35,2020-09-24,4700,700,5600,5600,4600,75
34,2020-09-25,4800,100,4800,4800,4800,0
33,2020-09-28,5100,300,4900,5100,4900,40
32,2020-09-29,5200,100,5200,5200,5200,10
31,2020-10-05,5200,0,5200,5200,5200,0
28,2020-10-06,5200,0,5200,5200,5200,0
27,2020-10-07,5400,200,5400,5400,5400,10
26,2020-10-08,5590,190,5590,5590,5590,10
25,2020-10-12,5590,0,5590,5590,5590,0
24,2020-10-13,5590,0,5590,5590,5590,0
20,2020-10-14,5590,0,5590,5590,5590,10
19,2020-10-15,5590,0,5590,5590,5590,0
18,2020-10-16,5500,90,5600,5600,5500,20
17,2020-10-19,5500,0,5500,5500,5500,0
16,2020-10-20,5500,0,5500,5500,5500,0
13,2020-10-21,5800,300,5800,5800,5800,10
12,2020-10-22,5800,0,5800,5800,5800,0
11,2020-10-23,5800,0,5800,5800,5800,0
10,2020-10-26,5600,200,5600,5600,5600,10
9,2020-10-27,5600,0,5600,5600,5600,0
5,2020-10-28,5600,0,5600,5600,5600,0
4,2020-10-29,5600,0,5600,5600,5600,0
3,2020-10-30,5600,0,5600,5600,5600,0
2,2020-11-02,5400,200,5400,5400,5400,10
1,2020-11-03,5400,0,5400,5400,5400,0
