,date,close,diff,open,high,low,volume
448,2019-08-16,11300,100,11300,11550,11100,137787
447,2019-08-19,11350,50,11350,11500,11200,38667
446,2019-08-20,11550,200,11350,11650,11200,83187
445,2019-08-21,12200,650,11550,12200,11400,163163
444,2019-08-22,12450,250,12150,12550,11950,226259
440,2019-08-23,12350,100,12300,12550,12000,97328
439,2019-08-26,11650,700,11950,12000,11600,102334
438,2019-08-27,11800,150,11800,12000,11500,66763
437,2019-08-28,11850,50,11700,11850,11550,57560
436,2019-08-29,11600,250,11850,11850,11450,71400
433,2019-08-30,11850,250,11800,12050,11700,78580
432,2019-09-02,12100,250,11850,12150,11550,66810
431,2019-09-03,11800,300,11900,12050,11800,46615
430,2019-09-04,12100,300,11750,12100,11700,50413
429,2019-09-05,12350,250,12150,12450,12100,84690
425,2019-09-06,12350,0,12300,12450,12200,45333
424,2019-09-09,12100,250,12350,12400,12050,35488
423,2019-09-10,12200,100,12000,12200,11950,49077
422,2019-09-11,11950,250,12100,12200,11850,70301
421,2019-09-16,12100,150,11900,12100,11800,30840
418,2019-09-17,12050,50,12100,12200,11950,34521
417,2019-09-18,12000,50,12100,12200,11800,104161
416,2019-09-19,12300,300,12000,12400,12000,102919
415,2019-09-20,12300,0,12350,12400,12200,45570
414,2019-09-23,12300,0,12350,12400,12200,72655
410,2019-09-24,12400,100,12400,12600,12300,64586
409,2019-09-25,12000,400,12250,12400,11950,70416
408,2019-09-26,12000,0,12100,12200,11700,122807
407,2019-09-27,12100,100,12050,12200,11850,113204
406,2019-09-30,11750,350,12000,12100,11700,136099
403,2019-10-01,11950,200,11800,12000,11700,54358
402,2019-10-02,11700,250,11800,11900,11650,54654
401,2019-10-04,11400,300,11600,11700,11350,80721
400,2019-10-07,11400,0,11550,11650,11250,55015
399,2019-10-08,11550,150,11300,11550,11250,49690
395,2019-10-10,11350,200,11400,11500,11250,94710
394,2019-10-11,11350,0,11350,11500,11300,51085
393,2019-10-14,11750,400,11450,11850,11400,91909
392,2019-10-15,11850,100,11750,11850,11700,33072
391,2019-10-16,11900,50,11950,12050,11750,82233
388,2019-10-17,11800,100,11850,12000,11650,69282
387,2019-10-18,11750,50,11800,11900,11700,56115
386,2019-10-21,11850,100,11800,11850,11700,43421
385,2019-10-22,11850,0,11900,11950,11600,79997
384,2019-10-23,11600,250,11800,11850,11600,55992
380,2019-10-24,11650,50,11700,11700,11450,57991
379,2019-10-25,11800,150,11750,12050,11550,232898
378,2019-10-28,11950,150,11850,12150,11850,90916
377,2019-10-29,11800,150,12000,12100,11750,62196
376,2019-10-30,11700,100,11750,11850,11600,63024
373,2019-10-31,11600,100,11700,11800,11600,47208
372,2019-11-01,11750,150,11650,11750,11500,48180
371,2019-11-04,11950,200,11750,12000,11700,65248
370,2019-11-05,12000,50,12000,12050,11850,41728
369,2019-11-06,12300,300,11950,12400,11950,171737
365,2019-11-07,12000,300,12300,12350,11950,65701
364,2019-11-08,11950,50,12050,12200,11950,41021
363,2019-11-11,11750,200,12000,12050,11650,65158
362,2019-11-12,11850,100,11700,11950,11700,40161
361,2019-11-13,11700,150,11750,11850,11550,80516
358,2019-11-14,11500,200,11700,11750,11450,74922
357,2019-11-15,11650,150,11500,11700,11400,81058
356,2019-11-18,11800,150,11700,11850,11600,67450
355,2019-11-19,11600,200,11700,11850,11600,48347
354,2019-11-20,11050,550,11650,11700,11050,167641
350,2019-11-21,10500,550,11150,11150,10500,190790
349,2019-11-22,10750,250,10600,10900,10600,63429
348,2019-11-25,10950,200,10900,10950,10750,46043
347,2019-11-26,10900,50,10900,11100,10850,58960
346,2019-11-27,10850,50,10900,11000,10750,46080
343,2019-11-28,10700,150,10800,10950,10650,44238
342,2019-11-29,10700,0,10800,10800,10600,65221
341,2019-12-02,10650,50,10700,10850,10650,39418
340,2019-12-03,10900,250,10600,11050,10550,74816
339,2019-12-04,10800,100,10800,10900,10700,35329
335,2019-12-05,10700,100,10800,10950,10600,52723
334,2019-12-06,10700,0,10750,10850,10650,60804
333,2019-12-09,10750,50,10750,10800,10600,31949
332,2019-12-10,10750,0,10700,10750,10600,41172
331,2019-12-11,10900,150,10700,10950,10700,42386
328,2019-12-12,11050,150,10900,11300,10900,91903
327,2019-12-13,11500,450,11300,11550,11150,107161
326,2019-12-16,11600,100,11500,11700,11400,63862
325,2019-12-17,11850,250,11600,11900,11550,74325
324,2019-12-18,11650,200,11850,11950,11550,71788
320,2019-12-19,11700,50,11800,11900,11600,54226
319,2019-12-20,11800,100,11850,11850,11650,36705
318,2019-12-23,11850,50,11800,11850,11700,32878
317,2019-12-24,11750,100,11850,11900,11700,68890
316,2019-12-26,12150,400,11750,12150,11750,111188
313,2019-12-27,12200,50,12050,12200,11850,107119
312,2019-12-30,12300,100,12250,12300,12050,55059
311,2020-01-02,12050,250,12300,12300,11950,94214
310,2020-01-03,11850,200,12100,12250,11800,86674
309,2020-01-06,11450,400,11600,11750,11450,91653
305,2020-01-07,11550,100,11550,11650,11350,54557
304,2020-01-08,10900,650,11500,11500,10900,151833
303,2020-01-09,11450,550,11150,11450,11150,73207
302,2020-01-10,11450,0,11450,11550,11300,52868
301,2020-01-13,11500,50,11500,11550,11400,37235
298,2020-01-14,11900,400,11600,12050,11550,129378
297,2020-01-15,11850,50,12000,12000,11700,55205
296,2020-01-16,12050,200,11800,12050,11800,73740
295,2020-01-17,12600,550,12200,12650,12050,241912
294,2020-01-20,12650,50,12700,13000,12500,179044
290,2020-01-21,12350,300,12600,12650,12200,123200
289,2020-01-22,12550,200,12500,12550,12250,96782
288,2020-01-23,13100,550,12450,13150,12350,222411
287,2020-01-28,12200,900,12450,12650,12100,244487
286,2020-01-29,12350,150,12400,12550,12150,131766
283,2020-01-30,12000,350,12300,12450,11900,104751
282,2020-01-31,11850,150,12100,12300,11700,111193
281,2020-02-03,11850,0,11450,12000,11300,114159
280,2020-02-04,12000,150,11750,12100,11750,105856
279,2020-02-05,11650,350,12100,12200,11550,165325
275,2020-02-06,11800,150,11750,11850,11600,68280
274,2020-02-07,11450,350,11750,11750,11400,177261
273,2020-02-10,11300,150,11400,11400,11150,110513
272,2020-02-11,11450,150,11350,11550,11350,83949
271,2020-02-12,11650,200,11500,11750,11350,110393
268,2020-02-13,11500,150,11650,11750,11400,181203
267,2020-02-14,11550,50,11500,11700,11400,128131
266,2020-02-17,11850,300,11600,11900,11500,134734
265,2020-02-18,11500,350,11850,11850,11500,138014
264,2020-02-19,11450,50,11600,11700,11200,102848
260,2020-02-20,11050,400,11450,11500,11000,225285
259,2020-02-21,10700,350,10900,10950,10600,236116
258,2020-02-24,10200,500,10350,10450,10100,177662
257,2020-02-25,10450,250,10100,10500,10000,148255
256,2020-02-26,10300,150,10200,10450,10100,120547
253,2020-02-27,9910,390,10200,10400,9910,227192
252,2020-02-28,9390,520,9670,9810,9310,278088
251,2020-03-02,9730,340,9440,9760,9270,146892
250,2020-03-03,10050,320,10100,10200,9930,148541
249,2020-03-04,10400,350,9900,10500,9900,108230
245,2020-03-05,10400,0,10550,10550,10250,76776
244,2020-03-06,10600,200,10200,10700,10200,223020
243,2020-03-09,9960,640,10350,10550,9960,147322
242,2020-03-10,10350,390,10000,10350,9850,133764
241,2020-03-11,10050,300,10250,10400,9940,106502
238,2020-03-12,9630,420,9990,10050,9540,208458
237,2020-03-13,8950,680,8860,9140,8370,343678
236,2020-03-16,8580,370,9000,9050,8540,222283
235,2020-03-17,8980,400,8000,8990,8000,169002
234,2020-03-18,8510,470,8980,9090,8510,106963
230,2020-03-19,7390,1120,8600,8870,6970,298348
229,2020-03-20,8410,1020,7500,8470,7470,154400
228,2020-03-23,7400,1010,7800,7890,7330,181930
227,2020-03-24,8090,690,7620,8130,7550,146557
226,2020-03-25,8270,180,8210,8400,7970,310152
223,2020-03-26,8200,70,8260,8450,8040,203695
222,2020-03-27,8210,10,8490,8490,7970,247896
221,2020-03-30,8210,0,8040,8270,7750,146813
220,2020-03-31,8520,310,8250,8620,8250,231475
219,2020-04-01,8300,220,8520,8830,8300,163852
215,2020-04-02,8420,120,8280,8550,8250,51954
214,2020-04-03,8350,70,8420,8570,8210,93723
213,2020-04-06,8700,350,8420,8740,8360,124262
212,2020-04-07,9000,300,9040,9070,8760,115394
211,2020-04-08,8950,50,8990,9180,8830,86778
208,2020-04-09,8970,20,9010,9120,8850,119589
207,2020-04-10,8960,10,8980,9040,8830,98350
206,2020-04-13,8650,310,8950,8950,8650,88483
205,2020-04-14,8900,250,8650,8930,8640,75818
204,2020-04-16,9040,140,8900,9040,8710,71343
200,2020-04-17,9350,310,9080,9450,9080,186123
199,2020-04-20,9330,20,9350,9490,9220,78234
198,2020-04-21,9140,190,9210,9350,8800,128784
197,2020-04-22,9220,80,9000,9280,8890,77734
196,2020-04-23,9690,470,9230,9700,9210,126476
193,2020-04-24,9520,170,9600,9780,9410,96788
192,2020-04-27,9940,420,9600,10050,9540,114681
191,2020-04-28,10000,60,9980,10200,9810,108625
190,2020-04-29,10050,50,9970,10300,9940,86011
189,2020-05-04,9800,250,9960,9960,9720,90183
185,2020-05-06,10300,500,10000,10300,9930,121565
184,2020-05-07,10450,150,10350,10500,10200,107380
183,2020-05-08,10650,200,10450,10650,10400,113375
182,2020-05-11,10550,100,10700,10900,10300,139052
181,2020-05-12,10350,200,10600,10650,10050,105927
178,2020-05-13,10500,150,10150,10700,10000,195842
177,2020-05-14,10200,300,10450,10500,10050,119422
176,2020-05-15,10350,150,10200,10450,10200,68923
175,2020-05-18,10850,500,10550,11000,10300,365580
174,2020-05-19,11050,200,11150,11300,10900,197025
170,2020-05-20,10950,100,11000,11150,10800,176856
169,2020-05-21,10950,0,11250,11550,10850,287906
168,2020-05-22,10550,400,11050,11150,10500,168129
167,2020-05-25,10950,400,10650,10950,10500,134218
166,2020-05-26,11250,300,10950,11300,10800,183640
163,2020-05-27,11150,100,11300,11350,10900,203713
162,2020-05-28,10500,650,11150,11150,10350,361189
161,2020-05-29,10450,50,10450,10550,10150,97028
160,2020-06-01,10750,300,10600,10800,10500,160052
159,2020-06-02,10850,100,10800,10950,10700,129636
155,2020-06-03,10900,50,10900,11200,10800,261662
154,2020-06-04,10800,100,11050,11200,10650,202391
153,2020-06-05,10850,50,10900,10950,10700,87833
152,2020-06-08,10750,100,10900,10950,10650,154550
151,2020-06-09,10700,50,10850,10900,10550,125385
148,2020-06-10,10500,200,10700,10800,10400,154477
147,2020-06-11,10150,350,10500,10500,10100,516217
146,2020-06-12,9790,360,9790,9850,9600,195856
145,2020-06-15,9070,720,9790,9800,9070,197794
144,2020-06-16,9630,560,9300,9710,9300,99209
140,2020-06-17,9760,130,9580,10350,9480,206834
139,2020-06-18,9850,90,9740,9870,9500,45492
138,2020-06-19,9840,10,9870,9950,9710,51135
137,2020-06-22,9800,40,9840,9970,9770,79351
136,2020-06-23,9940,140,9930,10150,9860,151333
133,2020-06-24,10000,60,10100,10100,9970,59187
132,2020-06-25,9710,290,9820,9930,9650,121222
131,2020-06-26,9710,0,9750,9840,9680,54429
130,2020-06-29,9390,320,9600,9610,9220,89968
129,2020-06-30,9420,30,9440,9540,9380,111995
125,2020-07-01,9430,10,9490,9730,9400,78928
124,2020-07-02,9460,30,9450,9530,9420,38507
123,2020-07-03,9510,50,9500,9540,9460,35850
122,2020-07-06,9640,130,9510,9660,9500,82275
121,2020-07-07,9490,150,9650,9730,9480,111932
118,2020-07-08,9490,0,9480,9590,9440,46297
117,2020-07-09,9550,60,9510,9650,9500,76194
116,2020-07-10,9530,20,9550,9620,9460,114700
115,2020-07-13,9700,170,9620,9720,9530,75995
114,2020-07-14,9680,20,9690,9710,9570,42480
110,2020-07-15,9900,220,9720,10100,9720,162118
109,2020-07-16,9910,10,9950,10050,9740,117573
108,2020-07-17,10400,490,9960,10400,9960,244067
107,2020-07-20,10350,50,10450,10500,10150,121950
106,2020-07-21,10200,150,10450,10450,10100,207898
103,2020-07-22,10100,100,10150,10200,9990,171591
102,2020-07-23,9940,160,10150,10150,9900,153194
101,2020-07-24,9690,250,9940,9940,9650,146439
100,2020-07-27,9900,210,9680,9970,9670,87606
99,2020-07-28,10450,550,9940,10600,9940,591820
95,2020-07-29,11500,1050,11900,13050,11300,7200177
94,2020-07-30,10850,650,11700,12050,10650,2274401
93,2020-07-31,10850,0,10900,11350,10650,736550
92,2020-08-03,10850,0,11000,11100,10700,317714
91,2020-08-04,10900,50,10850,11050,10750,364882
88,2020-08-05,10800,100,10950,11000,10750,224132
87,2020-08-06,10800,0,10800,11050,10800,186876
86,2020-08-07,10850,50,10900,10950,10750,191539
85,2020-08-10,10800,50,10900,10900,10700,201467
84,2020-08-11,10850,50,10850,10950,10700,220140
80,2020-08-12,10850,0,10850,11000,10750,226842
79,2020-08-13,11250,400,10950,11550,10900,698620
78,2020-08-14,11000,250,11300,11300,10850,318221
77,2020-08-18,10300,700,11000,11050,10200,311587
76,2020-08-19,10350,50,10300,10550,10300,128411
73,2020-08-20,9980,370,10400,10550,9940,357123
72,2020-08-21,10100,120,10100,10550,9940,369618
71,2020-08-24,10050,50,10100,10150,9800,148064
70,2020-08-25,10300,250,10200,10350,10050,116159
69,2020-08-26,10300,0,10300,10350,10100,118734
65,2020-08-27,10000,300,10350,10400,9990,154883
64,2020-08-28,10000,0,10100,10250,9960,156092
63,2020-08-31,10050,50,10100,10200,9990,139693
62,2020-09-01,10100,50,10050,10200,9990,117256
61,2020-09-02,10150,50,10200,10350,10050,152807
58,2020-09-03,10300,150,10250,10550,10250,178919
57,2020-09-04,10350,50,10000,10350,9990,187894
56,2020-09-07,10800,450,10500,11100,10500,488952
55,2020-09-08,10800,0,10900,11200,10600,233669
54,2020-09-09,10650,150,10600,10800,10550,108964
50,2020-09-10,11300,650,10950,11300,10750,384292
49,2020-09-11,11150,150,11200,11250,10950,245304
48,2020-09-14,11200,50,11150,11250,11100,132946
47,2020-09-15,11150,50,11300,11350,11000,149969
46,2020-09-16,11000,150,11150,11150,10850,178498
43,2020-09-17,10700,300,11000,11000,10600,185035
42,2020-09-18,10900,200,10700,10950,10700,93794
41,2020-09-21,10850,50,11000,11250,10800,240228
40,2020-09-22,10550,300,10850,10950,10450,180164
39,2020-09-23,10700,150,10650,10950,10400,214394
35,2020-09-24,10300,400,10450,10700,10250,215621
34,2020-09-25,10350,50,10450,10600,10300,123811
33,2020-09-28,10700,350,10550,10750,10450,121808
32,2020-09-29,10750,50,10800,10900,10700,87497
31,2020-10-05,10900,150,10750,10900,10650,104283
28,2020-10-06,10750,150,10950,10950,10700,99723
27,2020-10-07,10900,150,10700,11000,10600,101771
26,2020-10-08,11150,250,10950,11250,10950,195288
25,2020-10-12,11150,0,11300,11300,11050,120806
24,2020-10-13,11250,100,11250,11300,11050,135156
20,2020-10-14,11100,150,11250,11300,11050,115010
19,2020-10-15,10950,150,11100,11200,10850,144421
18,2020-10-16,10800,150,10950,11000,10700,91183
17,2020-10-19,11000,200,10900,11100,10900,121000
16,2020-10-20,11150,150,10950,11250,10850,134644
13,2020-10-21,11200,50,11300,11300,11150,138444
12,2020-10-22,11500,300,11200,11650,11150,377566
11,2020-10-23,11200,300,11500,11550,11150,224058
10,2020-10-26,10900,300,11250,11300,10700,153085
9,2020-10-27,10850,50,10750,11000,10700,118063
5,2020-10-28,11100,250,10750,11100,10750,74451
4,2020-10-29,11100,0,10900,11150,10800,110897
3,2020-10-30,10950,150,11000,11300,10900,154318
2,2020-11-02,10950,0,10950,11050,10900,105740
1,2020-11-03,11150,200,10950,11200,10950,95506
