,date,close,diff,open,high,low,volume
448,2019-04-17,2085,45,2085,2120,2085,3204
447,2019-04-18,2120,35,2115,2120,2115,2570
446,2019-04-19,2115,5,2080,2115,2080,610
445,2019-04-22,2140,25,2140,2140,2140,5
444,2019-04-23,2100,40,2135,2135,2090,2812
440,2019-04-24,2100,0,2100,2100,2085,395
439,2019-04-25,2135,35,2080,2135,2080,2
438,2019-04-26,2125,10,2125,2125,2125,0
437,2019-04-29,2120,5,2120,2120,2120,113
436,2019-04-30,2095,25,2085,2100,2085,7685
433,2019-05-02,2150,55,2090,2150,2090,4004
432,2019-05-03,2125,25,2085,2175,2085,20407
431,2019-05-07,2125,0,2095,2125,2095,3894
430,2019-05-08,2160,35,2080,2160,2080,402
429,2019-05-09,2140,20,2095,2140,2095,1216
425,2019-05-10,2130,10,2140,2170,2130,13572
424,2019-05-13,2765,635,2170,2765,2135,6936490
423,2019-05-14,2275,490,2930,3590,2220,11805986
422,2019-05-15,2185,90,2370,2495,2135,4560947
421,2019-05-16,2150,35,2150,2170,2125,953421
418,2019-05-17,2135,15,2280,2290,2130,1116328
417,2019-05-20,2135,0,2135,2210,2115,1002957
416,2019-05-21,2215,80,2130,2555,2110,8424348
415,2019-05-22,2135,80,2215,2285,2130,2725179
414,2019-05-23,2130,5,2135,2185,2130,789615
410,2019-05-24,2125,5,2135,2160,2125,336492
409,2019-05-27,2110,15,2120,2140,2110,210692
408,2019-05-28,2095,15,2125,2130,2090,324858
407,2019-05-29,2095,0,2100,2125,2085,283490
406,2019-05-30,2090,5,2100,2110,2090,81821
403,2019-05-31,2105,15,2125,2125,2090,108616
402,2019-06-03,2105,0,2100,2180,2090,999872
401,2019-06-04,2115,10,2190,2205,2105,889512
400,2019-06-05,2110,5,2110,2125,2105,150817
399,2019-06-07,2125,15,2115,2135,2110,103513
395,2019-06-10,2120,5,2135,2135,2110,68491
394,2019-06-11,2115,5,2120,2140,2110,117216
393,2019-06-12,2120,5,2125,2125,2110,122349
392,2019-06-13,2130,10,2120,2135,2120,83829
391,2019-06-14,2180,50,2135,2185,2130,205844
388,2019-06-17,2170,10,2225,2225,2145,195499
387,2019-06-18,2155,15,2150,2180,2140,109946
386,2019-06-19,2135,20,2140,2165,2130,42248
385,2019-06-20,2140,5,2140,2155,2135,38369
384,2019-06-21,2150,10,2145,2185,2145,67810
380,2019-06-24,2150,0,2145,2175,2145,31316
379,2019-06-25,2140,10,2150,2160,2135,104577
378,2019-06-26,2135,5,2140,2165,2135,81298
377,2019-06-27,2140,5,2135,2155,2130,48957
376,2019-06-28,2140,0,2135,2160,2130,47748
373,2019-07-01,2135,5,2130,2140,2120,72920
372,2019-07-02,2140,5,2125,2140,2125,26403
371,2019-07-03,2130,10,2140,2140,2125,20210
370,2019-07-04,2135,5,2130,2150,2130,27580
369,2019-07-05,2150,15,2135,2300,2135,1836602
365,2019-07-08,2165,15,2160,2200,2140,316436
364,2019-07-09,2145,20,2175,2180,2145,140158
363,2019-07-10,2155,10,2140,2165,2140,50727
362,2019-07-11,2150,5,2155,2165,2150,73575
361,2019-07-12,2150,0,2150,2165,2150,66381
358,2019-07-15,2160,10,2165,2170,2150,15728
357,2019-07-16,2145,15,2165,2165,2140,69026
356,2019-07-17,2140,5,2140,2140,2130,51487
355,2019-07-18,2140,0,2155,2155,2135,21847
354,2019-07-19,2140,0,2135,2175,2135,97967
350,2019-07-22,2165,25,2140,2195,2140,164539
349,2019-07-23,2160,5,2160,2175,2145,41871
348,2019-07-24,2155,5,2160,2165,2140,82758
347,2019-07-25,2150,5,2145,2160,2135,28827
346,2019-07-26,2150,0,2135,2150,2135,35462
343,2019-07-29,2135,15,2170,2170,2135,40117
342,2019-07-30,2145,10,2140,2145,2135,13147
341,2019-07-31,2160,15,2140,2165,2135,46131
340,2019-08-01,2140,20,2145,2155,2140,19239
339,2019-08-02,2160,20,2135,2165,2135,35074
335,2019-08-05,2125,35,2145,2155,2100,84372
334,2019-08-06,2120,5,2120,2135,2110,36607
333,2019-08-07,2120,0,2105,2135,2095,22216
332,2019-08-08,2125,5,2100,2125,2100,693
331,2019-08-09,2120,5,2135,2140,2105,4178
328,2019-08-12,2125,5,2105,2150,2105,2102
327,2019-08-13,2125,0,2125,2235,2105,136244
326,2019-08-14,2130,5,2125,2135,2105,28892
325,2019-08-16,2140,10,2140,2145,2125,2879
324,2019-08-19,2125,15,2140,2140,2115,2050
320,2019-08-20,2125,0,2125,2125,2105,12911
319,2019-08-21,2115,10,2120,2150,2110,20845
318,2019-08-22,2120,5,2120,2130,2120,26067
317,2019-08-23,2125,5,2120,2145,2120,2515
316,2019-08-26,2115,10,2120,2125,2115,14038
313,2019-08-27,2110,5,2140,2140,2105,8012
312,2019-08-28,2130,20,2115,2135,2110,5909
311,2019-08-29,2130,0,2120,2130,2120,2781
310,2019-08-30,2120,10,2140,2140,2115,6287
309,2019-09-02,2120,0,2125,2125,2120,3262
305,2019-09-03,2130,10,2120,2130,2115,8025
304,2019-09-04,2125,5,2130,2130,2115,8529
303,2019-09-05,2120,5,2125,2125,2110,5501
302,2019-09-06,2120,0,2110,2125,2110,5341
301,2019-09-09,2115,5,2120,2130,2110,44184
298,2019-09-10,2120,5,2110,2130,2110,16496
297,2019-09-11,2125,5,2120,2125,2120,127
296,2019-09-16,2120,5,2120,2120,2115,9397
295,2019-09-17,2135,15,2120,2135,2105,13188
294,2019-09-18,2130,5,2110,2135,2110,2114
290,2019-09-19,2115,15,2125,2125,2105,29099
289,2019-09-20,2110,5,2115,2115,2105,35751
288,2019-09-23,2110,0,2110,2115,2105,1951
287,2019-09-24,2110,0,2095,2120,2095,14642
286,2019-09-25,2115,5,2110,2135,2110,14875
283,2019-09-26,2115,0,2115,2115,2110,10578
282,2019-09-27,2115,0,2110,2125,2110,7789
281,2019-09-30,2125,10,2115,2125,2105,11962
280,2019-10-01,2130,5,2125,2130,2120,1545
279,2019-10-02,2110,20,2130,2130,2095,15235
275,2019-10-04,2105,5,2110,2125,2105,1490
274,2019-10-07,2100,5,2100,2110,2095,14443
273,2019-10-08,2080,20,2090,2100,2080,43945
272,2019-10-10,2095,15,2080,2110,2075,19225
271,2019-10-11,2090,5,2095,2095,2075,22511
268,2019-10-14,2085,5,2075,2105,2075,4861
267,2019-10-15,2075,10,2085,2085,2075,17852
266,2019-10-16,2075,0,2075,2085,2070,1504
265,2019-10-17,2080,5,2075,2080,2070,5086
264,2019-10-18,2075,5,2070,2075,2070,12999
260,2019-10-21,2070,5,2070,2080,2065,2263
259,2019-10-22,2080,10,2070,2085,2065,12880
258,2019-10-23,2075,5,2080,2080,2060,19406
257,2019-10-24,2065,10,2075,2075,2060,10103
256,2019-10-25,2065,0,2065,2070,2060,1610
253,2019-10-28,2065,0,2055,2090,2055,4062
252,2019-10-29,2090,25,2065,2090,2065,3319
251,2019-10-30,2075,15,2100,2100,2060,2720
250,2019-10-31,2075,0,2075,2075,2060,12098
249,2019-11-01,2125,50,2125,2125,2125,1
245,2019-11-04,2100,25,2060,2120,2060,2781
244,2019-11-05,2070,30,2065,2095,2065,20823
243,2019-11-06,2060,10,2065,2075,2050,18409
242,2019-11-07,2060,0,2085,2085,2050,6916
241,2019-11-08,2065,5,2055,2075,2050,1013
238,2019-11-11,2065,0,2060,2065,2060,1068
237,2019-11-12,2070,5,2060,2070,2060,3270
236,2019-11-13,2065,5,2075,2075,2055,5334
235,2019-11-14,2065,0,2065,2065,2060,3338
234,2019-11-15,2075,10,2075,2075,2050,5262
230,2019-11-18,2050,25,2075,2075,2045,5061
229,2019-11-19,2055,5,2070,2070,2055,3
228,2019-11-20,2055,0,2055,2055,2045,1654
227,2019-11-21,2055,0,2055,2055,2045,6590
226,2019-11-22,2070,15,2055,2070,2055,905
223,2019-11-25,2070,0,2070,2070,2050,1462
222,2019-11-26,2055,15,2070,2070,2045,2186
221,2019-11-27,2055,0,2050,2060,2050,15223
220,2019-11-28,2075,20,2075,2075,2055,1060
219,2019-11-29,2075,0,2075,2075,2065,6661
215,2019-12-02,2075,0,2075,2080,2055,1586
214,2019-12-03,2065,10,2075,2075,2055,1685
213,2019-12-04,2080,15,2065,2080,2065,1023
212,2019-12-05,2050,30,2080,2080,2050,2089
211,2019-12-06,2060,10,2050,2080,2040,8909
208,2019-12-09,2055,5,2065,2065,2035,29230
207,2019-12-10,2055,0,2055,2055,2045,2155
206,2019-12-11,2045,10,2055,2055,2045,8498
205,2019-12-12,2045,0,2045,2065,2040,28154
204,2019-12-13,2050,5,2040,2060,2040,4958
200,2019-12-16,2050,0,2040,2050,2040,6400
199,2019-12-17,2055,5,2060,2060,2035,41551
198,2019-12-18,2035,20,2065,2065,2035,18515
197,2019-12-19,2045,10,2035,2065,2035,27913
196,2019-12-20,2040,5,2045,2045,2040,12539
193,2019-12-23,2040,0,2040,2050,2040,7155
192,2019-12-24,2040,0,2050,2050,2035,18614
191,2019-12-26,2035,5,2040,2050,2035,519
190,2019-12-27,2055,20,2065,2065,2050,72
189,2019-12-30,2045,10,2035,2045,2035,5070
185,2020-01-02,2050,5,2045,2050,2035,5685
184,2020-01-03,2045,5,2035,2045,2035,7261
183,2020-01-06,2040,5,2040,2040,2030,19902
182,2020-01-07,2040,0,2035,2045,2035,3354
181,2020-01-08,2040,0,2040,2040,2040,1427
178,2020-01-09,2040,0,2040,2050,2035,5732
177,2020-01-10,2035,5,2050,2050,2035,5022
176,2020-01-13,2045,10,2035,2045,2030,25700
175,2020-01-14,2040,5,2045,2045,2035,1983
174,2020-01-15,2055,15,2045,2420,2035,3874793
170,2020-01-16,2040,15,2085,2125,2035,405896
169,2020-01-17,2045,5,2045,2170,2035,1077511
168,2020-01-20,2035,10,2050,2060,2035,166284
167,2020-01-21,2035,0,2040,2045,2035,103754
166,2020-01-22,2040,5,2055,2055,2035,34195
163,2020-01-23,2035,5,2055,2055,2035,19890
162,2020-01-28,2040,5,2045,2045,2035,24122
161,2020-01-29,2040,0,2035,2150,2035,806445
160,2020-01-30,2050,10,2045,2070,2040,111222
159,2020-01-31,2040,10,2040,2050,2035,51770
155,2020-02-03,2045,5,2035,2065,2035,59919
154,2020-02-04,2055,10,2060,2060,2040,14915
153,2020-02-05,2055,0,2050,2060,2040,31900
152,2020-02-06,2055,0,2045,2060,2045,5430
151,2020-02-07,2050,5,2045,2055,2040,5488
148,2020-02-10,2050,0,2040,2050,2040,15852
147,2020-02-11,2050,0,2040,2050,2040,20717
146,2020-02-12,2045,5,2050,2050,2040,117820
145,2020-02-13,2050,5,2040,2050,2040,47739
144,2020-02-14,2060,10,2040,2080,2040,121377
140,2020-02-17,2060,0,2045,2110,2045,61859
139,2020-02-18,2055,5,2060,2060,2045,24642
138,2020-02-19,2055,0,2045,2055,2045,11041
137,2020-02-20,2055,0,2045,2055,2045,16213
136,2020-02-21,2050,5,2050,2050,2045,10727
133,2020-02-24,2055,5,2045,2055,2045,26544
132,2020-02-25,2045,10,2055,2055,2045,48163
131,2020-02-26,2045,0,2045,2050,2045,19801
130,2020-02-27,2050,5,2045,2055,2045,11474
129,2020-02-28,2050,0,2045,2050,2045,30383
125,2020-03-02,2045,5,2045,2050,2045,19935
124,2020-03-03,2045,0,2045,2055,2045,5161
123,2020-03-04,2045,0,2045,2055,2045,1873
122,2020-03-05,2050,5,2045,2080,2045,69706
121,2020-03-06,2060,10,2050,2060,2045,28581
118,2020-03-09,2050,10,2060,2060,2045,13869
117,2020-03-10,2045,5,2045,2050,2045,32877
116,2020-03-11,2055,10,2045,2055,2045,4816
115,2020-03-12,2050,5,2045,2055,2045,43456
114,2020-03-13,2045,5,2045,2045,2035,91598
110,2020-03-16,2045,0,2045,2050,2040,32377
109,2020-03-17,2040,5,2035,2050,2025,112643
108,2020-03-18,2040,0,2040,2045,2040,48876
107,2020-03-19,2010,30,2040,2040,2005,68918
106,2020-03-20,2025,15,2035,2035,2015,5194
103,2020-03-23,2005,20,2025,2025,2005,37244
102,2020-03-24,2010,5,2010,2015,2005,8007
101,2020-03-25,2010,0,2035,2035,2000,60480
100,2020-03-26,2015,5,2005,2025,2005,11208
99,2020-03-27,2025,10,2010,2025,2010,11789
95,2020-03-30,2020,5,2025,2035,2005,8426
94,2020-03-31,2020,0,2020,2030,2010,6768
93,2020-04-01,2015,5,2020,2020,2010,6952
92,2020-04-02,2015,0,2015,2020,2015,10418
91,2020-04-03,2030,15,2020,2030,2020,2518
88,2020-04-06,2015,15,2025,2030,2015,10948
87,2020-04-07,2035,20,2025,2035,2025,7861
86,2020-04-08,2035,0,2035,2045,2030,36322
85,2020-04-09,2040,5,2035,2045,2035,46342
84,2020-04-10,2040,0,2040,2045,2040,11820
80,2020-04-13,2050,10,2045,2050,2040,55289
79,2020-04-14,2050,0,2045,2050,2045,6627
78,2020-04-16,2050,0,2045,2050,2045,11528
77,2020-04-17,2045,5,2050,2050,2045,10245
76,2020-04-20,2045,0,2045,2050,2045,485
73,2020-04-21,2045,0,2050,2050,2040,39347
72,2020-04-22,2050,5,2045,2050,2040,3027
71,2020-04-23,2050,0,2045,2050,2045,2040
70,2020-04-24,2050,0,2045,2050,2045,8227
69,2020-04-27,2040,10,2050,2050,2040,1200
65,2020-04-28,2050,10,2040,2050,2040,3288
64,2020-04-29,2055,5,2050,2055,2045,10354
63,2020-05-04,2055,0,2050,2055,2050,1738
62,2020-05-06,2060,5,2055,2060,2045,220
61,2020-05-07,2050,10,2055,2055,2050,518
58,2020-05-08,2050,0,2055,2055,2050,2601
57,2020-05-11,2050,0,2050,2050,2050,519
56,2020-05-12,2050,0,2050,2050,2050,2718
55,2020-05-13,2050,0,2060,2060,2050,1561
54,2020-05-14,2060,10,2050,2060,2050,6856
50,2020-05-15,2055,5,2060,2060,2050,759
49,2020-05-18,2060,5,2060,2060,2050,1283
48,2020-05-19,2060,0,2050,2060,2050,5970
47,2020-05-20,2060,0,2055,2060,2050,6289
46,2020-05-21,2050,10,2055,2060,2050,2990
43,2020-05-22,2050,0,2050,2050,2050,1416
42,2020-05-25,2050,0,2055,2055,2050,1898
41,2020-05-26,2050,0,2060,2060,2050,527
40,2020-05-27,2055,5,2050,2055,2050,30059
39,2020-05-28,2060,5,2050,2060,2050,3756
35,2020-05-29,2050,10,2055,2055,2050,48364
34,2020-06-01,2055,5,2050,2060,2050,95
33,2020-06-02,2050,5,2055,2055,2050,87028
32,2020-06-03,2055,5,2050,2055,2050,22226
31,2020-06-04,2055,0,2055,2055,2050,47001
28,2020-06-05,2055,0,2060,2060,2050,11451
27,2020-06-08,2050,5,2050,2060,2050,8956
26,2020-06-09,2060,10,2050,2065,2050,9563
25,2020-06-10,2055,5,2060,2060,2050,14385
24,2020-06-11,2050,5,2050,2055,2050,42343
20,2020-06-12,2055,5,2045,2055,2045,38745
19,2020-06-15,2050,5,2055,2055,2035,24541
18,2020-06-16,2050,0,2040,2050,2040,20192
17,2020-06-17,2050,0,2040,2050,2040,7571
16,2020-06-18,2040,10,2040,2050,2035,37316
13,2020-06-19,2040,0,2040,2040,2035,54551
12,2020-06-22,2045,5,2040,2050,2035,53576
11,2020-06-23,2045,0,0,0,0,0
10,2020-06-24,2035,10,2040,2040,2035,426647
9,2020-06-25,2035,0,2035,2040,2035,29591
5,2020-06-26,2040,5,2035,2040,2035,20573
4,2020-06-29,2035,5,2040,2040,2035,19570
3,2020-06-30,2035,0,2040,2040,2035,11423
2,2020-07-01,2045,10,2040,2045,2040,5276
