,date,close,diff,open,high,low,volume
448,2014-02-12,284,12,275,294,273,860680
447,2014-02-13,283,1,290,291,279,352013
446,2014-02-14,280,3,280,290,275,522136
445,2014-02-17,274,6,279,284,274,393238
444,2014-02-18,268,6,275,275,267,398036
440,2014-02-19,242,26,268,270,237,2216986
439,2014-02-20,241,1,241,257,238,1056375
438,2014-02-21,237,4,240,243,235,814191
437,2014-02-24,243,6,238,243,236,622873
436,2014-02-25,238,5,244,245,237,679983
433,2014-02-26,234,4,239,240,232,599779
432,2014-02-27,226,8,235,237,226,849976
431,2014-02-28,231,5,226,244,224,2106660
430,2014-03-03,229,2,236,236,224,1123058
429,2014-03-04,226,3,231,232,225,582049
425,2014-03-05,228,2,222,233,222,1233177
424,2014-03-06,231,3,230,238,228,1171171
423,2014-03-07,232,1,232,241,230,886028
422,2014-03-10,231,1,235,235,225,807098
421,2014-03-11,197,34,228,232,197,3343558
418,2014-03-12,169,28,168,196,168,9715149
417,2014-03-13,194,25,175,194,171,7261821
416,2014-03-14,183,11,207,215,175,5225640
415,2014-03-17,210,27,184,210,183,2715970
414,2014-03-18,208,2,209,222,196,1927933
410,2014-03-19,213,5,204,214,196,1171329
409,2014-03-20,209,4,213,228,204,803675
408,2014-03-21,240,31,222,240,222,1889868
407,2014-03-24,238,2,248,261,232,730289
406,2014-03-25,240,2,238,250,236,198509
403,2014-03-26,234,6,244,244,233,322386
402,2014-03-27,217,17,234,234,217,573487
401,2014-03-28,225,8,220,225,220,241417
400,2014-03-31,250,25,237,255,237,727762
399,2014-04-01,255,5,245,255,244,323828
395,2014-04-02,254,1,269,269,253,236178
394,2014-04-03,255,1,251,255,250,264020
393,2014-04-04,255,0,266,266,252,231515
392,2014-04-07,247,8,240,250,240,202244
391,2014-04-08,235,12,245,245,235,349573
388,2014-04-09,239,4,248,248,236,99204
387,2014-04-10,246,7,238,247,238,123153
386,2014-04-11,244,2,244,249,241,160361
385,2014-04-14,246,2,246,249,244,99209
384,2014-04-15,241,5,246,249,241,191594
380,2014-04-16,230,11,243,244,230,266854
379,2014-04-17,223,7,229,229,222,303202
378,2014-04-18,221,2,229,229,221,51982
377,2014-04-21,220,1,228,228,220,107266
376,2014-04-22,224,4,220,227,220,100831
373,2014-04-23,221,3,228,228,221,139007
372,2014-04-24,208,13,210,210,205,611959
371,2014-04-25,199,9,205,205,199,321112
370,2014-04-28,199,0,197,199,192,198393
369,2014-04-29,203,4,195,221,195,370316
365,2014-04-30,206,3,205,210,203,177200
364,2014-05-02,236,30,236,236,236,488002
363,2014-05-07,260,24,271,271,252,1988065
362,2014-05-08,240,20,250,253,237,905574
361,2014-05-09,247,7,231,247,230,371359
358,2014-05-12,240,7,246,250,237,303702
357,2014-05-13,233,7,243,245,233,265840
356,2014-05-14,267,34,237,267,233,990688
355,2014-05-15,260,7,248,266,243,672731
354,2014-05-16,240,20,250,250,240,498233
350,2014-05-19,219,21,229,230,215,700181
349,2014-05-20,227,8,233,233,221,280592
348,2014-05-21,250,23,224,250,219,407666
347,2014-05-22,238,12,244,248,238,195820
346,2014-05-23,230,8,238,239,230,328684
343,2014-05-26,229,1,218,230,218,240922
342,2014-05-27,225,4,228,239,225,53618
341,2014-05-28,229,4,231,231,222,160351
340,2014-05-29,244,15,231,250,231,397506
339,2014-05-30,244,0,244,248,235,123287
335,2014-06-02,231,13,239,239,231,236891
334,2014-06-03,229,2,244,244,227,80959
333,2014-06-05,223,6,232,232,223,158181
332,2014-06-09,222,1,229,229,220,89755
331,2014-06-10,227,5,227,242,224,89570
328,2014-06-11,221,6,230,230,221,366315
327,2014-06-12,217,4,221,224,217,89527
326,2014-06-13,218,1,223,223,218,78129
325,2014-06-16,225,7,218,228,218,139667
324,2014-06-17,230,5,228,230,224,188228
320,2014-06-18,237,7,254,264,234,2089717
319,2014-06-19,231,6,230,245,230,535008
318,2014-06-20,230,1,231,231,221,155989
317,2014-06-23,250,20,233,256,227,411424
316,2014-06-24,240,10,243,252,238,276681
313,2014-06-25,240,0,235,250,235,231586
312,2014-06-26,241,1,248,248,239,195511
311,2014-06-27,232,9,242,245,231,290848
310,2014-06-30,250,18,233,250,233,259339
309,2014-07-01,252,2,246,255,246,376442
305,2014-07-02,250,2,255,260,250,290954
304,2014-07-03,245,5,250,250,243,121035
303,2014-07-04,239,6,242,246,238,152823
302,2014-07-07,239,0,241,241,237,151895
301,2014-07-08,233,6,238,238,225,385353
298,2014-07-09,233,0,230,235,229,275574
297,2014-07-10,225,8,226,231,225,179697
296,2014-07-11,225,0,225,235,224,234405
295,2014-07-14,226,1,230,230,224,105155
294,2014-07-15,233,7,229,234,225,238943
290,2014-07-16,224,9,233,233,222,164752
289,2014-07-17,218,6,224,224,201,240109
288,2014-07-18,221,3,212,223,212,224879
287,2014-07-21,221,0,222,225,218,141685
286,2014-07-22,220,1,222,224,218,58527
283,2014-07-23,218,2,220,220,216,131338
282,2014-07-24,215,3,216,218,215,174379
281,2014-07-25,212,3,218,219,210,213946
280,2014-07-28,210,2,210,215,210,220253
279,2014-07-29,205,5,211,211,203,116690
275,2014-07-30,207,2,207,208,205,168564
274,2014-07-31,211,4,205,214,205,63660
273,2014-08-01,213,2,213,213,209,40058
272,2014-08-04,209,4,210,214,208,55484
271,2014-08-05,212,3,208,216,208,129030
268,2014-08-06,212,0,209,216,209,148653
267,2014-08-07,209,3,214,214,209,63463
266,2014-08-08,194,15,206,206,194,387212
265,2014-08-11,199,5,196,199,194,166031
264,2014-08-12,198,1,198,209,193,207484
260,2014-08-13,194,4,198,199,193,225763
259,2014-08-14,200,6,194,204,191,159357
258,2014-08-18,226,26,203,226,202,412499
257,2014-08-19,217,9,229,229,216,239975
256,2014-08-20,237,20,220,240,220,331681
253,2014-08-21,235,2,232,237,226,150260
252,2014-08-22,237,2,230,237,230,80327
251,2014-08-25,232,5,243,243,231,119097
250,2014-08-26,230,2,237,237,230,70063
249,2014-08-27,228,2,230,235,228,66586
245,2014-08-28,221,7,230,230,199,393293
244,2014-08-29,213,8,220,220,209,295639
243,2014-09-01,203,10,215,217,202,205443
242,2014-09-02,201,2,206,206,200,396745
241,2014-09-03,200,1,201,203,199,210139
238,2014-09-04,200,0,200,203,197,123141
237,2014-09-05,207,7,208,208,202,156308
236,2014-09-11,213,6,207,216,207,158210
235,2014-09-12,218,5,217,218,214,60500
234,2014-09-15,250,32,229,250,219,599497
230,2014-09-16,248,2,260,260,240,535145
229,2014-09-17,239,9,248,248,237,153872
228,2014-09-18,244,5,244,248,240,77710
227,2014-09-19,240,4,246,246,232,228053
226,2014-09-22,236,4,238,240,235,154764
223,2014-09-23,241,5,244,244,236,109141
222,2014-09-24,242,1,234,242,234,144504
221,2014-09-25,250,8,258,258,250,260569
220,2014-09-26,233,17,242,244,233,333301
219,2014-09-29,230,3,230,242,230,100521
215,2014-09-30,247,17,227,247,227,257734
214,2014-10-01,257,10,249,257,238,225141
213,2014-10-02,283,26,250,283,250,476563
212,2014-10-06,315,32,295,315,295,1127513
211,2014-10-07,300,15,315,330,300,699236
208,2014-10-08,323,23,293,323,293,246995
207,2014-10-10,350,27,338,350,332,401921
206,2014-10-13,372,22,350,372,350,554769
205,2014-10-14,382,10,394,405,380,737344
204,2014-10-15,386,4,386,386,368,244196
200,2014-10-16,398,12,386,398,372,158968
199,2014-10-17,401,3,397,404,390,249927
198,2014-10-20,425,24,401,425,400,470626
197,2014-10-21,432,7,434,446,424,280557
196,2014-10-22,420,12,425,425,407,326681
193,2014-10-23,436,16,412,452,412,307297
192,2014-10-24,436,0,442,445,425,144244
191,2014-10-27,410,26,438,438,400,161404
190,2014-10-28,391,19,412,416,391,115896
189,2014-10-29,430,39,400,449,400,488954
185,2014-10-30,434,4,437,455,425,425571
184,2014-10-31,412,22,430,430,410,318050
183,2014-11-03,413,1,412,473,412,816308
182,2014-11-04,419,6,403,429,403,299684
181,2014-11-05,437,18,419,440,415,222692
178,2014-11-06,435,2,421,437,421,85597
177,2014-11-07,428,7,435,440,428,142526
176,2014-11-10,445,17,420,445,417,174029
175,2014-11-11,498,53,446,503,446,866936
174,2014-11-12,503,5,510,513,495,438814
170,2014-11-13,501,2,500,510,498,435896
169,2014-11-14,572,71,508,575,508,965895
168,2014-11-17,487,85,570,597,487,1442529
167,2014-11-18,462,25,496,542,430,1256461
166,2014-11-19,413,49,451,490,401,1853874
163,2014-11-20,412,1,429,432,395,649867
162,2014-11-21,367,45,404,418,352,1621232
161,2014-11-24,371,4,354,390,352,941805
160,2014-11-25,362,9,381,401,359,684539
159,2014-11-26,416,54,363,416,357,1875468
155,2014-11-27,399,17,410,419,390,925386
154,2014-11-28,411,12,405,419,389,468054
153,2014-12-01,436,25,420,437,400,756154
152,2014-12-02,465,29,436,494,420,1630044
151,2014-12-03,472,7,468,480,453,310823
148,2014-12-04,473,1,470,505,454,544593
147,2014-12-05,543,70,474,543,470,2463392
146,2014-12-08,550,7,550,611,537,3579927
145,2014-12-09,512,38,520,563,505,2568708
144,2014-12-10,510,2,512,538,508,402872
140,2014-12-11,527,17,514,550,504,1697061
139,2014-12-12,545,18,526,559,520,1230019
138,2014-12-15,525,20,475,534,475,491890
137,2014-12-16,535,10,530,539,500,263919
136,2014-12-17,511,24,535,549,505,255642
133,2014-12-18,467,44,510,518,461,509701
132,2014-12-19,479,12,470,492,460,394386
131,2014-12-22,493,14,479,510,479,722723
130,2014-12-23,470,23,490,499,470,427542
129,2014-12-24,449,21,465,466,436,571295
125,2014-12-26,454,5,475,490,444,576099
124,2014-12-29,459,5,477,481,443,391539
123,2014-12-30,453,6,468,474,441,363014
122,2015-01-02,421,32,445,468,413,428140
121,2015-01-05,449,28,422,455,401,613773
118,2015-01-06,453,4,450,467,430,192031
117,2015-01-07,452,1,460,460,426,408757
116,2015-01-08,442,10,460,460,441,191558
115,2015-01-09,462,20,441,472,431,342062
114,2015-01-12,440,22,463,469,436,302528
110,2015-01-13,405,35,441,441,403,805186
109,2015-01-14,433,28,404,439,399,556871
108,2015-01-15,439,6,433,446,426,342085
107,2015-01-16,501,62,435,504,422,1540854
106,2015-01-19,485,16,501,523,465,2711985
103,2015-01-20,449,36,498,502,447,1099397
102,2015-01-21,437,12,440,455,430,496898
101,2015-01-22,489,52,435,502,435,4886734
100,2015-01-23,485,4,487,492,460,1092941
99,2015-01-26,461,24,477,501,459,694115
95,2015-01-27,447,14,455,465,447,731418
94,2015-01-28,439,8,447,459,409,1463961
93,2015-01-29,429,10,444,448,422,662024
92,2015-01-30,454,25,440,468,425,806446
91,2015-02-02,486,32,447,489,431,729940
88,2015-02-03,484,2,480,494,467,496975
87,2015-02-04,465,19,484,490,459,919203
86,2015-02-05,477,12,473,487,461,590262
85,2015-02-06,406,71,485,485,406,5015709
84,2015-02-09,414,8,407,425,396,1130704
80,2015-02-10,415,1,415,430,400,591187
79,2015-02-11,416,1,415,425,410,393186
78,2015-02-12,425,9,416,437,410,501885
77,2015-02-13,416,9,436,436,412,408733
76,2015-02-16,423,7,420,440,410,671513
73,2015-02-17,436,13,423,437,411,390058
72,2015-02-23,460,24,449,485,438,1413045
71,2015-02-24,477,17,471,481,451,1110634
70,2015-02-25,461,16,490,500,458,732628
69,2015-02-26,530,69,530,530,530,421300
65,2015-02-27,565,35,560,597,495,7438280
64,2015-03-02,569,4,542,570,542,1331803
63,2015-03-03,625,56,595,654,593,10273794
62,2015-03-04,616,9,617,655,580,4150542
61,2015-03-05,621,5,613,660,608,2591739
58,2015-03-06,597,24,622,622,582,2046216
57,2015-03-09,528,69,585,589,510,4176446
56,2015-03-10,569,41,530,584,508,3710144
55,2015-03-11,520,49,550,552,510,1863372
54,2015-03-12,546,26,520,549,506,1238609
50,2015-03-13,545,1,546,570,523,1238564
49,2015-03-16,610,65,560,615,546,3294842
48,2015-03-17,629,19,605,662,580,3853674
47,2015-03-18,689,60,630,699,630,4662837
46,2015-03-19,586,103,690,690,586,14109063
43,2015-03-20,499,87,550,575,499,20339388
42,2015-03-23,499,0,0,0,0,0
41,2015-03-24,499,0,0,0,0,0
40,2015-03-25,499,0,0,0,0,0
39,2015-03-26,499,0,0,0,0,0
35,2015-03-27,499,0,0,0,0,0
34,2015-03-30,499,0,0,0,0,0
33,2015-03-31,499,0,0,0,0,0
32,2015-04-01,499,0,0,0,0,0
31,2015-04-02,499,0,0,0,0,0
28,2015-04-03,499,0,0,0,0,0
27,2015-04-06,499,0,0,0,0,0
26,2015-04-07,499,0,0,0,0,0
25,2015-04-08,499,0,0,0,0,0
24,2015-04-09,499,0,0,0,0,0
20,2015-04-10,499,0,0,0,0,0
19,2015-04-13,499,0,0,0,0,0
18,2015-04-14,499,0,0,0,0,0
17,2015-04-15,499,0,0,0,0,0
16,2015-04-16,499,0,0,0,0,0
13,2015-04-17,499,0,0,0,0,0
12,2015-04-20,499,0,0,0,0,0
11,2015-04-21,499,0,0,0,0,0
10,2015-04-22,297,202,300,300,221,27433201
9,2015-04-23,180,117,254,280,180,21599188
5,2015-04-24,149,31,165,165,114,25830583
4,2015-04-27,190,41,120,212,120,20881814
3,2015-04-28,134,56,184,237,126,21113647
2,2015-04-29,195,61,145,200,135,18197224
