,date,close,diff,open,high,low,volume
448,2019-08-16,178800,1700,178000,184100,174100,267361
447,2019-08-19,179400,600,182500,184100,175800,164455
446,2019-08-20,184000,4600,180900,184100,177300,147431
445,2019-08-21,187800,3800,182800,187800,181000,167004
444,2019-08-22,187200,600,189900,193700,184400,197346
440,2019-08-23,179300,7900,181500,184400,177200,173120
439,2019-08-26,169300,10000,172100,175300,168100,260648
438,2019-08-27,169300,0,173500,180100,160800,360321
437,2019-08-28,177000,7700,170700,177200,168800,203923
436,2019-08-29,175700,1300,176900,178900,172600,133889
433,2019-08-30,182900,7200,180000,183000,177200,175339
432,2019-09-02,181000,1900,184500,186000,180100,169863
431,2019-09-03,181500,500,179000,186600,178300,145943
430,2019-09-04,183900,2400,181600,186000,181100,130657
429,2019-09-05,193000,9100,183200,198800,181600,436349
425,2019-09-06,183400,9600,195000,195000,180100,499262
424,2019-09-09,180500,2900,182000,186100,179800,181937
423,2019-09-10,175100,5400,182000,182500,170600,367902
422,2019-09-11,183900,8800,180100,190800,179000,576417
421,2019-09-16,199200,15300,189900,199600,188100,472323
418,2019-09-17,194300,4900,197000,204100,193700,487110
417,2019-09-18,191600,2700,195000,197000,188700,366522
416,2019-09-19,184000,7600,192000,192700,180600,439853
415,2019-09-20,176000,8000,182500,185800,174700,546802
414,2019-09-23,171400,4600,176600,182500,171000,578900
410,2019-09-24,120000,51400,120000,120000,120000,75448
409,2019-09-25,84000,36000,84000,84900,84000,3097128
408,2019-09-26,76000,8000,80000,81800,65100,9918066
407,2019-09-27,73400,2600,74700,76000,70500,2687081
406,2019-09-30,66300,7100,73300,73900,64400,2526976
403,2019-10-01,72500,6200,67500,74700,67300,3297418
402,2019-10-02,71400,1100,71200,74900,70000,1325821
401,2019-10-04,71700,300,70900,74400,69200,1582701
400,2019-10-07,93200,21500,87900,93200,87600,1283696
399,2019-10-08,107400,14200,110000,116500,101200,6508439
395,2019-10-10,110000,2600,105500,112000,102500,2386616
394,2019-10-11,99200,10800,106400,107800,98000,1769690
393,2019-10-14,101300,2100,102000,103200,95300,1551108
392,2019-10-15,105600,4300,100400,110100,90400,2995221
391,2019-10-16,89800,15800,99700,101600,86000,3503383
388,2019-10-17,82400,7400,89800,91600,80800,2676456
387,2019-10-18,84300,1900,87300,88100,82200,1625773
386,2019-10-21,85800,1500,83000,89000,83000,1452357
385,2019-10-22,95800,10000,88000,105800,86800,6132598
384,2019-10-23,108200,12400,98700,111000,96400,6295775
380,2019-10-24,103000,5200,106100,107500,96500,2784466
379,2019-10-25,97700,5300,100300,102100,96000,1018462
378,2019-10-28,94000,3700,97900,100000,92600,802350
377,2019-10-29,96600,2600,95000,97800,92400,819792
376,2019-10-30,95700,900,98300,100500,95200,841229
373,2019-10-31,96800,1100,99800,100600,96400,708122
372,2019-11-01,95900,900,96900,97500,94300,438618
371,2019-11-04,93500,2400,95600,96300,91900,571865
370,2019-11-05,102000,8500,93100,102000,91500,1448939
369,2019-11-06,97100,4900,101000,101200,97100,646668
365,2019-11-07,96800,300,96000,99800,95100,497057
364,2019-11-08,96200,600,97900,98600,95900,313344
363,2019-11-11,96100,100,96200,97700,94900,274024
362,2019-11-12,96500,400,97200,99300,96000,418506
361,2019-11-13,97600,1100,96000,98300,95400,356121
358,2019-11-14,98100,500,98400,99100,97000,297503
357,2019-11-15,99000,900,97800,100800,97000,548356
356,2019-11-18,99600,600,99000,104500,98300,752438
355,2019-11-19,100200,600,102500,102500,99400,415375
354,2019-11-20,96800,3400,100300,101200,96200,447973
350,2019-11-21,92100,4700,96400,97600,90500,557705
349,2019-11-22,92200,100,92100,95600,89300,442868
348,2019-11-25,98800,6600,94900,99900,93700,559846
347,2019-11-26,99300,500,99900,100700,97900,428045
346,2019-11-27,97600,1700,100000,100000,97600,221631
343,2019-11-28,93300,4300,96500,98000,92900,406244
342,2019-11-29,90900,2400,93300,94100,89800,403113
341,2019-12-02,90300,600,90000,92500,89800,278871
340,2019-12-03,84100,6200,89400,90200,83500,724128
339,2019-12-04,82000,2100,82800,86400,81800,469032
335,2019-12-05,81400,600,81100,81900,76400,813266
334,2019-12-06,80600,800,80000,82800,78300,436011
333,2019-12-09,80900,300,80600,81600,79400,328570
332,2019-12-10,81800,900,80600,83100,80600,269054
331,2019-12-11,80500,1300,82500,84200,80100,387741
328,2019-12-12,82300,1800,83800,83900,80500,577139
327,2019-12-13,81700,600,83100,84000,80700,320283
326,2019-12-16,81100,600,81400,82500,80700,167596
325,2019-12-17,83900,2800,82000,83900,81500,328546
324,2019-12-18,83200,700,84500,84600,82800,166165
320,2019-12-19,83900,700,83200,85300,82500,261151
319,2019-12-20,84100,200,84100,84400,83500,157824
318,2019-12-23,88000,3900,84200,88400,84200,483084
317,2019-12-24,85300,2700,88500,88600,84800,296939
316,2019-12-26,85100,200,85400,86300,84400,271162
313,2019-12-27,88800,3700,86300,88900,86000,365193
312,2019-12-30,92700,3900,91100,93400,89700,424357
311,2020-01-02,94100,1400,93800,94900,91800,346789
310,2020-01-03,91000,3100,94500,96400,90500,528324
309,2020-01-06,87200,3800,88700,90400,87100,383586
305,2020-01-07,92500,5300,89400,93200,88200,658894
304,2020-01-08,87800,4700,90500,91100,86400,548949
303,2020-01-09,91000,3200,91100,91600,89800,288493
302,2020-01-10,91500,500,90900,91900,90100,226046
301,2020-01-13,89900,1600,91900,92900,89500,271664
298,2020-01-14,89100,800,90200,91200,88400,300237
297,2020-01-15,89100,0,89800,90200,88300,220416
296,2020-01-16,90300,1200,87500,90300,87200,331846
295,2020-01-17,85600,4700,89800,89900,82100,688090
294,2020-01-20,82400,3200,85000,85200,82200,423082
290,2020-01-21,81800,600,82600,83400,81800,229773
289,2020-01-22,82300,500,81000,82400,81000,203772
288,2020-01-23,80300,2000,81800,82200,79900,290898
287,2020-01-28,80300,0,75900,81800,75600,360844
286,2020-01-29,79900,400,80900,82600,79600,196709
283,2020-01-30,79000,900,80100,82900,78600,248044
282,2020-01-31,77200,1800,79900,80200,77200,229032
281,2020-02-03,81000,3800,75500,81700,75100,394740
280,2020-02-04,86300,5300,81900,86500,81400,460356
279,2020-02-05,81700,4600,86900,86900,80400,942899
275,2020-02-06,81500,200,81000,82500,80500,337340
274,2020-02-07,82100,600,81700,85000,81100,413860
273,2020-02-10,81100,1000,82200,82300,80500,179803
272,2020-02-11,81000,100,80700,81900,80600,230433
271,2020-02-12,79600,1400,82100,82200,78300,396827
268,2020-02-13,79100,500,79800,80200,78500,238005
267,2020-02-14,69500,9600,77000,84600,69400,2882949
266,2020-02-17,67500,2000,70700,73000,67300,897553
265,2020-02-18,66400,1100,68300,68900,65500,566759
264,2020-02-19,62100,4300,66100,66400,59500,1313782
260,2020-02-20,63800,1700,62800,63900,60700,628043
259,2020-02-21,61000,2800,62500,63800,61000,422433
258,2020-02-24,57900,3100,58900,60400,57700,471295
257,2020-02-25,63500,5600,57200,63800,57200,741025
256,2020-02-26,64500,1000,61600,65100,61100,404036
253,2020-02-27,62600,1900,64200,65300,62000,342368
252,2020-02-28,62100,500,61400,64000,60500,421812
251,2020-03-02,63300,1200,62600,64000,61300,248366
250,2020-03-03,64200,900,64800,67500,64200,396446
249,2020-03-04,66600,2400,64300,67200,64300,269990
245,2020-03-05,71700,5100,67600,77000,67000,1686018
244,2020-03-06,70600,1100,70300,72200,69400,365527
243,2020-03-09,66400,4200,69700,69700,66300,377849
242,2020-03-10,69400,3000,65200,69700,65200,453059
241,2020-03-11,63800,5600,70000,70000,62500,554505
238,2020-03-12,62200,1600,63300,65100,61000,457664
237,2020-03-13,61700,500,58400,63300,56600,635259
236,2020-03-16,60300,1400,64100,65200,59900,401847
235,2020-03-17,64700,4400,57500,65600,57500,587256
234,2020-03-18,61600,3100,64700,67300,61600,512772
230,2020-03-19,57900,3700,64000,65400,56500,583838
229,2020-03-20,62300,4400,59500,62500,58700,368772
228,2020-03-23,58500,3800,58600,59900,57300,398573
227,2020-03-24,61000,2500,59600,61100,59000,349817
226,2020-03-25,62800,1800,62400,65700,60600,704047
223,2020-03-26,65800,3000,63000,71500,61900,1156076
222,2020-03-27,64700,1100,68200,69300,62000,705304
221,2020-03-30,66800,2100,63200,67300,62400,387593
220,2020-03-31,68700,1900,68000,71300,66000,793178
219,2020-04-01,72200,3500,69200,81500,68500,1714608
215,2020-04-02,75000,2800,74500,75300,71400,537402
214,2020-04-03,73500,1500,75000,76500,71900,427311
213,2020-04-06,74600,1100,73500,75800,73000,436304
212,2020-04-07,73800,800,75700,75800,73000,376541
211,2020-04-08,71500,2300,73800,74400,71500,331013
208,2020-04-09,75100,3600,76000,77500,73600,661552
207,2020-04-10,76900,1800,75100,77200,73600,424749
206,2020-04-13,76300,600,79700,79800,76300,393585
205,2020-04-14,79000,2700,77300,79000,76200,374400
204,2020-04-16,83700,4700,78600,84100,78200,633928
200,2020-04-17,85200,1500,85000,86500,83400,482173
199,2020-04-20,87300,2100,86200,88800,85000,416092
198,2020-04-21,87300,0,89800,90800,83100,797747
197,2020-04-22,70000,100,69000,72500,68800,437177
196,2020-04-23,67800,2200,70000,70100,67700,335474
193,2020-04-24,66400,1400,66500,68300,66000,258816
192,2020-04-27,67500,1100,67000,68900,66200,218197
191,2020-04-28,65900,1600,67700,68100,65700,236986
190,2020-04-29,66600,700,65900,66600,64600,188767
189,2020-05-04,65500,1100,65900,67200,64800,171562
185,2020-05-06,67400,1900,66000,67500,65500,180137
184,2020-05-07,66900,500,67600,67700,66800,135587
183,2020-05-08,67500,600,66500,68900,66500,190742
182,2020-05-11,67100,400,67900,68500,66300,245810
181,2020-05-12,66700,400,67000,70300,66500,404881
178,2020-05-13,66300,400,66600,66800,65300,173964
177,2020-05-14,66000,300,66300,67700,65500,181098
176,2020-05-15,63000,3000,65900,65900,62000,596931
175,2020-05-18,64100,1100,62500,64400,61100,445275
174,2020-05-19,62800,1300,64100,65300,62200,371860
170,2020-05-20,62700,100,63000,63500,62000,226249
169,2020-05-21,61600,1100,63000,63200,61600,312469
168,2020-05-22,62000,400,61700,64900,61700,542563
167,2020-05-25,59900,2100,62500,62500,59300,402703
166,2020-05-26,60300,400,60100,62000,59600,369741
163,2020-05-27,65200,4900,61200,68300,59800,1717380
162,2020-05-28,62000,3200,64900,64900,61500,571246
161,2020-05-29,62600,600,61900,62900,60800,322433
160,2020-06-01,64300,1700,62700,65000,62200,401064
159,2020-06-02,72700,8400,65000,76200,64300,3336919
155,2020-06-03,73400,700,73000,75000,70900,1126091
154,2020-06-04,72500,900,74100,74100,71000,630979
153,2020-06-05,72300,200,71600,75300,71600,684505
152,2020-06-08,72100,200,73700,74400,71500,514692
151,2020-06-09,70200,1900,72100,72700,69500,542882
148,2020-06-10,67400,2800,70000,71300,66000,1003496
147,2020-06-11,66400,1000,68800,70200,65700,797675
146,2020-06-12,64100,2300,63800,65200,63300,496545
145,2020-06-15,63100,1000,64100,68300,62200,824034
144,2020-06-16,66200,3100,65200,66800,64200,422527
140,2020-06-17,66700,500,65600,68100,64800,451702
139,2020-06-18,64800,1900,66700,67000,64700,290279
138,2020-06-19,64500,300,65300,65500,63600,246823
137,2020-06-22,63800,700,64200,65200,63600,222671
136,2020-06-23,64100,300,64200,66600,63900,316442
133,2020-06-24,65000,900,64900,67200,64000,396162
132,2020-06-25,65400,400,64700,66200,64300,275830
131,2020-06-26,66000,600,69500,71500,65800,942551
130,2020-06-29,62400,3600,65200,65400,62300,467277
129,2020-06-30,61100,1300,63100,63400,60500,364673
125,2020-07-01,62700,1600,61500,63600,61500,268191
124,2020-07-02,63800,1100,62700,64400,62200,219433
123,2020-07-03,63600,200,64000,64100,62700,171069
122,2020-07-06,62700,900,63600,63600,62300,187854
121,2020-07-07,63600,900,62600,64300,62500,222389
118,2020-07-08,62100,1500,63500,63800,62000,223260
117,2020-07-09,61000,1100,62000,62200,60600,354576
116,2020-07-10,59400,1600,61300,61300,58500,460394
115,2020-07-13,58800,600,59400,59500,58500,229087
114,2020-07-14,60400,1600,58300,60500,58100,322820
110,2020-07-15,59900,500,61000,61300,59700,194479
109,2020-07-16,58900,1000,60100,60100,58700,178531
108,2020-07-17,58800,100,59000,59600,58300,147019
107,2020-07-20,58200,600,59000,59700,58100,182444
106,2020-07-21,58900,700,58700,59400,58100,195248
103,2020-07-22,58300,600,59200,59300,58100,204799
102,2020-07-23,57100,1200,58400,58500,56900,329130
101,2020-07-24,56900,200,56600,58400,56200,248866
100,2020-07-27,57200,300,57000,58200,56700,166553
99,2020-07-28,57500,300,57700,57700,56700,225295
95,2020-07-29,56500,1000,57300,57300,56400,207279
94,2020-07-30,55800,700,56900,57000,55500,291604
93,2020-07-31,54100,1700,55800,56000,54100,334575
92,2020-08-03,54600,500,53700,55700,51500,441366
91,2020-08-04,58600,4000,54600,59300,54400,640037
88,2020-08-05,58700,100,59300,59500,58000,274898
87,2020-08-06,59800,1100,59400,61300,58800,381299
86,2020-08-07,58600,1200,59800,62900,58000,588987
85,2020-08-10,56600,2000,58800,58900,56500,278685
84,2020-08-11,60300,3700,56500,60800,56400,528995
80,2020-08-12,59200,1100,60500,61600,58100,402145
79,2020-08-13,60000,800,58500,61000,57700,538844
78,2020-08-14,58000,2000,59900,60500,58000,340363
77,2020-08-18,54000,4000,58000,58400,53900,470471
76,2020-08-19,54600,600,54100,55900,54100,199867
73,2020-08-20,52000,2600,54200,55100,51700,356303
72,2020-08-21,53400,1400,52600,54400,51800,239859
71,2020-08-24,52500,900,53300,53500,51700,287575
70,2020-08-25,52800,300,52700,53700,52300,325824
69,2020-08-26,52400,400,52800,53900,51900,462320
65,2020-08-27,51600,800,53000,53000,51100,325337
64,2020-08-28,53400,1800,51600,55600,51500,630357
63,2020-08-31,49250,4150,53800,54000,49250,3249340
62,2020-09-01,49250,0,49600,50400,49050,549009
61,2020-09-02,49200,50,49650,49900,49150,405442
58,2020-09-03,48050,1150,49650,49650,48000,630371
57,2020-09-04,45850,2200,46700,47200,45850,677111
56,2020-09-07,46450,600,45900,49400,44500,973536
55,2020-09-08,48300,1850,46800,49900,46800,877114
54,2020-09-09,47800,500,47700,49550,47100,424513
50,2020-09-10,50000,2200,49000,50800,48500,623072
49,2020-09-11,49700,300,50500,50600,48500,371595
48,2020-09-14,49550,150,49850,50500,48750,276014
47,2020-09-15,51200,1650,50000,51200,49650,332793
46,2020-09-16,55100,3900,52200,60200,51100,4757429
43,2020-09-17,52200,2900,54400,54700,52200,647930
42,2020-09-18,41800,10400,42000,44450,41450,4640031
41,2020-09-21,36900,4900,39950,40400,36800,3391881
40,2020-09-22,36000,900,36950,38100,35800,1649521
39,2020-09-23,33500,2500,36600,37000,33200,1517706
35,2020-09-24,31050,2450,32350,35450,30200,3031905
34,2020-09-25,31400,350,31800,33000,30750,782174
33,2020-09-28,32850,1450,32000,34700,31500,970121
32,2020-09-29,35450,2600,33700,35450,33500,956053
31,2020-10-05,35650,200,36350,37800,34750,979344
28,2020-10-06,34000,1650,36000,36000,34000,726440
27,2020-10-07,35200,1200,33050,35600,32900,736469
26,2020-10-08,34200,1000,35550,35550,34100,387267
25,2020-10-12,33900,300,33800,34300,33550,270366
24,2020-10-13,34050,150,34000,34800,33950,268080
20,2020-10-14,32900,1150,34000,34100,32900,326798
19,2020-10-15,31250,1650,32700,33300,31100,413768
18,2020-10-16,30750,500,31200,31600,30200,446124
17,2020-10-19,21550,9200,26250,27150,21550,6990165
16,2020-10-20,19600,1950,20450,20900,18200,5304930
13,2020-10-21,20500,900,19800,22250,19450,3532438
12,2020-10-22,20450,50,19450,21750,19200,2095204
11,2020-10-23,19400,1050,20400,20750,19200,1003202
10,2020-10-26,19500,100,19950,20550,19250,1144732
9,2020-10-27,20100,600,19150,20900,18700,672638
5,2020-10-28,20300,200,20000,20450,19700,435126
4,2020-10-29,20150,150,19950,20950,19800,692026
3,2020-10-30,18500,1650,20100,20100,18500,986077
2,2020-11-02,19300,800,18800,19450,18450,452856
1,2020-11-03,19950,650,19500,23400,19500,2474939
