,date,close,diff,open,high,low,volume
448,2019-08-16,4260,20,4200,4300,4105,134543
447,2019-08-19,4305,45,4260,4410,4260,193455
446,2019-08-20,4335,30,4320,4485,4275,508932
445,2019-08-21,4905,570,4350,5390,4350,24443849
444,2019-08-22,4920,15,4975,4995,4810,3554531
440,2019-08-23,4700,220,4840,4920,4700,2209242
439,2019-08-26,4550,150,4530,4630,4500,1399735
438,2019-08-27,4565,15,4590,4785,4555,2334270
437,2019-08-28,4635,70,4555,4665,4450,1095239
436,2019-08-29,4600,35,4660,4720,4555,925229
433,2019-08-30,4685,85,4655,4750,4645,791979
432,2019-09-02,4710,25,4685,4730,4655,412253
431,2019-09-03,4660,50,4765,4770,4635,450306
430,2019-09-04,4715,55,4690,4740,4655,352828
429,2019-09-05,4680,35,4730,4740,4665,341253
425,2019-09-06,4780,100,4700,4835,4665,794040
424,2019-09-09,4765,15,4750,4875,4735,681114
423,2019-09-10,4795,30,4750,4830,4720,425260
422,2019-09-11,4800,5,4795,4930,4770,689897
421,2019-09-16,4860,60,4810,4860,4710,426583
418,2019-09-17,4910,50,4925,5030,4835,1299461
417,2019-09-18,4940,30,4950,5100,4895,1595276
416,2019-09-19,5000,60,4940,5140,4900,2286332
415,2019-09-20,4945,55,4985,5050,4945,528792
414,2019-09-23,4970,25,4920,4995,4840,500064
410,2019-09-24,4905,65,4870,4930,4850,519658
409,2019-09-25,4815,90,4865,4965,4800,444381
408,2019-09-26,4925,110,4825,5040,4825,802391
407,2019-09-27,4890,35,4960,4970,4845,351083
406,2019-09-30,4715,175,4890,4920,4520,381013
403,2019-10-01,4955,240,4780,5020,4710,672727
402,2019-10-02,4820,135,4800,4910,4785,295754
401,2019-10-04,4820,0,4820,4985,4805,334131
400,2019-10-07,5100,280,4860,5120,4840,1921787
399,2019-10-08,4900,200,5120,5150,4895,1267936
395,2019-10-10,4905,5,4890,4985,4870,387949
394,2019-10-11,4920,15,4945,5070,4920,801416
393,2019-10-14,4980,60,4975,5060,4960,472593
392,2019-10-15,4995,15,4980,5050,4950,333164
391,2019-10-16,5190,195,5020,5220,4995,1854145
388,2019-10-17,4945,245,5470,5650,4945,4600064
387,2019-10-18,4785,160,4945,4980,4770,976112
386,2019-10-21,4765,20,4790,4820,4755,335078
385,2019-10-22,4785,20,4765,4860,4750,371631
384,2019-10-23,4860,75,4915,5130,4805,2418613
380,2019-10-24,4800,60,4880,4890,4735,563041
379,2019-10-25,4710,90,4820,4820,4690,393619
378,2019-10-28,4755,45,4720,4775,4710,165910
377,2019-10-29,4790,35,4775,4845,4760,229939
376,2019-10-30,4835,45,4800,4945,4750,508354
373,2019-10-31,4855,20,4830,4930,4795,357608
372,2019-11-01,4970,115,4860,5050,4845,645853
371,2019-11-04,5100,130,4995,5130,4970,815874
370,2019-11-05,5310,210,5100,5360,5000,2703832
369,2019-11-06,5160,150,5330,5450,5130,1968002
365,2019-11-07,5330,170,5250,5480,5200,2242616
364,2019-11-08,5210,120,5360,5400,5180,657255
363,2019-11-11,5160,50,5250,5350,5110,759339
362,2019-11-12,5200,40,5250,5340,5190,602188
361,2019-11-13,5170,30,5150,5320,5090,896698
358,2019-11-14,5180,10,5220,5330,5170,553270
357,2019-11-15,5160,20,5200,5200,5100,353835
356,2019-11-18,5310,150,5230,5320,5170,496530
355,2019-11-19,5140,170,5240,5310,5120,411469
354,2019-11-20,4960,180,5100,5180,4920,501919
350,2019-11-21,4995,35,5060,5140,4940,581371
349,2019-11-22,5010,15,4985,5130,4950,250410
348,2019-11-25,5200,190,5030,5220,5030,375426
347,2019-11-26,5270,70,5220,5340,5180,654470
346,2019-11-27,5320,50,5280,5340,5200,477576
343,2019-11-28,5170,150,5340,5480,5150,897628
342,2019-11-29,5150,20,5150,5250,5130,332756
341,2019-12-02,5310,160,5130,5370,5130,632768
340,2019-12-03,5320,10,5300,5430,5220,1005972
339,2019-12-04,5220,100,5250,5340,5210,276927
335,2019-12-05,5040,180,5230,5280,4980,643884
334,2019-12-06,5240,200,5010,5270,5010,405316
333,2019-12-09,5390,150,5320,6070,5220,12304346
332,2019-12-10,5070,320,5370,5380,5050,2240779
331,2019-12-11,5020,50,5090,5120,4970,943941
328,2019-12-12,5050,30,5040,5070,5000,521534
327,2019-12-13,5070,20,5090,5110,5030,448121
326,2019-12-16,5070,0,5080,5120,5060,238115
325,2019-12-17,5000,70,5080,5100,4990,436710
324,2019-12-18,4935,65,5030,5050,4935,373750
320,2019-12-19,4970,35,4925,5020,4925,242931
319,2019-12-20,4940,30,4970,4990,4935,234196
318,2019-12-23,4960,20,4995,5060,4955,278623
317,2019-12-24,4840,120,4980,4980,4830,419674
316,2019-12-26,4885,45,4850,4900,4850,176511
313,2019-12-27,4995,110,4950,5040,4900,244306
312,2019-12-30,5230,235,5100,5280,5070,1677992
311,2020-01-02,5330,100,5300,5390,5220,1036683
310,2020-01-03,5410,80,5380,5450,5310,885942
309,2020-01-06,5290,120,5330,5380,5220,780946
305,2020-01-07,5420,130,5330,5500,5300,824192
304,2020-01-08,5260,160,5340,5420,5160,1121344
303,2020-01-09,5360,100,5420,5510,5290,832033
302,2020-01-10,5670,310,5420,5740,5360,1845883
301,2020-01-13,5390,280,5730,5780,5330,1304706
298,2020-01-14,5300,90,5420,5490,5250,1033591
297,2020-01-15,5270,30,5370,5410,5220,909143
296,2020-01-16,5250,20,5310,5330,5230,535923
295,2020-01-17,5240,10,5260,5300,5160,482144
294,2020-01-20,5310,70,5280,5450,5220,1584837
290,2020-01-21,5230,80,5370,5390,5200,786048
289,2020-01-22,5460,230,5260,5490,5250,1234681
288,2020-01-23,5500,40,5470,5530,5360,840964
287,2020-01-28,5500,0,5650,5770,5380,2544261
286,2020-01-29,5300,200,5500,5500,5270,843969
283,2020-01-30,5110,190,5330,5430,5110,984418
282,2020-01-31,4935,175,5060,5170,4930,738493
281,2020-02-03,4950,15,4780,5020,4780,487103
280,2020-02-04,5070,120,4905,5110,4905,262726
279,2020-02-05,5160,90,5120,5200,5050,346523
275,2020-02-06,5260,100,5190,5290,5170,295595
274,2020-02-07,5250,10,5260,5320,5180,229661
273,2020-02-10,5210,40,5250,5260,5180,146316
272,2020-02-11,5240,30,5240,5270,5200,150823
271,2020-02-12,5180,60,5240,5260,5120,223869
268,2020-02-13,5090,90,5180,5230,5080,258534
267,2020-02-14,5080,10,5120,5150,5050,207533
266,2020-02-17,5010,70,5080,5100,5010,237977
265,2020-02-18,5060,50,5030,5150,5000,283622
264,2020-02-19,5140,80,5040,5140,5020,265431
260,2020-02-20,5050,90,5150,5260,5050,405947
259,2020-02-21,4940,110,5010,5080,4910,392339
258,2020-02-24,4830,110,4870,5040,4810,474739
257,2020-02-25,4825,5,4740,4895,4740,286751
256,2020-02-26,4710,115,4760,4795,4670,491647
253,2020-02-27,4550,160,4740,4810,4505,523991
252,2020-02-28,4315,235,4400,4500,4290,446929
251,2020-03-02,4455,140,4270,4495,4270,345204
250,2020-03-03,4550,95,4550,4635,4510,231790
249,2020-03-04,4620,70,4520,4620,4465,181777
245,2020-03-05,4785,165,4695,4810,4635,289248
244,2020-03-06,4760,25,4705,4820,4690,174546
243,2020-03-09,4555,205,4710,4760,4555,230982
242,2020-03-10,4540,15,4460,4545,4445,270868
241,2020-03-11,4340,200,4590,4615,4310,250503
238,2020-03-12,3990,350,4300,4385,3940,600492
237,2020-03-13,3745,245,3650,3850,3435,876594
236,2020-03-16,3530,215,3760,3960,3465,429325
235,2020-03-17,3600,70,3220,3600,3220,441655
234,2020-03-18,3400,200,3670,3750,3400,357319
230,2020-03-19,2855,545,3480,3530,2800,792092
229,2020-03-20,3100,245,2865,3125,2865,613517
228,2020-03-23,3085,15,2885,3125,2885,469909
227,2020-03-24,3335,250,3150,3460,3135,845507
226,2020-03-25,3550,215,3420,3565,3390,632241
223,2020-03-26,3640,90,3650,3785,3510,579531
222,2020-03-27,3870,230,3760,4260,3630,2230191
221,2020-03-30,4100,230,4100,4200,3975,918447
220,2020-03-31,4105,5,4160,4190,3990,946959
219,2020-04-01,4040,65,4100,4210,3970,642717
215,2020-04-02,4060,20,4000,4095,3895,391016
214,2020-04-03,4105,45,4100,4270,4040,819563
213,2020-04-06,4235,130,4150,4285,4140,637620
212,2020-04-07,4255,20,4315,4330,4115,724888
211,2020-04-08,4225,30,4255,4265,4170,322537
208,2020-04-09,4445,220,4270,4550,4225,1856014
207,2020-04-10,4230,215,4445,4445,4100,627472
206,2020-04-13,4190,40,4230,4280,4150,251602
205,2020-04-14,4230,40,4200,4245,4145,276864
204,2020-04-16,4245,15,4230,4265,4125,235600
200,2020-04-17,4255,10,4300,4320,4220,287469
199,2020-04-20,4295,40,4260,4350,4240,293017
198,2020-04-21,4285,10,4315,4440,4140,778703
197,2020-04-22,4340,55,4220,4340,4190,311855
196,2020-04-23,4360,20,4345,4390,4300,263978
193,2020-04-24,4245,115,4300,4370,4220,208704
192,2020-04-27,4850,605,4325,5350,4320,11251185
191,2020-04-28,4700,150,4870,4885,4640,1805544
190,2020-04-29,4640,60,4700,4740,4605,801553
189,2020-05-04,4600,40,4595,4685,4530,463006
185,2020-05-06,4685,85,4650,4710,4585,477118
184,2020-05-07,4725,40,4675,4790,4655,577353
183,2020-05-08,4710,15,4775,4825,4695,663047
182,2020-05-11,4650,60,4720,4745,4605,303088
181,2020-05-12,4615,35,4640,4670,4540,272924
178,2020-05-13,4730,115,4605,4730,4545,343890
177,2020-05-14,4690,40,4695,4735,4645,308644
176,2020-05-15,4900,210,4735,5040,4690,3001797
175,2020-05-18,4845,55,4915,5030,4825,1165496
174,2020-05-19,4780,65,4910,4910,4730,663241
170,2020-05-20,4820,40,4780,4865,4775,298452
169,2020-05-21,4790,30,4825,4845,4765,290497
168,2020-05-22,4850,60,4790,5430,4725,5204972
167,2020-05-25,4940,90,4900,4980,4855,1254543
166,2020-05-26,5240,300,4995,5520,4995,8741538
163,2020-05-27,5020,220,5150,5240,5000,1092475
162,2020-05-28,4990,30,5120,5270,4850,2186501
161,2020-05-29,5070,80,5020,5520,4900,3492155
160,2020-06-01,5120,50,5100,5160,5040,604738
159,2020-06-02,5080,40,5150,5150,5040,484288
155,2020-06-03,5020,60,5110,5130,5000,523215
154,2020-06-04,4995,25,5070,5070,4980,319595
153,2020-06-05,5090,95,4985,5170,4985,549123
152,2020-06-08,5170,80,5150,5220,5110,617270
151,2020-06-09,5390,220,5190,5450,5060,2555143
148,2020-06-10,5550,160,5490,5580,5320,4523108
147,2020-06-11,7210,1660,6650,7210,6290,36566490
146,2020-06-12,7140,70,6900,8090,6740,38584290
145,2020-06-15,6600,540,7060,7210,6530,11571601
144,2020-06-16,6730,130,6670,6860,6450,13720933
140,2020-06-17,6340,390,6570,6760,6230,5450591
139,2020-06-18,6430,90,6400,6470,6180,4759668
138,2020-06-19,6140,290,6580,6770,6070,7368548
137,2020-06-22,6170,30,6150,6250,6070,1774310
136,2020-06-23,6250,80,6170,6530,6110,4907117
133,2020-06-24,6350,100,6210,6420,6200,2108267
132,2020-06-25,6090,260,6200,6290,6050,1468497
131,2020-06-26,6110,20,6310,6620,6110,6437151
130,2020-06-29,5850,260,6030,6090,5750,1475438
129,2020-06-30,5680,170,5910,5980,5650,1234510
125,2020-07-01,5550,130,5730,5850,5530,1402870
124,2020-07-02,5620,70,5700,5780,5550,1091608
123,2020-07-03,5780,160,5650,5780,5590,755960
122,2020-07-06,5760,20,5830,5840,5700,613630
121,2020-07-07,5900,140,5780,5920,5650,938520
118,2020-07-08,5880,20,5900,5980,5820,795074
117,2020-07-09,5750,130,5920,5920,5750,552630
116,2020-07-10,5770,20,5750,5830,5670,600188
115,2020-07-13,5710,60,5780,5880,5700,751946
114,2020-07-14,6090,380,5740,6090,5700,2844482
110,2020-07-15,6020,70,6060,6080,5900,975248
109,2020-07-16,6000,20,6080,6250,5960,1313419
108,2020-07-17,6000,0,5940,6060,5920,585700
107,2020-07-20,6260,260,6010,6320,5960,2615548
106,2020-07-21,6220,40,6280,6590,6190,4522512
103,2020-07-22,6530,310,6320,6550,6190,2734346
102,2020-07-23,6630,100,6450,6890,6370,6404323
101,2020-07-24,6560,70,6700,7130,6480,8685788
100,2020-07-27,6200,360,6460,6480,6060,2307109
99,2020-07-28,6170,30,6240,6260,6070,1002559
95,2020-07-29,6300,130,6140,6340,6090,878034
94,2020-07-30,5900,400,6160,6190,5880,2072364
93,2020-07-31,6030,130,5900,6130,5840,1037819
92,2020-08-03,6260,230,6130,6360,6100,1342321
91,2020-08-04,6470,210,6320,6490,6200,1256563
88,2020-08-05,6560,90,6480,6620,6450,1683823
87,2020-08-06,6490,70,7490,7740,6490,14370912
86,2020-08-07,6260,230,6450,6710,6250,2734317
85,2020-08-10,6130,130,6260,6270,6100,1218451
84,2020-08-11,6240,110,6100,6700,6100,3948408
80,2020-08-12,6140,100,6190,6360,6060,1556764
79,2020-08-13,6110,30,6110,6220,6110,699537
78,2020-08-14,5940,170,6120,6140,5910,771849
77,2020-08-18,5700,240,5970,6050,5600,704796
76,2020-08-19,5880,180,5850,5900,5720,567950
73,2020-08-20,6040,160,5830,6450,5830,4736493
72,2020-08-21,5880,160,6030,6090,5820,819907
71,2020-08-24,6150,270,5890,6350,5840,2629075
70,2020-08-25,6310,160,6180,6380,6150,1459815
69,2020-08-26,6410,100,6330,6480,6240,1633957
65,2020-08-27,6240,170,6410,6490,6180,1087781
64,2020-08-28,6410,170,6280,6800,6260,3437443
63,2020-08-31,6500,90,6490,6660,6320,1359968
62,2020-09-01,6830,330,6520,6880,6440,3874307
61,2020-09-02,6550,280,6730,6780,6420,3469426
58,2020-09-03,6680,130,6600,6950,6510,3439506
57,2020-09-04,6460,220,6400,6520,6370,1474190
56,2020-09-07,6430,30,6460,6550,6420,862312
55,2020-09-08,6310,120,6480,6530,6250,902004
54,2020-09-09,6300,10,6260,6350,6120,469882
50,2020-09-10,6230,70,6320,6370,6180,518453
49,2020-09-11,6480,250,6230,6640,6180,3010263
48,2020-09-14,6500,20,6480,6560,6390,813357
47,2020-09-15,6460,40,6540,6630,6450,724669
46,2020-09-16,6350,110,6460,6540,6300,512596
43,2020-09-17,6190,160,6340,6400,6180,497475
42,2020-09-18,6190,0,6190,6230,6080,415615
41,2020-09-21,6030,160,6190,6230,6000,446388
40,2020-09-22,5710,320,6000,6070,5690,724192
39,2020-09-23,5820,110,5810,5920,5610,415183
35,2020-09-24,5500,320,5620,5880,5500,598139
34,2020-09-25,5630,130,5530,5840,5420,501599
33,2020-09-28,5740,110,5640,5800,5640,204756
32,2020-09-29,5990,250,6600,6800,5950,7342098
31,2020-10-05,5970,20,6030,6080,5870,789195
28,2020-10-06,6550,580,6010,7050,5960,15337227
27,2020-10-07,6580,30,6580,6670,6370,5398181
26,2020-10-08,6620,40,7670,7790,6610,20114497
25,2020-10-12,6400,220,6570,6570,6350,2112053
24,2020-10-13,6590,190,6390,6730,6350,3715161
20,2020-10-14,7610,1020,6500,8430,6430,39802778
19,2020-10-15,7140,470,7480,7670,6820,9131816
18,2020-10-16,6560,580,7030,7280,6490,4752627
17,2020-10-19,6620,60,6670,7190,6540,8105753
16,2020-10-20,6500,120,6510,6650,6330,2344752
13,2020-10-21,6370,130,6500,6540,6370,1252907
12,2020-10-22,6150,220,6250,6350,6120,1240927
11,2020-10-23,6180,30,6260,6270,6100,856990
10,2020-10-26,5810,370,6180,6200,5810,1066787
9,2020-10-27,5900,90,5680,6240,5650,1858251
5,2020-10-28,6020,120,5830,6130,5810,896057
4,2020-10-29,6090,70,5890,6180,5880,849951
3,2020-10-30,5950,140,6100,6150,5920,534815
2,2020-11-02,5980,30,5980,6070,5920,350159
1,2020-11-03,6040,60,6020,6140,6000,672322
