,date,close,diff,open,high,low,volume
448,2019-08-16,53500,100,52200,53700,52200,13088
447,2019-08-19,55700,2200,54200,56000,53700,45924
446,2019-08-20,55900,200,55700,56100,54800,26306
445,2019-08-21,56600,700,56300,56700,55300,27503
444,2019-08-22,56100,500,56800,57000,55800,16704
440,2019-08-23,57400,1300,55200,57600,54700,27957
439,2019-08-26,54500,2900,55700,56400,54300,490999
438,2019-08-27,53800,700,55500,56100,53100,29910
437,2019-08-28,53200,600,54900,54900,52700,25697
436,2019-08-29,52800,400,53100,53200,51900,27583
433,2019-08-30,53300,500,53200,54100,53100,12363
432,2019-09-02,52500,800,53800,53800,51900,22605
431,2019-09-03,51500,1000,52100,52900,50800,66571
430,2019-09-04,53100,1600,50700,53200,50600,26209
429,2019-09-05,53000,100,53300,53600,52400,27631
425,2019-09-06,52300,700,53000,53400,52200,7800
424,2019-09-09,51100,1200,52400,53000,50700,19159
423,2019-09-10,51100,0,51400,51800,50900,15922
422,2019-09-11,51600,500,51000,51600,50900,14674
421,2019-09-16,51600,0,51800,51800,51100,7709
418,2019-09-17,51800,200,51600,52500,51600,14835
417,2019-09-18,52300,500,52700,52900,51800,26577
416,2019-09-19,54000,1700,52700,54300,51800,55572
415,2019-09-20,55200,1200,54500,55400,53200,48919
414,2019-09-23,55400,200,55500,55500,54500,24023
410,2019-09-24,57500,2100,55800,57900,55800,88889
409,2019-09-25,57300,200,57500,58200,56100,50346
408,2019-09-26,56000,1300,57400,57700,54800,58822
407,2019-09-27,55500,500,56500,56500,55200,12629
406,2019-09-30,54100,1400,52000,54400,52000,239174
403,2019-10-01,54700,600,53900,54700,53700,86168
402,2019-10-02,53900,800,54000,54300,53200,50360
401,2019-10-04,52300,1600,54100,54300,52300,45427
400,2019-10-07,51100,1200,52500,52700,51000,57323
399,2019-10-08,51500,400,51100,52300,50500,42715
395,2019-10-10,52700,1200,51500,53500,51200,30430
394,2019-10-11,53200,500,52500,53200,52500,29138
393,2019-10-14,53000,200,53300,53700,52700,30704
392,2019-10-15,53500,500,53000,54200,53000,48726
391,2019-10-16,53000,500,54000,54200,52500,22748
388,2019-10-17,51700,1300,52700,52800,50900,68664
387,2019-10-18,53100,1400,52200,53300,51800,36755
386,2019-10-21,52900,200,52800,53200,52200,16771
385,2019-10-22,53700,800,52600,54300,52000,60685
384,2019-10-23,52700,1000,53500,54400,52300,22279
380,2019-10-24,52400,300,52500,53100,52100,17651
379,2019-10-25,52900,500,52500,53200,51700,24928
378,2019-10-28,53200,300,52900,53700,52400,25685
377,2019-10-29,53400,200,52900,53500,52800,18730
376,2019-10-30,53100,300,53300,53900,52600,32151
373,2019-10-31,52200,900,53100,53600,52000,39656
372,2019-11-01,53300,1100,52500,53300,51400,41474
371,2019-11-04,54400,1100,54200,55500,54000,106920
370,2019-11-05,53900,500,54400,54600,53700,40974
369,2019-11-06,53900,0,54000,54300,53300,22254
365,2019-11-07,53600,300,54200,54200,53500,17476
364,2019-11-08,54000,400,53400,54500,53300,31863
363,2019-11-11,53900,100,54200,54300,53600,23688
362,2019-11-12,53800,100,53800,54200,53300,23917
361,2019-11-13,52000,1800,53800,54000,49300,78774
358,2019-11-14,50600,1400,52000,52400,50200,78627
357,2019-11-15,52100,1500,50800,52100,50400,48167
356,2019-11-18,51900,200,51600,52400,51300,19259
355,2019-11-19,51500,400,51700,52300,51100,14985
354,2019-11-20,51000,500,51600,51800,50600,25073
350,2019-11-21,50800,200,50800,51200,49950,28326
349,2019-11-22,50600,200,50500,51000,50100,19581
348,2019-11-25,51300,700,50400,51500,49950,24649
347,2019-11-26,50800,500,51500,51600,50600,67546
346,2019-11-27,50500,300,50700,51100,50300,22955
343,2019-11-28,50100,400,50500,50700,50100,15754
342,2019-11-29,49150,950,50000,50600,48850,36125
341,2019-12-02,49200,50,48750,49400,48750,17633
340,2019-12-03,48850,350,49150,49150,48500,18029
339,2019-12-04,49800,950,48650,50700,48200,40214
335,2019-12-05,48400,1400,49600,49800,48300,32255
334,2019-12-06,48650,250,48550,49200,48350,17083
333,2019-12-09,49400,750,48550,49550,48450,17009
332,2019-12-10,49700,300,49200,50000,48800,17531
331,2019-12-11,49450,250,50000,50000,48800,17577
328,2019-12-12,49900,450,49500,49900,49150,17832
327,2019-12-13,49900,0,50300,50300,49850,13981
326,2019-12-16,49650,250,49900,50100,49550,9687
325,2019-12-17,50000,350,49600,50100,49600,13612
324,2019-12-18,49350,650,49700,50200,49250,19319
320,2019-12-19,49250,100,49650,49650,48750,16212
319,2019-12-20,49100,150,49250,49450,48700,13296
318,2019-12-23,49000,100,49300,49450,48800,35985
317,2019-12-24,49000,0,48900,49450,48800,50806
316,2019-12-26,49800,800,48950,50200,48500,47896
313,2019-12-27,50400,600,49650,50800,49300,50318
312,2019-12-30,50400,0,50400,51200,50200,47953
311,2020-01-02,49400,1000,50900,50900,49100,41406
310,2020-01-03,48500,900,49400,49750,48450,43535
309,2020-01-06,46950,1550,48500,48500,46600,54126
305,2020-01-07,47000,50,47300,47400,46850,33838
304,2020-01-08,44350,2650,46900,46900,44150,72261
303,2020-01-09,44450,100,45150,45650,44100,55310
302,2020-01-10,46700,2250,44450,47650,44450,47685
301,2020-01-13,45900,800,46950,47000,45600,44821
298,2020-01-14,47000,1100,45900,47350,45900,38861
297,2020-01-15,47000,0,46650,47150,46600,23459
296,2020-01-16,47550,550,47000,47950,46900,25700
295,2020-01-17,47100,450,47800,48600,47000,38438
294,2020-01-20,47600,500,47100,48100,47100,44050
290,2020-01-21,47200,400,47600,47950,47050,14827
289,2020-01-22,48100,900,47450,48300,47150,27875
288,2020-01-23,49000,900,48100,49600,47950,69943
287,2020-01-28,46600,2400,47900,47950,46350,45058
286,2020-01-29,47100,500,47000,47600,46600,20848
283,2020-01-30,46200,900,46900,47300,45650,25564
282,2020-01-31,45800,400,45900,46850,45800,28073
281,2020-02-03,45000,800,44950,45800,44050,42857
280,2020-02-04,46150,1150,45600,46300,45400,16642
279,2020-02-05,45750,400,46050,46100,43300,27060
275,2020-02-06,45700,50,45600,46050,45500,18872
274,2020-02-07,45900,200,45950,46000,45350,14476
273,2020-02-10,44850,1050,45600,45800,44500,39293
272,2020-02-11,45150,300,45150,45850,44850,25168
271,2020-02-12,45050,100,45350,45350,44550,23434
268,2020-02-13,44700,350,45300,45900,44650,25299
267,2020-02-14,44200,500,45150,45150,44050,46400
266,2020-02-17,42800,1400,43700,44200,42650,77881
265,2020-02-18,42750,50,42900,43350,42400,27693
264,2020-02-19,42350,400,42550,43000,42000,27944
260,2020-02-20,41650,700,42450,43200,41500,38785
259,2020-02-21,40200,1450,41050,41500,39950,79108
258,2020-02-24,38000,2200,38750,39450,37950,90258
257,2020-02-25,39750,1750,37550,40400,37550,81786
256,2020-02-26,38900,850,39050,39750,38650,30443
253,2020-02-27,37750,1150,38900,39600,37300,52533
252,2020-02-28,37100,650,37050,37650,36050,56615
251,2020-03-02,38450,1350,36500,38500,36500,31696
250,2020-03-03,38100,350,38900,39500,37900,32206
249,2020-03-04,38650,550,37950,38700,37850,26862
245,2020-03-05,39350,700,38750,39500,38750,26414
244,2020-03-06,39500,150,39300,39600,38900,33479
243,2020-03-09,38800,700,38300,39500,38300,46609
242,2020-03-10,37900,900,38100,38350,37100,32764
241,2020-03-11,37300,600,37800,38700,37300,21650
238,2020-03-12,34500,2800,36700,37300,34400,74904
237,2020-03-13,32250,2250,30550,33050,29500,124362
236,2020-03-16,30000,2250,32300,33900,29950,58836
235,2020-03-17,28450,1550,27100,29250,26950,98806
234,2020-03-18,25300,3150,28450,28750,25300,74083
230,2020-03-19,21800,3500,25250,26000,21350,99529
229,2020-03-20,24350,2550,21800,24500,21600,66240
228,2020-03-23,22600,1750,22500,23100,22150,41596
227,2020-03-24,24350,1750,23000,24350,22650,37164
226,2020-03-25,28000,3650,25250,28200,25250,117102
223,2020-03-26,29100,1100,28500,30600,27100,108871
222,2020-03-27,30950,1850,30500,32550,29800,103747
221,2020-03-30,30800,150,29550,31450,29400,43131
220,2020-03-31,31450,650,32300,32550,31000,69859
219,2020-04-01,31800,350,31400,33300,31000,65339
215,2020-04-02,32700,900,31800,33100,31050,35434
214,2020-04-03,32900,200,34000,34000,32350,27913
213,2020-04-06,33850,950,32900,33850,32400,31481
212,2020-04-07,34450,600,34750,35000,33550,34483
211,2020-04-08,35850,1400,34450,35900,34000,48003
208,2020-04-09,38650,2800,36100,38650,36050,74720
207,2020-04-10,38850,200,39400,39450,37500,54846
206,2020-04-13,36450,2400,38800,38800,36250,58870
205,2020-04-14,38000,1550,36450,38450,36450,39708
204,2020-04-16,38200,200,37300,38250,36850,21878
200,2020-04-17,38450,250,38800,38850,38000,71240
199,2020-04-20,39000,550,38600,40150,38500,42524
198,2020-04-21,38400,600,39000,39350,36750,260591
197,2020-04-22,38800,400,37350,39050,36950,40257
196,2020-04-23,39250,450,40550,40550,38950,39602
193,2020-04-24,37750,1500,39000,39450,37750,28062
192,2020-04-27,38650,900,37750,38650,37750,18137
191,2020-04-28,39150,500,38650,39750,37950,65208
190,2020-04-29,39450,300,39200,39550,38650,37349
189,2020-05-04,39450,0,38650,40200,38450,41354
185,2020-05-06,40750,1300,40000,41250,39700,49569
184,2020-05-07,42200,1450,40850,42550,40850,77969
183,2020-05-08,42750,550,42300,42950,41350,41567
182,2020-05-11,44600,1850,42750,45100,42700,91691
181,2020-05-12,44900,300,45200,45550,43700,47832
178,2020-05-13,45200,300,44000,45650,43950,44534
177,2020-05-14,45450,250,45150,45800,44800,38358
176,2020-05-15,43950,1500,45450,45700,43950,36300
175,2020-05-18,43100,850,43950,44750,42450,42836
174,2020-05-19,42650,450,43250,43800,42050,52327
170,2020-05-20,42950,300,42250,42950,42050,30914
169,2020-05-21,42450,500,43000,43250,41950,36600
168,2020-05-22,41000,1450,42400,42450,40600,60651
167,2020-05-25,43750,2750,41050,45500,40300,134131
166,2020-05-26,44800,1050,43450,45150,43400,69848
163,2020-05-27,44400,400,45300,45550,44400,44537
162,2020-05-28,44950,550,44500,45000,42800,66966
161,2020-05-29,44900,50,44600,45050,44350,21231
160,2020-06-01,44950,50,45000,45150,44500,24404
159,2020-06-02,44750,200,44550,45250,44100,26521
155,2020-06-03,45300,550,44750,45500,44200,66076
154,2020-06-04,45300,0,45950,46000,44150,59763
153,2020-06-05,44900,400,45300,45450,43850,49086
152,2020-06-08,45000,100,44950,45200,44600,29845
151,2020-06-09,44600,400,45000,45200,44250,40784
148,2020-06-10,43350,1250,44600,44600,43300,42902
147,2020-06-11,42100,1250,43050,43300,42100,52903
146,2020-06-12,40200,1900,41000,41000,39800,62099
145,2020-06-15,38450,1750,40000,40600,38000,46975
144,2020-06-16,39600,1150,38500,39850,38500,32962
140,2020-06-17,39400,200,39000,39800,38400,31629
139,2020-06-18,38750,650,38950,40350,38600,34651
138,2020-06-19,38500,250,39000,39250,38200,18072
137,2020-06-22,39400,900,38500,40000,38250,30379
136,2020-06-23,39700,300,39500,40200,39350,30552
133,2020-06-24,39200,500,40050,40150,38850,24550
132,2020-06-25,38750,450,38800,38850,38300,14361
131,2020-06-26,38250,500,39000,39200,38250,16509
130,2020-06-29,37350,900,38100,38250,37350,18649
129,2020-06-30,37550,200,38050,38050,36900,27357
125,2020-07-01,37600,50,37400,38650,37400,11972
124,2020-07-02,38150,550,37550,38400,37550,7060
123,2020-07-03,38300,150,38100,38750,37750,9348
122,2020-07-06,38250,50,38950,38950,37950,6812
121,2020-07-07,37300,950,38500,38500,37100,28488
118,2020-07-08,37600,300,37400,37700,37150,9980
117,2020-07-09,37650,50,37300,37750,36900,23174
116,2020-07-10,37000,650,37150,37850,36500,30007
115,2020-07-13,37400,400,37050,37450,36850,16679
114,2020-07-14,37700,300,37400,37700,37000,16184
110,2020-07-15,38000,300,37800,39100,37200,54416
109,2020-07-16,38350,350,38100,38900,37950,25984
108,2020-07-17,38800,450,38350,38850,38150,14833
107,2020-07-20,39900,1100,39050,39900,38300,38061
106,2020-07-21,41100,1200,40050,43550,40050,130932
103,2020-07-22,40000,1100,41150,42000,39700,41003
102,2020-07-23,40150,150,40150,41200,38950,46095
101,2020-07-24,39250,900,40050,40350,39100,37740
100,2020-07-27,39350,100,39250,39800,38850,25929
99,2020-07-28,39350,0,39950,39950,39050,29675
95,2020-07-29,39350,0,39350,39700,38750,26155
94,2020-07-30,40350,1000,39350,40450,39100,39382
93,2020-07-31,39750,600,40550,40800,39100,77876
92,2020-08-03,38800,950,39600,39700,37450,47650
91,2020-08-04,39500,700,39050,39650,38750,33491
88,2020-08-05,39200,300,39500,39950,39050,28381
87,2020-08-06,41000,1800,39500,41950,39200,113075
86,2020-08-07,41200,200,41150,41800,40400,44474
85,2020-08-10,42500,1300,41700,43550,41300,136169
84,2020-08-11,41900,600,43100,43100,41550,49454
80,2020-08-12,44400,2500,41650,44550,40200,108811
79,2020-08-13,43650,750,45100,45700,43550,384151
78,2020-08-14,42800,850,44000,44350,41700,79296
77,2020-08-18,41000,1800,42500,43950,41000,118290
76,2020-08-19,40950,50,41000,41350,40550,50016
73,2020-08-20,39600,1350,41000,41000,39350,52333
72,2020-08-21,39400,200,39650,40250,39300,30982
71,2020-08-24,39200,200,39250,39500,38350,39913
70,2020-08-25,41100,1900,39500,41250,39300,73596
69,2020-08-26,41600,500,41100,42000,40200,59697
65,2020-08-27,40400,1200,41500,41650,40250,84391
64,2020-08-28,43300,2900,40500,45400,40450,296910
63,2020-08-31,42300,1000,43150,43900,42200,66792
62,2020-09-01,42850,550,42300,43050,41850,49847
61,2020-09-02,43200,350,42850,44150,42450,54126
58,2020-09-03,44700,1500,43200,44900,43050,89942
57,2020-09-04,44000,700,43000,44450,43000,75402
56,2020-09-07,42900,1100,43600,43900,42700,49378
55,2020-09-08,44350,1450,42950,44700,42700,81960
54,2020-09-09,48200,3850,44000,48650,43700,506493
50,2020-09-10,51300,3100,49850,53400,49100,613665
49,2020-09-11,51900,600,50100,51900,48450,1349313
48,2020-09-14,58000,6100,53200,58500,52300,873821
47,2020-09-15,59100,1100,58100,61500,55000,536763
46,2020-09-16,57900,1200,58600,60800,57700,171840
43,2020-09-17,60500,2600,57800,61400,56900,337657
42,2020-09-18,60300,200,59900,61200,58200,166781
41,2020-09-21,59100,1200,60000,62000,58500,178103
40,2020-09-22,56000,3100,58400,58800,55000,252091
39,2020-09-23,59200,3200,57000,59600,55900,301667
35,2020-09-24,57500,1700,58000,58900,56400,208490
34,2020-09-25,56700,800,58000,59000,56300,150538
33,2020-09-28,62500,5800,58100,62500,57900,485511
32,2020-09-29,61900,600,63000,63200,60600,214046
31,2020-10-05,67200,5300,61900,68500,61900,355104
28,2020-10-06,66200,1000,66600,67200,65100,161117
27,2020-10-07,67700,1500,65300,68600,64800,155524
26,2020-10-08,68500,800,69000,70500,68000,188890
25,2020-10-12,66900,1600,67700,68700,65700,178304
24,2020-10-13,67900,1000,67900,68400,65900,153008
20,2020-10-14,66500,1400,69000,70000,65200,226830
19,2020-10-15,70800,4300,66500,71900,65500,418711
18,2020-10-16,68000,2800,70800,74000,67400,352513
17,2020-10-19,62900,5100,67500,67700,61600,327283
16,2020-10-20,68400,5500,60500,71600,59600,854068
13,2020-10-21,67000,1400,68500,69800,65900,186476
12,2020-10-22,63000,4000,66700,67000,62500,181143
11,2020-10-23,65100,2100,63700,66500,63100,125706
10,2020-10-26,63600,1500,64900,66800,63100,118657
9,2020-10-27,63300,300,63400,65400,63000,143804
5,2020-10-28,66700,3400,63500,66900,62800,138348
4,2020-10-29,67500,800,65400,67800,64800,129022
3,2020-10-30,64500,3000,67600,68500,63500,149379
2,2020-11-02,65000,500,65000,65600,63200,77228
1,2020-11-03,63900,1100,64600,66000,63500,89716
