,date,close,diff,open,high,low,volume
448,2009-03-06,625,50,620,645,600,466440
447,2009-03-09,615,10,610,640,600,234070
446,2009-03-10,590,25,620,620,585,252720
445,2009-03-11,565,25,600,615,565,535287
444,2009-03-12,545,20,575,575,520,644470
440,2009-03-13,540,5,550,565,530,391900
439,2009-03-16,540,0,555,555,520,205620
438,2009-03-17,540,0,545,545,515,408555
437,2009-03-18,530,10,535,545,515,314950
436,2009-03-19,530,0,540,540,525,320480
433,2009-03-20,535,5,535,570,530,1907232
432,2009-03-23,605,70,535,605,530,2299320
431,2009-03-24,595,10,620,620,565,1358309
430,2009-03-25,600,5,580,600,550,1401211
429,2009-03-26,690,90,635,690,625,2465436
425,2009-03-27,690,0,710,780,660,2752126
424,2009-03-30,725,35,690,745,675,1320270
423,2009-03-31,760,35,720,765,710,710933
422,2009-04-01,685,75,740,740,650,2573305
421,2009-04-02,700,15,700,730,670,918680
418,2009-04-03,665,35,705,720,650,716451
417,2009-04-06,675,10,665,680,640,603569
416,2009-04-07,695,20,675,705,650,797910
415,2009-04-08,675,20,690,700,675,403876
414,2009-04-09,680,5,690,695,665,930288
410,2009-04-10,735,55,680,750,670,2256244
409,2009-04-13,710,25,745,745,690,776899
408,2009-04-14,690,20,715,720,655,1575023
407,2009-04-15,650,40,680,680,645,946241
406,2009-04-16,635,15,650,670,630,909324
403,2009-04-17,645,10,640,660,630,478112
402,2009-04-20,630,15,645,675,630,638873
401,2009-04-21,625,5,590,630,585,613254
400,2009-04-22,660,35,630,670,625,859260
399,2009-04-23,665,5,660,705,650,1834247
395,2009-04-24,670,5,670,715,660,909460
394,2009-04-27,660,10,675,695,650,632360
393,2009-04-28,585,75,650,670,565,674064
392,2009-04-29,605,20,585,650,585,552184
391,2009-04-30,630,25,610,645,610,365440
388,2009-05-04,640,10,620,660,620,265640
387,2009-05-06,620,20,630,650,620,577959
386,2009-05-07,605,15,620,635,580,1067684
385,2009-05-08,605,0,615,625,600,304572
384,2009-05-11,625,20,620,630,605,828026
380,2009-05-12,715,90,625,715,615,2022130
379,2009-05-13,775,60,735,820,735,4217390
378,2009-05-14,685,90,760,775,660,2633860
377,2009-05-15,700,15,705,730,680,3096990
376,2009-05-18,680,20,710,720,625,2303130
373,2009-05-19,680,0,695,700,660,1060672
372,2009-05-20,680,0,695,695,670,640727
371,2009-05-21,655,25,685,690,640,819822
370,2009-05-22,650,5,675,675,625,1084165
369,2009-05-25,650,0,640,680,590,1307081
365,2009-05-26,640,10,670,670,625,1173004
364,2009-05-27,555,85,655,655,545,2561777
363,2009-05-28,555,0,570,570,535,506073
362,2009-05-29,565,10,565,595,555,439361
361,2009-06-01,590,25,580,595,570,377131
358,2009-06-02,570,20,590,610,570,491740
357,2009-06-03,565,5,575,575,550,825025
356,2009-06-04,555,10,565,565,545,604442
355,2009-06-05,545,10,555,555,520,655622
354,2009-06-08,570,25,550,580,540,699811
350,2009-06-09,575,5,575,585,560,598290
349,2009-06-10,600,25,585,605,580,725269
348,2009-06-11,595,5,600,620,585,535153
347,2009-06-12,570,25,595,600,570,424316
346,2009-06-15,575,5,570,590,560,382920
343,2009-06-16,585,10,575,585,560,249239
342,2009-06-17,595,10,585,595,570,300429
341,2009-06-18,635,40,630,680,630,7061258
340,2009-06-19,565,70,610,630,550,3003865
339,2009-06-22,555,10,565,565,540,846086
335,2009-06-23,560,5,550,600,550,669260
334,2009-06-24,550,10,570,570,550,353760
333,2009-06-25,560,10,550,565,540,485560
332,2009-06-26,560,0,560,575,540,873307
331,2009-06-29,565,5,565,590,560,638520
328,2009-06-30,560,5,580,585,555,560450
327,2009-07-01,560,0,555,565,550,303584
326,2009-07-02,575,15,570,615,560,1089940
325,2009-07-03,585,10,560,590,560,225972
324,2009-07-06,565,20,575,590,555,1003129
320,2009-07-07,555,10,565,565,545,844105
319,2009-07-08,480,75,555,555,475,6219075
318,2009-07-09,510,30,480,525,480,2177113
317,2009-07-10,510,0,505,510,490,1026354
316,2009-07-13,490,20,520,550,485,2167913
313,2009-07-14,490,0,505,510,490,416413
312,2009-07-15,490,0,490,510,475,916317
311,2009-07-16,500,10,500,510,490,546070
310,2009-07-17,505,5,505,510,490,373502
309,2009-07-20,500,5,510,510,495,395110
305,2009-07-21,510,10,505,520,480,1614470
304,2009-07-22,510,0,510,525,500,599319
303,2009-07-23,500,10,515,515,495,413529
302,2009-07-24,535,35,500,565,490,1457100
301,2009-07-27,530,5,540,540,515,688865
298,2009-07-28,565,35,520,600,515,2119178
297,2009-07-29,550,15,570,580,540,650468
296,2009-07-30,545,5,550,615,515,8667185
295,2009-07-31,540,5,570,570,535,794286
294,2009-08-03,530,10,540,540,520,426838
290,2009-08-04,540,10,540,545,515,1640747
289,2009-08-05,515,25,540,545,515,1418117
288,2009-08-06,525,10,515,530,515,1375537
287,2009-08-07,525,0,525,535,520,503280
286,2009-08-10,555,30,530,555,530,875830
283,2009-08-11,540,15,560,560,535,388160
282,2009-08-12,535,5,540,545,525,300808
281,2009-08-13,550,15,540,550,530,651590
280,2009-08-14,540,10,550,550,525,599428
279,2009-08-17,530,10,535,540,525,382970
275,2009-08-18,520,10,520,530,500,354720
274,2009-08-19,525,5,525,530,510,323357
273,2009-08-20,535,10,530,585,525,1794250
272,2009-08-21,525,10,540,550,520,514032
271,2009-08-24,490,35,525,525,450,2167288
268,2009-08-25,485,5,490,490,480,353320
267,2009-08-26,495,10,485,505,480,424951
266,2009-08-27,480,15,500,500,475,704836
265,2009-08-28,485,5,485,490,475,173816
264,2009-08-31,470,15,485,490,465,522387
260,2009-09-01,470,0,470,485,455,422560
259,2009-09-02,465,5,470,470,440,509695
258,2009-09-03,460,5,465,470,450,341800
257,2009-09-04,460,0,470,470,440,861680
256,2009-09-07,450,10,465,470,450,380972
253,2009-09-08,455,5,455,460,445,301131
252,2009-09-09,455,0,450,470,450,346979
251,2009-09-10,450,5,460,465,410,344118
250,2009-09-11,460,10,450,460,445,289808
249,2009-09-14,450,10,455,465,450,207820
245,2009-09-15,455,5,450,460,445,225830
244,2009-09-16,460,5,465,465,450,222551
243,2009-09-17,460,0,460,460,445,397629
242,2009-09-18,470,10,465,515,465,1792320
241,2009-09-21,480,10,480,490,465,457745
238,2009-09-22,485,5,480,490,465,325346
237,2009-09-23,475,10,490,490,470,555461
236,2009-09-24,485,10,485,485,465,578946
235,2009-09-25,485,0,510,530,485,2007530
234,2009-09-28,460,25,480,485,450,414490
230,2009-09-29,450,10,460,465,445,396028
229,2009-09-30,445,5,450,460,445,144530
228,2009-10-01,455,10,455,460,445,89480
227,2009-10-05,465,10,460,465,445,165140
226,2009-10-06,465,0,465,470,450,180550
223,2009-10-07,470,5,465,470,455,168418
222,2009-10-08,465,5,470,470,455,222728
221,2009-10-09,470,5,465,470,455,522790
220,2009-10-12,455,15,470,475,450,450142
219,2009-10-13,455,0,460,460,440,358810
215,2009-10-14,450,5,455,455,440,352353
214,2009-10-15,440,10,450,450,435,444801
213,2009-10-16,435,5,445,445,425,330650
212,2009-10-19,425,10,425,440,415,308320
211,2009-10-20,425,0,425,430,415,334110
208,2009-10-21,425,0,425,430,410,225063
207,2009-10-22,410,15,420,420,400,1042270
206,2009-10-23,410,0,410,415,405,216626
205,2009-10-26,405,5,410,415,405,105650
204,2009-10-27,400,5,400,405,390,275390
200,2009-10-28,375,25,395,400,350,532530
199,2009-10-29,365,10,370,375,345,366830
198,2009-10-30,405,40,365,410,365,964130
197,2009-11-02,390,15,400,405,380,284450
196,2009-11-03,385,5,385,400,380,241681
193,2009-11-04,385,0,380,395,380,239610
192,2009-11-05,390,5,385,390,380,199010
191,2009-11-06,390,0,395,400,380,261412
190,2009-11-09,390,0,390,395,380,128340
189,2009-11-10,385,5,385,395,375,289351
185,2009-11-11,380,5,385,385,370,172910
184,2009-11-12,370,10,375,375,365,454695
183,2009-11-13,365,5,365,380,360,327310
182,2009-11-16,360,5,370,375,360,119052
181,2009-11-17,355,5,365,365,350,321850
178,2009-11-18,345,10,355,365,340,408400
177,2009-11-19,365,20,345,380,345,321420
176,2009-11-20,360,5,365,370,355,132895
175,2009-11-23,370,10,360,380,350,252231
174,2009-11-24,425,55,375,425,370,3290812
170,2009-11-25,445,20,445,465,415,5637287
169,2009-11-26,470,25,445,470,425,3349889
168,2009-11-27,450,20,455,475,440,1784631
167,2009-11-30,465,15,465,480,445,1610358
166,2009-12-01,450,15,465,475,445,2902685
163,2009-12-02,480,30,460,490,455,2185903
162,2009-12-03,470,10,475,495,465,2149960
161,2009-12-04,535,65,470,535,470,2664258
160,2009-12-07,520,15,530,530,500,990950
159,2009-12-08,520,0,520,525,490,745412
155,2009-12-09,515,5,515,550,490,2420983
154,2009-12-10,530,15,515,530,495,939200
153,2009-12-11,530,0,515,540,505,1182134
152,2009-12-14,525,5,535,550,520,925451
151,2009-12-15,555,30,535,570,530,2137877
148,2009-12-16,580,25,565,585,550,1158198
147,2009-12-17,515,65,575,585,500,4049395
146,2009-12-18,530,15,505,530,505,871808
145,2009-12-21,485,45,525,525,470,1768508
144,2009-12-22,485,0,500,505,465,1443441
140,2009-12-23,470,15,485,485,460,889890
139,2009-12-24,495,25,470,495,460,906121
138,2009-12-28,500,5,495,525,480,2219171
137,2009-12-29,500,0,500,520,480,380892
136,2009-12-30,505,5,490,505,490,164164
133,2010-01-04,510,5,505,510,495,493380
132,2010-01-05,495,15,510,515,490,330023
131,2010-01-06,510,15,495,525,495,659601
130,2010-01-07,540,30,515,555,510,1138680
129,2010-01-08,550,10,530,570,530,930453
125,2010-01-11,540,10,550,555,515,628049
124,2010-01-12,535,5,530,540,520,440260
123,2010-01-13,535,0,545,545,520,292782
122,2010-01-14,525,10,525,540,510,434562
121,2010-01-15,510,15,520,540,510,769118
118,2010-01-18,560,50,520,575,520,1700450
117,2010-01-19,585,25,570,595,565,1979266
116,2010-01-20,605,20,585,620,585,1898867
115,2010-01-21,630,25,605,645,590,1478966
114,2010-01-22,625,5,630,640,610,907607
110,2010-01-25,715,90,615,715,615,2542080
109,2010-01-26,690,25,725,740,680,2602352
108,2010-01-27,695,5,710,725,650,1419896
107,2010-01-28,695,0,705,760,685,2731000
106,2010-01-29,655,40,695,695,630,1223190
103,2010-02-01,710,55,670,720,670,1528588
102,2010-02-02,680,30,710,720,660,1548147
101,2010-02-03,685,5,700,700,675,489540
100,2010-02-04,695,10,690,715,670,706989
99,2010-02-05,685,10,675,695,655,520104
95,2010-02-08,700,15,700,725,685,884821
94,2010-02-09,720,20,720,735,705,1043261
93,2010-02-10,690,30,720,720,675,763705
92,2010-02-11,695,5,670,720,670,412950
91,2010-02-12,710,15,695,720,665,2240720
88,2010-02-16,735,25,720,735,685,6018852
87,2010-02-17,720,15,730,760,670,6615238
86,2010-02-18,685,35,725,725,660,4539534
85,2010-02-19,620,65,660,680,585,5861755
84,2010-02-22,530,90,620,635,530,18799951
80,2010-02-23,600,70,520,605,505,23512020
79,2010-02-24,600,0,610,645,565,10599502
78,2010-02-25,555,45,590,600,550,2892794
77,2010-02-26,530,25,560,560,485,4303650
76,2010-03-02,520,10,540,555,505,3326746
73,2010-03-03,500,20,525,535,490,3522678
72,2010-03-04,485,15,500,510,475,2062521
71,2010-03-05,525,40,495,540,480,4361614
70,2010-03-08,600,75,540,600,535,7224089
69,2010-03-09,610,10,660,670,555,16734560
65,2010-03-10,590,20,605,650,565,17149388
64,2010-03-11,565,25,600,610,565,5551049
63,2010-03-12,540,25,570,590,540,6023000
62,2010-03-15,550,10,540,570,520,4979266
61,2010-03-16,630,80,555,630,535,16408995
58,2010-03-17,615,15,605,650,590,11143782
57,2010-03-18,620,5,615,655,605,7435521
56,2010-03-19,675,55,620,710,605,21767353
55,2010-03-22,620,55,675,680,575,17811065
54,2010-03-23,615,5,630,635,585,8779097
50,2010-03-24,525,90,525,585,525,15122354
49,2010-03-25,450,75,450,450,450,1091195
48,2010-03-26,385,65,385,505,385,31148114
47,2010-03-29,385,0,0,0,0,0
46,2010-03-30,385,0,0,0,0,0
43,2010-03-31,385,0,0,0,0,0
42,2010-04-01,385,0,0,0,0,0
41,2010-04-02,385,0,0,0,0,0
40,2010-04-05,385,0,0,0,0,0
39,2010-04-06,385,0,0,0,0,0
35,2010-04-07,385,0,0,0,0,0
34,2010-04-08,385,0,0,0,0,0
33,2010-04-09,385,0,0,0,0,0
32,2010-04-12,385,0,0,0,0,0
31,2010-04-13,385,0,0,0,0,0
28,2010-04-14,385,0,0,0,0,0
27,2010-04-15,385,0,0,0,0,0
26,2010-04-16,385,0,0,0,0,0
25,2010-04-19,385,0,0,0,0,0
24,2010-04-20,385,0,0,0,0,0
20,2010-04-21,385,0,0,0,0,0
19,2010-04-22,385,0,0,0,0,0
18,2010-04-23,385,0,0,0,0,0
17,2010-04-26,385,0,0,0,0,0
16,2010-04-27,385,0,0,0,0,0
13,2010-04-28,385,0,0,0,0,0
12,2010-04-29,385,0,0,0,0,0
11,2010-04-30,385,0,0,0,0,0
10,2010-05-03,30,355,35,35,25,15981419
9,2010-05-04,25,5,30,30,25,7368662
5,2010-05-06,25,0,25,25,20,6677779
4,2010-05-07,25,0,25,25,20,7222568
3,2010-05-10,20,5,25,25,20,6504008
2,2010-05-11,15,5,20,20,15,7713251
