,date,close,diff,open,high,low,volume
448,2019-08-16,2560,70,2440,2660,2440,48755
447,2019-08-19,2620,60,2565,2630,2560,22623
446,2019-08-20,2630,10,2620,2700,2620,36748
445,2019-08-21,2610,20,2630,2685,2595,52396
444,2019-08-22,2700,90,2610,2710,2580,55106
440,2019-08-23,2720,20,2585,2720,2585,19970
439,2019-08-26,2660,60,2675,2700,2600,14782
438,2019-08-27,2620,40,2660,2675,2620,5586
437,2019-08-28,2670,50,2600,2720,2600,11367
436,2019-08-29,2675,5,2700,2720,2630,29907
433,2019-08-30,2825,150,2675,2850,2675,81231
432,2019-09-02,2810,15,2845,2845,2780,15583
431,2019-09-03,2835,25,2810,2850,2770,24348
430,2019-09-04,2840,5,2835,2880,2790,20463
429,2019-09-05,2785,55,2840,2850,2775,33066
425,2019-09-06,2740,45,2785,2790,2690,41228
424,2019-09-09,2750,10,2740,2800,2725,7814
423,2019-09-10,2760,10,2800,2800,2745,8457
422,2019-09-11,2860,100,2770,2870,2745,21866
421,2019-09-16,3015,155,2885,3100,2885,130512
418,2019-09-17,3190,175,3025,3200,2985,69696
417,2019-09-18,3180,10,3190,3230,3145,63474
416,2019-09-19,3000,180,3230,3230,2960,139653
415,2019-09-20,3030,30,3000,3060,2940,19457
414,2019-09-23,3155,125,3005,3180,3005,60312
410,2019-09-24,3385,230,3250,3395,3185,219575
409,2019-09-25,3365,20,3395,3455,3315,119769
408,2019-09-26,3375,10,3365,3435,3320,61489
407,2019-09-27,3215,160,3355,3395,3180,55114
406,2019-09-30,3450,235,3210,3465,3205,137921
403,2019-10-01,3360,90,3450,3455,3340,83594
402,2019-10-02,3225,135,3255,3430,3135,115672
401,2019-10-04,3130,95,3225,3265,3085,80243
400,2019-10-07,3115,15,3130,3255,3065,65201
399,2019-10-08,3190,75,3115,3245,3075,53562
395,2019-10-10,3400,210,3130,3420,3130,125364
394,2019-10-11,3465,65,3400,3515,3345,161531
393,2019-10-14,3615,150,3465,3615,3440,230954
392,2019-10-15,3745,130,3615,3750,3540,187796
391,2019-10-16,3900,155,3735,3900,3735,170363
388,2019-10-17,3750,150,3935,3940,3705,150790
387,2019-10-18,3690,60,3750,3870,3635,78590
386,2019-10-21,3860,170,3650,3910,3650,147299
385,2019-10-22,3855,5,3930,3930,3740,80460
384,2019-10-23,3740,115,3850,3850,3600,96458
380,2019-10-24,3650,90,3765,3765,3600,75105
379,2019-10-25,3760,110,3650,3820,3530,97812
378,2019-10-28,3680,80,3760,3880,3635,49529
377,2019-10-29,3615,65,3605,3680,3590,33774
376,2019-10-30,3745,130,3615,3750,3585,73075
373,2019-10-31,3650,95,3745,3745,3620,42962
372,2019-11-01,3610,40,3600,3750,3600,28780
371,2019-11-04,3625,15,3595,3725,3550,66479
370,2019-11-05,3515,110,3590,3665,3515,41279
369,2019-11-06,3600,85,3515,3640,3510,52177
365,2019-11-07,3600,0,3630,3630,3545,12424
364,2019-11-08,3615,15,3590,3655,3560,26150
363,2019-11-11,3665,50,3700,3730,3605,53206
362,2019-11-12,3750,85,3600,3780,3585,88728
361,2019-11-13,3795,45,3750,3810,3725,47784
358,2019-11-14,3860,65,3795,3875,3690,66887
357,2019-11-15,3780,80,3840,3840,3750,48271
356,2019-11-18,3735,45,3760,3830,3710,47890
355,2019-11-19,3745,10,3735,3760,3715,29000
354,2019-11-20,3605,140,3760,3760,3385,30382
350,2019-11-21,3500,105,3565,3575,3385,53047
349,2019-11-22,3520,20,3515,3520,3445,78261
348,2019-11-25,3580,60,3520,3580,3460,36454
347,2019-11-26,3570,10,3590,3590,3500,35376
346,2019-11-27,3580,10,3570,3580,3450,41336
343,2019-11-28,3565,15,3580,3585,3435,18545
342,2019-11-29,3555,10,3500,3560,3445,43579
341,2019-12-02,3500,55,3555,3560,3450,25551
340,2019-12-03,3460,40,3500,3540,3305,117930
339,2019-12-04,3380,80,3460,3460,3290,51770
335,2019-12-05,3250,130,3370,3380,3225,46897
334,2019-12-06,3295,45,3265,3300,3225,22881
333,2019-12-09,3140,155,3265,3265,3140,53396
332,2019-12-10,3150,10,3155,3195,3085,45529
331,2019-12-11,3075,75,3150,3150,3065,28538
328,2019-12-12,3150,75,3085,3150,3085,54219
327,2019-12-13,3235,85,3150,3235,3150,16007
326,2019-12-16,3090,145,3235,3275,3080,64335
325,2019-12-17,3140,50,3090,3145,3085,41407
324,2019-12-18,3120,20,3180,3180,3110,6859
320,2019-12-19,3125,5,3190,3195,3105,14537
319,2019-12-20,3125,0,3130,3175,3120,3025
318,2019-12-23,3145,20,3165,3165,3100,33112
317,2019-12-24,3270,125,3145,3290,3140,72848
316,2019-12-26,3250,20,3280,3280,3225,17230
313,2019-12-27,3270,20,3250,3275,3185,14691
312,2019-12-30,3270,0,3300,3305,3260,11767
311,2020-01-02,3365,95,3270,3370,3270,44535
310,2020-01-03,3425,60,3300,3480,3300,39921
309,2020-01-06,3335,90,3425,3425,3310,22596
305,2020-01-07,3285,50,3325,3410,3190,61259
304,2020-01-08,3115,170,3285,3285,3115,32643
303,2020-01-09,3210,95,3160,3430,3070,76310
302,2020-01-10,3295,85,3175,3300,3175,27162
301,2020-01-13,3430,135,3325,3880,3225,458434
298,2020-01-14,3445,15,3425,3465,3395,57490
297,2020-01-15,3445,0,3405,3460,3400,14216
296,2020-01-16,3440,5,3470,3470,3405,23202
295,2020-01-17,3420,20,3360,3430,3340,38385
294,2020-01-20,3300,120,3440,3440,3300,60173
290,2020-01-21,3250,50,3270,3340,3245,20744
289,2020-01-22,3345,95,3230,3390,3230,13159
288,2020-01-23,3575,230,3350,3675,3345,315727
287,2020-01-28,3625,50,3500,3625,3350,137492
286,2020-01-29,3630,5,3625,3705,3570,86524
283,2020-01-30,3575,55,3610,3680,3440,82160
282,2020-01-31,3310,265,3550,3550,3200,133004
281,2020-02-03,3195,115,3250,3250,3105,106006
280,2020-02-04,3225,30,3205,3255,3150,46022
279,2020-02-05,3255,30,3180,3255,3175,25776
275,2020-02-06,3395,140,3340,3400,3255,103248
274,2020-02-07,3345,50,3390,3390,3335,29979
273,2020-02-10,3345,0,3320,3380,3300,21943
272,2020-02-11,3500,155,3345,3530,3335,126844
271,2020-02-12,3520,20,3500,3525,3440,40344
268,2020-02-13,3475,45,3520,3520,3450,23557
267,2020-02-14,3275,200,3475,3580,3200,247958
266,2020-02-17,3275,0,3275,3325,3185,109271
265,2020-02-18,3180,95,3260,3290,3165,65196
264,2020-02-19,3160,20,3180,3220,3115,40599
260,2020-02-20,3145,15,3200,3200,3065,74124
259,2020-02-21,3100,45,3170,3170,3040,44797
258,2020-02-24,2870,230,2970,3025,2870,94811
257,2020-02-25,2880,10,2920,2955,2850,54332
256,2020-02-26,2875,5,2870,2890,2840,33649
253,2020-02-27,2790,85,2875,2900,2750,43179
252,2020-02-28,2650,140,2790,2800,2605,46827
251,2020-03-02,2705,55,2650,2830,2600,38699
250,2020-03-03,2750,45,2805,2805,2670,28572
249,2020-03-04,2770,20,2750,2800,2715,25961
245,2020-03-05,2795,25,2800,2850,2770,36440
244,2020-03-06,2740,55,2770,2820,2730,12928
243,2020-03-09,2655,85,2705,2745,2640,20345
242,2020-03-10,2660,5,2600,2670,2510,28908
241,2020-03-11,2595,65,2675,2695,2525,32073
238,2020-03-12,2430,165,2495,2640,2365,45868
237,2020-03-13,2390,40,2205,2445,1965,90430
236,2020-03-16,2190,200,2425,2445,2155,64641
235,2020-03-17,2030,160,2190,2190,1955,171827
234,2020-03-18,1925,105,2090,2120,1890,154594
230,2020-03-19,1585,340,1895,2000,1480,142438
229,2020-03-20,1610,25,1600,1680,1525,180844
228,2020-03-23,1390,220,1555,1555,1370,145124
227,2020-03-24,1455,65,1400,1475,1380,157290
226,2020-03-25,1590,135,1540,1590,1505,101359
223,2020-03-26,1745,155,1585,1895,1565,202764
222,2020-03-27,1770,25,1790,1900,1665,156090
221,2020-03-30,1710,60,1710,1765,1685,104157
220,2020-03-31,1750,40,1730,1790,1700,185232
219,2020-04-01,1750,0,1740,1820,1690,229526
215,2020-04-02,1780,30,1750,1780,1655,164687
214,2020-04-03,1865,85,1810,1945,1760,249729
213,2020-04-06,1935,70,1910,1945,1865,236082
212,2020-04-07,1935,0,1985,2030,1900,218955
211,2020-04-08,2130,195,1940,2340,1905,536893
208,2020-04-09,2170,40,2145,2285,2080,235664
207,2020-04-10,2275,105,2300,2360,2150,403235
206,2020-04-13,2140,135,2275,2285,2100,148215
205,2020-04-14,2155,15,2135,2180,2120,134582
204,2020-04-16,2095,60,2135,2145,2075,93819
200,2020-04-17,2145,50,2110,2205,2110,267538
199,2020-04-20,2130,15,2150,2180,2120,201996
198,2020-04-21,2095,35,2125,2125,2005,119706
197,2020-04-22,2145,50,2040,2150,2000,137425
196,2020-04-23,2175,30,2145,2190,2095,212556
193,2020-04-24,2160,15,2185,2400,2115,1086993
192,2020-04-27,2355,195,2500,2545,2315,1559248
191,2020-04-28,2280,75,2350,2350,2200,283509
190,2020-04-29,2290,10,2270,2320,2225,170322
189,2020-05-04,2210,80,2260,2290,2170,125832
185,2020-05-06,2200,10,2230,2255,2180,158984
184,2020-05-07,2210,10,2200,2215,2185,121412
183,2020-05-08,2230,20,2210,2265,2200,164569
182,2020-05-11,2155,75,2240,2260,2150,174739
181,2020-05-12,2075,80,2150,2180,2040,198718
178,2020-05-13,2065,10,2075,2080,2015,93587
177,2020-05-14,2010,55,2045,2135,2005,110745
176,2020-05-15,2035,25,2065,2065,2000,82381
175,2020-05-18,2015,20,2040,2040,1970,133023
174,2020-05-19,2100,85,2020,2130,2020,244721
170,2020-05-20,2120,20,2100,2140,2035,104960
169,2020-05-21,2155,35,2165,2185,2130,132627
168,2020-05-22,2150,5,2175,2210,2085,161298
167,2020-05-25,2155,5,2130,2160,2100,52755
166,2020-05-26,2200,45,2150,2235,2130,145820
163,2020-05-27,2185,15,2200,2225,2160,101250
162,2020-05-28,2160,25,2200,2225,2115,116154
161,2020-05-29,2120,40,2160,2160,2085,84665
160,2020-06-01,2150,30,2120,2160,2120,62102
159,2020-06-02,2210,60,2155,2245,2140,149654
155,2020-06-03,2300,90,2220,2350,2215,430669
154,2020-06-04,2270,30,2310,2355,2240,237363
153,2020-06-05,2285,15,2260,2290,2210,67596
152,2020-06-08,2285,0,2285,2330,2245,109051
151,2020-06-09,2245,40,2310,2310,2230,97761
148,2020-06-10,2205,40,2230,2255,2190,54068
147,2020-06-11,2170,35,2210,2270,2160,31201
146,2020-06-12,2095,75,2065,2110,1995,122658
145,2020-06-15,1975,120,2095,2095,1975,153072
144,2020-06-16,2060,85,2060,2090,1990,82884
140,2020-06-17,2050,10,2030,2100,2025,22000
139,2020-06-18,2065,15,2100,2100,2005,24109
138,2020-06-19,2085,20,2125,2130,2045,29876
137,2020-06-22,1990,95,2085,2100,1985,101709
136,2020-06-23,2035,45,2050,2050,1985,53533
133,2020-06-24,1990,45,2020,2045,1960,96293
132,2020-06-25,1950,40,1940,1980,1935,47774
131,2020-06-26,1980,30,1935,2000,1920,90512
130,2020-06-29,1930,50,1980,1980,1915,39894
129,2020-06-30,1940,10,1930,1980,1900,66443
125,2020-07-01,1930,10,1950,1980,1930,36821
124,2020-07-02,1965,35,1970,1970,1930,40538
123,2020-07-03,1975,10,1980,1980,1930,37201
122,2020-07-06,2000,25,1995,2000,1930,40197
121,2020-07-07,1965,35,2040,2040,1960,36209
118,2020-07-08,1935,30,1965,2020,1930,35211
117,2020-07-09,1965,30,1965,1965,1935,15128
116,2020-07-10,1930,35,1950,1970,1920,21407
115,2020-07-13,1995,65,1930,2005,1930,69465
114,2020-07-14,1985,10,2000,2000,1970,32806
110,2020-07-15,2110,125,2000,2390,2000,1415528
109,2020-07-16,2060,50,2085,2110,2050,191864
108,2020-07-17,2215,155,2085,2235,2065,346360
107,2020-07-20,2525,310,2400,2875,2395,12007027
106,2020-07-21,2435,90,2535,2535,2350,1730859
103,2020-07-22,2295,140,2410,2430,2275,822677
102,2020-07-23,2325,30,2295,2330,2210,608905
101,2020-07-24,2270,55,2270,2345,2210,338649
100,2020-07-27,2220,50,2275,2290,2215,244312
99,2020-07-28,2170,50,2250,2255,2135,358355
95,2020-07-29,2195,25,2190,2230,2170,141178
94,2020-07-30,2280,85,2200,2315,2200,350861
93,2020-07-31,2255,25,2290,2320,2255,208011
92,2020-08-03,2195,60,2280,2280,2175,127889
91,2020-08-04,2245,50,2200,2265,2170,129388
88,2020-08-05,2405,160,2240,2420,2225,807177
87,2020-08-06,2520,115,2360,2535,2340,1375711
86,2020-08-07,2530,10,2540,2660,2470,1361338
85,2020-08-10,2695,165,2515,2940,2505,7039760
84,2020-08-11,2610,85,2730,2735,2570,815344
80,2020-08-12,2530,80,2570,2595,2450,326486
79,2020-08-13,2610,80,2525,2685,2515,408137
78,2020-08-14,2490,120,2660,2660,2485,376308
77,2020-08-18,2265,225,2455,2490,2240,388234
76,2020-08-19,2330,65,2305,2360,2265,145201
73,2020-08-20,2230,100,2360,2360,2190,162120
72,2020-08-21,2235,5,2235,2280,2150,150538
71,2020-08-24,2235,0,2235,2260,2140,101877
70,2020-08-25,2320,85,2235,2350,2205,132811
69,2020-08-26,2295,25,2320,2330,2220,106444
65,2020-08-27,2230,65,2285,2285,2205,152468
64,2020-08-28,2465,235,2210,2515,2210,665572
63,2020-08-31,2520,55,2560,2690,2510,894368
62,2020-09-01,2530,10,2530,2560,2485,181048
61,2020-09-02,2420,110,2570,2570,2410,211071
58,2020-09-03,2465,45,2425,2470,2410,105719
57,2020-09-04,2450,15,2335,2450,2330,157014
56,2020-09-07,2450,0,2450,2500,2410,121150
55,2020-09-08,2380,70,2450,2470,2370,124594
54,2020-09-09,2340,40,2360,2420,2330,155026
50,2020-09-10,2430,90,2355,2440,2355,77322
49,2020-09-11,2410,20,2450,2450,2350,98821
48,2020-09-14,2550,140,2415,2655,2405,635077
47,2020-09-15,2650,100,2710,3285,2600,10565544
46,2020-09-16,2815,165,2650,2885,2620,1728885
43,2020-09-17,2755,60,2745,2900,2665,1033959
42,2020-09-18,2810,55,2760,2875,2750,593743
41,2020-09-21,2905,95,2985,3055,2815,1667323
40,2020-09-22,3100,195,2915,3160,2830,2767962
39,2020-09-23,2980,120,3100,3110,2960,912399
35,2020-09-24,2745,235,2930,2930,2630,816719
34,2020-09-25,2700,45,2800,2815,2540,426193
33,2020-09-28,2735,35,2700,2800,2690,179330
32,2020-09-29,2840,105,2735,2850,2710,264553
31,2020-10-05,3030,190,2890,3095,2820,1042177
28,2020-10-06,2960,70,3005,3060,2930,395012
27,2020-10-07,2960,0,2960,3020,2920,255887
26,2020-10-08,2955,5,2970,3050,2930,227614
25,2020-10-12,2920,35,2960,3020,2890,206995
24,2020-10-13,2880,40,2935,2950,2810,324737
20,2020-10-14,2900,20,2860,3000,2860,225139
19,2020-10-15,2855,45,2945,2945,2765,339451
18,2020-10-16,2790,65,2830,2850,2730,186383
17,2020-10-19,2750,40,2735,2815,2710,117083
16,2020-10-20,2715,35,2750,2755,2620,255402
13,2020-10-21,2700,15,2755,2765,2670,74222
12,2020-10-22,2660,40,2720,2720,2640,93022
11,2020-10-23,2785,125,2720,2880,2655,245837
10,2020-10-26,2775,10,2840,2840,2755,165922
9,2020-10-27,2920,145,2750,2950,2705,473941
5,2020-10-28,2885,35,2950,2960,2865,188587
4,2020-10-29,2840,45,2850,2890,2820,168642
3,2020-10-30,2660,180,2840,2850,2645,467110
2,2020-11-02,2675,15,2640,2730,2635,102898
1,2020-11-03,2690,15,2680,2750,2650,80477
