,date,close,diff,open,high,low,volume
448,2019-08-16,43700,700,44000,44700,42850,30405
447,2019-08-19,43050,650,44350,44350,42750,31214
446,2019-08-20,44600,1550,43100,45450,43100,36787
445,2019-08-21,47050,2450,44350,47050,44200,37668
444,2019-08-22,46350,700,47050,47200,46300,41738
440,2019-08-23,45700,650,45600,46950,45400,16614
439,2019-08-26,42500,3200,44500,44950,42500,54647
438,2019-08-27,43200,700,43300,43800,42250,19108
437,2019-08-28,44650,1450,43200,44850,42250,42777
436,2019-08-29,44400,250,44750,45000,43800,30847
433,2019-08-30,45450,1050,45000,45950,44750,32467
432,2019-09-02,45750,300,44800,45850,44400,26605
431,2019-09-03,45500,250,45350,46750,44900,34759
430,2019-09-04,46200,700,45100,46650,44900,25673
429,2019-09-05,46200,0,46100,46700,45850,24299
425,2019-09-06,45200,1000,46400,46400,45100,23099
424,2019-09-09,44500,700,45200,45900,44050,18222
423,2019-09-10,43400,1100,44500,44650,43200,36852
422,2019-09-11,43800,400,43400,44350,43400,30881
421,2019-09-16,44150,350,44300,44450,43750,28726
418,2019-09-17,45350,1200,44150,45800,43900,81150
417,2019-09-18,44500,850,45500,45700,44400,44764
416,2019-09-19,44000,500,44500,45450,43650,32028
415,2019-09-20,44450,450,44100,44500,43550,35996
414,2019-09-23,43700,750,44150,44300,43650,24416
410,2019-09-24,43750,50,43300,44900,42900,36984
409,2019-09-25,42000,1750,43500,43800,41600,66593
408,2019-09-26,43150,1150,42200,44300,42200,53953
407,2019-09-27,42550,600,43200,43250,41900,31880
406,2019-09-30,42350,200,42300,42500,41550,29236
403,2019-10-01,43300,950,42000,43800,42000,56566
402,2019-10-02,42600,700,42950,43450,42600,18719
401,2019-10-04,42500,100,42600,43250,41900,23377
400,2019-10-07,42600,100,42600,43300,42200,37789
399,2019-10-08,42800,200,42300,42900,42200,30418
395,2019-10-10,42450,350,42750,42900,42150,22002
394,2019-10-11,43200,750,42750,44950,42750,72692
393,2019-10-14,44250,1050,44100,44800,43400,41933
392,2019-10-15,46300,2050,44150,46550,44150,61405
391,2019-10-16,47200,900,46300,47750,46300,43039
388,2019-10-17,46250,950,47200,47200,46100,24589
387,2019-10-18,45600,650,46300,46600,44900,45450
386,2019-10-21,44900,700,45300,45900,44800,22856
385,2019-10-22,45050,150,45050,46200,44600,43046
384,2019-10-23,45900,850,45000,46100,44850,40871
380,2019-10-24,45100,800,45950,46050,44300,34266
379,2019-10-25,44650,450,45100,45500,44550,17344
378,2019-10-28,45950,1300,45850,46650,45500,43497
377,2019-10-29,45400,550,46250,46400,45100,38589
376,2019-10-30,45350,50,45150,45400,44750,27893
373,2019-10-31,46750,1400,45500,47200,45500,65911
372,2019-11-01,46800,50,46750,47100,46050,36210
371,2019-11-04,46750,50,47050,47350,46300,35512
370,2019-11-05,47250,500,46750,47400,46300,41317
369,2019-11-06,47550,300,47500,49250,47350,84097
365,2019-11-07,47200,350,47350,47900,47100,32852
364,2019-11-08,46650,550,47400,47800,46600,30175
363,2019-11-11,46600,50,46500,47300,46400,29582
362,2019-11-12,46900,300,46550,47000,46150,20619
361,2019-11-13,47100,200,47000,47650,46200,46421
358,2019-11-14,48750,1650,47150,50100,47150,163516
357,2019-11-15,49150,400,48900,49600,48300,62408
356,2019-11-18,51700,2550,49150,51900,48900,116049
355,2019-11-19,51100,600,52200,52200,50400,75245
354,2019-11-20,53100,2000,51200,54000,51200,128647
350,2019-11-21,54000,900,53300,54500,52600,76562
349,2019-11-22,53900,100,53800,54200,52900,37487
348,2019-11-25,54000,100,54200,54900,52600,48108
347,2019-11-26,54000,0,54300,54500,52900,41822
346,2019-11-27,54300,300,54100,54300,53500,30000
343,2019-11-28,54300,0,54300,54700,53800,20546
342,2019-11-29,53300,1000,54600,54600,53000,30173
341,2019-12-02,53700,400,53100,54300,53100,25347
340,2019-12-03,53200,500,53200,53800,52100,27795
339,2019-12-04,53300,100,52700,53500,52000,19357
335,2019-12-05,53400,100,53500,55400,52800,49671
334,2019-12-06,54300,900,53800,54800,53800,26090
333,2019-12-09,55100,800,54900,55200,54100,24637
332,2019-12-10,54900,200,55100,55300,54400,22006
331,2019-12-11,55400,500,55300,56000,54900,29580
328,2019-12-12,56200,800,55500,56600,55200,49302
327,2019-12-13,55900,300,56700,57700,55800,46833
326,2019-12-16,56000,100,55900,56700,54900,28252
325,2019-12-17,57900,1900,56200,58300,55300,52008
324,2019-12-18,57400,500,57400,58100,57100,19759
320,2019-12-19,60000,2600,58000,60000,57700,78402
319,2019-12-20,59600,400,60100,60300,59000,49877
318,2019-12-23,59000,600,59600,59800,58700,39347
317,2019-12-24,59300,300,58800,59700,58700,31493
316,2019-12-26,59600,300,59600,59700,58200,78318
313,2019-12-27,53600,600,54300,54300,52600,78471
312,2019-12-30,54000,400,53600,54100,52900,35842
311,2020-01-02,53800,200,57300,58300,53800,107273
310,2020-01-03,55500,1700,54000,56100,53800,67557
309,2020-01-06,53000,2500,53700,55200,53000,43552
305,2020-01-07,53700,700,53800,54300,53100,30449
304,2020-01-08,52900,800,54000,54100,52000,60038
303,2020-01-09,54100,1200,53600,54700,53400,28898
302,2020-01-10,54100,0,54100,54400,53200,29815
301,2020-01-13,53800,300,54300,54600,53400,23152
298,2020-01-14,53100,700,53800,55100,53100,39103
297,2020-01-15,52000,1100,53300,53300,51600,53748
296,2020-01-16,52900,900,52000,53000,52000,21403
295,2020-01-17,52700,200,52900,53300,52300,19679
294,2020-01-20,51700,1000,52700,53000,51600,35607
290,2020-01-21,51500,200,51700,52400,51200,23638
289,2020-01-22,52500,1000,51500,52800,51500,18025
288,2020-01-23,51600,900,51900,52500,51300,28540
287,2020-01-28,50600,1000,50000,51100,49700,38983
286,2020-01-29,51300,700,50700,51300,50200,22275
283,2020-01-30,49600,1700,50800,51300,49600,33049
282,2020-01-31,48000,1600,50400,50500,48000,26307
281,2020-02-03,48150,150,46100,48600,46100,43480
280,2020-02-04,49750,1600,48150,49750,47650,21254
279,2020-02-05,49250,500,49800,50000,48650,20912
275,2020-02-06,50000,750,49900,50300,49350,21016
274,2020-02-07,49500,500,50000,50100,49200,21054
273,2020-02-10,49550,50,49050,49700,48450,14547
272,2020-02-11,49850,300,49050,50200,49050,14488
271,2020-02-12,49500,350,49500,50100,49150,14887
268,2020-02-13,49650,150,49450,50200,49100,29417
267,2020-02-14,49250,400,49500,49850,49150,16501
266,2020-02-17,48650,600,49500,49500,48450,28404
265,2020-02-18,47950,700,48600,48600,47950,29646
264,2020-02-19,50100,2150,48100,50400,47950,48747
260,2020-02-20,50500,400,50000,51600,49900,38294
259,2020-02-21,48100,2400,49900,50400,47750,50298
258,2020-02-24,45250,2850,47000,47900,45200,50977
257,2020-02-25,46200,950,45700,46300,45000,39480
256,2020-02-26,46300,100,45900,46650,44900,41050
253,2020-02-27,45850,450,46050,47650,45800,39370
252,2020-02-28,43950,1900,45650,45700,43250,41177
251,2020-03-02,45550,1600,43950,45900,43000,45078
250,2020-03-03,46350,800,46050,47450,46050,41209
249,2020-03-04,46950,600,46500,47450,45700,22800
245,2020-03-05,47350,400,47600,48200,46700,31593
244,2020-03-06,46750,600,46900,47500,46200,22150
243,2020-03-09,44350,2400,46000,46200,44350,36406
242,2020-03-10,45850,1500,44250,46100,44150,47617
241,2020-03-11,43850,2000,45450,46200,43400,52189
238,2020-03-12,47350,3500,45450,51000,44000,456445
237,2020-03-13,41350,6000,46150,46300,38300,190953
236,2020-03-16,42400,1050,43700,46100,42050,244098
235,2020-03-17,44650,2250,41700,47700,40500,226589
234,2020-03-18,40200,4450,46800,46900,40000,163755
230,2020-03-19,33950,6250,41800,42600,30650,207075
229,2020-03-20,36550,2600,35250,36550,34000,144915
228,2020-03-23,33550,3000,33150,34700,33050,120935
227,2020-03-24,36100,2550,34550,36300,33950,88299
226,2020-03-25,38800,2700,37950,38800,36100,140826
223,2020-03-26,38950,150,39550,41800,37900,197027
222,2020-03-27,45300,6350,47300,48500,43050,379300
221,2020-03-30,46700,1400,49150,49900,46050,143428
220,2020-03-31,45600,1100,48000,48000,44900,151427
219,2020-04-01,42800,2800,45700,45750,42800,105888
215,2020-04-02,42650,150,42750,44350,41700,68580
214,2020-04-03,42750,100,42550,43050,42000,53683
213,2020-04-06,44150,1400,43400,44350,42900,69324
212,2020-04-07,44600,450,44650,44900,43550,78502
211,2020-04-08,45200,600,44700,52000,44000,323197
208,2020-04-09,45600,400,45550,46800,44700,64924
207,2020-04-10,45800,200,45600,46350,44950,62504
206,2020-04-13,45200,600,45800,47050,45200,81900
205,2020-04-14,45450,250,45250,46100,45000,53852
204,2020-04-16,44450,1000,45000,45000,43600,62257
200,2020-04-17,45000,550,44850,45450,44450,68169
199,2020-04-20,47300,2300,50000,50300,46950,524613
198,2020-04-21,46400,900,47800,48150,45050,172763
197,2020-04-22,46400,0,46300,47200,45100,95484
196,2020-04-23,49300,2900,47350,50800,46600,315016
193,2020-04-24,48250,1050,48750,49000,47600,140484
192,2020-04-27,48800,550,49000,49550,48100,109779
191,2020-04-28,49250,450,49050,49750,48350,113241
190,2020-04-29,48500,750,49350,49500,48500,70253
189,2020-05-04,46950,1550,47500,47800,46900,77878
185,2020-05-06,48200,1250,47300,48300,47100,71024
184,2020-05-07,48300,100,48500,48750,47600,48138
183,2020-05-08,49800,1500,48300,53100,48200,296902
182,2020-05-11,51400,1600,52900,53200,51000,310556
181,2020-05-12,51800,400,51200,52500,50400,115876
178,2020-05-13,51500,300,50600,51800,50600,64278
177,2020-05-14,52500,1000,51500,52800,51200,137843
176,2020-05-15,54300,1800,53500,55300,52600,197562
175,2020-05-18,53000,1300,54700,54800,53000,97357
174,2020-05-19,52900,100,53300,54100,51800,98452
170,2020-05-20,52900,0,52500,53600,52400,50938
169,2020-05-21,53000,100,53400,53800,52100,98205
168,2020-05-22,51400,1600,54000,54000,51000,106567
167,2020-05-25,51900,500,51500,52400,51100,52486
166,2020-05-26,51900,0,52100,52200,51300,59464
163,2020-05-27,50600,1300,51700,51800,50100,94189
162,2020-05-28,48800,1800,50800,50800,48000,113352
161,2020-05-29,48600,200,48750,50100,48600,74182
160,2020-06-01,51000,2400,49200,51000,48700,74869
159,2020-06-02,52000,1000,51100,52400,50700,74041
155,2020-06-03,51000,1000,52300,52300,50700,66092
154,2020-06-04,52500,1500,51000,52700,50800,157141
153,2020-06-05,52000,500,53200,53300,51600,113927
152,2020-06-08,51900,100,52600,52600,50800,86621
151,2020-06-09,52300,400,52100,52700,51000,89849
148,2020-06-10,53100,800,52800,53100,52000,119192
147,2020-06-11,53700,600,54000,56100,53100,403694
146,2020-06-12,52200,1500,51000,53500,50200,213981
145,2020-06-15,49000,3200,51800,53600,48900,182680
144,2020-06-16,52800,3800,50500,52800,50200,138807
140,2020-06-17,54200,1400,55800,56500,51700,422245
139,2020-06-18,53000,1200,56400,56600,53000,256611
138,2020-06-19,53100,100,54000,54000,52200,91315
137,2020-06-22,52000,1100,52900,53000,51600,95159
136,2020-06-23,54100,2100,52500,54500,51900,248745
133,2020-06-24,53500,600,55200,56000,53200,236315
132,2020-06-25,52800,700,52300,53200,52200,79829
131,2020-06-26,54500,1700,53300,55100,52700,207821
130,2020-06-29,52700,1800,54500,56400,52600,220958
129,2020-06-30,54400,1700,53800,54800,52900,184648
125,2020-07-01,54200,200,55500,56000,53800,169427
124,2020-07-02,58400,4200,55200,59000,54700,437150
123,2020-07-03,58600,200,58800,58900,56800,223855
122,2020-07-06,62000,3400,59000,63200,58400,410473
121,2020-07-07,62000,0,64000,69300,60300,733172
118,2020-07-08,58600,3400,62000,63400,58500,288716
117,2020-07-09,59300,700,58100,59600,57100,142186
116,2020-07-10,57000,2300,60000,60500,56600,157225
115,2020-07-13,57900,900,57500,58000,56300,85808
114,2020-07-14,56700,1200,57700,58200,56400,74986
110,2020-07-15,56600,100,57000,57300,55800,81219
109,2020-07-16,56200,400,56400,57300,55700,58396
108,2020-07-17,56200,0,56300,56500,55000,49734
107,2020-07-20,54600,1600,56100,56100,53600,114972
106,2020-07-21,58200,3600,55000,58400,54600,180814
103,2020-07-22,59400,1200,60800,61300,58700,235900
102,2020-07-23,60000,600,59700,60100,58200,155535
101,2020-07-24,60500,500,67600,69600,60000,670941
100,2020-07-27,59600,900,60400,60800,59100,100148
99,2020-07-28,59100,500,60200,60200,58700,78541
95,2020-07-29,61000,1900,58600,61400,58500,138211
94,2020-07-30,61200,200,61200,62700,61000,109998
93,2020-07-31,60300,900,62500,62500,60300,253426
92,2020-08-03,58300,2000,59800,60000,57000,177358
91,2020-08-04,58200,100,58500,58900,57700,81706
88,2020-08-05,61500,3300,58500,61500,58500,237351
87,2020-08-06,60600,900,61800,62000,60100,138926
86,2020-08-07,61300,700,60900,62500,60500,161048
85,2020-08-10,60300,1000,61500,61500,59800,98113
84,2020-08-11,61000,700,60300,61200,59700,80243
80,2020-08-12,62200,1200,60400,62400,60400,191002
79,2020-08-13,63400,1200,62500,64100,61000,319153
78,2020-08-14,62700,700,64800,65200,61500,204490
77,2020-08-18,60500,2200,63000,64300,60300,210946
76,2020-08-19,66900,6400,60700,66900,60700,436012
73,2020-08-20,64400,2500,66500,66700,62000,309426
72,2020-08-21,63300,1100,64500,66400,62200,191471
71,2020-08-24,65900,2600,63100,66000,62500,184242
70,2020-08-25,67700,1800,66800,69800,66200,322097
69,2020-08-26,69400,1700,68000,69500,66400,190462
65,2020-08-27,69300,100,69400,69800,67700,160115
64,2020-08-28,70600,1300,70300,72600,69600,205918
63,2020-08-31,72400,1800,70600,72700,70300,164171
62,2020-09-01,75900,3500,73300,76300,71300,208417
61,2020-09-02,72800,3100,76300,77400,72500,204261
58,2020-09-03,72600,200,72900,73400,70400,186770
57,2020-09-04,71700,900,70000,72600,69700,133480
56,2020-09-07,70900,800,71700,72400,70600,90139
55,2020-09-08,69200,1700,70900,71000,68500,165628
54,2020-09-09,67300,1900,67900,68800,67200,118163
50,2020-09-10,68300,1000,67700,68500,67300,85016
49,2020-09-11,68700,400,68300,73000,66500,325145
48,2020-09-14,68500,200,69400,69400,68000,51555
47,2020-09-15,69700,1200,68600,69700,68100,64048
46,2020-09-16,69800,100,70000,71500,68900,87513
43,2020-09-17,68000,1800,69800,69800,67500,78502
42,2020-09-18,67000,1000,67800,68400,66600,53532
41,2020-09-21,65500,1500,67100,67100,65200,82381
40,2020-09-22,64600,900,66000,67500,62800,135476
39,2020-09-23,63400,1200,65200,69000,61500,121097
35,2020-09-24,60100,3300,61900,62100,60000,89535
34,2020-09-25,59600,500,60000,61400,59300,60421
33,2020-09-28,61400,1800,60100,61800,59700,50886
32,2020-09-29,62100,700,61700,62300,61000,57533
31,2020-10-05,64000,1900,62100,64200,61600,61143
28,2020-10-06,63700,300,64100,64400,63100,37986
27,2020-10-07,64100,400,63400,64300,62900,34454
26,2020-10-08,65100,1000,64500,65100,63000,97692
25,2020-10-12,63900,1200,65500,65700,63200,89320
24,2020-10-13,63000,900,64500,64500,62600,38940
20,2020-10-14,62200,800,62900,63600,61900,71501
19,2020-10-15,60000,2200,61700,62400,59100,93150
18,2020-10-16,58700,1300,60100,60800,57200,101592
17,2020-10-19,58900,200,59800,61000,58900,67154
16,2020-10-20,60200,1300,59100,60500,57600,59986
13,2020-10-21,60500,300,60200,60900,59400,35642
12,2020-10-22,58400,2100,60100,60100,58400,55510
11,2020-10-23,58700,300,58900,59200,57600,46805
10,2020-10-26,55200,3500,58900,59000,55200,124702
9,2020-10-27,55500,300,55200,56400,54300,67495
5,2020-10-28,56400,900,55000,56400,54800,60448
4,2020-10-29,57200,800,55000,57300,54900,55046
3,2020-10-30,56000,1200,57500,57700,55800,46075
2,2020-11-02,56300,300,57100,57100,56000,59267
1,2020-11-03,57200,900,56500,58600,56500,84634
